# T   LUA LFA RUA RFA LT  LS  RT  RS  
-0.312 0.007 0.011 -0.950 0.726 0.000 -0.674 0.136 0.989 0.000 0.018 -0.146 0.742 0.000 -0.622 -0.251 0.904 0.000 -0.067 -0.423 0.672 0.000 -0.636 -0.380 0.972 0.000 -0.057 0.229 0.686 0.000 -0.703 0.187 0.971 0.000 0.155 0.185 
-0.314 0.009 0.010 -0.949 0.725 0.000 -0.675 0.136 0.989 0.000 0.018 -0.144 0.743 0.000 -0.622 -0.245 0.906 -0.000 -0.068 -0.418 0.671 0.000 -0.639 -0.376 0.970 0.000 -0.069 0.231 0.691 0.000 -0.700 0.180 0.967 -0.000 0.152 0.204 
-0.317 0.012 0.010 -0.948 0.724 0.000 -0.676 0.136 0.990 0.000 0.017 -0.143 0.745 0.000 -0.623 -0.239 0.908 0.000 -0.068 -0.413 0.670 0.000 -0.642 -0.372 0.969 -0.000 -0.079 0.233 0.695 0.000 -0.698 0.172 0.963 0.000 0.150 0.226 
-0.320 0.014 0.010 -0.947 0.724 0.000 -0.677 0.135 0.990 0.000 0.016 -0.142 0.747 0.000 -0.623 -0.233 0.911 0.000 -0.069 -0.406 0.669 -0.000 -0.646 -0.367 0.968 0.000 -0.088 0.233 0.698 0.000 -0.697 0.162 0.957 0.000 0.147 0.251 
-0.325 0.017 0.010 -0.946 0.723 0.000 -0.677 0.134 0.990 0.000 0.015 -0.141 0.749 0.000 -0.622 -0.228 0.915 -0.000 -0.067 -0.398 0.667 -0.000 -0.650 -0.363 0.968 0.000 -0.095 0.234 0.701 0.000 -0.698 0.150 0.950 -0.000 0.144 0.278 
-0.330 0.019 0.010 -0.944 0.723 0.000 -0.678 0.132 0.990 -0.000 0.014 -0.140 0.750 -0.000 -0.623 -0.221 0.919 0.000 -0.064 -0.389 0.666 0.000 -0.655 -0.357 0.967 0.000 -0.101 0.235 0.703 0.000 -0.698 0.137 0.942 0.000 0.139 0.306 
-0.336 0.021 0.010 -0.942 0.723 0.000 -0.679 0.129 0.990 0.000 0.013 -0.139 0.752 0.000 -0.623 -0.215 0.924 0.000 -0.060 -0.379 0.664 0.000 -0.661 -0.351 0.966 0.000 -0.106 0.235 0.703 0.000 -0.700 0.124 0.933 0.000 0.134 0.334 
-0.341 0.023 0.010 -0.940 0.723 0.000 -0.679 0.127 0.990 0.000 0.012 -0.139 0.753 -0.000 -0.623 -0.210 0.928 0.000 -0.057 -0.368 0.662 -0.000 -0.666 -0.344 0.966 0.000 -0.111 0.235 0.704 0.000 -0.702 0.108 0.923 0.000 0.127 0.363 
-0.346 0.025 0.009 -0.938 0.724 0.000 -0.679 0.124 0.990 -0.000 0.012 -0.139 0.755 -0.000 -0.623 -0.205 0.933 -0.000 -0.053 -0.356 0.660 0.000 -0.672 -0.336 0.966 0.000 -0.112 0.234 0.704 0.000 -0.704 0.093 0.913 0.000 0.120 0.390 
-0.352 0.027 0.009 -0.936 0.724 0.000 -0.679 0.120 0.990 0.000 0.012 -0.140 0.756 0.000 -0.623 -0.201 0.938 0.000 -0.050 -0.343 0.658 0.000 -0.678 -0.328 0.966 0.000 -0.112 0.234 0.703 -0.000 -0.707 0.077 0.903 0.000 0.109 0.416 
-0.358 0.028 0.009 -0.933 0.725 -0.000 -0.679 0.116 0.990 0.000 0.011 -0.142 0.757 0.000 -0.623 -0.195 0.942 0.000 -0.045 -0.331 0.655 0.000 -0.685 -0.317 0.967 0.000 -0.110 0.232 0.702 -0.000 -0.709 0.061 0.892 0.000 0.097 0.441 
-0.365 0.028 0.009 -0.931 0.726 0.000 -0.678 0.111 0.990 -0.000 0.011 -0.144 0.758 0.000 -0.623 -0.191 0.947 -0.000 -0.041 -0.318 0.653 0.000 -0.691 -0.310 0.967 0.000 -0.106 0.233 0.701 0.000 -0.712 0.043 0.882 0.000 0.080 0.465 
-0.372 0.028 0.009 -0.928 0.728 0.000 -0.677 0.106 0.989 0.000 0.009 -0.145 0.759 0.000 -0.624 -0.188 0.952 0.000 -0.035 -0.306 0.648 0.000 -0.698 -0.303 0.967 0.000 -0.100 0.234 0.699 0.000 -0.715 0.025 0.872 0.000 0.061 0.486 
-0.378 0.029 0.009 -0.925 0.730 0.000 -0.676 0.102 0.989 -0.000 0.007 -0.149 0.760 0.000 -0.624 -0.182 0.956 0.000 -0.031 -0.293 0.646 0.000 -0.705 -0.291 0.968 0.000 -0.094 0.233 0.697 0.000 -0.717 0.009 0.862 0.000 0.043 0.505 
-0.385 0.030 0.009 -0.923 0.731 0.000 -0.675 0.097 0.988 0.000 0.005 -0.153 0.761 0.000 -0.624 -0.179 0.959 -0.000 -0.026 -0.281 0.643 0.000 -0.712 -0.282 0.969 0.000 -0.088 0.232 0.695 -0.000 -0.719 -0.010 0.853 0.000 0.023 0.522 
-0.389 0.031 0.009 -0.921 0.732 0.000 -0.675 0.094 0.988 -0.000 0.004 -0.157 0.761 -0.000 -0.625 -0.174 0.963 0.000 -0.023 -0.268 0.640 0.000 -0.721 -0.266 0.970 0.000 -0.079 0.229 0.694 0.000 -0.720 -0.026 0.845 0.000 0.005 0.535 
-0.396 0.030 0.009 -0.918 0.734 0.000 -0.673 0.089 0.987 0.000 0.002 -0.163 0.762 0.000 -0.625 -0.170 0.967 0.000 -0.017 -0.255 0.639 0.000 -0.725 -0.259 0.971 -0.000 -0.074 0.229 0.692 0.000 -0.720 -0.046 0.838 0.000 -0.017 0.546 
-0.400 0.030 0.008 -0.916 0.736 0.000 -0.671 0.086 0.986 0.000 -0.000 -0.169 0.762 0.000 -0.626 -0.166 0.970 -0.000 -0.015 -0.242 0.636 -0.000 -0.732 -0.245 0.972 0.000 -0.063 0.228 0.691 0.000 -0.720 -0.062 0.832 0.000 -0.037 0.554 
-0.404 0.029 0.008 -0.914 0.739 0.000 -0.669 0.082 0.985 0.000 -0.002 -0.174 0.762 0.000 -0.627 -0.162 0.973 0.000 -0.013 -0.230 0.635 0.000 -0.736 -0.234 0.972 0.000 -0.057 0.227 0.690 0.000 -0.719 -0.082 0.826 0.000 -0.057 0.560 
-0.408 0.028 0.008 -0.912 0.742 0.000 -0.666 0.077 0.984 0.000 -0.004 -0.180 0.761 0.000 -0.629 -0.158 0.976 -0.000 -0.008 -0.218 0.634 0.000 -0.740 -0.225 0.973 0.000 -0.050 0.227 0.688 0.000 -0.718 -0.102 0.822 0.000 -0.076 0.564 
-0.411 0.026 0.007 -0.911 0.745 0.000 -0.663 0.072 0.982 0.000 -0.007 -0.187 0.760 0.000 -0.631 -0.154 0.978 0.000 -0.005 -0.207 0.634 0.000 -0.743 -0.216 0.973 0.000 -0.045 0.226 0.687 0.000 -0.716 -0.124 0.818 0.000 -0.098 0.567 
-0.415 0.024 0.007 -0.909 0.748 0.000 -0.661 0.067 0.981 0.000 -0.009 -0.194 0.759 0.000 -0.633 -0.149 0.981 0.000 -0.003 -0.196 0.634 0.000 -0.746 -0.206 0.973 -0.000 -0.041 0.225 0.686 0.000 -0.713 -0.145 0.815 0.000 -0.119 0.567 
-0.419 0.022 0.007 -0.908 0.751 0.000 -0.658 0.060 0.980 0.000 -0.012 -0.199 0.759 0.000 -0.635 -0.143 0.982 0.000 -0.000 -0.186 0.634 0.000 -0.748 -0.197 0.974 0.000 -0.036 0.224 0.686 0.000 -0.709 -0.165 0.813 0.000 -0.140 0.566 
-0.423 0.020 0.006 -0.906 0.754 0.000 -0.654 0.056 0.978 0.000 -0.015 -0.207 0.758 0.000 -0.638 -0.137 0.984 0.000 0.003 -0.177 0.635 0.000 -0.750 -0.185 0.975 0.000 -0.030 0.222 0.685 0.000 -0.705 -0.184 0.811 0.000 -0.161 0.562 
-0.426 0.018 0.006 -0.904 0.757 0.000 -0.652 0.051 0.977 0.000 -0.017 -0.215 0.757 0.000 -0.640 -0.131 0.986 0.000 0.004 -0.167 0.636 0.000 -0.752 -0.173 0.975 0.000 -0.026 0.219 0.685 0.000 -0.700 -0.203 0.811 0.000 -0.182 0.556 
-0.431 0.017 0.005 -0.902 0.759 0.000 -0.649 0.047 0.975 -0.000 -0.020 -0.222 0.756 0.000 -0.643 -0.124 0.987 0.000 0.010 -0.159 0.637 -0.000 -0.754 -0.161 0.976 0.000 -0.021 0.216 0.684 0.000 -0.696 -0.219 0.812 0.000 -0.200 0.548 
-0.434 0.014 0.004 -0.901 0.762 0.000 -0.646 0.043 0.973 0.000 -0.023 -0.231 0.754 -0.000 -0.646 -0.117 0.988 0.000 0.013 -0.151 0.639 -0.000 -0.755 -0.147 0.977 0.000 -0.016 0.212 0.682 0.000 -0.693 -0.236 0.813 0.000 -0.218 0.540 
-0.438 0.013 0.003 -0.899 0.765 0.000 -0.643 0.038 0.971 0.000 -0.027 -0.239 0.753 0.000 -0.649 -0.109 0.989 -0.000 0.017 -0.146 0.640 -0.000 -0.756 -0.135 0.978 0.000 -0.012 0.209 0.681 0.000 -0.688 -0.250 0.816 0.000 -0.233 0.528 
-0.443 0.011 0.002 -0.896 0.768 0.000 -0.640 0.034 0.968 -0.000 -0.030 -0.248 0.753 0.000 -0.651 -0.102 0.990 -0.000 0.017 -0.139 0.642 0.000 -0.757 -0.125 0.978 0.000 -0.008 0.207 0.681 0.000 -0.683 -0.265 0.820 -0.000 -0.247 0.516 
-0.448 0.009 0.001 -0.894 0.770 0.000 -0.637 0.030 0.966 0.000 -0.034 -0.257 0.751 0.000 -0.653 -0.093 0.991 0.000 0.020 -0.134 0.644 0.000 -0.757 -0.115 0.979 0.000 -0.006 0.206 0.680 -0.000 -0.679 -0.277 0.826 0.000 -0.257 0.502 
-0.452 0.006 -0.000 -0.892 0.772 0.000 -0.635 0.025 0.963 -0.000 -0.034 -0.266 0.750 0.000 -0.656 -0.086 0.992 0.000 0.022 -0.128 0.646 0.000 -0.756 -0.105 0.979 -0.000 -0.003 0.206 0.679 -0.000 -0.676 -0.288 0.832 0.000 -0.265 0.487 
-0.457 0.005 -0.001 -0.889 0.774 0.000 -0.632 0.021 0.961 0.000 -0.038 -0.276 0.749 0.000 -0.658 -0.077 0.992 0.000 0.025 -0.123 0.647 -0.000 -0.757 -0.096 0.979 0.000 0.004 0.205 0.679 0.000 -0.671 -0.298 0.840 -0.000 -0.271 0.470 
-0.462 0.003 -0.001 -0.887 0.776 0.000 -0.630 0.016 0.958 -0.000 -0.041 -0.285 0.748 0.000 -0.660 -0.069 0.993 0.000 0.026 -0.118 0.647 0.000 -0.757 -0.088 0.979 -0.000 0.010 0.205 0.678 0.000 -0.668 -0.308 0.847 -0.000 -0.274 0.456 
-0.467 0.001 -0.003 -0.884 0.779 0.000 -0.627 0.013 0.954 0.000 -0.045 -0.295 0.747 0.000 -0.662 -0.060 0.993 0.000 0.027 -0.115 0.649 -0.000 -0.757 -0.076 0.979 0.000 0.015 0.203 0.677 -0.000 -0.665 -0.314 0.857 0.000 -0.274 0.436 
-0.471 -0.001 -0.004 -0.882 0.781 0.000 -0.625 0.009 0.951 0.000 -0.048 -0.305 0.746 0.000 -0.664 -0.052 0.993 -0.000 0.029 -0.111 0.649 0.000 -0.757 -0.068 0.979 0.000 0.021 0.202 0.678 0.000 -0.661 -0.321 0.866 0.000 -0.273 0.418 
-0.475 -0.003 -0.005 -0.880 0.783 -0.000 -0.622 0.003 0.948 0.000 -0.052 -0.313 0.745 0.000 -0.666 -0.043 0.994 0.000 0.030 -0.108 0.650 0.000 -0.757 -0.058 0.979 0.000 0.028 0.200 0.677 0.000 -0.660 -0.327 0.877 0.000 -0.268 0.399 
-0.479 -0.005 -0.005 -0.878 0.785 -0.000 -0.619 0.001 0.944 0.000 -0.055 -0.324 0.744 0.000 -0.668 -0.034 0.994 0.000 0.032 -0.107 0.650 0.000 -0.758 -0.048 0.979 0.000 0.036 0.199 0.677 0.000 -0.657 -0.332 0.887 0.000 -0.262 0.381 
-0.483 -0.006 -0.006 -0.876 0.786 0.000 -0.618 -0.002 0.940 0.000 -0.057 -0.336 0.743 -0.000 -0.669 -0.026 0.994 0.000 0.033 -0.105 0.650 0.000 -0.759 -0.039 0.980 0.000 0.043 0.196 0.677 0.000 -0.654 -0.337 0.896 0.000 -0.254 0.364 
-0.486 -0.007 -0.005 -0.874 0.787 0.000 -0.616 -0.004 0.936 0.000 -0.059 -0.348 0.742 0.000 -0.670 -0.019 0.994 0.000 0.035 -0.104 0.649 0.000 -0.760 -0.031 0.980 0.000 0.052 0.194 0.677 0.000 -0.651 -0.343 0.906 0.000 -0.245 0.346 
-0.491 -0.009 -0.006 -0.871 0.789 0.000 -0.615 -0.007 0.931 0.000 -0.061 -0.360 0.741 0.000 -0.671 -0.010 0.994 -0.000 0.036 -0.102 0.649 -0.000 -0.761 -0.022 0.980 0.000 0.060 0.191 0.678 0.000 -0.650 -0.343 0.916 0.000 -0.232 0.327 
-0.494 -0.010 -0.005 -0.869 0.789 -0.000 -0.614 -0.010 0.926 0.000 -0.063 -0.372 0.741 -0.000 -0.672 -0.002 0.994 0.000 0.037 -0.102 0.648 0.000 -0.762 -0.014 0.980 0.000 0.068 0.189 0.678 -0.000 -0.648 -0.348 0.925 -0.000 -0.219 0.310 
-0.497 -0.011 -0.005 -0.868 0.790 0.000 -0.612 -0.012 0.921 0.000 -0.065 -0.384 0.740 0.000 -0.672 0.005 0.994 -0.000 0.037 -0.101 0.647 0.000 -0.763 -0.006 0.979 -0.000 0.076 0.187 0.678 0.000 -0.646 -0.350 0.934 0.000 -0.204 0.293 
-0.500 -0.011 -0.004 -0.866 0.790 0.000 -0.612 -0.013 0.916 -0.000 -0.067 -0.396 0.740 -0.000 -0.672 0.012 0.994 0.000 0.038 -0.101 0.646 0.000 -0.764 0.002 0.979 0.000 0.083 0.185 0.678 0.000 -0.645 -0.352 0.943 0.000 -0.186 0.275 
-0.503 -0.011 -0.003 -0.864 0.791 0.000 -0.612 -0.016 0.911 0.000 -0.069 -0.407 0.741 0.000 -0.672 0.019 0.994 0.000 0.039 -0.100 0.644 0.000 -0.765 0.011 0.979 -0.000 0.092 0.181 0.678 0.000 -0.645 -0.353 0.952 0.000 -0.166 0.258 
-0.506 -0.011 -0.002 -0.863 0.791 0.000 -0.612 -0.019 0.906 -0.000 -0.071 -0.417 0.741 -0.000 -0.671 0.026 0.994 0.000 0.040 -0.101 0.642 0.000 -0.766 0.020 0.979 0.000 0.100 0.177 0.678 0.000 -0.644 -0.354 0.960 0.000 -0.144 0.241 
-0.508 -0.010 -0.001 -0.861 0.791 0.000 -0.612 -0.022 0.901 0.000 -0.073 -0.427 0.741 0.000 -0.671 0.033 0.994 0.000 0.041 -0.101 0.640 0.000 -0.767 0.029 0.979 0.000 0.107 0.173 0.678 0.000 -0.644 -0.354 0.967 0.000 -0.120 0.223 
-0.510 -0.010 0.001 -0.860 0.791 -0.000 -0.612 -0.026 0.897 -0.000 -0.074 -0.437 0.742 0.000 -0.669 0.039 0.994 0.000 0.041 -0.100 0.639 0.000 -0.769 0.038 0.978 0.000 0.118 0.172 0.678 0.000 -0.644 -0.355 0.974 0.000 -0.097 0.206 
-0.513 -0.008 0.003 -0.858 0.790 0.000 -0.613 -0.029 0.892 0.000 -0.075 -0.446 0.743 0.000 -0.668 0.046 0.994 0.000 0.042 -0.101 0.637 0.000 -0.770 0.047 0.979 0.000 0.123 0.166 0.679 0.000 -0.643 -0.355 0.978 -0.000 -0.073 0.193 
-0.515 -0.007 0.005 -0.857 0.789 0.000 -0.614 -0.033 0.887 0.000 -0.075 -0.455 0.744 0.000 -0.666 0.052 0.994 0.000 0.042 -0.100 0.635 0.000 -0.771 0.056 0.978 -0.000 0.128 0.162 0.679 0.000 -0.642 -0.356 0.983 0.000 -0.049 0.178 
-0.517 -0.006 0.007 -0.856 0.788 0.000 -0.615 -0.037 0.883 0.000 -0.076 -0.463 0.746 0.000 -0.664 0.058 0.994 0.000 0.043 -0.102 0.633 0.000 -0.771 0.064 0.979 0.000 0.130 0.157 0.679 0.000 -0.642 -0.357 0.986 0.000 -0.025 0.162 
-0.520 -0.004 0.008 -0.854 0.786 0.000 -0.616 -0.041 0.878 0.000 -0.078 -0.472 0.746 0.000 -0.662 0.064 0.994 0.000 0.044 -0.101 0.633 0.000 -0.771 0.073 0.979 0.000 0.134 0.155 0.677 0.000 -0.645 -0.355 0.989 0.000 0.002 0.148 
-0.523 -0.003 0.010 -0.852 0.785 0.000 -0.618 -0.045 0.874 0.000 -0.078 -0.480 0.748 0.000 -0.661 0.070 0.994 0.000 0.044 -0.101 0.632 0.000 -0.771 0.081 0.979 -0.000 0.137 0.152 0.678 0.000 -0.644 -0.355 0.991 0.000 0.021 0.135 
-0.526 -0.001 0.012 -0.851 0.784 0.000 -0.619 -0.049 0.870 -0.000 -0.080 -0.486 0.748 -0.000 -0.659 0.076 0.994 -0.000 0.045 -0.101 0.632 0.000 -0.769 0.090 0.979 0.000 0.138 0.149 0.677 0.000 -0.645 -0.355 0.991 -0.000 0.041 0.125 
-0.529 0.000 0.014 -0.849 0.783 0.000 -0.620 -0.053 0.866 0.000 -0.082 -0.493 0.749 0.000 -0.657 0.082 0.994 -0.000 0.045 -0.101 0.633 0.000 -0.768 0.098 0.979 0.000 0.140 0.146 0.678 0.000 -0.643 -0.355 0.992 -0.000 0.054 0.116 
-0.533 0.002 0.015 -0.846 0.782 -0.000 -0.621 -0.057 0.863 0.000 -0.084 -0.499 0.750 0.000 -0.656 0.088 0.994 0.000 0.046 -0.101 0.634 -0.000 -0.766 0.106 0.979 0.000 0.140 0.145 0.680 0.000 -0.642 -0.354 0.992 -0.000 0.064 0.106 
-0.536 0.004 0.016 -0.844 0.781 0.000 -0.622 -0.061 0.860 0.000 -0.087 -0.503 0.750 -0.000 -0.655 0.093 0.994 0.000 0.047 -0.100 0.636 0.000 -0.763 0.114 0.980 0.000 0.141 0.143 0.682 0.000 -0.640 -0.353 0.992 0.000 0.070 0.102 
-0.540 0.005 0.017 -0.841 0.780 0.000 -0.623 -0.064 0.857 0.000 -0.089 -0.508 0.750 0.000 -0.654 0.099 0.994 0.000 0.047 -0.099 0.638 -0.000 -0.760 0.122 0.980 0.000 0.142 0.142 0.685 0.000 -0.638 -0.352 0.992 0.000 0.070 0.101 
-0.544 0.006 0.017 -0.839 0.779 0.000 -0.623 -0.067 0.854 0.000 -0.092 -0.511 0.750 0.000 -0.653 0.103 0.994 0.000 0.047 -0.098 0.640 -0.000 -0.758 0.130 0.979 0.000 0.144 0.141 0.687 0.000 -0.635 -0.353 0.992 -0.000 0.065 0.104 
-0.548 0.006 0.016 -0.836 0.779 0.000 -0.623 -0.070 0.853 0.000 -0.095 -0.514 0.749 0.000 -0.653 0.108 0.994 -0.000 0.047 -0.096 0.643 0.000 -0.754 0.139 0.979 0.000 0.146 0.139 0.689 0.000 -0.633 -0.353 0.992 0.000 0.058 0.109 
-0.551 0.006 0.016 -0.834 0.779 0.000 -0.623 -0.073 0.851 0.000 -0.099 -0.516 0.748 0.000 -0.654 0.112 0.994 0.000 0.047 -0.094 0.645 0.000 -0.750 0.147 0.979 0.000 0.149 0.138 0.690 0.000 -0.631 -0.355 0.992 0.000 0.049 0.119 
-0.555 0.006 0.014 -0.832 0.779 0.000 -0.623 -0.075 0.850 0.000 -0.101 -0.518 0.748 -0.000 -0.654 0.116 0.995 0.000 0.046 -0.092 0.648 0.000 -0.746 0.155 0.979 0.000 0.153 0.137 0.691 0.000 -0.630 -0.354 0.991 -0.000 0.039 0.127 
-0.558 0.006 0.013 -0.830 0.779 0.000 -0.623 -0.076 0.848 0.000 -0.105 -0.519 0.746 0.000 -0.655 0.119 0.995 0.000 0.046 -0.090 0.651 0.000 -0.742 0.163 0.977 0.000 0.160 0.138 0.692 -0.000 -0.630 -0.353 0.990 0.000 0.029 0.135 
-0.561 0.006 0.012 -0.828 0.779 0.000 -0.622 -0.079 0.848 0.000 -0.109 -0.519 0.745 0.000 -0.655 0.122 0.995 0.000 0.046 -0.088 0.653 0.000 -0.738 0.170 0.978 0.000 0.160 0.136 0.692 -0.000 -0.631 -0.350 0.990 0.000 0.022 0.142 
-0.564 0.007 0.011 -0.826 0.779 -0.000 -0.622 -0.079 0.848 -0.000 -0.112 -0.518 0.745 0.000 -0.656 0.125 0.995 0.000 0.046 -0.086 0.656 0.000 -0.734 0.176 0.977 0.000 0.163 0.137 0.692 -0.000 -0.633 -0.347 0.989 0.000 0.016 0.149 
-0.566 0.008 0.011 -0.824 0.778 0.000 -0.623 -0.079 0.847 0.000 -0.115 -0.518 0.744 0.000 -0.656 0.126 0.995 0.000 0.045 -0.084 0.658 0.000 -0.731 0.181 0.975 0.000 0.171 0.142 0.691 0.000 -0.635 -0.344 0.988 -0.000 0.010 0.154 
-0.567 0.008 0.010 -0.823 0.778 0.000 -0.623 -0.078 0.848 0.000 -0.118 -0.517 0.744 0.000 -0.656 0.127 0.996 -0.000 0.045 -0.081 0.657 0.000 -0.730 0.189 0.974 0.000 0.177 0.139 0.690 0.000 -0.639 -0.340 0.987 0.000 0.007 0.161 
-0.568 0.009 0.009 -0.823 0.778 -0.000 -0.623 -0.077 0.848 0.000 -0.121 -0.516 0.744 0.000 -0.656 0.128 0.996 0.000 0.044 -0.080 0.657 0.000 -0.728 0.193 0.972 0.000 0.184 0.143 0.689 0.000 -0.642 -0.337 0.986 0.000 0.002 0.168 
-0.569 0.009 0.008 -0.822 0.778 0.000 -0.624 -0.076 0.849 0.000 -0.122 -0.513 0.743 0.000 -0.656 0.129 0.996 0.000 0.044 -0.079 0.660 -0.000 -0.726 0.193 0.971 -0.000 0.185 0.154 0.687 0.000 -0.645 -0.334 0.985 0.000 -0.004 0.175 
-0.569 0.009 0.007 -0.823 0.778 0.000 -0.624 -0.074 0.851 -0.000 -0.124 -0.510 0.743 0.000 -0.657 0.129 0.996 0.000 0.044 -0.077 0.667 -0.000 -0.721 0.186 0.969 -0.000 0.175 0.172 0.687 0.000 -0.647 -0.332 0.983 0.000 -0.013 0.181 
-0.568 0.008 0.006 -0.823 0.778 0.000 -0.624 -0.072 0.854 0.000 -0.124 -0.506 0.742 0.000 -0.658 0.127 0.996 0.000 0.043 -0.076 0.671 0.000 -0.719 0.181 0.966 0.000 0.173 0.190 0.686 0.000 -0.650 -0.328 0.983 0.000 -0.021 0.184 
-0.566 0.008 0.005 -0.824 0.778 0.000 -0.624 -0.070 0.857 -0.000 -0.123 -0.501 0.742 0.000 -0.659 0.125 0.996 0.000 0.043 -0.075 0.674 0.000 -0.718 0.173 0.962 0.000 0.173 0.210 0.686 -0.000 -0.652 -0.323 0.982 0.000 -0.032 0.185 
-0.564 0.006 0.004 -0.826 0.779 -0.000 -0.624 -0.067 0.860 0.000 -0.122 -0.496 0.742 0.000 -0.660 0.122 0.996 0.000 0.042 -0.073 0.678 0.000 -0.717 0.164 0.958 -0.000 0.169 0.232 0.686 0.000 -0.654 -0.318 0.982 -0.000 -0.042 0.185 
-0.561 0.005 0.003 -0.828 0.779 -0.000 -0.624 -0.063 0.863 0.000 -0.120 -0.491 0.741 0.000 -0.661 0.119 0.996 0.000 0.041 -0.073 0.681 0.000 -0.716 0.153 0.953 0.000 0.165 0.255 0.686 -0.000 -0.657 -0.312 0.981 0.000 -0.052 0.185 
-0.557 0.003 0.001 -0.830 0.779 -0.000 -0.624 -0.060 0.867 0.000 -0.116 -0.484 0.740 0.000 -0.663 0.115 0.997 0.000 0.041 -0.072 0.685 0.000 -0.715 0.142 0.947 0.000 0.161 0.279 0.686 0.000 -0.660 -0.306 0.981 0.000 -0.060 0.184 
-0.553 0.002 -0.000 -0.833 0.780 0.000 -0.623 -0.057 0.872 0.000 -0.112 -0.477 0.739 0.000 -0.664 0.111 0.997 0.000 0.041 -0.072 0.687 -0.000 -0.715 0.128 0.939 -0.000 0.156 0.306 0.686 0.000 -0.663 -0.300 0.981 0.000 -0.070 0.183 
-0.548 0.000 -0.001 -0.836 0.780 0.000 -0.624 -0.054 0.877 0.000 -0.107 -0.469 0.739 -0.000 -0.665 0.106 0.997 0.000 0.040 -0.073 0.686 0.000 -0.718 0.115 0.930 -0.000 0.155 0.332 0.685 0.000 -0.667 -0.294 0.980 0.000 -0.077 0.182 
-0.543 -0.001 -0.002 -0.840 0.780 0.000 -0.624 -0.051 0.881 0.000 -0.102 -0.462 0.739 -0.000 -0.667 0.100 0.997 0.000 0.039 -0.074 0.687 0.000 -0.720 0.098 0.920 -0.000 0.148 0.362 0.683 0.000 -0.671 -0.288 0.980 0.000 -0.082 0.181 
-0.537 -0.003 -0.003 -0.843 0.779 0.000 -0.625 -0.048 0.886 0.000 -0.095 -0.454 0.739 0.000 -0.668 0.095 0.996 0.000 0.039 -0.076 0.686 0.000 -0.723 0.081 0.910 -0.000 0.139 0.391 0.681 0.000 -0.676 -0.281 0.980 0.000 -0.084 0.180 
-0.532 -0.004 -0.004 -0.847 0.779 0.000 -0.626 -0.045 0.891 0.000 -0.089 -0.446 0.739 0.000 -0.668 0.087 0.996 -0.000 0.037 -0.076 0.686 0.000 -0.725 0.065 0.899 0.000 0.127 0.418 0.679 0.000 -0.682 -0.273 0.980 0.000 -0.085 0.178 
-0.526 -0.005 -0.005 -0.851 0.778 0.000 -0.627 -0.041 0.895 0.000 -0.084 -0.438 0.739 0.000 -0.668 0.081 0.996 0.000 0.036 -0.080 0.685 0.000 -0.727 0.048 0.889 0.000 0.113 0.443 0.676 0.000 -0.688 -0.265 0.981 0.000 -0.083 0.177 
-0.519 -0.005 -0.004 -0.855 0.777 -0.000 -0.629 -0.039 0.900 0.000 -0.078 -0.429 0.741 0.000 -0.668 0.074 0.996 0.000 0.034 -0.081 0.683 0.000 -0.729 0.031 0.880 0.000 0.095 0.466 0.673 -0.000 -0.693 -0.258 0.981 0.000 -0.080 0.177 
-0.513 -0.006 -0.004 -0.858 0.776 0.000 -0.630 -0.036 0.905 -0.000 -0.072 -0.420 0.742 -0.000 -0.667 0.067 0.996 0.000 0.033 -0.084 0.682 0.000 -0.731 0.014 0.871 0.000 0.076 0.486 0.671 0.000 -0.699 -0.249 0.982 0.000 -0.076 0.176 
-0.506 -0.006 -0.004 -0.863 0.774 0.000 -0.632 -0.033 0.909 -0.000 -0.066 -0.411 0.743 -0.000 -0.667 0.060 0.996 0.000 0.030 -0.089 0.680 -0.000 -0.733 -0.001 0.863 -0.000 0.056 0.503 0.668 0.000 -0.704 -0.241 0.982 0.000 -0.072 0.175 
-0.500 -0.006 -0.004 -0.866 0.774 0.000 -0.633 -0.031 0.914 0.000 -0.062 -0.401 0.744 0.000 -0.666 0.053 0.995 0.000 0.029 -0.094 0.679 0.000 -0.734 -0.019 0.854 0.000 0.034 0.519 0.666 -0.000 -0.710 -0.231 0.982 0.000 -0.067 0.174 
-0.494 -0.006 -0.004 -0.869 0.772 0.000 -0.635 -0.029 0.919 0.000 -0.057 -0.391 0.746 0.000 -0.665 0.046 0.995 0.000 0.026 -0.099 0.677 0.000 -0.735 -0.037 0.847 0.000 0.011 0.532 0.663 -0.000 -0.715 -0.221 0.983 0.000 -0.062 0.173 
-0.489 -0.005 -0.003 -0.872 0.770 -0.000 -0.637 -0.027 0.923 0.000 -0.053 -0.381 0.748 0.000 -0.663 0.038 0.994 0.000 0.024 -0.104 0.676 0.000 -0.735 -0.057 0.840 0.000 -0.013 0.542 0.662 0.000 -0.719 -0.211 0.984 0.000 -0.056 0.170 
-0.485 -0.004 -0.001 -0.875 0.768 -0.000 -0.640 -0.025 0.927 0.000 -0.050 -0.371 0.750 0.000 -0.661 0.030 0.994 0.000 0.021 -0.110 0.673 -0.000 -0.735 -0.079 0.834 0.000 -0.037 0.551 0.661 0.000 -0.723 -0.201 0.984 0.000 -0.051 0.168 
-0.479 -0.003 0.000 -0.878 0.766 0.000 -0.643 -0.023 0.931 0.000 -0.047 -0.361 0.753 0.000 -0.657 0.022 0.993 0.000 0.018 -0.116 0.672 0.000 -0.734 -0.101 0.829 0.000 -0.063 0.556 0.660 0.000 -0.726 -0.192 0.985 -0.000 -0.045 0.167 
-0.474 -0.002 0.002 -0.881 0.763 0.000 -0.646 -0.021 0.935 0.000 -0.042 -0.351 0.756 -0.000 -0.654 0.013 0.992 -0.000 0.015 -0.122 0.670 0.000 -0.732 -0.120 0.825 0.000 -0.087 0.558 0.660 0.000 -0.729 -0.182 0.985 0.000 -0.040 0.165 
-0.469 0.000 0.004 -0.883 0.760 0.000 -0.649 -0.018 0.939 -0.000 -0.038 -0.341 0.759 0.000 -0.651 0.004 0.992 0.000 0.011 -0.128 0.668 0.000 -0.731 -0.140 0.822 0.000 -0.112 0.558 0.661 0.000 -0.731 -0.172 0.986 0.000 -0.034 0.162 
-0.464 0.002 0.006 -0.886 0.757 0.000 -0.653 -0.016 0.943 -0.000 -0.034 -0.332 0.763 0.000 -0.647 -0.005 0.991 0.000 0.008 -0.135 0.667 0.000 -0.727 -0.161 0.820 0.000 -0.137 0.556 0.662 0.000 -0.732 -0.163 0.987 0.000 -0.030 0.160 
-0.457 0.004 0.009 -0.889 0.754 0.000 -0.656 -0.014 0.946 -0.000 -0.029 -0.322 0.765 0.000 -0.643 -0.015 0.990 0.000 0.004 -0.141 0.666 0.000 -0.723 -0.182 0.819 -0.000 -0.163 0.551 0.663 0.000 -0.733 -0.155 0.987 -0.000 -0.027 0.157 
-0.452 0.006 0.011 -0.892 0.751 0.000 -0.660 -0.011 0.949 0.000 -0.026 -0.313 0.769 -0.000 -0.639 -0.024 0.989 0.000 0.001 -0.148 0.665 0.000 -0.719 -0.202 0.818 0.000 -0.186 0.544 0.665 0.000 -0.733 -0.146 0.988 0.000 -0.024 0.154 
-0.446 0.008 0.014 -0.895 0.749 0.000 -0.663 -0.008 0.953 -0.000 -0.021 -0.304 0.771 0.000 -0.636 -0.033 0.988 0.000 -0.003 -0.156 0.664 0.000 -0.715 -0.221 0.819 0.000 -0.210 0.535 0.665 -0.000 -0.733 -0.141 0.988 0.000 -0.021 0.155 
-0.439 0.010 0.016 -0.898 0.746 0.000 -0.666 -0.006 0.956 0.000 -0.017 -0.294 0.773 0.000 -0.632 -0.044 0.987 0.000 -0.007 -0.163 0.664 0.000 -0.709 -0.238 0.820 0.000 -0.230 0.524 0.665 0.000 -0.735 -0.133 0.988 0.000 -0.016 0.154 
-0.432 0.011 0.018 -0.901 0.743 0.000 -0.669 -0.002 0.958 0.000 -0.014 -0.285 0.776 0.000 -0.629 -0.053 0.985 0.000 -0.010 -0.171 0.663 0.000 -0.704 -0.254 0.823 0.000 -0.248 0.512 0.667 0.000 -0.734 -0.126 0.988 0.000 -0.014 0.152 
-0.427 0.014 0.020 -0.904 0.740 0.000 -0.672 0.001 0.961 0.000 -0.011 -0.275 0.778 0.000 -0.625 -0.062 0.984 0.000 -0.014 -0.179 0.662 0.000 -0.699 -0.271 0.826 0.000 -0.264 0.499 0.668 0.000 -0.735 -0.117 0.989 0.000 -0.010 0.150 
-0.421 0.016 0.021 -0.907 0.738 -0.000 -0.675 0.003 0.964 0.000 -0.008 -0.265 0.780 -0.000 -0.622 -0.070 0.982 -0.000 -0.017 -0.188 0.661 0.000 -0.694 -0.286 0.830 -0.000 -0.276 0.485 0.670 -0.000 -0.735 -0.107 0.989 0.000 -0.006 0.147 
-0.416 0.018 0.023 -0.909 0.735 0.000 -0.678 0.006 0.967 0.000 -0.005 -0.257 0.782 -0.000 -0.618 -0.079 0.980 0.000 -0.023 -0.198 0.659 0.000 -0.690 -0.300 0.834 0.000 -0.285 0.471 0.671 0.000 -0.735 -0.099 0.989 0.000 -0.002 0.145 
-0.410 0.020 0.025 -0.912 0.732 -0.000 -0.681 0.010 0.969 0.000 -0.004 -0.248 0.784 -0.000 -0.615 -0.086 0.978 0.000 -0.027 -0.207 0.658 0.000 -0.685 -0.313 0.841 0.000 -0.290 0.457 0.672 0.000 -0.735 -0.088 0.990 0.000 0.002 0.142 
-0.404 0.021 0.026 -0.914 0.730 -0.000 -0.683 0.014 0.971 0.000 -0.002 -0.239 0.785 0.000 -0.612 -0.094 0.976 0.000 -0.031 -0.217 0.658 0.000 -0.679 -0.325 0.846 0.000 -0.298 0.442 0.673 0.000 -0.735 -0.079 0.990 -0.000 0.006 0.140 
-0.399 0.023 0.027 -0.916 0.728 -0.000 -0.686 0.018 0.973 -0.000 0.000 -0.232 0.786 0.000 -0.609 -0.103 0.973 0.000 -0.036 -0.226 0.657 0.000 -0.675 -0.335 0.854 0.000 -0.297 0.427 0.674 -0.000 -0.735 -0.069 0.990 0.000 0.011 0.138 
-0.394 0.025 0.028 -0.918 0.725 0.000 -0.688 0.021 0.974 -0.000 0.002 -0.225 0.788 -0.000 -0.606 -0.110 0.971 0.000 -0.040 -0.236 0.657 0.000 -0.670 -0.346 0.861 -0.000 -0.299 0.412 0.675 0.000 -0.736 -0.059 0.991 0.000 0.016 0.136 
-0.389 0.026 0.029 -0.920 0.723 -0.000 -0.690 0.026 0.976 0.000 0.004 -0.218 0.788 0.000 -0.604 -0.119 0.969 0.000 -0.043 -0.244 0.656 0.000 -0.666 -0.355 0.868 0.000 -0.297 0.397 0.675 0.000 -0.736 -0.051 0.991 -0.000 0.021 0.134 
-0.384 0.027 0.030 -0.922 0.721 -0.000 -0.692 0.029 0.977 -0.000 0.004 -0.212 0.789 0.000 -0.601 -0.127 0.966 -0.000 -0.047 -0.253 0.656 0.000 -0.661 -0.363 0.876 0.000 -0.293 0.383 0.675 -0.000 -0.736 -0.042 0.991 -0.000 0.027 0.132 
-0.379 0.028 0.031 -0.924 0.719 0.000 -0.694 0.034 0.978 0.000 0.006 -0.206 0.789 0.000 -0.599 -0.136 0.964 0.000 -0.050 -0.261 0.656 0.000 -0.656 -0.372 0.884 -0.000 -0.288 0.369 0.677 0.000 -0.735 -0.034 0.991 0.000 0.030 0.130 
-0.374 0.029 0.031 -0.927 0.717 -0.000 -0.696 0.038 0.980 0.000 0.008 -0.201 0.789 -0.000 -0.597 -0.144 0.962 0.000 -0.053 -0.269 0.658 0.000 -0.652 -0.378 0.892 0.000 -0.280 0.354 0.677 0.000 -0.736 -0.025 0.991 -0.000 0.035 0.127 
-0.369 0.029 0.032 -0.928 0.716 0.000 -0.697 0.042 0.981 0.000 0.010 -0.195 0.789 -0.000 -0.596 -0.153 0.959 0.000 -0.055 -0.277 0.659 0.000 -0.646 -0.386 0.900 0.000 -0.272 0.340 0.677 0.000 -0.736 -0.017 0.991 -0.000 0.039 0.124 
-0.364 0.028 0.033 -0.930 0.715 0.000 -0.697 0.048 0.981 -0.000 0.010 -0.192 0.788 0.000 -0.594 -0.163 0.956 -0.000 -0.058 -0.286 0.660 0.000 -0.641 -0.392 0.909 0.000 -0.261 0.324 0.677 0.000 -0.736 -0.010 0.992 0.000 0.044 0.122 
-0.360 0.028 0.034 -0.932 0.714 0.000 -0.698 0.052 0.982 0.000 0.012 -0.188 0.788 0.000 -0.592 -0.171 0.954 -0.000 -0.060 -0.295 0.661 0.000 -0.637 -0.397 0.918 0.000 -0.248 0.310 0.677 0.000 -0.736 -0.002 0.992 0.000 0.049 0.120 
-0.355 0.027 0.034 -0.934 0.714 0.000 -0.698 0.058 0.983 0.000 0.013 -0.185 0.786 0.000 -0.591 -0.180 0.951 0.000 -0.063 -0.303 0.662 -0.000 -0.634 -0.400 0.926 0.000 -0.231 0.297 0.675 0.000 -0.738 0.006 0.992 0.000 0.054 0.117 
-0.351 0.025 0.035 -0.935 0.714 0.000 -0.698 0.062 0.983 0.000 0.015 -0.181 0.784 0.000 -0.591 -0.189 0.948 0.000 -0.064 -0.311 0.663 0.000 -0.631 -0.403 0.934 0.000 -0.214 0.285 0.674 0.000 -0.739 0.013 0.992 0.000 0.059 0.116 
-0.347 0.024 0.035 -0.937 0.714 -0.000 -0.697 0.066 0.984 0.000 0.017 -0.178 0.783 -0.000 -0.590 -0.197 0.946 0.000 -0.066 -0.319 0.663 0.000 -0.630 -0.405 0.943 0.000 -0.192 0.272 0.673 0.000 -0.739 0.020 0.991 0.000 0.063 0.114 
-0.343 0.022 0.035 -0.938 0.714 0.000 -0.697 0.071 0.984 -0.000 0.018 -0.176 0.781 0.000 -0.590 -0.205 0.943 0.000 -0.067 -0.327 0.663 -0.000 -0.628 -0.408 0.950 -0.000 -0.170 0.261 0.671 0.000 -0.741 0.027 0.991 0.000 0.068 0.112 
-0.341 0.019 0.035 -0.939 0.715 0.000 -0.695 0.075 0.985 0.000 0.019 -0.174 0.778 0.000 -0.591 -0.213 0.940 0.000 -0.067 -0.335 0.663 -0.000 -0.627 -0.410 0.958 0.000 -0.146 0.249 0.671 0.000 -0.741 0.033 0.991 0.000 0.069 0.112 
-0.338 0.016 0.036 -0.940 0.716 0.000 -0.694 0.078 0.985 0.000 0.020 -0.171 0.776 0.000 -0.590 -0.222 0.937 0.000 -0.068 -0.343 0.663 0.000 -0.625 -0.412 0.963 0.000 -0.124 0.239 0.670 0.000 -0.742 0.040 0.991 0.000 0.071 0.110 
-0.335 0.014 0.036 -0.941 0.716 0.000 -0.693 0.083 0.985 -0.000 0.021 -0.170 0.774 0.000 -0.590 -0.229 0.934 0.000 -0.068 -0.350 0.663 0.000 -0.624 -0.413 0.969 0.000 -0.098 0.228 0.669 -0.000 -0.742 0.048 0.991 -0.000 0.074 0.108 
-0.330 0.012 0.035 -0.943 0.717 -0.000 -0.692 0.088 0.986 -0.000 0.024 -0.168 0.771 0.000 -0.592 -0.236 0.932 0.000 -0.070 -0.357 0.661 0.000 -0.628 -0.411 0.974 0.000 -0.069 0.218 0.669 0.000 -0.741 0.058 0.992 0.000 0.074 0.106 
-0.328 0.008 0.034 -0.944 0.718 -0.000 -0.690 0.092 0.986 0.000 0.026 -0.166 0.768 0.000 -0.593 -0.244 0.929 -0.000 -0.069 -0.363 0.661 0.000 -0.627 -0.411 0.977 0.000 -0.045 0.208 0.669 0.000 -0.741 0.067 0.992 0.000 0.074 0.103 
-0.324 0.005 0.033 -0.945 0.720 0.000 -0.687 0.097 0.986 0.000 0.027 -0.165 0.764 0.000 -0.594 -0.250 0.927 0.000 -0.069 -0.369 0.661 0.000 -0.628 -0.411 0.980 0.000 -0.020 0.199 0.669 0.000 -0.739 0.076 0.992 0.000 0.072 0.100 
-0.322 0.002 0.032 -0.946 0.721 0.000 -0.685 0.101 0.986 0.000 0.028 -0.164 0.762 0.000 -0.595 -0.257 0.924 0.000 -0.067 -0.376 0.662 0.000 -0.627 -0.412 0.981 -0.000 0.000 0.192 0.669 0.000 -0.738 0.086 0.993 -0.000 0.073 0.097 
-0.320 -0.001 0.031 -0.947 0.723 0.000 -0.683 0.105 0.986 0.000 0.029 -0.162 0.759 0.000 -0.596 -0.263 0.922 0.000 -0.066 -0.382 0.662 0.000 -0.626 -0.413 0.983 0.000 0.019 0.185 0.669 0.000 -0.737 0.096 0.993 0.000 0.073 0.095 
-0.318 -0.003 0.031 -0.947 0.724 0.000 -0.682 0.109 0.987 0.000 0.030 -0.160 0.756 0.000 -0.598 -0.268 0.920 0.000 -0.064 -0.387 0.662 0.000 -0.625 -0.413 0.983 0.000 0.035 0.179 0.669 0.000 -0.736 0.107 0.993 0.000 0.075 0.092 
-0.316 -0.005 0.029 -0.948 0.724 0.000 -0.680 0.112 0.987 -0.000 0.031 -0.158 0.753 0.000 -0.599 -0.272 0.918 0.000 -0.064 -0.393 0.663 0.000 -0.625 -0.412 0.984 0.000 0.048 0.173 0.669 0.000 -0.734 0.118 0.993 0.000 0.077 0.089 
-0.313 -0.007 0.028 -0.949 0.725 0.000 -0.679 0.117 0.987 0.000 0.031 -0.156 0.751 0.000 -0.600 -0.277 0.916 -0.000 -0.064 -0.397 0.664 -0.000 -0.625 -0.411 0.984 0.000 0.057 0.168 0.669 0.000 -0.732 0.129 0.993 -0.000 0.080 0.086 
-0.311 -0.008 0.027 -0.950 0.726 0.000 -0.677 0.121 0.988 0.000 0.032 -0.154 0.749 0.000 -0.601 -0.280 0.914 0.000 -0.064 -0.401 0.666 0.000 -0.623 -0.410 0.985 0.000 0.059 0.164 0.669 0.000 -0.730 0.141 0.993 0.000 0.084 0.082 
-0.307 -0.008 0.026 -0.951 0.725 0.000 -0.677 0.125 0.988 0.000 0.032 -0.152 0.747 0.000 -0.602 -0.282 0.912 0.000 -0.065 -0.405 0.667 0.000 -0.624 -0.407 0.985 0.000 0.060 0.162 0.669 0.000 -0.727 0.152 0.993 0.000 0.089 0.079 
-0.304 -0.009 0.025 -0.952 0.725 -0.000 -0.676 0.128 0.988 -0.000 0.033 -0.150 0.745 0.000 -0.603 -0.285 0.911 0.000 -0.066 -0.408 0.670 -0.000 -0.622 -0.405 0.985 0.000 0.056 0.161 0.669 0.000 -0.725 0.163 0.993 0.000 0.094 0.076 
-0.301 -0.008 0.024 -0.953 0.724 0.000 -0.677 0.132 0.989 0.000 0.034 -0.147 0.744 0.000 -0.604 -0.287 0.910 0.000 -0.066 -0.410 0.670 0.000 -0.623 -0.402 0.985 0.000 0.052 0.163 0.670 0.000 -0.722 0.173 0.992 -0.000 0.100 0.074 
-0.298 -0.007 0.022 -0.954 0.724 0.000 -0.677 0.135 0.989 0.000 0.034 -0.144 0.742 0.000 -0.605 -0.288 0.909 0.000 -0.068 -0.411 0.671 0.000 -0.625 -0.399 0.985 0.000 0.047 0.168 0.671 0.000 -0.718 0.184 0.992 -0.000 0.106 0.071 
-0.296 -0.006 0.021 -0.955 0.723 0.000 -0.677 0.138 0.989 -0.000 0.034 -0.142 0.742 -0.000 -0.605 -0.289 0.908 -0.000 -0.069 -0.412 0.672 0.000 -0.626 -0.395 0.984 0.000 0.038 0.173 0.671 -0.000 -0.716 0.193 0.991 -0.000 0.115 0.070 
-0.294 -0.005 0.019 -0.956 0.723 0.000 -0.676 0.141 0.990 0.000 0.033 -0.139 0.741 -0.000 -0.607 -0.289 0.908 0.000 -0.072 -0.413 0.672 -0.000 -0.628 -0.392 0.983 0.000 0.030 0.180 0.671 0.000 -0.713 0.204 0.990 0.000 0.123 0.068 
-0.292 -0.004 0.017 -0.956 0.723 0.000 -0.676 0.144 0.990 -0.000 0.034 -0.136 0.740 0.000 -0.608 -0.288 0.908 0.000 -0.072 -0.414 0.674 0.000 -0.629 -0.388 0.983 -0.000 0.018 0.184 0.671 0.000 -0.710 0.213 0.989 0.000 0.131 0.067 
-0.291 -0.003 0.015 -0.957 0.722 0.000 -0.676 0.145 0.991 0.000 0.035 -0.132 0.739 0.000 -0.610 -0.286 0.907 -0.000 -0.074 -0.414 0.674 0.000 -0.631 -0.383 0.982 0.000 0.009 0.188 0.671 0.000 -0.707 0.222 0.988 0.000 0.137 0.069 
-0.290 -0.003 0.013 -0.957 0.722 -0.000 -0.676 0.147 0.991 0.000 0.035 -0.130 0.739 0.000 -0.612 -0.284 0.908 0.000 -0.075 -0.413 0.673 -0.000 -0.635 -0.378 0.981 0.000 0.005 0.193 0.674 0.000 -0.703 0.226 0.988 0.000 0.139 0.075 
-0.290 -0.002 0.011 -0.957 0.723 0.000 -0.675 0.148 0.991 0.000 0.035 -0.127 0.738 0.000 -0.613 -0.281 0.908 0.000 -0.076 -0.412 0.673 -0.000 -0.639 -0.373 0.980 -0.000 0.000 0.197 0.677 0.000 -0.700 0.229 0.986 0.000 0.141 0.085 
-0.289 -0.000 0.009 -0.957 0.722 0.000 -0.675 0.149 0.992 -0.000 0.033 -0.124 0.738 0.000 -0.615 -0.277 0.909 0.000 -0.077 -0.409 0.669 0.000 -0.648 -0.365 0.980 0.000 -0.000 0.201 0.680 0.000 -0.696 0.230 0.985 0.000 0.142 0.096 
-0.291 -0.000 0.007 -0.957 0.724 0.000 -0.674 0.148 0.992 0.000 0.033 -0.122 0.738 0.000 -0.617 -0.274 0.910 0.000 -0.076 -0.407 0.669 0.000 -0.650 -0.360 0.979 0.000 -0.007 0.204 0.683 0.000 -0.694 0.229 0.984 0.000 0.142 0.110 
-0.294 0.000 0.005 -0.956 0.725 0.000 -0.673 0.148 0.992 0.000 0.032 -0.121 0.738 0.000 -0.618 -0.270 0.912 0.000 -0.075 -0.403 0.669 0.000 -0.654 -0.354 0.979 0.000 -0.014 0.206 0.686 0.000 -0.692 0.226 0.982 0.000 0.142 0.128 
-0.297 0.001 0.003 -0.955 0.725 0.000 -0.673 0.147 0.992 0.000 0.032 -0.118 0.739 0.000 -0.620 -0.265 0.914 0.000 -0.073 -0.399 0.668 0.000 -0.659 -0.347 0.978 -0.000 -0.020 0.208 0.689 0.000 -0.690 0.221 0.979 0.000 0.143 0.147 
-0.300 0.004 0.002 -0.954 0.725 0.000 -0.673 0.146 0.993 -0.000 0.031 -0.117 0.741 0.000 -0.620 -0.260 0.917 0.000 -0.072 -0.393 0.664 0.000 -0.665 -0.341 0.977 0.000 -0.024 0.210 0.692 0.000 -0.690 0.213 0.975 0.000 0.145 0.169 
-0.305 0.006 0.002 -0.952 0.726 0.000 -0.673 0.144 0.993 0.000 0.031 -0.118 0.742 -0.000 -0.621 -0.254 0.919 0.000 -0.069 -0.387 0.664 0.000 -0.668 -0.335 0.977 0.000 -0.034 0.211 0.694 -0.000 -0.690 0.204 0.970 0.000 0.147 0.194 
-0.310 0.009 0.001 -0.951 0.725 0.000 -0.674 0.142 0.993 0.000 0.030 -0.118 0.744 0.000 -0.621 -0.247 0.923 0.000 -0.065 -0.380 0.662 0.000 -0.674 -0.329 0.977 0.000 -0.041 0.211 0.697 0.000 -0.691 0.192 0.964 0.000 0.147 0.222 
-0.315 0.012 0.000 -0.949 0.725 0.000 -0.674 0.140 0.993 0.000 0.028 -0.118 0.746 0.000 -0.620 -0.241 0.926 -0.000 -0.061 -0.371 0.661 -0.000 -0.678 -0.322 0.976 -0.000 -0.050 0.211 0.699 -0.000 -0.692 0.180 0.957 -0.000 0.146 0.250 
-0.321 0.015 0.000 -0.947 0.725 0.000 -0.675 0.137 0.993 -0.000 0.026 -0.119 0.749 0.000 -0.620 -0.234 0.930 0.000 -0.057 -0.363 0.659 0.000 -0.682 -0.315 0.976 0.000 -0.058 0.211 0.701 0.000 -0.694 0.166 0.949 -0.000 0.144 0.280 
-0.327 0.018 0.000 -0.945 0.725 0.000 -0.676 0.134 0.992 0.000 0.025 -0.121 0.751 0.000 -0.619 -0.228 0.934 0.000 -0.051 -0.353 0.657 0.000 -0.687 -0.309 0.975 -0.000 -0.066 0.212 0.702 0.000 -0.696 0.153 0.941 0.000 0.141 0.309 
-0.334 0.021 0.000 -0.942 0.725 0.000 -0.676 0.130 0.992 0.000 0.022 -0.123 0.753 -0.000 -0.619 -0.222 0.938 -0.000 -0.045 -0.343 0.657 -0.000 -0.690 -0.304 0.974 0.000 -0.074 0.212 0.702 0.000 -0.698 0.138 0.932 0.000 0.135 0.336 
-0.341 0.022 0.000 -0.940 0.727 0.000 -0.675 0.126 0.992 0.000 0.020 -0.125 0.754 0.000 -0.620 -0.216 0.942 -0.000 -0.038 -0.332 0.656 0.000 -0.694 -0.297 0.974 0.000 -0.079 0.213 0.703 0.000 -0.701 0.122 0.922 0.000 0.126 0.365 
-0.348 0.023 0.000 -0.937 0.728 -0.000 -0.675 0.120 0.992 0.000 0.018 -0.128 0.755 -0.000 -0.621 -0.212 0.947 0.000 -0.030 -0.321 0.654 0.000 -0.698 -0.291 0.974 0.000 -0.081 0.214 0.702 0.000 -0.705 0.107 0.913 0.000 0.117 0.391 
-0.355 0.024 0.000 -0.935 0.730 0.000 -0.674 0.115 0.991 0.000 0.016 -0.131 0.756 0.000 -0.621 -0.207 0.951 0.000 -0.023 -0.308 0.652 0.000 -0.703 -0.283 0.974 -0.000 -0.080 0.214 0.701 0.000 -0.708 0.090 0.903 0.000 0.104 0.416 
-0.360 0.025 -0.000 -0.933 0.731 0.000 -0.673 0.111 0.991 0.000 0.012 -0.135 0.756 0.000 -0.622 -0.203 0.955 -0.000 -0.019 -0.296 0.647 0.000 -0.713 -0.271 0.975 0.000 -0.071 0.213 0.700 0.000 -0.710 0.075 0.894 0.000 0.090 0.438 
-0.372 0.024 0.001 -0.928 0.734 0.000 -0.671 0.101 0.991 0.000 0.008 -0.136 0.757 0.000 -0.622 -0.200 0.959 0.000 -0.008 -0.282 0.648 0.000 -0.713 -0.270 0.974 -0.000 -0.073 0.215 0.696 0.000 -0.716 0.056 0.885 0.000 0.070 0.461 
-0.378 0.024 0.001 -0.926 0.737 0.000 -0.669 0.096 0.990 0.000 0.004 -0.141 0.758 0.000 -0.623 -0.195 0.963 0.000 -0.004 -0.268 0.644 0.000 -0.720 -0.257 0.975 -0.000 -0.064 0.214 0.695 0.000 -0.718 0.040 0.877 0.000 0.051 0.478 
-0.385 0.024 0.001 -0.923 0.739 0.000 -0.668 0.090 0.989 0.000 0.001 -0.146 0.758 0.000 -0.623 -0.192 0.967 0.000 0.003 -0.254 0.641 0.000 -0.726 -0.248 0.975 0.000 -0.057 0.213 0.693 0.000 -0.721 0.022 0.869 -0.000 0.030 0.493 
-0.392 0.023 0.001 -0.920 0.741 0.000 -0.666 0.083 0.989 0.000 -0.003 -0.150 0.759 0.000 -0.623 -0.188 0.971 0.000 0.006 -0.240 0.639 -0.000 -0.732 -0.237 0.976 -0.000 -0.049 0.212 0.690 0.000 -0.723 0.003 0.863 0.000 0.010 0.505 
-0.398 0.023 0.000 -0.917 0.743 0.000 -0.664 0.077 0.988 0.000 -0.006 -0.156 0.759 0.000 -0.625 -0.184 0.974 0.000 0.011 -0.226 0.636 0.000 -0.738 -0.225 0.977 0.000 -0.040 0.210 0.688 0.000 -0.726 -0.012 0.859 0.000 -0.005 0.512 
-0.404 0.021 0.001 -0.914 0.746 0.000 -0.662 0.069 0.987 0.000 -0.009 -0.162 0.759 -0.000 -0.626 -0.181 0.977 -0.000 0.016 -0.212 0.635 0.000 -0.741 -0.217 0.977 0.000 -0.034 0.209 0.685 0.000 -0.728 -0.033 0.855 0.000 -0.026 0.518 
-0.408 0.019 -0.000 -0.913 0.749 -0.000 -0.660 0.063 0.986 -0.000 -0.012 -0.168 0.758 0.000 -0.628 -0.178 0.980 0.000 0.019 -0.199 0.635 -0.000 -0.746 -0.203 0.978 0.000 -0.024 0.205 0.683 0.000 -0.729 -0.052 0.851 0.000 -0.043 0.524 
-0.413 0.017 -0.001 -0.911 0.752 0.000 -0.656 0.056 0.985 0.000 -0.015 -0.175 0.756 0.000 -0.631 -0.174 0.982 0.000 0.022 -0.186 0.636 0.000 -0.747 -0.194 0.978 -0.000 -0.021 0.205 0.681 0.000 -0.728 -0.073 0.848 0.000 -0.065 0.526 
-0.417 0.015 -0.000 -0.909 0.754 -0.000 -0.655 0.050 0.983 0.000 -0.017 -0.181 0.756 0.000 -0.632 -0.171 0.985 0.000 0.024 -0.173 0.632 -0.000 -0.753 -0.184 0.979 0.000 -0.010 0.202 0.681 0.000 -0.726 -0.095 0.846 0.000 -0.086 0.527 
-0.421 0.014 -0.000 -0.907 0.756 0.000 -0.653 0.044 0.982 -0.000 -0.021 -0.190 0.756 0.000 -0.633 -0.167 0.986 -0.000 0.027 -0.162 0.632 0.000 -0.756 -0.173 0.980 0.000 -0.003 0.199 0.681 0.000 -0.723 -0.116 0.844 0.000 -0.106 0.526 
-0.426 0.013 -0.000 -0.905 0.758 0.000 -0.651 0.036 0.980 0.000 -0.023 -0.196 0.755 0.000 -0.635 -0.163 0.988 0.000 0.029 -0.151 0.630 0.000 -0.759 -0.163 0.980 0.000 0.004 0.197 0.680 0.000 -0.720 -0.136 0.844 0.000 -0.126 0.522 
-0.430 0.012 -0.001 -0.903 0.760 0.000 -0.649 0.030 0.979 0.000 -0.025 -0.203 0.755 0.000 -0.637 -0.158 0.990 0.000 0.032 -0.141 0.630 0.000 -0.761 -0.152 0.981 0.000 0.011 0.195 0.680 0.000 -0.717 -0.155 0.844 -0.000 -0.144 0.516 
-0.434 0.010 -0.001 -0.901 0.762 0.000 -0.647 0.024 0.977 0.000 -0.028 -0.211 0.754 -0.000 -0.639 -0.151 0.991 0.000 0.033 -0.133 0.630 0.000 -0.764 -0.139 0.981 0.000 0.019 0.191 0.680 -0.000 -0.713 -0.173 0.846 0.000 -0.161 0.509 
-0.438 0.008 -0.002 -0.899 0.764 0.000 -0.645 0.018 0.975 0.000 -0.030 -0.219 0.754 0.000 -0.641 -0.145 0.992 0.000 0.034 -0.125 0.630 0.000 -0.766 -0.127 0.982 0.000 0.025 0.188 0.679 -0.000 -0.709 -0.189 0.848 -0.000 -0.175 0.500 
-0.443 0.007 -0.003 -0.897 0.766 0.000 -0.643 0.012 0.973 0.000 -0.033 -0.227 0.753 -0.000 -0.643 -0.138 0.992 0.000 0.035 -0.118 0.631 0.000 -0.767 -0.115 0.982 0.000 0.028 0.185 0.680 0.000 -0.704 -0.206 0.851 0.000 -0.191 0.489 
-0.447 0.004 -0.004 -0.895 0.769 -0.000 -0.640 0.007 0.971 -0.000 -0.036 -0.237 0.752 0.000 -0.646 -0.131 0.993 0.000 0.036 -0.113 0.633 0.000 -0.767 -0.104 0.983 0.000 0.032 0.182 0.677 0.000 -0.701 -0.222 0.856 0.000 -0.202 0.477 
-0.451 0.002 -0.005 -0.893 0.771 -0.000 -0.637 0.002 0.969 -0.000 -0.038 -0.246 0.751 0.000 -0.649 -0.123 0.993 0.000 0.037 -0.108 0.635 0.000 -0.767 -0.094 0.983 0.000 0.035 0.180 0.675 0.000 -0.699 -0.236 0.862 0.000 -0.207 0.463 
-0.455 0.000 -0.006 -0.890 0.773 0.000 -0.635 -0.003 0.966 0.000 -0.041 -0.255 0.750 0.000 -0.651 -0.115 0.994 0.000 0.037 -0.105 0.637 -0.000 -0.767 -0.083 0.983 0.000 0.039 0.179 0.674 -0.000 -0.696 -0.247 0.870 0.000 -0.215 0.443 
-0.459 -0.002 -0.007 -0.888 0.775 0.000 -0.632 -0.008 0.964 0.000 -0.043 -0.264 0.748 0.000 -0.655 -0.106 0.994 0.000 0.038 -0.101 0.639 0.000 -0.766 -0.072 0.983 -0.000 0.042 0.177 0.673 0.000 -0.693 -0.259 0.877 0.000 -0.218 0.428 
-0.464 -0.004 -0.008 -0.886 0.777 0.000 -0.629 -0.013 0.961 0.000 -0.048 -0.273 0.749 0.000 -0.656 -0.098 0.994 0.000 0.036 -0.099 0.640 0.000 -0.765 -0.062 0.983 0.000 0.046 0.175 0.673 0.000 -0.689 -0.270 0.884 0.000 -0.221 0.412 
-0.469 -0.005 -0.008 -0.883 0.778 0.000 -0.628 -0.017 0.958 0.000 -0.053 -0.283 0.748 -0.000 -0.658 -0.088 0.995 0.000 0.036 -0.098 0.640 0.000 -0.766 -0.051 0.983 0.000 0.053 0.173 0.675 0.000 -0.684 -0.277 0.892 0.000 -0.221 0.393 
-0.473 -0.007 -0.009 -0.881 0.780 -0.000 -0.625 -0.022 0.955 0.000 -0.058 -0.292 0.748 0.000 -0.660 -0.079 0.995 0.000 0.035 -0.097 0.643 0.000 -0.765 -0.041 0.984 0.000 0.055 0.171 0.675 0.000 -0.680 -0.287 0.898 0.000 -0.221 0.380 
-0.478 -0.007 -0.009 -0.878 0.781 0.000 -0.624 -0.027 0.952 0.000 -0.062 -0.300 0.747 0.000 -0.661 -0.069 0.995 0.000 0.035 -0.096 0.643 -0.000 -0.765 -0.032 0.984 0.000 0.060 0.169 0.676 -0.000 -0.676 -0.294 0.905 0.000 -0.219 0.364 
-0.482 -0.008 -0.010 -0.876 0.782 0.000 -0.622 -0.032 0.949 -0.000 -0.066 -0.308 0.747 0.000 -0.662 -0.060 0.995 0.000 0.036 -0.095 0.645 0.000 -0.764 -0.022 0.984 0.000 0.063 0.167 0.677 0.000 -0.672 -0.300 0.913 0.000 -0.214 0.349 
-0.486 -0.009 -0.010 -0.874 0.783 0.000 -0.621 -0.036 0.946 0.000 -0.071 -0.317 0.747 0.000 -0.663 -0.051 0.995 0.000 0.036 -0.096 0.645 0.000 -0.764 -0.013 0.984 -0.000 0.066 0.166 0.678 0.000 -0.668 -0.306 0.920 0.000 -0.207 0.333 
-0.490 -0.009 -0.010 -0.872 0.783 0.000 -0.620 -0.041 0.943 0.000 -0.077 -0.325 0.746 -0.000 -0.664 -0.042 0.995 0.000 0.036 -0.096 0.647 0.000 -0.763 -0.004 0.984 0.000 0.068 0.164 0.679 0.000 -0.666 -0.310 0.929 0.000 -0.196 0.315 
-0.494 -0.010 -0.010 -0.869 0.784 -0.000 -0.619 -0.046 0.940 0.000 -0.081 -0.332 0.746 0.000 -0.665 -0.033 0.995 -0.000 0.035 -0.096 0.648 0.000 -0.761 0.004 0.984 0.000 0.069 0.163 0.680 0.000 -0.663 -0.314 0.938 -0.000 -0.185 0.292 
-0.497 -0.010 -0.009 -0.868 0.784 0.000 -0.618 -0.051 0.937 0.000 -0.084 -0.340 0.746 0.000 -0.666 -0.025 0.995 0.000 0.037 -0.096 0.649 -0.000 -0.761 0.011 0.984 -0.000 0.073 0.162 0.679 0.000 -0.661 -0.319 0.946 -0.000 -0.172 0.275 
-0.499 -0.010 -0.008 -0.866 0.785 0.000 -0.618 -0.056 0.933 0.000 -0.089 -0.348 0.746 -0.000 -0.666 -0.018 0.995 -0.000 0.037 -0.096 0.649 0.000 -0.760 0.020 0.984 0.000 0.076 0.158 0.680 0.000 -0.658 -0.324 0.954 -0.000 -0.156 0.257 
-0.502 -0.010 -0.007 -0.864 0.785 0.000 -0.617 -0.060 0.930 0.000 -0.091 -0.356 0.746 0.000 -0.666 -0.010 0.995 -0.000 0.038 -0.096 0.649 0.000 -0.760 0.027 0.984 0.000 0.079 0.157 0.680 0.000 -0.657 -0.326 0.961 0.000 -0.137 0.240 
-0.505 -0.010 -0.006 -0.863 0.784 0.000 -0.617 -0.065 0.927 0.000 -0.094 -0.364 0.745 0.000 -0.667 -0.004 0.995 0.000 0.039 -0.096 0.650 -0.000 -0.759 0.033 0.984 0.000 0.080 0.157 0.680 0.000 -0.655 -0.330 0.968 0.000 -0.117 0.223 
-0.506 -0.009 -0.005 -0.862 0.784 0.000 -0.617 -0.068 0.923 0.000 -0.098 -0.372 0.746 0.000 -0.666 0.004 0.994 0.000 0.040 -0.097 0.649 0.000 -0.759 0.040 0.984 0.000 0.082 0.158 0.680 0.000 -0.654 -0.331 0.973 0.000 -0.096 0.208 
-0.509 -0.008 -0.004 -0.861 0.783 0.000 -0.618 -0.071 0.920 0.000 -0.100 -0.380 0.746 0.000 -0.665 0.011 0.994 0.000 0.040 -0.097 0.649 0.000 -0.759 0.048 0.984 -0.000 0.085 0.158 0.679 0.000 -0.654 -0.332 0.978 0.000 -0.074 0.193 
-0.511 -0.007 -0.003 -0.859 0.782 0.000 -0.619 -0.075 0.916 0.000 -0.103 -0.387 0.747 0.000 -0.665 0.017 0.994 0.000 0.042 -0.097 0.648 0.000 -0.760 0.055 0.984 -0.000 0.090 0.156 0.679 -0.000 -0.654 -0.334 0.983 0.000 -0.051 0.178 
-0.515 -0.007 -0.001 -0.857 0.781 0.000 -0.619 -0.079 0.913 0.000 -0.107 -0.394 0.747 0.000 -0.664 0.023 0.994 0.000 0.044 -0.097 0.648 0.000 -0.760 0.059 0.983 -0.000 0.092 0.158 0.678 0.000 -0.653 -0.337 0.986 0.000 -0.028 0.165 
-0.518 -0.005 0.001 -0.856 0.780 0.000 -0.620 -0.082 0.910 0.000 -0.109 -0.400 0.748 0.000 -0.663 0.029 0.994 0.000 0.043 -0.097 0.646 -0.000 -0.760 0.067 0.983 0.000 0.098 0.156 0.677 -0.000 -0.654 -0.339 0.988 0.000 -0.003 0.153 
-0.520 -0.004 0.002 -0.854 0.779 0.000 -0.621 -0.085 0.907 0.000 -0.112 -0.406 0.748 0.000 -0.662 0.035 0.994 0.000 0.045 -0.096 0.645 0.000 -0.761 0.076 0.983 0.000 0.103 0.154 0.676 0.000 -0.654 -0.340 0.990 0.000 0.020 0.141 
-0.523 -0.002 0.003 -0.852 0.778 0.000 -0.623 -0.088 0.905 0.000 -0.115 -0.411 0.749 -0.000 -0.661 0.041 0.994 0.000 0.047 -0.095 0.643 -0.000 -0.761 0.086 0.982 0.000 0.110 0.151 0.675 0.000 -0.654 -0.341 0.991 0.000 0.039 0.132 
-0.527 -0.002 0.005 -0.850 0.776 -0.000 -0.624 -0.091 0.902 0.000 -0.119 -0.415 0.749 0.000 -0.661 0.046 0.994 0.000 0.048 -0.095 0.642 0.000 -0.761 0.093 0.982 0.000 0.117 0.150 0.676 0.000 -0.652 -0.343 0.991 0.000 0.053 0.124 
-0.530 0.000 0.006 -0.848 0.775 0.000 -0.625 -0.093 0.900 0.000 -0.121 -0.419 0.750 0.000 -0.659 0.053 0.994 0.000 0.049 -0.094 0.641 0.000 -0.761 0.102 0.982 0.000 0.122 0.147 0.678 0.000 -0.650 -0.344 0.991 0.000 0.064 0.116 
-0.534 0.002 0.007 -0.846 0.773 -0.000 -0.627 -0.096 0.898 0.000 -0.125 -0.422 0.750 0.000 -0.658 0.059 0.994 0.000 0.049 -0.093 0.640 0.000 -0.760 0.111 0.981 0.000 0.128 0.146 0.679 -0.000 -0.649 -0.343 0.991 0.000 0.072 0.110 
-0.537 0.003 0.007 -0.843 0.771 0.000 -0.629 -0.098 0.896 0.000 -0.127 -0.425 0.751 0.000 -0.657 0.065 0.995 0.000 0.049 -0.092 0.640 0.000 -0.759 0.120 0.981 0.000 0.134 0.143 0.683 0.000 -0.646 -0.341 0.992 -0.000 0.072 0.103 
-0.541 0.004 0.007 -0.841 0.770 0.000 -0.630 -0.099 0.895 0.000 -0.131 -0.427 0.751 0.000 -0.657 0.070 0.995 0.000 0.050 -0.091 0.640 -0.000 -0.758 0.127 0.980 -0.000 0.140 0.143 0.686 0.000 -0.643 -0.341 0.992 0.000 0.069 0.102 
-0.544 0.005 0.007 -0.839 0.769 0.000 -0.631 -0.100 0.894 0.000 -0.134 -0.428 0.751 0.000 -0.656 0.076 0.995 0.000 0.050 -0.089 0.641 -0.000 -0.756 0.137 0.979 0.000 0.145 0.142 0.686 0.000 -0.642 -0.342 0.992 0.000 0.069 0.108 
-0.548 0.005 0.006 -0.836 0.768 0.000 -0.632 -0.101 0.893 0.000 -0.138 -0.429 0.750 0.000 -0.657 0.080 0.995 0.000 0.049 -0.087 0.641 0.000 -0.753 0.144 0.978 0.000 0.151 0.141 0.690 0.000 -0.639 -0.340 0.992 0.000 0.058 0.111 
-0.551 0.005 0.006 -0.835 0.767 0.000 -0.633 -0.100 0.892 0.000 -0.140 -0.429 0.749 0.000 -0.657 0.085 0.995 0.000 0.049 -0.085 0.642 0.000 -0.751 0.154 0.978 0.000 0.157 0.139 0.691 0.000 -0.638 -0.339 0.992 -0.000 0.052 0.117 
-0.554 0.005 0.004 -0.833 0.767 0.000 -0.634 -0.100 0.892 0.000 -0.144 -0.428 0.748 0.000 -0.657 0.089 0.995 0.000 0.047 -0.083 0.644 0.000 -0.747 0.163 0.977 0.000 0.162 0.138 0.692 0.000 -0.638 -0.339 0.991 0.000 0.043 0.127 
-0.557 0.005 0.003 -0.830 0.766 0.000 -0.635 -0.099 0.892 0.000 -0.147 -0.427 0.747 0.000 -0.658 0.093 0.996 -0.000 0.047 -0.080 0.646 0.000 -0.744 0.171 0.976 0.000 0.168 0.138 0.690 0.000 -0.640 -0.336 0.990 0.000 0.037 0.134 
-0.560 0.006 0.002 -0.829 0.766 0.000 -0.636 -0.098 0.892 0.000 -0.152 -0.426 0.747 0.000 -0.658 0.096 0.996 0.000 0.046 -0.078 0.647 0.000 -0.741 0.178 0.975 0.000 0.174 0.138 0.689 0.000 -0.643 -0.334 0.989 0.000 0.034 0.142 
-0.561 0.006 0.001 -0.827 0.766 -0.000 -0.636 -0.095 0.893 0.000 -0.154 -0.423 0.746 0.000 -0.658 0.100 0.996 -0.000 0.044 -0.076 0.648 0.000 -0.738 0.188 0.974 0.000 0.181 0.136 0.689 0.000 -0.646 -0.329 0.989 0.000 0.029 0.145 
-0.563 0.006 -0.000 -0.827 0.765 0.000 -0.637 -0.092 0.893 0.000 -0.158 -0.421 0.746 0.000 -0.658 0.103 0.996 0.000 0.044 -0.074 0.649 0.000 -0.735 0.196 0.973 0.000 0.187 0.136 0.690 -0.000 -0.647 -0.325 0.988 -0.000 0.021 0.150 
-0.565 0.006 -0.002 -0.825 0.765 0.000 -0.638 -0.089 0.895 0.000 -0.159 -0.417 0.745 0.000 -0.659 0.104 0.996 0.000 0.043 -0.072 0.651 0.000 -0.732 0.202 0.972 0.000 0.194 0.135 0.688 0.000 -0.651 -0.321 0.988 0.000 0.017 0.156 
-0.566 0.007 -0.002 -0.825 0.764 0.000 -0.639 -0.087 0.896 0.000 -0.161 -0.413 0.745 0.000 -0.659 0.106 0.997 0.000 0.042 -0.070 0.651 0.000 -0.730 0.208 0.970 -0.000 0.201 0.140 0.687 0.000 -0.653 -0.317 0.987 0.000 0.012 0.163 
-0.566 0.007 -0.003 -0.824 0.764 0.000 -0.640 -0.083 0.898 0.000 -0.162 -0.408 0.744 0.000 -0.660 0.107 0.997 -0.000 0.042 -0.068 0.652 0.000 -0.728 0.211 0.968 -0.000 0.205 0.145 0.687 0.000 -0.655 -0.314 0.986 0.000 0.004 0.169 
-0.566 0.007 -0.004 -0.825 0.764 0.000 -0.640 -0.080 0.901 0.000 -0.163 -0.403 0.743 0.000 -0.660 0.107 0.997 0.000 0.042 -0.067 0.657 0.000 -0.725 0.207 0.966 0.000 0.202 0.160 0.686 0.000 -0.658 -0.311 0.985 -0.000 -0.003 0.174 
-0.565 0.006 -0.005 -0.825 0.764 0.000 -0.641 -0.076 0.903 0.000 -0.162 -0.397 0.743 0.000 -0.661 0.106 0.997 0.000 0.041 -0.064 0.663 0.000 -0.722 0.200 0.964 0.000 0.197 0.179 0.685 0.000 -0.660 -0.309 0.984 0.000 -0.012 0.180 
-0.564 0.005 -0.006 -0.826 0.764 0.000 -0.641 -0.073 0.907 -0.000 -0.160 -0.390 0.742 0.000 -0.663 0.104 0.997 0.000 0.042 -0.063 0.667 -0.000 -0.720 0.190 0.960 0.000 0.193 0.203 0.686 0.000 -0.660 -0.307 0.983 0.000 -0.024 0.184 
-0.562 0.005 -0.007 -0.827 0.764 0.000 -0.642 -0.069 0.911 0.000 -0.156 -0.383 0.741 0.000 -0.664 0.101 0.997 0.000 0.042 -0.061 0.672 0.000 -0.719 0.180 0.956 0.000 0.188 0.225 0.685 0.000 -0.662 -0.303 0.982 0.000 -0.034 0.187 
-0.559 0.004 -0.008 -0.829 0.765 0.000 -0.641 -0.064 0.914 -0.000 -0.154 -0.375 0.740 0.000 -0.665 0.099 0.997 -0.000 0.042 -0.060 0.675 0.000 -0.718 0.170 0.950 0.000 0.182 0.252 0.685 0.000 -0.665 -0.298 0.981 0.000 -0.044 0.188 
-0.555 0.002 -0.009 -0.831 0.764 0.000 -0.642 -0.060 0.918 0.000 -0.148 -0.367 0.740 -0.000 -0.666 0.095 0.997 0.000 0.040 -0.060 0.679 0.000 -0.718 0.157 0.944 -0.000 0.177 0.278 0.686 0.000 -0.667 -0.293 0.981 0.000 -0.054 0.188 
-0.551 0.001 -0.010 -0.834 0.765 0.000 -0.642 -0.055 0.922 0.000 -0.144 -0.359 0.739 -0.000 -0.667 0.091 0.997 0.000 0.039 -0.059 0.680 0.000 -0.719 0.143 0.937 -0.000 0.173 0.305 0.685 0.000 -0.670 -0.287 0.980 0.000 -0.062 0.189 
-0.547 -0.000 -0.011 -0.837 0.765 0.000 -0.642 -0.050 0.926 0.000 -0.139 -0.351 0.739 0.000 -0.668 0.087 0.998 0.000 0.038 -0.058 0.682 0.000 -0.720 0.128 0.928 0.000 0.167 0.334 0.684 -0.000 -0.674 -0.281 0.980 0.000 -0.068 0.189 
-0.541 -0.001 -0.012 -0.841 0.766 -0.000 -0.642 -0.045 0.930 -0.000 -0.132 -0.344 0.738 0.000 -0.670 0.082 0.997 0.000 0.038 -0.059 0.683 0.000 -0.722 0.113 0.918 0.000 0.160 0.362 0.682 0.000 -0.678 -0.274 0.979 0.000 -0.072 0.189 
-0.535 -0.003 -0.013 -0.844 0.766 0.000 -0.642 -0.039 0.933 0.000 -0.125 -0.337 0.737 0.000 -0.671 0.077 0.997 0.000 0.039 -0.062 0.682 0.000 -0.725 0.096 0.909 0.000 0.152 0.389 0.679 -0.000 -0.684 -0.266 0.980 0.000 -0.073 0.188 
-0.530 -0.004 -0.014 -0.848 0.766 0.000 -0.642 -0.035 0.937 0.000 -0.117 -0.328 0.737 0.000 -0.672 0.072 0.997 0.000 0.035 -0.063 0.682 0.000 -0.727 0.077 0.895 0.000 0.140 0.423 0.677 0.000 -0.689 -0.259 0.979 0.000 -0.074 0.188 
-0.524 -0.005 -0.014 -0.852 0.766 0.000 -0.642 -0.031 0.941 0.000 -0.112 -0.320 0.737 0.000 -0.672 0.066 0.997 0.000 0.035 -0.067 0.682 0.000 -0.729 0.058 0.884 0.000 0.126 0.450 0.674 0.000 -0.695 -0.252 0.980 0.000 -0.072 0.187 
-0.517 -0.006 -0.015 -0.856 0.766 0.000 -0.642 -0.026 0.944 0.000 -0.105 -0.312 0.738 0.000 -0.672 0.061 0.997 0.000 0.033 -0.071 0.680 0.000 -0.732 0.041 0.874 0.000 0.109 0.473 0.671 -0.000 -0.700 -0.243 0.980 0.000 -0.069 0.187 
-0.511 -0.006 -0.015 -0.860 0.766 0.000 -0.642 -0.022 0.948 -0.000 -0.100 -0.304 0.738 0.000 -0.673 0.055 0.997 0.000 0.033 -0.076 0.679 0.000 -0.734 0.020 0.863 0.000 0.087 0.498 0.668 0.000 -0.706 -0.234 0.980 0.000 -0.063 0.186 
-0.505 -0.007 -0.015 -0.863 0.765 0.000 -0.643 -0.020 0.951 0.000 -0.093 -0.294 0.738 -0.000 -0.672 0.050 0.996 0.000 0.031 -0.081 0.678 0.000 -0.735 0.001 0.853 0.000 0.065 0.517 0.665 0.000 -0.712 -0.225 0.981 0.000 -0.058 0.185 
-0.499 -0.008 -0.015 -0.866 0.765 0.000 -0.644 -0.017 0.954 0.000 -0.087 -0.286 0.740 0.000 -0.671 0.044 0.996 0.000 0.028 -0.087 0.677 0.000 -0.735 -0.019 0.844 0.000 0.043 0.535 0.662 0.000 -0.718 -0.215 0.982 0.000 -0.053 0.184 
-0.494 -0.008 -0.014 -0.869 0.764 0.000 -0.645 -0.015 0.958 0.000 -0.083 -0.276 0.741 0.000 -0.670 0.038 0.995 0.000 0.025 -0.094 0.677 0.000 -0.735 -0.040 0.836 0.000 0.018 0.549 0.660 0.000 -0.722 -0.206 0.982 0.000 -0.048 0.183 
-0.490 -0.007 -0.013 -0.872 0.763 0.000 -0.646 -0.012 0.960 0.000 -0.079 -0.268 0.743 0.000 -0.668 0.033 0.995 -0.000 0.022 -0.099 0.675 0.000 -0.735 -0.061 0.828 0.000 -0.008 0.560 0.659 0.000 -0.726 -0.196 0.983 -0.000 -0.043 0.180 
-0.485 -0.007 -0.012 -0.874 0.762 0.000 -0.648 -0.010 0.963 0.000 -0.073 -0.260 0.745 -0.000 -0.666 0.027 0.994 0.000 0.018 -0.106 0.675 0.000 -0.734 -0.082 0.822 -0.000 -0.033 0.568 0.658 0.000 -0.730 -0.185 0.983 0.000 -0.037 0.178 
-0.482 -0.006 -0.011 -0.876 0.760 0.000 -0.650 -0.008 0.965 0.000 -0.069 -0.252 0.747 0.000 -0.664 0.020 0.993 0.000 0.016 -0.114 0.673 0.000 -0.732 -0.103 0.818 0.000 -0.056 0.573 0.658 0.000 -0.733 -0.174 0.984 0.000 -0.032 0.176 
-0.478 -0.004 -0.010 -0.878 0.758 0.000 -0.652 -0.005 0.967 -0.000 -0.065 -0.245 0.750 -0.000 -0.661 0.014 0.993 0.000 0.011 -0.122 0.673 0.000 -0.730 -0.123 0.814 0.000 -0.080 0.575 0.658 0.000 -0.736 -0.163 0.985 0.000 -0.026 0.173 
-0.475 -0.002 -0.008 -0.880 0.756 0.000 -0.655 -0.002 0.969 0.000 -0.062 -0.238 0.754 0.000 -0.657 0.008 0.991 0.000 0.006 -0.130 0.671 0.000 -0.727 -0.144 0.811 0.000 -0.105 0.576 0.659 0.000 -0.737 -0.151 0.985 0.000 -0.022 0.170 
-0.470 -0.001 -0.006 -0.883 0.754 0.000 -0.657 0.000 0.971 0.000 -0.057 -0.232 0.756 0.000 -0.654 -0.001 0.990 0.000 0.003 -0.140 0.672 -0.000 -0.721 -0.167 0.808 0.000 -0.132 0.574 0.658 0.000 -0.739 -0.145 0.985 0.000 -0.017 0.169 
-0.465 -0.000 -0.004 -0.885 0.752 0.000 -0.659 0.003 0.973 0.000 -0.052 -0.227 0.759 0.000 -0.651 -0.009 0.989 0.000 -0.001 -0.147 0.673 0.000 -0.716 -0.188 0.807 -0.000 -0.160 0.568 0.659 0.000 -0.740 -0.138 0.986 0.000 -0.013 0.168 
-0.460 0.002 -0.001 -0.888 0.749 0.000 -0.662 0.006 0.974 0.000 -0.048 -0.221 0.762 0.000 -0.648 -0.018 0.988 0.000 -0.003 -0.155 0.672 0.000 -0.710 -0.209 0.807 0.000 -0.185 0.561 0.659 -0.000 -0.741 -0.130 0.986 0.000 -0.008 0.166 
-0.454 0.003 0.002 -0.891 0.747 -0.000 -0.665 0.009 0.975 0.000 -0.044 -0.217 0.764 -0.000 -0.644 -0.027 0.987 0.000 -0.008 -0.163 0.673 0.000 -0.704 -0.229 0.807 0.000 -0.212 0.551 0.657 0.000 -0.743 -0.126 0.986 0.000 -0.000 0.167 
-0.450 0.006 0.005 -0.893 0.745 -0.000 -0.667 0.014 0.975 -0.000 -0.045 -0.217 0.767 0.000 -0.640 -0.036 0.985 0.000 -0.008 -0.170 0.672 0.000 -0.698 -0.248 0.809 0.000 -0.233 0.540 0.658 0.000 -0.744 -0.116 0.987 0.000 0.005 0.163 
-0.446 0.009 0.007 -0.895 0.742 0.000 -0.671 0.016 0.976 0.000 -0.043 -0.214 0.770 -0.000 -0.636 -0.044 0.984 -0.000 -0.010 -0.179 0.670 0.000 -0.692 -0.269 0.809 0.000 -0.254 0.530 0.660 0.000 -0.743 -0.107 0.987 0.000 0.010 0.160 
-0.441 0.011 0.009 -0.897 0.740 0.000 -0.672 0.022 0.976 0.000 -0.041 -0.213 0.773 -0.000 -0.632 -0.053 0.982 0.000 -0.013 -0.188 0.670 0.000 -0.686 -0.284 0.814 -0.000 -0.270 0.515 0.661 0.000 -0.744 -0.098 0.987 0.000 0.015 0.157 
-0.438 0.014 0.011 -0.899 0.736 0.000 -0.677 0.025 0.977 0.000 -0.037 -0.209 0.776 0.000 -0.628 -0.061 0.980 0.000 -0.015 -0.198 0.667 0.000 -0.682 -0.299 0.819 0.000 -0.282 0.500 0.663 0.000 -0.743 -0.087 0.988 -0.000 0.020 0.154 
-0.429 0.015 0.010 -0.903 0.736 -0.000 -0.676 0.035 0.977 0.000 -0.036 -0.208 0.776 0.000 -0.627 -0.068 0.978 0.000 -0.017 -0.207 0.673 0.000 -0.676 -0.301 0.826 0.000 -0.292 0.483 0.661 0.000 -0.746 -0.075 0.988 0.000 0.029 0.153 
-0.425 0.017 0.012 -0.905 0.734 0.000 -0.678 0.040 0.978 0.000 -0.032 -0.205 0.777 -0.000 -0.625 -0.076 0.976 0.000 -0.018 -0.216 0.672 0.000 -0.671 -0.313 0.832 0.000 -0.300 0.467 0.662 0.000 -0.747 -0.066 0.988 0.000 0.034 0.151 
-0.421 0.019 0.013 -0.907 0.732 0.000 -0.680 0.046 0.979 -0.000 -0.029 -0.204 0.778 0.000 -0.622 -0.084 0.974 0.000 -0.021 -0.226 0.672 0.000 -0.666 -0.324 0.839 0.000 -0.304 0.451 0.662 0.000 -0.747 -0.056 0.988 0.000 0.039 0.149 
-0.417 0.022 0.014 -0.909 0.730 0.000 -0.682 0.051 0.979 0.000 -0.029 -0.202 0.780 0.000 -0.619 -0.092 0.972 0.000 -0.022 -0.235 0.671 -0.000 -0.662 -0.333 0.848 0.000 -0.306 0.434 0.665 -0.000 -0.746 -0.047 0.988 0.000 0.042 0.147 
-0.413 0.023 0.016 -0.910 0.728 0.000 -0.684 0.056 0.979 -0.000 -0.026 -0.200 0.781 0.000 -0.616 -0.100 0.969 0.000 -0.024 -0.244 0.671 -0.000 -0.659 -0.341 0.856 0.000 -0.304 0.417 0.667 -0.000 -0.744 -0.039 0.988 0.000 0.044 0.147 
-0.409 0.025 0.017 -0.912 0.726 0.000 -0.685 0.061 0.980 0.000 -0.025 -0.199 0.783 0.000 -0.613 -0.109 0.967 -0.000 -0.027 -0.252 0.669 0.000 -0.655 -0.350 0.866 0.000 -0.301 0.400 0.669 -0.000 -0.743 -0.033 0.988 0.000 0.047 0.146 
-0.406 0.026 0.018 -0.914 0.725 0.000 -0.686 0.066 0.980 0.000 -0.023 -0.199 0.783 0.000 -0.611 -0.117 0.965 -0.000 -0.028 -0.262 0.669 0.000 -0.652 -0.356 0.875 0.000 -0.297 0.383 0.670 0.000 -0.742 -0.025 0.988 0.000 0.049 0.145 
-0.401 0.027 0.019 -0.916 0.724 0.000 -0.686 0.071 0.980 0.000 -0.019 -0.197 0.783 0.000 -0.610 -0.124 0.962 0.000 -0.029 -0.272 0.670 0.000 -0.649 -0.360 0.885 0.000 -0.288 0.365 0.671 0.000 -0.742 -0.016 0.988 0.000 0.053 0.143 
-0.398 0.027 0.020 -0.917 0.724 0.000 -0.686 0.075 0.980 0.000 -0.017 -0.197 0.783 0.000 -0.608 -0.133 0.959 0.000 -0.030 -0.281 0.670 0.000 -0.647 -0.365 0.897 -0.000 -0.273 0.347 0.671 0.000 -0.741 -0.008 0.988 0.000 0.056 0.141 
-0.395 0.027 0.020 -0.918 0.723 0.000 -0.686 0.079 0.981 0.000 -0.016 -0.196 0.783 0.000 -0.606 -0.141 0.957 -0.000 -0.032 -0.289 0.669 0.000 -0.645 -0.369 0.906 -0.000 -0.264 0.331 0.672 0.000 -0.740 0.000 0.989 -0.000 0.058 0.139 
-0.392 0.028 0.021 -0.919 0.722 0.000 -0.687 0.083 0.981 0.000 -0.013 -0.193 0.783 0.000 -0.604 -0.149 0.954 0.000 -0.031 -0.298 0.668 0.000 -0.643 -0.373 0.915 0.000 -0.250 0.317 0.673 0.000 -0.739 0.008 0.989 -0.000 0.061 0.136 
-0.390 0.027 0.022 -0.920 0.722 0.000 -0.686 0.086 0.981 0.000 -0.012 -0.193 0.782 0.000 -0.602 -0.157 0.951 0.000 -0.031 -0.307 0.668 0.000 -0.640 -0.379 0.924 0.000 -0.235 0.303 0.674 0.000 -0.738 0.015 0.989 0.000 0.063 0.134 
-0.387 0.026 0.023 -0.921 0.723 0.000 -0.685 0.089 0.981 0.000 -0.013 -0.195 0.781 0.000 -0.602 -0.165 0.948 -0.000 -0.031 -0.316 0.668 0.000 -0.639 -0.382 0.932 0.000 -0.217 0.289 0.674 0.000 -0.738 0.022 0.989 0.000 0.066 0.133 
-0.385 0.025 0.023 -0.922 0.723 0.000 -0.684 0.092 0.981 0.000 -0.010 -0.192 0.780 0.000 -0.601 -0.173 0.945 0.000 -0.031 -0.325 0.667 0.000 -0.637 -0.385 0.941 0.000 -0.198 0.276 0.674 0.000 -0.738 0.030 0.989 0.000 0.069 0.131 
-0.382 0.023 0.023 -0.923 0.724 0.000 -0.684 0.095 0.981 0.000 -0.007 -0.191 0.779 -0.000 -0.601 -0.181 0.942 0.000 -0.030 -0.333 0.667 0.000 -0.636 -0.387 0.948 0.000 -0.180 0.264 0.673 0.000 -0.738 0.038 0.989 0.000 0.073 0.129 
-0.380 0.021 0.023 -0.924 0.725 0.000 -0.682 0.098 0.982 0.000 -0.006 -0.191 0.777 0.000 -0.601 -0.188 0.939 0.000 -0.030 -0.341 0.667 0.000 -0.635 -0.390 0.954 0.000 -0.161 0.254 0.672 0.000 -0.739 0.047 0.989 -0.000 0.076 0.126 
-0.378 0.019 0.023 -0.925 0.726 0.000 -0.680 0.100 0.982 0.000 -0.005 -0.191 0.775 0.000 -0.601 -0.195 0.936 0.000 -0.028 -0.350 0.666 0.000 -0.634 -0.392 0.962 -0.000 -0.128 0.240 0.671 0.000 -0.740 0.054 0.989 0.000 0.079 0.125 
-0.376 0.016 0.023 -0.926 0.728 -0.000 -0.678 0.103 0.982 -0.000 -0.003 -0.189 0.773 -0.000 -0.602 -0.202 0.933 0.000 -0.027 -0.358 0.665 -0.000 -0.634 -0.394 0.967 0.000 -0.104 0.231 0.669 0.000 -0.741 0.062 0.989 0.000 0.084 0.123 
-0.374 0.013 0.023 -0.927 0.730 0.000 -0.676 0.105 0.982 0.000 -0.001 -0.188 0.770 0.000 -0.602 -0.209 0.931 0.000 -0.026 -0.365 0.664 0.000 -0.634 -0.396 0.972 0.000 -0.080 0.222 0.667 0.000 -0.742 0.071 0.989 0.000 0.088 0.120 
-0.372 0.010 0.022 -0.928 0.732 0.000 -0.673 0.107 0.982 0.000 -0.000 -0.188 0.768 0.000 -0.603 -0.216 0.928 -0.000 -0.025 -0.373 0.664 0.000 -0.634 -0.397 0.976 0.000 -0.059 0.211 0.665 0.000 -0.742 0.080 0.989 0.000 0.091 0.117 
-0.370 0.007 0.022 -0.929 0.734 0.000 -0.670 0.109 0.982 0.000 0.001 -0.187 0.765 0.000 -0.604 -0.222 0.925 0.000 -0.023 -0.380 0.664 0.000 -0.634 -0.397 0.979 0.000 -0.038 0.201 0.664 0.000 -0.742 0.090 0.989 0.000 0.094 0.114 
-0.368 0.004 0.021 -0.929 0.735 0.000 -0.669 0.110 0.983 0.000 0.003 -0.186 0.762 0.000 -0.606 -0.228 0.922 0.000 -0.019 -0.386 0.664 0.000 -0.633 -0.398 0.981 0.000 -0.018 0.192 0.663 0.000 -0.742 0.099 0.989 0.000 0.097 0.111 
-0.366 0.001 0.020 -0.930 0.737 0.000 -0.666 0.112 0.983 0.000 0.004 -0.185 0.760 0.000 -0.607 -0.234 0.920 0.000 -0.017 -0.392 0.664 0.000 -0.633 -0.398 0.983 0.000 0.002 0.183 0.662 0.000 -0.742 0.108 0.989 0.000 0.099 0.108 
-0.364 -0.001 0.020 -0.931 0.739 0.000 -0.664 0.113 0.983 0.000 0.005 -0.183 0.757 -0.000 -0.607 -0.240 0.918 -0.000 -0.017 -0.397 0.665 0.000 -0.629 -0.402 0.983 0.000 0.016 0.181 0.662 0.000 -0.740 0.118 0.989 0.000 0.100 0.106 
-0.361 -0.004 0.019 -0.932 0.740 0.000 -0.663 0.115 0.983 0.000 0.008 -0.182 0.755 0.000 -0.609 -0.245 0.915 0.000 -0.016 -0.402 0.665 0.000 -0.629 -0.401 0.984 -0.000 0.033 0.176 0.662 0.000 -0.739 0.126 0.989 0.000 0.102 0.104 
-0.358 -0.005 0.018 -0.933 0.741 0.000 -0.661 0.117 0.983 0.000 0.007 -0.183 0.752 0.000 -0.610 -0.250 0.913 0.000 -0.015 -0.407 0.666 0.000 -0.629 -0.401 0.984 -0.000 0.046 0.171 0.662 0.000 -0.737 0.136 0.989 -0.000 0.104 0.103 
-0.355 -0.007 0.017 -0.935 0.742 0.000 -0.660 0.118 0.983 0.000 0.009 -0.181 0.750 -0.000 -0.611 -0.255 0.912 -0.000 -0.015 -0.411 0.668 -0.000 -0.628 -0.400 0.984 0.000 0.055 0.168 0.662 0.000 -0.735 0.144 0.989 0.000 0.107 0.102 
-0.352 -0.008 0.016 -0.936 0.743 0.000 -0.659 0.119 0.984 0.000 0.010 -0.179 0.748 0.000 -0.611 -0.259 0.910 0.000 -0.015 -0.414 0.669 0.000 -0.627 -0.399 0.984 0.000 0.058 0.166 0.663 -0.000 -0.733 0.153 0.989 0.000 0.111 0.101 
-0.349 -0.008 0.015 -0.937 0.743 0.000 -0.659 0.121 0.984 0.000 0.012 -0.177 0.746 0.000 -0.612 -0.262 0.909 0.000 -0.016 -0.417 0.671 -0.000 -0.626 -0.398 0.985 0.000 0.057 0.165 0.663 0.000 -0.731 0.163 0.988 0.000 0.116 0.100 
-0.346 -0.008 0.014 -0.938 0.743 0.000 -0.658 0.122 0.985 0.000 0.014 -0.171 0.745 0.000 -0.613 -0.265 0.908 -0.000 -0.017 -0.419 0.673 0.000 -0.625 -0.396 0.985 0.000 0.052 0.162 0.663 0.000 -0.728 0.172 0.988 0.000 0.122 0.098 
-0.343 -0.008 0.013 -0.939 0.742 0.000 -0.659 0.124 0.985 0.000 0.014 -0.172 0.744 -0.000 -0.613 -0.267 0.907 0.000 -0.018 -0.421 0.674 0.000 -0.625 -0.393 0.985 0.000 0.048 0.163 0.664 0.000 -0.726 0.181 0.987 0.000 0.128 0.097 
-0.340 -0.007 0.012 -0.940 0.742 0.000 -0.659 0.124 0.986 0.000 0.015 -0.169 0.743 0.000 -0.614 -0.267 0.906 0.000 -0.020 -0.424 0.675 0.000 -0.626 -0.390 0.985 0.000 0.040 0.168 0.665 0.000 -0.723 0.191 0.986 0.000 0.134 0.095 
-0.337 -0.006 0.010 -0.941 0.741 0.000 -0.660 0.126 0.986 0.000 0.017 -0.167 0.743 0.000 -0.615 -0.266 0.906 0.000 -0.023 -0.424 0.675 -0.000 -0.628 -0.387 0.984 0.000 0.033 0.175 0.665 0.000 -0.719 0.200 0.986 0.000 0.141 0.094 
-0.335 -0.004 0.009 -0.942 0.740 0.000 -0.661 0.128 0.986 0.000 0.017 -0.165 0.742 0.000 -0.616 -0.266 0.906 0.000 -0.025 -0.423 0.675 -0.000 -0.630 -0.383 0.983 0.000 0.025 0.180 0.666 0.000 -0.715 0.210 0.985 0.000 0.148 0.092 
-0.333 -0.003 0.008 -0.943 0.739 0.000 -0.661 0.129 0.986 0.000 0.018 -0.163 0.742 0.000 -0.616 -0.264 0.906 0.000 -0.029 -0.423 0.674 0.000 -0.634 -0.379 0.982 0.000 0.018 0.186 0.668 0.000 -0.711 0.220 0.984 0.000 0.153 0.091 
-0.331 -0.001 0.006 -0.944 0.738 -0.000 -0.662 0.130 0.987 0.000 0.019 -0.161 0.741 0.000 -0.618 -0.262 0.906 -0.000 -0.031 -0.421 0.673 0.000 -0.638 -0.374 0.980 0.000 0.018 0.197 0.670 0.000 -0.707 0.226 0.983 0.000 0.157 0.094 
-0.330 0.001 0.005 -0.944 0.738 0.000 -0.662 0.130 0.987 0.000 0.018 -0.159 0.740 0.000 -0.620 -0.259 0.908 -0.000 -0.032 -0.418 0.670 0.000 -0.644 -0.368 0.979 0.000 0.014 0.202 0.675 0.000 -0.702 0.229 0.982 0.000 0.157 0.103 
-0.330 0.003 0.003 -0.944 0.737 0.000 -0.663 0.132 0.987 0.000 0.018 -0.157 0.743 0.000 -0.619 -0.255 0.909 0.000 -0.036 -0.416 0.668 0.000 -0.651 -0.361 0.979 -0.000 0.011 0.205 0.679 0.000 -0.697 0.230 0.981 -0.000 0.157 0.115 
-0.327 0.005 -0.000 -0.945 0.736 0.000 -0.663 0.135 0.988 -0.000 0.018 -0.155 0.742 0.000 -0.622 -0.250 0.911 0.000 -0.041 -0.411 0.667 0.000 -0.659 -0.347 0.980 -0.000 0.004 0.197 0.684 0.000 -0.692 0.232 0.979 0.000 0.159 0.126 
-0.328 0.007 -0.002 -0.945 0.736 0.000 -0.663 0.135 0.988 0.000 0.018 -0.154 0.743 0.000 -0.623 -0.246 0.913 0.000 -0.042 -0.406 0.666 0.000 -0.664 -0.339 0.981 0.000 -0.007 0.192 0.686 -0.000 -0.689 0.231 0.977 -0.000 0.162 0.140 
-0.330 0.009 -0.003 -0.944 0.735 0.000 -0.664 0.135 0.988 0.000 0.017 -0.152 0.743 0.000 -0.624 -0.242 0.916 -0.000 -0.041 -0.399 0.665 0.000 -0.668 -0.334 0.982 0.000 -0.020 0.188 0.689 0.000 -0.688 0.226 0.974 0.000 0.163 0.158 
-0.333 0.011 -0.004 -0.943 0.735 0.000 -0.665 0.133 0.988 0.000 0.017 -0.151 0.744 -0.000 -0.625 -0.238 0.919 -0.000 -0.039 -0.391 0.665 -0.000 -0.671 -0.328 0.983 0.000 -0.033 0.182 0.693 0.000 -0.687 0.218 0.970 0.000 0.162 0.182 
-0.337 0.014 -0.004 -0.941 0.734 0.000 -0.666 0.132 0.989 -0.000 0.016 -0.150 0.745 -0.000 -0.625 -0.233 0.924 0.000 -0.036 -0.382 0.664 0.000 -0.675 -0.322 0.983 -0.000 -0.046 0.177 0.696 0.000 -0.687 0.208 0.965 0.000 0.161 0.207 
-0.341 0.017 -0.005 -0.940 0.733 0.000 -0.668 0.130 0.989 0.000 0.015 -0.149 0.746 0.000 -0.625 -0.229 0.928 0.000 -0.033 -0.371 0.663 0.000 -0.679 -0.315 0.983 0.000 -0.059 0.172 0.699 0.000 -0.688 0.196 0.959 0.000 0.161 0.235 
-0.346 0.020 -0.005 -0.938 0.733 0.000 -0.670 0.122 0.990 -0.000 0.016 -0.139 0.747 -0.000 -0.625 -0.225 0.933 0.000 -0.029 -0.360 0.663 0.000 -0.683 -0.308 0.984 0.000 -0.070 0.166 0.701 -0.000 -0.689 0.183 0.951 -0.000 0.160 0.264 
-0.352 0.023 -0.006 -0.936 0.732 0.000 -0.670 0.124 0.989 0.000 0.012 -0.146 0.749 0.000 -0.625 -0.220 0.937 0.000 -0.024 -0.347 0.661 0.000 -0.688 -0.299 0.984 0.000 -0.079 0.160 0.703 0.000 -0.691 0.169 0.943 0.000 0.158 0.293 
-0.358 0.026 -0.006 -0.933 0.732 0.000 -0.671 0.120 0.989 -0.000 0.010 -0.146 0.750 0.000 -0.625 -0.216 0.942 0.000 -0.018 -0.334 0.660 0.000 -0.692 -0.293 0.984 0.000 -0.088 0.157 0.703 0.000 -0.694 0.155 0.934 0.000 0.155 0.323 
-0.368 0.028 -0.004 -0.930 0.732 0.000 -0.672 0.114 0.989 0.000 0.008 -0.145 0.753 0.000 -0.623 -0.212 0.947 -0.000 -0.010 -0.320 0.658 0.000 -0.694 -0.294 0.983 0.000 -0.097 0.158 0.703 0.000 -0.698 0.137 0.924 0.000 0.146 0.354 
-0.375 0.030 -0.004 -0.927 0.732 0.000 -0.674 0.103 0.991 0.000 0.009 -0.136 0.754 0.000 -0.624 -0.207 0.952 0.000 -0.004 -0.307 0.656 0.000 -0.699 -0.286 0.983 0.000 -0.101 0.155 0.703 0.000 -0.701 0.121 0.914 0.000 0.138 0.382 
-0.381 0.031 -0.005 -0.924 0.732 0.000 -0.675 0.096 0.991 0.000 0.009 -0.134 0.755 0.000 -0.624 -0.202 0.956 0.000 0.002 -0.292 0.653 0.000 -0.705 -0.277 0.983 0.000 -0.102 0.153 0.702 0.000 -0.704 0.105 0.904 0.000 0.128 0.409 
-0.388 0.033 -0.005 -0.921 0.732 0.000 -0.675 0.091 0.991 0.000 0.007 -0.135 0.756 0.000 -0.625 -0.197 0.961 0.000 0.007 -0.277 0.649 -0.000 -0.712 -0.268 0.983 0.000 -0.102 0.151 0.701 0.000 -0.708 0.087 0.893 0.000 0.114 0.434 
-0.395 0.034 -0.004 -0.918 0.732 0.000 -0.676 0.087 0.990 0.000 0.005 -0.138 0.757 0.000 -0.624 -0.192 0.965 0.000 0.011 -0.262 0.646 0.000 -0.719 -0.257 0.984 -0.000 -0.098 0.148 0.700 0.000 -0.711 0.069 0.883 0.000 0.100 0.458 
-0.402 0.035 -0.004 -0.915 0.733 0.000 -0.675 0.081 0.990 -0.000 0.002 -0.140 0.757 0.000 -0.625 -0.188 0.969 0.000 0.016 -0.247 0.642 0.000 -0.726 -0.247 0.985 -0.000 -0.095 0.145 0.698 0.000 -0.714 0.049 0.873 0.000 0.083 0.480 
-0.408 0.034 -0.003 -0.913 0.734 0.000 -0.675 0.076 0.990 0.000 0.000 -0.143 0.757 0.000 -0.627 -0.185 0.973 -0.000 0.021 -0.232 0.640 0.000 -0.731 -0.237 0.985 -0.000 -0.092 0.143 0.695 0.000 -0.719 0.029 0.864 0.000 0.065 0.499 
-0.412 0.035 -0.004 -0.911 0.736 0.000 -0.673 0.073 0.989 0.000 -0.003 -0.147 0.757 -0.000 -0.628 -0.180 0.976 0.000 0.024 -0.217 0.638 0.000 -0.738 -0.221 0.986 -0.000 -0.087 0.139 0.693 0.000 -0.721 0.010 0.856 0.000 0.049 0.514 
-0.419 0.035 -0.003 -0.907 0.737 0.000 -0.672 0.067 0.988 0.000 -0.007 -0.152 0.758 0.000 -0.628 -0.177 0.979 0.000 0.028 -0.201 0.635 0.000 -0.742 -0.215 0.987 0.000 -0.084 0.140 0.691 0.000 -0.722 -0.012 0.850 0.000 0.026 0.527 
-0.423 0.034 -0.003 -0.906 0.740 -0.000 -0.670 0.063 0.988 0.000 -0.011 -0.156 0.756 0.000 -0.631 -0.172 0.982 -0.000 0.031 -0.187 0.634 0.000 -0.747 -0.200 0.987 0.000 -0.079 0.137 0.689 0.000 -0.724 -0.032 0.844 0.000 0.008 0.536 
-0.426 0.032 -0.004 -0.904 0.742 -0.000 -0.668 0.058 0.987 0.000 -0.012 -0.161 0.755 0.000 -0.634 -0.168 0.984 0.000 0.034 -0.174 0.632 0.000 -0.752 -0.187 0.988 0.000 -0.073 0.135 0.687 0.000 -0.724 -0.053 0.840 0.000 -0.015 0.542 
-0.430 0.031 -0.004 -0.902 0.746 0.000 -0.664 0.052 0.986 0.000 -0.019 -0.164 0.754 0.000 -0.636 -0.165 0.986 0.000 0.037 -0.160 0.632 0.000 -0.755 -0.176 0.989 0.000 -0.069 0.133 0.686 -0.000 -0.723 -0.076 0.836 -0.000 -0.038 0.548 
-0.434 0.029 -0.004 -0.900 0.749 0.000 -0.661 0.045 0.985 0.000 -0.023 -0.169 0.751 -0.000 -0.640 -0.161 0.988 -0.000 0.043 -0.145 0.632 0.000 -0.757 -0.166 0.989 0.000 -0.065 0.133 0.686 0.000 -0.721 -0.101 0.833 0.000 -0.063 0.550 
-0.438 0.027 -0.004 -0.899 0.750 0.000 -0.660 0.041 0.984 0.000 -0.023 -0.178 0.750 0.000 -0.643 -0.156 0.990 0.000 0.044 -0.137 0.632 0.000 -0.760 -0.155 0.990 0.000 -0.061 0.131 0.686 -0.000 -0.716 -0.124 0.830 0.000 -0.087 0.551 
-0.440 0.025 -0.004 -0.898 0.753 0.000 -0.657 0.036 0.983 -0.000 -0.026 -0.184 0.749 0.000 -0.646 -0.151 0.991 0.000 0.045 -0.128 0.633 0.000 -0.761 -0.142 0.990 0.000 -0.058 0.128 0.687 -0.000 -0.712 -0.147 0.828 0.000 -0.107 0.550 
-0.443 0.023 -0.004 -0.896 0.755 0.000 -0.655 0.030 0.981 0.000 -0.027 -0.191 0.748 0.000 -0.647 -0.146 0.992 0.000 0.046 -0.117 0.634 0.000 -0.762 -0.132 0.990 0.000 -0.055 0.127 0.687 0.000 -0.707 -0.169 0.828 -0.000 -0.131 0.546 
-0.446 0.020 -0.005 -0.895 0.758 0.000 -0.651 0.025 0.980 -0.000 -0.030 -0.197 0.745 0.000 -0.652 -0.139 0.993 0.000 0.048 -0.112 0.635 0.000 -0.763 -0.119 0.991 0.000 -0.051 0.125 0.686 -0.000 -0.702 -0.189 0.829 0.000 -0.151 0.538 
-0.452 0.018 -0.004 -0.892 0.759 0.000 -0.650 0.021 0.977 -0.000 -0.031 -0.209 0.745 0.000 -0.654 -0.133 0.993 0.000 0.048 -0.106 0.635 -0.000 -0.764 -0.112 0.991 0.000 -0.048 0.126 0.687 0.000 -0.696 -0.208 0.832 0.000 -0.172 0.527 
-0.454 0.015 -0.005 -0.891 0.763 -0.000 -0.646 0.017 0.976 0.000 -0.034 -0.217 0.743 0.000 -0.657 -0.125 0.994 0.000 0.050 -0.099 0.637 -0.000 -0.764 -0.102 0.991 0.000 -0.047 0.127 0.684 0.000 -0.694 -0.226 0.836 0.000 -0.187 0.516 
-0.459 0.013 -0.007 -0.888 0.766 0.000 -0.643 0.011 0.974 0.000 -0.038 -0.223 0.742 0.000 -0.660 -0.116 0.994 0.000 0.050 -0.095 0.639 0.000 -0.764 -0.089 0.991 -0.000 -0.043 0.127 0.683 0.000 -0.691 -0.238 0.842 0.000 -0.198 0.502 
-0.461 0.010 -0.008 -0.887 0.769 0.000 -0.640 0.007 0.972 0.000 -0.040 -0.230 0.739 0.000 -0.665 -0.107 0.994 0.000 0.051 -0.092 0.642 0.000 -0.763 -0.074 0.991 0.000 -0.040 0.124 0.681 0.000 -0.688 -0.251 0.848 0.000 -0.207 0.488 
-0.465 0.007 -0.009 -0.885 0.772 0.000 -0.636 0.002 0.970 0.000 -0.044 -0.238 0.738 0.000 -0.667 -0.098 0.995 0.000 0.051 -0.090 0.643 0.000 -0.763 -0.064 0.991 -0.000 -0.036 0.125 0.682 -0.000 -0.683 -0.263 0.855 0.000 -0.217 0.471 
-0.468 0.005 -0.009 -0.883 0.774 0.000 -0.633 -0.001 0.967 0.000 -0.047 -0.248 0.737 0.000 -0.670 -0.090 0.995 0.000 0.050 -0.089 0.645 0.000 -0.762 -0.055 0.991 0.000 -0.033 0.126 0.681 -0.000 -0.678 -0.278 0.862 -0.000 -0.226 0.454 
-0.474 0.002 -0.011 -0.881 0.776 0.000 -0.630 -0.006 0.965 0.000 -0.051 -0.256 0.736 0.000 -0.673 -0.080 0.995 0.000 0.050 -0.088 0.647 0.000 -0.761 -0.045 0.991 -0.000 -0.029 0.128 0.680 0.000 -0.676 -0.285 0.871 0.000 -0.228 0.435 
-0.478 -0.000 -0.011 -0.878 0.779 0.000 -0.627 -0.012 0.963 0.000 -0.055 -0.264 0.736 0.000 -0.673 -0.071 0.995 0.000 0.049 -0.085 0.648 0.000 -0.761 -0.040 0.991 -0.000 -0.026 0.132 0.679 0.000 -0.671 -0.298 0.879 0.000 -0.232 0.417 
-0.483 -0.002 -0.013 -0.875 0.781 0.000 -0.624 -0.016 0.960 0.000 -0.061 -0.272 0.735 0.000 -0.675 -0.063 0.995 0.000 0.047 -0.087 0.650 -0.000 -0.759 -0.028 0.991 0.000 -0.021 0.134 0.679 0.000 -0.670 -0.301 0.889 0.000 -0.229 0.396 
-0.487 -0.004 -0.014 -0.873 0.783 0.000 -0.622 -0.021 0.958 0.000 -0.066 -0.280 0.734 0.000 -0.677 -0.054 0.995 0.000 0.050 -0.082 0.651 -0.000 -0.759 -0.020 0.990 0.000 -0.016 0.137 0.679 0.000 -0.667 -0.307 0.899 -0.000 -0.226 0.376 
-0.491 -0.005 -0.015 -0.871 0.785 0.000 -0.619 -0.026 0.955 0.000 -0.070 -0.288 0.732 0.000 -0.680 -0.045 0.995 0.000 0.051 -0.081 0.652 0.000 -0.758 -0.012 0.990 0.000 -0.011 0.141 0.679 0.000 -0.664 -0.313 0.908 0.000 -0.221 0.357 
-0.495 -0.006 -0.013 -0.869 0.785 0.000 -0.619 -0.032 0.952 0.000 -0.074 -0.297 0.732 0.000 -0.680 -0.037 0.996 0.000 0.053 -0.079 0.650 0.000 -0.760 -0.006 0.990 0.000 -0.004 0.144 0.680 0.000 -0.659 -0.320 0.916 0.000 -0.216 0.337 
-0.495 -0.008 -0.014 -0.869 0.787 0.000 -0.616 -0.036 0.949 0.000 -0.077 -0.305 0.730 0.000 -0.683 -0.026 0.995 0.000 0.053 -0.082 0.653 0.000 -0.758 0.006 0.990 0.000 0.001 0.143 0.678 0.000 -0.658 -0.326 0.925 0.000 -0.205 0.319 
-0.498 -0.008 -0.015 -0.867 0.788 0.000 -0.614 -0.039 0.946 0.000 -0.083 -0.314 0.731 0.000 -0.683 -0.019 0.995 0.000 0.052 -0.080 0.652 0.000 -0.758 0.014 0.989 -0.000 0.008 0.146 0.679 0.000 -0.656 -0.329 0.934 0.000 -0.194 0.300 
-0.502 -0.009 -0.015 -0.865 0.789 0.000 -0.613 -0.044 0.943 0.000 -0.087 -0.323 0.731 0.000 -0.682 -0.010 0.996 0.000 0.050 -0.080 0.652 0.000 -0.758 0.023 0.989 -0.000 0.016 0.149 0.680 0.000 -0.655 -0.331 0.943 -0.000 -0.181 0.279 
-0.504 -0.010 -0.014 -0.864 0.790 0.000 -0.611 -0.049 0.939 -0.000 -0.091 -0.332 0.731 0.000 -0.682 -0.004 0.996 0.000 0.050 -0.080 0.650 0.000 -0.759 0.032 0.989 0.000 0.025 0.149 0.679 0.000 -0.652 -0.337 0.950 -0.000 -0.168 0.263 
-0.506 -0.010 -0.013 -0.862 0.791 0.000 -0.610 -0.052 0.935 0.000 -0.094 -0.341 0.731 0.000 -0.682 0.004 0.995 0.000 0.050 -0.081 0.649 0.000 -0.760 0.040 0.988 0.000 0.034 0.149 0.679 0.000 -0.650 -0.340 0.957 -0.000 -0.152 0.246 
-0.508 -0.010 -0.012 -0.861 0.791 0.000 -0.609 -0.057 0.931 0.000 -0.098 -0.352 0.732 -0.000 -0.681 0.013 0.995 0.000 0.049 -0.084 0.647 0.000 -0.761 0.049 0.988 0.000 0.043 0.149 0.679 0.000 -0.648 -0.345 0.964 0.000 -0.135 0.229 
-0.514 -0.011 -0.010 -0.858 0.791 0.000 -0.608 -0.063 0.927 0.000 -0.104 -0.361 0.733 0.000 -0.680 0.017 0.995 0.000 0.049 -0.081 0.646 0.000 -0.761 0.050 0.987 0.000 0.051 0.153 0.679 -0.000 -0.645 -0.349 0.970 0.000 -0.118 0.212 
-0.517 -0.010 -0.009 -0.856 0.791 0.000 -0.608 -0.066 0.923 0.000 -0.109 -0.370 0.734 0.000 -0.679 0.024 0.995 0.000 0.050 -0.082 0.645 0.000 -0.762 0.059 0.986 0.000 0.059 0.153 0.678 0.000 -0.646 -0.351 0.976 0.000 -0.095 0.196 
-0.519 -0.009 -0.007 -0.855 0.792 0.000 -0.607 -0.068 0.918 0.000 -0.115 -0.379 0.735 0.000 -0.677 0.029 0.995 0.000 0.047 -0.083 0.642 0.000 -0.763 0.068 0.986 0.000 0.068 0.152 0.677 0.000 -0.644 -0.355 0.980 0.000 -0.074 0.183 
-0.521 -0.008 -0.005 -0.854 0.791 0.000 -0.607 -0.071 0.914 0.000 -0.117 -0.389 0.736 0.000 -0.676 0.035 0.995 0.000 0.049 -0.084 0.640 0.000 -0.764 0.076 0.985 0.000 0.076 0.152 0.677 0.000 -0.643 -0.358 0.984 0.000 -0.052 0.172 
-0.523 -0.007 -0.004 -0.852 0.789 0.000 -0.610 -0.077 0.911 0.000 -0.118 -0.395 0.737 0.000 -0.674 0.041 0.995 0.000 0.050 -0.083 0.639 0.000 -0.765 0.086 0.985 0.000 0.083 0.151 0.676 0.000 -0.643 -0.360 0.987 0.000 -0.033 0.157 
-0.526 -0.005 -0.002 -0.851 0.789 0.000 -0.609 -0.078 0.906 0.000 -0.126 -0.405 0.738 0.000 -0.673 0.045 0.996 -0.000 0.051 -0.077 0.638 0.000 -0.764 0.097 0.985 0.000 0.090 0.148 0.674 0.000 -0.644 -0.361 0.989 0.000 -0.008 0.150 
-0.528 -0.004 -0.001 -0.849 0.789 0.000 -0.609 -0.081 0.902 0.000 -0.130 -0.412 0.739 0.000 -0.672 0.051 0.996 -0.000 0.052 -0.076 0.637 -0.000 -0.764 0.105 0.985 -0.000 0.095 0.147 0.674 0.000 -0.644 -0.363 0.990 0.000 0.011 0.141 
-0.531 -0.003 0.001 -0.848 0.788 0.000 -0.610 -0.085 0.898 0.000 -0.132 -0.420 0.741 0.000 -0.669 0.058 0.996 -0.000 0.051 -0.079 0.637 0.000 -0.763 0.113 0.984 0.000 0.100 0.147 0.673 -0.000 -0.643 -0.365 0.991 0.000 0.029 0.134 
-0.534 -0.002 0.002 -0.845 0.787 0.000 -0.611 -0.087 0.894 -0.000 -0.137 -0.426 0.741 0.000 -0.669 0.062 0.996 0.000 0.052 -0.075 0.637 0.000 -0.761 0.124 0.984 0.000 0.105 0.145 0.674 0.000 -0.644 -0.363 0.991 0.000 0.044 0.126 
-0.537 -0.000 0.003 -0.843 0.786 -0.000 -0.612 -0.089 0.890 -0.000 -0.141 -0.433 0.741 -0.000 -0.668 0.069 0.996 0.000 0.054 -0.076 0.637 0.000 -0.760 0.133 0.984 0.000 0.110 0.143 0.675 -0.000 -0.643 -0.363 0.991 0.000 0.053 0.120 
-0.540 0.001 0.003 -0.842 0.784 0.000 -0.613 -0.091 0.887 -0.000 -0.145 -0.438 0.742 -0.000 -0.666 0.074 0.996 0.000 0.053 -0.075 0.636 -0.000 -0.758 0.144 0.984 0.000 0.114 0.140 0.676 0.000 -0.642 -0.361 0.992 0.000 0.057 0.115 
-0.544 0.002 0.004 -0.839 0.783 0.000 -0.615 -0.093 0.884 0.000 -0.149 -0.443 0.742 0.000 -0.665 0.080 0.996 0.000 0.054 -0.075 0.637 0.000 -0.756 0.152 0.982 0.000 0.125 0.138 0.679 0.000 -0.640 -0.360 0.992 0.000 0.057 0.113 
-0.547 0.003 0.004 -0.837 0.782 0.000 -0.616 -0.094 0.881 0.000 -0.154 -0.447 0.743 -0.000 -0.663 0.088 0.996 0.000 0.050 -0.078 0.637 -0.000 -0.753 0.162 0.981 0.000 0.137 0.135 0.681 0.000 -0.639 -0.358 0.992 -0.000 0.056 0.113 
-0.552 0.004 0.004 -0.834 0.781 0.000 -0.617 -0.096 0.878 0.000 -0.154 -0.453 0.742 -0.000 -0.664 0.091 0.996 0.000 0.055 -0.074 0.639 0.000 -0.751 0.169 0.980 0.000 0.147 0.135 0.683 0.000 -0.636 -0.359 0.992 0.000 0.048 0.119 
-0.556 0.004 0.004 -0.831 0.781 0.000 -0.617 -0.097 0.876 0.000 -0.161 -0.455 0.742 0.000 -0.663 0.100 0.996 0.000 0.051 -0.079 0.641 0.000 -0.747 0.175 0.978 0.000 0.156 0.136 0.685 0.000 -0.635 -0.358 0.991 0.000 0.041 0.124 
-0.560 0.004 0.003 -0.828 0.780 0.000 -0.618 -0.097 0.874 0.000 -0.169 -0.456 0.741 -0.000 -0.663 0.104 0.996 0.000 0.050 -0.077 0.643 0.000 -0.744 0.181 0.977 0.000 0.164 0.137 0.686 -0.000 -0.634 -0.356 0.991 0.000 0.032 0.130 
-0.564 0.005 0.002 -0.826 0.779 0.000 -0.619 -0.098 0.872 0.000 -0.174 -0.457 0.740 0.000 -0.663 0.109 0.996 0.000 0.049 -0.076 0.646 0.000 -0.741 0.186 0.975 0.000 0.172 0.139 0.687 -0.000 -0.634 -0.354 0.990 0.000 0.024 0.137 
-0.568 0.006 0.001 -0.823 0.778 -0.000 -0.620 -0.095 0.871 0.000 -0.181 -0.457 0.738 0.000 -0.666 0.108 0.996 0.000 0.052 -0.070 0.648 0.000 -0.737 0.194 0.974 0.000 0.179 0.141 0.688 0.000 -0.637 -0.348 0.990 0.000 0.020 0.141 
-0.571 0.006 0.000 -0.821 0.778 0.000 -0.621 -0.095 0.870 0.000 -0.184 -0.457 0.739 -0.000 -0.664 0.115 0.996 -0.000 0.049 -0.072 0.650 0.000 -0.733 0.198 0.972 0.000 0.185 0.143 0.686 -0.000 -0.640 -0.345 0.989 0.000 0.016 0.146 
-0.574 0.007 -0.001 -0.818 0.777 0.000 -0.623 -0.093 0.870 0.000 -0.189 -0.456 0.737 -0.000 -0.666 0.115 0.996 0.000 0.052 -0.068 0.653 0.000 -0.730 0.202 0.971 0.000 0.190 0.147 0.686 0.000 -0.643 -0.339 0.989 0.000 0.012 0.150 
-0.576 0.008 -0.001 -0.818 0.775 0.000 -0.625 -0.092 0.869 0.000 -0.190 -0.457 0.739 0.000 -0.663 0.121 0.996 -0.000 0.049 -0.071 0.654 0.000 -0.728 0.205 0.969 0.000 0.193 0.152 0.686 0.000 -0.644 -0.338 0.988 0.000 0.008 0.156 
-0.578 0.010 -0.003 -0.816 0.774 0.000 -0.627 -0.089 0.870 0.000 -0.194 -0.454 0.737 0.000 -0.665 0.121 0.996 0.000 0.053 -0.068 0.657 0.000 -0.724 0.210 0.967 0.000 0.198 0.158 0.684 0.000 -0.651 -0.329 0.987 0.000 0.010 0.160 
-0.579 0.010 -0.002 -0.815 0.773 -0.000 -0.629 -0.089 0.871 0.000 -0.195 -0.451 0.738 0.000 -0.663 0.126 0.996 0.000 0.048 -0.071 0.659 0.000 -0.723 0.209 0.965 0.000 0.200 0.167 0.684 -0.000 -0.653 -0.326 0.986 0.000 0.006 0.165 
-0.579 0.012 -0.002 -0.815 0.771 0.000 -0.631 -0.086 0.872 0.000 -0.194 -0.450 0.739 0.000 -0.662 0.127 0.996 -0.000 0.048 -0.070 0.661 -0.000 -0.722 0.205 0.963 0.000 0.199 0.182 0.685 -0.000 -0.654 -0.323 0.985 0.000 0.001 0.170 
-0.579 0.013 -0.002 -0.816 0.769 -0.000 -0.634 -0.084 0.874 0.000 -0.194 -0.446 0.739 0.000 -0.662 0.127 0.996 0.000 0.048 -0.070 0.665 0.000 -0.720 0.200 0.960 0.000 0.195 0.200 0.685 0.000 -0.656 -0.316 0.985 0.000 -0.004 0.172 
-0.577 0.014 -0.003 -0.816 0.768 0.000 -0.636 -0.081 0.876 -0.000 -0.192 -0.442 0.738 0.000 -0.663 0.124 0.997 0.000 0.049 -0.067 0.669 0.000 -0.718 0.193 0.957 0.000 0.190 0.221 0.685 0.000 -0.660 -0.309 0.985 -0.000 -0.010 0.174 
-0.576 0.014 -0.003 -0.818 0.767 0.000 -0.637 -0.079 0.880 0.000 -0.191 -0.435 0.739 0.000 -0.662 0.124 0.997 -0.000 0.047 -0.068 0.673 0.000 -0.717 0.181 0.952 0.000 0.182 0.247 0.685 0.000 -0.662 -0.304 0.985 0.000 -0.015 0.174 
-0.573 0.013 -0.003 -0.819 0.766 0.000 -0.639 -0.076 0.883 0.000 -0.184 -0.432 0.739 0.000 -0.663 0.122 0.997 0.000 0.046 -0.068 0.677 0.000 -0.717 0.165 0.945 0.000 0.173 0.278 0.685 0.000 -0.665 -0.297 0.985 0.000 -0.022 0.173 
-0.571 0.012 -0.004 -0.821 0.766 0.000 -0.639 -0.073 0.885 0.000 -0.182 -0.428 0.738 0.000 -0.664 0.119 0.997 0.000 0.046 -0.069 0.681 -0.000 -0.717 0.151 0.938 0.000 0.165 0.304 0.685 0.000 -0.667 -0.292 0.985 -0.000 -0.030 0.172 
-0.567 0.010 -0.005 -0.824 0.766 0.000 -0.639 -0.070 0.889 0.000 -0.177 -0.422 0.738 0.000 -0.665 0.115 0.997 0.000 0.045 -0.068 0.681 -0.000 -0.717 0.151 0.935 0.000 0.166 0.315 0.684 0.000 -0.671 -0.287 0.984 0.000 -0.037 0.172 
-0.561 0.009 -0.007 -0.828 0.766 0.000 -0.639 -0.065 0.893 0.000 -0.170 -0.417 0.737 0.000 -0.667 0.111 0.996 -0.000 0.050 -0.071 0.685 -0.000 -0.718 0.125 0.922 0.000 0.146 0.358 0.682 0.000 -0.675 -0.281 0.984 0.000 -0.043 0.172 
-0.556 0.008 -0.008 -0.831 0.766 -0.000 -0.640 -0.061 0.897 0.000 -0.164 -0.411 0.737 0.000 -0.668 0.106 0.996 0.000 0.050 -0.072 0.686 0.000 -0.719 0.109 0.913 0.000 0.134 0.386 0.680 0.000 -0.680 -0.276 0.984 0.000 -0.048 0.173 
-0.550 0.006 -0.009 -0.835 0.767 -0.000 -0.640 -0.057 0.901 0.000 -0.161 -0.403 0.736 0.000 -0.669 0.100 0.996 0.000 0.047 -0.071 0.686 0.000 -0.722 0.092 0.902 0.000 0.122 0.413 0.678 0.000 -0.684 -0.271 0.983 0.000 -0.051 0.173 
-0.542 0.005 -0.009 -0.840 0.767 0.000 -0.639 -0.056 0.906 0.000 -0.152 -0.395 0.737 0.000 -0.670 0.094 0.996 0.000 0.046 -0.072 0.684 -0.000 -0.725 0.078 0.892 0.000 0.108 0.439 0.675 0.000 -0.688 -0.266 0.983 0.000 -0.054 0.174 
-0.535 0.004 -0.010 -0.845 0.767 0.000 -0.639 -0.051 0.910 -0.000 -0.146 -0.389 0.737 0.000 -0.671 0.087 0.996 -0.000 0.045 -0.073 0.683 0.000 -0.728 0.060 0.881 -0.000 0.091 0.464 0.672 0.000 -0.693 -0.259 0.983 0.000 -0.053 0.173 
-0.531 0.002 -0.011 -0.847 0.769 0.000 -0.638 -0.050 0.914 0.000 -0.144 -0.379 0.736 -0.000 -0.672 0.080 0.996 0.000 0.045 -0.074 0.683 0.000 -0.729 0.041 0.870 0.000 0.074 0.487 0.668 0.000 -0.701 -0.250 0.984 0.000 -0.048 0.171 
-0.523 0.001 -0.011 -0.852 0.769 0.000 -0.638 -0.045 0.917 -0.000 -0.137 -0.374 0.736 0.000 -0.673 0.073 0.996 0.000 0.043 -0.076 0.681 -0.000 -0.732 0.026 0.861 0.000 0.055 0.505 0.664 0.000 -0.707 -0.242 0.984 0.000 -0.045 0.171 
-0.515 0.000 -0.011 -0.857 0.770 0.000 -0.637 -0.045 0.922 -0.000 -0.131 -0.363 0.737 0.000 -0.673 0.065 0.996 0.000 0.041 -0.078 0.678 0.000 -0.735 0.016 0.855 0.000 0.043 0.516 0.662 0.000 -0.712 -0.234 0.985 0.000 -0.042 0.169 
-0.508 -0.000 -0.010 -0.862 0.769 0.000 -0.638 -0.042 0.926 0.000 -0.121 -0.358 0.738 0.000 -0.672 0.056 0.996 -0.000 0.040 -0.080 0.678 0.000 -0.735 -0.013 0.842 0.000 0.008 0.539 0.660 0.000 -0.716 -0.227 0.985 0.000 -0.041 0.168 
-0.499 -0.000 -0.009 -0.866 0.768 -0.000 -0.639 -0.040 0.930 0.000 -0.114 -0.350 0.740 -0.000 -0.671 0.045 0.996 0.000 0.035 -0.079 0.677 -0.000 -0.735 -0.036 0.833 0.000 -0.021 0.553 0.659 0.000 -0.719 -0.222 0.985 0.000 -0.039 0.168 
-0.493 -0.000 -0.008 -0.870 0.768 0.000 -0.639 -0.040 0.934 0.000 -0.107 -0.341 0.741 -0.000 -0.671 0.036 0.996 -0.000 0.033 -0.083 0.675 0.000 -0.735 -0.057 0.825 -0.000 -0.047 0.563 0.657 0.000 -0.723 -0.213 0.986 -0.000 -0.035 0.166 
-0.487 -0.000 -0.007 -0.874 0.767 0.000 -0.641 -0.039 0.938 0.000 -0.100 -0.331 0.743 0.000 -0.669 0.026 0.996 0.000 0.036 -0.088 0.674 0.000 -0.734 -0.079 0.818 0.000 -0.073 0.571 0.656 0.000 -0.726 -0.204 0.986 0.000 -0.031 0.164 
-0.480 0.000 -0.005 -0.877 0.765 -0.000 -0.643 -0.039 0.942 0.000 -0.094 -0.322 0.745 0.000 -0.667 0.015 0.995 0.000 0.034 -0.091 0.673 0.000 -0.733 -0.101 0.811 0.000 -0.101 0.576 0.655 0.000 -0.729 -0.198 0.986 0.000 -0.028 0.163 
-0.474 0.001 -0.004 -0.880 0.765 -0.000 -0.642 -0.040 0.946 -0.000 -0.088 -0.312 0.747 0.000 -0.665 0.005 0.995 0.000 0.032 -0.093 0.673 0.000 -0.729 -0.123 0.806 0.000 -0.127 0.579 0.654 -0.000 -0.732 -0.189 0.987 0.000 -0.024 0.161 
-0.470 0.002 -0.003 -0.883 0.764 0.000 -0.644 -0.040 0.950 0.000 -0.082 -0.301 0.749 0.000 -0.663 -0.006 0.995 0.000 0.031 -0.097 0.672 -0.000 -0.727 -0.142 0.802 0.000 -0.147 0.578 0.655 0.000 -0.734 -0.178 0.987 0.000 -0.020 0.158 
-0.464 0.003 -0.001 -0.886 0.762 0.000 -0.647 -0.038 0.953 0.000 -0.076 -0.293 0.751 0.000 -0.660 -0.018 0.994 -0.000 0.028 -0.102 0.672 -0.000 -0.722 -0.164 0.799 0.000 -0.172 0.576 0.655 0.000 -0.736 -0.172 0.987 0.000 -0.017 0.157 
-0.459 0.005 0.000 -0.888 0.760 -0.000 -0.649 -0.037 0.957 0.000 -0.072 -0.282 0.752 0.000 -0.658 -0.031 0.994 0.000 0.027 -0.107 0.671 0.000 -0.718 -0.185 0.797 0.000 -0.196 0.571 0.656 0.000 -0.738 -0.162 0.988 0.000 -0.014 0.155 
-0.456 0.006 0.002 -0.890 0.757 0.000 -0.652 -0.037 0.960 0.000 -0.067 -0.272 0.756 0.000 -0.654 -0.040 0.993 0.000 0.023 -0.114 0.671 0.000 -0.712 -0.209 0.794 0.000 -0.223 0.565 0.656 0.000 -0.739 -0.152 0.988 0.000 -0.010 0.153 
-0.451 0.008 0.004 -0.892 0.755 0.000 -0.655 -0.034 0.963 0.000 -0.061 -0.263 0.756 -0.000 -0.652 -0.051 0.993 0.000 0.024 -0.117 0.669 0.000 -0.708 -0.225 0.795 0.000 -0.242 0.556 0.657 -0.000 -0.740 -0.142 0.989 0.000 -0.006 0.151 
-0.445 0.010 0.006 -0.895 0.752 0.000 -0.658 -0.029 0.965 -0.000 -0.055 -0.257 0.759 0.000 -0.648 -0.062 0.992 0.000 0.020 -0.124 0.668 0.000 -0.703 -0.244 0.797 0.000 -0.262 0.545 0.658 0.000 -0.741 -0.135 0.989 -0.000 -0.004 0.150 
-0.439 0.012 0.007 -0.898 0.751 0.000 -0.660 -0.029 0.967 0.000 -0.051 -0.248 0.763 0.000 -0.643 -0.071 0.991 0.000 0.014 -0.133 0.667 0.000 -0.698 -0.261 0.798 0.000 -0.277 0.536 0.658 0.000 -0.742 -0.127 0.989 0.000 0.000 0.149 
-0.435 0.015 0.010 -0.900 0.747 0.000 -0.664 -0.026 0.970 -0.000 -0.046 -0.241 0.765 0.000 -0.639 -0.081 0.990 0.000 0.016 -0.141 0.663 0.000 -0.694 -0.279 0.802 0.000 -0.294 0.520 0.660 0.000 -0.742 -0.119 0.989 0.000 0.004 0.148 
-0.428 0.017 0.010 -0.904 0.745 0.000 -0.667 -0.021 0.971 0.000 -0.044 -0.235 0.764 0.000 -0.638 -0.091 0.989 0.000 0.014 -0.147 0.666 0.000 -0.688 -0.288 0.807 0.000 -0.305 0.506 0.661 -0.000 -0.743 -0.108 0.989 0.000 0.007 0.147 
-0.424 0.019 0.012 -0.905 0.743 0.000 -0.669 -0.018 0.973 -0.000 -0.041 -0.228 0.767 -0.000 -0.634 -0.100 0.987 0.000 0.011 -0.160 0.665 0.000 -0.682 -0.304 0.811 0.000 -0.317 0.492 0.661 0.000 -0.743 -0.102 0.989 0.000 0.011 0.148 
-0.419 0.021 0.013 -0.908 0.741 -0.000 -0.671 -0.014 0.974 0.000 -0.037 -0.223 0.768 -0.000 -0.631 -0.107 0.985 0.000 0.008 -0.174 0.665 0.000 -0.676 -0.318 0.816 0.000 -0.325 0.477 0.663 0.000 -0.743 -0.093 0.989 0.000 0.013 0.146 
-0.414 0.023 0.014 -0.910 0.739 0.000 -0.673 -0.008 0.976 0.000 -0.034 -0.216 0.771 0.000 -0.625 -0.117 0.983 0.000 0.001 -0.183 0.664 -0.000 -0.672 -0.327 0.824 0.000 -0.328 0.462 0.664 -0.000 -0.743 -0.084 0.989 -0.000 0.016 0.146 
-0.409 0.025 0.014 -0.912 0.738 0.000 -0.675 -0.005 0.977 0.000 -0.032 -0.209 0.773 0.000 -0.623 -0.122 0.980 -0.000 -0.002 -0.199 0.665 0.000 -0.669 -0.334 0.833 0.000 -0.329 0.445 0.666 -0.000 -0.742 -0.073 0.989 -0.000 0.019 0.144 
-0.405 0.027 0.016 -0.914 0.735 0.000 -0.678 -0.000 0.978 0.000 -0.030 -0.206 0.774 0.000 -0.619 -0.130 0.978 0.000 -0.003 -0.210 0.663 -0.000 -0.665 -0.343 0.841 0.000 -0.326 0.431 0.669 0.000 -0.741 -0.063 0.990 -0.000 0.020 0.140 
-0.400 0.028 0.017 -0.916 0.733 0.000 -0.681 0.010 0.978 0.000 -0.025 -0.209 0.774 0.000 -0.617 -0.138 0.975 0.000 -0.003 -0.222 0.662 0.000 -0.663 -0.349 0.852 0.000 -0.320 0.414 0.669 0.000 -0.741 -0.055 0.990 0.000 0.024 0.139 
-0.395 0.030 0.018 -0.918 0.733 0.000 -0.680 0.008 0.980 0.000 -0.026 -0.197 0.775 0.000 -0.615 -0.145 0.972 0.000 -0.005 -0.233 0.663 0.000 -0.660 -0.354 0.862 -0.000 -0.312 0.399 0.670 0.000 -0.741 -0.046 0.990 -0.000 0.029 0.138 
-0.387 0.029 0.016 -0.922 0.734 0.000 -0.679 0.016 0.981 0.000 -0.023 -0.193 0.773 0.000 -0.616 -0.152 0.970 0.000 -0.007 -0.244 0.663 0.000 -0.660 -0.353 0.874 0.000 -0.302 0.380 0.669 0.000 -0.742 -0.034 0.990 0.000 0.035 0.135 
-0.381 0.031 0.017 -0.924 0.732 0.000 -0.681 0.021 0.982 0.000 -0.021 -0.189 0.773 -0.000 -0.614 -0.160 0.967 0.000 -0.011 -0.254 0.663 0.000 -0.659 -0.354 0.885 0.000 -0.287 0.365 0.671 0.000 -0.741 -0.025 0.990 0.000 0.040 0.133 
-0.378 0.030 0.018 -0.925 0.730 0.000 -0.682 0.031 0.981 0.000 -0.014 -0.195 0.772 -0.000 -0.613 -0.168 0.964 0.000 -0.009 -0.264 0.664 0.000 -0.655 -0.361 0.895 0.000 -0.277 0.348 0.670 0.000 -0.742 -0.018 0.990 -0.000 0.044 0.132 
-0.376 0.031 0.020 -0.926 0.729 0.000 -0.683 0.035 0.981 0.000 -0.014 -0.192 0.772 0.000 -0.610 -0.177 0.962 0.000 -0.009 -0.274 0.663 -0.000 -0.652 -0.368 0.906 0.000 -0.267 0.330 0.671 0.000 -0.741 -0.011 0.990 -0.000 0.047 0.130 
-0.372 0.029 0.019 -0.928 0.730 0.000 -0.682 0.040 0.983 0.000 -0.008 -0.185 0.770 0.000 -0.610 -0.184 0.959 -0.000 -0.008 -0.285 0.665 -0.000 -0.647 -0.372 0.913 0.000 -0.255 0.318 0.670 0.000 -0.743 -0.002 0.990 0.000 0.052 0.128 
-0.370 0.029 0.020 -0.928 0.731 0.000 -0.681 0.040 0.983 0.000 -0.004 -0.182 0.770 0.000 -0.609 -0.192 0.956 0.000 -0.008 -0.294 0.666 0.000 -0.645 -0.376 0.921 0.000 -0.239 0.308 0.668 0.000 -0.744 0.007 0.990 0.000 0.057 0.125 
-0.365 0.029 0.019 -0.931 0.730 0.000 -0.682 0.047 0.984 -0.000 -0.005 -0.178 0.768 0.000 -0.608 -0.199 0.953 -0.000 -0.009 -0.303 0.668 0.000 -0.645 -0.371 0.930 0.000 -0.220 0.296 0.668 -0.000 -0.744 0.018 0.990 -0.000 0.064 0.122 
-0.361 0.028 0.020 -0.932 0.731 -0.000 -0.681 0.052 0.985 0.000 -0.005 -0.174 0.767 0.000 -0.608 -0.206 0.949 0.000 -0.008 -0.315 0.668 0.000 -0.644 -0.373 0.936 0.000 -0.203 0.288 0.668 0.000 -0.744 0.027 0.991 -0.000 0.068 0.118 
-0.361 0.024 0.021 -0.932 0.733 -0.000 -0.679 0.053 0.985 0.000 -0.004 -0.173 0.765 -0.000 -0.607 -0.216 0.946 0.000 -0.005 -0.323 0.667 0.000 -0.638 -0.385 0.940 0.000 -0.189 0.284 0.665 0.000 -0.747 0.030 0.991 0.000 0.071 0.117 
-0.358 0.022 0.021 -0.933 0.734 0.000 -0.677 0.056 0.985 0.000 -0.003 -0.171 0.762 0.000 -0.608 -0.223 0.943 0.000 -0.004 -0.334 0.667 0.000 -0.637 -0.387 0.945 0.000 -0.172 0.278 0.664 0.000 -0.746 0.039 0.991 0.000 0.072 0.115 
-0.357 0.019 0.021 -0.934 0.735 0.000 -0.675 0.060 0.986 -0.000 -0.003 -0.167 0.760 0.000 -0.609 -0.229 0.939 0.000 -0.001 -0.345 0.667 -0.000 -0.634 -0.391 0.949 0.000 -0.156 0.273 0.664 0.000 -0.747 0.047 0.991 0.000 0.074 0.113 
-0.354 0.017 0.021 -0.935 0.735 0.000 -0.675 0.064 0.986 0.000 0.002 -0.164 0.756 0.000 -0.610 -0.235 0.935 0.000 0.001 -0.354 0.665 0.000 -0.636 -0.391 0.953 0.000 -0.136 0.269 0.664 0.000 -0.746 0.056 0.991 0.000 0.074 0.110 
-0.354 0.013 0.021 -0.935 0.737 -0.000 -0.672 0.066 0.987 0.000 0.002 -0.163 0.755 0.000 -0.609 -0.243 0.932 0.000 0.004 -0.363 0.664 -0.000 -0.634 -0.396 0.956 0.000 -0.120 0.267 0.663 0.000 -0.746 0.064 0.991 -0.000 0.074 0.109 
-0.352 0.010 0.020 -0.936 0.739 0.000 -0.670 0.071 0.987 0.000 0.002 -0.163 0.752 0.000 -0.610 -0.249 0.928 0.000 0.007 -0.372 0.663 -0.000 -0.635 -0.396 0.959 0.000 -0.101 0.265 0.662 0.000 -0.746 0.072 0.991 0.000 0.074 0.108 
-0.350 0.006 0.021 -0.937 0.744 0.000 -0.664 0.079 0.986 0.000 -0.003 -0.167 0.748 0.000 -0.612 -0.256 0.925 -0.000 0.010 -0.380 0.661 0.000 -0.636 -0.398 0.961 0.000 -0.082 0.263 0.662 -0.000 -0.745 0.079 0.991 0.000 0.074 0.108 
-0.348 0.003 0.019 -0.937 0.745 0.000 -0.663 0.082 0.986 0.000 0.001 -0.165 0.746 0.000 -0.612 -0.262 0.922 0.000 0.012 -0.387 0.656 0.000 -0.642 -0.396 0.963 0.000 -0.056 0.262 0.662 0.000 -0.745 0.088 0.991 -0.000 0.075 0.107 
-0.346 0.000 0.019 -0.938 0.746 -0.000 -0.660 0.086 0.986 0.000 0.001 -0.164 0.743 -0.000 -0.614 -0.266 0.919 -0.000 0.014 -0.395 0.656 0.000 -0.642 -0.397 0.964 0.000 -0.043 0.262 0.661 0.000 -0.744 0.097 0.991 0.000 0.075 0.107 
-0.344 -0.003 0.018 -0.939 0.748 0.000 -0.658 0.090 0.986 0.000 0.003 -0.164 0.741 0.000 -0.614 -0.272 0.916 0.000 0.015 -0.401 0.658 0.000 -0.640 -0.398 0.965 -0.000 -0.036 0.261 0.660 0.000 -0.743 0.105 0.991 0.000 0.077 0.107 
-0.342 -0.005 0.017 -0.940 0.749 0.000 -0.656 0.093 0.987 0.000 0.005 -0.162 0.737 0.000 -0.616 -0.277 0.913 0.000 0.017 -0.407 0.661 0.000 -0.636 -0.398 0.965 0.000 -0.035 0.259 0.660 0.000 -0.743 0.113 0.991 0.000 0.079 0.109 
-0.337 -0.006 0.016 -0.941 0.750 0.000 -0.654 0.098 0.986 0.000 0.006 -0.164 0.736 0.000 -0.616 -0.282 0.911 0.000 0.015 -0.412 0.664 -0.000 -0.635 -0.396 0.966 0.000 -0.033 0.256 0.660 -0.000 -0.741 0.121 0.991 0.000 0.082 0.109 
-0.333 -0.006 0.015 -0.943 0.749 0.000 -0.655 0.103 0.987 0.000 0.007 -0.160 0.733 -0.000 -0.618 -0.285 0.909 0.000 0.014 -0.417 0.665 0.000 -0.634 -0.394 0.966 0.000 -0.033 0.255 0.661 0.000 -0.739 0.129 0.990 -0.000 0.086 0.111 
-0.330 -0.006 0.014 -0.944 0.749 0.000 -0.654 0.107 0.987 0.000 0.007 -0.160 0.731 0.000 -0.618 -0.289 0.908 0.000 0.014 -0.420 0.668 0.000 -0.631 -0.395 0.966 0.000 -0.037 0.256 0.663 0.000 -0.736 0.136 0.989 0.000 0.091 0.114 
-0.325 -0.004 0.014 -0.946 0.747 0.000 -0.655 0.112 0.987 0.000 0.008 -0.158 0.731 0.000 -0.618 -0.291 0.906 0.000 0.011 -0.423 0.669 0.000 -0.631 -0.394 0.965 0.000 -0.040 0.257 0.666 0.000 -0.732 0.143 0.989 0.000 0.095 0.116 
-0.321 -0.002 0.013 -0.947 0.745 0.000 -0.657 0.115 0.988 -0.000 0.010 -0.156 0.730 0.000 -0.618 -0.292 0.905 0.000 0.008 -0.426 0.668 0.000 -0.630 -0.397 0.963 0.000 -0.046 0.266 0.668 0.000 -0.728 0.152 0.988 0.000 0.100 0.117 
-0.318 -0.000 0.012 -0.948 0.744 0.000 -0.658 0.118 0.988 0.000 0.013 -0.155 0.729 0.000 -0.618 -0.293 0.904 0.000 0.006 -0.428 0.669 0.000 -0.629 -0.396 0.962 0.000 -0.051 0.267 0.671 0.000 -0.724 0.159 0.987 0.000 0.104 0.119 
-0.315 0.001 0.012 -0.949 0.743 0.000 -0.659 0.121 0.988 -0.000 0.013 -0.156 0.729 -0.000 -0.619 -0.293 0.903 0.000 0.003 -0.430 0.671 0.000 -0.629 -0.392 0.963 0.000 -0.057 0.263 0.673 0.000 -0.720 0.166 0.987 0.000 0.108 0.120 
-0.312 0.003 0.011 -0.950 0.741 0.000 -0.660 0.123 0.987 0.000 0.020 -0.157 0.729 -0.000 -0.619 -0.293 0.903 0.000 -0.001 -0.430 0.672 0.000 -0.630 -0.390 0.962 -0.000 -0.062 0.264 0.677 -0.000 -0.715 0.175 0.986 0.000 0.112 0.121 
-0.311 0.005 0.010 -0.950 0.740 0.000 -0.661 0.126 0.988 0.000 0.019 -0.155 0.729 0.000 -0.620 -0.292 0.903 0.000 -0.003 -0.430 0.672 0.000 -0.631 -0.388 0.962 -0.000 -0.067 0.266 0.680 0.000 -0.710 0.183 0.986 0.000 0.114 0.122 
-0.310 0.006 0.009 -0.951 0.739 0.000 -0.661 0.127 0.989 -0.000 0.017 -0.150 0.729 0.000 -0.620 -0.291 0.904 0.000 -0.005 -0.428 0.671 -0.000 -0.633 -0.386 0.961 0.000 -0.071 0.268 0.682 0.000 -0.706 0.190 0.985 0.000 0.116 0.125 
-0.309 0.007 0.009 -0.951 0.738 -0.000 -0.662 0.128 0.989 0.000 0.017 -0.148 0.729 0.000 -0.621 -0.289 0.905 -0.000 -0.007 -0.426 0.670 0.000 -0.635 -0.385 0.960 0.000 -0.076 0.269 0.686 0.000 -0.701 0.195 0.985 0.000 0.117 0.128 
-0.309 0.008 0.008 -0.951 0.737 0.000 -0.663 0.128 0.989 0.000 0.022 -0.148 0.729 0.000 -0.622 -0.287 0.906 0.000 -0.007 -0.423 0.667 -0.000 -0.636 -0.387 0.957 0.000 -0.082 0.277 0.689 0.000 -0.697 0.200 0.984 -0.000 0.117 0.134 
-0.309 0.009 0.008 -0.951 0.737 0.000 -0.664 0.125 0.990 0.000 0.023 -0.142 0.729 -0.000 -0.623 -0.283 0.908 0.000 -0.007 -0.420 0.666 0.000 -0.638 -0.386 0.956 0.000 -0.088 0.279 0.692 0.000 -0.693 0.202 0.983 0.000 0.118 0.141 
-0.310 0.010 0.007 -0.951 0.736 0.000 -0.665 0.127 0.989 -0.000 0.023 -0.145 0.729 0.000 -0.625 -0.280 0.910 0.000 -0.007 -0.414 0.666 0.000 -0.639 -0.385 0.955 0.000 -0.096 0.280 0.694 -0.000 -0.691 0.203 0.981 0.000 0.120 0.151 
-0.312 0.011 0.006 -0.950 0.739 0.000 -0.663 0.120 0.991 0.000 0.018 -0.133 0.730 0.000 -0.626 -0.274 0.912 -0.000 -0.008 -0.409 0.666 0.000 -0.641 -0.382 0.955 0.000 -0.103 0.280 0.696 0.000 -0.690 0.202 0.979 0.000 0.123 0.164 
-0.314 0.012 0.005 -0.949 0.736 0.000 -0.665 0.123 0.990 0.000 0.023 -0.140 0.731 0.000 -0.627 -0.269 0.916 0.000 -0.007 -0.402 0.665 0.000 -0.643 -0.379 0.954 0.000 -0.111 0.279 0.698 0.000 -0.689 0.198 0.976 -0.000 0.126 0.180 
-0.317 0.014 0.006 -0.948 0.737 0.000 -0.665 0.119 0.991 0.000 0.018 -0.132 0.732 -0.000 -0.628 -0.264 0.919 0.000 -0.005 -0.394 0.664 0.000 -0.647 -0.375 0.954 -0.000 -0.115 0.278 0.699 0.000 -0.689 0.191 0.972 -0.000 0.128 0.198 
-0.321 0.016 0.005 -0.947 0.735 0.000 -0.667 0.118 0.991 0.000 0.022 -0.134 0.734 0.000 -0.629 -0.256 0.923 0.000 -0.004 -0.385 0.662 0.000 -0.652 -0.369 0.954 0.000 -0.116 0.276 0.700 -0.000 -0.690 0.184 0.967 0.000 0.133 0.220 
-0.325 0.018 0.006 -0.945 0.735 0.000 -0.669 0.114 0.992 0.000 0.019 -0.129 0.735 0.000 -0.630 -0.251 0.927 0.000 -0.001 -0.375 0.659 0.000 -0.659 -0.362 0.956 0.000 -0.115 0.271 0.701 0.000 -0.692 0.174 0.961 0.000 0.134 0.243 
-0.327 0.023 0.005 -0.945 0.730 0.000 -0.673 0.120 0.990 0.000 0.022 -0.139 0.737 0.000 -0.630 -0.243 0.931 0.000 -0.001 -0.364 0.661 0.000 -0.665 -0.349 0.957 0.000 -0.121 0.265 0.703 0.000 -0.692 0.163 0.953 0.000 0.138 0.269 
-0.333 0.025 0.005 -0.943 0.729 0.000 -0.674 0.117 0.990 0.000 0.022 -0.140 0.740 0.000 -0.631 -0.236 0.935 0.000 0.002 -0.354 0.659 0.000 -0.670 -0.342 0.957 0.000 -0.123 0.262 0.703 0.000 -0.695 0.149 0.945 -0.000 0.138 0.297 
-0.341 0.026 0.008 -0.940 0.728 0.000 -0.675 0.117 0.989 0.000 0.020 -0.146 0.742 0.000 -0.629 -0.232 0.940 0.000 0.010 -0.341 0.658 0.000 -0.671 -0.341 0.957 0.000 -0.130 0.259 0.701 0.000 -0.701 0.132 0.936 0.000 0.133 0.327 
-0.344 0.029 0.006 -0.938 0.728 -0.000 -0.676 0.110 0.990 0.000 0.020 -0.141 0.743 -0.000 -0.631 -0.222 0.944 -0.000 0.011 -0.330 0.655 0.000 -0.682 -0.326 0.959 -0.000 -0.125 0.254 0.702 -0.000 -0.703 0.117 0.925 0.000 0.131 0.356 
-0.351 0.031 0.008 -0.936 0.727 0.000 -0.678 0.108 0.989 0.000 0.020 -0.144 0.745 0.000 -0.631 -0.216 0.948 0.000 0.017 -0.318 0.652 0.000 -0.687 -0.320 0.960 0.000 -0.125 0.251 0.701 0.000 -0.707 0.098 0.914 0.000 0.123 0.387 
-0.358 0.032 0.008 -0.933 0.728 0.000 -0.678 0.103 0.989 0.000 0.018 -0.145 0.746 0.000 -0.632 -0.211 0.953 0.000 0.023 -0.303 0.650 0.000 -0.693 -0.312 0.961 0.000 -0.124 0.248 0.700 0.000 -0.710 0.078 0.903 0.000 0.109 0.415 
-0.369 0.030 0.010 -0.929 0.732 0.000 -0.675 0.089 0.992 -0.000 0.006 -0.129 0.747 0.000 -0.631 -0.208 0.957 0.000 0.031 -0.288 0.648 0.000 -0.693 -0.315 0.960 -0.000 -0.126 0.251 0.696 0.000 -0.716 0.056 0.892 0.000 0.089 0.443 
