# T   LUA LFA RUA RFA LT  LS  RT  RS  
0.997 -0.059 -0.036 -0.037 0.741 0.000 -0.671 0.033 0.965 0.000 -0.152 -0.216 0.993 0.000 -0.097 0.062 0.357 0.000 0.427 -0.831 0.664 0.000 -0.745 0.056 0.988 -0.000 0.048 0.144 0.709 -0.000 -0.702 0.066 0.985 0.000 0.041 0.169 
0.997 -0.060 -0.036 -0.037 0.741 0.000 -0.671 0.034 0.965 0.000 -0.151 -0.216 0.993 0.000 -0.097 0.063 0.356 0.000 0.434 -0.828 0.664 0.000 -0.745 0.056 0.988 0.000 0.048 0.144 0.709 0.000 -0.702 0.067 0.985 0.000 0.041 0.169 
0.997 -0.060 -0.036 -0.037 0.741 0.000 -0.671 0.034 0.965 0.000 -0.151 -0.214 0.993 -0.000 -0.097 0.063 0.356 0.000 0.439 -0.825 0.664 0.000 -0.745 0.057 0.988 -0.000 0.048 0.144 0.709 0.000 -0.702 0.067 0.985 0.000 0.041 0.169 
0.997 -0.060 -0.036 -0.037 0.741 0.000 -0.670 0.034 0.965 0.000 -0.150 -0.214 0.993 0.000 -0.097 0.062 0.355 0.000 0.445 -0.822 0.664 0.000 -0.745 0.057 0.988 -0.000 0.049 0.144 0.709 0.000 -0.702 0.067 0.985 -0.000 0.041 0.169 
0.997 -0.060 -0.036 -0.037 0.742 -0.000 -0.670 0.034 0.965 0.000 -0.149 -0.215 0.993 0.000 -0.097 0.061 0.356 0.000 0.450 -0.819 0.664 0.000 -0.745 0.057 0.988 0.000 0.048 0.144 0.709 0.000 -0.702 0.067 0.985 -0.000 0.041 0.169 
0.997 -0.060 -0.036 -0.036 0.742 0.000 -0.670 0.034 0.965 0.000 -0.149 -0.214 0.994 0.000 -0.096 0.059 0.356 -0.000 0.454 -0.817 0.664 0.000 -0.745 0.057 0.988 0.000 0.048 0.144 0.709 0.000 -0.702 0.067 0.985 0.000 0.042 0.169 
0.997 -0.060 -0.036 -0.036 0.742 0.000 -0.669 0.034 0.966 0.000 -0.148 -0.213 0.994 0.000 -0.095 0.056 0.356 0.000 0.459 -0.814 0.664 -0.000 -0.745 0.057 0.988 0.000 0.048 0.144 0.710 0.000 -0.701 0.068 0.985 0.000 0.041 0.169 
0.997 -0.060 -0.036 -0.036 0.743 -0.000 -0.669 0.033 0.966 -0.000 -0.148 -0.213 0.994 -0.000 -0.094 0.053 0.357 0.000 0.462 -0.812 0.665 0.000 -0.745 0.058 0.988 0.000 0.048 0.144 0.709 0.000 -0.701 0.068 0.985 -0.000 0.041 0.170 
0.997 -0.060 -0.036 -0.035 0.743 0.000 -0.669 0.033 0.966 -0.000 -0.148 -0.213 0.994 -0.000 -0.093 0.049 0.358 0.000 0.465 -0.810 0.664 0.000 -0.745 0.058 0.988 0.000 0.049 0.144 0.710 0.000 -0.701 0.067 0.985 0.000 0.041 0.170 
0.997 -0.060 -0.036 -0.035 0.743 0.000 -0.668 0.033 0.966 0.000 -0.147 -0.212 0.995 -0.000 -0.091 0.045 0.358 0.000 0.469 -0.807 0.664 0.000 -0.745 0.058 0.988 0.000 0.049 0.144 0.710 -0.000 -0.701 0.067 0.985 -0.000 0.041 0.170 
0.997 -0.060 -0.036 -0.034 0.744 0.000 -0.668 0.032 0.966 -0.000 -0.147 -0.212 0.995 0.000 -0.089 0.041 0.359 0.000 0.472 -0.805 0.665 0.000 -0.745 0.058 0.988 0.000 0.047 0.144 0.710 0.000 -0.701 0.067 0.985 0.000 0.041 0.170 
0.997 -0.060 -0.036 -0.034 0.744 0.000 -0.667 0.031 0.966 -0.000 -0.146 -0.212 0.996 0.000 -0.087 0.036 0.361 0.000 0.471 -0.805 0.665 -0.000 -0.745 0.058 0.988 -0.000 0.047 0.144 0.710 0.000 -0.701 0.066 0.985 -0.000 0.041 0.170 
0.997 -0.060 -0.036 -0.034 0.744 0.000 -0.667 0.031 0.967 0.000 -0.146 -0.211 0.996 0.000 -0.086 0.031 0.362 0.000 0.474 -0.803 0.665 -0.000 -0.745 0.058 0.988 -0.000 0.047 0.144 0.710 0.000 -0.701 0.066 0.984 0.000 0.041 0.170 
0.997 -0.059 -0.036 -0.033 0.744 0.000 -0.667 0.030 0.967 0.000 -0.145 -0.211 0.996 0.000 -0.084 0.025 0.364 0.000 0.475 -0.801 0.665 0.000 -0.745 0.058 0.988 0.000 0.047 0.144 0.710 -0.000 -0.701 0.066 0.984 0.000 0.041 0.171 
0.997 -0.059 -0.036 -0.033 0.745 0.000 -0.667 0.030 0.967 0.000 -0.145 -0.211 0.996 0.000 -0.082 0.020 0.365 0.000 0.475 -0.801 0.665 0.000 -0.745 0.057 0.988 0.000 0.047 0.144 0.710 0.000 -0.701 0.065 0.984 0.000 0.041 0.171 
0.997 -0.059 -0.036 -0.032 0.745 0.000 -0.666 0.029 0.967 0.000 -0.144 -0.211 0.997 -0.000 -0.080 0.015 0.366 0.000 0.476 -0.800 0.665 0.000 -0.745 0.057 0.988 0.000 0.047 0.144 0.710 -0.000 -0.702 0.065 0.984 0.000 0.041 0.171 
0.997 -0.059 -0.036 -0.032 0.745 0.000 -0.666 0.028 0.967 0.000 -0.144 -0.211 0.997 0.000 -0.077 0.009 0.367 -0.000 0.476 -0.799 0.665 0.000 -0.745 0.057 0.988 -0.000 0.048 0.144 0.710 0.000 -0.702 0.064 0.984 0.000 0.041 0.171 
0.997 -0.058 -0.036 -0.031 0.745 0.000 -0.666 0.028 0.967 0.000 -0.143 -0.211 0.997 0.000 -0.075 0.003 0.368 0.000 0.476 -0.799 0.665 0.000 -0.745 0.057 0.988 0.000 0.046 0.144 0.710 0.000 -0.702 0.063 0.984 -0.000 0.041 0.171 
0.997 -0.058 -0.035 -0.031 0.746 0.000 -0.666 0.026 0.967 0.000 -0.143 -0.212 0.997 0.000 -0.072 -0.002 0.369 0.000 0.476 -0.798 0.665 0.000 -0.745 0.056 0.988 0.000 0.047 0.144 0.710 -0.000 -0.702 0.063 0.984 0.000 0.041 0.171 
0.997 -0.058 -0.035 -0.030 0.746 0.000 -0.666 0.026 0.967 0.000 -0.142 -0.212 0.998 -0.000 -0.069 -0.009 0.371 0.000 0.475 -0.798 0.665 0.000 -0.745 0.056 0.988 0.000 0.046 0.144 0.710 0.000 -0.702 0.062 0.984 0.000 0.041 0.171 
0.997 -0.057 -0.035 -0.030 0.746 0.000 -0.665 0.025 0.967 0.000 -0.142 -0.212 0.998 0.000 -0.066 -0.014 0.371 0.000 0.474 -0.798 0.665 0.000 -0.745 0.055 0.988 0.000 0.047 0.144 0.710 0.000 -0.702 0.062 0.984 0.000 0.041 0.171 
0.997 -0.057 -0.035 -0.030 0.746 0.000 -0.665 0.024 0.967 0.000 -0.142 -0.213 0.998 -0.000 -0.064 -0.020 0.373 0.000 0.473 -0.799 0.665 0.000 -0.745 0.055 0.988 0.000 0.047 0.144 0.709 0.000 -0.702 0.061 0.984 0.000 0.041 0.171 
0.997 -0.057 -0.035 -0.029 0.746 -0.000 -0.665 0.023 0.967 0.000 -0.142 -0.213 0.998 0.000 -0.061 -0.025 0.373 0.000 0.471 -0.799 0.665 0.000 -0.745 0.055 0.989 0.000 0.045 0.144 0.709 0.000 -0.702 0.060 0.984 0.000 0.041 0.171 
0.997 -0.056 -0.035 -0.029 0.746 0.000 -0.665 0.022 0.967 -0.000 -0.141 -0.215 0.998 0.000 -0.058 -0.031 0.374 0.000 0.469 -0.800 0.665 -0.000 -0.744 0.054 0.989 0.000 0.045 0.144 0.710 0.000 -0.702 0.059 0.984 0.000 0.041 0.171 
0.997 -0.056 -0.035 -0.028 0.746 0.000 -0.665 0.021 0.966 0.000 -0.140 -0.215 0.998 0.000 -0.054 -0.035 0.375 0.000 0.469 -0.800 0.665 0.000 -0.745 0.054 0.989 0.000 0.046 0.144 0.710 0.000 -0.702 0.059 0.984 0.000 0.041 0.171 
0.997 -0.056 -0.035 -0.028 0.746 0.000 -0.665 0.021 0.966 0.000 -0.140 -0.216 0.998 0.000 -0.051 -0.040 0.376 0.000 0.466 -0.801 0.666 0.000 -0.744 0.053 0.989 -0.000 0.045 0.144 0.710 0.000 -0.702 0.058 0.984 0.000 0.040 0.172 
0.997 -0.055 -0.035 -0.028 0.747 0.000 -0.665 0.020 0.966 0.000 -0.140 -0.217 0.998 0.000 -0.048 -0.045 0.378 0.000 0.463 -0.802 0.666 0.000 -0.744 0.053 0.989 0.000 0.044 0.144 0.710 0.000 -0.702 0.057 0.984 0.000 0.040 0.172 
0.997 -0.055 -0.035 -0.028 0.747 0.000 -0.665 0.019 0.966 0.000 -0.140 -0.218 0.998 0.000 -0.045 -0.050 0.380 0.000 0.460 -0.803 0.666 0.000 -0.744 0.053 0.989 -0.000 0.045 0.144 0.710 0.000 -0.702 0.057 0.984 0.000 0.040 0.172 
0.998 -0.055 -0.035 -0.028 0.746 0.000 -0.665 0.019 0.966 0.000 -0.140 -0.219 0.998 0.000 -0.042 -0.055 0.381 -0.000 0.456 -0.804 0.666 0.000 -0.744 0.052 0.989 0.000 0.045 0.143 0.710 -0.000 -0.702 0.057 0.984 0.000 0.040 0.172 
0.998 -0.054 -0.034 -0.028 0.747 0.000 -0.665 0.018 0.966 0.000 -0.139 -0.220 0.998 0.000 -0.038 -0.059 0.382 0.000 0.454 -0.805 0.666 0.000 -0.744 0.052 0.989 0.000 0.045 0.143 0.710 -0.000 -0.702 0.056 0.984 0.000 0.040 0.172 
0.998 -0.054 -0.034 -0.028 0.746 0.000 -0.665 0.017 0.965 0.000 -0.139 -0.221 0.997 0.000 -0.035 -0.063 0.383 0.000 0.449 -0.807 0.666 0.000 -0.744 0.052 0.989 0.000 0.044 0.143 0.710 0.000 -0.702 0.056 0.984 0.000 0.041 0.171 
0.998 -0.054 -0.034 -0.028 0.746 -0.000 -0.665 0.017 0.965 0.000 -0.139 -0.221 0.997 0.000 -0.033 -0.067 0.385 0.000 0.444 -0.809 0.666 -0.000 -0.744 0.052 0.989 0.000 0.045 0.143 0.709 0.000 -0.703 0.055 0.984 0.000 0.040 0.172 
0.998 -0.054 -0.034 -0.028 0.746 0.000 -0.665 0.016 0.965 0.000 -0.140 -0.222 0.997 0.000 -0.029 -0.070 0.386 0.000 0.441 -0.810 0.666 0.000 -0.744 0.051 0.989 0.000 0.045 0.143 0.710 0.000 -0.702 0.055 0.984 0.000 0.040 0.172 
0.998 -0.054 -0.034 -0.028 0.746 0.000 -0.665 0.016 0.965 -0.000 -0.140 -0.223 0.997 0.000 -0.027 -0.075 0.387 0.000 0.437 -0.812 0.666 0.000 -0.744 0.051 0.989 -0.000 0.044 0.143 0.709 -0.000 -0.703 0.055 0.984 -0.000 0.039 0.172 
0.998 -0.053 -0.034 -0.028 0.746 0.000 -0.666 0.015 0.965 0.000 -0.140 -0.224 0.997 0.000 -0.024 -0.078 0.388 0.000 0.434 -0.813 0.666 -0.000 -0.744 0.051 0.989 0.000 0.044 0.143 0.710 0.000 -0.703 0.055 0.984 0.000 0.041 0.171 
0.998 -0.053 -0.034 -0.028 0.746 0.000 -0.666 0.016 0.964 0.000 -0.140 -0.225 0.996 0.000 -0.021 -0.081 0.389 0.000 0.428 -0.815 0.666 -0.000 -0.744 0.051 0.989 0.000 0.044 0.143 0.710 0.000 -0.703 0.055 0.984 0.000 0.039 0.172 
0.998 -0.053 -0.034 -0.028 0.746 0.000 -0.666 0.016 0.964 0.000 -0.140 -0.226 0.996 0.000 -0.018 -0.084 0.391 0.000 0.423 -0.817 0.666 0.000 -0.744 0.050 0.989 0.000 0.043 0.143 0.709 0.000 -0.703 0.054 0.984 0.000 0.041 0.171 
0.998 -0.053 -0.034 -0.029 0.746 0.000 -0.666 0.016 0.964 0.000 -0.141 -0.227 0.996 0.000 -0.016 -0.088 0.392 0.000 0.418 -0.819 0.666 0.000 -0.744 0.050 0.989 -0.000 0.043 0.143 0.710 0.000 -0.703 0.054 0.984 0.000 0.039 0.172 
0.998 -0.052 -0.034 -0.029 0.746 0.000 -0.666 0.015 0.963 0.000 -0.141 -0.228 0.996 0.000 -0.014 -0.089 0.393 0.000 0.414 -0.821 0.666 -0.000 -0.744 0.049 0.989 0.000 0.043 0.143 0.710 0.000 -0.703 0.054 0.984 0.000 0.039 0.172 
0.998 -0.052 -0.034 -0.029 0.745 -0.000 -0.667 0.015 0.963 0.000 -0.141 -0.228 0.996 0.000 -0.012 -0.092 0.394 -0.000 0.409 -0.823 0.666 0.000 -0.744 0.049 0.989 0.000 0.043 0.143 0.710 0.000 -0.703 0.053 0.984 0.000 0.039 0.172 
0.998 -0.052 -0.034 -0.029 0.745 0.000 -0.667 0.015 0.963 0.000 -0.141 -0.229 0.996 0.000 -0.010 -0.094 0.395 0.000 0.404 -0.825 0.666 -0.000 -0.744 0.049 0.989 0.000 0.044 0.143 0.710 -0.000 -0.703 0.053 0.984 0.000 0.039 0.172 
0.998 -0.052 -0.034 -0.030 0.745 0.000 -0.667 0.016 0.963 -0.000 -0.142 -0.229 0.995 0.000 -0.009 -0.096 0.397 0.000 0.398 -0.827 0.666 0.000 -0.744 0.048 0.989 -0.000 0.043 0.143 0.709 0.000 -0.703 0.053 0.984 0.000 0.039 0.172 
0.998 -0.052 -0.034 -0.030 0.745 -0.000 -0.667 0.016 0.963 0.000 -0.143 -0.229 0.995 0.000 -0.008 -0.097 0.398 0.000 0.393 -0.829 0.666 -0.000 -0.744 0.048 0.989 0.000 0.043 0.143 0.709 0.000 -0.703 0.053 0.984 0.000 0.040 0.171 
0.998 -0.052 -0.035 -0.030 0.744 0.000 -0.668 0.016 0.963 0.000 -0.143 -0.230 0.995 0.000 -0.007 -0.099 0.399 0.000 0.387 -0.831 0.666 -0.000 -0.744 0.048 0.989 0.000 0.043 0.143 0.709 0.000 -0.703 0.053 0.984 -0.000 0.038 0.171 
0.998 -0.051 -0.035 -0.031 0.744 0.000 -0.668 0.016 0.962 0.000 -0.144 -0.230 0.995 0.000 -0.006 -0.100 0.400 0.000 0.381 -0.833 0.666 0.000 -0.744 0.047 0.989 0.000 0.043 0.144 0.709 0.000 -0.703 0.053 0.984 0.000 0.038 0.171 
0.998 -0.051 -0.035 -0.031 0.744 0.000 -0.668 0.016 0.962 0.000 -0.144 -0.231 0.995 0.000 -0.006 -0.101 0.401 0.000 0.376 -0.835 0.666 0.000 -0.744 0.047 0.989 -0.000 0.042 0.143 0.710 0.000 -0.703 0.053 0.984 -0.000 0.038 0.171 
0.998 -0.051 -0.035 -0.031 0.744 0.000 -0.668 0.016 0.962 0.000 -0.145 -0.231 0.995 -0.000 -0.006 -0.101 0.402 0.000 0.371 -0.837 0.666 0.000 -0.744 0.047 0.989 0.000 0.044 0.144 0.710 0.000 -0.703 0.053 0.984 0.000 0.038 0.171 
0.998 -0.051 -0.035 -0.031 0.743 0.000 -0.669 0.016 0.962 0.000 -0.145 -0.231 0.995 0.000 -0.006 -0.101 0.402 0.000 0.367 -0.839 0.666 0.000 -0.744 0.047 0.989 -0.000 0.042 0.144 0.710 0.000 -0.703 0.053 0.984 -0.000 0.038 0.171 
0.998 -0.051 -0.035 -0.031 0.743 0.000 -0.669 0.016 0.962 -0.000 -0.145 -0.231 0.995 0.000 -0.007 -0.101 0.402 0.000 0.362 -0.841 0.666 0.000 -0.744 0.047 0.989 0.000 0.044 0.144 0.709 -0.000 -0.703 0.053 0.984 0.000 0.038 0.171 
0.998 -0.051 -0.035 -0.031 0.743 0.000 -0.669 0.016 0.962 0.000 -0.145 -0.230 0.995 0.000 -0.007 -0.100 0.402 0.000 0.358 -0.843 0.666 0.000 -0.744 0.047 0.989 0.000 0.044 0.144 0.709 0.000 -0.703 0.054 0.985 0.000 0.038 0.171 
0.998 -0.051 -0.035 -0.031 0.742 0.000 -0.670 0.016 0.962 0.000 -0.145 -0.231 0.995 0.000 -0.008 -0.098 0.402 0.000 0.354 -0.844 0.666 0.000 -0.744 0.047 0.989 0.000 0.044 0.144 0.709 0.000 -0.703 0.054 0.985 0.000 0.038 0.171 
0.998 -0.051 -0.035 -0.032 0.742 0.000 -0.670 0.017 0.962 0.000 -0.145 -0.230 0.995 -0.000 -0.010 -0.096 0.402 0.000 0.351 -0.846 0.666 0.000 -0.744 0.047 0.989 0.000 0.043 0.144 0.709 0.000 -0.703 0.054 0.985 0.000 0.038 0.171 
0.998 -0.052 -0.035 -0.032 0.742 0.000 -0.671 0.017 0.962 0.000 -0.145 -0.230 0.996 0.000 -0.012 -0.093 0.401 0.000 0.347 -0.848 0.666 0.000 -0.744 0.048 0.989 0.000 0.043 0.144 0.709 0.000 -0.703 0.055 0.985 0.000 0.039 0.171 
0.998 -0.052 -0.035 -0.033 0.741 0.000 -0.671 0.017 0.963 -0.000 -0.145 -0.230 0.996 0.000 -0.014 -0.090 0.400 0.000 0.344 -0.849 0.666 0.000 -0.744 0.048 0.989 0.000 0.043 0.144 0.709 0.000 -0.703 0.056 0.985 0.000 0.038 0.170 
0.998 -0.052 -0.035 -0.033 0.741 -0.000 -0.671 0.018 0.962 0.000 -0.145 -0.230 0.996 0.000 -0.017 -0.087 0.399 -0.000 0.342 -0.851 0.666 -0.000 -0.744 0.048 0.989 0.000 0.043 0.144 0.709 0.000 -0.703 0.056 0.985 -0.000 0.039 0.170 
0.997 -0.052 -0.035 -0.033 0.741 0.000 -0.672 0.019 0.963 0.000 -0.145 -0.229 0.996 0.000 -0.020 -0.082 0.398 0.000 0.340 -0.852 0.666 -0.000 -0.744 0.048 0.989 -0.000 0.045 0.144 0.709 0.000 -0.703 0.057 0.985 0.000 0.039 0.170 
0.997 -0.052 -0.035 -0.034 0.740 0.000 -0.672 0.020 0.963 0.000 -0.145 -0.229 0.997 0.000 -0.022 -0.079 0.397 0.000 0.340 -0.853 0.666 0.000 -0.744 0.049 0.989 0.000 0.044 0.144 0.709 0.000 -0.703 0.058 0.985 -0.000 0.039 0.170 
0.997 -0.052 -0.035 -0.034 0.740 0.000 -0.672 0.021 0.962 0.000 -0.145 -0.230 0.997 0.000 -0.025 -0.074 0.395 0.000 0.340 -0.853 0.667 -0.000 -0.744 0.049 0.989 0.000 0.043 0.144 0.709 -0.000 -0.703 0.058 0.985 0.000 0.039 0.170 
0.997 -0.053 -0.035 -0.034 0.740 0.000 -0.673 0.022 0.963 0.000 -0.145 -0.229 0.997 0.000 -0.029 -0.069 0.394 0.000 0.340 -0.854 0.666 -0.000 -0.744 0.050 0.989 -0.000 0.045 0.144 0.709 0.000 -0.703 0.058 0.985 0.000 0.039 0.170 
0.997 -0.053 -0.035 -0.034 0.739 0.000 -0.673 0.023 0.963 0.000 -0.145 -0.229 0.997 0.000 -0.032 -0.064 0.392 0.000 0.341 -0.855 0.666 0.000 -0.744 0.050 0.989 -0.000 0.045 0.144 0.709 0.000 -0.703 0.059 0.985 0.000 0.039 0.170 
0.997 -0.053 -0.035 -0.035 0.739 -0.000 -0.673 0.024 0.963 0.000 -0.146 -0.228 0.998 0.000 -0.035 -0.058 0.390 0.000 0.342 -0.855 0.666 0.000 -0.744 0.050 0.989 0.000 0.044 0.144 0.709 0.000 -0.703 0.060 0.985 0.000 0.039 0.170 
0.997 -0.053 -0.035 -0.036 0.739 0.000 -0.674 0.025 0.963 0.000 -0.147 -0.228 0.998 0.000 -0.039 -0.052 0.388 0.000 0.345 -0.855 0.666 0.000 -0.744 0.050 0.989 -0.000 0.046 0.144 0.709 -0.000 -0.703 0.060 0.985 -0.000 0.039 0.170 
0.997 -0.053 -0.036 -0.037 0.738 0.000 -0.674 0.026 0.963 0.000 -0.147 -0.228 0.998 0.000 -0.042 -0.045 0.386 0.000 0.346 -0.855 0.666 0.000 -0.744 0.050 0.989 -0.000 0.045 0.144 0.709 0.000 -0.703 0.061 0.985 0.000 0.039 0.170 
0.997 -0.054 -0.036 -0.037 0.738 -0.000 -0.674 0.027 0.963 0.000 -0.147 -0.227 0.998 0.000 -0.046 -0.040 0.384 0.000 0.346 -0.856 0.666 0.000 -0.744 0.051 0.989 0.000 0.045 0.144 0.709 -0.000 -0.702 0.062 0.985 0.000 0.039 0.170 
0.997 -0.054 -0.036 -0.038 0.738 0.000 -0.675 0.028 0.963 0.000 -0.148 -0.227 0.998 0.000 -0.050 -0.033 0.383 -0.000 0.348 -0.856 0.666 0.000 -0.744 0.051 0.989 0.000 0.045 0.144 0.709 0.000 -0.702 0.063 0.985 0.000 0.039 0.170 
0.997 -0.054 -0.036 -0.039 0.737 0.000 -0.675 0.029 0.963 0.000 -0.149 -0.227 0.998 0.000 -0.055 -0.026 0.381 0.000 0.348 -0.857 0.666 0.000 -0.744 0.051 0.989 0.000 0.046 0.144 0.709 0.000 -0.702 0.064 0.985 0.000 0.039 0.169 
0.997 -0.054 -0.036 -0.040 0.737 -0.000 -0.675 0.031 0.963 0.000 -0.149 -0.226 0.998 0.000 -0.060 -0.020 0.379 -0.000 0.349 -0.857 0.666 -0.000 -0.744 0.051 0.988 0.000 0.047 0.144 0.709 0.000 -0.702 0.064 0.985 0.000 0.039 0.169 
0.997 -0.055 -0.037 -0.041 0.737 0.000 -0.676 0.032 0.963 0.000 -0.149 -0.226 0.998 0.000 -0.064 -0.012 0.377 0.000 0.352 -0.857 0.665 -0.000 -0.745 0.052 0.988 0.000 0.048 0.144 0.709 0.000 -0.702 0.065 0.985 0.000 0.039 0.169 
0.997 -0.055 -0.037 -0.041 0.736 0.000 -0.676 0.032 0.963 0.000 -0.149 -0.225 0.998 0.000 -0.070 -0.005 0.373 0.000 0.355 -0.857 0.665 0.000 -0.745 0.052 0.988 -0.000 0.046 0.144 0.709 -0.000 -0.702 0.065 0.985 0.000 0.039 0.169 
0.997 -0.055 -0.037 -0.042 0.736 0.000 -0.676 0.032 0.963 0.000 -0.149 -0.224 0.997 0.000 -0.074 0.002 0.371 0.000 0.357 -0.857 0.665 0.000 -0.745 0.052 0.988 0.000 0.048 0.144 0.709 0.000 -0.702 0.066 0.985 -0.000 0.039 0.169 
0.997 -0.055 -0.037 -0.043 0.736 0.000 -0.677 0.033 0.963 0.000 -0.149 -0.223 0.997 0.000 -0.079 0.009 0.368 0.000 0.361 -0.857 0.665 -0.000 -0.745 0.052 0.988 0.000 0.047 0.144 0.709 -0.000 -0.702 0.067 0.985 -0.000 0.039 0.169 
0.997 -0.055 -0.037 -0.044 0.735 0.000 -0.677 0.034 0.964 0.000 -0.149 -0.222 0.996 0.000 -0.084 0.017 0.365 -0.000 0.365 -0.856 0.665 -0.000 -0.745 0.052 0.988 0.000 0.049 0.144 0.709 -0.000 -0.702 0.068 0.985 0.000 0.039 0.169 
0.997 -0.055 -0.037 -0.045 0.735 -0.000 -0.677 0.034 0.964 0.000 -0.149 -0.221 0.996 0.000 -0.089 0.024 0.363 -0.000 0.368 -0.856 0.665 -0.000 -0.745 0.053 0.988 0.000 0.049 0.144 0.709 0.000 -0.702 0.069 0.985 0.000 0.039 0.169 
0.997 -0.056 -0.038 -0.046 0.735 0.000 -0.677 0.035 0.964 0.000 -0.149 -0.220 0.995 0.000 -0.093 0.031 0.362 0.000 0.372 -0.855 0.665 0.000 -0.745 0.053 0.988 -0.000 0.050 0.143 0.709 0.000 -0.701 0.069 0.985 -0.000 0.039 0.169 
0.997 -0.056 -0.038 -0.046 0.735 0.000 -0.677 0.035 0.964 0.000 -0.148 -0.220 0.995 0.000 -0.098 0.037 0.360 -0.000 0.376 -0.854 0.665 0.000 -0.745 0.054 0.988 0.000 0.050 0.143 0.709 0.000 -0.701 0.070 0.985 0.000 0.039 0.169 
0.997 -0.056 -0.038 -0.047 0.735 -0.000 -0.677 0.035 0.965 0.000 -0.148 -0.219 0.994 0.000 -0.102 0.043 0.358 -0.000 0.380 -0.853 0.665 0.000 -0.745 0.054 0.988 0.000 0.049 0.144 0.710 0.000 -0.701 0.071 0.985 0.000 0.039 0.169 
0.997 -0.056 -0.038 -0.047 0.735 0.000 -0.677 0.036 0.965 0.000 -0.148 -0.218 0.993 0.000 -0.106 0.049 0.357 0.000 0.384 -0.852 0.664 0.000 -0.745 0.054 0.988 0.000 0.049 0.144 0.710 0.000 -0.701 0.071 0.985 -0.000 0.039 0.169 
0.997 -0.057 -0.038 -0.047 0.734 0.000 -0.678 0.036 0.965 0.000 -0.147 -0.217 0.993 0.000 -0.109 0.053 0.355 0.000 0.389 -0.850 0.664 0.000 -0.745 0.055 0.988 -0.000 0.049 0.144 0.710 -0.000 -0.701 0.072 0.985 0.000 0.039 0.169 
0.996 -0.057 -0.038 -0.048 0.734 0.000 -0.678 0.036 0.965 -0.000 -0.146 -0.216 0.992 0.000 -0.112 0.059 0.353 0.000 0.395 -0.848 0.664 0.000 -0.746 0.055 0.988 0.000 0.051 0.144 0.710 0.000 -0.701 0.072 0.985 0.000 0.038 0.169 
0.996 -0.057 -0.038 -0.048 0.734 0.000 -0.678 0.036 0.966 0.000 -0.145 -0.215 0.991 0.000 -0.115 0.063 0.351 0.000 0.401 -0.846 0.664 -0.000 -0.746 0.055 0.988 -0.000 0.049 0.144 0.710 0.000 -0.700 0.072 0.985 0.000 0.038 0.169 
0.996 -0.057 -0.039 -0.048 0.734 0.000 -0.678 0.036 0.966 0.000 -0.145 -0.215 0.991 0.000 -0.117 0.067 0.349 0.000 0.407 -0.844 0.664 0.000 -0.746 0.055 0.988 0.000 0.051 0.144 0.710 0.000 -0.700 0.073 0.985 -0.000 0.039 0.169 
0.996 -0.057 -0.039 -0.049 0.734 0.000 -0.678 0.036 0.966 0.000 -0.144 -0.214 0.990 0.000 -0.120 0.071 0.347 0.000 0.413 -0.842 0.664 0.000 -0.746 0.055 0.988 -0.000 0.049 0.144 0.710 0.000 -0.700 0.073 0.985 0.000 0.039 0.170 
0.996 -0.057 -0.039 -0.049 0.734 0.000 -0.678 0.036 0.966 0.000 -0.143 -0.214 0.990 -0.000 -0.121 0.074 0.346 0.000 0.418 -0.840 0.664 0.000 -0.746 0.055 0.988 -0.000 0.051 0.144 0.710 0.000 -0.700 0.073 0.985 0.000 0.039 0.170 
0.996 -0.057 -0.039 -0.049 0.734 0.000 -0.678 0.036 0.967 0.000 -0.142 -0.213 0.989 0.000 -0.123 0.077 0.345 0.000 0.424 -0.837 0.664 0.000 -0.746 0.056 0.988 -0.000 0.051 0.144 0.710 0.000 -0.700 0.073 0.985 0.000 0.039 0.170 
0.996 -0.058 -0.039 -0.048 0.734 0.000 -0.678 0.036 0.967 -0.000 -0.142 -0.213 0.989 0.000 -0.124 0.078 0.344 0.000 0.429 -0.835 0.664 -0.000 -0.746 0.056 0.988 0.000 0.049 0.144 0.711 -0.000 -0.700 0.073 0.985 0.000 0.039 0.170 
0.996 -0.058 -0.039 -0.048 0.734 0.000 -0.678 0.037 0.967 0.000 -0.141 -0.213 0.989 0.000 -0.124 0.080 0.343 0.000 0.433 -0.833 0.664 0.000 -0.746 0.057 0.988 0.000 0.050 0.144 0.711 -0.000 -0.700 0.073 0.985 0.000 0.039 0.170 
0.996 -0.058 -0.039 -0.048 0.734 0.000 -0.678 0.036 0.967 0.000 -0.141 -0.212 0.989 0.000 -0.125 0.080 0.343 0.000 0.438 -0.831 0.664 0.000 -0.746 0.057 0.988 0.000 0.049 0.144 0.711 -0.000 -0.700 0.073 0.985 0.000 0.039 0.170 
0.996 -0.058 -0.039 -0.048 0.734 0.000 -0.678 0.036 0.967 -0.000 -0.140 -0.212 0.989 0.000 -0.124 0.080 0.343 0.000 0.443 -0.828 0.664 0.000 -0.746 0.057 0.988 -0.000 0.049 0.144 0.711 0.000 -0.700 0.074 0.985 0.000 0.039 0.171 
0.996 -0.058 -0.039 -0.048 0.734 -0.000 -0.678 0.037 0.967 -0.000 -0.140 -0.212 0.989 0.000 -0.124 0.080 0.344 0.000 0.447 -0.826 0.664 0.000 -0.746 0.058 0.988 0.000 0.049 0.144 0.711 0.000 -0.699 0.074 0.985 -0.000 0.039 0.170 
0.996 -0.058 -0.039 -0.047 0.734 0.000 -0.678 0.037 0.967 0.000 -0.139 -0.212 0.989 0.000 -0.123 0.079 0.343 0.000 0.452 -0.824 0.663 -0.000 -0.746 0.058 0.988 -0.000 0.050 0.143 0.711 -0.000 -0.699 0.074 0.985 0.000 0.039 0.170 
0.996 -0.059 -0.039 -0.047 0.734 -0.000 -0.678 0.036 0.967 0.000 -0.139 -0.212 0.989 0.000 -0.122 0.078 0.343 0.000 0.455 -0.821 0.663 0.000 -0.746 0.059 0.988 0.000 0.049 0.144 0.711 0.000 -0.699 0.074 0.985 0.000 0.040 0.170 
0.996 -0.059 -0.039 -0.047 0.734 0.000 -0.678 0.036 0.967 0.000 -0.139 -0.212 0.990 0.000 -0.120 0.077 0.344 0.000 0.458 -0.820 0.663 0.000 -0.746 0.059 0.988 0.000 0.049 0.144 0.711 0.000 -0.699 0.075 0.985 0.000 0.040 0.170 
0.996 -0.059 -0.039 -0.047 0.735 0.000 -0.678 0.036 0.967 0.000 -0.139 -0.212 0.990 0.000 -0.119 0.075 0.345 0.000 0.462 -0.817 0.664 0.000 -0.746 0.059 0.988 0.000 0.049 0.143 0.711 -0.000 -0.699 0.075 0.985 0.000 0.040 0.170 
0.996 -0.059 -0.039 -0.047 0.735 0.000 -0.677 0.036 0.968 0.000 -0.139 -0.211 0.990 0.000 -0.117 0.073 0.346 0.000 0.465 -0.815 0.664 0.000 -0.746 0.060 0.988 0.000 0.050 0.143 0.711 0.000 -0.699 0.075 0.985 0.000 0.040 0.170 
0.996 -0.059 -0.039 -0.047 0.735 0.000 -0.677 0.036 0.967 0.000 -0.139 -0.212 0.991 0.000 -0.115 0.070 0.347 -0.000 0.468 -0.813 0.663 0.000 -0.746 0.060 0.988 0.000 0.050 0.143 0.711 0.000 -0.699 0.075 0.985 0.000 0.040 0.170 
0.996 -0.059 -0.039 -0.046 0.735 0.000 -0.677 0.035 0.967 0.000 -0.139 -0.211 0.991 0.000 -0.114 0.067 0.348 0.000 0.471 -0.811 0.664 -0.000 -0.746 0.060 0.988 0.000 0.049 0.143 0.711 0.000 -0.699 0.075 0.985 -0.000 0.040 0.170 
0.996 -0.059 -0.039 -0.046 0.735 0.000 -0.677 0.035 0.967 0.000 -0.139 -0.212 0.992 0.000 -0.111 0.063 0.349 0.000 0.473 -0.809 0.664 0.000 -0.746 0.060 0.988 0.000 0.050 0.143 0.711 0.000 -0.699 0.075 0.985 0.000 0.040 0.170 
0.996 -0.059 -0.039 -0.046 0.735 0.000 -0.677 0.034 0.967 -0.000 -0.139 -0.212 0.992 0.000 -0.109 0.060 0.351 0.000 0.476 -0.806 0.664 0.000 -0.746 0.061 0.989 0.000 0.049 0.143 0.711 -0.000 -0.699 0.075 0.985 -0.000 0.040 0.170 
0.996 -0.059 -0.039 -0.046 0.735 0.000 -0.677 0.033 0.967 0.000 -0.139 -0.211 0.993 0.000 -0.106 0.056 0.352 0.000 0.479 -0.804 0.664 0.000 -0.746 0.061 0.989 0.000 0.049 0.143 0.711 0.000 -0.699 0.075 0.985 0.000 0.040 0.170 
0.997 -0.059 -0.039 -0.045 0.736 0.000 -0.677 0.033 0.967 0.000 -0.139 -0.211 0.993 0.000 -0.103 0.051 0.354 0.000 0.481 -0.802 0.664 0.000 -0.745 0.061 0.989 0.000 0.049 0.143 0.711 0.000 -0.699 0.075 0.985 0.000 0.040 0.170 
0.997 -0.059 -0.038 -0.045 0.736 0.000 -0.677 0.032 0.967 -0.000 -0.139 -0.211 0.994 0.000 -0.100 0.047 0.355 0.000 0.485 -0.799 0.664 0.000 -0.745 0.061 0.989 0.000 0.050 0.143 0.711 0.000 -0.699 0.074 0.985 0.000 0.040 0.171 
0.997 -0.058 -0.038 -0.044 0.736 -0.000 -0.677 0.031 0.967 -0.000 -0.139 -0.212 0.994 0.000 -0.097 0.041 0.356 -0.000 0.487 -0.797 0.664 0.000 -0.745 0.061 0.989 -0.000 0.048 0.143 0.711 0.000 -0.699 0.074 0.985 0.000 0.040 0.171 
0.997 -0.058 -0.038 -0.044 0.736 0.000 -0.677 0.030 0.967 0.000 -0.139 -0.212 0.995 0.000 -0.094 0.036 0.357 0.000 0.490 -0.795 0.664 0.000 -0.745 0.061 0.989 0.000 0.048 0.143 0.711 0.000 -0.699 0.074 0.984 0.000 0.040 0.171 
0.997 -0.058 -0.038 -0.043 0.736 0.000 -0.676 0.030 0.967 0.000 -0.139 -0.212 0.995 -0.000 -0.091 0.031 0.359 -0.000 0.492 -0.793 0.664 0.000 -0.745 0.061 0.989 0.000 0.048 0.143 0.711 0.000 -0.699 0.073 0.984 0.000 0.040 0.171 
0.997 -0.058 -0.038 -0.043 0.736 0.000 -0.677 0.028 0.967 0.000 -0.138 -0.212 0.996 0.000 -0.088 0.025 0.360 0.000 0.495 -0.791 0.664 0.000 -0.745 0.061 0.989 0.000 0.048 0.143 0.711 0.000 -0.699 0.072 0.984 0.000 0.040 0.171 
0.997 -0.058 -0.038 -0.042 0.736 -0.000 -0.676 0.027 0.967 0.000 -0.138 -0.212 0.996 0.000 -0.084 0.019 0.362 0.000 0.496 -0.789 0.664 0.000 -0.745 0.061 0.989 0.000 0.048 0.143 0.711 0.000 -0.699 0.072 0.984 0.000 0.040 0.171 
0.997 -0.058 -0.038 -0.042 0.736 0.000 -0.676 0.026 0.967 -0.000 -0.138 -0.212 0.997 -0.000 -0.081 0.013 0.364 0.000 0.498 -0.787 0.664 0.000 -0.745 0.061 0.989 0.000 0.049 0.143 0.711 0.000 -0.700 0.071 0.984 0.000 0.040 0.172 
0.997 -0.057 -0.038 -0.041 0.736 0.000 -0.676 0.025 0.967 -0.000 -0.138 -0.213 0.997 0.000 -0.078 0.007 0.365 0.000 0.499 -0.786 0.664 0.000 -0.745 0.060 0.989 0.000 0.047 0.143 0.711 0.000 -0.700 0.071 0.984 0.000 0.040 0.172 
0.997 -0.057 -0.037 -0.040 0.737 0.000 -0.676 0.024 0.967 0.000 -0.138 -0.214 0.997 -0.000 -0.075 0.001 0.367 0.000 0.501 -0.784 0.664 0.000 -0.745 0.060 0.989 -0.000 0.048 0.143 0.711 0.000 -0.700 0.070 0.984 0.000 0.040 0.172 
0.997 -0.057 -0.037 -0.040 0.737 0.000 -0.676 0.023 0.967 -0.000 -0.138 -0.214 0.997 0.000 -0.071 -0.005 0.369 0.000 0.501 -0.783 0.664 -0.000 -0.745 0.060 0.989 0.000 0.046 0.143 0.711 0.000 -0.700 0.069 0.984 0.000 0.040 0.172 
0.997 -0.056 -0.037 -0.039 0.737 0.000 -0.676 0.022 0.967 -0.000 -0.138 -0.214 0.998 0.000 -0.068 -0.011 0.371 -0.000 0.501 -0.782 0.664 -0.000 -0.745 0.060 0.989 0.000 0.046 0.143 0.711 0.000 -0.700 0.068 0.984 0.000 0.040 0.173 
0.997 -0.056 -0.037 -0.038 0.737 0.000 -0.676 0.020 0.967 0.000 -0.137 -0.214 0.998 -0.000 -0.064 -0.017 0.372 -0.000 0.501 -0.781 0.664 0.000 -0.745 0.060 0.989 0.000 0.048 0.143 0.711 0.000 -0.700 0.067 0.984 0.000 0.040 0.173 
0.997 -0.056 -0.037 -0.037 0.737 -0.000 -0.676 0.019 0.967 -0.000 -0.137 -0.215 0.998 0.000 -0.062 -0.023 0.374 0.000 0.500 -0.781 0.664 0.000 -0.745 0.059 0.989 0.000 0.047 0.143 0.711 0.000 -0.700 0.067 0.984 0.000 0.041 0.173 
0.997 -0.055 -0.037 -0.037 0.737 0.000 -0.676 0.018 0.967 0.000 -0.137 -0.216 0.998 0.000 -0.059 -0.028 0.375 -0.000 0.500 -0.781 0.664 -0.000 -0.745 0.059 0.989 0.000 0.047 0.143 0.711 0.000 -0.700 0.066 0.984 0.000 0.041 0.173 
0.997 -0.055 -0.037 -0.036 0.737 0.000 -0.676 0.017 0.967 0.000 -0.137 -0.216 0.998 0.000 -0.056 -0.033 0.377 0.000 0.499 -0.781 0.664 0.000 -0.745 0.059 0.989 0.000 0.047 0.143 0.711 0.000 -0.700 0.066 0.984 0.000 0.040 0.173 
0.997 -0.055 -0.037 -0.036 0.737 0.000 -0.675 0.016 0.966 -0.000 -0.137 -0.217 0.998 0.000 -0.054 -0.038 0.378 0.000 0.498 -0.781 0.664 0.000 -0.745 0.059 0.989 0.000 0.045 0.143 0.711 0.000 -0.700 0.065 0.984 0.000 0.040 0.173 
0.997 -0.055 -0.037 -0.035 0.737 -0.000 -0.676 0.015 0.966 0.000 -0.136 -0.218 0.998 -0.000 -0.052 -0.044 0.380 0.000 0.498 -0.780 0.664 0.000 -0.745 0.059 0.989 0.000 0.046 0.142 0.711 0.000 -0.700 0.064 0.984 0.000 0.040 0.174 
0.997 -0.054 -0.036 -0.035 0.737 -0.000 -0.676 0.014 0.966 0.000 -0.136 -0.218 0.998 0.000 -0.050 -0.049 0.381 0.000 0.497 -0.780 0.664 0.000 -0.745 0.058 0.989 0.000 0.045 0.142 0.711 0.000 -0.700 0.064 0.984 0.000 0.040 0.174 
0.997 -0.054 -0.036 -0.034 0.737 0.000 -0.676 0.012 0.966 -0.000 -0.136 -0.220 0.997 -0.000 -0.048 -0.054 0.382 0.000 0.496 -0.780 0.665 0.000 -0.745 0.058 0.989 0.000 0.046 0.142 0.711 0.000 -0.700 0.063 0.984 -0.000 0.040 0.174 
0.997 -0.054 -0.036 -0.034 0.737 0.000 -0.675 0.011 0.966 0.000 -0.136 -0.220 0.997 0.000 -0.047 -0.059 0.383 0.000 0.493 -0.781 0.665 0.000 -0.745 0.058 0.989 0.000 0.044 0.142 0.711 -0.000 -0.700 0.063 0.984 0.000 0.040 0.174 
0.997 -0.053 -0.036 -0.033 0.737 0.000 -0.675 0.010 0.966 0.000 -0.136 -0.220 0.997 0.000 -0.046 -0.063 0.384 0.000 0.492 -0.781 0.665 0.000 -0.745 0.058 0.989 -0.000 0.044 0.142 0.711 0.000 -0.700 0.062 0.984 0.000 0.041 0.174 
0.997 -0.053 -0.036 -0.033 0.737 -0.000 -0.675 0.009 0.966 0.000 -0.136 -0.221 0.997 0.000 -0.045 -0.067 0.384 0.000 0.490 -0.783 0.665 -0.000 -0.745 0.058 0.989 -0.000 0.045 0.142 0.711 0.000 -0.700 0.062 0.984 0.000 0.040 0.173 
0.997 -0.053 -0.036 -0.032 0.737 -0.000 -0.676 0.008 0.965 -0.000 -0.136 -0.222 0.997 0.000 -0.044 -0.071 0.386 0.000 0.488 -0.783 0.665 0.000 -0.745 0.057 0.989 0.000 0.044 0.142 0.711 0.000 -0.700 0.061 0.984 0.000 0.040 0.174 
0.997 -0.053 -0.036 -0.032 0.737 0.000 -0.676 0.007 0.965 0.000 -0.135 -0.223 0.996 0.000 -0.043 -0.074 0.386 0.000 0.486 -0.784 0.665 0.000 -0.745 0.057 0.989 -0.000 0.045 0.142 0.711 -0.000 -0.700 0.061 0.984 0.000 0.040 0.174 
0.997 -0.052 -0.036 -0.032 0.737 0.000 -0.676 0.006 0.965 0.000 -0.135 -0.224 0.996 -0.000 -0.042 -0.078 0.387 0.000 0.483 -0.785 0.665 0.000 -0.745 0.057 0.989 0.000 0.044 0.142 0.711 0.000 -0.700 0.060 0.984 0.000 0.040 0.174 
0.997 -0.052 -0.036 -0.031 0.737 0.000 -0.676 0.005 0.965 -0.000 -0.135 -0.224 0.996 0.000 -0.042 -0.080 0.388 0.000 0.481 -0.786 0.665 0.000 -0.745 0.057 0.989 0.000 0.044 0.142 0.711 0.000 -0.700 0.060 0.984 0.000 0.040 0.174 
0.998 -0.052 -0.036 -0.031 0.737 0.000 -0.676 0.004 0.965 0.000 -0.135 -0.225 0.996 0.000 -0.041 -0.083 0.388 0.000 0.479 -0.787 0.665 0.000 -0.745 0.057 0.989 0.000 0.044 0.142 0.711 -0.000 -0.701 0.060 0.984 0.000 0.040 0.174 
0.998 -0.052 -0.035 -0.031 0.737 -0.000 -0.676 0.004 0.965 0.000 -0.135 -0.226 0.995 0.000 -0.041 -0.086 0.389 0.000 0.476 -0.789 0.665 0.000 -0.745 0.057 0.989 0.000 0.043 0.142 0.711 0.000 -0.701 0.060 0.984 0.000 0.040 0.174 
0.998 -0.052 -0.036 -0.031 0.737 0.000 -0.676 0.003 0.965 0.000 -0.135 -0.227 0.995 0.000 -0.040 -0.088 0.389 0.000 0.471 -0.792 0.665 0.000 -0.745 0.057 0.989 0.000 0.043 0.142 0.711 0.000 -0.701 0.059 0.984 0.000 0.040 0.174 
0.998 -0.052 -0.035 -0.031 0.737 -0.000 -0.676 0.003 0.964 0.000 -0.135 -0.227 0.995 0.000 -0.040 -0.089 0.389 -0.000 0.469 -0.793 0.665 -0.000 -0.745 0.056 0.989 0.000 0.043 0.142 0.711 0.000 -0.701 0.059 0.984 0.000 0.041 0.174 
0.998 -0.052 -0.035 -0.031 0.737 0.000 -0.676 0.002 0.964 0.000 -0.135 -0.228 0.995 0.000 -0.041 -0.090 0.389 0.000 0.465 -0.795 0.665 0.000 -0.745 0.056 0.989 0.000 0.043 0.142 0.711 0.000 -0.701 0.059 0.984 -0.000 0.041 0.173 
0.998 -0.052 -0.035 -0.031 0.737 0.000 -0.676 0.002 0.964 0.000 -0.135 -0.229 0.995 0.000 -0.041 -0.091 0.389 0.000 0.463 -0.796 0.665 0.000 -0.745 0.057 0.989 0.000 0.043 0.142 0.711 0.000 -0.701 0.059 0.984 0.000 0.040 0.174 
0.998 -0.051 -0.035 -0.031 0.737 0.000 -0.676 0.002 0.964 0.000 -0.135 -0.230 0.995 0.000 -0.042 -0.091 0.389 0.000 0.460 -0.798 0.665 0.000 -0.745 0.056 0.989 0.000 0.044 0.141 0.711 0.000 -0.701 0.059 0.984 0.000 0.041 0.173 
0.998 -0.051 -0.035 -0.031 0.736 0.000 -0.676 0.002 0.964 -0.000 -0.135 -0.230 0.995 0.000 -0.043 -0.091 0.389 0.000 0.457 -0.800 0.665 -0.000 -0.745 0.057 0.989 0.000 0.043 0.141 0.711 0.000 -0.701 0.060 0.984 0.000 0.039 0.173 
0.998 -0.051 -0.035 -0.032 0.736 0.000 -0.677 0.002 0.964 -0.000 -0.135 -0.231 0.995 0.000 -0.043 -0.090 0.389 0.000 0.455 -0.801 0.665 0.000 -0.745 0.056 0.989 0.000 0.045 0.141 0.711 0.000 -0.701 0.060 0.984 0.000 0.039 0.173 
0.998 -0.051 -0.035 -0.032 0.736 -0.000 -0.677 0.002 0.963 0.000 -0.136 -0.232 0.995 0.000 -0.044 -0.089 0.388 0.000 0.452 -0.803 0.665 -0.000 -0.745 0.056 0.989 0.000 0.044 0.141 0.711 0.000 -0.701 0.060 0.984 0.000 0.040 0.173 
0.998 -0.051 -0.036 -0.032 0.736 0.000 -0.677 0.002 0.963 0.000 -0.136 -0.232 0.995 0.000 -0.045 -0.088 0.388 0.000 0.449 -0.805 0.665 0.000 -0.745 0.057 0.989 0.000 0.045 0.141 0.711 0.000 -0.701 0.060 0.984 0.000 0.040 0.173 
0.998 -0.051 -0.036 -0.033 0.736 -0.000 -0.677 0.002 0.963 0.000 -0.136 -0.233 0.995 -0.000 -0.047 -0.086 0.388 0.000 0.447 -0.806 0.665 0.000 -0.745 0.057 0.989 0.000 0.044 0.140 0.711 0.000 -0.701 0.061 0.984 0.000 0.039 0.173 
0.997 -0.051 -0.036 -0.033 0.736 0.000 -0.677 0.002 0.963 0.000 -0.136 -0.233 0.995 0.000 -0.048 -0.084 0.387 0.000 0.445 -0.808 0.665 0.000 -0.745 0.057 0.989 0.000 0.044 0.141 0.711 0.000 -0.701 0.061 0.984 0.000 0.040 0.173 
0.997 -0.051 -0.036 -0.033 0.736 0.000 -0.677 0.003 0.963 -0.000 -0.137 -0.234 0.995 0.000 -0.049 -0.081 0.387 0.000 0.443 -0.809 0.665 -0.000 -0.745 0.057 0.989 0.000 0.044 0.140 0.711 0.000 -0.700 0.061 0.984 0.000 0.040 0.173 
0.997 -0.052 -0.036 -0.034 0.735 -0.000 -0.678 0.003 0.963 0.000 -0.137 -0.234 0.996 -0.000 -0.050 -0.079 0.386 -0.000 0.441 -0.810 0.665 0.000 -0.745 0.057 0.989 -0.000 0.044 0.140 0.711 0.000 -0.700 0.061 0.984 0.000 0.040 0.173 
0.997 -0.052 -0.036 -0.034 0.735 -0.000 -0.678 0.004 0.963 0.000 -0.137 -0.234 0.996 -0.000 -0.051 -0.076 0.385 0.000 0.439 -0.812 0.665 0.000 -0.745 0.057 0.989 0.000 0.044 0.140 0.711 0.000 -0.700 0.062 0.984 0.000 0.040 0.172 
0.997 -0.052 -0.036 -0.035 0.735 0.000 -0.678 0.004 0.963 0.000 -0.137 -0.234 0.996 0.000 -0.053 -0.071 0.384 0.000 0.438 -0.813 0.665 0.000 -0.745 0.058 0.989 -0.000 0.045 0.140 0.711 -0.000 -0.700 0.063 0.984 0.000 0.040 0.172 
0.997 -0.052 -0.036 -0.036 0.735 0.000 -0.678 0.004 0.963 0.000 -0.137 -0.233 0.996 -0.000 -0.055 -0.068 0.384 0.000 0.438 -0.813 0.665 0.000 -0.745 0.058 0.989 0.000 0.046 0.140 0.711 0.000 -0.700 0.064 0.984 0.000 0.040 0.172 
0.997 -0.052 -0.036 -0.037 0.735 0.000 -0.678 0.005 0.963 0.000 -0.138 -0.233 0.996 0.000 -0.057 -0.063 0.383 0.000 0.437 -0.814 0.665 -0.000 -0.745 0.059 0.989 0.000 0.045 0.140 0.711 -0.000 -0.700 0.064 0.984 0.000 0.040 0.172 
0.997 -0.052 -0.036 -0.037 0.735 0.000 -0.678 0.006 0.963 0.000 -0.138 -0.233 0.997 0.000 -0.059 -0.059 0.382 -0.000 0.435 -0.815 0.665 0.000 -0.745 0.059 0.989 0.000 0.046 0.140 0.711 -0.000 -0.700 0.065 0.984 0.000 0.040 0.171 
0.997 -0.053 -0.036 -0.038 0.735 -0.000 -0.679 0.006 0.963 0.000 -0.138 -0.232 0.997 0.000 -0.060 -0.054 0.381 0.000 0.434 -0.816 0.664 -0.000 -0.745 0.059 0.989 0.000 0.046 0.140 0.711 -0.000 -0.700 0.066 0.984 -0.000 0.041 0.171 
0.997 -0.053 -0.036 -0.039 0.735 0.000 -0.679 0.007 0.963 0.000 -0.138 -0.232 0.997 0.000 -0.062 -0.049 0.380 0.000 0.434 -0.817 0.664 0.000 -0.745 0.059 0.989 0.000 0.046 0.140 0.711 0.000 -0.700 0.067 0.984 0.000 0.040 0.171 
0.997 -0.053 -0.037 -0.039 0.734 0.000 -0.679 0.008 0.963 -0.000 -0.138 -0.232 0.997 -0.000 -0.065 -0.044 0.379 0.000 0.433 -0.818 0.664 0.000 -0.745 0.060 0.989 0.000 0.046 0.140 0.711 0.000 -0.700 0.067 0.984 0.000 0.041 0.171 
0.997 -0.053 -0.037 -0.040 0.734 0.000 -0.679 0.009 0.963 0.000 -0.138 -0.231 0.997 0.000 -0.067 -0.039 0.378 0.000 0.434 -0.818 0.664 0.000 -0.745 0.060 0.989 0.000 0.046 0.140 0.711 0.000 -0.700 0.068 0.984 0.000 0.041 0.171 
0.997 -0.053 -0.037 -0.041 0.734 0.000 -0.679 0.009 0.963 0.000 -0.138 -0.231 0.997 0.000 -0.069 -0.034 0.377 0.000 0.434 -0.818 0.664 0.000 -0.745 0.060 0.989 0.000 0.046 0.140 0.711 0.000 -0.700 0.068 0.984 -0.000 0.040 0.171 
0.997 -0.054 -0.037 -0.041 0.734 0.000 -0.679 0.010 0.963 0.000 -0.138 -0.230 0.997 0.000 -0.071 -0.028 0.376 -0.000 0.435 -0.818 0.664 0.000 -0.745 0.061 0.989 0.000 0.048 0.139 0.711 -0.000 -0.700 0.069 0.985 0.000 0.040 0.171 
0.997 -0.054 -0.037 -0.042 0.734 0.000 -0.679 0.011 0.963 0.000 -0.139 -0.229 0.997 -0.000 -0.073 -0.023 0.375 0.000 0.436 -0.818 0.664 0.000 -0.745 0.061 0.989 0.000 0.048 0.139 0.711 0.000 -0.700 0.070 0.985 0.000 0.040 0.171 
0.997 -0.054 -0.037 -0.042 0.734 0.000 -0.679 0.012 0.964 0.000 -0.138 -0.229 0.997 0.000 -0.076 -0.017 0.373 0.000 0.437 -0.818 0.664 -0.000 -0.745 0.061 0.989 0.000 0.048 0.139 0.711 0.000 -0.699 0.071 0.985 0.000 0.040 0.171 
0.997 -0.054 -0.038 -0.043 0.734 0.000 -0.679 0.013 0.964 -0.000 -0.139 -0.228 0.997 -0.000 -0.079 -0.012 0.372 0.000 0.436 -0.819 0.664 0.000 -0.745 0.062 0.989 -0.000 0.047 0.139 0.711 -0.000 -0.699 0.072 0.985 0.000 0.040 0.170 
0.997 -0.055 -0.038 -0.044 0.734 0.000 -0.679 0.014 0.964 -0.000 -0.139 -0.227 0.997 -0.000 -0.081 -0.006 0.371 0.000 0.437 -0.819 0.664 0.000 -0.745 0.063 0.989 0.000 0.048 0.139 0.711 -0.000 -0.699 0.073 0.985 -0.000 0.042 0.170 
0.997 -0.055 -0.038 -0.045 0.734 0.000 -0.679 0.015 0.964 0.000 -0.139 -0.226 0.997 -0.000 -0.083 -0.000 0.370 -0.000 0.438 -0.819 0.663 0.000 -0.746 0.063 0.989 0.000 0.048 0.139 0.711 0.000 -0.699 0.074 0.985 0.000 0.042 0.169 
0.997 -0.055 -0.038 -0.045 0.734 0.000 -0.679 0.016 0.964 0.000 -0.139 -0.225 0.996 0.000 -0.085 0.005 0.369 0.000 0.441 -0.818 0.663 0.000 -0.746 0.063 0.989 0.000 0.049 0.139 0.711 0.000 -0.699 0.075 0.985 0.000 0.042 0.169 
0.997 -0.055 -0.038 -0.046 0.734 -0.000 -0.679 0.017 0.965 0.000 -0.139 -0.224 0.996 0.000 -0.088 0.010 0.368 0.000 0.443 -0.818 0.663 -0.000 -0.746 0.064 0.989 0.000 0.050 0.138 0.711 0.000 -0.699 0.075 0.985 0.000 0.041 0.169 
0.997 -0.056 -0.038 -0.047 0.734 0.000 -0.679 0.018 0.965 0.000 -0.139 -0.223 0.996 0.000 -0.090 0.015 0.367 0.000 0.445 -0.817 0.663 0.000 -0.746 0.064 0.989 0.000 0.049 0.138 0.711 0.000 -0.699 0.076 0.985 0.000 0.041 0.169 
0.997 -0.056 -0.039 -0.048 0.734 0.000 -0.679 0.019 0.965 0.000 -0.139 -0.222 0.996 0.000 -0.092 0.020 0.366 0.000 0.447 -0.816 0.663 0.000 -0.746 0.065 0.989 0.000 0.049 0.138 0.711 0.000 -0.699 0.077 0.985 0.000 0.041 0.169 
0.997 -0.056 -0.039 -0.048 0.734 0.000 -0.679 0.020 0.965 0.000 -0.139 -0.221 0.995 0.000 -0.094 0.025 0.365 0.000 0.451 -0.815 0.663 -0.000 -0.746 0.065 0.989 0.000 0.051 0.138 0.711 0.000 -0.699 0.078 0.985 0.000 0.041 0.169 
0.996 -0.056 -0.039 -0.049 0.734 -0.000 -0.679 0.020 0.966 0.000 -0.139 -0.220 0.995 0.000 -0.095 0.030 0.364 0.000 0.454 -0.814 0.663 0.000 -0.746 0.065 0.989 0.000 0.050 0.138 0.711 0.000 -0.699 0.079 0.985 0.000 0.041 0.169 
0.996 -0.056 -0.039 -0.050 0.734 0.000 -0.678 0.021 0.966 0.000 -0.139 -0.218 0.995 0.000 -0.096 0.034 0.363 -0.000 0.457 -0.812 0.663 0.000 -0.746 0.065 0.989 0.000 0.051 0.138 0.711 0.000 -0.698 0.079 0.985 0.000 0.041 0.168 
0.996 -0.057 -0.039 -0.050 0.735 0.000 -0.678 0.022 0.966 0.000 -0.139 -0.218 0.994 0.000 -0.098 0.039 0.362 0.000 0.460 -0.811 0.663 0.000 -0.746 0.066 0.989 0.000 0.050 0.138 0.711 0.000 -0.698 0.080 0.985 0.000 0.041 0.168 
0.996 -0.057 -0.039 -0.051 0.735 0.000 -0.678 0.022 0.966 0.000 -0.139 -0.216 0.994 0.000 -0.099 0.043 0.361 -0.000 0.464 -0.809 0.663 0.000 -0.746 0.066 0.989 0.000 0.050 0.138 0.711 0.000 -0.698 0.080 0.985 -0.000 0.042 0.168 
0.996 -0.057 -0.039 -0.051 0.735 0.000 -0.678 0.023 0.967 0.000 -0.139 -0.215 0.994 0.000 -0.100 0.046 0.360 0.000 0.468 -0.807 0.662 0.000 -0.746 0.066 0.989 0.000 0.051 0.138 0.712 0.000 -0.698 0.081 0.985 0.000 0.042 0.168 
0.996 -0.057 -0.040 -0.051 0.735 -0.000 -0.678 0.023 0.967 0.000 -0.139 -0.214 0.994 0.000 -0.101 0.050 0.359 0.000 0.471 -0.805 0.662 0.000 -0.746 0.066 0.989 0.000 0.052 0.137 0.712 0.000 -0.698 0.081 0.985 -0.000 0.042 0.168 
0.996 -0.057 -0.040 -0.052 0.735 0.000 -0.678 0.024 0.967 0.000 -0.139 -0.213 0.993 0.000 -0.102 0.053 0.359 0.000 0.475 -0.804 0.662 0.000 -0.746 0.067 0.989 -0.000 0.051 0.137 0.712 -0.000 -0.698 0.082 0.985 -0.000 0.041 0.168 
0.996 -0.057 -0.040 -0.053 0.735 -0.000 -0.677 0.024 0.967 0.000 -0.139 -0.211 0.993 0.000 -0.102 0.056 0.359 0.000 0.478 -0.802 0.662 0.000 -0.746 0.067 0.989 0.000 0.052 0.137 0.712 -0.000 -0.698 0.083 0.985 0.000 0.041 0.167 
0.996 -0.057 -0.040 -0.053 0.735 0.000 -0.678 0.024 0.968 0.000 -0.138 -0.210 0.993 0.000 -0.102 0.058 0.358 0.000 0.483 -0.799 0.662 0.000 -0.747 0.067 0.989 0.000 0.051 0.137 0.712 0.000 -0.697 0.083 0.985 0.000 0.041 0.167 
0.996 -0.057 -0.040 -0.054 0.735 0.000 -0.677 0.024 0.968 0.000 -0.138 -0.209 0.993 0.000 -0.102 0.060 0.358 0.000 0.486 -0.797 0.662 0.000 -0.747 0.067 0.989 0.000 0.051 0.137 0.712 0.000 -0.697 0.084 0.985 -0.000 0.041 0.167 
0.996 -0.057 -0.041 -0.054 0.735 0.000 -0.677 0.024 0.968 -0.000 -0.138 -0.208 0.993 0.000 -0.102 0.061 0.358 -0.000 0.491 -0.795 0.662 0.000 -0.747 0.068 0.989 0.000 0.051 0.137 0.712 0.000 -0.697 0.084 0.985 0.000 0.042 0.167 
0.996 -0.057 -0.041 -0.054 0.735 0.000 -0.677 0.025 0.969 -0.000 -0.138 -0.207 0.993 -0.000 -0.102 0.062 0.358 0.000 0.494 -0.792 0.662 0.000 -0.747 0.068 0.989 0.000 0.051 0.137 0.712 0.000 -0.697 0.084 0.985 0.000 0.043 0.166 
0.996 -0.057 -0.041 -0.054 0.735 0.000 -0.677 0.025 0.969 0.000 -0.138 -0.206 0.993 0.000 -0.102 0.063 0.358 -0.000 0.498 -0.790 0.661 -0.000 -0.747 0.068 0.989 0.000 0.051 0.137 0.712 0.000 -0.697 0.084 0.985 0.000 0.043 0.166 
0.996 -0.057 -0.041 -0.054 0.736 -0.000 -0.677 0.025 0.969 0.000 -0.138 -0.205 0.993 0.000 -0.102 0.063 0.358 0.000 0.502 -0.788 0.661 0.000 -0.747 0.068 0.989 -0.000 0.051 0.137 0.712 0.000 -0.697 0.085 0.985 0.000 0.042 0.166 
0.996 -0.057 -0.041 -0.054 0.736 0.000 -0.677 0.025 0.969 0.000 -0.137 -0.204 0.993 0.000 -0.101 0.062 0.358 0.000 0.505 -0.785 0.661 -0.000 -0.747 0.068 0.989 0.000 0.051 0.136 0.712 0.000 -0.697 0.085 0.985 0.000 0.042 0.166 
0.996 -0.057 -0.041 -0.054 0.736 0.000 -0.676 0.025 0.969 0.000 -0.138 -0.203 0.993 0.000 -0.100 0.060 0.359 0.000 0.507 -0.784 0.661 -0.000 -0.747 0.069 0.989 0.000 0.052 0.136 0.712 0.000 -0.697 0.085 0.985 0.000 0.043 0.166 
0.996 -0.057 -0.041 -0.053 0.736 0.000 -0.677 0.024 0.970 0.000 -0.137 -0.203 0.993 0.000 -0.099 0.059 0.359 -0.000 0.510 -0.781 0.661 0.000 -0.747 0.069 0.989 0.000 0.052 0.136 0.712 0.000 -0.697 0.084 0.985 0.000 0.042 0.166 
0.996 -0.057 -0.041 -0.053 0.736 0.000 -0.676 0.024 0.970 0.000 -0.137 -0.202 0.994 0.000 -0.099 0.056 0.360 0.000 0.513 -0.779 0.661 0.000 -0.747 0.069 0.989 0.000 0.051 0.136 0.712 -0.000 -0.697 0.084 0.985 0.000 0.042 0.166 
0.996 -0.057 -0.041 -0.053 0.736 0.000 -0.676 0.024 0.970 -0.000 -0.137 -0.202 0.994 0.000 -0.097 0.054 0.361 0.000 0.515 -0.778 0.661 0.000 -0.747 0.069 0.989 0.000 0.051 0.136 0.712 0.000 -0.697 0.084 0.985 0.000 0.042 0.166 
0.996 -0.057 -0.041 -0.052 0.737 -0.000 -0.676 0.024 0.970 0.000 -0.137 -0.202 0.994 0.000 -0.096 0.050 0.361 -0.000 0.516 -0.777 0.661 0.000 -0.747 0.069 0.989 0.000 0.050 0.136 0.713 0.000 -0.697 0.084 0.985 0.000 0.043 0.166 
0.996 -0.056 -0.041 -0.051 0.737 0.000 -0.676 0.023 0.970 0.000 -0.137 -0.202 0.994 0.000 -0.095 0.047 0.362 0.000 0.518 -0.775 0.661 0.000 -0.747 0.069 0.989 0.000 0.052 0.136 0.713 0.000 -0.697 0.084 0.985 0.000 0.043 0.166 
0.996 -0.056 -0.041 -0.051 0.737 0.000 -0.676 0.023 0.970 0.000 -0.137 -0.202 0.995 -0.000 -0.093 0.043 0.363 0.000 0.519 -0.774 0.661 0.000 -0.747 0.069 0.989 0.000 0.051 0.136 0.713 0.000 -0.697 0.083 0.985 0.000 0.042 0.166 
0.996 -0.056 -0.041 -0.050 0.737 -0.000 -0.675 0.022 0.970 0.000 -0.136 -0.201 0.995 0.000 -0.091 0.039 0.364 -0.000 0.520 -0.773 0.661 0.000 -0.747 0.069 0.989 0.000 0.050 0.136 0.713 0.000 -0.697 0.083 0.985 -0.000 0.043 0.166 
0.996 -0.056 -0.041 -0.049 0.737 0.000 -0.675 0.021 0.970 -0.000 -0.136 -0.201 0.995 0.000 -0.088 0.034 0.365 0.000 0.521 -0.772 0.662 -0.000 -0.747 0.069 0.989 0.000 0.051 0.136 0.713 0.000 -0.697 0.083 0.985 0.000 0.043 0.166 
0.996 -0.056 -0.041 -0.049 0.737 0.000 -0.675 0.020 0.970 0.000 -0.136 -0.202 0.996 0.000 -0.086 0.029 0.366 0.000 0.521 -0.771 0.662 0.000 -0.747 0.069 0.989 0.000 0.050 0.136 0.712 0.000 -0.697 0.082 0.985 0.000 0.042 0.166 
0.996 -0.056 -0.040 -0.047 0.738 0.000 -0.675 0.020 0.970 0.000 -0.136 -0.202 0.996 0.000 -0.084 0.024 0.368 -0.000 0.521 -0.770 0.662 0.000 -0.747 0.069 0.989 0.000 0.051 0.136 0.712 0.000 -0.697 0.082 0.985 -0.000 0.043 0.166 
0.997 -0.056 -0.040 -0.047 0.738 0.000 -0.675 0.020 0.970 0.000 -0.136 -0.203 0.997 0.000 -0.081 0.018 0.369 0.000 0.520 -0.770 0.662 -0.000 -0.746 0.069 0.989 0.000 0.049 0.136 0.712 0.000 -0.697 0.081 0.985 0.000 0.042 0.166 
0.997 -0.055 -0.040 -0.046 0.738 -0.000 -0.675 0.019 0.970 0.000 -0.136 -0.203 0.997 -0.000 -0.079 0.012 0.371 0.000 0.521 -0.769 0.662 0.000 -0.746 0.068 0.989 -0.000 0.049 0.137 0.712 0.000 -0.697 0.080 0.985 0.000 0.044 0.166 
0.997 -0.055 -0.040 -0.045 0.738 0.000 -0.674 0.018 0.969 0.000 -0.136 -0.204 0.997 0.000 -0.076 0.006 0.372 0.000 0.519 -0.770 0.662 0.000 -0.746 0.068 0.989 -0.000 0.049 0.137 0.712 -0.000 -0.697 0.080 0.985 0.000 0.044 0.166 
0.997 -0.055 -0.040 -0.044 0.738 0.000 -0.674 0.017 0.969 0.000 -0.137 -0.205 0.997 0.000 -0.073 0.000 0.374 -0.000 0.519 -0.769 0.662 0.000 -0.746 0.068 0.989 0.000 0.049 0.137 0.712 0.000 -0.697 0.079 0.985 0.000 0.044 0.166 
0.997 -0.055 -0.040 -0.043 0.739 0.000 -0.674 0.017 0.969 0.000 -0.137 -0.206 0.998 0.000 -0.070 -0.006 0.376 0.000 0.517 -0.769 0.662 0.000 -0.746 0.068 0.989 0.000 0.048 0.137 0.712 0.000 -0.698 0.079 0.985 0.000 0.044 0.166 
0.997 -0.054 -0.039 -0.042 0.739 0.000 -0.674 0.016 0.969 -0.000 -0.137 -0.207 0.998 0.000 -0.067 -0.012 0.378 0.000 0.516 -0.769 0.662 0.000 -0.746 0.068 0.989 -0.000 0.048 0.137 0.712 0.000 -0.698 0.078 0.985 -0.000 0.044 0.166 
0.997 -0.054 -0.039 -0.041 0.739 0.000 -0.673 0.015 0.969 0.000 -0.137 -0.208 0.998 0.000 -0.063 -0.019 0.380 -0.000 0.515 -0.768 0.662 -0.000 -0.746 0.067 0.989 0.000 0.048 0.137 0.712 0.000 -0.698 0.078 0.985 0.000 0.044 0.166 
0.997 -0.054 -0.039 -0.041 0.739 0.000 -0.673 0.015 0.968 0.000 -0.138 -0.208 0.998 0.000 -0.060 -0.025 0.381 0.000 0.514 -0.769 0.663 0.000 -0.746 0.067 0.989 0.000 0.047 0.137 0.712 -0.000 -0.698 0.077 0.985 0.000 0.044 0.166 
0.997 -0.053 -0.039 -0.040 0.739 0.000 -0.673 0.014 0.968 -0.000 -0.137 -0.210 0.998 0.000 -0.058 -0.032 0.383 0.000 0.513 -0.768 0.663 0.000 -0.746 0.067 0.989 0.000 0.049 0.137 0.712 0.000 -0.698 0.076 0.985 0.000 0.043 0.166 
0.997 -0.053 -0.039 -0.039 0.740 0.000 -0.673 0.013 0.968 0.000 -0.138 -0.211 0.998 0.000 -0.055 -0.039 0.385 0.000 0.512 -0.768 0.663 -0.000 -0.746 0.067 0.989 0.000 0.048 0.137 0.712 -0.000 -0.698 0.075 0.985 0.000 0.043 0.166 
0.997 -0.053 -0.039 -0.038 0.740 0.000 -0.673 0.012 0.967 0.000 -0.138 -0.212 0.998 0.000 -0.052 -0.046 0.387 0.000 0.511 -0.768 0.663 0.000 -0.746 0.066 0.989 0.000 0.047 0.137 0.712 -0.000 -0.699 0.074 0.985 0.000 0.043 0.166 
0.997 -0.052 -0.038 -0.038 0.740 -0.000 -0.673 0.011 0.967 0.000 -0.139 -0.213 0.997 0.000 -0.049 -0.052 0.388 0.000 0.510 -0.768 0.663 0.000 -0.746 0.066 0.990 0.000 0.047 0.137 0.712 -0.000 -0.699 0.074 0.985 0.000 0.045 0.166 
0.997 -0.052 -0.038 -0.037 0.740 0.000 -0.673 0.010 0.967 0.000 -0.139 -0.215 0.997 0.000 -0.046 -0.059 0.391 0.000 0.507 -0.768 0.663 0.000 -0.746 0.065 0.990 0.000 0.046 0.137 0.712 0.000 -0.699 0.073 0.985 -0.000 0.043 0.166 
0.997 -0.051 -0.038 -0.036 0.740 0.000 -0.672 0.009 0.967 0.000 -0.139 -0.215 0.997 0.000 -0.043 -0.066 0.393 0.000 0.505 -0.768 0.663 0.000 -0.746 0.065 0.990 0.000 0.046 0.137 0.712 0.000 -0.699 0.072 0.985 0.000 0.044 0.166 
0.997 -0.051 -0.038 -0.036 0.740 0.000 -0.672 0.009 0.966 0.000 -0.139 -0.217 0.997 0.000 -0.041 -0.073 0.395 0.000 0.502 -0.770 0.663 0.000 -0.746 0.064 0.989 0.000 0.046 0.137 0.711 -0.000 -0.699 0.071 0.985 0.000 0.043 0.167 
0.997 -0.050 -0.038 -0.035 0.740 0.000 -0.672 0.008 0.966 -0.000 -0.140 -0.218 0.996 0.000 -0.038 -0.079 0.397 0.000 0.500 -0.770 0.663 -0.000 -0.746 0.064 0.990 0.000 0.046 0.137 0.711 0.000 -0.699 0.070 0.985 0.000 0.045 0.167 
0.997 -0.050 -0.038 -0.035 0.740 0.000 -0.672 0.008 0.965 -0.000 -0.141 -0.220 0.996 0.000 -0.036 -0.085 0.398 0.000 0.497 -0.771 0.663 0.000 -0.746 0.063 0.989 -0.000 0.047 0.137 0.711 0.000 -0.699 0.069 0.985 -0.000 0.043 0.167 
0.997 -0.049 -0.038 -0.034 0.740 0.000 -0.672 0.007 0.965 0.000 -0.141 -0.221 0.995 0.000 -0.034 -0.091 0.400 0.000 0.495 -0.771 0.663 0.000 -0.746 0.062 0.989 0.000 0.045 0.137 0.711 0.000 -0.700 0.068 0.985 0.000 0.043 0.167 
0.998 -0.049 -0.038 -0.034 0.740 -0.000 -0.672 0.006 0.965 0.000 -0.142 -0.221 0.995 0.000 -0.032 -0.097 0.402 0.000 0.493 -0.772 0.663 -0.000 -0.746 0.062 0.989 0.000 0.045 0.137 0.711 0.000 -0.700 0.067 0.985 -0.000 0.044 0.167 
0.998 -0.049 -0.038 -0.033 0.740 -0.000 -0.672 0.005 0.965 0.000 -0.142 -0.222 0.994 0.000 -0.030 -0.103 0.403 0.000 0.491 -0.772 0.663 0.000 -0.746 0.061 0.989 0.000 0.045 0.138 0.711 -0.000 -0.700 0.066 0.985 0.000 0.044 0.168 
0.998 -0.048 -0.038 -0.033 0.740 0.000 -0.672 0.004 0.964 0.000 -0.142 -0.223 0.994 0.000 -0.029 -0.107 0.405 0.000 0.486 -0.775 0.663 0.000 -0.746 0.060 0.989 -0.000 0.045 0.138 0.711 -0.000 -0.700 0.065 0.985 0.000 0.044 0.168 
0.998 -0.048 -0.038 -0.033 0.740 0.000 -0.672 0.004 0.964 0.000 -0.143 -0.224 0.993 -0.000 -0.027 -0.112 0.406 0.000 0.483 -0.776 0.663 0.000 -0.746 0.060 0.989 0.000 0.044 0.138 0.711 0.000 -0.700 0.065 0.985 -0.000 0.044 0.168 
0.998 -0.047 -0.038 -0.033 0.740 0.000 -0.672 0.003 0.964 0.000 -0.143 -0.224 0.993 0.000 -0.026 -0.116 0.407 -0.000 0.479 -0.778 0.663 0.000 -0.746 0.059 0.989 -0.000 0.046 0.138 0.711 0.000 -0.700 0.064 0.985 -0.000 0.044 0.168 
0.998 -0.047 -0.038 -0.033 0.740 0.000 -0.673 0.002 0.964 0.000 -0.143 -0.225 0.992 0.000 -0.025 -0.120 0.409 0.000 0.475 -0.779 0.663 0.000 -0.746 0.058 0.989 0.000 0.044 0.138 0.711 -0.000 -0.700 0.063 0.985 0.000 0.044 0.169 
0.998 -0.047 -0.038 -0.033 0.740 0.000 -0.673 0.001 0.964 -0.000 -0.144 -0.225 0.992 0.000 -0.024 -0.124 0.410 0.000 0.471 -0.781 0.663 0.000 -0.746 0.058 0.989 0.000 0.044 0.138 0.711 0.000 -0.700 0.063 0.985 0.000 0.042 0.169 
0.998 -0.046 -0.038 -0.033 0.740 -0.000 -0.673 0.000 0.963 0.000 -0.144 -0.226 0.992 0.000 -0.023 -0.126 0.411 0.000 0.467 -0.783 0.663 0.000 -0.746 0.057 0.989 0.000 0.044 0.138 0.711 0.000 -0.700 0.062 0.985 0.000 0.042 0.169 
0.998 -0.046 -0.038 -0.033 0.740 -0.000 -0.673 -0.001 0.963 0.000 -0.144 -0.226 0.991 0.000 -0.023 -0.128 0.412 -0.000 0.463 -0.784 0.663 -0.000 -0.746 0.057 0.989 0.000 0.044 0.138 0.711 0.000 -0.700 0.062 0.985 0.000 0.042 0.169 
0.998 -0.046 -0.038 -0.034 0.740 0.000 -0.673 -0.001 0.963 0.000 -0.145 -0.227 0.991 0.000 -0.022 -0.131 0.413 0.000 0.459 -0.786 0.663 0.000 -0.746 0.057 0.989 -0.000 0.045 0.138 0.711 -0.000 -0.700 0.061 0.985 -0.000 0.042 0.169 
0.998 -0.046 -0.038 -0.034 0.739 0.000 -0.673 -0.002 0.963 -0.000 -0.144 -0.227 0.991 0.000 -0.022 -0.132 0.414 0.000 0.456 -0.788 0.663 0.000 -0.746 0.056 0.989 0.000 0.044 0.138 0.711 0.000 -0.700 0.061 0.985 0.000 0.043 0.169 
0.998 -0.046 -0.038 -0.034 0.739 0.000 -0.674 -0.002 0.963 0.000 -0.145 -0.228 0.991 0.000 -0.022 -0.132 0.414 0.000 0.452 -0.790 0.664 0.000 -0.746 0.056 0.989 0.000 0.044 0.138 0.711 -0.000 -0.700 0.061 0.985 0.000 0.042 0.169 
0.998 -0.045 -0.038 -0.035 0.739 0.000 -0.674 -0.003 0.963 0.000 -0.145 -0.228 0.991 0.000 -0.022 -0.133 0.415 0.000 0.448 -0.792 0.664 0.000 -0.746 0.056 0.989 -0.000 0.044 0.138 0.711 0.000 -0.700 0.061 0.985 0.000 0.041 0.170 
0.998 -0.045 -0.038 -0.035 0.738 0.000 -0.674 -0.003 0.963 0.000 -0.145 -0.229 0.991 0.000 -0.023 -0.132 0.415 0.000 0.446 -0.793 0.664 0.000 -0.746 0.056 0.989 0.000 0.044 0.138 0.711 0.000 -0.700 0.061 0.985 0.000 0.042 0.170 
0.998 -0.045 -0.038 -0.035 0.738 0.000 -0.675 -0.003 0.963 0.000 -0.145 -0.229 0.991 0.000 -0.023 -0.132 0.415 0.000 0.442 -0.795 0.664 0.000 -0.746 0.056 0.989 0.000 0.044 0.138 0.711 -0.000 -0.700 0.061 0.985 0.000 0.042 0.169 
0.998 -0.045 -0.038 -0.036 0.738 0.000 -0.675 -0.004 0.963 0.000 -0.145 -0.229 0.991 -0.000 -0.024 -0.130 0.415 0.000 0.439 -0.797 0.664 0.000 -0.746 0.056 0.989 0.000 0.044 0.138 0.711 0.000 -0.700 0.062 0.985 -0.000 0.041 0.169 
0.998 -0.046 -0.038 -0.036 0.737 0.000 -0.676 -0.004 0.962 0.000 -0.145 -0.229 0.991 0.000 -0.025 -0.129 0.414 0.000 0.437 -0.799 0.664 -0.000 -0.746 0.056 0.990 0.000 0.044 0.138 0.711 0.000 -0.700 0.062 0.985 0.000 0.042 0.169 
0.998 -0.046 -0.038 -0.037 0.737 0.000 -0.676 -0.004 0.962 0.000 -0.145 -0.230 0.992 0.000 -0.026 -0.127 0.414 0.000 0.435 -0.800 0.664 0.000 -0.746 0.056 0.989 0.000 0.044 0.138 0.711 0.000 -0.700 0.062 0.985 0.000 0.042 0.169 
0.998 -0.046 -0.038 -0.038 0.736 0.000 -0.677 -0.003 0.962 0.000 -0.145 -0.231 0.992 -0.000 -0.027 -0.124 0.413 0.000 0.433 -0.801 0.664 0.000 -0.746 0.056 0.989 0.000 0.044 0.138 0.711 0.000 -0.700 0.063 0.985 0.000 0.042 0.169 
0.997 -0.046 -0.038 -0.038 0.736 0.000 -0.677 -0.003 0.962 0.000 -0.145 -0.230 0.992 0.000 -0.029 -0.121 0.413 0.000 0.432 -0.802 0.664 0.000 -0.746 0.056 0.990 0.000 0.044 0.137 0.711 -0.000 -0.700 0.064 0.985 0.000 0.041 0.169 
0.997 -0.046 -0.038 -0.039 0.736 -0.000 -0.677 -0.003 0.962 0.000 -0.146 -0.231 0.993 0.000 -0.030 -0.117 0.412 0.000 0.431 -0.803 0.664 0.000 -0.746 0.056 0.990 0.000 0.045 0.137 0.711 0.000 -0.700 0.064 0.985 0.000 0.042 0.168 
0.997 -0.046 -0.039 -0.039 0.735 0.000 -0.678 -0.002 0.962 0.000 -0.145 -0.232 0.993 0.000 -0.032 -0.113 0.411 0.000 0.431 -0.804 0.664 0.000 -0.746 0.056 0.990 0.000 0.045 0.137 0.711 0.000 -0.700 0.064 0.985 0.000 0.041 0.169 
0.997 -0.046 -0.039 -0.040 0.735 0.000 -0.678 -0.001 0.962 0.000 -0.145 -0.232 0.993 0.000 -0.034 -0.109 0.410 0.000 0.430 -0.805 0.664 0.000 -0.746 0.056 0.990 0.000 0.045 0.137 0.711 0.000 -0.700 0.065 0.985 0.000 0.041 0.169 
0.997 -0.046 -0.039 -0.041 0.735 0.000 -0.678 -0.001 0.962 0.000 -0.146 -0.233 0.994 0.000 -0.036 -0.104 0.408 0.000 0.430 -0.805 0.664 0.000 -0.746 0.057 0.989 -0.000 0.045 0.137 0.711 0.000 -0.700 0.066 0.985 -0.000 0.042 0.168 
0.997 -0.047 -0.039 -0.041 0.735 0.000 -0.678 -0.000 0.962 0.000 -0.146 -0.233 0.994 0.000 -0.038 -0.100 0.407 0.000 0.429 -0.806 0.664 0.000 -0.746 0.057 0.990 0.000 0.045 0.137 0.711 -0.000 -0.700 0.067 0.985 0.000 0.041 0.168 
0.997 -0.047 -0.039 -0.042 0.734 0.000 -0.679 0.000 0.962 0.000 -0.146 -0.232 0.995 0.000 -0.041 -0.095 0.406 0.000 0.429 -0.807 0.664 -0.000 -0.746 0.057 0.990 0.000 0.046 0.137 0.711 -0.000 -0.700 0.068 0.985 0.000 0.041 0.167 
0.997 -0.047 -0.039 -0.043 0.734 0.000 -0.679 0.001 0.962 0.000 -0.147 -0.232 0.995 -0.000 -0.043 -0.090 0.405 0.000 0.429 -0.807 0.663 -0.000 -0.746 0.058 0.990 0.000 0.046 0.137 0.711 0.000 -0.700 0.068 0.985 -0.000 0.041 0.167 
0.997 -0.047 -0.039 -0.044 0.734 -0.000 -0.679 0.002 0.962 0.000 -0.147 -0.232 0.995 0.000 -0.046 -0.084 0.404 0.000 0.429 -0.808 0.663 0.000 -0.746 0.058 0.989 0.000 0.046 0.137 0.711 0.000 -0.700 0.069 0.985 0.000 0.041 0.167 
0.997 -0.048 -0.039 -0.044 0.734 0.000 -0.679 0.002 0.962 0.000 -0.147 -0.231 0.996 0.000 -0.049 -0.078 0.402 0.000 0.432 -0.807 0.663 0.000 -0.746 0.058 0.989 0.000 0.046 0.137 0.711 0.000 -0.700 0.070 0.985 0.000 0.042 0.167 
0.997 -0.048 -0.039 -0.045 0.734 0.000 -0.680 0.003 0.962 0.000 -0.147 -0.231 0.996 0.000 -0.051 -0.072 0.400 0.000 0.433 -0.808 0.663 0.000 -0.746 0.058 0.989 0.000 0.047 0.137 0.711 0.000 -0.700 0.071 0.985 0.000 0.042 0.166 
0.997 -0.048 -0.039 -0.046 0.733 0.000 -0.680 0.004 0.962 -0.000 -0.146 -0.231 0.996 0.000 -0.054 -0.066 0.398 0.000 0.433 -0.809 0.663 0.000 -0.746 0.059 0.990 0.000 0.047 0.137 0.711 0.000 -0.700 0.072 0.985 0.000 0.043 0.166 
0.997 -0.048 -0.040 -0.047 0.733 0.000 -0.680 0.005 0.962 -0.000 -0.146 -0.231 0.997 0.000 -0.057 -0.060 0.397 0.000 0.434 -0.809 0.663 0.000 -0.746 0.059 0.990 -0.000 0.047 0.137 0.711 -0.000 -0.700 0.072 0.985 -0.000 0.043 0.166 
0.997 -0.049 -0.040 -0.047 0.733 0.000 -0.680 0.006 0.962 0.000 -0.147 -0.230 0.997 -0.000 -0.060 -0.054 0.395 0.000 0.436 -0.809 0.663 -0.000 -0.746 0.060 0.989 -0.000 0.049 0.136 0.711 0.000 -0.699 0.073 0.985 0.000 0.041 0.166 
0.997 -0.049 -0.040 -0.048 0.733 0.000 -0.681 0.007 0.962 0.000 -0.147 -0.229 0.997 -0.000 -0.063 -0.047 0.394 0.000 0.436 -0.809 0.663 -0.000 -0.746 0.060 0.989 0.000 0.049 0.136 0.711 -0.000 -0.699 0.074 0.985 0.000 0.042 0.166 
0.997 -0.049 -0.040 -0.049 0.732 0.000 -0.681 0.008 0.962 0.000 -0.147 -0.229 0.997 0.000 -0.066 -0.041 0.392 -0.000 0.437 -0.809 0.663 0.000 -0.746 0.060 0.989 -0.000 0.048 0.136 0.711 0.000 -0.699 0.075 0.985 0.000 0.041 0.166 
0.997 -0.049 -0.040 -0.050 0.732 0.000 -0.681 0.009 0.963 0.000 -0.147 -0.228 0.997 0.000 -0.069 -0.035 0.391 0.000 0.439 -0.809 0.663 -0.000 -0.746 0.060 0.989 0.000 0.048 0.136 0.711 0.000 -0.699 0.075 0.985 0.000 0.042 0.166 
0.997 -0.050 -0.040 -0.050 0.732 -0.000 -0.681 0.010 0.963 0.000 -0.147 -0.227 0.997 0.000 -0.071 -0.029 0.390 -0.000 0.440 -0.809 0.662 -0.000 -0.747 0.061 0.989 -0.000 0.050 0.136 0.711 0.000 -0.699 0.076 0.985 0.000 0.043 0.166 
0.997 -0.050 -0.040 -0.051 0.732 0.000 -0.681 0.012 0.963 0.000 -0.147 -0.226 0.997 0.000 -0.074 -0.022 0.388 0.000 0.443 -0.808 0.662 0.000 -0.747 0.061 0.989 0.000 0.049 0.136 0.711 0.000 -0.699 0.077 0.985 0.000 0.043 0.165 
0.997 -0.050 -0.041 -0.052 0.732 0.000 -0.681 0.013 0.963 0.000 -0.147 -0.225 0.997 0.000 -0.077 -0.016 0.386 -0.000 0.446 -0.807 0.662 0.000 -0.747 0.061 0.989 0.000 0.049 0.136 0.711 0.000 -0.699 0.077 0.985 0.000 0.043 0.165 
0.997 -0.051 -0.041 -0.052 0.732 -0.000 -0.681 0.014 0.963 0.000 -0.147 -0.224 0.997 0.000 -0.079 -0.010 0.385 0.000 0.449 -0.807 0.662 0.000 -0.747 0.062 0.989 0.000 0.050 0.136 0.711 0.000 -0.699 0.078 0.985 0.000 0.043 0.165 
0.996 -0.051 -0.041 -0.053 0.732 0.000 -0.681 0.015 0.964 0.000 -0.148 -0.223 0.997 0.000 -0.081 -0.004 0.383 0.000 0.451 -0.806 0.662 0.000 -0.747 0.062 0.989 0.000 0.050 0.136 0.711 0.000 -0.699 0.079 0.985 0.000 0.043 0.165 
0.996 -0.051 -0.041 -0.054 0.733 0.000 -0.680 0.016 0.964 0.000 -0.148 -0.222 0.996 0.000 -0.084 0.002 0.381 0.000 0.453 -0.806 0.662 0.000 -0.747 0.062 0.989 -0.000 0.051 0.136 0.711 0.000 -0.699 0.080 0.985 -0.000 0.043 0.165 
0.996 -0.051 -0.041 -0.054 0.732 0.000 -0.681 0.017 0.964 0.000 -0.148 -0.220 0.996 0.000 -0.086 0.007 0.379 0.000 0.456 -0.805 0.662 0.000 -0.747 0.062 0.989 0.000 0.051 0.136 0.711 0.000 -0.699 0.080 0.985 0.000 0.042 0.165 
0.996 -0.051 -0.041 -0.055 0.732 0.000 -0.681 0.018 0.964 0.000 -0.148 -0.220 0.996 0.000 -0.087 0.013 0.377 -0.000 0.460 -0.804 0.662 -0.000 -0.747 0.063 0.989 0.000 0.052 0.136 0.711 0.000 -0.698 0.081 0.985 0.000 0.043 0.165 
0.996 -0.052 -0.041 -0.056 0.733 0.000 -0.680 0.019 0.965 0.000 -0.148 -0.218 0.996 0.000 -0.089 0.018 0.376 0.000 0.463 -0.803 0.661 0.000 -0.747 0.063 0.989 0.000 0.051 0.136 0.711 0.000 -0.698 0.082 0.985 0.000 0.042 0.165 
0.996 -0.052 -0.041 -0.056 0.733 0.000 -0.680 0.020 0.965 0.000 -0.148 -0.217 0.996 -0.000 -0.090 0.022 0.375 0.000 0.466 -0.801 0.661 0.000 -0.747 0.063 0.989 0.000 0.053 0.136 0.711 0.000 -0.698 0.082 0.985 0.000 0.043 0.164 
0.996 -0.052 -0.041 -0.056 0.733 0.000 -0.680 0.022 0.965 -0.000 -0.148 -0.216 0.995 0.000 -0.092 0.026 0.374 0.000 0.470 -0.800 0.661 0.000 -0.747 0.063 0.989 0.000 0.052 0.136 0.711 -0.000 -0.698 0.083 0.985 0.000 0.043 0.164 
0.996 -0.052 -0.041 -0.057 0.733 -0.000 -0.680 0.023 0.965 0.000 -0.148 -0.214 0.995 0.000 -0.093 0.030 0.373 0.000 0.472 -0.799 0.661 0.000 -0.748 0.063 0.989 0.000 0.052 0.136 0.711 0.000 -0.698 0.083 0.986 0.000 0.043 0.164 
0.996 -0.052 -0.042 -0.057 0.733 0.000 -0.680 0.023 0.966 -0.000 -0.148 -0.213 0.995 0.000 -0.094 0.034 0.372 0.000 0.477 -0.797 0.661 -0.000 -0.748 0.064 0.989 0.000 0.052 0.136 0.711 0.000 -0.698 0.084 0.986 0.000 0.042 0.164 
0.996 -0.052 -0.042 -0.058 0.734 -0.000 -0.679 0.024 0.966 0.000 -0.148 -0.211 0.995 0.000 -0.095 0.037 0.371 0.000 0.480 -0.795 0.661 0.000 -0.748 0.064 0.989 0.000 0.052 0.136 0.711 -0.000 -0.698 0.084 0.986 0.000 0.043 0.164 
0.996 -0.052 -0.042 -0.058 0.734 -0.000 -0.679 0.025 0.966 0.000 -0.148 -0.211 0.995 0.000 -0.095 0.040 0.369 0.000 0.484 -0.793 0.661 0.000 -0.748 0.064 0.989 0.000 0.053 0.135 0.711 0.000 -0.698 0.084 0.986 0.000 0.042 0.164 
