# T   LUA LFA RUA RFA LT  LS  RT  RS  
0.999 -0.033 0.003 -0.002 0.749 0.000 -0.662 0.033 0.952 0.000 -0.173 -0.252 0.993 0.000 -0.077 0.090 0.704 -0.000 0.686 -0.184 0.730 0.000 -0.681 -0.054 0.976 0.000 0.052 0.213 0.730 0.000 -0.684 0.004 0.981 0.000 0.036 0.190 
0.999 -0.033 0.003 -0.002 0.749 -0.000 -0.661 0.032 0.952 0.000 -0.173 -0.251 0.993 0.000 -0.077 0.091 0.704 0.000 0.686 -0.183 0.730 0.000 -0.681 -0.054 0.976 -0.000 0.052 0.213 0.730 0.000 -0.684 0.004 0.981 -0.000 0.036 0.190 
0.999 -0.032 0.003 -0.001 0.750 0.000 -0.661 0.031 0.952 0.000 -0.173 -0.251 0.993 0.000 -0.077 0.093 0.704 -0.000 0.686 -0.182 0.731 0.000 -0.681 -0.054 0.976 0.000 0.052 0.213 0.729 0.000 -0.684 0.002 0.981 0.000 0.036 0.190 
0.999 -0.032 0.004 -0.002 0.750 0.000 -0.661 0.030 0.952 0.000 -0.174 -0.250 0.992 0.000 -0.077 0.095 0.704 0.000 0.686 -0.182 0.731 -0.000 -0.680 -0.056 0.976 0.000 0.051 0.213 0.729 -0.000 -0.685 0.002 0.981 0.000 0.035 0.190 
0.999 -0.032 0.003 -0.001 0.750 0.000 -0.661 0.031 0.952 0.000 -0.174 -0.250 0.993 0.000 -0.077 0.094 0.704 0.000 0.686 -0.183 0.731 0.000 -0.681 -0.054 0.976 0.000 0.052 0.213 0.729 0.000 -0.684 0.003 0.981 0.000 0.036 0.189 
0.999 -0.032 0.003 -0.000 0.750 0.000 -0.661 0.033 0.952 0.000 -0.174 -0.251 0.993 0.000 -0.078 0.091 0.704 0.000 0.686 -0.184 0.731 0.000 -0.680 -0.054 0.976 -0.000 0.052 0.213 0.729 0.000 -0.684 0.003 0.981 0.000 0.036 0.190 
0.999 -0.032 0.003 -0.000 0.750 0.000 -0.661 0.032 0.952 0.000 -0.174 -0.251 0.993 -0.000 -0.077 0.095 0.703 0.000 0.686 -0.187 0.731 0.000 -0.680 -0.055 0.976 -0.000 0.051 0.213 0.729 0.000 -0.684 0.001 0.981 0.000 0.036 0.190 
0.999 -0.032 0.003 0.000 0.750 -0.000 -0.661 0.033 0.952 -0.000 -0.174 -0.251 0.993 0.000 -0.077 0.091 0.704 0.000 0.685 -0.187 0.731 -0.000 -0.680 -0.054 0.976 0.000 0.052 0.213 0.729 0.000 -0.684 0.002 0.981 0.000 0.036 0.190 
1.000 -0.031 0.004 -0.000 0.751 0.000 -0.660 0.030 0.952 -0.000 -0.174 -0.250 0.992 -0.000 -0.077 0.095 0.704 0.000 0.685 -0.189 0.732 0.000 -0.679 -0.056 0.976 -0.000 0.051 0.213 0.729 0.000 -0.685 0.001 0.981 0.000 0.035 0.190 
0.999 -0.032 0.004 0.001 0.750 -0.000 -0.660 0.031 0.953 0.000 -0.174 -0.250 0.993 0.000 -0.076 0.092 0.703 -0.000 0.684 -0.194 0.731 0.000 -0.680 -0.054 0.976 0.000 0.052 0.213 0.729 0.000 -0.684 0.001 0.981 0.000 0.036 0.190 
1.000 -0.031 0.004 0.001 0.751 0.000 -0.659 0.029 0.953 0.000 -0.174 -0.250 0.992 0.000 -0.076 0.096 0.702 0.000 0.684 -0.197 0.732 0.000 -0.679 -0.056 0.976 0.000 0.051 0.213 0.728 0.000 -0.685 -0.000 0.981 0.000 0.035 0.190 
0.999 -0.032 0.004 0.001 0.750 0.000 -0.660 0.031 0.952 0.000 -0.174 -0.250 0.993 0.000 -0.075 0.092 0.702 0.000 0.683 -0.202 0.731 0.000 -0.680 -0.054 0.976 0.000 0.052 0.213 0.729 0.000 -0.685 0.001 0.981 0.000 0.036 0.190 
1.000 -0.031 0.004 0.002 0.751 0.000 -0.660 0.030 0.952 0.000 -0.174 -0.251 0.993 0.000 -0.074 0.095 0.702 0.000 0.682 -0.205 0.731 0.000 -0.680 -0.055 0.976 0.000 0.052 0.213 0.729 0.000 -0.685 -0.000 0.981 -0.000 0.036 0.189 
0.999 -0.032 0.004 0.002 0.751 0.000 -0.660 0.031 0.952 0.000 -0.174 -0.251 0.993 -0.000 -0.074 0.092 0.702 0.000 0.681 -0.211 0.731 -0.000 -0.680 -0.054 0.976 0.000 0.053 0.213 0.729 0.000 -0.685 0.000 0.981 0.000 0.036 0.190 
1.000 -0.031 0.004 0.003 0.751 0.000 -0.660 0.029 0.952 0.000 -0.174 -0.251 0.993 0.000 -0.072 0.095 0.701 0.000 0.680 -0.215 0.731 0.000 -0.681 -0.055 0.976 -0.000 0.053 0.213 0.729 0.000 -0.685 -0.001 0.981 0.000 0.036 0.190 
0.999 -0.032 0.004 0.003 0.751 0.000 -0.660 0.030 0.952 0.000 -0.174 -0.251 0.993 0.000 -0.072 0.090 0.701 0.000 0.679 -0.219 0.731 -0.000 -0.680 -0.054 0.976 -0.000 0.053 0.213 0.729 0.000 -0.685 -0.001 0.981 0.000 0.036 0.190 
1.000 -0.031 0.004 0.003 0.751 0.000 -0.659 0.027 0.952 0.000 -0.174 -0.251 0.993 0.000 -0.070 0.095 0.699 0.000 0.679 -0.224 0.730 0.000 -0.681 -0.056 0.975 0.000 0.053 0.214 0.729 0.000 -0.685 -0.002 0.981 0.000 0.035 0.190 
1.000 -0.031 0.004 0.003 0.751 0.000 -0.659 0.028 0.952 0.000 -0.174 -0.251 0.993 0.000 -0.069 0.091 0.699 0.000 0.677 -0.230 0.730 0.000 -0.681 -0.056 0.975 0.000 0.054 0.215 0.729 0.000 -0.684 -0.002 0.981 0.000 0.034 0.190 
0.999 -0.031 0.004 0.004 0.751 0.000 -0.659 0.028 0.952 0.000 -0.174 -0.251 0.994 0.000 -0.068 0.089 0.699 0.000 0.676 -0.234 0.730 -0.000 -0.681 -0.055 0.975 0.000 0.054 0.215 0.729 0.000 -0.684 -0.002 0.981 0.000 0.034 0.190 
1.000 -0.030 0.004 0.005 0.752 0.000 -0.659 0.026 0.952 0.000 -0.173 -0.252 0.994 0.000 -0.067 0.090 0.698 0.000 0.675 -0.239 0.731 0.000 -0.681 -0.056 0.975 0.000 0.053 0.215 0.729 0.000 -0.684 -0.004 0.981 -0.000 0.034 0.191 
0.999 -0.031 0.004 0.005 0.752 -0.000 -0.659 0.027 0.952 -0.000 -0.173 -0.252 0.994 0.000 -0.066 0.087 0.698 -0.000 0.673 -0.246 0.730 0.000 -0.681 -0.056 0.975 0.000 0.054 0.215 0.729 0.000 -0.684 -0.003 0.981 0.000 0.034 0.190 
0.999 -0.031 0.004 0.006 0.752 -0.000 -0.659 0.026 0.952 0.000 -0.173 -0.252 0.994 0.000 -0.064 0.086 0.697 0.000 0.671 -0.252 0.730 0.000 -0.681 -0.056 0.975 0.000 0.054 0.215 0.729 0.000 -0.684 -0.004 0.981 0.000 0.033 0.190 
0.999 -0.031 0.004 0.006 0.752 0.000 -0.659 0.026 0.952 -0.000 -0.173 -0.253 0.994 0.000 -0.062 0.086 0.697 0.000 0.669 -0.259 0.730 0.000 -0.681 -0.056 0.975 0.000 0.054 0.215 0.729 -0.000 -0.684 -0.004 0.981 -0.000 0.033 0.190 
0.999 -0.031 0.004 0.006 0.752 0.000 -0.658 0.024 0.952 0.000 -0.172 -0.252 0.995 0.000 -0.061 0.084 0.696 -0.000 0.667 -0.266 0.730 0.000 -0.681 -0.055 0.975 0.000 0.055 0.215 0.729 0.000 -0.684 -0.004 0.981 0.000 0.033 0.190 
0.999 -0.031 0.005 0.007 0.752 0.000 -0.658 0.024 0.952 0.000 -0.172 -0.253 0.995 0.000 -0.059 0.084 0.695 0.000 0.666 -0.271 0.730 0.000 -0.681 -0.055 0.975 0.000 0.055 0.215 0.729 0.000 -0.684 -0.004 0.981 0.000 0.033 0.190 
0.999 -0.031 0.005 0.007 0.752 0.000 -0.658 0.024 0.952 0.000 -0.172 -0.254 0.995 0.000 -0.058 0.082 0.694 -0.000 0.665 -0.276 0.730 0.000 -0.681 -0.055 0.975 0.000 0.055 0.215 0.729 0.000 -0.684 -0.005 0.981 -0.000 0.033 0.191 
0.999 -0.031 0.005 0.008 0.752 0.000 -0.658 0.023 0.952 0.000 -0.172 -0.254 0.995 0.000 -0.058 0.079 0.692 -0.000 0.664 -0.281 0.730 0.000 -0.681 -0.055 0.975 0.000 0.056 0.215 0.729 0.000 -0.684 -0.006 0.981 0.000 0.033 0.191 
0.999 -0.030 0.005 0.008 0.752 0.000 -0.658 0.024 0.951 -0.000 -0.172 -0.256 0.995 0.000 -0.057 0.078 0.691 0.000 0.665 -0.286 0.730 0.000 -0.681 -0.056 0.975 0.000 0.056 0.216 0.729 0.000 -0.684 -0.007 0.981 -0.000 0.032 0.191 
0.999 -0.030 0.005 0.009 0.752 -0.000 -0.658 0.022 0.952 0.000 -0.171 -0.255 0.996 0.000 -0.056 0.076 0.689 0.000 0.665 -0.290 0.730 0.000 -0.681 -0.056 0.975 0.000 0.056 0.216 0.729 0.000 -0.684 -0.007 0.981 0.000 0.032 0.191 
0.999 -0.030 0.005 0.009 0.753 0.000 -0.658 0.021 0.952 0.000 -0.171 -0.255 0.996 0.000 -0.056 0.075 0.687 0.000 0.665 -0.295 0.730 0.000 -0.681 -0.055 0.975 0.000 0.057 0.216 0.729 -0.000 -0.684 -0.007 0.981 0.000 0.033 0.191 
0.999 -0.030 0.005 0.009 0.752 0.000 -0.658 0.020 0.952 0.000 -0.170 -0.256 0.996 0.000 -0.055 0.073 0.685 0.000 0.664 -0.301 0.730 0.000 -0.682 -0.056 0.975 0.000 0.057 0.216 0.729 0.000 -0.684 -0.008 0.981 0.000 0.032 0.191 
0.999 -0.030 0.005 0.010 0.752 0.000 -0.659 0.020 0.951 0.000 -0.170 -0.256 0.996 0.000 -0.054 0.072 0.683 0.000 0.663 -0.306 0.730 0.000 -0.682 -0.056 0.975 -0.000 0.057 0.216 0.729 0.000 -0.684 -0.008 0.981 0.000 0.033 0.191 
0.999 -0.030 0.005 0.010 0.752 0.000 -0.659 0.020 0.951 0.000 -0.170 -0.257 0.996 0.000 -0.053 0.071 0.681 0.000 0.662 -0.313 0.730 0.000 -0.682 -0.056 0.975 0.000 0.057 0.216 0.729 0.000 -0.685 -0.009 0.981 0.000 0.033 0.191 
0.999 -0.030 0.005 0.010 0.752 0.000 -0.659 0.019 0.951 0.000 -0.170 -0.257 0.996 0.000 -0.052 0.069 0.679 -0.000 0.660 -0.320 0.730 0.000 -0.682 -0.056 0.975 0.000 0.057 0.216 0.729 0.000 -0.684 -0.009 0.981 0.000 0.033 0.191 
0.999 -0.030 0.005 0.011 0.752 0.000 -0.658 0.018 0.951 0.000 -0.170 -0.258 0.996 -0.000 -0.051 0.068 0.678 0.000 0.658 -0.328 0.730 0.000 -0.682 -0.056 0.975 0.000 0.057 0.216 0.729 0.000 -0.685 -0.009 0.981 -0.000 0.033 0.191 
0.999 -0.030 0.005 0.011 0.752 0.000 -0.659 0.017 0.951 0.000 -0.170 -0.258 0.997 0.000 -0.049 0.067 0.677 0.000 0.655 -0.337 0.730 0.000 -0.682 -0.056 0.975 0.000 0.058 0.216 0.729 0.000 -0.685 -0.009 0.981 0.000 0.033 0.190 
0.999 -0.030 0.005 0.011 0.752 0.000 -0.659 0.017 0.951 0.000 -0.170 -0.258 0.997 0.000 -0.047 0.066 0.675 0.000 0.652 -0.345 0.729 0.000 -0.682 -0.055 0.975 -0.000 0.058 0.216 0.729 0.000 -0.685 -0.009 0.981 0.000 0.033 0.190 
0.999 -0.030 0.005 0.011 0.752 0.000 -0.659 0.016 0.951 0.000 -0.170 -0.259 0.997 0.000 -0.046 0.065 0.674 0.000 0.649 -0.353 0.729 0.000 -0.682 -0.056 0.975 -0.000 0.059 0.216 0.729 -0.000 -0.685 -0.009 0.981 0.000 0.033 0.190 
0.999 -0.030 0.005 0.011 0.752 0.000 -0.659 0.016 0.951 0.000 -0.170 -0.259 0.997 0.000 -0.044 0.064 0.673 0.000 0.645 -0.362 0.729 0.000 -0.682 -0.056 0.975 0.000 0.059 0.216 0.729 0.000 -0.685 -0.009 0.981 0.000 0.033 0.190 
0.999 -0.030 0.005 0.012 0.752 -0.000 -0.659 0.016 0.951 -0.000 -0.169 -0.259 0.997 0.000 -0.043 0.062 0.671 0.000 0.642 -0.371 0.729 0.000 -0.682 -0.056 0.975 0.000 0.059 0.216 0.729 0.000 -0.685 -0.010 0.981 0.000 0.033 0.190 
0.999 -0.030 0.005 0.012 0.752 0.000 -0.659 0.016 0.951 0.000 -0.169 -0.260 0.997 0.000 -0.041 0.061 0.671 0.000 0.637 -0.380 0.729 0.000 -0.682 -0.056 0.975 0.000 0.059 0.216 0.728 0.000 -0.685 -0.010 0.981 0.000 0.033 0.190 
0.999 -0.029 0.005 0.012 0.751 0.000 -0.660 0.016 0.950 -0.000 -0.169 -0.261 0.997 -0.000 -0.039 0.061 0.670 0.000 0.633 -0.388 0.729 0.000 -0.682 -0.056 0.975 0.000 0.059 0.216 0.728 0.000 -0.685 -0.010 0.981 0.000 0.033 0.190 
0.999 -0.030 0.006 0.012 0.752 0.000 -0.659 0.015 0.951 0.000 -0.169 -0.261 0.997 0.000 -0.038 0.060 0.668 0.000 0.629 -0.397 0.729 -0.000 -0.682 -0.056 0.975 0.000 0.060 0.216 0.728 -0.000 -0.685 -0.010 0.981 0.000 0.033 0.190 
0.999 -0.030 0.006 0.012 0.751 0.000 -0.660 0.015 0.950 0.000 -0.169 -0.261 0.998 0.000 -0.036 0.059 0.668 0.000 0.623 -0.407 0.729 0.000 -0.682 -0.056 0.975 0.000 0.060 0.215 0.728 -0.000 -0.685 -0.010 0.981 0.000 0.033 0.189 
0.999 -0.030 0.005 0.012 0.751 0.000 -0.660 0.014 0.950 -0.000 -0.170 -0.261 0.998 -0.000 -0.034 0.059 0.667 0.000 0.617 -0.418 0.729 0.000 -0.682 -0.056 0.975 0.000 0.060 0.215 0.728 0.000 -0.685 -0.009 0.981 0.000 0.033 0.189 
0.999 -0.030 0.006 0.012 0.751 0.000 -0.660 0.014 0.950 0.000 -0.169 -0.261 0.998 0.000 -0.032 0.058 0.667 0.000 0.610 -0.427 0.729 -0.000 -0.682 -0.056 0.975 0.000 0.060 0.215 0.728 0.000 -0.685 -0.010 0.981 0.000 0.033 0.189 
0.999 -0.030 0.006 0.012 0.751 0.000 -0.660 0.014 0.950 0.000 -0.170 -0.261 0.998 0.000 -0.030 0.057 0.668 0.000 0.602 -0.438 0.729 0.000 -0.682 -0.056 0.975 0.000 0.060 0.215 0.728 0.000 -0.686 -0.010 0.981 0.000 0.033 0.189 
0.999 -0.030 0.006 0.012 0.751 -0.000 -0.660 0.013 0.950 0.000 -0.170 -0.261 0.998 0.000 -0.028 0.057 0.669 0.000 0.593 -0.449 0.729 0.000 -0.682 -0.057 0.975 0.000 0.061 0.215 0.728 0.000 -0.686 -0.010 0.981 0.000 0.033 0.189 
0.999 -0.029 0.006 0.012 0.750 0.000 -0.661 0.014 0.950 0.000 -0.170 -0.262 0.998 0.000 -0.025 0.055 0.669 0.000 0.585 -0.458 0.730 0.000 -0.682 -0.057 0.975 0.000 0.060 0.215 0.728 0.000 -0.686 -0.011 0.981 0.000 0.033 0.189 
0.999 -0.029 0.006 0.011 0.750 0.000 -0.661 0.014 0.950 0.000 -0.170 -0.262 0.998 0.000 -0.023 0.055 0.669 0.000 0.577 -0.468 0.730 -0.000 -0.681 -0.057 0.975 0.000 0.060 0.215 0.728 0.000 -0.686 -0.011 0.981 0.000 0.033 0.189 
0.999 -0.029 0.006 0.011 0.750 -0.000 -0.661 0.013 0.950 0.000 -0.170 -0.262 0.998 -0.000 -0.020 0.056 0.669 0.000 0.569 -0.479 0.730 0.000 -0.681 -0.058 0.975 0.000 0.060 0.215 0.728 0.000 -0.686 -0.011 0.981 0.000 0.033 0.189 
0.999 -0.029 0.006 0.011 0.750 0.000 -0.661 0.012 0.950 0.000 -0.170 -0.261 0.998 0.000 -0.018 0.056 0.669 0.000 0.560 -0.489 0.730 0.000 -0.681 -0.057 0.975 0.000 0.061 0.215 0.728 -0.000 -0.686 -0.011 0.981 -0.000 0.033 0.189 
0.999 -0.029 0.006 0.011 0.750 0.000 -0.661 0.012 0.950 0.000 -0.171 -0.261 0.998 0.000 -0.015 0.056 0.669 0.000 0.550 -0.500 0.730 0.000 -0.681 -0.058 0.975 0.000 0.061 0.215 0.728 0.000 -0.686 -0.010 0.981 0.000 0.033 0.189 
1.000 -0.029 0.006 0.011 0.750 -0.000 -0.662 0.012 0.950 0.000 -0.171 -0.261 0.998 0.000 -0.013 0.057 0.669 0.000 0.540 -0.510 0.730 0.000 -0.681 -0.058 0.975 0.000 0.061 0.215 0.728 0.000 -0.686 -0.011 0.981 0.000 0.032 0.189 
1.000 -0.029 0.006 0.011 0.750 0.000 -0.662 0.012 0.950 0.000 -0.170 -0.261 0.998 0.000 -0.010 0.057 0.670 0.000 0.529 -0.521 0.730 -0.000 -0.681 -0.058 0.975 0.000 0.061 0.215 0.727 0.000 -0.686 -0.012 0.981 0.000 0.033 0.189 
1.000 -0.029 0.006 0.011 0.750 0.000 -0.662 0.012 0.950 -0.000 -0.171 -0.261 0.998 0.000 -0.007 0.057 0.670 0.000 0.518 -0.532 0.730 0.000 -0.681 -0.058 0.975 -0.000 0.061 0.214 0.727 -0.000 -0.686 -0.012 0.981 0.000 0.033 0.189 
1.000 -0.028 0.006 0.011 0.749 0.000 -0.662 0.013 0.950 0.000 -0.171 -0.261 0.998 0.000 -0.004 0.057 0.673 0.000 0.506 -0.540 0.730 -0.000 -0.681 -0.059 0.975 0.000 0.061 0.214 0.727 0.000 -0.686 -0.012 0.981 0.000 0.032 0.189 
1.000 -0.028 0.006 0.010 0.749 0.000 -0.663 0.013 0.950 0.000 -0.172 -0.261 0.998 0.000 -0.001 0.057 0.673 0.000 0.494 -0.551 0.730 0.000 -0.681 -0.059 0.975 0.000 0.061 0.214 0.727 0.000 -0.686 -0.012 0.981 0.000 0.032 0.189 
1.000 -0.028 0.006 0.010 0.749 0.000 -0.663 0.013 0.950 0.000 -0.172 -0.261 0.998 -0.000 0.002 0.057 0.673 0.000 0.482 -0.561 0.730 0.000 -0.681 -0.060 0.975 0.000 0.061 0.214 0.727 -0.000 -0.686 -0.013 0.981 -0.000 0.032 0.189 
1.000 -0.028 0.006 0.010 0.749 0.000 -0.663 0.013 0.950 0.000 -0.172 -0.260 0.998 -0.000 0.005 0.057 0.673 0.000 0.470 -0.571 0.730 -0.000 -0.681 -0.059 0.975 0.000 0.060 0.214 0.727 0.000 -0.686 -0.013 0.981 0.000 0.032 0.189 
1.000 -0.028 0.006 0.010 0.749 0.000 -0.663 0.012 0.950 0.000 -0.172 -0.260 0.998 0.000 0.007 0.058 0.674 0.000 0.460 -0.577 0.730 -0.000 -0.681 -0.060 0.975 0.000 0.060 0.214 0.727 0.000 -0.686 -0.013 0.981 0.000 0.032 0.190 
1.000 -0.028 0.006 0.010 0.749 0.000 -0.663 0.012 0.950 0.000 -0.172 -0.260 0.998 0.000 0.010 0.059 0.674 0.000 0.450 -0.586 0.730 -0.000 -0.681 -0.060 0.975 0.000 0.060 0.214 0.727 0.000 -0.686 -0.013 0.981 0.000 0.031 0.190 
1.000 -0.027 0.006 0.010 0.748 0.000 -0.663 0.013 0.950 0.000 -0.172 -0.260 0.998 0.000 0.012 0.059 0.673 0.000 0.439 -0.595 0.730 0.000 -0.680 -0.061 0.975 0.000 0.060 0.215 0.727 0.000 -0.686 -0.014 0.981 0.000 0.031 0.190 
1.000 -0.027 0.006 0.009 0.748 0.000 -0.663 0.013 0.950 0.000 -0.172 -0.259 0.998 0.000 0.015 0.060 0.673 0.000 0.426 -0.604 0.730 0.000 -0.680 -0.061 0.975 0.000 0.060 0.214 0.727 0.000 -0.686 -0.013 0.981 0.000 0.031 0.190 
1.000 -0.027 0.006 0.009 0.748 0.000 -0.664 0.013 0.950 0.000 -0.172 -0.259 0.998 -0.000 0.016 0.061 0.673 0.000 0.414 -0.613 0.730 0.000 -0.680 -0.061 0.975 0.000 0.059 0.215 0.727 0.000 -0.686 -0.014 0.981 0.000 0.031 0.190 
1.000 -0.027 0.007 0.009 0.748 0.000 -0.664 0.014 0.950 0.000 -0.172 -0.260 0.998 0.000 0.019 0.061 0.673 0.000 0.402 -0.621 0.730 0.000 -0.680 -0.062 0.975 0.000 0.059 0.215 0.727 0.000 -0.686 -0.015 0.981 0.000 0.030 0.190 
1.000 -0.027 0.006 0.009 0.748 0.000 -0.664 0.015 0.950 0.000 -0.172 -0.259 0.998 0.000 0.022 0.062 0.673 0.000 0.389 -0.629 0.730 -0.000 -0.680 -0.062 0.975 0.000 0.059 0.215 0.727 0.000 -0.686 -0.014 0.981 0.000 0.030 0.190 
1.000 -0.027 0.007 0.009 0.748 0.000 -0.664 0.013 0.950 0.000 -0.172 -0.259 0.998 0.000 0.023 0.062 0.672 0.000 0.379 -0.637 0.731 0.000 -0.680 -0.063 0.975 0.000 0.059 0.215 0.727 0.000 -0.686 -0.014 0.981 -0.000 0.030 0.190 
1.000 -0.027 0.007 0.009 0.748 0.000 -0.664 0.013 0.951 -0.000 -0.172 -0.258 0.998 0.000 0.025 0.062 0.671 -0.000 0.367 -0.644 0.731 0.000 -0.680 -0.063 0.975 0.000 0.059 0.215 0.727 0.000 -0.686 -0.015 0.981 0.000 0.030 0.190 
1.000 -0.027 0.007 0.008 0.747 -0.000 -0.664 0.014 0.951 0.000 -0.172 -0.258 0.998 0.000 0.027 0.063 0.670 0.000 0.357 -0.651 0.731 0.000 -0.680 -0.063 0.975 0.000 0.059 0.215 0.727 0.000 -0.686 -0.014 0.981 0.000 0.030 0.190 
1.000 -0.027 0.007 0.008 0.747 0.000 -0.664 0.014 0.951 0.000 -0.172 -0.257 0.998 -0.000 0.028 0.063 0.669 -0.000 0.347 -0.657 0.731 0.000 -0.680 -0.063 0.975 -0.000 0.059 0.215 0.727 0.000 -0.686 -0.014 0.981 0.000 0.030 0.190 
1.000 -0.027 0.007 0.008 0.747 0.000 -0.665 0.014 0.951 0.000 -0.172 -0.257 0.998 -0.000 0.030 0.063 0.669 0.000 0.336 -0.663 0.731 0.000 -0.680 -0.063 0.975 0.000 0.059 0.215 0.727 0.000 -0.686 -0.014 0.981 0.000 0.030 0.190 
1.000 -0.027 0.007 0.007 0.747 0.000 -0.665 0.014 0.951 0.000 -0.172 -0.256 0.998 0.000 0.031 0.063 0.668 0.000 0.325 -0.669 0.731 -0.000 -0.680 -0.063 0.975 -0.000 0.058 0.215 0.727 0.000 -0.686 -0.014 0.981 0.000 0.030 0.190 
1.000 -0.027 0.007 0.007 0.747 0.000 -0.665 0.014 0.951 0.000 -0.171 -0.256 0.997 0.000 0.033 0.063 0.666 0.000 0.313 -0.677 0.731 0.000 -0.680 -0.063 0.975 0.000 0.058 0.215 0.727 0.000 -0.686 -0.013 0.981 0.000 0.030 0.190 
1.000 -0.028 0.007 0.007 0.747 0.000 -0.665 0.015 0.951 0.000 -0.172 -0.256 0.997 -0.000 0.035 0.062 0.667 0.000 0.301 -0.682 0.731 0.000 -0.680 -0.063 0.975 0.000 0.058 0.215 0.727 0.000 -0.686 -0.013 0.981 -0.000 0.030 0.190 
1.000 -0.028 0.006 0.007 0.747 -0.000 -0.665 0.016 0.951 0.000 -0.172 -0.256 0.997 0.000 0.035 0.062 0.668 0.000 0.290 -0.686 0.731 0.000 -0.680 -0.063 0.975 0.000 0.058 0.215 0.727 0.000 -0.686 -0.013 0.981 0.000 0.030 0.190 
1.000 -0.028 0.006 0.007 0.747 0.000 -0.665 0.017 0.951 -0.000 -0.172 -0.256 0.997 0.000 0.036 0.061 0.668 0.000 0.279 -0.690 0.731 0.000 -0.679 -0.063 0.975 0.000 0.058 0.215 0.727 0.000 -0.686 -0.013 0.981 0.000 0.030 0.190 
1.000 -0.028 0.006 0.007 0.747 0.000 -0.665 0.019 0.951 0.000 -0.172 -0.257 0.998 0.000 0.037 0.059 0.668 0.000 0.269 -0.694 0.731 0.000 -0.679 -0.063 0.975 0.000 0.057 0.215 0.727 0.000 -0.686 -0.013 0.981 0.000 0.031 0.190 
1.000 -0.028 0.006 0.006 0.746 0.000 -0.665 0.020 0.951 0.000 -0.173 -0.257 0.998 0.000 0.037 0.059 0.668 -0.000 0.259 -0.698 0.731 0.000 -0.679 -0.063 0.975 0.000 0.057 0.215 0.727 0.000 -0.686 -0.012 0.981 0.000 0.031 0.189 
1.000 -0.028 0.006 0.007 0.747 0.000 -0.665 0.020 0.951 0.000 -0.173 -0.256 0.998 0.000 0.038 0.058 0.668 -0.000 0.248 -0.702 0.731 0.000 -0.679 -0.063 0.975 0.000 0.057 0.215 0.727 0.000 -0.686 -0.012 0.981 0.000 0.031 0.190 
1.000 -0.028 0.006 0.006 0.746 0.000 -0.665 0.021 0.951 0.000 -0.173 -0.256 0.998 0.000 0.039 0.057 0.667 0.000 0.238 -0.706 0.731 0.000 -0.679 -0.063 0.975 0.000 0.057 0.215 0.727 -0.000 -0.686 -0.012 0.981 0.000 0.030 0.190 
1.000 -0.028 0.006 0.007 0.747 0.000 -0.665 0.020 0.951 -0.000 -0.173 -0.255 0.998 0.000 0.039 0.055 0.667 0.000 0.227 -0.709 0.731 0.000 -0.679 -0.063 0.975 0.000 0.057 0.215 0.727 0.000 -0.686 -0.013 0.981 0.000 0.031 0.190 
1.000 -0.028 0.006 0.007 0.747 0.000 -0.665 0.021 0.951 0.000 -0.173 -0.255 0.998 0.000 0.040 0.053 0.668 -0.000 0.216 -0.712 0.731 0.000 -0.679 -0.063 0.975 0.000 0.057 0.215 0.727 0.000 -0.686 -0.012 0.981 -0.000 0.031 0.190 
1.000 -0.028 0.006 0.007 0.746 0.000 -0.665 0.022 0.951 -0.000 -0.174 -0.255 0.998 -0.000 0.042 0.054 0.667 0.000 0.205 -0.717 0.731 0.000 -0.679 -0.063 0.975 0.000 0.057 0.215 0.727 -0.000 -0.686 -0.012 0.981 -0.000 0.031 0.190 
1.000 -0.028 0.006 0.007 0.747 0.000 -0.665 0.023 0.951 0.000 -0.173 -0.255 0.998 0.000 0.042 0.050 0.667 0.000 0.194 -0.719 0.731 -0.000 -0.679 -0.063 0.975 0.000 0.057 0.215 0.727 0.000 -0.686 -0.013 0.981 0.000 0.030 0.190 
1.000 -0.028 0.007 0.008 0.747 0.000 -0.664 0.023 0.951 0.000 -0.173 -0.254 0.998 0.000 0.043 0.049 0.667 0.000 0.182 -0.722 0.732 -0.000 -0.678 -0.062 0.975 0.000 0.056 0.215 0.727 0.000 -0.687 -0.013 0.981 0.000 0.031 0.190 
1.000 -0.028 0.007 0.008 0.747 0.000 -0.664 0.024 0.952 0.000 -0.173 -0.254 0.998 -0.000 0.044 0.047 0.667 -0.000 0.170 -0.725 0.732 0.000 -0.678 -0.062 0.975 0.000 0.056 0.215 0.727 0.000 -0.687 -0.013 0.981 0.000 0.030 0.191 
1.000 -0.028 0.007 0.008 0.747 0.000 -0.664 0.024 0.951 0.000 -0.174 -0.254 0.998 0.000 0.045 0.045 0.668 -0.000 0.159 -0.727 0.732 0.000 -0.678 -0.062 0.975 0.000 0.056 0.215 0.727 -0.000 -0.687 -0.013 0.981 0.000 0.031 0.190 
1.000 -0.029 0.007 0.008 0.747 0.000 -0.664 0.024 0.952 0.000 -0.174 -0.254 0.998 -0.000 0.046 0.042 0.668 0.000 0.147 -0.729 0.732 -0.000 -0.678 -0.062 0.975 -0.000 0.057 0.215 0.727 0.000 -0.687 -0.013 0.981 0.000 0.031 0.190 
1.000 -0.029 0.007 0.008 0.747 0.000 -0.664 0.025 0.952 0.000 -0.174 -0.253 0.998 0.000 0.048 0.039 0.669 0.000 0.134 -0.731 0.731 0.000 -0.679 -0.062 0.975 0.000 0.059 0.216 0.727 -0.000 -0.687 -0.013 0.981 0.000 0.031 0.190 
1.000 -0.029 0.007 0.009 0.747 -0.000 -0.664 0.026 0.952 0.000 -0.174 -0.254 0.998 0.000 0.048 0.037 0.668 0.000 0.123 -0.734 0.732 0.000 -0.678 -0.061 0.975 0.000 0.057 0.215 0.727 0.000 -0.687 -0.013 0.981 -0.000 0.031 0.190 
1.000 -0.029 0.007 0.009 0.748 0.000 -0.664 0.025 0.952 0.000 -0.173 -0.253 0.998 0.000 0.049 0.035 0.668 0.000 0.112 -0.735 0.732 0.000 -0.679 -0.061 0.975 0.000 0.057 0.215 0.727 0.000 -0.687 -0.013 0.981 0.000 0.031 0.190 
1.000 -0.029 0.007 0.009 0.748 0.000 -0.664 0.025 0.952 0.000 -0.174 -0.253 0.998 0.000 0.049 0.032 0.669 0.000 0.102 -0.737 0.732 0.000 -0.679 -0.061 0.975 0.000 0.057 0.215 0.727 -0.000 -0.687 -0.013 0.981 0.000 0.031 0.190 
1.000 -0.029 0.007 0.010 0.747 0.000 -0.664 0.027 0.952 -0.000 -0.173 -0.253 0.998 0.000 0.049 0.030 0.668 0.000 0.091 -0.738 0.732 0.000 -0.679 -0.061 0.975 0.000 0.057 0.215 0.727 0.000 -0.687 -0.014 0.981 0.000 0.031 0.191 
1.000 -0.029 0.007 0.010 0.747 0.000 -0.664 0.026 0.952 0.000 -0.173 -0.252 0.998 0.000 0.050 0.028 0.668 0.000 0.081 -0.740 0.732 0.000 -0.679 -0.061 0.975 -0.000 0.057 0.215 0.727 0.000 -0.687 -0.013 0.981 -0.000 0.031 0.190 
1.000 -0.029 0.007 0.010 0.747 -0.000 -0.664 0.025 0.952 0.000 -0.173 -0.252 0.998 0.000 0.050 0.026 0.667 0.000 0.072 -0.741 0.732 0.000 -0.679 -0.061 0.975 0.000 0.058 0.215 0.727 -0.000 -0.687 -0.013 0.981 0.000 0.031 0.190 
1.000 -0.029 0.007 0.010 0.747 0.000 -0.664 0.026 0.952 0.000 -0.173 -0.252 0.999 -0.000 0.049 0.023 0.667 0.000 0.063 -0.743 0.732 0.000 -0.679 -0.061 0.975 0.000 0.057 0.215 0.727 0.000 -0.687 -0.014 0.981 0.000 0.030 0.191 
1.000 -0.029 0.007 0.010 0.747 0.000 -0.664 0.026 0.952 -0.000 -0.173 -0.252 0.999 0.000 0.050 0.021 0.667 0.000 0.054 -0.743 0.732 0.000 -0.679 -0.061 0.975 0.000 0.058 0.215 0.727 0.000 -0.687 -0.014 0.981 0.000 0.030 0.191 
1.000 -0.028 0.007 0.010 0.747 -0.000 -0.664 0.026 0.952 0.000 -0.172 -0.252 0.999 0.000 0.050 0.020 0.665 0.000 0.045 -0.745 0.732 0.000 -0.679 -0.061 0.975 -0.000 0.058 0.216 0.727 0.000 -0.686 -0.014 0.981 0.000 0.030 0.190 
1.000 -0.028 0.007 0.011 0.748 0.000 -0.664 0.025 0.952 0.000 -0.172 -0.252 0.999 0.000 0.050 0.019 0.664 0.000 0.036 -0.747 0.732 0.000 -0.679 -0.061 0.975 0.000 0.058 0.216 0.727 0.000 -0.687 -0.015 0.981 0.000 0.030 0.191 
1.000 -0.029 0.007 0.011 0.748 0.000 -0.664 0.025 0.952 -0.000 -0.172 -0.252 0.999 0.000 0.050 0.015 0.667 0.000 0.027 -0.745 0.732 0.000 -0.679 -0.061 0.975 0.000 0.058 0.216 0.727 0.000 -0.687 -0.015 0.981 0.000 0.030 0.191 
0.999 -0.029 0.007 0.012 0.747 0.000 -0.664 0.025 0.952 0.000 -0.172 -0.252 0.999 0.000 0.050 0.013 0.667 0.000 0.019 -0.745 0.731 0.000 -0.680 -0.060 0.975 0.000 0.059 0.215 0.727 -0.000 -0.686 -0.015 0.981 0.000 0.031 0.191 
1.000 -0.028 0.007 0.011 0.747 0.000 -0.664 0.026 0.952 0.000 -0.172 -0.253 0.999 0.000 0.049 0.012 0.667 0.000 0.012 -0.745 0.732 -0.000 -0.679 -0.061 0.975 0.000 0.058 0.216 0.727 -0.000 -0.687 -0.016 0.981 0.000 0.030 0.191 
1.000 -0.028 0.007 0.011 0.748 -0.000 -0.664 0.024 0.952 -0.000 -0.172 -0.252 0.999 0.000 0.052 0.011 0.667 0.000 0.001 -0.745 0.732 0.000 -0.679 -0.061 0.975 0.000 0.059 0.216 0.727 -0.000 -0.687 -0.015 0.981 0.000 0.030 0.191 
1.000 -0.028 0.007 0.011 0.748 0.000 -0.664 0.024 0.952 0.000 -0.172 -0.252 0.999 0.000 0.053 0.008 0.668 -0.000 -0.007 -0.744 0.732 -0.000 -0.679 -0.061 0.975 0.000 0.059 0.216 0.727 0.000 -0.687 -0.015 0.981 0.000 0.030 0.190 
1.000 -0.028 0.007 0.011 0.748 0.000 -0.664 0.024 0.952 -0.000 -0.172 -0.252 0.999 0.000 0.052 0.006 0.668 -0.000 -0.013 -0.744 0.732 0.000 -0.679 -0.061 0.975 0.000 0.059 0.216 0.727 0.000 -0.687 -0.015 0.981 0.000 0.030 0.190 
1.000 -0.028 0.007 0.011 0.748 0.000 -0.664 0.024 0.952 -0.000 -0.172 -0.253 0.999 -0.000 0.052 0.005 0.668 0.000 -0.017 -0.744 0.732 -0.000 -0.679 -0.062 0.975 0.000 0.059 0.216 0.727 0.000 -0.686 -0.015 0.981 0.000 0.030 0.190 
1.000 -0.028 0.007 0.011 0.747 -0.000 -0.664 0.024 0.952 0.000 -0.172 -0.254 0.999 -0.000 0.051 0.004 0.668 -0.000 -0.021 -0.744 0.731 0.000 -0.679 -0.062 0.975 0.000 0.059 0.216 0.727 0.000 -0.686 -0.016 0.981 0.000 0.030 0.190 
1.000 -0.028 0.008 0.011 0.747 0.000 -0.664 0.024 0.952 0.000 -0.172 -0.254 0.999 0.000 0.050 0.004 0.667 0.000 -0.024 -0.744 0.732 0.000 -0.679 -0.062 0.975 0.000 0.059 0.216 0.727 -0.000 -0.687 -0.016 0.981 0.000 0.030 0.190 
1.000 -0.028 0.008 0.011 0.747 0.000 -0.664 0.024 0.952 0.000 -0.172 -0.254 0.999 0.000 0.049 0.003 0.667 -0.000 -0.027 -0.745 0.732 0.000 -0.679 -0.063 0.975 0.000 0.058 0.216 0.727 0.000 -0.687 -0.016 0.981 -0.000 0.030 0.190 
1.000 -0.028 0.007 0.011 0.747 0.000 -0.664 0.022 0.952 0.000 -0.172 -0.254 0.999 -0.000 0.047 0.002 0.666 0.000 -0.029 -0.745 0.732 0.000 -0.679 -0.063 0.975 0.000 0.058 0.216 0.727 0.000 -0.686 -0.016 0.981 0.000 0.030 0.190 
1.000 -0.028 0.007 0.012 0.747 0.000 -0.665 0.022 0.952 -0.000 -0.172 -0.254 0.999 0.000 0.046 0.002 0.665 0.000 -0.030 -0.746 0.731 0.000 -0.680 -0.061 0.975 0.000 0.059 0.216 0.727 0.000 -0.686 -0.016 0.981 0.000 0.030 0.190 
1.000 -0.027 0.007 0.012 0.747 0.000 -0.664 0.022 0.952 -0.000 -0.171 -0.255 0.999 0.000 0.044 0.004 0.664 0.000 -0.029 -0.747 0.732 0.000 -0.679 -0.063 0.975 0.000 0.058 0.217 0.727 -0.000 -0.687 -0.017 0.981 0.000 0.030 0.190 
1.000 -0.027 0.007 0.012 0.747 -0.000 -0.665 0.022 0.952 0.000 -0.171 -0.256 0.999 0.000 0.043 0.004 0.664 0.000 -0.029 -0.748 0.731 0.000 -0.680 -0.062 0.975 0.000 0.058 0.216 0.727 -0.000 -0.686 -0.017 0.981 -0.000 0.030 0.190 
1.000 -0.027 0.007 0.011 0.747 -0.000 -0.664 0.021 0.951 0.000 -0.171 -0.256 0.999 0.000 0.041 0.004 0.663 0.000 -0.028 -0.748 0.732 -0.000 -0.679 -0.064 0.975 0.000 0.057 0.217 0.727 0.000 -0.687 -0.017 0.981 0.000 0.030 0.190 
1.000 -0.027 0.007 0.011 0.747 -0.000 -0.664 0.021 0.951 0.000 -0.171 -0.256 0.999 0.000 0.039 0.003 0.663 -0.000 -0.026 -0.748 0.732 0.000 -0.679 -0.064 0.975 0.000 0.058 0.217 0.727 0.000 -0.687 -0.017 0.981 0.000 0.030 0.190 
1.000 -0.027 0.007 0.011 0.747 0.000 -0.664 0.020 0.951 0.000 -0.171 -0.256 0.999 0.000 0.038 0.004 0.662 0.000 -0.023 -0.749 0.732 0.000 -0.679 -0.064 0.975 0.000 0.058 0.217 0.727 -0.000 -0.687 -0.018 0.981 -0.000 0.030 0.190 
1.000 -0.027 0.007 0.011 0.747 0.000 -0.664 0.019 0.951 0.000 -0.171 -0.256 0.999 0.000 0.036 0.005 0.662 0.000 -0.020 -0.750 0.731 0.000 -0.679 -0.064 0.975 0.000 0.058 0.216 0.727 -0.000 -0.687 -0.017 0.981 -0.000 0.030 0.190 
1.000 -0.027 0.007 0.011 0.747 0.000 -0.664 0.019 0.951 0.000 -0.171 -0.256 0.999 0.000 0.034 0.004 0.661 -0.000 -0.016 -0.750 0.731 0.000 -0.679 -0.064 0.975 0.000 0.058 0.216 0.727 0.000 -0.687 -0.018 0.981 0.000 0.030 0.190 
1.000 -0.026 0.007 0.011 0.747 0.000 -0.665 0.019 0.951 0.000 -0.171 -0.257 0.999 0.000 0.033 0.006 0.661 0.000 -0.010 -0.750 0.730 0.000 -0.680 -0.065 0.974 0.000 0.059 0.217 0.727 -0.000 -0.686 -0.018 0.981 0.000 0.030 0.190 
1.000 -0.026 0.007 0.011 0.747 0.000 -0.665 0.019 0.951 0.000 -0.171 -0.257 0.999 0.000 0.031 0.006 0.660 -0.000 -0.005 -0.751 0.730 0.000 -0.680 -0.065 0.974 0.000 0.060 0.216 0.727 0.000 -0.686 -0.018 0.981 0.000 0.030 0.190 
1.000 -0.027 0.007 0.011 0.747 0.000 -0.665 0.018 0.951 0.000 -0.171 -0.257 1.000 0.000 0.030 0.005 0.661 0.000 0.000 -0.751 0.730 0.000 -0.680 -0.064 0.974 0.000 0.060 0.216 0.727 0.000 -0.686 -0.018 0.981 -0.000 0.030 0.190 
1.000 -0.026 0.007 0.011 0.747 0.000 -0.665 0.018 0.951 -0.000 -0.171 -0.258 1.000 0.000 0.028 0.007 0.659 0.000 0.008 -0.752 0.730 0.000 -0.680 -0.065 0.975 0.000 0.060 0.216 0.727 0.000 -0.686 -0.018 0.981 0.000 0.030 0.190 
1.000 -0.027 0.007 0.011 0.747 -0.000 -0.664 0.017 0.951 0.000 -0.171 -0.257 1.000 0.000 0.027 0.006 0.660 0.000 0.014 -0.751 0.730 0.000 -0.680 -0.065 0.975 0.000 0.060 0.216 0.727 0.000 -0.686 -0.018 0.981 0.000 0.030 0.190 
1.000 -0.026 0.007 0.011 0.747 0.000 -0.665 0.018 0.951 0.000 -0.171 -0.258 1.000 0.000 0.024 0.009 0.659 0.000 0.024 -0.752 0.730 0.000 -0.680 -0.065 0.975 0.000 0.060 0.216 0.727 -0.000 -0.686 -0.018 0.981 0.000 0.030 0.190 
1.000 -0.027 0.007 0.011 0.747 0.000 -0.664 0.017 0.951 0.000 -0.171 -0.258 1.000 0.000 0.020 0.010 0.658 -0.000 0.034 -0.752 0.730 0.000 -0.680 -0.065 0.974 0.000 0.059 0.216 0.728 -0.000 -0.686 -0.018 0.981 0.000 0.030 0.190 
1.000 -0.027 0.007 0.011 0.747 0.000 -0.664 0.017 0.951 0.000 -0.171 -0.258 1.000 -0.000 0.018 0.010 0.658 0.000 0.042 -0.752 0.730 -0.000 -0.680 -0.065 0.974 -0.000 0.059 0.217 0.728 -0.000 -0.686 -0.018 0.981 0.000 0.030 0.190 
1.000 -0.027 0.007 0.011 0.747 -0.000 -0.664 0.017 0.951 0.000 -0.171 -0.258 1.000 0.000 0.016 0.011 0.659 0.000 0.051 -0.751 0.730 0.000 -0.680 -0.065 0.974 0.000 0.059 0.217 0.728 0.000 -0.686 -0.017 0.981 0.000 0.030 0.190 
1.000 -0.027 0.007 0.010 0.747 0.000 -0.664 0.017 0.951 0.000 -0.171 -0.258 1.000 0.000 0.015 0.012 0.659 0.000 0.060 -0.750 0.730 0.000 -0.680 -0.065 0.975 0.000 0.058 0.217 0.728 0.000 -0.686 -0.017 0.981 0.000 0.030 0.189 
1.000 -0.027 0.007 0.011 0.747 0.000 -0.664 0.018 0.951 -0.000 -0.171 -0.259 1.000 -0.000 0.012 0.013 0.660 0.000 0.070 -0.748 0.730 0.000 -0.680 -0.065 0.975 0.000 0.058 0.217 0.727 0.000 -0.686 -0.017 0.981 0.000 0.030 0.190 
1.000 -0.027 0.007 0.010 0.747 0.000 -0.664 0.018 0.950 0.000 -0.171 -0.259 1.000 0.000 0.010 0.015 0.659 -0.000 0.080 -0.748 0.730 0.000 -0.680 -0.065 0.975 0.000 0.058 0.217 0.728 0.000 -0.686 -0.017 0.981 0.000 0.030 0.190 
1.000 -0.027 0.007 0.010 0.747 0.000 -0.664 0.018 0.951 0.000 -0.171 -0.259 1.000 0.000 0.009 0.016 0.659 -0.000 0.090 -0.747 0.730 -0.000 -0.680 -0.065 0.975 0.000 0.058 0.216 0.727 0.000 -0.686 -0.017 0.981 0.000 0.031 0.190 
1.000 -0.027 0.007 0.010 0.748 0.000 -0.664 0.017 0.951 -0.000 -0.171 -0.258 1.000 0.000 0.008 0.019 0.659 0.000 0.099 -0.746 0.730 0.000 -0.680 -0.064 0.975 0.000 0.058 0.216 0.727 0.000 -0.686 -0.016 0.981 0.000 0.031 0.189 
1.000 -0.027 0.007 0.009 0.748 0.000 -0.664 0.017 0.951 0.000 -0.171 -0.258 1.000 0.000 0.007 0.020 0.658 0.000 0.109 -0.745 0.730 0.000 -0.680 -0.064 0.975 0.000 0.058 0.216 0.728 0.000 -0.686 -0.015 0.982 0.000 0.031 0.189 
1.000 -0.027 0.007 0.010 0.748 0.000 -0.664 0.018 0.951 0.000 -0.171 -0.259 1.000 0.000 0.006 0.022 0.657 0.000 0.121 -0.744 0.731 0.000 -0.680 -0.065 0.975 -0.000 0.057 0.216 0.728 0.000 -0.686 -0.016 0.981 0.000 0.031 0.189 
1.000 -0.027 0.007 0.010 0.748 -0.000 -0.663 0.017 0.951 0.000 -0.171 -0.258 1.000 0.000 0.005 0.023 0.657 0.000 0.130 -0.742 0.731 0.000 -0.680 -0.064 0.975 0.000 0.057 0.216 0.728 -0.000 -0.686 -0.016 0.981 0.000 0.031 0.189 
1.000 -0.027 0.006 0.009 0.748 0.000 -0.664 0.018 0.951 0.000 -0.171 -0.259 1.000 0.000 0.004 0.024 0.658 0.000 0.141 -0.740 0.731 0.000 -0.680 -0.064 0.975 0.000 0.057 0.216 0.728 -0.000 -0.686 -0.015 0.981 0.000 0.031 0.189 
1.000 -0.027 0.007 0.009 0.748 0.000 -0.664 0.018 0.951 -0.000 -0.170 -0.259 1.000 0.000 0.003 0.025 0.657 0.000 0.152 -0.738 0.731 0.000 -0.680 -0.064 0.975 0.000 0.056 0.216 0.728 0.000 -0.686 -0.016 0.981 0.000 0.031 0.189 
1.000 -0.028 0.006 0.009 0.748 0.000 -0.663 0.018 0.951 0.000 -0.171 -0.258 1.000 0.000 0.002 0.027 0.657 -0.000 0.162 -0.736 0.731 0.000 -0.680 -0.064 0.975 0.000 0.056 0.216 0.728 -0.000 -0.686 -0.015 0.981 -0.000 0.031 0.189 
1.000 -0.027 0.006 0.009 0.748 -0.000 -0.663 0.019 0.951 0.000 -0.170 -0.259 1.000 -0.000 0.002 0.029 0.657 0.000 0.173 -0.734 0.731 0.000 -0.680 -0.064 0.975 0.000 0.056 0.216 0.728 0.000 -0.686 -0.015 0.981 0.000 0.031 0.189 
1.000 -0.028 0.006 0.009 0.748 0.000 -0.663 0.019 0.951 0.000 -0.171 -0.258 1.000 0.000 0.000 0.031 0.656 0.000 0.185 -0.731 0.731 -0.000 -0.680 -0.064 0.975 0.000 0.056 0.215 0.728 0.000 -0.686 -0.014 0.981 0.000 0.032 0.189 
1.000 -0.028 0.006 0.009 0.748 0.000 -0.663 0.020 0.951 -0.000 -0.171 -0.259 0.999 0.000 0.001 0.032 0.656 0.000 0.197 -0.729 0.731 0.000 -0.680 -0.064 0.975 0.000 0.056 0.215 0.728 0.000 -0.686 -0.015 0.981 0.000 0.032 0.189 
1.000 -0.028 0.006 0.008 0.749 0.000 -0.663 0.019 0.951 0.000 -0.171 -0.258 0.999 0.000 -0.001 0.034 0.655 -0.000 0.211 -0.726 0.731 -0.000 -0.680 -0.063 0.975 0.000 0.056 0.215 0.728 -0.000 -0.686 -0.014 0.981 0.000 0.032 0.189 
1.000 -0.028 0.006 0.008 0.749 -0.000 -0.662 0.020 0.951 0.000 -0.171 -0.258 0.999 0.000 -0.002 0.035 0.654 0.000 0.225 -0.722 0.731 -0.000 -0.680 -0.063 0.975 0.000 0.056 0.215 0.728 0.000 -0.686 -0.014 0.981 0.000 0.032 0.189 
1.000 -0.028 0.006 0.008 0.749 0.000 -0.663 0.021 0.951 0.000 -0.171 -0.258 0.999 0.000 -0.003 0.037 0.653 0.000 0.240 -0.718 0.731 0.000 -0.680 -0.064 0.975 -0.000 0.056 0.215 0.728 0.000 -0.686 -0.014 0.981 0.000 0.032 0.189 
1.000 -0.028 0.006 0.008 0.749 -0.000 -0.662 0.020 0.951 0.000 -0.171 -0.258 0.999 -0.000 -0.005 0.038 0.652 0.000 0.255 -0.715 0.731 0.000 -0.680 -0.063 0.975 0.000 0.056 0.215 0.728 0.000 -0.686 -0.014 0.981 0.000 0.032 0.189 
1.000 -0.028 0.006 0.008 0.749 0.000 -0.662 0.022 0.951 -0.000 -0.171 -0.258 0.999 0.000 -0.006 0.039 0.650 0.000 0.271 -0.710 0.731 0.000 -0.680 -0.063 0.975 0.000 0.055 0.215 0.728 -0.000 -0.686 -0.014 0.981 0.000 0.032 0.189 
1.000 -0.028 0.007 0.008 0.750 0.000 -0.662 0.021 0.951 0.000 -0.171 -0.257 0.999 0.000 -0.008 0.040 0.646 0.000 0.288 -0.706 0.732 0.000 -0.678 -0.063 0.975 0.000 0.054 0.215 0.727 0.000 -0.686 -0.013 0.981 -0.000 0.032 0.189 
1.000 -0.028 0.007 0.008 0.749 -0.000 -0.662 0.022 0.951 0.000 -0.170 -0.257 0.999 -0.000 -0.011 0.041 0.646 0.000 0.307 -0.699 0.732 -0.000 -0.678 -0.063 0.975 0.000 0.054 0.215 0.728 0.000 -0.686 -0.014 0.981 0.000 0.032 0.189 
1.000 -0.028 0.007 0.008 0.749 0.000 -0.662 0.023 0.951 0.000 -0.170 -0.257 0.999 0.000 -0.014 0.041 0.644 0.000 0.326 -0.692 0.732 0.000 -0.678 -0.063 0.975 0.000 0.053 0.215 0.727 0.000 -0.686 -0.014 0.981 -0.000 0.032 0.189 
1.000 -0.028 0.007 0.008 0.749 0.000 -0.662 0.023 0.951 0.000 -0.170 -0.257 0.999 0.000 -0.016 0.042 0.642 0.000 0.344 -0.685 0.732 0.000 -0.678 -0.063 0.975 0.000 0.053 0.216 0.728 0.000 -0.686 -0.014 0.981 0.000 0.032 0.189 
1.000 -0.028 0.007 0.008 0.750 0.000 -0.661 0.022 0.952 0.000 -0.170 -0.255 0.999 0.000 -0.019 0.042 0.641 0.000 0.362 -0.677 0.732 0.000 -0.678 -0.063 0.975 -0.000 0.053 0.216 0.728 0.000 -0.686 -0.013 0.981 -0.000 0.032 0.189 
1.000 -0.028 0.007 0.008 0.750 0.000 -0.661 0.022 0.952 0.000 -0.170 -0.255 0.999 0.000 -0.021 0.043 0.639 0.000 0.380 -0.668 0.732 0.000 -0.678 -0.063 0.975 0.000 0.053 0.216 0.728 0.000 -0.686 -0.013 0.981 0.000 0.032 0.189 
1.000 -0.028 0.007 0.008 0.750 0.000 -0.662 0.024 0.952 0.000 -0.170 -0.256 0.999 0.000 -0.024 0.043 0.639 0.000 0.397 -0.658 0.732 -0.000 -0.678 -0.063 0.975 0.000 0.053 0.216 0.728 0.000 -0.686 -0.013 0.981 0.000 0.032 0.189 
1.000 -0.028 0.007 0.009 0.750 0.000 -0.661 0.023 0.952 0.000 -0.170 -0.255 0.999 0.000 -0.026 0.044 0.640 -0.000 0.412 -0.649 0.732 -0.000 -0.678 -0.062 0.975 -0.000 0.053 0.216 0.727 0.000 -0.686 -0.013 0.981 0.000 0.032 0.190 
1.000 -0.028 0.007 0.009 0.750 0.000 -0.661 0.023 0.952 -0.000 -0.170 -0.255 0.999 0.000 -0.028 0.045 0.639 0.000 0.429 -0.639 0.732 0.000 -0.678 -0.062 0.975 0.000 0.053 0.216 0.727 0.000 -0.686 -0.013 0.981 0.000 0.032 0.190 
1.000 -0.028 0.007 0.009 0.750 -0.000 -0.661 0.024 0.952 0.000 -0.170 -0.255 0.999 0.000 -0.031 0.045 0.638 0.000 0.445 -0.628 0.732 0.000 -0.678 -0.063 0.975 -0.000 0.054 0.216 0.728 0.000 -0.686 -0.013 0.981 0.000 0.032 0.190 
1.000 -0.028 0.007 0.009 0.750 0.000 -0.661 0.024 0.952 0.000 -0.170 -0.255 0.998 0.000 -0.033 0.046 0.637 0.000 0.461 -0.618 0.732 0.000 -0.678 -0.063 0.975 0.000 0.054 0.216 0.728 0.000 -0.686 -0.013 0.981 0.000 0.031 0.190 
1.000 -0.028 0.007 0.009 0.750 0.000 -0.661 0.024 0.952 0.000 -0.170 -0.254 0.998 0.000 -0.035 0.045 0.636 0.000 0.475 -0.608 0.732 0.000 -0.678 -0.062 0.975 0.000 0.054 0.216 0.727 -0.000 -0.686 -0.013 0.981 0.000 0.032 0.190 
1.000 -0.029 0.007 0.009 0.750 0.000 -0.661 0.024 0.952 0.000 -0.169 -0.254 0.998 0.000 -0.037 0.046 0.635 0.000 0.489 -0.597 0.732 -0.000 -0.679 -0.062 0.975 0.000 0.055 0.216 0.727 0.000 -0.686 -0.012 0.981 0.000 0.032 0.189 
1.000 -0.028 0.007 0.008 0.750 -0.000 -0.661 0.025 0.952 -0.000 -0.170 -0.255 0.998 -0.000 -0.040 0.045 0.633 0.000 0.502 -0.590 0.732 -0.000 -0.679 -0.062 0.975 0.000 0.055 0.216 0.727 0.000 -0.686 -0.012 0.981 -0.000 0.032 0.189 
1.000 -0.029 0.007 0.009 0.750 0.000 -0.661 0.025 0.952 -0.000 -0.169 -0.255 0.998 0.000 -0.043 0.044 0.634 0.000 0.514 -0.578 0.732 0.000 -0.679 -0.062 0.975 0.000 0.055 0.217 0.727 0.000 -0.686 -0.012 0.981 -0.000 0.031 0.189 
1.000 -0.029 0.007 0.009 0.750 0.000 -0.661 0.026 0.952 0.000 -0.169 -0.256 0.998 0.000 -0.045 0.044 0.633 0.000 0.527 -0.567 0.732 -0.000 -0.679 -0.062 0.975 0.000 0.055 0.217 0.727 0.000 -0.686 -0.012 0.981 0.000 0.031 0.189 
1.000 -0.029 0.007 0.009 0.750 0.000 -0.661 0.025 0.952 0.000 -0.169 -0.255 0.998 0.000 -0.048 0.044 0.632 -0.000 0.538 -0.558 0.732 0.000 -0.678 -0.061 0.975 0.000 0.056 0.217 0.727 0.000 -0.686 -0.012 0.981 0.000 0.031 0.189 
1.000 -0.029 0.007 0.009 0.750 0.000 -0.661 0.025 0.952 -0.000 -0.169 -0.256 0.998 0.000 -0.049 0.045 0.633 -0.000 0.547 -0.548 0.732 -0.000 -0.678 -0.061 0.975 -0.000 0.056 0.217 0.727 0.000 -0.686 -0.011 0.981 0.000 0.031 0.189 
1.000 -0.029 0.007 0.009 0.749 0.000 -0.661 0.026 0.952 0.000 -0.169 -0.257 0.998 -0.000 -0.051 0.045 0.633 -0.000 0.558 -0.537 0.732 0.000 -0.678 -0.061 0.975 0.000 0.056 0.217 0.727 0.000 -0.686 -0.012 0.981 0.000 0.031 0.189 
1.000 -0.029 0.008 0.009 0.749 0.000 -0.662 0.026 0.952 0.000 -0.168 -0.257 0.998 0.000 -0.052 0.047 0.631 -0.000 0.566 -0.530 0.732 0.000 -0.678 -0.061 0.975 0.000 0.056 0.217 0.727 0.000 -0.686 -0.011 0.981 0.000 0.031 0.189 
0.999 -0.029 0.008 0.009 0.749 0.000 -0.662 0.026 0.952 0.000 -0.168 -0.257 0.997 0.000 -0.053 0.047 0.632 0.000 0.573 -0.521 0.732 0.000 -0.678 -0.060 0.975 0.000 0.056 0.217 0.727 0.000 -0.686 -0.011 0.981 0.000 0.031 0.189 
1.000 -0.029 0.008 0.009 0.749 0.000 -0.662 0.026 0.952 0.000 -0.168 -0.258 0.997 0.000 -0.054 0.048 0.632 -0.000 0.582 -0.513 0.732 -0.000 -0.678 -0.061 0.975 0.000 0.056 0.217 0.727 0.000 -0.687 -0.011 0.981 0.000 0.031 0.189 
1.000 -0.029 0.008 0.008 0.749 0.000 -0.662 0.025 0.952 0.000 -0.167 -0.258 0.997 0.000 -0.054 0.052 0.631 0.000 0.589 -0.504 0.732 0.000 -0.678 -0.061 0.975 0.000 0.056 0.217 0.727 0.000 -0.687 -0.011 0.982 0.000 0.031 0.189 
1.000 -0.029 0.008 0.008 0.749 0.000 -0.662 0.025 0.952 0.000 -0.167 -0.258 0.997 0.000 -0.055 0.053 0.632 0.000 0.595 -0.497 0.732 0.000 -0.678 -0.061 0.975 0.000 0.057 0.216 0.727 0.000 -0.687 -0.011 0.982 -0.000 0.031 0.189 
1.000 -0.029 0.008 0.008 0.749 0.000 -0.663 0.025 0.952 0.000 -0.167 -0.258 0.997 0.000 -0.056 0.055 0.632 0.000 0.601 -0.489 0.732 0.000 -0.678 -0.061 0.975 0.000 0.057 0.217 0.727 0.000 -0.687 -0.010 0.982 0.000 0.031 0.189 
1.000 -0.029 0.008 0.008 0.748 0.000 -0.663 0.025 0.952 0.000 -0.167 -0.258 0.997 0.000 -0.057 0.056 0.634 0.000 0.605 -0.482 0.733 -0.000 -0.678 -0.061 0.975 -0.000 0.057 0.217 0.727 0.000 -0.687 -0.010 0.982 0.000 0.031 0.189 
1.000 -0.030 0.008 0.008 0.748 0.000 -0.663 0.027 0.951 0.000 -0.168 -0.259 0.997 0.000 -0.058 0.055 0.637 0.000 0.606 -0.476 0.733 0.000 -0.678 -0.060 0.975 0.000 0.058 0.216 0.727 0.000 -0.687 -0.009 0.982 0.000 0.031 0.188 
0.999 -0.030 0.007 0.008 0.748 0.000 -0.663 0.026 0.952 0.000 -0.168 -0.257 0.997 0.000 -0.057 0.055 0.639 0.000 0.610 -0.470 0.732 0.000 -0.679 -0.059 0.975 0.000 0.058 0.216 0.727 0.000 -0.687 -0.009 0.982 0.000 0.031 0.189 
0.999 -0.030 0.008 0.007 0.748 0.000 -0.663 0.026 0.952 0.000 -0.166 -0.258 0.997 0.000 -0.059 0.057 0.640 0.000 0.612 -0.464 0.733 0.000 -0.678 -0.060 0.975 0.000 0.058 0.216 0.726 0.000 -0.687 -0.009 0.982 -0.000 0.031 0.189 
0.999 -0.030 0.008 0.007 0.748 -0.000 -0.663 0.025 0.952 0.000 -0.168 -0.256 0.997 0.000 -0.059 0.058 0.642 -0.000 0.614 -0.458 0.733 0.000 -0.678 -0.060 0.975 0.000 0.058 0.216 0.726 0.000 -0.687 -0.008 0.982 -0.000 0.031 0.189 
0.999 -0.030 0.008 0.006 0.747 0.000 -0.664 0.026 0.952 0.000 -0.167 -0.258 0.996 -0.000 -0.059 0.059 0.644 0.000 0.616 -0.453 0.733 0.000 -0.678 -0.059 0.975 0.000 0.058 0.216 0.726 0.000 -0.687 -0.007 0.982 0.000 0.031 0.189 
0.999 -0.030 0.008 0.006 0.747 0.000 -0.664 0.026 0.952 0.000 -0.166 -0.258 0.996 -0.000 -0.059 0.061 0.645 0.000 0.619 -0.448 0.733 -0.000 -0.678 -0.060 0.975 0.000 0.058 0.217 0.726 0.000 -0.687 -0.007 0.982 0.000 0.031 0.189 
0.999 -0.030 0.008 0.006 0.747 0.000 -0.664 0.025 0.952 0.000 -0.167 -0.256 0.996 0.000 -0.060 0.062 0.647 0.000 0.621 -0.444 0.733 -0.000 -0.678 -0.060 0.975 0.000 0.058 0.217 0.726 0.000 -0.687 -0.007 0.982 0.000 0.030 0.189 
0.999 -0.031 0.008 0.006 0.746 0.000 -0.665 0.027 0.952 0.000 -0.166 -0.258 0.996 -0.000 -0.060 0.063 0.648 0.000 0.621 -0.440 0.733 0.000 -0.678 -0.058 0.975 0.000 0.058 0.216 0.727 -0.000 -0.687 -0.006 0.982 0.000 0.031 0.189 
0.999 -0.031 0.008 0.006 0.746 0.000 -0.665 0.026 0.952 0.000 -0.167 -0.256 0.996 0.000 -0.060 0.063 0.650 0.000 0.623 -0.436 0.733 0.000 -0.678 -0.058 0.975 0.000 0.058 0.216 0.726 0.000 -0.687 -0.006 0.982 0.000 0.031 0.189 
0.999 -0.031 0.008 0.005 0.746 0.000 -0.666 0.027 0.952 0.000 -0.167 -0.258 0.996 0.000 -0.060 0.064 0.652 0.000 0.624 -0.432 0.733 0.000 -0.678 -0.058 0.975 0.000 0.058 0.216 0.726 0.000 -0.687 -0.006 0.981 -0.000 0.031 0.189 
0.999 -0.031 0.009 0.005 0.746 0.000 -0.665 0.027 0.952 -0.000 -0.167 -0.258 0.996 -0.000 -0.061 0.067 0.654 0.000 0.625 -0.427 0.734 0.000 -0.677 -0.059 0.975 -0.000 0.057 0.216 0.726 0.000 -0.688 -0.006 0.981 0.000 0.030 0.189 
0.999 -0.031 0.009 0.004 0.746 0.000 -0.666 0.027 0.952 -0.000 -0.167 -0.257 0.996 0.000 -0.061 0.068 0.655 0.000 0.626 -0.423 0.734 0.000 -0.677 -0.059 0.975 0.000 0.058 0.216 0.726 0.000 -0.688 -0.004 0.982 -0.000 0.031 0.189 
0.999 -0.031 0.009 0.003 0.746 0.000 -0.666 0.027 0.952 0.000 -0.168 -0.257 0.996 0.000 -0.062 0.071 0.657 0.000 0.627 -0.418 0.734 0.000 -0.677 -0.059 0.975 -0.000 0.058 0.217 0.726 0.000 -0.688 -0.004 0.982 -0.000 0.030 0.189 
0.999 -0.031 0.009 0.003 0.745 -0.000 -0.666 0.026 0.952 -0.000 -0.167 -0.256 0.996 0.000 -0.062 0.071 0.658 0.000 0.630 -0.413 0.734 0.000 -0.676 -0.060 0.975 0.000 0.058 0.217 0.725 0.000 -0.688 -0.004 0.982 0.000 0.030 0.189 
0.999 -0.031 0.008 0.003 0.745 0.000 -0.667 0.027 0.952 0.000 -0.167 -0.256 0.995 -0.000 -0.062 0.072 0.659 0.000 0.631 -0.409 0.734 -0.000 -0.677 -0.058 0.975 0.000 0.058 0.216 0.726 0.000 -0.688 -0.004 0.981 0.000 0.030 0.189 
0.999 -0.032 0.008 0.003 0.744 -0.000 -0.667 0.027 0.952 0.000 -0.168 -0.256 0.995 0.000 -0.063 0.072 0.660 0.000 0.633 -0.404 0.734 0.000 -0.677 -0.058 0.975 0.000 0.058 0.216 0.726 0.000 -0.688 -0.003 0.982 -0.000 0.030 0.189 
0.999 -0.032 0.008 0.003 0.744 0.000 -0.667 0.027 0.952 0.000 -0.168 -0.255 0.995 -0.000 -0.064 0.073 0.661 0.000 0.635 -0.399 0.734 -0.000 -0.677 -0.058 0.975 0.000 0.058 0.216 0.726 0.000 -0.688 -0.003 0.982 0.000 0.030 0.189 
0.999 -0.032 0.008 0.002 0.744 0.000 -0.668 0.027 0.952 0.000 -0.168 -0.255 0.995 0.000 -0.065 0.075 0.663 0.000 0.637 -0.394 0.734 0.000 -0.677 -0.058 0.975 0.000 0.058 0.216 0.726 -0.000 -0.688 -0.002 0.982 0.000 0.030 0.189 
0.999 -0.032 0.009 0.002 0.744 -0.000 -0.668 0.027 0.952 0.000 -0.169 -0.254 0.995 0.000 -0.066 0.076 0.664 0.000 0.638 -0.389 0.734 0.000 -0.677 -0.058 0.975 0.000 0.059 0.216 0.726 0.000 -0.688 -0.002 0.982 -0.000 0.030 0.189 
0.999 -0.032 0.009 0.002 0.744 0.000 -0.668 0.028 0.952 0.000 -0.169 -0.254 0.995 0.000 -0.067 0.076 0.665 0.000 0.641 -0.385 0.734 0.000 -0.677 -0.058 0.975 0.000 0.059 0.216 0.726 0.000 -0.688 -0.002 0.982 -0.000 0.030 0.189 
0.999 -0.032 0.009 0.001 0.744 0.000 -0.668 0.028 0.952 -0.000 -0.170 -0.254 0.995 0.000 -0.068 0.077 0.666 0.000 0.642 -0.379 0.734 0.000 -0.677 -0.058 0.975 0.000 0.059 0.216 0.725 0.000 -0.688 -0.001 0.982 0.000 0.030 0.188 
0.999 -0.032 0.009 0.000 0.744 0.000 -0.667 0.027 0.952 0.000 -0.170 -0.254 0.994 0.000 -0.070 0.080 0.668 0.000 0.644 -0.373 0.735 0.000 -0.676 -0.059 0.974 0.000 0.059 0.217 0.725 0.000 -0.689 -0.002 0.982 -0.000 0.029 0.188 
0.999 -0.032 0.009 0.001 0.743 -0.000 -0.668 0.027 0.952 0.000 -0.171 -0.253 0.994 0.000 -0.070 0.081 0.669 0.000 0.645 -0.369 0.734 -0.000 -0.677 -0.058 0.975 0.000 0.059 0.216 0.725 0.000 -0.688 -0.000 0.982 0.000 0.030 0.188 
0.999 -0.032 0.009 0.001 0.743 0.000 -0.668 0.027 0.952 0.000 -0.171 -0.253 0.994 0.000 -0.070 0.082 0.670 0.000 0.647 -0.364 0.734 0.000 -0.677 -0.058 0.975 -0.000 0.060 0.216 0.725 0.000 -0.688 -0.001 0.982 0.000 0.030 0.188 
0.999 -0.032 0.009 0.000 0.743 -0.000 -0.669 0.027 0.952 0.000 -0.171 -0.253 0.994 0.000 -0.071 0.083 0.671 0.000 0.649 -0.359 0.734 -0.000 -0.677 -0.058 0.975 0.000 0.060 0.216 0.725 0.000 -0.688 0.000 0.982 0.000 0.030 0.188 
0.999 -0.032 0.009 0.000 0.743 -0.000 -0.669 0.027 0.952 0.000 -0.171 -0.253 0.994 -0.000 -0.073 0.084 0.672 0.000 0.651 -0.352 0.734 0.000 -0.676 -0.058 0.974 0.000 0.060 0.216 0.725 0.000 -0.689 0.000 0.982 0.000 0.029 0.188 
0.999 -0.032 0.009 0.000 0.743 0.000 -0.669 0.026 0.952 0.000 -0.171 -0.253 0.994 0.000 -0.074 0.085 0.673 0.000 0.653 -0.347 0.734 0.000 -0.676 -0.058 0.974 0.000 0.060 0.216 0.725 0.000 -0.689 0.000 0.982 -0.000 0.029 0.188 
0.999 -0.032 0.009 -0.000 0.743 0.000 -0.669 0.026 0.952 0.000 -0.171 -0.253 0.993 0.000 -0.075 0.086 0.675 -0.000 0.655 -0.341 0.734 0.000 -0.676 -0.058 0.974 0.000 0.060 0.216 0.725 0.000 -0.689 0.000 0.982 0.000 0.029 0.188 
0.999 -0.033 0.009 -0.000 0.742 -0.000 -0.670 0.026 0.952 0.000 -0.171 -0.253 0.993 0.000 -0.077 0.086 0.676 0.000 0.657 -0.335 0.734 0.000 -0.676 -0.057 0.975 -0.000 0.061 0.216 0.725 0.000 -0.689 0.001 0.982 0.000 0.029 0.188 
0.999 -0.032 0.009 -0.000 0.742 0.000 -0.670 0.026 0.952 0.000 -0.171 -0.253 0.993 0.000 -0.078 0.087 0.676 0.000 0.658 -0.330 0.734 0.000 -0.676 -0.058 0.974 0.000 0.061 0.216 0.725 0.000 -0.689 0.001 0.982 0.000 0.029 0.189 
0.999 -0.033 0.009 -0.001 0.742 0.000 -0.670 0.025 0.952 0.000 -0.171 -0.253 0.993 0.000 -0.080 0.087 0.677 0.000 0.660 -0.325 0.734 0.000 -0.676 -0.057 0.974 0.000 0.061 0.216 0.725 0.000 -0.689 0.002 0.982 0.000 0.029 0.188 
0.999 -0.033 0.009 -0.001 0.742 0.000 -0.670 0.025 0.952 0.000 -0.171 -0.254 0.993 0.000 -0.082 0.089 0.679 0.000 0.661 -0.319 0.734 -0.000 -0.676 -0.057 0.974 0.000 0.061 0.216 0.725 0.000 -0.689 0.001 0.982 0.000 0.029 0.188 
0.999 -0.033 0.009 -0.001 0.742 -0.000 -0.670 0.025 0.952 -0.000 -0.171 -0.254 0.992 0.000 -0.083 0.090 0.680 0.000 0.663 -0.313 0.735 -0.000 -0.676 -0.057 0.974 0.000 0.061 0.216 0.725 0.000 -0.689 0.002 0.982 0.000 0.029 0.188 
0.999 -0.033 0.009 -0.001 0.742 0.000 -0.670 0.025 0.952 0.000 -0.171 -0.254 0.992 0.000 -0.085 0.089 0.681 0.000 0.665 -0.308 0.735 0.000 -0.676 -0.057 0.974 0.000 0.061 0.216 0.725 -0.000 -0.689 0.002 0.982 0.000 0.029 0.189 
0.999 -0.033 0.009 -0.001 0.742 0.000 -0.670 0.025 0.952 -0.000 -0.171 -0.255 0.992 -0.000 -0.087 0.091 0.682 0.000 0.667 -0.302 0.735 0.000 -0.676 -0.057 0.974 0.000 0.061 0.216 0.725 0.000 -0.689 0.002 0.982 0.000 0.029 0.189 
0.999 -0.032 0.009 -0.001 0.742 0.000 -0.670 0.024 0.952 0.000 -0.170 -0.255 0.991 0.000 -0.089 0.095 0.681 0.000 0.670 -0.295 0.735 0.000 -0.676 -0.058 0.974 0.000 0.060 0.216 0.725 0.000 -0.689 0.001 0.982 0.000 0.029 0.189 
0.999 -0.033 0.009 -0.002 0.742 0.000 -0.670 0.024 0.952 0.000 -0.171 -0.255 0.991 0.000 -0.093 0.093 0.682 0.000 0.672 -0.289 0.735 0.000 -0.676 -0.057 0.974 0.000 0.061 0.216 0.725 0.000 -0.689 0.002 0.982 0.000 0.030 0.189 
0.999 -0.033 0.009 -0.002 0.741 0.000 -0.671 0.024 0.951 0.000 -0.170 -0.256 0.991 0.000 -0.095 0.095 0.683 0.000 0.674 -0.283 0.735 0.000 -0.676 -0.057 0.974 -0.000 0.061 0.216 0.725 0.000 -0.689 0.002 0.982 -0.000 0.029 0.189 
0.999 -0.033 0.009 -0.002 0.741 0.000 -0.671 0.025 0.951 0.000 -0.170 -0.258 0.991 0.000 -0.097 0.096 0.683 0.000 0.676 -0.276 0.735 -0.000 -0.676 -0.058 0.974 -0.000 0.060 0.216 0.724 0.000 -0.689 0.002 0.981 0.000 0.029 0.189 
0.999 -0.033 0.009 -0.003 0.741 0.000 -0.671 0.023 0.951 -0.000 -0.170 -0.257 0.990 0.000 -0.100 0.097 0.683 0.000 0.678 -0.270 0.735 0.000 -0.676 -0.058 0.975 0.000 0.060 0.216 0.724 0.000 -0.689 0.002 0.981 0.000 0.029 0.189 
0.999 -0.033 0.009 -0.003 0.741 0.000 -0.671 0.023 0.951 -0.000 -0.169 -0.257 0.990 0.000 -0.102 0.098 0.684 0.000 0.680 -0.264 0.735 -0.000 -0.676 -0.058 0.974 -0.000 0.060 0.216 0.724 0.000 -0.689 0.002 0.981 0.000 0.029 0.189 
0.999 -0.033 0.009 -0.004 0.741 -0.000 -0.671 0.023 0.951 0.000 -0.169 -0.258 0.990 0.000 -0.104 0.100 0.685 0.000 0.681 -0.258 0.735 0.000 -0.675 -0.058 0.975 0.000 0.060 0.216 0.724 -0.000 -0.689 0.002 0.981 0.000 0.029 0.190 
0.999 -0.033 0.010 -0.005 0.741 0.000 -0.671 0.021 0.951 0.000 -0.169 -0.258 0.989 0.000 -0.107 0.102 0.686 -0.000 0.682 -0.253 0.736 0.000 -0.675 -0.060 0.974 0.000 0.059 0.217 0.724 0.000 -0.690 0.003 0.981 0.000 0.029 0.190 
0.999 -0.033 0.009 -0.004 0.741 0.000 -0.671 0.021 0.951 0.000 -0.169 -0.258 0.989 0.000 -0.108 0.104 0.686 0.000 0.683 -0.251 0.735 0.000 -0.675 -0.059 0.974 0.000 0.059 0.217 0.724 -0.000 -0.689 0.003 0.981 0.000 0.029 0.190 
0.999 -0.033 0.009 -0.005 0.740 0.000 -0.672 0.021 0.951 0.000 -0.168 -0.258 0.988 0.000 -0.109 0.106 0.687 0.000 0.683 -0.247 0.735 0.000 -0.675 -0.059 0.974 0.000 0.058 0.217 0.724 -0.000 -0.689 0.004 0.981 0.000 0.030 0.189 
0.999 -0.033 0.010 -0.006 0.741 0.000 -0.671 0.020 0.951 0.000 -0.168 -0.258 0.988 0.000 -0.112 0.107 0.690 0.000 0.682 -0.242 0.736 0.000 -0.674 -0.061 0.974 -0.000 0.057 0.218 0.724 0.000 -0.690 0.004 0.981 0.000 0.029 0.189 
0.999 -0.033 0.010 -0.007 0.741 0.000 -0.672 0.020 0.951 0.000 -0.168 -0.258 0.988 0.000 -0.114 0.108 0.691 -0.000 0.682 -0.238 0.736 0.000 -0.674 -0.061 0.974 0.000 0.057 0.218 0.724 -0.000 -0.690 0.004 0.981 0.000 0.029 0.189 
0.999 -0.033 0.010 -0.008 0.741 0.000 -0.672 0.019 0.951 0.000 -0.168 -0.258 0.987 0.000 -0.115 0.109 0.692 0.000 0.683 -0.235 0.737 0.000 -0.674 -0.061 0.974 0.000 0.056 0.218 0.724 0.000 -0.690 0.004 0.981 0.000 0.029 0.190 
0.999 -0.033 0.010 -0.009 0.741 0.000 -0.672 0.019 0.951 0.000 -0.168 -0.258 0.987 0.000 -0.116 0.111 0.694 -0.000 0.682 -0.233 0.737 0.000 -0.673 -0.062 0.974 0.000 0.056 0.218 0.724 0.000 -0.690 0.005 0.981 0.000 0.029 0.189 
0.999 -0.033 0.009 -0.010 0.740 0.000 -0.672 0.019 0.951 0.000 -0.168 -0.258 0.987 0.000 -0.117 0.114 0.694 -0.000 0.682 -0.232 0.737 0.000 -0.673 -0.062 0.974 0.000 0.056 0.218 0.724 -0.000 -0.690 0.006 0.982 0.000 0.029 0.189 
0.999 -0.033 0.009 -0.010 0.740 0.000 -0.672 0.019 0.951 0.000 -0.168 -0.258 0.986 0.000 -0.118 0.115 0.694 0.000 0.682 -0.230 0.737 0.000 -0.673 -0.063 0.974 0.000 0.055 0.219 0.724 0.000 -0.690 0.006 0.982 0.000 0.029 0.189 
0.999 -0.033 0.009 -0.011 0.740 0.000 -0.672 0.019 0.951 0.000 -0.169 -0.259 0.986 0.000 -0.119 0.117 0.695 0.000 0.682 -0.228 0.737 0.000 -0.673 -0.063 0.974 0.000 0.055 0.219 0.724 0.000 -0.690 0.007 0.981 0.000 0.029 0.189 
0.999 -0.033 0.010 -0.012 0.740 0.000 -0.672 0.020 0.951 0.000 -0.169 -0.259 0.986 0.000 -0.121 0.118 0.696 0.000 0.681 -0.227 0.737 0.000 -0.673 -0.064 0.974 0.000 0.055 0.219 0.723 0.000 -0.690 0.006 0.981 0.000 0.029 0.189 
0.999 -0.033 0.010 -0.012 0.740 0.000 -0.672 0.020 0.951 0.000 -0.170 -0.259 0.985 0.000 -0.122 0.119 0.697 0.000 0.681 -0.226 0.737 -0.000 -0.672 -0.065 0.974 0.000 0.054 0.220 0.723 0.000 -0.691 0.006 0.981 0.000 0.028 0.189 
0.999 -0.033 0.010 -0.014 0.741 0.000 -0.672 0.019 0.951 0.000 -0.170 -0.259 0.985 0.000 -0.122 0.121 0.697 -0.000 0.681 -0.224 0.738 -0.000 -0.672 -0.066 0.974 0.000 0.054 0.220 0.723 0.000 -0.691 0.007 0.981 -0.000 0.028 0.189 
0.999 -0.033 0.010 -0.014 0.741 0.000 -0.671 0.020 0.951 0.000 -0.171 -0.258 0.985 0.000 -0.123 0.122 0.698 0.000 0.680 -0.223 0.738 0.000 -0.672 -0.066 0.974 -0.000 0.054 0.220 0.723 0.000 -0.691 0.007 0.981 0.000 0.028 0.190 
0.999 -0.033 0.010 -0.016 0.741 0.000 -0.671 0.019 0.951 0.000 -0.171 -0.258 0.985 0.000 -0.123 0.124 0.698 -0.000 0.680 -0.224 0.738 0.000 -0.672 -0.067 0.974 0.000 0.053 0.220 0.723 0.000 -0.691 0.007 0.981 -0.000 0.028 0.190 
0.999 -0.033 0.010 -0.016 0.741 0.000 -0.671 0.020 0.951 0.000 -0.172 -0.257 0.984 0.000 -0.124 0.125 0.698 0.000 0.680 -0.225 0.738 0.000 -0.671 -0.067 0.974 0.000 0.053 0.220 0.723 0.000 -0.691 0.008 0.981 -0.000 0.028 0.190 
0.999 -0.033 0.010 -0.017 0.742 0.000 -0.671 0.020 0.951 0.000 -0.173 -0.257 0.984 0.000 -0.123 0.126 0.698 0.000 0.679 -0.225 0.738 0.000 -0.671 -0.067 0.974 0.000 0.052 0.220 0.723 0.000 -0.691 0.008 0.982 0.000 0.027 0.189 
0.999 -0.032 0.010 -0.018 0.742 0.000 -0.671 0.019 0.951 -0.000 -0.173 -0.257 0.984 -0.000 -0.123 0.130 0.698 0.000 0.679 -0.226 0.738 0.000 -0.671 -0.069 0.974 0.000 0.052 0.220 0.723 0.000 -0.691 0.008 0.982 0.000 0.027 0.189 
0.999 -0.033 0.010 -0.019 0.742 0.000 -0.670 0.020 0.951 0.000 -0.175 -0.255 0.984 0.000 -0.122 0.128 0.698 -0.000 0.679 -0.227 0.738 0.000 -0.671 -0.068 0.974 0.000 0.052 0.220 0.723 0.000 -0.691 0.010 0.982 0.000 0.027 0.189 
0.999 -0.033 0.010 -0.019 0.742 0.000 -0.670 0.020 0.951 -0.000 -0.175 -0.255 0.984 0.000 -0.122 0.128 0.698 -0.000 0.678 -0.229 0.739 0.000 -0.671 -0.068 0.974 0.000 0.052 0.220 0.723 0.000 -0.691 0.010 0.982 0.000 0.027 0.188 
0.999 -0.032 0.010 -0.020 0.743 0.000 -0.669 0.018 0.951 0.000 -0.176 -0.253 0.984 0.000 -0.120 0.131 0.699 0.000 0.677 -0.231 0.739 0.000 -0.671 -0.068 0.974 -0.000 0.052 0.219 0.723 -0.000 -0.691 0.010 0.982 0.000 0.027 0.188 
0.999 -0.033 0.010 -0.020 0.743 0.000 -0.669 0.019 0.952 0.000 -0.176 -0.252 0.984 0.000 -0.120 0.128 0.699 0.000 0.677 -0.233 0.739 -0.000 -0.671 -0.067 0.974 -0.000 0.051 0.219 0.723 0.000 -0.691 0.011 0.982 0.000 0.027 0.188 
0.999 -0.032 0.010 -0.020 0.743 -0.000 -0.669 0.019 0.951 0.000 -0.176 -0.252 0.984 0.000 -0.118 0.131 0.698 0.000 0.676 -0.236 0.739 0.000 -0.671 -0.068 0.974 0.000 0.051 0.219 0.723 0.000 -0.691 0.011 0.982 0.000 0.027 0.188 
