# T   LUA LFA RUA RFA LT  LS  RT  RS  
0.998 -0.031 -0.052 0.005 0.697 0.000 -0.717 0.025 0.973 0.000 -0.079 -0.215 0.769 0.000 -0.639 0.022 0.977 0.000 -0.049 -0.207 0.627 0.000 -0.777 0.048 0.996 -0.000 0.063 0.063 0.695 0.000 -0.718 0.037 0.994 0.000 0.088 0.064 
0.998 -0.031 -0.053 0.005 0.696 0.000 -0.717 0.025 0.973 0.000 -0.079 -0.215 0.769 0.000 -0.639 0.022 0.977 0.000 -0.048 -0.207 0.627 0.000 -0.778 0.047 0.996 0.000 0.063 0.064 0.696 -0.000 -0.717 0.037 0.994 0.000 0.087 0.064 
0.998 -0.031 -0.052 0.005 0.697 0.000 -0.717 0.025 0.973 0.000 -0.078 -0.215 0.769 0.000 -0.639 0.022 0.977 0.000 -0.049 -0.208 0.627 0.000 -0.777 0.048 0.996 -0.000 0.063 0.063 0.695 -0.000 -0.718 0.037 0.994 0.000 0.088 0.064 
0.998 -0.031 -0.053 0.005 0.696 0.000 -0.717 0.025 0.973 -0.000 -0.078 -0.215 0.769 0.000 -0.638 0.022 0.977 0.000 -0.048 -0.208 0.627 0.000 -0.778 0.047 0.996 0.000 0.063 0.064 0.696 0.000 -0.718 0.037 0.994 0.000 0.088 0.064 
0.998 -0.031 -0.053 0.005 0.696 0.000 -0.717 0.025 0.973 0.000 -0.079 -0.215 0.769 0.000 -0.638 0.022 0.977 0.000 -0.048 -0.208 0.627 0.000 -0.778 0.047 0.996 -0.000 0.063 0.064 0.696 0.000 -0.718 0.037 0.994 0.000 0.088 0.064 
0.998 -0.031 -0.053 0.005 0.696 0.000 -0.718 0.025 0.973 0.000 -0.078 -0.215 0.770 0.000 -0.638 0.022 0.977 0.000 -0.048 -0.207 0.627 0.000 -0.778 0.047 0.996 0.000 0.063 0.064 0.696 0.000 -0.717 0.037 0.994 0.000 0.088 0.064 
0.998 -0.031 -0.053 0.005 0.696 0.000 -0.718 0.025 0.974 0.000 -0.078 -0.215 0.770 0.000 -0.638 0.022 0.977 0.000 -0.049 -0.207 0.627 0.000 -0.778 0.047 0.996 0.000 0.062 0.063 0.696 -0.000 -0.717 0.036 0.994 0.000 0.088 0.064 
0.998 -0.031 -0.053 0.005 0.696 0.000 -0.717 0.025 0.973 -0.000 -0.078 -0.215 0.770 0.000 -0.638 0.021 0.977 0.000 -0.048 -0.207 0.627 0.000 -0.778 0.047 0.996 -0.000 0.063 0.064 0.696 0.000 -0.718 0.037 0.994 0.000 0.088 0.064 
0.998 -0.031 -0.053 0.005 0.696 0.000 -0.718 0.026 0.973 0.000 -0.077 -0.216 0.770 0.000 -0.638 0.022 0.977 0.000 -0.048 -0.208 0.627 -0.000 -0.778 0.047 0.996 0.000 0.062 0.064 0.696 -0.000 -0.717 0.037 0.994 0.000 0.087 0.064 
0.998 -0.031 -0.053 0.005 0.696 -0.000 -0.717 0.025 0.974 0.000 -0.078 -0.215 0.770 0.000 -0.638 0.021 0.977 0.000 -0.049 -0.207 0.627 0.000 -0.778 0.047 0.996 0.000 0.063 0.063 0.695 0.000 -0.718 0.037 0.994 0.000 0.088 0.064 
0.998 -0.031 -0.053 0.005 0.696 0.000 -0.717 0.026 0.974 0.000 -0.078 -0.215 0.770 0.000 -0.638 0.021 0.977 -0.000 -0.049 -0.207 0.627 0.000 -0.778 0.047 0.996 0.000 0.062 0.064 0.696 0.000 -0.718 0.037 0.994 -0.000 0.088 0.064 
0.998 -0.031 -0.053 0.005 0.696 0.000 -0.717 0.026 0.974 0.000 -0.078 -0.214 0.770 0.000 -0.638 0.022 0.977 0.000 -0.048 -0.208 0.627 0.000 -0.778 0.047 0.996 -0.000 0.062 0.063 0.696 0.000 -0.718 0.037 0.994 0.000 0.088 0.064 
0.998 -0.031 -0.053 0.005 0.696 0.000 -0.717 0.026 0.974 0.000 -0.078 -0.214 0.770 0.000 -0.638 0.021 0.977 -0.000 -0.049 -0.207 0.627 0.000 -0.778 0.047 0.996 -0.000 0.062 0.063 0.696 0.000 -0.718 0.036 0.994 -0.000 0.088 0.064 
0.998 -0.031 -0.053 0.005 0.696 -0.000 -0.717 0.026 0.974 -0.000 -0.078 -0.214 0.770 -0.000 -0.638 0.021 0.977 0.000 -0.049 -0.207 0.627 0.000 -0.777 0.047 0.996 -0.000 0.062 0.063 0.696 0.000 -0.718 0.037 0.994 0.000 0.087 0.064 
0.998 -0.031 -0.053 0.005 0.696 -0.000 -0.717 0.026 0.974 -0.000 -0.078 -0.214 0.770 0.000 -0.638 0.021 0.977 -0.000 -0.049 -0.207 0.627 0.000 -0.777 0.047 0.996 0.000 0.062 0.063 0.696 0.000 -0.718 0.037 0.994 0.000 0.087 0.064 
0.998 -0.031 -0.053 0.005 0.696 -0.000 -0.717 0.026 0.974 0.000 -0.078 -0.214 0.770 0.000 -0.638 0.021 0.977 0.000 -0.048 -0.207 0.627 0.000 -0.777 0.047 0.996 -0.000 0.062 0.063 0.695 0.000 -0.718 0.036 0.994 0.000 0.087 0.064 
0.998 -0.031 -0.053 0.005 0.696 0.000 -0.717 0.026 0.974 0.000 -0.078 -0.214 0.769 0.000 -0.638 0.021 0.977 0.000 -0.048 -0.207 0.627 0.000 -0.777 0.047 0.996 0.000 0.062 0.063 0.695 0.000 -0.718 0.036 0.994 0.000 0.087 0.064 
0.998 -0.031 -0.053 0.005 0.696 0.000 -0.717 0.026 0.974 0.000 -0.078 -0.214 0.770 0.000 -0.638 0.021 0.977 0.000 -0.048 -0.207 0.627 0.000 -0.777 0.047 0.996 0.000 0.062 0.063 0.695 0.000 -0.718 0.036 0.994 -0.000 0.088 0.064 
0.998 -0.031 -0.053 0.005 0.696 0.000 -0.717 0.026 0.974 0.000 -0.078 -0.214 0.770 -0.000 -0.638 0.021 0.977 -0.000 -0.048 -0.207 0.627 0.000 -0.777 0.047 0.996 0.000 0.062 0.063 0.695 0.000 -0.718 0.036 0.994 0.000 0.087 0.063 
0.998 -0.031 -0.053 0.005 0.696 0.000 -0.717 0.027 0.974 0.000 -0.078 -0.214 0.770 0.000 -0.638 0.021 0.977 0.000 -0.048 -0.207 0.627 0.000 -0.777 0.047 0.996 0.000 0.062 0.063 0.695 0.000 -0.718 0.036 0.994 0.000 0.088 0.064 
0.998 -0.031 -0.053 0.005 0.696 0.000 -0.717 0.026 0.974 0.000 -0.078 -0.214 0.770 0.000 -0.638 0.021 0.977 0.000 -0.048 -0.207 0.627 0.000 -0.777 0.047 0.996 0.000 0.062 0.063 0.695 0.000 -0.718 0.036 0.994 0.000 0.088 0.064 
0.998 -0.031 -0.053 0.005 0.696 0.000 -0.717 0.026 0.974 0.000 -0.078 -0.214 0.769 0.000 -0.638 0.021 0.977 0.000 -0.048 -0.207 0.628 0.000 -0.777 0.047 0.996 0.000 0.062 0.063 0.695 0.000 -0.718 0.037 0.994 0.000 0.088 0.063 
0.998 -0.031 -0.053 0.005 0.696 0.000 -0.717 0.026 0.974 0.000 -0.078 -0.214 0.769 0.000 -0.638 0.021 0.977 0.000 -0.048 -0.207 0.627 -0.000 -0.777 0.047 0.996 -0.000 0.062 0.063 0.695 -0.000 -0.718 0.037 0.994 0.000 0.087 0.063 
0.998 -0.031 -0.053 0.005 0.696 0.000 -0.718 0.027 0.974 0.000 -0.077 -0.215 0.770 0.000 -0.638 0.021 0.977 0.000 -0.048 -0.207 0.627 0.000 -0.777 0.046 0.996 0.000 0.062 0.064 0.695 0.000 -0.718 0.037 0.994 0.000 0.088 0.062 
0.998 -0.031 -0.053 0.005 0.696 0.000 -0.717 0.027 0.974 0.000 -0.078 -0.214 0.770 0.000 -0.638 0.021 0.977 0.000 -0.049 -0.207 0.627 0.000 -0.777 0.047 0.996 0.000 0.062 0.063 0.695 0.000 -0.718 0.037 0.994 -0.000 0.088 0.063 
0.998 -0.031 -0.053 0.005 0.696 -0.000 -0.717 0.027 0.974 0.000 -0.078 -0.214 0.770 0.000 -0.638 0.021 0.977 0.000 -0.049 -0.207 0.627 -0.000 -0.777 0.046 0.996 -0.000 0.062 0.063 0.695 -0.000 -0.718 0.037 0.994 0.000 0.088 0.063 
0.998 -0.031 -0.053 0.006 0.696 0.000 -0.718 0.027 0.974 0.000 -0.077 -0.215 0.770 0.000 -0.638 0.021 0.977 0.000 -0.049 -0.207 0.627 0.000 -0.777 0.046 0.996 0.000 0.062 0.064 0.695 0.000 -0.718 0.037 0.994 0.000 0.088 0.062 
0.998 -0.031 -0.053 0.006 0.696 0.000 -0.718 0.027 0.974 0.000 -0.076 -0.215 0.770 0.000 -0.638 0.021 0.977 0.000 -0.049 -0.207 0.627 0.000 -0.778 0.045 0.996 -0.000 0.062 0.064 0.695 0.000 -0.718 0.037 0.994 0.000 0.088 0.062 
0.998 -0.031 -0.053 0.006 0.696 0.000 -0.718 0.028 0.974 0.000 -0.077 -0.215 0.770 -0.000 -0.638 0.021 0.977 0.000 -0.049 -0.207 0.627 0.000 -0.778 0.046 0.996 0.000 0.063 0.064 0.695 0.000 -0.718 0.037 0.994 0.000 0.088 0.062 
0.998 -0.031 -0.053 0.006 0.696 0.000 -0.718 0.028 0.974 -0.000 -0.077 -0.215 0.770 0.000 -0.638 0.021 0.977 -0.000 -0.049 -0.207 0.627 0.000 -0.778 0.045 0.996 0.000 0.063 0.064 0.695 0.000 -0.718 0.036 0.994 0.000 0.088 0.063 
0.998 -0.031 -0.053 0.006 0.696 0.000 -0.718 0.027 0.974 -0.000 -0.076 -0.215 0.770 0.000 -0.638 0.021 0.977 0.000 -0.049 -0.207 0.627 0.000 -0.778 0.045 0.996 -0.000 0.063 0.065 0.695 0.000 -0.718 0.036 0.994 0.000 0.088 0.063 
0.998 -0.031 -0.053 0.006 0.696 -0.000 -0.717 0.027 0.974 0.000 -0.078 -0.214 0.770 0.000 -0.638 0.022 0.977 -0.000 -0.049 -0.207 0.627 0.000 -0.778 0.045 0.996 0.000 0.063 0.065 0.695 0.000 -0.718 0.037 0.994 0.000 0.088 0.062 
0.998 -0.031 -0.053 0.006 0.696 0.000 -0.718 0.028 0.974 0.000 -0.076 -0.215 0.770 -0.000 -0.638 0.022 0.977 0.000 -0.049 -0.207 0.627 0.000 -0.778 0.044 0.996 0.000 0.063 0.065 0.695 0.000 -0.718 0.036 0.994 0.000 0.088 0.063 
0.998 -0.031 -0.052 0.007 0.697 0.000 -0.717 0.028 0.974 0.000 -0.076 -0.215 0.769 0.000 -0.639 0.022 0.977 0.000 -0.050 -0.206 0.627 0.000 -0.778 0.046 0.996 0.000 0.063 0.064 0.694 0.000 -0.719 0.037 0.994 -0.000 0.088 0.062 
0.998 -0.031 -0.052 0.007 0.697 0.000 -0.717 0.028 0.974 0.000 -0.076 -0.215 0.769 0.000 -0.639 0.022 0.977 0.000 -0.050 -0.206 0.627 0.000 -0.777 0.045 0.996 0.000 0.063 0.065 0.694 0.000 -0.719 0.036 0.994 0.000 0.088 0.062 
0.998 -0.031 -0.053 0.006 0.697 0.000 -0.717 0.027 0.974 -0.000 -0.077 -0.214 0.769 0.000 -0.639 0.022 0.977 0.000 -0.049 -0.206 0.627 0.000 -0.778 0.044 0.996 0.000 0.063 0.065 0.695 0.000 -0.718 0.035 0.994 0.000 0.088 0.063 
0.998 -0.031 -0.053 0.006 0.696 0.000 -0.717 0.028 0.974 0.000 -0.076 -0.215 0.769 0.000 -0.638 0.022 0.977 0.000 -0.050 -0.206 0.627 0.000 -0.778 0.044 0.996 0.000 0.064 0.066 0.695 0.000 -0.718 0.036 0.994 0.000 0.088 0.062 
0.998 -0.031 -0.052 0.007 0.697 0.000 -0.717 0.028 0.974 0.000 -0.079 -0.214 0.769 0.000 -0.639 0.022 0.977 0.000 -0.050 -0.206 0.627 0.000 -0.778 0.043 0.996 0.000 0.063 0.067 0.694 0.000 -0.719 0.035 0.994 0.000 0.088 0.063 
0.998 -0.031 -0.052 0.007 0.697 0.000 -0.717 0.028 0.974 0.000 -0.079 -0.214 0.769 0.000 -0.639 0.022 0.977 0.000 -0.050 -0.206 0.627 0.000 -0.778 0.043 0.996 0.000 0.063 0.067 0.694 0.000 -0.719 0.036 0.994 0.000 0.088 0.063 
0.998 -0.031 -0.052 0.007 0.697 0.000 -0.717 0.028 0.974 0.000 -0.079 -0.214 0.769 0.000 -0.639 0.022 0.977 0.000 -0.050 -0.206 0.627 0.000 -0.778 0.043 0.996 0.000 0.063 0.067 0.694 0.000 -0.719 0.035 0.994 0.000 0.087 0.063 
0.998 -0.031 -0.052 0.007 0.697 -0.000 -0.717 0.028 0.974 0.000 -0.079 -0.214 0.769 -0.000 -0.639 0.022 0.977 0.000 -0.050 -0.206 0.627 0.000 -0.778 0.043 0.996 0.000 0.063 0.067 0.694 0.000 -0.719 0.035 0.994 0.000 0.087 0.063 
0.998 -0.031 -0.053 0.007 0.697 0.000 -0.717 0.028 0.974 0.000 -0.079 -0.215 0.769 0.000 -0.639 0.023 0.977 0.000 -0.050 -0.206 0.627 -0.000 -0.778 0.042 0.996 0.000 0.063 0.068 0.694 0.000 -0.719 0.034 0.994 0.000 0.088 0.064 
0.998 -0.031 -0.052 0.007 0.697 0.000 -0.717 0.028 0.974 0.000 -0.079 -0.215 0.769 0.000 -0.639 0.023 0.977 0.000 -0.050 -0.206 0.627 -0.000 -0.778 0.042 0.996 0.000 0.063 0.068 0.695 0.000 -0.719 0.035 0.994 0.000 0.087 0.064 
0.998 -0.031 -0.053 0.007 0.697 0.000 -0.717 0.028 0.974 0.000 -0.079 -0.214 0.769 -0.000 -0.639 0.023 0.977 0.000 -0.050 -0.206 0.627 0.000 -0.778 0.042 0.996 0.000 0.063 0.068 0.695 0.000 -0.719 0.035 0.994 0.000 0.087 0.064 
0.998 -0.031 -0.053 0.007 0.697 0.000 -0.717 0.029 0.974 -0.000 -0.079 -0.214 0.769 0.000 -0.639 0.023 0.977 -0.000 -0.050 -0.206 0.627 -0.000 -0.778 0.042 0.996 0.000 0.063 0.068 0.695 0.000 -0.719 0.035 0.994 0.000 0.087 0.064 
0.998 -0.031 -0.053 0.007 0.696 0.000 -0.717 0.029 0.973 0.000 -0.078 -0.215 0.769 0.000 -0.639 0.023 0.977 0.000 -0.050 -0.206 0.627 -0.000 -0.778 0.043 0.996 0.000 0.063 0.068 0.695 0.000 -0.719 0.035 0.994 0.000 0.087 0.064 
0.998 -0.031 -0.053 0.007 0.696 0.000 -0.717 0.029 0.973 0.000 -0.078 -0.215 0.769 0.000 -0.639 0.023 0.977 0.000 -0.050 -0.206 0.627 0.000 -0.778 0.043 0.996 0.000 0.063 0.068 0.695 0.000 -0.719 0.035 0.994 0.000 0.087 0.064 
0.998 -0.031 -0.053 0.007 0.696 0.000 -0.717 0.030 0.973 -0.000 -0.078 -0.216 0.769 0.000 -0.639 0.023 0.977 0.000 -0.050 -0.206 0.627 0.000 -0.778 0.043 0.996 0.000 0.063 0.068 0.695 -0.000 -0.719 0.035 0.994 0.000 0.087 0.064 
0.998 -0.031 -0.053 0.007 0.696 0.000 -0.717 0.030 0.973 0.000 -0.078 -0.215 0.769 -0.000 -0.639 0.024 0.977 0.000 -0.050 -0.206 0.627 0.000 -0.778 0.043 0.996 0.000 0.063 0.068 0.695 0.000 -0.718 0.035 0.994 0.000 0.087 0.063 
0.998 -0.031 -0.053 0.007 0.696 -0.000 -0.717 0.030 0.973 0.000 -0.078 -0.215 0.769 0.000 -0.639 0.024 0.977 0.000 -0.050 -0.205 0.627 -0.000 -0.778 0.043 0.996 0.000 0.063 0.068 0.695 0.000 -0.719 0.036 0.994 0.000 0.087 0.063 
0.998 -0.031 -0.053 0.007 0.696 0.000 -0.717 0.030 0.973 0.000 -0.078 -0.215 0.769 0.000 -0.639 0.024 0.977 -0.000 -0.050 -0.206 0.627 0.000 -0.778 0.043 0.996 0.000 0.063 0.067 0.694 0.000 -0.719 0.036 0.994 0.000 0.088 0.063 
0.998 -0.031 -0.053 0.006 0.696 0.000 -0.718 0.030 0.973 0.000 -0.078 -0.215 0.769 0.000 -0.639 0.024 0.977 0.000 -0.050 -0.206 0.627 0.000 -0.778 0.043 0.996 0.000 0.063 0.068 0.695 0.000 -0.719 0.036 0.994 0.000 0.088 0.063 
0.998 -0.031 -0.053 0.006 0.696 0.000 -0.717 0.030 0.973 -0.000 -0.079 -0.215 0.769 0.000 -0.639 0.024 0.977 0.000 -0.050 -0.205 0.627 -0.000 -0.778 0.043 0.996 0.000 0.063 0.068 0.694 -0.000 -0.719 0.036 0.994 0.000 0.088 0.063 
0.998 -0.031 -0.053 0.006 0.696 0.000 -0.717 0.030 0.973 0.000 -0.079 -0.215 0.769 0.000 -0.639 0.024 0.977 -0.000 -0.050 -0.206 0.627 0.000 -0.778 0.043 0.996 0.000 0.063 0.068 0.694 0.000 -0.719 0.036 0.994 0.000 0.088 0.063 
0.998 -0.031 -0.053 0.006 0.696 0.000 -0.718 0.030 0.973 0.000 -0.079 -0.215 0.769 0.000 -0.639 0.025 0.977 -0.000 -0.050 -0.205 0.627 0.000 -0.778 0.043 0.996 -0.000 0.063 0.068 0.695 0.000 -0.718 0.037 0.994 0.000 0.088 0.063 
0.998 -0.031 -0.053 0.006 0.696 0.000 -0.718 0.030 0.973 0.000 -0.079 -0.215 0.769 -0.000 -0.639 0.025 0.977 0.000 -0.050 -0.206 0.627 -0.000 -0.778 0.043 0.996 0.000 0.063 0.067 0.694 0.000 -0.719 0.037 0.994 0.000 0.088 0.063 
0.998 -0.032 -0.053 0.006 0.696 0.000 -0.718 0.030 0.973 -0.000 -0.079 -0.215 0.769 0.000 -0.639 0.025 0.977 -0.000 -0.050 -0.206 0.627 -0.000 -0.778 0.043 0.996 0.000 0.063 0.068 0.695 0.000 -0.718 0.037 0.994 0.000 0.088 0.063 
0.998 -0.032 -0.053 0.005 0.696 0.000 -0.718 0.030 0.973 0.000 -0.079 -0.215 0.769 -0.000 -0.639 0.025 0.977 0.000 -0.049 -0.206 0.627 -0.000 -0.778 0.043 0.996 -0.000 0.063 0.068 0.694 0.000 -0.719 0.037 0.994 -0.000 0.088 0.063 
0.998 -0.032 -0.053 0.006 0.696 0.000 -0.718 0.030 0.973 0.000 -0.079 -0.215 0.769 0.000 -0.639 0.025 0.977 0.000 -0.049 -0.206 0.627 -0.000 -0.778 0.045 0.996 0.000 0.063 0.066 0.695 -0.000 -0.718 0.037 0.994 0.000 0.088 0.063 
0.998 -0.031 -0.053 0.006 0.696 0.000 -0.717 0.030 0.973 0.000 -0.079 -0.215 0.769 0.000 -0.639 0.025 0.977 0.000 -0.049 -0.206 0.627 0.000 -0.778 0.043 0.996 0.000 0.063 0.068 0.695 0.000 -0.718 0.036 0.994 0.000 0.087 0.063 
0.998 -0.031 -0.053 0.005 0.696 0.000 -0.717 0.030 0.974 0.000 -0.080 -0.214 0.769 -0.000 -0.639 0.025 0.977 0.000 -0.049 -0.206 0.627 0.000 -0.778 0.044 0.996 0.000 0.064 0.066 0.695 0.000 -0.718 0.037 0.994 0.000 0.087 0.063 
0.998 -0.031 -0.053 0.005 0.696 0.000 -0.717 0.030 0.974 0.000 -0.080 -0.214 0.769 0.000 -0.639 0.025 0.977 -0.000 -0.049 -0.206 0.627 0.000 -0.778 0.044 0.996 0.000 0.063 0.066 0.695 -0.000 -0.718 0.037 0.994 0.000 0.087 0.063 
0.998 -0.032 -0.053 0.005 0.696 0.000 -0.717 0.030 0.973 0.000 -0.081 -0.214 0.769 0.000 -0.639 0.025 0.977 0.000 -0.049 -0.206 0.627 -0.000 -0.778 0.044 0.996 0.000 0.063 0.067 0.695 0.000 -0.718 0.038 0.994 -0.000 0.087 0.063 
0.998 -0.032 -0.053 0.005 0.696 0.000 -0.717 0.030 0.973 -0.000 -0.081 -0.214 0.769 0.000 -0.639 0.026 0.977 0.000 -0.049 -0.206 0.627 0.000 -0.778 0.045 0.996 0.000 0.063 0.066 0.694 0.000 -0.719 0.038 0.994 0.000 0.088 0.063 
0.998 -0.032 -0.053 0.004 0.696 0.000 -0.717 0.030 0.973 -0.000 -0.081 -0.214 0.769 0.000 -0.639 0.026 0.977 0.000 -0.049 -0.206 0.627 0.000 -0.778 0.045 0.996 0.000 0.064 0.066 0.695 0.000 -0.718 0.038 0.994 0.000 0.087 0.063 
0.998 -0.032 -0.053 0.004 0.696 0.000 -0.717 0.030 0.973 -0.000 -0.081 -0.214 0.769 0.000 -0.639 0.026 0.977 0.000 -0.049 -0.206 0.627 0.000 -0.778 0.045 0.996 0.000 0.064 0.066 0.694 -0.000 -0.719 0.037 0.994 0.000 0.088 0.063 
0.998 -0.031 -0.053 0.004 0.696 0.000 -0.717 0.030 0.973 0.000 -0.082 -0.214 0.769 0.000 -0.639 0.025 0.977 0.000 -0.049 -0.206 0.627 0.000 -0.778 0.045 0.996 0.000 0.064 0.066 0.695 0.000 -0.718 0.038 0.994 0.000 0.087 0.063 
0.998 -0.031 -0.053 0.004 0.696 0.000 -0.717 0.030 0.973 0.000 -0.081 -0.214 0.769 -0.000 -0.639 0.025 0.977 0.000 -0.049 -0.205 0.627 0.000 -0.778 0.045 0.996 0.000 0.064 0.066 0.695 0.000 -0.718 0.038 0.994 0.000 0.088 0.063 
0.998 -0.031 -0.053 0.004 0.696 0.000 -0.717 0.030 0.973 0.000 -0.081 -0.214 0.769 -0.000 -0.639 0.026 0.977 0.000 -0.049 -0.206 0.627 0.000 -0.778 0.044 0.996 0.000 0.064 0.066 0.695 0.000 -0.718 0.038 0.994 0.000 0.087 0.063 
0.998 -0.031 -0.053 0.004 0.696 0.000 -0.717 0.030 0.973 -0.000 -0.081 -0.214 0.769 0.000 -0.639 0.025 0.977 -0.000 -0.049 -0.205 0.627 0.000 -0.778 0.044 0.996 -0.000 0.064 0.066 0.695 0.000 -0.718 0.037 0.994 0.000 0.087 0.063 
0.998 -0.031 -0.053 0.004 0.696 0.000 -0.717 0.030 0.973 0.000 -0.081 -0.214 0.769 0.000 -0.639 0.025 0.977 0.000 -0.049 -0.205 0.627 0.000 -0.778 0.045 0.996 0.000 0.064 0.065 0.695 0.000 -0.718 0.038 0.994 0.000 0.087 0.063 
0.998 -0.031 -0.053 0.004 0.696 0.000 -0.717 0.030 0.973 -0.000 -0.081 -0.214 0.769 -0.000 -0.639 0.025 0.977 0.000 -0.049 -0.205 0.627 0.000 -0.778 0.044 0.996 -0.000 0.064 0.066 0.695 0.000 -0.718 0.037 0.994 0.000 0.087 0.063 
0.998 -0.031 -0.053 0.004 0.697 0.000 -0.717 0.030 0.974 0.000 -0.081 -0.214 0.769 -0.000 -0.639 0.025 0.977 0.000 -0.049 -0.205 0.627 0.000 -0.778 0.044 0.996 0.000 0.064 0.066 0.694 0.000 -0.719 0.037 0.994 -0.000 0.087 0.063 
0.998 -0.031 -0.053 0.004 0.697 0.000 -0.717 0.030 0.973 0.000 -0.081 -0.214 0.769 0.000 -0.639 0.025 0.977 0.000 -0.049 -0.205 0.627 -0.000 -0.778 0.044 0.996 0.000 0.064 0.065 0.694 0.000 -0.719 0.038 0.994 0.000 0.088 0.063 
0.998 -0.031 -0.053 0.004 0.696 0.000 -0.717 0.030 0.973 -0.000 -0.081 -0.214 0.769 0.000 -0.639 0.025 0.978 0.000 -0.049 -0.205 0.627 0.000 -0.778 0.044 0.996 -0.000 0.064 0.066 0.695 0.000 -0.718 0.037 0.994 0.000 0.087 0.063 
0.998 -0.031 -0.053 0.004 0.696 0.000 -0.717 0.030 0.973 -0.000 -0.081 -0.214 0.769 0.000 -0.639 0.024 0.978 0.000 -0.049 -0.204 0.627 0.000 -0.778 0.043 0.996 0.000 0.064 0.066 0.695 0.000 -0.718 0.037 0.994 0.000 0.087 0.063 
0.998 -0.031 -0.053 0.004 0.697 0.000 -0.717 0.029 0.973 0.000 -0.081 -0.214 0.769 0.000 -0.639 0.024 0.978 0.000 -0.049 -0.204 0.627 -0.000 -0.778 0.043 0.996 -0.000 0.064 0.066 0.695 0.000 -0.718 0.036 0.994 0.000 0.087 0.063 
0.998 -0.030 -0.053 0.004 0.697 0.000 -0.717 0.029 0.973 -0.000 -0.081 -0.214 0.769 0.000 -0.639 0.024 0.978 0.000 -0.049 -0.204 0.627 0.000 -0.778 0.043 0.996 0.000 0.064 0.066 0.695 0.000 -0.718 0.036 0.994 0.000 0.087 0.063 
0.998 -0.030 -0.053 0.003 0.697 0.000 -0.717 0.029 0.973 0.000 -0.081 -0.214 0.769 0.000 -0.639 0.024 0.978 0.000 -0.049 -0.205 0.627 0.000 -0.778 0.043 0.996 0.000 0.064 0.066 0.695 0.000 -0.718 0.036 0.994 0.000 0.087 0.064 
0.998 -0.030 -0.053 0.004 0.697 0.000 -0.717 0.029 0.974 -0.000 -0.081 -0.214 0.769 -0.000 -0.639 0.024 0.978 0.000 -0.049 -0.204 0.627 0.000 -0.778 0.043 0.996 0.000 0.064 0.066 0.695 0.000 -0.718 0.035 0.994 0.000 0.087 0.064 
0.998 -0.030 -0.053 0.003 0.697 0.000 -0.717 0.029 0.974 0.000 -0.080 -0.214 0.769 0.000 -0.639 0.024 0.978 0.000 -0.049 -0.205 0.627 -0.000 -0.778 0.042 0.996 0.000 0.063 0.066 0.695 0.000 -0.718 0.035 0.994 0.000 0.086 0.064 
0.998 -0.030 -0.053 0.003 0.697 0.000 -0.717 0.029 0.974 0.000 -0.080 -0.214 0.769 0.000 -0.639 0.024 0.978 0.000 -0.049 -0.205 0.627 0.000 -0.778 0.042 0.996 0.000 0.063 0.066 0.695 0.000 -0.718 0.035 0.994 0.000 0.087 0.064 
0.998 -0.030 -0.054 0.003 0.697 0.000 -0.717 0.029 0.974 -0.000 -0.080 -0.214 0.769 0.000 -0.639 0.025 0.977 -0.000 -0.049 -0.205 0.627 0.000 -0.778 0.041 0.996 0.000 0.063 0.067 0.695 0.000 -0.718 0.035 0.994 0.000 0.087 0.065 
0.998 -0.030 -0.053 0.003 0.697 0.000 -0.717 0.029 0.973 0.000 -0.081 -0.214 0.769 -0.000 -0.639 0.025 0.977 0.000 -0.049 -0.206 0.627 0.000 -0.778 0.041 0.996 0.000 0.063 0.067 0.695 0.000 -0.718 0.034 0.994 0.000 0.086 0.065 
0.998 -0.029 -0.053 0.003 0.697 0.000 -0.717 0.029 0.974 -0.000 -0.080 -0.214 0.769 0.000 -0.639 0.024 0.977 0.000 -0.049 -0.205 0.627 0.000 -0.778 0.041 0.996 0.000 0.063 0.067 0.695 0.000 -0.718 0.034 0.994 0.000 0.086 0.065 
0.998 -0.029 -0.053 0.003 0.697 -0.000 -0.717 0.029 0.974 -0.000 -0.080 -0.214 0.769 0.000 -0.639 0.025 0.977 0.000 -0.049 -0.206 0.627 0.000 -0.778 0.040 0.996 0.000 0.063 0.067 0.695 0.000 -0.718 0.034 0.994 0.000 0.086 0.065 
0.998 -0.029 -0.053 0.003 0.697 -0.000 -0.717 0.029 0.974 0.000 -0.081 -0.214 0.769 0.000 -0.639 0.024 0.977 -0.000 -0.049 -0.206 0.627 0.000 -0.778 0.040 0.996 0.000 0.063 0.067 0.695 0.000 -0.718 0.033 0.994 0.000 0.086 0.066 
0.998 -0.029 -0.053 0.003 0.697 0.000 -0.717 0.029 0.974 -0.000 -0.081 -0.214 0.769 0.000 -0.639 0.024 0.977 0.000 -0.049 -0.207 0.627 0.000 -0.778 0.040 0.996 0.000 0.063 0.068 0.695 -0.000 -0.718 0.033 0.994 0.000 0.086 0.066 
0.998 -0.029 -0.053 0.003 0.697 0.000 -0.717 0.029 0.973 0.000 -0.081 -0.214 0.769 -0.000 -0.639 0.024 0.977 0.000 -0.049 -0.206 0.627 0.000 -0.778 0.039 0.996 0.000 0.063 0.068 0.695 0.000 -0.718 0.032 0.994 0.000 0.086 0.066 
0.998 -0.029 -0.053 0.003 0.697 0.000 -0.717 0.029 0.973 0.000 -0.081 -0.214 0.769 0.000 -0.639 0.024 0.977 0.000 -0.049 -0.206 0.627 0.000 -0.778 0.039 0.996 0.000 0.063 0.068 0.695 0.000 -0.718 0.032 0.994 -0.000 0.086 0.066 
0.998 -0.029 -0.054 0.003 0.697 0.000 -0.717 0.029 0.974 0.000 -0.081 -0.214 0.769 -0.000 -0.639 0.024 0.977 0.000 -0.049 -0.206 0.627 0.000 -0.778 0.038 0.996 -0.000 0.063 0.069 0.695 0.000 -0.718 0.032 0.994 0.000 0.086 0.066 
0.998 -0.029 -0.054 0.003 0.697 0.000 -0.717 0.029 0.974 -0.000 -0.081 -0.214 0.769 -0.000 -0.639 0.024 0.977 0.000 -0.049 -0.206 0.627 0.000 -0.778 0.038 0.996 -0.000 0.063 0.069 0.695 0.000 -0.718 0.032 0.994 -0.000 0.086 0.066 
0.998 -0.028 -0.054 0.003 0.697 0.000 -0.717 0.029 0.973 -0.000 -0.081 -0.214 0.769 0.000 -0.639 0.024 0.977 0.000 -0.049 -0.206 0.627 0.000 -0.778 0.038 0.996 0.000 0.063 0.069 0.695 0.000 -0.718 0.032 0.994 0.000 0.086 0.066 
0.998 -0.028 -0.053 0.003 0.697 0.000 -0.717 0.029 0.973 -0.000 -0.081 -0.215 0.769 0.000 -0.639 0.024 0.977 0.000 -0.049 -0.206 0.627 0.000 -0.778 0.037 0.996 0.000 0.063 0.069 0.695 0.000 -0.718 0.032 0.994 0.000 0.086 0.067 
0.998 -0.028 -0.053 0.003 0.697 0.000 -0.717 0.029 0.973 0.000 -0.081 -0.214 0.769 -0.000 -0.639 0.024 0.977 -0.000 -0.049 -0.206 0.627 0.000 -0.778 0.037 0.996 0.000 0.063 0.069 0.695 0.000 -0.718 0.032 0.994 0.000 0.086 0.067 
0.998 -0.028 -0.053 0.003 0.697 0.000 -0.717 0.028 0.973 -0.000 -0.081 -0.214 0.769 0.000 -0.639 0.024 0.977 0.000 -0.050 -0.206 0.627 0.000 -0.778 0.037 0.996 0.000 0.063 0.070 0.695 0.000 -0.718 0.032 0.994 0.000 0.086 0.067 
0.998 -0.028 -0.053 0.003 0.697 0.000 -0.717 0.029 0.973 0.000 -0.080 -0.214 0.769 0.000 -0.639 0.024 0.977 0.000 -0.050 -0.206 0.627 0.000 -0.778 0.037 0.996 0.000 0.063 0.070 0.695 0.000 -0.718 0.031 0.994 0.000 0.086 0.067 
0.998 -0.028 -0.053 0.003 0.697 0.000 -0.717 0.028 0.974 0.000 -0.080 -0.214 0.769 0.000 -0.639 0.023 0.978 0.000 -0.050 -0.205 0.627 0.000 -0.778 0.037 0.996 0.000 0.063 0.070 0.695 0.000 -0.718 0.031 0.994 0.000 0.086 0.067 
0.998 -0.028 -0.053 0.003 0.697 -0.000 -0.717 0.028 0.974 0.000 -0.080 -0.214 0.769 0.000 -0.639 0.024 0.977 0.000 -0.050 -0.205 0.627 0.000 -0.778 0.037 0.996 -0.000 0.063 0.070 0.695 0.000 -0.718 0.031 0.994 0.000 0.086 0.067 
0.998 -0.028 -0.053 0.003 0.697 -0.000 -0.717 0.028 0.974 0.000 -0.080 -0.214 0.769 -0.000 -0.639 0.024 0.977 0.000 -0.050 -0.205 0.627 0.000 -0.778 0.037 0.996 0.000 0.063 0.070 0.695 0.000 -0.718 0.031 0.994 0.000 0.086 0.066 
0.998 -0.028 -0.054 0.003 0.697 0.000 -0.717 0.028 0.974 0.000 -0.080 -0.214 0.769 0.000 -0.639 0.024 0.977 0.000 -0.050 -0.205 0.626 0.000 -0.779 0.037 0.996 0.000 0.063 0.069 0.695 0.000 -0.718 0.031 0.994 0.000 0.086 0.067 
0.998 -0.028 -0.054 0.003 0.697 0.000 -0.717 0.028 0.973 0.000 -0.080 -0.214 0.769 -0.000 -0.639 0.023 0.977 0.000 -0.050 -0.205 0.627 0.000 -0.778 0.037 0.996 0.000 0.063 0.069 0.695 0.000 -0.718 0.031 0.994 0.000 0.086 0.067 
0.998 -0.027 -0.054 0.004 0.697 -0.000 -0.717 0.028 0.974 0.000 -0.080 -0.214 0.769 -0.000 -0.639 0.024 0.977 0.000 -0.050 -0.205 0.627 0.000 -0.778 0.038 0.996 0.000 0.063 0.069 0.695 0.000 -0.718 0.031 0.994 -0.000 0.086 0.066 
0.998 -0.027 -0.054 0.003 0.697 0.000 -0.717 0.028 0.973 0.000 -0.080 -0.214 0.769 0.000 -0.639 0.024 0.977 0.000 -0.051 -0.206 0.627 0.000 -0.778 0.038 0.996 -0.000 0.063 0.069 0.695 0.000 -0.718 0.032 0.994 0.000 0.087 0.066 
0.998 -0.027 -0.053 0.003 0.697 0.000 -0.717 0.028 0.973 0.000 -0.080 -0.214 0.769 0.000 -0.639 0.024 0.977 -0.000 -0.051 -0.205 0.627 -0.000 -0.778 0.038 0.996 0.000 0.063 0.068 0.695 0.000 -0.718 0.032 0.994 0.000 0.087 0.066 
0.998 -0.027 -0.054 0.004 0.696 0.000 -0.717 0.029 0.973 0.000 -0.080 -0.215 0.769 0.000 -0.639 0.024 0.977 0.000 -0.051 -0.206 0.627 -0.000 -0.778 0.039 0.996 0.000 0.063 0.068 0.695 0.000 -0.718 0.032 0.994 0.000 0.086 0.067 
0.998 -0.028 -0.054 0.004 0.696 0.000 -0.717 0.029 0.973 0.000 -0.080 -0.215 0.769 0.000 -0.639 0.024 0.977 -0.000 -0.051 -0.205 0.627 0.000 -0.778 0.040 0.996 0.000 0.063 0.068 0.695 -0.000 -0.718 0.032 0.994 0.000 0.087 0.066 
0.998 -0.028 -0.054 0.004 0.696 0.000 -0.717 0.029 0.973 0.000 -0.080 -0.215 0.769 0.000 -0.639 0.024 0.977 0.000 -0.051 -0.205 0.626 0.000 -0.778 0.040 0.996 0.000 0.063 0.067 0.695 -0.000 -0.718 0.032 0.994 0.000 0.086 0.066 
0.998 -0.028 -0.054 0.004 0.696 0.000 -0.717 0.030 0.973 0.000 -0.079 -0.216 0.769 0.000 -0.639 0.024 0.977 0.000 -0.051 -0.205 0.626 0.000 -0.779 0.041 0.996 0.000 0.063 0.067 0.695 -0.000 -0.718 0.033 0.994 0.000 0.087 0.066 
0.998 -0.028 -0.054 0.004 0.696 0.000 -0.717 0.030 0.973 0.000 -0.080 -0.215 0.769 -0.000 -0.639 0.024 0.977 0.000 -0.051 -0.205 0.626 0.000 -0.779 0.041 0.996 0.000 0.063 0.067 0.695 0.000 -0.718 0.033 0.994 0.000 0.087 0.066 
0.998 -0.028 -0.054 0.005 0.696 0.000 -0.717 0.030 0.973 0.000 -0.080 -0.216 0.769 0.000 -0.639 0.024 0.977 0.000 -0.051 -0.205 0.626 -0.000 -0.779 0.041 0.996 -0.000 0.063 0.066 0.695 0.000 -0.718 0.033 0.994 0.000 0.087 0.066 
0.998 -0.028 -0.054 0.005 0.696 0.000 -0.717 0.030 0.973 0.000 -0.081 -0.215 0.769 0.000 -0.639 0.024 0.977 0.000 -0.051 -0.205 0.626 0.000 -0.779 0.042 0.996 0.000 0.064 0.066 0.696 -0.000 -0.718 0.033 0.994 0.000 0.087 0.066 
0.998 -0.028 -0.054 0.005 0.696 0.000 -0.717 0.030 0.973 0.000 -0.080 -0.215 0.769 -0.000 -0.639 0.024 0.977 -0.000 -0.051 -0.205 0.626 -0.000 -0.779 0.042 0.996 0.000 0.064 0.066 0.695 0.000 -0.718 0.033 0.994 0.000 0.087 0.066 
0.998 -0.028 -0.054 0.005 0.696 0.000 -0.717 0.031 0.973 0.000 -0.079 -0.216 0.769 0.000 -0.639 0.024 0.977 0.000 -0.051 -0.205 0.626 0.000 -0.779 0.043 0.996 0.000 0.064 0.066 0.696 0.000 -0.718 0.033 0.994 0.000 0.087 0.066 
0.998 -0.028 -0.054 0.005 0.697 0.000 -0.717 0.030 0.973 0.000 -0.080 -0.214 0.769 -0.000 -0.639 0.024 0.977 0.000 -0.051 -0.205 0.626 0.000 -0.779 0.043 0.996 0.000 0.064 0.066 0.695 0.000 -0.718 0.034 0.994 0.000 0.087 0.066 
0.998 -0.028 -0.054 0.006 0.696 0.000 -0.717 0.030 0.973 0.000 -0.080 -0.214 0.769 -0.000 -0.639 0.023 0.978 0.000 -0.051 -0.204 0.626 0.000 -0.779 0.044 0.996 0.000 0.064 0.066 0.696 0.000 -0.718 0.034 0.994 0.000 0.087 0.066 
0.998 -0.028 -0.054 0.006 0.696 0.000 -0.717 0.030 0.973 0.000 -0.079 -0.215 0.769 0.000 -0.639 0.023 0.978 0.000 -0.051 -0.204 0.626 -0.000 -0.779 0.044 0.996 0.000 0.064 0.066 0.696 0.000 -0.717 0.034 0.994 -0.000 0.087 0.066 
0.998 -0.028 -0.054 0.006 0.696 -0.000 -0.717 0.030 0.973 0.000 -0.078 -0.215 0.769 0.000 -0.639 0.023 0.978 0.000 -0.052 -0.204 0.626 -0.000 -0.779 0.044 0.996 0.000 0.064 0.066 0.696 0.000 -0.718 0.033 0.994 0.000 0.087 0.067 
0.998 -0.028 -0.054 0.007 0.696 0.000 -0.717 0.030 0.974 0.000 -0.078 -0.215 0.769 0.000 -0.639 0.023 0.978 0.000 -0.051 -0.203 0.626 0.000 -0.779 0.045 0.996 0.000 0.064 0.066 0.696 0.000 -0.717 0.034 0.994 0.000 0.087 0.067 
0.998 -0.029 -0.053 0.007 0.696 0.000 -0.717 0.030 0.974 0.000 -0.078 -0.215 0.769 0.000 -0.639 0.022 0.978 -0.000 -0.051 -0.204 0.626 0.000 -0.778 0.046 0.996 0.000 0.064 0.065 0.696 0.000 -0.718 0.034 0.994 0.000 0.087 0.067 
0.998 -0.029 -0.053 0.008 0.696 0.000 -0.717 0.030 0.974 -0.000 -0.077 -0.215 0.769 -0.000 -0.639 0.022 0.978 0.000 -0.051 -0.204 0.626 0.000 -0.779 0.047 0.996 0.000 0.064 0.065 0.696 0.000 -0.717 0.034 0.994 0.000 0.086 0.067 
0.998 -0.029 -0.053 0.008 0.696 0.000 -0.717 0.030 0.974 -0.000 -0.077 -0.215 0.769 0.000 -0.639 0.022 0.978 0.000 -0.052 -0.204 0.626 0.000 -0.778 0.047 0.996 0.000 0.064 0.065 0.696 0.000 -0.717 0.034 0.994 -0.000 0.087 0.067 
0.998 -0.029 -0.054 0.009 0.696 0.000 -0.717 0.030 0.974 0.000 -0.077 -0.215 0.769 0.000 -0.639 0.022 0.978 0.000 -0.052 -0.204 0.626 -0.000 -0.779 0.048 0.996 -0.000 0.064 0.065 0.696 0.000 -0.717 0.035 0.994 0.000 0.087 0.067 
0.998 -0.029 -0.053 0.009 0.696 0.000 -0.717 0.030 0.974 0.000 -0.077 -0.215 0.769 0.000 -0.639 0.022 0.978 0.000 -0.052 -0.204 0.626 0.000 -0.779 0.049 0.996 0.000 0.064 0.064 0.696 0.000 -0.717 0.035 0.994 0.000 0.086 0.067 
0.998 -0.030 -0.053 0.009 0.696 0.000 -0.717 0.030 0.974 0.000 -0.077 -0.214 0.769 0.000 -0.639 0.022 0.978 0.000 -0.052 -0.204 0.626 -0.000 -0.778 0.050 0.996 0.000 0.064 0.064 0.696 0.000 -0.717 0.035 0.994 0.000 0.087 0.068 
0.998 -0.030 -0.054 0.010 0.696 0.000 -0.717 0.030 0.974 0.000 -0.077 -0.214 0.769 0.000 -0.639 0.022 0.978 0.000 -0.053 -0.204 0.625 0.000 -0.779 0.052 0.996 0.000 0.064 0.063 0.696 0.000 -0.717 0.035 0.994 0.000 0.087 0.068 
0.998 -0.030 -0.054 0.010 0.696 0.000 -0.717 0.030 0.974 0.000 -0.076 -0.214 0.769 0.000 -0.639 0.022 0.977 0.000 -0.053 -0.204 0.626 0.000 -0.778 0.053 0.996 -0.000 0.064 0.063 0.696 0.000 -0.717 0.036 0.994 0.000 0.087 0.068 
0.998 -0.030 -0.054 0.011 0.696 0.000 -0.717 0.030 0.974 0.000 -0.076 -0.214 0.769 0.000 -0.639 0.022 0.977 0.000 -0.053 -0.205 0.625 -0.000 -0.779 0.054 0.996 -0.000 0.064 0.062 0.696 0.000 -0.717 0.037 0.994 0.000 0.087 0.067 
0.998 -0.031 -0.054 0.011 0.697 0.000 -0.717 0.030 0.974 0.000 -0.076 -0.214 0.769 -0.000 -0.639 0.022 0.977 -0.000 -0.053 -0.205 0.625 0.000 -0.778 0.055 0.996 0.000 0.064 0.062 0.696 0.000 -0.717 0.037 0.994 0.000 0.087 0.068 
0.998 -0.031 -0.054 0.012 0.697 0.000 -0.717 0.030 0.974 -0.000 -0.076 -0.214 0.769 0.000 -0.639 0.022 0.977 0.000 -0.053 -0.205 0.625 0.000 -0.778 0.057 0.996 0.000 0.065 0.061 0.696 0.000 -0.717 0.038 0.994 0.000 0.087 0.068 
0.998 -0.031 -0.053 0.012 0.697 -0.000 -0.717 0.030 0.974 0.000 -0.076 -0.215 0.768 0.000 -0.640 0.022 0.977 0.000 -0.053 -0.205 0.625 0.000 -0.778 0.057 0.996 0.000 0.065 0.061 0.696 0.000 -0.717 0.038 0.994 0.000 0.087 0.068 
0.998 -0.031 -0.053 0.012 0.697 0.000 -0.716 0.029 0.974 0.000 -0.077 -0.214 0.769 0.000 -0.639 0.022 0.977 0.000 -0.054 -0.205 0.625 0.000 -0.778 0.059 0.996 -0.000 0.065 0.060 0.696 0.000 -0.717 0.039 0.994 0.000 0.088 0.067 
0.998 -0.032 -0.054 0.013 0.697 0.000 -0.716 0.029 0.974 0.000 -0.077 -0.214 0.769 0.000 -0.639 0.021 0.977 0.000 -0.053 -0.205 0.625 0.000 -0.778 0.060 0.996 -0.000 0.065 0.060 0.696 0.000 -0.717 0.039 0.994 0.000 0.087 0.067 
0.998 -0.032 -0.054 0.013 0.697 0.000 -0.716 0.029 0.974 0.000 -0.077 -0.214 0.769 0.000 -0.639 0.021 0.977 0.000 -0.053 -0.205 0.625 0.000 -0.778 0.061 0.996 0.000 0.065 0.059 0.696 0.000 -0.717 0.040 0.994 0.000 0.088 0.067 
0.998 -0.032 -0.054 0.013 0.697 0.000 -0.716 0.029 0.974 0.000 -0.076 -0.214 0.769 0.000 -0.639 0.021 0.977 0.000 -0.053 -0.205 0.625 0.000 -0.778 0.062 0.996 -0.000 0.065 0.058 0.696 0.000 -0.717 0.040 0.994 0.000 0.088 0.067 
0.998 -0.033 -0.053 0.013 0.697 0.000 -0.716 0.030 0.974 -0.000 -0.075 -0.215 0.769 -0.000 -0.639 0.021 0.977 0.000 -0.053 -0.205 0.625 0.000 -0.778 0.063 0.996 -0.000 0.065 0.058 0.696 0.000 -0.717 0.041 0.994 0.000 0.088 0.067 
0.998 -0.033 -0.053 0.013 0.697 0.000 -0.717 0.030 0.974 0.000 -0.075 -0.215 0.769 -0.000 -0.639 0.021 0.977 0.000 -0.052 -0.205 0.625 0.000 -0.778 0.064 0.996 0.000 0.065 0.058 0.696 0.000 -0.717 0.043 0.994 0.000 0.088 0.066 
0.998 -0.033 -0.053 0.013 0.697 0.000 -0.716 0.029 0.974 -0.000 -0.076 -0.214 0.769 0.000 -0.639 0.020 0.977 0.000 -0.052 -0.205 0.625 -0.000 -0.778 0.065 0.996 0.000 0.065 0.058 0.696 0.000 -0.717 0.043 0.994 0.000 0.088 0.067 
0.998 -0.033 -0.053 0.013 0.697 0.000 -0.716 0.029 0.974 0.000 -0.075 -0.214 0.769 -0.000 -0.640 0.020 0.977 0.000 -0.051 -0.205 0.625 0.000 -0.778 0.065 0.996 0.000 0.065 0.058 0.696 0.000 -0.717 0.043 0.994 0.000 0.088 0.066 
0.998 -0.034 -0.053 0.013 0.697 -0.000 -0.717 0.029 0.974 0.000 -0.074 -0.215 0.768 0.000 -0.640 0.020 0.977 0.000 -0.051 -0.205 0.625 0.000 -0.778 0.066 0.996 0.000 0.065 0.057 0.696 0.000 -0.717 0.044 0.994 0.000 0.088 0.066 
0.998 -0.034 -0.053 0.013 0.697 0.000 -0.717 0.029 0.974 -0.000 -0.073 -0.215 0.769 0.000 -0.640 0.019 0.977 0.000 -0.051 -0.205 0.625 0.000 -0.778 0.067 0.996 0.000 0.065 0.057 0.696 -0.000 -0.717 0.044 0.994 0.000 0.088 0.066 
0.998 -0.034 -0.053 0.013 0.697 0.000 -0.717 0.028 0.974 0.000 -0.072 -0.215 0.769 0.000 -0.640 0.019 0.977 0.000 -0.050 -0.205 0.625 0.000 -0.778 0.067 0.996 0.000 0.065 0.057 0.696 0.000 -0.717 0.045 0.994 0.000 0.088 0.066 
0.998 -0.034 -0.053 0.013 0.696 0.000 -0.717 0.028 0.974 0.000 -0.072 -0.214 0.768 0.000 -0.640 0.019 0.977 0.000 -0.050 -0.205 0.625 -0.000 -0.777 0.068 0.996 0.000 0.065 0.057 0.696 0.000 -0.717 0.045 0.994 0.000 0.088 0.066 
0.998 -0.034 -0.053 0.013 0.696 -0.000 -0.717 0.028 0.974 0.000 -0.072 -0.215 0.769 0.000 -0.640 0.019 0.977 0.000 -0.050 -0.205 0.625 -0.000 -0.777 0.068 0.996 0.000 0.065 0.057 0.696 0.000 -0.717 0.046 0.994 0.000 0.088 0.066 
0.998 -0.034 -0.053 0.013 0.696 0.000 -0.717 0.027 0.974 -0.000 -0.071 -0.215 0.769 -0.000 -0.640 0.018 0.977 0.000 -0.049 -0.206 0.625 0.000 -0.777 0.069 0.996 0.000 0.065 0.057 0.696 0.000 -0.717 0.046 0.994 0.000 0.088 0.066 
0.998 -0.035 -0.054 0.013 0.696 0.000 -0.717 0.027 0.974 -0.000 -0.071 -0.215 0.769 0.000 -0.639 0.018 0.977 0.000 -0.049 -0.206 0.625 0.000 -0.777 0.069 0.996 0.000 0.065 0.057 0.696 0.000 -0.716 0.046 0.994 0.000 0.088 0.066 
0.998 -0.035 -0.053 0.013 0.696 0.000 -0.717 0.027 0.974 -0.000 -0.071 -0.215 0.769 -0.000 -0.639 0.017 0.978 0.000 -0.049 -0.205 0.625 0.000 -0.777 0.069 0.996 0.000 0.065 0.057 0.696 -0.000 -0.716 0.047 0.994 0.000 0.088 0.066 
0.998 -0.035 -0.053 0.013 0.696 0.000 -0.718 0.026 0.974 0.000 -0.071 -0.216 0.769 -0.000 -0.640 0.017 0.978 0.000 -0.049 -0.205 0.625 0.000 -0.777 0.070 0.996 -0.000 0.065 0.056 0.696 0.000 -0.716 0.047 0.994 0.000 0.088 0.065 
0.998 -0.035 -0.053 0.013 0.696 -0.000 -0.718 0.026 0.974 0.000 -0.071 -0.215 0.769 0.000 -0.640 0.016 0.978 0.000 -0.048 -0.205 0.625 -0.000 -0.777 0.070 0.996 0.000 0.066 0.057 0.696 0.000 -0.717 0.047 0.994 0.000 0.088 0.066 
0.998 -0.035 -0.053 0.013 0.696 -0.000 -0.718 0.025 0.974 0.000 -0.071 -0.216 0.769 0.000 -0.639 0.016 0.978 0.000 -0.048 -0.205 0.625 0.000 -0.777 0.071 0.996 -0.000 0.066 0.056 0.696 0.000 -0.717 0.047 0.994 0.000 0.088 0.066 
0.998 -0.035 -0.053 0.013 0.696 0.000 -0.718 0.024 0.974 -0.000 -0.071 -0.216 0.769 0.000 -0.639 0.016 0.978 0.000 -0.047 -0.205 0.625 0.000 -0.777 0.071 0.996 -0.000 0.066 0.056 0.696 0.000 -0.716 0.047 0.994 0.000 0.088 0.066 
0.998 -0.035 -0.053 0.013 0.696 0.000 -0.718 0.024 0.974 0.000 -0.072 -0.216 0.769 0.000 -0.639 0.015 0.978 0.000 -0.047 -0.205 0.625 -0.000 -0.777 0.071 0.996 0.000 0.066 0.056 0.696 0.000 -0.716 0.048 0.994 -0.000 0.088 0.066 
0.998 -0.035 -0.053 0.013 0.696 0.000 -0.718 0.024 0.974 0.000 -0.072 -0.216 0.769 0.000 -0.639 0.016 0.977 0.000 -0.047 -0.206 0.625 0.000 -0.777 0.071 0.996 0.000 0.066 0.056 0.696 0.000 -0.717 0.048 0.994 0.000 0.088 0.065 
0.998 -0.035 -0.053 0.013 0.696 0.000 -0.718 0.023 0.974 0.000 -0.072 -0.217 0.769 -0.000 -0.639 0.015 0.978 0.000 -0.047 -0.205 0.625 0.000 -0.777 0.072 0.996 0.000 0.066 0.056 0.696 -0.000 -0.716 0.048 0.994 -0.000 0.088 0.065 
0.998 -0.035 -0.054 0.013 0.696 -0.000 -0.718 0.023 0.973 0.000 -0.073 -0.217 0.769 0.000 -0.639 0.015 0.978 0.000 -0.047 -0.205 0.625 0.000 -0.777 0.072 0.996 0.000 0.066 0.055 0.696 -0.000 -0.716 0.049 0.994 0.000 0.088 0.065 
0.998 -0.035 -0.054 0.013 0.696 0.000 -0.718 0.022 0.973 0.000 -0.073 -0.217 0.769 0.000 -0.639 0.015 0.978 0.000 -0.047 -0.205 0.625 0.000 -0.777 0.072 0.996 0.000 0.066 0.056 0.696 0.000 -0.716 0.049 0.994 0.000 0.088 0.065 
0.998 -0.035 -0.053 0.013 0.696 -0.000 -0.718 0.022 0.973 0.000 -0.073 -0.217 0.769 -0.000 -0.639 0.014 0.978 0.000 -0.047 -0.205 0.625 0.000 -0.777 0.072 0.996 -0.000 0.066 0.055 0.696 0.000 -0.716 0.049 0.994 -0.000 0.088 0.065 
0.998 -0.035 -0.054 0.012 0.696 0.000 -0.718 0.021 0.973 0.000 -0.073 -0.218 0.769 0.000 -0.639 0.014 0.978 0.000 -0.047 -0.206 0.625 0.000 -0.777 0.072 0.996 0.000 0.066 0.055 0.696 0.000 -0.717 0.049 0.994 -0.000 0.088 0.065 
0.998 -0.035 -0.054 0.012 0.696 0.000 -0.718 0.021 0.973 0.000 -0.073 -0.218 0.769 0.000 -0.639 0.014 0.978 0.000 -0.046 -0.205 0.625 0.000 -0.777 0.072 0.996 0.000 0.066 0.055 0.696 0.000 -0.716 0.050 0.994 0.000 0.088 0.065 
0.998 -0.035 -0.054 0.012 0.696 0.000 -0.717 0.020 0.973 0.000 -0.075 -0.217 0.769 -0.000 -0.639 0.014 0.978 0.000 -0.046 -0.206 0.625 0.000 -0.777 0.072 0.996 0.000 0.066 0.055 0.696 0.000 -0.716 0.050 0.994 -0.000 0.088 0.064 
0.998 -0.035 -0.054 0.012 0.696 -0.000 -0.718 0.019 0.973 0.000 -0.075 -0.217 0.769 0.000 -0.639 0.014 0.978 0.000 -0.046 -0.206 0.625 0.000 -0.777 0.073 0.996 0.000 0.066 0.055 0.696 0.000 -0.717 0.051 0.994 0.000 0.088 0.064 
0.998 -0.035 -0.054 0.011 0.696 0.000 -0.718 0.019 0.973 0.000 -0.073 -0.218 0.769 0.000 -0.639 0.014 0.978 0.000 -0.046 -0.205 0.625 0.000 -0.777 0.072 0.996 0.000 0.066 0.055 0.696 -0.000 -0.716 0.051 0.994 0.000 0.088 0.064 
0.998 -0.035 -0.054 0.011 0.696 0.000 -0.718 0.019 0.973 0.000 -0.073 -0.218 0.769 0.000 -0.639 0.014 0.978 0.000 -0.046 -0.205 0.625 0.000 -0.777 0.073 0.996 0.000 0.066 0.055 0.696 0.000 -0.716 0.051 0.994 0.000 0.089 0.064 
0.998 -0.035 -0.054 0.011 0.696 0.000 -0.718 0.019 0.973 -0.000 -0.074 -0.218 0.769 0.000 -0.639 0.014 0.978 0.000 -0.046 -0.205 0.625 0.000 -0.777 0.073 0.996 0.000 0.066 0.055 0.696 0.000 -0.716 0.051 0.994 0.000 0.088 0.064 
0.998 -0.035 -0.054 0.011 0.696 -0.000 -0.718 0.018 0.973 0.000 -0.073 -0.218 0.769 0.000 -0.639 0.013 0.978 0.000 -0.046 -0.205 0.625 0.000 -0.777 0.073 0.996 0.000 0.066 0.055 0.696 0.000 -0.716 0.051 0.994 0.000 0.088 0.064 
0.998 -0.035 -0.054 0.011 0.696 0.000 -0.718 0.018 0.973 0.000 -0.073 -0.218 0.769 0.000 -0.639 0.013 0.978 0.000 -0.045 -0.205 0.625 0.000 -0.777 0.072 0.996 0.000 0.066 0.055 0.696 0.000 -0.716 0.050 0.994 0.000 0.088 0.065 
0.998 -0.034 -0.054 0.011 0.696 0.000 -0.718 0.017 0.973 -0.000 -0.074 -0.218 0.769 -0.000 -0.639 0.013 0.978 0.000 -0.045 -0.205 0.625 0.000 -0.777 0.073 0.996 0.000 0.067 0.055 0.696 0.000 -0.716 0.050 0.994 0.000 0.088 0.065 
0.998 -0.034 -0.054 0.011 0.696 0.000 -0.718 0.017 0.973 0.000 -0.074 -0.218 0.769 0.000 -0.639 0.013 0.978 0.000 -0.046 -0.205 0.625 0.000 -0.777 0.073 0.996 0.000 0.066 0.055 0.696 0.000 -0.716 0.050 0.994 0.000 0.088 0.065 
0.998 -0.035 -0.054 0.011 0.696 0.000 -0.718 0.016 0.973 0.000 -0.074 -0.218 0.769 0.000 -0.639 0.013 0.978 0.000 -0.046 -0.206 0.625 0.000 -0.777 0.073 0.996 0.000 0.066 0.054 0.696 0.000 -0.717 0.051 0.994 0.000 0.088 0.065 
0.998 -0.034 -0.054 0.011 0.696 0.000 -0.718 0.016 0.973 0.000 -0.074 -0.217 0.769 0.000 -0.639 0.013 0.978 0.000 -0.045 -0.206 0.625 -0.000 -0.777 0.073 0.996 0.000 0.066 0.055 0.696 0.000 -0.716 0.050 0.994 0.000 0.088 0.065 
0.998 -0.034 -0.054 0.011 0.696 0.000 -0.718 0.016 0.973 0.000 -0.074 -0.217 0.769 0.000 -0.639 0.013 0.978 0.000 -0.045 -0.206 0.625 -0.000 -0.777 0.073 0.996 -0.000 0.066 0.055 0.696 0.000 -0.717 0.051 0.994 -0.000 0.088 0.065 
0.998 -0.034 -0.054 0.011 0.696 0.000 -0.718 0.016 0.973 0.000 -0.073 -0.218 0.769 -0.000 -0.639 0.012 0.978 0.000 -0.045 -0.206 0.625 0.000 -0.777 0.073 0.996 0.000 0.066 0.054 0.696 -0.000 -0.716 0.050 0.994 0.000 0.088 0.066 
0.998 -0.034 -0.054 0.011 0.696 0.000 -0.718 0.016 0.973 0.000 -0.073 -0.218 0.769 0.000 -0.639 0.012 0.978 0.000 -0.046 -0.206 0.625 0.000 -0.777 0.073 0.996 0.000 0.066 0.054 0.696 0.000 -0.716 0.050 0.994 0.000 0.088 0.066 
0.998 -0.034 -0.054 0.010 0.696 0.000 -0.718 0.015 0.973 0.000 -0.074 -0.217 0.769 0.000 -0.639 0.012 0.977 0.000 -0.046 -0.206 0.625 0.000 -0.777 0.073 0.996 0.000 0.066 0.054 0.696 0.000 -0.717 0.050 0.994 0.000 0.088 0.066 
0.998 -0.034 -0.054 0.010 0.696 0.000 -0.718 0.015 0.973 0.000 -0.074 -0.217 0.769 0.000 -0.639 0.012 0.977 0.000 -0.046 -0.206 0.625 0.000 -0.777 0.073 0.996 -0.000 0.066 0.055 0.696 0.000 -0.717 0.050 0.994 0.000 0.088 0.066 
0.998 -0.034 -0.054 0.010 0.696 0.000 -0.717 0.015 0.973 0.000 -0.074 -0.217 0.769 -0.000 -0.639 0.012 0.977 0.000 -0.046 -0.206 0.625 0.000 -0.777 0.074 0.996 0.000 0.066 0.054 0.696 0.000 -0.717 0.050 0.994 -0.000 0.088 0.066 
0.998 -0.034 -0.054 0.011 0.697 0.000 -0.717 0.015 0.973 0.000 -0.074 -0.217 0.769 0.000 -0.639 0.012 0.977 0.000 -0.046 -0.206 0.625 0.000 -0.777 0.073 0.996 0.000 0.066 0.054 0.696 0.000 -0.717 0.050 0.994 0.000 0.088 0.066 
0.998 -0.034 -0.054 0.010 0.697 0.000 -0.717 0.015 0.973 -0.000 -0.075 -0.217 0.769 0.000 -0.639 0.012 0.977 0.000 -0.047 -0.206 0.625 0.000 -0.777 0.073 0.996 0.000 0.066 0.054 0.696 0.000 -0.717 0.050 0.994 0.000 0.088 0.066 
0.998 -0.034 -0.054 0.010 0.696 0.000 -0.718 0.016 0.973 0.000 -0.073 -0.218 0.770 0.000 -0.638 0.012 0.977 0.000 -0.048 -0.206 0.625 0.000 -0.777 0.073 0.996 0.000 0.066 0.055 0.696 0.000 -0.717 0.050 0.994 0.000 0.088 0.066 
0.998 -0.034 -0.054 0.010 0.696 -0.000 -0.718 0.016 0.973 0.000 -0.074 -0.218 0.770 0.000 -0.639 0.012 0.977 0.000 -0.048 -0.206 0.625 0.000 -0.777 0.073 0.996 0.000 0.066 0.055 0.696 0.000 -0.717 0.050 0.994 0.000 0.088 0.066 
0.998 -0.034 -0.054 0.010 0.696 0.000 -0.718 0.016 0.973 0.000 -0.074 -0.218 0.770 -0.000 -0.638 0.011 0.977 0.000 -0.048 -0.206 0.625 0.000 -0.777 0.073 0.996 -0.000 0.066 0.055 0.696 -0.000 -0.717 0.050 0.994 0.000 0.088 0.066 
0.998 -0.034 -0.054 0.010 0.697 0.000 -0.717 0.015 0.973 0.000 -0.074 -0.217 0.770 0.000 -0.638 0.011 0.977 0.000 -0.048 -0.206 0.625 0.000 -0.777 0.072 0.996 0.000 0.066 0.055 0.696 0.000 -0.717 0.049 0.994 0.000 0.088 0.066 
0.998 -0.034 -0.054 0.010 0.697 0.000 -0.717 0.016 0.973 0.000 -0.074 -0.217 0.770 0.000 -0.639 0.011 0.977 -0.000 -0.048 -0.206 0.626 0.000 -0.777 0.073 0.996 0.000 0.066 0.055 0.696 0.000 -0.717 0.050 0.994 0.000 0.088 0.066 
0.998 -0.034 -0.054 0.011 0.697 0.000 -0.717 0.016 0.973 0.000 -0.073 -0.218 0.770 0.000 -0.638 0.011 0.977 0.000 -0.048 -0.206 0.626 0.000 -0.777 0.073 0.996 0.000 0.066 0.055 0.696 0.000 -0.717 0.050 0.994 0.000 0.088 0.066 
0.998 -0.034 -0.054 0.010 0.697 0.000 -0.717 0.015 0.973 -0.000 -0.075 -0.217 0.770 0.000 -0.638 0.011 0.977 -0.000 -0.048 -0.206 0.626 0.000 -0.777 0.072 0.996 0.000 0.066 0.055 0.696 0.000 -0.717 0.050 0.994 -0.000 0.088 0.065 
0.998 -0.033 -0.054 0.011 0.697 0.000 -0.717 0.016 0.973 0.000 -0.075 -0.216 0.770 0.000 -0.638 0.012 0.977 0.000 -0.048 -0.206 0.625 0.000 -0.777 0.072 0.996 -0.000 0.066 0.055 0.696 0.000 -0.717 0.049 0.994 0.000 0.088 0.066 
0.998 -0.033 -0.054 0.011 0.697 0.000 -0.717 0.016 0.974 -0.000 -0.075 -0.216 0.770 0.000 -0.638 0.011 0.977 0.000 -0.048 -0.206 0.626 0.000 -0.777 0.072 0.996 0.000 0.066 0.055 0.695 0.000 -0.717 0.049 0.994 -0.000 0.088 0.066 
0.998 -0.033 -0.054 0.011 0.697 0.000 -0.717 0.016 0.974 0.000 -0.075 -0.216 0.770 -0.000 -0.638 0.012 0.977 0.000 -0.048 -0.206 0.626 -0.000 -0.777 0.072 0.996 0.000 0.066 0.055 0.696 0.000 -0.717 0.049 0.994 0.000 0.088 0.066 
0.998 -0.033 -0.054 0.011 0.697 0.000 -0.717 0.016 0.974 -0.000 -0.074 -0.216 0.770 -0.000 -0.639 0.012 0.977 0.000 -0.048 -0.206 0.625 0.000 -0.777 0.072 0.996 -0.000 0.066 0.055 0.695 -0.000 -0.717 0.049 0.994 0.000 0.088 0.066 
0.998 -0.033 -0.054 0.011 0.697 0.000 -0.717 0.016 0.974 0.000 -0.074 -0.215 0.770 0.000 -0.638 0.012 0.977 0.000 -0.048 -0.206 0.625 0.000 -0.777 0.072 0.996 0.000 0.066 0.055 0.696 0.000 -0.717 0.049 0.994 0.000 0.088 0.065 
0.998 -0.033 -0.054 0.011 0.697 0.000 -0.717 0.017 0.974 0.000 -0.073 -0.216 0.769 0.000 -0.639 0.012 0.977 0.000 -0.048 -0.206 0.626 0.000 -0.777 0.072 0.996 0.000 0.066 0.054 0.695 0.000 -0.717 0.049 0.994 0.000 0.088 0.065 
0.998 -0.033 -0.054 0.011 0.697 -0.000 -0.717 0.017 0.974 0.000 -0.073 -0.215 0.769 0.000 -0.639 0.012 0.977 0.000 -0.048 -0.206 0.626 -0.000 -0.777 0.072 0.996 -0.000 0.066 0.055 0.695 0.000 -0.717 0.049 0.994 -0.000 0.088 0.065 
0.998 -0.033 -0.054 0.011 0.697 0.000 -0.717 0.017 0.974 -0.000 -0.073 -0.215 0.769 0.000 -0.639 0.012 0.977 0.000 -0.048 -0.206 0.625 0.000 -0.777 0.072 0.996 0.000 0.066 0.054 0.696 0.000 -0.717 0.049 0.994 0.000 0.088 0.065 
0.998 -0.033 -0.054 0.011 0.697 0.000 -0.717 0.017 0.974 0.000 -0.073 -0.215 0.769 0.000 -0.639 0.012 0.977 0.000 -0.048 -0.206 0.626 -0.000 -0.777 0.072 0.996 0.000 0.066 0.055 0.695 0.000 -0.717 0.049 0.994 -0.000 0.088 0.065 
0.998 -0.033 -0.054 0.011 0.697 -0.000 -0.717 0.018 0.974 0.000 -0.072 -0.216 0.769 0.000 -0.639 0.012 0.977 0.000 -0.048 -0.206 0.626 -0.000 -0.777 0.072 0.996 0.000 0.066 0.054 0.695 0.000 -0.717 0.049 0.994 -0.000 0.088 0.065 
0.998 -0.033 -0.054 0.011 0.697 0.000 -0.717 0.017 0.974 0.000 -0.073 -0.215 0.769 0.000 -0.639 0.012 0.978 0.000 -0.048 -0.205 0.626 0.000 -0.777 0.072 0.996 0.000 0.066 0.054 0.695 0.000 -0.717 0.049 0.994 -0.000 0.088 0.064 
0.998 -0.032 -0.055 0.010 0.696 0.000 -0.718 0.018 0.974 0.000 -0.072 -0.215 0.770 0.000 -0.638 0.012 0.977 0.000 -0.048 -0.206 0.625 -0.000 -0.777 0.070 0.996 0.000 0.066 0.055 0.696 0.000 -0.716 0.048 0.994 0.000 0.088 0.065 
0.998 -0.032 -0.055 0.011 0.697 0.000 -0.717 0.018 0.974 0.000 -0.073 -0.214 0.770 0.000 -0.637 0.011 0.978 0.000 -0.048 -0.205 0.625 -0.000 -0.777 0.070 0.996 -0.000 0.066 0.055 0.696 0.000 -0.716 0.048 0.994 0.000 0.088 0.065 
0.998 -0.032 -0.055 0.011 0.697 0.000 -0.717 0.018 0.974 0.000 -0.073 -0.214 0.770 0.000 -0.638 0.012 0.977 -0.000 -0.048 -0.206 0.625 -0.000 -0.777 0.070 0.996 0.000 0.066 0.055 0.696 0.000 -0.716 0.048 0.994 -0.000 0.088 0.065 
0.998 -0.032 -0.055 0.011 0.697 0.000 -0.717 0.018 0.974 -0.000 -0.073 -0.214 0.770 -0.000 -0.638 0.012 0.978 0.000 -0.048 -0.205 0.625 0.000 -0.777 0.070 0.996 0.000 0.065 0.055 0.696 0.000 -0.716 0.049 0.994 0.000 0.089 0.065 
0.998 -0.032 -0.055 0.011 0.697 0.000 -0.717 0.019 0.974 0.000 -0.073 -0.214 0.770 0.000 -0.638 0.012 0.978 0.000 -0.048 -0.205 0.626 0.000 -0.777 0.071 0.996 0.000 0.065 0.055 0.696 -0.000 -0.716 0.048 0.994 0.000 0.088 0.065 
0.998 -0.032 -0.055 0.011 0.697 0.000 -0.717 0.019 0.974 0.000 -0.073 -0.214 0.770 0.000 -0.638 0.012 0.978 0.000 -0.048 -0.205 0.626 0.000 -0.777 0.071 0.996 0.000 0.065 0.055 0.696 0.000 -0.716 0.048 0.994 0.000 0.088 0.064 
0.998 -0.032 -0.055 0.011 0.697 0.000 -0.717 0.020 0.974 0.000 -0.073 -0.214 0.770 0.000 -0.638 0.012 0.978 0.000 -0.048 -0.204 0.626 0.000 -0.777 0.071 0.996 0.000 0.065 0.055 0.696 -0.000 -0.716 0.048 0.994 -0.000 0.088 0.065 
0.998 -0.032 -0.055 0.011 0.697 0.000 -0.717 0.021 0.974 0.000 -0.072 -0.214 0.770 0.000 -0.638 0.012 0.978 -0.000 -0.048 -0.204 0.626 -0.000 -0.777 0.071 0.996 -0.000 0.065 0.055 0.696 0.000 -0.716 0.048 0.994 0.000 0.088 0.065 
0.998 -0.032 -0.055 0.011 0.697 -0.000 -0.717 0.021 0.974 0.000 -0.072 -0.214 0.770 -0.000 -0.638 0.012 0.978 -0.000 -0.048 -0.205 0.626 0.000 -0.777 0.071 0.996 0.000 0.065 0.054 0.696 0.000 -0.716 0.048 0.994 0.000 0.088 0.065 
0.998 -0.032 -0.055 0.011 0.697 0.000 -0.717 0.021 0.974 -0.000 -0.073 -0.213 0.770 0.000 -0.638 0.012 0.978 0.000 -0.048 -0.205 0.626 0.000 -0.777 0.071 0.996 0.000 0.065 0.054 0.696 0.000 -0.716 0.048 0.994 0.000 0.088 0.065 
0.998 -0.032 -0.055 0.011 0.697 0.000 -0.717 0.022 0.974 0.000 -0.072 -0.214 0.770 0.000 -0.638 0.012 0.978 0.000 -0.048 -0.205 0.626 -0.000 -0.777 0.071 0.996 0.000 0.066 0.054 0.696 0.000 -0.716 0.048 0.994 0.000 0.088 0.065 
0.998 -0.032 -0.055 0.011 0.697 0.000 -0.717 0.022 0.974 0.000 -0.072 -0.214 0.770 0.000 -0.638 0.012 0.978 0.000 -0.048 -0.205 0.626 -0.000 -0.777 0.071 0.996 0.000 0.065 0.054 0.696 0.000 -0.716 0.048 0.994 0.000 0.088 0.065 
0.998 -0.032 -0.055 0.011 0.697 0.000 -0.717 0.023 0.974 0.000 -0.072 -0.214 0.770 0.000 -0.638 0.013 0.978 0.000 -0.048 -0.205 0.626 0.000 -0.777 0.071 0.996 0.000 0.065 0.054 0.696 -0.000 -0.717 0.047 0.994 0.000 0.088 0.066 
0.998 -0.032 -0.055 0.011 0.697 0.000 -0.717 0.023 0.974 0.000 -0.072 -0.214 0.770 0.000 -0.638 0.012 0.978 0.000 -0.048 -0.205 0.626 0.000 -0.777 0.071 0.996 0.000 0.065 0.054 0.696 0.000 -0.716 0.048 0.994 -0.000 0.088 0.065 
0.998 -0.032 -0.054 0.011 0.697 -0.000 -0.717 0.023 0.974 0.000 -0.073 -0.214 0.770 0.000 -0.638 0.013 0.978 0.000 -0.048 -0.205 0.626 0.000 -0.777 0.071 0.996 -0.000 0.065 0.055 0.696 0.000 -0.716 0.048 0.994 0.000 0.088 0.065 
0.998 -0.032 -0.054 0.011 0.697 0.000 -0.717 0.023 0.974 0.000 -0.073 -0.214 0.770 0.000 -0.638 0.013 0.978 0.000 -0.048 -0.205 0.626 0.000 -0.777 0.071 0.996 0.000 0.065 0.055 0.696 0.000 -0.716 0.048 0.994 0.000 0.088 0.065 
0.998 -0.032 -0.055 0.011 0.697 0.000 -0.716 0.023 0.974 -0.000 -0.075 -0.214 0.770 0.000 -0.638 0.013 0.978 0.000 -0.048 -0.205 0.626 0.000 -0.777 0.070 0.996 0.000 0.065 0.055 0.696 0.000 -0.717 0.048 0.994 0.000 0.088 0.065 
0.998 -0.032 -0.055 0.011 0.697 -0.000 -0.716 0.023 0.974 0.000 -0.076 -0.214 0.770 0.000 -0.638 0.013 0.978 0.000 -0.048 -0.205 0.626 0.000 -0.777 0.070 0.996 0.000 0.065 0.056 0.696 0.000 -0.716 0.048 0.994 0.000 0.088 0.065 
0.998 -0.032 -0.055 0.011 0.697 0.000 -0.716 0.023 0.974 -0.000 -0.077 -0.214 0.770 -0.000 -0.638 0.013 0.978 -0.000 -0.047 -0.205 0.625 0.000 -0.777 0.069 0.996 0.000 0.066 0.056 0.696 0.000 -0.716 0.047 0.994 0.000 0.088 0.065 
0.998 -0.032 -0.055 0.011 0.697 0.000 -0.716 0.023 0.974 0.000 -0.078 -0.214 0.770 0.000 -0.638 0.013 0.978 0.000 -0.048 -0.205 0.625 0.000 -0.778 0.069 0.996 0.000 0.066 0.056 0.696 0.000 -0.716 0.047 0.994 0.000 0.088 0.065 
0.998 -0.032 -0.055 0.011 0.697 0.000 -0.716 0.023 0.974 0.000 -0.079 -0.214 0.770 0.000 -0.638 0.013 0.978 0.000 -0.047 -0.205 0.625 0.000 -0.778 0.069 0.996 0.000 0.066 0.056 0.696 0.000 -0.716 0.047 0.994 0.000 0.088 0.065 
0.998 -0.031 -0.055 0.011 0.698 -0.000 -0.716 0.022 0.974 0.000 -0.079 -0.214 0.770 -0.000 -0.638 0.013 0.978 0.000 -0.047 -0.204 0.625 0.000 -0.778 0.068 0.996 0.000 0.066 0.057 0.696 0.000 -0.716 0.048 0.994 0.000 0.088 0.065 
0.998 -0.032 -0.054 0.012 0.698 0.000 -0.715 0.023 0.974 0.000 -0.080 -0.214 0.769 0.000 -0.639 0.013 0.978 0.000 -0.048 -0.204 0.625 0.000 -0.777 0.070 0.996 0.000 0.066 0.056 0.696 -0.000 -0.717 0.048 0.994 0.000 0.089 0.065 
0.998 -0.032 -0.054 0.011 0.698 -0.000 -0.715 0.022 0.974 0.000 -0.080 -0.213 0.769 0.000 -0.639 0.013 0.978 0.000 -0.048 -0.204 0.625 0.000 -0.777 0.069 0.996 0.000 0.066 0.057 0.696 0.000 -0.717 0.049 0.994 0.000 0.089 0.064 
0.998 -0.031 -0.055 0.011 0.698 0.000 -0.716 0.022 0.974 -0.000 -0.080 -0.213 0.770 0.000 -0.638 0.013 0.978 0.000 -0.047 -0.204 0.625 0.000 -0.778 0.067 0.996 0.000 0.066 0.058 0.696 0.000 -0.716 0.048 0.994 0.000 0.088 0.065 
0.998 -0.031 -0.055 0.011 0.698 0.000 -0.716 0.022 0.974 0.000 -0.081 -0.213 0.770 0.000 -0.638 0.013 0.978 0.000 -0.047 -0.204 0.625 0.000 -0.778 0.067 0.996 -0.000 0.066 0.058 0.696 0.000 -0.716 0.048 0.994 0.000 0.089 0.064 
0.998 -0.031 -0.055 0.011 0.698 0.000 -0.716 0.022 0.974 0.000 -0.080 -0.212 0.769 0.000 -0.639 0.013 0.978 0.000 -0.047 -0.204 0.625 0.000 -0.778 0.067 0.996 -0.000 0.066 0.058 0.696 -0.000 -0.716 0.048 0.994 -0.000 0.089 0.064 
0.998 -0.031 -0.054 0.011 0.698 0.000 -0.716 0.023 0.974 -0.000 -0.082 -0.212 0.769 0.000 -0.639 0.014 0.978 0.000 -0.048 -0.204 0.626 0.000 -0.777 0.068 0.996 0.000 0.065 0.057 0.696 0.000 -0.717 0.049 0.994 0.000 0.089 0.064 
0.998 -0.031 -0.054 0.011 0.698 -0.000 -0.716 0.023 0.974 0.000 -0.081 -0.212 0.769 -0.000 -0.639 0.014 0.978 0.000 -0.047 -0.204 0.625 -0.000 -0.777 0.068 0.996 0.000 0.065 0.058 0.696 0.000 -0.717 0.049 0.994 0.000 0.089 0.063 
0.998 -0.031 -0.054 0.011 0.698 0.000 -0.715 0.023 0.974 0.000 -0.081 -0.212 0.769 0.000 -0.639 0.014 0.978 0.000 -0.047 -0.204 0.626 -0.000 -0.777 0.068 0.996 0.000 0.065 0.058 0.696 0.000 -0.717 0.049 0.994 -0.000 0.089 0.064 
0.998 -0.031 -0.054 0.011 0.698 -0.000 -0.716 0.023 0.974 0.000 -0.081 -0.212 0.769 -0.000 -0.639 0.014 0.978 -0.000 -0.047 -0.204 0.626 0.000 -0.777 0.067 0.996 0.000 0.065 0.058 0.696 0.000 -0.717 0.049 0.994 -0.000 0.089 0.064 
0.998 -0.031 -0.054 0.011 0.698 0.000 -0.716 0.023 0.974 0.000 -0.081 -0.212 0.769 0.000 -0.639 0.014 0.978 0.000 -0.047 -0.204 0.626 0.000 -0.777 0.068 0.996 0.000 0.065 0.058 0.696 0.000 -0.717 0.049 0.994 0.000 0.089 0.063 
0.998 -0.031 -0.054 0.011 0.698 0.000 -0.716 0.024 0.974 0.000 -0.080 -0.213 0.769 0.000 -0.640 0.014 0.978 -0.000 -0.047 -0.204 0.626 0.000 -0.777 0.068 0.996 -0.000 0.065 0.058 0.695 0.000 -0.717 0.050 0.994 -0.000 0.089 0.063 
0.998 -0.031 -0.054 0.011 0.698 0.000 -0.716 0.024 0.974 0.000 -0.080 -0.213 0.769 0.000 -0.640 0.014 0.978 0.000 -0.047 -0.204 0.626 0.000 -0.777 0.068 0.996 0.000 0.065 0.057 0.696 0.000 -0.717 0.050 0.994 -0.000 0.089 0.062 
0.998 -0.031 -0.054 0.011 0.698 0.000 -0.716 0.024 0.974 0.000 -0.079 -0.213 0.769 0.000 -0.640 0.014 0.978 0.000 -0.047 -0.204 0.625 0.000 -0.777 0.068 0.996 0.000 0.066 0.058 0.696 0.000 -0.717 0.049 0.994 -0.000 0.089 0.063 
0.998 -0.031 -0.054 0.011 0.698 0.000 -0.716 0.024 0.974 -0.000 -0.079 -0.213 0.768 0.000 -0.640 0.014 0.978 0.000 -0.047 -0.204 0.625 0.000 -0.777 0.068 0.996 0.000 0.065 0.058 0.696 0.000 -0.717 0.050 0.994 0.000 0.089 0.063 
0.998 -0.031 -0.054 0.011 0.698 -0.000 -0.716 0.025 0.974 0.000 -0.079 -0.214 0.768 0.000 -0.640 0.014 0.978 0.000 -0.047 -0.204 0.626 0.000 -0.777 0.068 0.996 -0.000 0.065 0.057 0.696 0.000 -0.717 0.050 0.994 0.000 0.089 0.062 
0.998 -0.031 -0.054 0.010 0.698 0.000 -0.716 0.025 0.974 0.000 -0.079 -0.214 0.768 0.000 -0.640 0.014 0.978 0.000 -0.047 -0.204 0.625 -0.000 -0.777 0.068 0.996 0.000 0.065 0.058 0.696 0.000 -0.717 0.050 0.994 0.000 0.089 0.063 
0.998 -0.031 -0.054 0.011 0.698 0.000 -0.716 0.025 0.974 0.000 -0.079 -0.214 0.768 -0.000 -0.640 0.014 0.978 -0.000 -0.047 -0.204 0.625 0.000 -0.777 0.068 0.996 0.000 0.065 0.058 0.696 0.000 -0.717 0.050 0.994 0.000 0.089 0.063 
0.998 -0.031 -0.054 0.010 0.698 0.000 -0.716 0.025 0.974 0.000 -0.078 -0.214 0.768 0.000 -0.640 0.015 0.978 0.000 -0.047 -0.205 0.625 0.000 -0.777 0.068 0.996 -0.000 0.065 0.058 0.696 0.000 -0.717 0.049 0.994 0.000 0.089 0.063 
0.998 -0.031 -0.054 0.011 0.698 -0.000 -0.716 0.025 0.974 -0.000 -0.078 -0.214 0.768 0.000 -0.640 0.015 0.978 0.000 -0.046 -0.205 0.626 0.000 -0.777 0.068 0.996 0.000 0.065 0.058 0.696 0.000 -0.717 0.050 0.994 0.000 0.089 0.063 
0.998 -0.031 -0.054 0.010 0.698 0.000 -0.716 0.025 0.974 0.000 -0.078 -0.215 0.768 0.000 -0.640 0.015 0.978 -0.000 -0.046 -0.205 0.625 0.000 -0.777 0.068 0.996 0.000 0.065 0.058 0.696 -0.000 -0.717 0.050 0.994 -0.000 0.089 0.063 
0.998 -0.031 -0.054 0.010 0.698 0.000 -0.716 0.025 0.974 0.000 -0.078 -0.214 0.768 0.000 -0.640 0.015 0.978 0.000 -0.046 -0.205 0.625 0.000 -0.777 0.067 0.996 0.000 0.065 0.058 0.696 0.000 -0.717 0.049 0.994 0.000 0.089 0.064 
0.998 -0.031 -0.054 0.010 0.698 -0.000 -0.716 0.025 0.974 -0.000 -0.079 -0.214 0.768 -0.000 -0.641 0.015 0.978 0.000 -0.046 -0.205 0.625 -0.000 -0.777 0.067 0.996 -0.000 0.065 0.059 0.696 0.000 -0.716 0.050 0.994 0.000 0.089 0.063 
0.998 -0.031 -0.054 0.010 0.698 0.000 -0.716 0.025 0.974 0.000 -0.078 -0.215 0.768 0.000 -0.641 0.015 0.978 0.000 -0.046 -0.205 0.626 -0.000 -0.777 0.067 0.996 0.000 0.065 0.059 0.696 0.000 -0.717 0.050 0.994 -0.000 0.089 0.063 
0.998 -0.031 -0.054 0.010 0.698 0.000 -0.716 0.025 0.973 0.000 -0.079 -0.215 0.768 -0.000 -0.641 0.015 0.978 0.000 -0.046 -0.205 0.626 0.000 -0.777 0.067 0.996 0.000 0.065 0.059 0.696 0.000 -0.716 0.050 0.994 -0.000 0.089 0.064 
0.998 -0.031 -0.054 0.010 0.698 0.000 -0.716 0.024 0.973 0.000 -0.079 -0.215 0.768 0.000 -0.641 0.015 0.978 -0.000 -0.046 -0.205 0.625 0.000 -0.777 0.066 0.996 0.000 0.065 0.060 0.696 0.000 -0.716 0.050 0.994 -0.000 0.089 0.063 
0.998 -0.031 -0.054 0.010 0.698 -0.000 -0.716 0.024 0.973 0.000 -0.079 -0.215 0.768 0.000 -0.641 0.015 0.978 0.000 -0.046 -0.205 0.626 0.000 -0.777 0.066 0.996 0.000 0.064 0.060 0.696 0.000 -0.716 0.050 0.994 -0.000 0.089 0.064 
0.998 -0.031 -0.055 0.009 0.698 0.000 -0.716 0.024 0.973 0.000 -0.079 -0.215 0.767 0.000 -0.641 0.015 0.978 0.000 -0.046 -0.205 0.625 0.000 -0.777 0.065 0.996 0.000 0.064 0.060 0.696 0.000 -0.716 0.050 0.994 0.000 0.089 0.063 
0.998 -0.031 -0.055 0.009 0.698 -0.000 -0.716 0.024 0.973 -0.000 -0.080 -0.215 0.767 0.000 -0.641 0.015 0.978 0.000 -0.046 -0.205 0.625 -0.000 -0.778 0.065 0.996 0.000 0.064 0.061 0.696 0.000 -0.716 0.050 0.994 0.000 0.089 0.064 
0.998 -0.031 -0.055 0.009 0.698 0.000 -0.716 0.023 0.973 0.000 -0.080 -0.215 0.767 -0.000 -0.641 0.015 0.978 -0.000 -0.046 -0.205 0.625 0.000 -0.778 0.064 0.996 -0.000 0.064 0.061 0.696 -0.000 -0.716 0.050 0.994 0.000 0.089 0.064 
0.998 -0.031 -0.055 0.009 0.698 0.000 -0.716 0.023 0.973 0.000 -0.080 -0.215 0.767 0.000 -0.641 0.015 0.978 0.000 -0.046 -0.205 0.625 0.000 -0.778 0.064 0.996 0.000 0.064 0.062 0.696 0.000 -0.716 0.050 0.994 0.000 0.089 0.064 
0.998 -0.031 -0.055 0.008 0.698 -0.000 -0.716 0.023 0.973 0.000 -0.081 -0.215 0.767 0.000 -0.641 0.015 0.978 0.000 -0.046 -0.205 0.625 0.000 -0.778 0.063 0.996 0.000 0.064 0.062 0.696 0.000 -0.716 0.050 0.994 -0.000 0.089 0.064 
0.998 -0.031 -0.055 0.008 0.698 0.000 -0.716 0.022 0.973 0.000 -0.081 -0.215 0.767 -0.000 -0.641 0.015 0.978 0.000 -0.046 -0.206 0.625 0.000 -0.778 0.063 0.996 0.000 0.064 0.062 0.696 0.000 -0.716 0.050 0.994 -0.000 0.089 0.064 
0.998 -0.031 -0.055 0.008 0.698 0.000 -0.716 0.022 0.973 -0.000 -0.081 -0.215 0.767 0.000 -0.641 0.014 0.978 0.000 -0.046 -0.205 0.626 0.000 -0.778 0.063 0.996 0.000 0.064 0.063 0.697 0.000 -0.716 0.050 0.994 0.000 0.089 0.064 
0.998 -0.031 -0.055 0.008 0.698 0.000 -0.716 0.022 0.973 0.000 -0.081 -0.215 0.767 -0.000 -0.641 0.014 0.978 0.000 -0.046 -0.205 0.626 -0.000 -0.778 0.062 0.996 -0.000 0.064 0.063 0.696 0.000 -0.716 0.049 0.994 0.000 0.089 0.064 
0.998 -0.031 -0.055 0.008 0.698 -0.000 -0.716 0.021 0.973 0.000 -0.080 -0.215 0.767 0.000 -0.642 0.014 0.978 0.000 -0.045 -0.205 0.626 -0.000 -0.778 0.062 0.996 0.000 0.064 0.063 0.696 0.000 -0.716 0.050 0.994 0.000 0.089 0.064 
0.998 -0.031 -0.055 0.008 0.698 0.000 -0.716 0.021 0.973 0.000 -0.080 -0.214 0.767 0.000 -0.642 0.014 0.978 0.000 -0.045 -0.206 0.626 0.000 -0.778 0.062 0.996 0.000 0.064 0.063 0.696 0.000 -0.716 0.050 0.994 0.000 0.089 0.063 
0.998 -0.031 -0.055 0.007 0.698 0.000 -0.716 0.021 0.973 0.000 -0.080 -0.215 0.767 0.000 -0.642 0.013 0.978 0.000 -0.045 -0.205 0.626 0.000 -0.778 0.061 0.996 0.000 0.064 0.064 0.696 0.000 -0.716 0.049 0.994 0.000 0.089 0.064 
0.998 -0.031 -0.055 0.007 0.698 0.000 -0.716 0.021 0.973 0.000 -0.080 -0.215 0.767 0.000 -0.642 0.013 0.978 0.000 -0.045 -0.205 0.626 0.000 -0.778 0.061 0.996 0.000 0.064 0.064 0.696 -0.000 -0.716 0.050 0.994 -0.000 0.089 0.063 
0.998 -0.031 -0.055 0.007 0.698 0.000 -0.716 0.021 0.973 0.000 -0.080 -0.215 0.767 0.000 -0.642 0.013 0.978 0.000 -0.045 -0.205 0.626 0.000 -0.778 0.061 0.996 0.000 0.064 0.064 0.696 0.000 -0.716 0.050 0.994 -0.000 0.090 0.063 
0.998 -0.031 -0.055 0.007 0.698 0.000 -0.716 0.021 0.973 0.000 -0.079 -0.215 0.767 0.000 -0.642 0.013 0.978 0.000 -0.045 -0.205 0.625 0.000 -0.778 0.061 0.996 0.000 0.064 0.064 0.696 0.000 -0.716 0.050 0.994 0.000 0.090 0.063 
0.998 -0.031 -0.055 0.006 0.698 0.000 -0.716 0.021 0.973 0.000 -0.079 -0.215 0.767 0.000 -0.642 0.012 0.978 0.000 -0.045 -0.205 0.625 0.000 -0.778 0.060 0.996 0.000 0.064 0.064 0.696 0.000 -0.716 0.050 0.994 -0.000 0.089 0.063 
0.998 -0.031 -0.055 0.006 0.698 0.000 -0.716 0.021 0.973 0.000 -0.078 -0.215 0.767 0.000 -0.642 0.012 0.978 -0.000 -0.045 -0.206 0.625 0.000 -0.778 0.061 0.996 -0.000 0.064 0.063 0.696 0.000 -0.716 0.050 0.994 0.000 0.090 0.063 
0.998 -0.031 -0.055 0.006 0.698 0.000 -0.716 0.021 0.973 -0.000 -0.078 -0.215 0.767 0.000 -0.642 0.012 0.978 0.000 -0.045 -0.206 0.625 -0.000 -0.778 0.061 0.996 0.000 0.064 0.064 0.696 0.000 -0.716 0.050 0.994 0.000 0.089 0.062 
0.998 -0.031 -0.055 0.006 0.698 0.000 -0.716 0.021 0.973 0.000 -0.078 -0.216 0.766 0.000 -0.642 0.012 0.978 0.000 -0.045 -0.206 0.626 0.000 -0.778 0.061 0.996 0.000 0.064 0.063 0.696 0.000 -0.716 0.050 0.994 0.000 0.089 0.063 
0.998 -0.031 -0.055 0.006 0.698 0.000 -0.716 0.021 0.973 0.000 -0.077 -0.217 0.767 -0.000 -0.642 0.012 0.978 0.000 -0.045 -0.206 0.625 0.000 -0.778 0.061 0.996 0.000 0.064 0.063 0.696 -0.000 -0.716 0.050 0.994 0.000 0.090 0.063 
0.998 -0.031 -0.055 0.006 0.698 0.000 -0.715 0.021 0.973 -0.000 -0.078 -0.216 0.766 0.000 -0.642 0.011 0.978 0.000 -0.045 -0.206 0.626 0.000 -0.778 0.060 0.996 0.000 0.064 0.063 0.696 0.000 -0.716 0.050 0.994 0.000 0.089 0.062 
0.998 -0.031 -0.055 0.006 0.698 0.000 -0.716 0.022 0.973 0.000 -0.076 -0.217 0.766 0.000 -0.642 0.011 0.978 0.000 -0.045 -0.206 0.626 0.000 -0.778 0.061 0.996 0.000 0.064 0.063 0.696 0.000 -0.716 0.050 0.994 0.000 0.090 0.063 
0.998 -0.031 -0.055 0.006 0.698 0.000 -0.716 0.022 0.973 -0.000 -0.076 -0.217 0.766 0.000 -0.642 0.011 0.978 0.000 -0.045 -0.206 0.626 0.000 -0.778 0.061 0.996 0.000 0.063 0.063 0.696 0.000 -0.716 0.050 0.994 0.000 0.090 0.063 
0.998 -0.031 -0.055 0.006 0.698 0.000 -0.716 0.022 0.973 -0.000 -0.076 -0.217 0.766 0.000 -0.642 0.011 0.978 0.000 -0.045 -0.206 0.626 0.000 -0.778 0.061 0.996 0.000 0.064 0.063 0.696 -0.000 -0.716 0.051 0.994 -0.000 0.090 0.062 
0.998 -0.031 -0.055 0.005 0.698 0.000 -0.716 0.021 0.973 0.000 -0.076 -0.217 0.766 -0.000 -0.642 0.011 0.978 -0.000 -0.045 -0.206 0.626 0.000 -0.778 0.061 0.996 0.000 0.064 0.063 0.696 0.000 -0.716 0.051 0.994 0.000 0.090 0.063 
0.998 -0.031 -0.055 0.005 0.698 0.000 -0.716 0.021 0.973 0.000 -0.076 -0.217 0.766 0.000 -0.642 0.011 0.978 0.000 -0.045 -0.206 0.626 -0.000 -0.778 0.061 0.996 -0.000 0.064 0.063 0.696 0.000 -0.716 0.051 0.994 0.000 0.090 0.062 
0.998 -0.031 -0.055 0.005 0.698 0.000 -0.716 0.021 0.973 0.000 -0.076 -0.217 0.766 0.000 -0.642 0.010 0.978 0.000 -0.045 -0.206 0.626 0.000 -0.778 0.061 0.996 0.000 0.064 0.063 0.696 0.000 -0.716 0.051 0.994 -0.000 0.090 0.063 
0.998 -0.031 -0.055 0.005 0.698 0.000 -0.716 0.021 0.973 0.000 -0.075 -0.217 0.766 0.000 -0.642 0.010 0.978 -0.000 -0.045 -0.206 0.626 0.000 -0.778 0.061 0.996 -0.000 0.064 0.063 0.696 0.000 -0.716 0.051 0.994 0.000 0.090 0.062 
0.998 -0.031 -0.055 0.005 0.698 0.000 -0.716 0.021 0.973 0.000 -0.075 -0.217 0.766 -0.000 -0.642 0.011 0.977 0.000 -0.045 -0.206 0.626 0.000 -0.778 0.061 0.996 0.000 0.064 0.063 0.696 0.000 -0.716 0.051 0.994 0.000 0.090 0.062 
0.998 -0.031 -0.055 0.005 0.698 0.000 -0.716 0.021 0.973 0.000 -0.075 -0.217 0.766 0.000 -0.642 0.010 0.978 0.000 -0.045 -0.206 0.625 0.000 -0.778 0.061 0.996 0.000 0.064 0.063 0.696 0.000 -0.716 0.051 0.994 0.000 0.090 0.062 
0.998 -0.031 -0.055 0.004 0.698 0.000 -0.716 0.020 0.973 -0.000 -0.073 -0.217 0.766 0.000 -0.642 0.010 0.978 0.000 -0.045 -0.206 0.626 0.000 -0.778 0.061 0.996 0.000 0.064 0.063 0.696 0.000 -0.716 0.051 0.994 -0.000 0.090 0.062 
0.998 -0.031 -0.056 0.004 0.697 0.000 -0.716 0.020 0.973 0.000 -0.073 -0.217 0.767 0.000 -0.642 0.010 0.978 -0.000 -0.044 -0.206 0.625 0.000 -0.778 0.059 0.996 -0.000 0.064 0.063 0.697 -0.000 -0.716 0.050 0.994 0.000 0.090 0.063 
0.998 -0.031 -0.056 0.003 0.697 -0.000 -0.716 0.020 0.974 0.000 -0.073 -0.217 0.767 0.000 -0.641 0.010 0.978 0.000 -0.045 -0.206 0.625 0.000 -0.778 0.059 0.996 0.000 0.063 0.064 0.697 0.000 -0.716 0.050 0.994 0.000 0.090 0.063 
0.998 -0.031 -0.056 0.003 0.697 0.000 -0.716 0.020 0.974 0.000 -0.073 -0.217 0.767 0.000 -0.641 0.010 0.978 0.000 -0.045 -0.206 0.625 0.000 -0.778 0.059 0.996 -0.000 0.063 0.064 0.697 0.000 -0.716 0.050 0.994 0.000 0.090 0.063 
0.998 -0.031 -0.056 0.003 0.697 0.000 -0.716 0.020 0.974 0.000 -0.072 -0.217 0.767 -0.000 -0.641 0.010 0.978 0.000 -0.045 -0.206 0.625 0.000 -0.778 0.059 0.996 0.000 0.063 0.064 0.697 0.000 -0.715 0.050 0.994 0.000 0.090 0.063 
0.998 -0.031 -0.056 0.003 0.697 0.000 -0.716 0.019 0.974 0.000 -0.072 -0.217 0.767 0.000 -0.641 0.010 0.978 0.000 -0.045 -0.206 0.625 0.000 -0.778 0.058 0.996 0.000 0.063 0.064 0.697 0.000 -0.716 0.050 0.994 0.000 0.090 0.063 
0.998 -0.031 -0.056 0.003 0.697 0.000 -0.716 0.020 0.974 0.000 -0.072 -0.217 0.767 0.000 -0.641 0.010 0.978 0.000 -0.045 -0.205 0.625 -0.000 -0.778 0.058 0.996 0.000 0.063 0.064 0.697 -0.000 -0.716 0.050 0.994 0.000 0.090 0.063 
0.998 -0.031 -0.056 0.003 0.697 0.000 -0.716 0.020 0.974 0.000 -0.071 -0.217 0.767 0.000 -0.641 0.010 0.978 0.000 -0.045 -0.205 0.626 -0.000 -0.778 0.059 0.996 0.000 0.063 0.064 0.697 -0.000 -0.716 0.050 0.994 0.000 0.089 0.063 
0.998 -0.031 -0.056 0.003 0.698 0.000 -0.716 0.020 0.973 0.000 -0.071 -0.217 0.767 -0.000 -0.641 0.010 0.978 0.000 -0.045 -0.205 0.626 0.000 -0.778 0.058 0.996 0.000 0.063 0.064 0.697 -0.000 -0.716 0.050 0.994 0.000 0.090 0.063 
0.998 -0.031 -0.056 0.003 0.698 0.000 -0.716 0.021 0.973 0.000 -0.071 -0.218 0.767 0.000 -0.641 0.010 0.978 0.000 -0.045 -0.205 0.626 -0.000 -0.778 0.058 0.996 0.000 0.063 0.064 0.697 0.000 -0.716 0.050 0.994 0.000 0.089 0.063 
0.998 -0.031 -0.056 0.002 0.698 -0.000 -0.716 0.021 0.973 0.000 -0.070 -0.218 0.767 0.000 -0.641 0.010 0.978 0.000 -0.045 -0.205 0.626 0.000 -0.778 0.058 0.996 0.000 0.063 0.064 0.696 0.000 -0.716 0.050 0.994 0.000 0.090 0.063 
0.998 -0.031 -0.056 0.003 0.697 0.000 -0.716 0.021 0.973 0.000 -0.070 -0.218 0.767 0.000 -0.641 0.010 0.978 0.000 -0.045 -0.205 0.626 0.000 -0.778 0.059 0.996 0.000 0.063 0.063 0.697 0.000 -0.716 0.050 0.994 0.000 0.089 0.063 
0.998 -0.031 -0.056 0.003 0.698 0.000 -0.716 0.021 0.973 0.000 -0.070 -0.218 0.767 0.000 -0.641 0.010 0.978 0.000 -0.045 -0.205 0.626 0.000 -0.778 0.059 0.996 0.000 0.063 0.063 0.697 0.000 -0.716 0.050 0.994 0.000 0.089 0.063 
0.998 -0.031 -0.056 0.002 0.697 -0.000 -0.716 0.021 0.973 0.000 -0.070 -0.218 0.767 -0.000 -0.641 0.010 0.978 0.000 -0.045 -0.205 0.626 0.000 -0.778 0.058 0.996 0.000 0.063 0.063 0.696 0.000 -0.716 0.050 0.994 -0.000 0.089 0.063 
0.998 -0.031 -0.055 0.002 0.697 0.000 -0.716 0.021 0.973 0.000 -0.070 -0.218 0.767 0.000 -0.641 0.011 0.978 0.000 -0.045 -0.205 0.626 0.000 -0.778 0.059 0.996 0.000 0.063 0.063 0.696 0.000 -0.716 0.050 0.994 0.000 0.090 0.063 
0.998 -0.031 -0.056 0.003 0.697 0.000 -0.716 0.021 0.973 -0.000 -0.070 -0.218 0.767 -0.000 -0.641 0.011 0.978 -0.000 -0.045 -0.205 0.626 0.000 -0.778 0.059 0.996 0.000 0.063 0.063 0.697 0.000 -0.716 0.050 0.994 0.000 0.089 0.063 
0.998 -0.032 -0.056 0.003 0.697 0.000 -0.716 0.022 0.973 0.000 -0.070 -0.218 0.767 0.000 -0.641 0.011 0.978 0.000 -0.045 -0.205 0.626 0.000 -0.778 0.059 0.996 0.000 0.063 0.063 0.697 0.000 -0.716 0.050 0.994 -0.000 0.089 0.063 
0.998 -0.032 -0.056 0.003 0.697 0.000 -0.716 0.022 0.973 0.000 -0.070 -0.218 0.767 -0.000 -0.641 0.011 0.978 0.000 -0.045 -0.204 0.626 0.000 -0.778 0.059 0.996 0.000 0.063 0.063 0.697 -0.000 -0.716 0.050 0.994 0.000 0.089 0.063 
0.998 -0.032 -0.055 0.003 0.697 0.000 -0.716 0.022 0.973 -0.000 -0.070 -0.219 0.768 0.000 -0.641 0.011 0.978 0.000 -0.045 -0.204 0.626 0.000 -0.778 0.059 0.996 -0.000 0.063 0.063 0.697 0.000 -0.716 0.050 0.994 0.000 0.089 0.063 
0.998 -0.032 -0.055 0.003 0.697 0.000 -0.716 0.022 0.973 0.000 -0.070 -0.218 0.768 0.000 -0.641 0.012 0.978 0.000 -0.045 -0.204 0.626 0.000 -0.778 0.059 0.996 0.000 0.063 0.063 0.696 0.000 -0.716 0.050 0.994 0.000 0.089 0.063 
0.998 -0.032 -0.056 0.003 0.697 0.000 -0.717 0.022 0.973 0.000 -0.070 -0.219 0.768 0.000 -0.641 0.012 0.978 -0.000 -0.045 -0.204 0.626 0.000 -0.778 0.059 0.996 0.000 0.063 0.063 0.697 -0.000 -0.716 0.049 0.994 0.000 0.089 0.064 
0.998 -0.032 -0.056 0.003 0.697 0.000 -0.717 0.023 0.973 0.000 -0.071 -0.218 0.768 0.000 -0.641 0.012 0.978 0.000 -0.045 -0.205 0.626 0.000 -0.778 0.059 0.996 0.000 0.063 0.063 0.697 0.000 -0.716 0.050 0.994 0.000 0.089 0.063 
0.998 -0.032 -0.055 0.003 0.697 0.000 -0.717 0.023 0.973 0.000 -0.071 -0.218 0.768 0.000 -0.641 0.012 0.978 0.000 -0.046 -0.205 0.626 0.000 -0.778 0.059 0.996 0.000 0.063 0.063 0.697 0.000 -0.716 0.050 0.994 0.000 0.089 0.063 
0.998 -0.032 -0.055 0.002 0.697 -0.000 -0.717 0.022 0.973 0.000 -0.072 -0.218 0.768 -0.000 -0.641 0.013 0.978 0.000 -0.045 -0.205 0.626 0.000 -0.778 0.059 0.996 0.000 0.063 0.063 0.697 0.000 -0.716 0.050 0.994 0.000 0.089 0.063 
0.998 -0.032 -0.056 0.002 0.697 0.000 -0.717 0.023 0.973 0.000 -0.072 -0.218 0.768 0.000 -0.640 0.013 0.978 -0.000 -0.045 -0.205 0.626 0.000 -0.778 0.059 0.996 0.000 0.063 0.063 0.697 0.000 -0.716 0.050 0.994 0.000 0.089 0.063 
0.998 -0.032 -0.056 0.002 0.697 0.000 -0.717 0.023 0.973 0.000 -0.073 -0.218 0.768 0.000 -0.640 0.013 0.978 0.000 -0.046 -0.205 0.626 0.000 -0.778 0.059 0.996 0.000 0.063 0.063 0.697 0.000 -0.716 0.050 0.994 0.000 0.089 0.063 
0.998 -0.032 -0.056 0.002 0.697 0.000 -0.717 0.023 0.973 0.000 -0.073 -0.217 0.768 0.000 -0.640 0.013 0.978 0.000 -0.046 -0.205 0.626 0.000 -0.778 0.058 0.996 -0.000 0.063 0.063 0.697 -0.000 -0.716 0.050 0.994 0.000 0.089 0.063 
0.998 -0.032 -0.056 0.002 0.697 0.000 -0.717 0.022 0.973 0.000 -0.074 -0.217 0.768 0.000 -0.640 0.013 0.978 -0.000 -0.046 -0.205 0.625 -0.000 -0.778 0.058 0.996 0.000 0.063 0.063 0.697 0.000 -0.716 0.049 0.994 0.000 0.089 0.063 
0.998 -0.032 -0.056 0.002 0.697 0.000 -0.717 0.023 0.973 -0.000 -0.075 -0.217 0.768 0.000 -0.640 0.013 0.978 0.000 -0.045 -0.205 0.625 0.000 -0.778 0.059 0.996 0.000 0.064 0.062 0.697 0.000 -0.715 0.049 0.994 0.000 0.088 0.063 
0.998 -0.032 -0.056 0.002 0.697 0.000 -0.717 0.023 0.973 0.000 -0.075 -0.216 0.768 -0.000 -0.640 0.013 0.978 0.000 -0.045 -0.205 0.625 0.000 -0.778 0.059 0.996 0.000 0.064 0.062 0.697 -0.000 -0.716 0.049 0.994 0.000 0.088 0.064 
0.998 -0.032 -0.054 0.003 0.697 0.000 -0.716 0.023 0.974 0.000 -0.075 -0.216 0.768 0.000 -0.641 0.014 0.978 0.000 -0.046 -0.205 0.626 0.000 -0.778 0.061 0.996 -0.000 0.064 0.060 0.696 0.000 -0.716 0.049 0.994 -0.000 0.088 0.064 
0.998 -0.032 -0.054 0.002 0.697 0.000 -0.717 0.023 0.974 -0.000 -0.075 -0.216 0.768 0.000 -0.641 0.014 0.978 0.000 -0.046 -0.205 0.626 0.000 -0.778 0.061 0.996 0.000 0.064 0.060 0.696 -0.000 -0.716 0.050 0.994 -0.000 0.088 0.063 
0.998 -0.032 -0.054 0.003 0.697 0.000 -0.717 0.024 0.974 0.000 -0.075 -0.215 0.768 -0.000 -0.641 0.014 0.978 0.000 -0.046 -0.205 0.626 0.000 -0.778 0.062 0.996 -0.000 0.064 0.059 0.696 0.000 -0.716 0.050 0.994 0.000 0.088 0.063 
0.998 -0.032 -0.055 0.002 0.697 0.000 -0.717 0.024 0.974 0.000 -0.075 -0.215 0.768 0.000 -0.640 0.013 0.978 0.000 -0.045 -0.204 0.625 0.000 -0.778 0.062 0.996 -0.000 0.065 0.059 0.696 0.000 -0.716 0.049 0.994 -0.000 0.088 0.064 
0.998 -0.032 -0.055 0.002 0.697 0.000 -0.717 0.024 0.974 -0.000 -0.075 -0.215 0.768 -0.000 -0.640 0.013 0.978 0.000 -0.045 -0.204 0.625 -0.000 -0.778 0.062 0.996 0.000 0.065 0.059 0.696 0.000 -0.716 0.049 0.994 0.000 0.088 0.064 
0.998 -0.033 -0.054 0.002 0.697 0.000 -0.717 0.025 0.974 -0.000 -0.076 -0.215 0.768 0.000 -0.641 0.013 0.978 0.000 -0.045 -0.204 0.626 0.000 -0.778 0.063 0.996 0.000 0.065 0.058 0.696 0.000 -0.716 0.049 0.994 0.000 0.088 0.064 
0.998 -0.033 -0.054 0.003 0.697 0.000 -0.717 0.026 0.974 0.000 -0.076 -0.215 0.768 0.000 -0.641 0.013 0.978 0.000 -0.045 -0.204 0.626 -0.000 -0.778 0.063 0.996 -0.000 0.065 0.058 0.696 0.000 -0.716 0.049 0.994 0.000 0.088 0.064 
0.998 -0.033 -0.054 0.003 0.697 0.000 -0.717 0.026 0.974 0.000 -0.076 -0.214 0.768 0.000 -0.641 0.013 0.978 0.000 -0.045 -0.203 0.626 -0.000 -0.778 0.064 0.996 0.000 0.065 0.057 0.696 0.000 -0.716 0.049 0.994 -0.000 0.088 0.064 
0.998 -0.033 -0.054 0.003 0.696 0.000 -0.717 0.027 0.974 0.000 -0.076 -0.214 0.768 0.000 -0.641 0.013 0.978 -0.000 -0.045 -0.203 0.626 -0.000 -0.777 0.064 0.996 0.000 0.065 0.057 0.696 -0.000 -0.716 0.049 0.994 0.000 0.088 0.064 
0.998 -0.033 -0.054 0.002 0.696 0.000 -0.717 0.027 0.974 0.000 -0.076 -0.214 0.768 -0.000 -0.641 0.013 0.978 0.000 -0.045 -0.203 0.626 0.000 -0.777 0.064 0.996 0.000 0.065 0.057 0.696 -0.000 -0.716 0.050 0.994 0.000 0.088 0.063 
0.998 -0.033 -0.054 0.002 0.696 0.000 -0.717 0.027 0.974 -0.000 -0.076 -0.214 0.768 0.000 -0.641 0.013 0.978 0.000 -0.045 -0.204 0.626 0.000 -0.777 0.064 0.996 0.000 0.065 0.057 0.696 0.000 -0.716 0.049 0.994 0.000 0.088 0.064 
0.998 -0.033 -0.054 0.002 0.696 0.000 -0.717 0.027 0.974 0.000 -0.076 -0.214 0.768 -0.000 -0.641 0.013 0.978 0.000 -0.044 -0.203 0.626 0.000 -0.777 0.064 0.996 0.000 0.064 0.057 0.696 0.000 -0.716 0.049 0.994 0.000 0.088 0.064 
0.998 -0.033 -0.054 0.003 0.696 0.000 -0.718 0.028 0.974 0.000 -0.075 -0.214 0.768 -0.000 -0.641 0.013 0.978 -0.000 -0.045 -0.204 0.626 0.000 -0.777 0.064 0.996 0.000 0.064 0.057 0.696 0.000 -0.716 0.049 0.994 -0.000 0.088 0.064 
0.998 -0.033 -0.054 0.003 0.696 0.000 -0.718 0.028 0.974 0.000 -0.075 -0.213 0.768 0.000 -0.641 0.013 0.978 -0.000 -0.045 -0.204 0.626 0.000 -0.777 0.063 0.996 0.000 0.064 0.057 0.696 -0.000 -0.716 0.048 0.994 0.000 0.088 0.065 
0.998 -0.033 -0.054 0.003 0.696 0.000 -0.718 0.028 0.974 0.000 -0.075 -0.213 0.768 -0.000 -0.641 0.014 0.978 0.000 -0.045 -0.204 0.626 0.000 -0.777 0.063 0.996 0.000 0.064 0.057 0.696 0.000 -0.716 0.048 0.994 0.000 0.088 0.065 
0.998 -0.033 -0.054 0.003 0.696 0.000 -0.718 0.028 0.974 0.000 -0.075 -0.213 0.768 0.000 -0.641 0.014 0.978 0.000 -0.045 -0.204 0.626 0.000 -0.777 0.063 0.996 0.000 0.064 0.057 0.696 -0.000 -0.716 0.047 0.994 0.000 0.088 0.065 
0.998 -0.033 -0.054 0.003 0.696 0.000 -0.718 0.028 0.974 0.000 -0.075 -0.213 0.768 0.000 -0.641 0.014 0.978 -0.000 -0.046 -0.205 0.626 -0.000 -0.777 0.063 0.996 0.000 0.064 0.057 0.696 0.000 -0.716 0.047 0.994 -0.000 0.087 0.065 
0.998 -0.033 -0.054 0.003 0.696 0.000 -0.718 0.029 0.974 0.000 -0.076 -0.214 0.768 -0.000 -0.641 0.015 0.978 0.000 -0.046 -0.205 0.626 -0.000 -0.777 0.062 0.996 0.000 0.064 0.058 0.696 0.000 -0.716 0.047 0.994 0.000 0.088 0.065 
0.998 -0.033 -0.054 0.003 0.696 0.000 -0.718 0.029 0.974 0.000 -0.076 -0.214 0.768 0.000 -0.641 0.015 0.978 0.000 -0.046 -0.206 0.626 0.000 -0.777 0.062 0.996 0.000 0.064 0.058 0.696 0.000 -0.716 0.046 0.994 0.000 0.088 0.065 
0.998 -0.032 -0.054 0.003 0.696 0.000 -0.718 0.029 0.974 -0.000 -0.076 -0.214 0.768 -0.000 -0.641 0.015 0.978 0.000 -0.046 -0.206 0.626 0.000 -0.777 0.061 0.996 0.000 0.064 0.058 0.696 0.000 -0.717 0.046 0.994 0.000 0.088 0.065 
0.998 -0.032 -0.054 0.003 0.696 0.000 -0.718 0.029 0.974 0.000 -0.076 -0.213 0.768 0.000 -0.641 0.015 0.978 0.000 -0.046 -0.206 0.626 0.000 -0.777 0.061 0.996 0.000 0.064 0.059 0.696 0.000 -0.717 0.046 0.994 0.000 0.087 0.066 
0.998 -0.032 -0.054 0.003 0.696 -0.000 -0.718 0.029 0.974 0.000 -0.076 -0.214 0.768 0.000 -0.641 0.015 0.978 0.000 -0.046 -0.206 0.626 0.000 -0.777 0.060 0.996 0.000 0.064 0.059 0.696 0.000 -0.717 0.046 0.994 0.000 0.087 0.066 
0.998 -0.032 -0.054 0.003 0.696 0.000 -0.718 0.029 0.974 0.000 -0.077 -0.214 0.768 0.000 -0.641 0.015 0.977 -0.000 -0.046 -0.206 0.626 0.000 -0.777 0.060 0.996 0.000 0.064 0.060 0.696 0.000 -0.717 0.045 0.994 0.000 0.087 0.066 
0.998 -0.032 -0.054 0.003 0.696 0.000 -0.717 0.029 0.974 0.000 -0.077 -0.214 0.768 0.000 -0.641 0.016 0.977 0.000 -0.047 -0.206 0.626 0.000 -0.777 0.059 0.996 -0.000 0.064 0.061 0.696 -0.000 -0.717 0.045 0.994 0.000 0.087 0.066 
0.998 -0.032 -0.054 0.003 0.696 -0.000 -0.717 0.029 0.974 0.000 -0.077 -0.214 0.767 0.000 -0.641 0.016 0.977 0.000 -0.047 -0.206 0.626 0.000 -0.777 0.058 0.996 -0.000 0.064 0.061 0.696 0.000 -0.717 0.045 0.994 0.000 0.087 0.066 
0.998 -0.032 -0.054 0.003 0.696 0.000 -0.717 0.029 0.974 0.000 -0.077 -0.213 0.767 0.000 -0.641 0.017 0.977 0.000 -0.047 -0.207 0.626 0.000 -0.777 0.058 0.996 0.000 0.064 0.062 0.696 0.000 -0.717 0.044 0.994 0.000 0.087 0.066 
0.998 -0.032 -0.054 0.003 0.696 -0.000 -0.717 0.029 0.974 0.000 -0.077 -0.214 0.767 0.000 -0.641 0.017 0.977 0.000 -0.047 -0.207 0.626 0.000 -0.777 0.057 0.996 0.000 0.064 0.062 0.696 -0.000 -0.717 0.044 0.994 0.000 0.087 0.067 
0.998 -0.032 -0.054 0.003 0.696 0.000 -0.717 0.029 0.974 0.000 -0.077 -0.214 0.767 0.000 -0.641 0.017 0.977 0.000 -0.047 -0.206 0.627 0.000 -0.777 0.056 0.996 0.000 0.063 0.063 0.696 0.000 -0.717 0.044 0.994 0.000 0.087 0.067 
0.998 -0.032 -0.054 0.003 0.696 0.000 -0.717 0.029 0.974 -0.000 -0.078 -0.214 0.767 0.000 -0.641 0.017 0.977 0.000 -0.047 -0.207 0.627 0.000 -0.777 0.056 0.996 0.000 0.063 0.063 0.696 0.000 -0.717 0.044 0.994 -0.000 0.087 0.066 
0.998 -0.032 -0.054 0.003 0.696 -0.000 -0.717 0.029 0.974 0.000 -0.077 -0.214 0.767 0.000 -0.641 0.018 0.977 0.000 -0.047 -0.206 0.627 0.000 -0.777 0.055 0.996 0.000 0.063 0.064 0.696 0.000 -0.717 0.043 0.994 0.000 0.087 0.067 
0.998 -0.032 -0.054 0.003 0.696 0.000 -0.717 0.029 0.974 0.000 -0.077 -0.214 0.767 0.000 -0.641 0.018 0.977 0.000 -0.047 -0.206 0.627 0.000 -0.777 0.055 0.996 -0.000 0.063 0.064 0.696 0.000 -0.717 0.043 0.994 0.000 0.087 0.067 
0.998 -0.032 -0.053 0.003 0.696 0.000 -0.717 0.029 0.974 0.000 -0.077 -0.214 0.767 0.000 -0.641 0.018 0.977 0.000 -0.047 -0.206 0.627 0.000 -0.777 0.054 0.996 0.000 0.063 0.064 0.696 0.000 -0.717 0.043 0.994 0.000 0.087 0.067 
0.998 -0.032 -0.054 0.003 0.696 0.000 -0.717 0.029 0.974 0.000 -0.077 -0.214 0.767 0.000 -0.641 0.018 0.978 0.000 -0.046 -0.205 0.627 0.000 -0.778 0.054 0.996 -0.000 0.063 0.064 0.696 0.000 -0.717 0.043 0.994 -0.000 0.087 0.067 
0.998 -0.032 -0.053 0.004 0.696 0.000 -0.717 0.029 0.974 0.000 -0.077 -0.214 0.767 0.000 -0.641 0.018 0.978 -0.000 -0.047 -0.205 0.627 0.000 -0.777 0.054 0.996 0.000 0.063 0.065 0.696 0.000 -0.717 0.043 0.994 -0.000 0.088 0.067 
0.998 -0.032 -0.053 0.004 0.696 0.000 -0.717 0.029 0.974 0.000 -0.077 -0.214 0.767 0.000 -0.641 0.019 0.978 0.000 -0.047 -0.205 0.627 0.000 -0.777 0.054 0.996 0.000 0.063 0.064 0.696 0.000 -0.717 0.043 0.994 0.000 0.088 0.067 
0.998 -0.032 -0.053 0.004 0.696 0.000 -0.717 0.029 0.974 -0.000 -0.077 -0.214 0.767 0.000 -0.641 0.019 0.978 0.000 -0.047 -0.205 0.627 0.000 -0.778 0.054 0.996 0.000 0.063 0.065 0.696 -0.000 -0.717 0.043 0.994 0.000 0.087 0.067 
0.998 -0.032 -0.053 0.004 0.696 0.000 -0.717 0.029 0.974 0.000 -0.077 -0.215 0.767 0.000 -0.641 0.019 0.978 0.000 -0.047 -0.205 0.627 0.000 -0.778 0.054 0.996 0.000 0.063 0.064 0.696 0.000 -0.717 0.043 0.994 0.000 0.088 0.066 
0.998 -0.032 -0.054 0.004 0.696 0.000 -0.717 0.029 0.974 0.000 -0.077 -0.215 0.767 0.000 -0.641 0.019 0.978 0.000 -0.047 -0.205 0.626 0.000 -0.778 0.054 0.996 0.000 0.063 0.064 0.696 0.000 -0.717 0.043 0.994 0.000 0.087 0.067 
0.998 -0.032 -0.054 0.004 0.697 0.000 -0.717 0.029 0.974 0.000 -0.077 -0.215 0.767 0.000 -0.641 0.020 0.978 0.000 -0.047 -0.205 0.626 0.000 -0.778 0.054 0.996 -0.000 0.063 0.064 0.696 0.000 -0.717 0.043 0.994 0.000 0.087 0.067 
0.998 -0.032 -0.054 0.004 0.697 0.000 -0.717 0.029 0.974 0.000 -0.076 -0.215 0.767 0.000 -0.641 0.020 0.978 0.000 -0.047 -0.205 0.626 -0.000 -0.778 0.054 0.996 -0.000 0.063 0.064 0.696 0.000 -0.717 0.043 0.994 0.000 0.087 0.067 
0.998 -0.032 -0.054 0.004 0.697 0.000 -0.717 0.029 0.974 -0.000 -0.076 -0.214 0.767 -0.000 -0.641 0.020 0.978 0.000 -0.047 -0.205 0.627 -0.000 -0.777 0.055 0.996 -0.000 0.063 0.064 0.696 0.000 -0.717 0.043 0.994 0.000 0.087 0.066 
0.998 -0.032 -0.053 0.004 0.697 0.000 -0.717 0.028 0.974 0.000 -0.076 -0.215 0.767 0.000 -0.641 0.020 0.978 0.000 -0.047 -0.204 0.627 0.000 -0.777 0.055 0.996 -0.000 0.063 0.064 0.696 0.000 -0.717 0.043 0.994 0.000 0.087 0.067 
0.998 -0.032 -0.053 0.004 0.697 0.000 -0.717 0.028 0.974 0.000 -0.076 -0.215 0.767 0.000 -0.641 0.020 0.978 0.000 -0.047 -0.205 0.627 0.000 -0.777 0.055 0.996 0.000 0.063 0.064 0.696 0.000 -0.717 0.043 0.994 0.000 0.087 0.067 
0.998 -0.032 -0.053 0.004 0.697 0.000 -0.717 0.028 0.974 0.000 -0.076 -0.215 0.767 0.000 -0.642 0.021 0.978 0.000 -0.047 -0.205 0.627 -0.000 -0.777 0.055 0.996 0.000 0.063 0.064 0.696 0.000 -0.717 0.043 0.994 0.000 0.087 0.067 
0.998 -0.032 -0.054 0.004 0.697 0.000 -0.717 0.028 0.974 0.000 -0.076 -0.215 0.767 -0.000 -0.641 0.021 0.978 0.000 -0.047 -0.205 0.627 -0.000 -0.777 0.055 0.996 0.000 0.063 0.064 0.696 0.000 -0.717 0.043 0.994 0.000 0.087 0.067 
0.998 -0.032 -0.054 0.004 0.697 -0.000 -0.717 0.028 0.974 0.000 -0.077 -0.215 0.767 0.000 -0.641 0.021 0.978 0.000 -0.047 -0.205 0.627 0.000 -0.777 0.055 0.996 0.000 0.063 0.064 0.696 0.000 -0.717 0.043 0.994 0.000 0.087 0.066 
0.998 -0.032 -0.054 0.004 0.697 0.000 -0.717 0.028 0.974 0.000 -0.076 -0.215 0.767 0.000 -0.641 0.021 0.978 0.000 -0.047 -0.205 0.627 0.000 -0.777 0.055 0.996 -0.000 0.063 0.064 0.696 -0.000 -0.717 0.043 0.994 0.000 0.087 0.067 
0.998 -0.032 -0.054 0.004 0.697 0.000 -0.717 0.028 0.974 0.000 -0.077 -0.215 0.767 0.000 -0.641 0.021 0.978 0.000 -0.047 -0.205 0.627 0.000 -0.778 0.054 0.996 0.000 0.063 0.064 0.696 0.000 -0.717 0.042 0.994 0.000 0.087 0.067 
0.998 -0.032 -0.054 0.004 0.697 -0.000 -0.717 0.028 0.974 0.000 -0.076 -0.216 0.767 0.000 -0.641 0.021 0.978 0.000 -0.047 -0.205 0.627 0.000 -0.777 0.054 0.996 0.000 0.063 0.064 0.696 0.000 -0.717 0.043 0.994 0.000 0.087 0.067 
0.998 -0.032 -0.054 0.004 0.697 0.000 -0.717 0.028 0.973 0.000 -0.077 -0.216 0.767 0.000 -0.641 0.021 0.978 -0.000 -0.047 -0.204 0.627 0.000 -0.777 0.054 0.996 0.000 0.063 0.065 0.696 -0.000 -0.717 0.042 0.994 0.000 0.087 0.067 
0.998 -0.032 -0.053 0.004 0.697 0.000 -0.716 0.028 0.974 -0.000 -0.077 -0.215 0.767 0.000 -0.641 0.022 0.978 0.000 -0.047 -0.205 0.627 0.000 -0.777 0.054 0.996 0.000 0.063 0.065 0.696 0.000 -0.717 0.043 0.994 0.000 0.087 0.067 
0.998 -0.032 -0.054 0.004 0.697 0.000 -0.716 0.028 0.974 0.000 -0.077 -0.215 0.767 0.000 -0.641 0.021 0.978 0.000 -0.047 -0.205 0.627 0.000 -0.777 0.053 0.996 0.000 0.063 0.065 0.696 0.000 -0.717 0.042 0.994 0.000 0.087 0.067 
0.998 -0.032 -0.054 0.004 0.697 -0.000 -0.716 0.028 0.974 0.000 -0.077 -0.215 0.767 0.000 -0.641 0.022 0.978 0.000 -0.047 -0.205 0.627 0.000 -0.778 0.053 0.996 0.000 0.063 0.066 0.696 0.000 -0.717 0.042 0.994 0.000 0.087 0.067 
0.998 -0.032 -0.054 0.004 0.697 0.000 -0.716 0.028 0.974 -0.000 -0.077 -0.215 0.767 0.000 -0.641 0.021 0.978 0.000 -0.047 -0.205 0.627 0.000 -0.778 0.052 0.996 -0.000 0.063 0.066 0.696 0.000 -0.717 0.042 0.994 0.000 0.087 0.067 
