# T   LUA LFA RUA RFA LT  LS  RT  RS  
1.000 -0.021 0.015 0.004 0.815 0.000 -0.545 -0.198 0.403 0.000 -0.308 -0.862 0.812 0.000 -0.574 -0.104 0.440 0.000 -0.301 -0.846 0.659 0.000 -0.747 -0.093 0.978 0.000 0.053 0.201 0.625 0.000 -0.774 -0.096 0.981 0.000 0.044 0.190 
1.000 -0.021 0.015 0.004 0.815 0.000 -0.545 -0.199 0.403 0.000 -0.308 -0.862 0.812 0.000 -0.574 -0.105 0.439 0.000 -0.303 -0.846 0.659 0.000 -0.747 -0.093 0.978 0.000 0.053 0.200 0.625 -0.000 -0.774 -0.096 0.984 -0.000 0.043 0.174 
1.000 -0.021 0.015 0.004 0.815 -0.000 -0.544 -0.200 0.403 0.000 -0.307 -0.862 0.812 0.000 -0.574 -0.106 0.439 0.000 -0.304 -0.845 0.659 0.000 -0.747 -0.093 0.978 0.000 0.053 0.200 0.625 0.000 -0.774 -0.096 0.981 0.000 0.043 0.190 
1.000 -0.021 0.015 0.004 0.815 0.000 -0.544 -0.201 0.404 0.000 -0.307 -0.862 0.812 0.000 -0.574 -0.107 0.439 -0.000 -0.304 -0.845 0.659 0.000 -0.747 -0.093 0.978 0.000 0.053 0.200 0.626 -0.000 -0.774 -0.096 0.981 0.000 0.043 0.187 
1.000 -0.021 0.015 0.004 0.814 0.000 -0.544 -0.202 0.404 0.000 -0.305 -0.862 0.812 0.000 -0.573 -0.109 0.439 -0.000 -0.305 -0.845 0.659 0.000 -0.747 -0.094 0.978 0.000 0.053 0.201 0.625 0.000 -0.774 -0.096 0.983 0.000 0.043 0.178 
1.000 -0.021 0.015 0.004 0.814 0.000 -0.543 -0.203 0.404 0.000 -0.305 -0.863 0.812 -0.000 -0.573 -0.110 0.439 0.000 -0.306 -0.845 0.659 0.000 -0.747 -0.093 0.978 0.000 0.053 0.200 0.625 0.000 -0.774 -0.096 0.984 0.000 0.043 0.174 
1.000 -0.021 0.015 0.004 0.814 0.000 -0.543 -0.204 0.404 -0.000 -0.304 -0.863 0.812 0.000 -0.572 -0.112 0.439 -0.000 -0.307 -0.844 0.659 0.000 -0.747 -0.093 0.978 0.000 0.053 0.200 0.626 -0.000 -0.774 -0.096 0.981 0.000 0.043 0.190 
1.000 -0.021 0.015 0.004 0.814 -0.000 -0.543 -0.205 0.404 0.000 -0.305 -0.862 0.812 0.000 -0.572 -0.113 0.440 0.000 -0.307 -0.844 0.659 0.000 -0.747 -0.094 0.978 0.000 0.053 0.200 0.625 0.000 -0.774 -0.097 0.981 0.000 0.042 0.188 
1.000 -0.021 0.015 0.004 0.814 -0.000 -0.543 -0.206 0.405 0.000 -0.304 -0.862 0.813 0.000 -0.572 -0.114 0.440 0.000 -0.308 -0.844 0.659 0.000 -0.747 -0.094 0.978 0.000 0.053 0.200 0.626 0.000 -0.774 -0.097 0.982 0.000 0.043 0.186 
1.000 -0.021 0.015 0.004 0.814 0.000 -0.543 -0.207 0.406 0.000 -0.304 -0.862 0.813 -0.000 -0.571 -0.116 0.440 0.000 -0.308 -0.843 0.659 0.000 -0.747 -0.094 0.978 -0.000 0.053 0.200 0.625 0.000 -0.774 -0.097 0.982 0.000 0.044 0.185 
1.000 -0.021 0.015 0.003 0.813 0.000 -0.543 -0.208 0.406 0.000 -0.304 -0.862 0.813 0.000 -0.571 -0.117 0.441 -0.000 -0.308 -0.843 0.659 0.000 -0.746 -0.094 0.978 0.000 0.053 0.200 0.625 -0.000 -0.774 -0.097 0.981 0.000 0.043 0.190 
1.000 -0.021 0.015 0.003 0.813 -0.000 -0.543 -0.209 0.406 0.000 -0.304 -0.862 0.812 -0.000 -0.571 -0.119 0.442 0.000 -0.308 -0.843 0.659 0.000 -0.746 -0.095 0.978 0.000 0.053 0.200 0.626 0.000 -0.774 -0.097 0.984 0.000 0.042 0.174 
1.000 -0.020 0.015 0.003 0.813 0.000 -0.543 -0.210 0.407 0.000 -0.303 -0.862 0.813 0.000 -0.570 -0.120 0.442 -0.000 -0.309 -0.842 0.659 -0.000 -0.746 -0.095 0.978 0.000 0.052 0.200 0.625 -0.000 -0.774 -0.098 0.981 0.000 0.043 0.190 
1.000 -0.020 0.015 0.003 0.813 0.000 -0.543 -0.211 0.408 0.000 -0.303 -0.861 0.812 0.000 -0.570 -0.121 0.443 0.000 -0.308 -0.842 0.659 0.000 -0.746 -0.095 0.978 0.000 0.053 0.200 0.625 0.000 -0.774 -0.098 0.982 0.000 0.043 0.186 
1.000 -0.020 0.015 0.003 0.812 0.000 -0.543 -0.212 0.408 0.000 -0.303 -0.861 0.812 -0.000 -0.570 -0.122 0.443 -0.000 -0.308 -0.842 0.659 0.000 -0.747 -0.095 0.978 0.000 0.053 0.200 0.625 -0.000 -0.774 -0.098 0.983 0.000 0.043 0.177 
1.000 -0.020 0.015 0.003 0.812 0.000 -0.544 -0.212 0.408 -0.000 -0.302 -0.862 0.812 0.000 -0.571 -0.123 0.443 0.000 -0.309 -0.842 0.659 0.000 -0.746 -0.095 0.978 0.000 0.052 0.200 0.625 0.000 -0.774 -0.098 0.984 -0.000 0.043 0.174 
1.000 -0.020 0.015 0.003 0.812 0.000 -0.544 -0.213 0.409 0.000 -0.302 -0.861 0.812 0.000 -0.570 -0.124 0.443 0.000 -0.308 -0.842 0.659 0.000 -0.746 -0.096 0.978 0.000 0.052 0.200 0.625 0.000 -0.774 -0.098 0.981 0.000 0.043 0.190 
1.000 -0.020 0.015 0.003 0.812 0.000 -0.544 -0.213 0.409 0.000 -0.301 -0.861 0.812 0.000 -0.570 -0.124 0.443 -0.000 -0.309 -0.841 0.659 0.000 -0.746 -0.096 0.978 -0.000 0.052 0.200 0.625 0.000 -0.774 -0.099 0.981 0.000 0.042 0.188 
1.000 -0.020 0.015 0.003 0.811 0.000 -0.544 -0.213 0.410 -0.000 -0.301 -0.861 0.812 0.000 -0.570 -0.125 0.443 0.000 -0.310 -0.841 0.659 0.000 -0.746 -0.096 0.978 0.000 0.052 0.200 0.625 0.000 -0.774 -0.099 0.982 0.000 0.042 0.186 
1.000 -0.020 0.015 0.003 0.811 0.000 -0.545 -0.214 0.410 0.000 -0.300 -0.861 0.812 0.000 -0.570 -0.125 0.443 0.000 -0.309 -0.842 0.659 0.000 -0.746 -0.096 0.978 0.000 0.053 0.200 0.625 0.000 -0.774 -0.099 0.982 0.000 0.043 0.186 
1.000 -0.020 0.015 0.003 0.811 0.000 -0.545 -0.213 0.410 0.000 -0.301 -0.861 0.812 0.000 -0.570 -0.125 0.443 0.000 -0.310 -0.841 0.659 0.000 -0.746 -0.096 0.978 0.000 0.052 0.200 0.625 0.000 -0.774 -0.099 0.981 0.000 0.043 0.190 
1.000 -0.020 0.015 0.003 0.811 0.000 -0.546 -0.212 0.411 0.000 -0.301 -0.861 0.812 0.000 -0.570 -0.125 0.443 -0.000 -0.310 -0.841 0.659 0.000 -0.746 -0.096 0.978 0.000 0.052 0.200 0.626 0.000 -0.774 -0.099 0.984 -0.000 0.042 0.174 
1.000 -0.020 0.015 0.003 0.810 0.000 -0.546 -0.212 0.411 0.000 -0.301 -0.860 0.811 0.000 -0.571 -0.126 0.442 0.000 -0.310 -0.842 0.659 -0.000 -0.746 -0.097 0.978 0.000 0.052 0.200 0.625 0.000 -0.774 -0.099 0.981 0.000 0.043 0.190 
1.000 -0.019 0.015 0.003 0.810 -0.000 -0.546 -0.212 0.411 -0.000 -0.301 -0.860 0.812 0.000 -0.571 -0.125 0.442 0.000 -0.311 -0.841 0.659 -0.000 -0.746 -0.097 0.978 0.000 0.052 0.200 0.626 0.000 -0.774 -0.100 0.981 0.000 0.042 0.187 
1.000 -0.019 0.015 0.003 0.810 -0.000 -0.547 -0.211 0.412 0.000 -0.301 -0.860 0.812 -0.000 -0.571 -0.125 0.441 0.000 -0.311 -0.842 0.659 0.000 -0.746 -0.097 0.978 0.000 0.052 0.200 0.622 0.000 -0.775 -0.107 0.981 0.000 0.046 0.186 
1.000 -0.019 0.015 0.004 0.810 0.000 -0.547 -0.211 0.412 0.000 -0.301 -0.860 0.811 0.000 -0.571 -0.125 0.441 -0.000 -0.310 -0.842 0.659 0.000 -0.746 -0.097 0.978 0.000 0.052 0.200 0.625 0.000 -0.774 -0.100 0.984 0.000 0.042 0.174 
1.000 -0.019 0.015 0.003 0.810 0.000 -0.548 -0.209 0.412 0.000 -0.302 -0.860 0.811 0.000 -0.571 -0.124 0.440 0.000 -0.309 -0.843 0.659 0.000 -0.746 -0.097 0.978 0.000 0.052 0.200 0.626 0.000 -0.774 -0.100 0.981 -0.000 0.042 0.190 
1.000 -0.019 0.015 0.003 0.810 0.000 -0.548 -0.209 0.412 0.000 -0.302 -0.860 0.811 -0.000 -0.572 -0.124 0.440 0.000 -0.309 -0.843 0.659 0.000 -0.746 -0.097 0.978 0.000 0.052 0.200 0.625 0.000 -0.774 -0.100 0.981 0.000 0.041 0.188 
1.000 -0.019 0.015 0.004 0.810 0.000 -0.548 -0.208 0.412 0.000 -0.301 -0.860 0.811 0.000 -0.572 -0.123 0.439 0.000 -0.309 -0.844 0.658 0.000 -0.746 -0.097 0.978 0.000 0.052 0.200 0.625 0.000 -0.774 -0.100 0.982 0.000 0.042 0.186 
1.000 -0.019 0.015 0.003 0.810 0.000 -0.549 -0.207 0.412 -0.000 -0.303 -0.859 0.811 0.000 -0.572 -0.122 0.438 0.000 -0.309 -0.844 0.658 -0.000 -0.746 -0.097 0.978 0.000 0.052 0.200 0.626 0.000 -0.774 -0.100 0.982 0.000 0.043 0.184 
1.000 -0.019 0.015 0.003 0.810 0.000 -0.549 -0.206 0.413 0.000 -0.302 -0.859 0.811 0.000 -0.573 -0.121 0.438 -0.000 -0.308 -0.845 0.659 0.000 -0.746 -0.097 0.978 0.000 0.052 0.200 0.625 0.000 -0.774 -0.100 0.982 0.000 0.043 0.185 
1.000 -0.019 0.015 0.003 0.810 0.000 -0.550 -0.204 0.413 0.000 -0.303 -0.859 0.811 0.000 -0.573 -0.119 0.437 0.000 -0.306 -0.846 0.658 0.000 -0.746 -0.097 0.978 0.000 0.052 0.200 0.626 0.000 -0.774 -0.100 0.981 0.000 0.043 0.190 
1.000 -0.019 0.015 0.003 0.810 0.000 -0.551 -0.203 0.413 0.000 -0.303 -0.859 0.810 0.000 -0.574 -0.118 0.437 0.000 -0.303 -0.847 0.659 -0.000 -0.746 -0.097 0.978 0.000 0.052 0.200 0.626 0.000 -0.774 -0.100 0.984 0.000 0.042 0.174 
1.000 -0.019 0.015 0.003 0.810 0.000 -0.551 -0.201 0.413 0.000 -0.303 -0.859 0.810 0.000 -0.575 -0.116 0.437 0.000 -0.301 -0.847 0.658 -0.000 -0.746 -0.097 0.978 0.000 0.052 0.200 0.626 -0.000 -0.774 -0.100 0.981 -0.000 0.043 0.189 
1.000 -0.019 0.015 0.004 0.809 0.000 -0.553 -0.199 0.413 0.000 -0.303 -0.859 0.809 0.000 -0.576 -0.114 0.438 -0.000 -0.297 -0.849 0.659 0.000 -0.746 -0.097 0.978 0.000 0.052 0.200 0.626 0.000 -0.774 -0.100 0.982 0.000 0.043 0.186 
1.000 -0.019 0.015 0.004 0.809 0.000 -0.554 -0.196 0.413 -0.000 -0.303 -0.859 0.809 0.000 -0.578 -0.111 0.438 0.000 -0.294 -0.850 0.659 0.000 -0.746 -0.097 0.978 0.000 0.052 0.200 0.626 0.000 -0.774 -0.100 0.983 0.000 0.043 0.177 
1.000 -0.019 0.015 0.004 0.809 0.000 -0.555 -0.193 0.414 0.000 -0.303 -0.858 0.808 0.000 -0.579 -0.108 0.439 -0.000 -0.289 -0.851 0.659 0.000 -0.746 -0.097 0.978 0.000 0.052 0.200 0.625 -0.000 -0.774 -0.100 0.984 0.000 0.043 0.174 
1.000 -0.019 0.015 0.004 0.809 -0.000 -0.556 -0.190 0.414 0.000 -0.304 -0.858 0.807 0.000 -0.582 -0.105 0.440 0.000 -0.285 -0.851 0.658 0.000 -0.746 -0.097 0.978 0.000 0.052 0.200 0.626 0.000 -0.774 -0.101 0.981 0.000 0.042 0.190 
1.000 -0.019 0.015 0.004 0.809 -0.000 -0.558 -0.185 0.415 0.000 -0.302 -0.858 0.806 0.000 -0.584 -0.100 0.442 -0.000 -0.281 -0.852 0.659 0.000 -0.746 -0.097 0.978 0.000 0.052 0.200 0.626 0.000 -0.774 -0.101 0.981 0.000 0.041 0.188 
1.000 -0.019 0.015 0.003 0.809 0.000 -0.559 -0.181 0.417 0.000 -0.301 -0.857 0.805 0.000 -0.586 -0.096 0.445 0.000 -0.276 -0.852 0.658 0.000 -0.746 -0.097 0.978 0.000 0.052 0.200 0.626 0.000 -0.774 -0.101 0.981 0.000 0.042 0.188 
1.000 -0.019 0.015 0.003 0.809 0.000 -0.561 -0.176 0.420 0.000 -0.299 -0.857 0.804 0.000 -0.588 -0.091 0.448 0.000 -0.270 -0.852 0.658 -0.000 -0.746 -0.097 0.978 0.000 0.052 0.200 0.626 -0.000 -0.774 -0.101 0.981 0.000 0.043 0.190 
1.000 -0.019 0.015 0.004 0.810 0.000 -0.562 -0.171 0.424 0.000 -0.298 -0.855 0.802 0.000 -0.591 -0.086 0.452 0.000 -0.266 -0.851 0.658 0.000 -0.746 -0.097 0.978 0.000 0.052 0.200 0.625 0.000 -0.774 -0.100 0.981 0.000 0.043 0.190 
1.000 -0.019 0.015 0.004 0.810 0.000 -0.563 -0.166 0.428 0.000 -0.295 -0.854 0.801 0.000 -0.593 -0.080 0.457 0.000 -0.263 -0.850 0.658 0.000 -0.746 -0.097 0.978 0.000 0.052 0.200 0.625 0.000 -0.774 -0.100 0.984 -0.000 0.043 0.174 
1.000 -0.019 0.015 0.004 0.810 -0.000 -0.564 -0.160 0.435 -0.000 -0.292 -0.852 0.800 0.000 -0.595 -0.074 0.461 0.000 -0.263 -0.847 0.659 0.000 -0.746 -0.096 0.978 0.000 0.052 0.200 0.626 0.000 -0.774 -0.100 0.981 0.000 0.043 0.190 
1.000 -0.020 0.015 0.004 0.810 0.000 -0.566 -0.155 0.441 0.000 -0.290 -0.850 0.799 0.000 -0.597 -0.068 0.468 -0.000 -0.254 -0.847 0.658 0.000 -0.747 -0.095 0.978 0.000 0.053 0.199 0.625 0.000 -0.774 -0.099 0.981 -0.000 0.043 0.187 
1.000 -0.020 0.015 0.004 0.810 -0.000 -0.567 -0.149 0.447 0.000 -0.288 -0.847 0.799 -0.000 -0.599 -0.063 0.473 -0.000 -0.255 -0.843 0.658 0.000 -0.747 -0.095 0.978 0.000 0.053 0.200 0.626 0.000 -0.774 -0.098 0.983 -0.000 0.043 0.177 
1.000 -0.021 0.015 0.004 0.810 -0.000 -0.569 -0.144 0.455 0.000 -0.286 -0.843 0.798 0.000 -0.600 -0.056 0.479 0.000 -0.253 -0.840 0.659 -0.000 -0.747 -0.094 0.978 0.000 0.053 0.199 0.626 -0.000 -0.774 -0.097 0.984 0.000 0.043 0.174 
1.000 -0.021 0.015 0.004 0.811 0.000 -0.569 -0.138 0.463 0.000 -0.284 -0.840 0.797 -0.000 -0.602 -0.050 0.486 0.000 -0.246 -0.839 0.658 -0.000 -0.747 -0.093 0.978 0.000 0.053 0.199 0.625 0.000 -0.774 -0.096 0.981 0.000 0.044 0.189 
1.000 -0.022 0.015 0.004 0.810 0.000 -0.572 -0.132 0.471 0.000 -0.281 -0.836 0.797 0.000 -0.603 -0.043 0.492 0.000 -0.250 -0.834 0.659 0.000 -0.747 -0.093 0.978 0.000 0.053 0.200 0.626 0.000 -0.774 -0.096 0.981 0.000 0.042 0.188 
1.000 -0.022 0.015 0.004 0.810 0.000 -0.573 -0.125 0.480 0.000 -0.281 -0.831 0.796 0.000 -0.604 -0.037 0.499 0.000 -0.248 -0.831 0.659 0.000 -0.747 -0.092 0.979 0.000 0.053 0.199 0.626 0.000 -0.774 -0.095 0.981 0.000 0.043 0.188 
1.000 -0.022 0.015 0.004 0.810 -0.000 -0.575 -0.119 0.489 -0.000 -0.281 -0.826 0.795 0.000 -0.605 -0.030 0.505 0.000 -0.248 -0.827 0.659 0.000 -0.747 -0.091 0.978 0.000 0.054 0.199 0.625 -0.000 -0.775 -0.094 0.981 0.000 0.044 0.189 
1.000 -0.023 0.015 0.004 0.809 0.000 -0.577 -0.111 0.498 0.000 -0.282 -0.820 0.795 0.000 -0.606 -0.023 0.512 0.000 -0.249 -0.822 0.659 0.000 -0.747 -0.090 0.978 0.000 0.054 0.199 0.626 0.000 -0.775 -0.094 0.981 0.000 0.044 0.189 
1.000 -0.023 0.015 0.004 0.810 0.000 -0.578 -0.105 0.507 0.000 -0.283 -0.814 0.795 -0.000 -0.607 -0.016 0.519 0.000 -0.251 -0.817 0.659 0.000 -0.747 -0.089 0.978 0.000 0.054 0.199 0.625 0.000 -0.775 -0.093 0.984 0.000 0.044 0.174 
1.000 -0.024 0.015 0.004 0.810 0.000 -0.579 -0.098 0.516 0.000 -0.285 -0.808 0.795 0.000 -0.607 -0.008 0.526 0.000 -0.254 -0.812 0.659 0.000 -0.747 -0.089 0.979 0.000 0.054 0.199 0.625 -0.000 -0.775 -0.092 0.981 0.000 0.045 0.189 
1.000 -0.024 0.015 0.004 0.810 0.000 -0.579 -0.092 0.525 -0.000 -0.288 -0.801 0.795 0.000 -0.607 -0.001 0.533 0.000 -0.258 -0.806 0.659 -0.000 -0.747 -0.088 0.978 0.000 0.054 0.199 0.625 -0.000 -0.775 -0.091 0.981 0.000 0.045 0.186 
1.000 -0.024 0.015 0.004 0.811 -0.000 -0.579 -0.085 0.533 0.000 -0.293 -0.794 0.795 0.000 -0.607 0.006 0.539 0.000 -0.263 -0.800 0.659 0.000 -0.747 -0.088 0.978 0.000 0.054 0.199 0.626 0.000 -0.775 -0.091 0.983 -0.000 0.044 0.177 
1.000 -0.024 0.015 0.004 0.811 0.000 -0.580 -0.080 0.541 0.000 -0.298 -0.786 0.795 0.000 -0.606 0.013 0.546 0.000 -0.269 -0.794 0.658 0.000 -0.748 -0.088 0.978 0.000 0.055 0.199 0.626 0.000 -0.775 -0.091 0.984 0.000 0.044 0.174 
1.000 -0.025 0.015 0.004 0.812 0.000 -0.579 -0.074 0.549 0.000 -0.302 -0.779 0.795 0.000 -0.606 0.019 0.552 0.000 -0.274 -0.787 0.658 0.000 -0.748 -0.087 0.978 0.000 0.055 0.200 0.626 0.000 -0.775 -0.090 0.981 0.000 0.046 0.189 
1.000 -0.025 0.015 0.004 0.812 0.000 -0.580 -0.068 0.556 0.000 -0.307 -0.772 0.796 0.000 -0.605 0.025 0.559 0.000 -0.282 -0.780 0.659 0.000 -0.747 -0.087 0.978 -0.000 0.054 0.200 0.625 0.000 -0.775 -0.090 0.981 0.000 0.044 0.187 
1.000 -0.025 0.015 0.004 0.813 -0.000 -0.579 -0.063 0.563 -0.000 -0.316 -0.764 0.797 0.000 -0.603 0.030 0.565 0.000 -0.289 -0.773 0.658 0.000 -0.748 -0.087 0.978 0.000 0.055 0.200 0.626 0.000 -0.775 -0.089 0.982 0.000 0.044 0.186 
1.000 -0.025 0.015 0.004 0.814 -0.000 -0.579 -0.057 0.569 0.000 -0.323 -0.756 0.798 0.000 -0.602 0.036 0.571 0.000 -0.297 -0.765 0.659 0.000 -0.748 -0.087 0.978 -0.000 0.055 0.200 0.625 0.000 -0.775 -0.089 0.982 0.000 0.045 0.185 
1.000 -0.025 0.015 0.004 0.814 0.000 -0.578 -0.052 0.576 0.000 -0.330 -0.748 0.798 0.000 -0.601 0.041 0.578 0.000 -0.304 -0.757 0.658 0.000 -0.748 -0.086 0.978 0.000 0.055 0.200 0.625 0.000 -0.775 -0.088 0.981 -0.000 0.046 0.186 
1.000 -0.026 0.015 0.004 0.815 0.000 -0.578 -0.047 0.582 -0.000 -0.339 -0.740 0.799 0.000 -0.600 0.044 0.585 0.000 -0.312 -0.749 0.659 0.000 -0.748 -0.086 0.978 0.000 0.055 0.200 0.626 0.000 -0.775 -0.088 0.981 0.000 0.046 0.189 
1.000 -0.026 0.015 0.004 0.815 0.000 -0.577 -0.043 0.587 0.000 -0.347 -0.732 0.800 0.000 -0.598 0.049 0.591 0.000 -0.321 -0.740 0.658 0.000 -0.748 -0.086 0.978 0.000 0.055 0.200 0.626 0.000 -0.775 -0.088 0.984 0.000 0.045 0.174 
1.000 -0.026 0.015 0.004 0.816 0.000 -0.577 -0.038 0.591 0.000 -0.355 -0.724 0.801 0.000 -0.596 0.052 0.597 -0.000 -0.330 -0.731 0.658 0.000 -0.748 -0.085 0.978 0.000 0.055 0.199 0.626 -0.000 -0.775 -0.088 0.981 0.000 0.046 0.189 
1.000 -0.026 0.015 0.004 0.816 0.000 -0.576 -0.034 0.595 0.000 -0.363 -0.717 0.802 0.000 -0.595 0.056 0.602 0.000 -0.338 -0.723 0.658 0.000 -0.748 -0.085 0.978 0.000 0.055 0.199 0.626 0.000 -0.775 -0.088 0.981 -0.000 0.046 0.186 
1.000 -0.026 0.015 0.004 0.817 0.000 -0.575 -0.031 0.599 0.000 -0.371 -0.710 0.803 0.000 -0.594 0.060 0.607 0.000 -0.346 -0.715 0.658 0.000 -0.748 -0.085 0.978 0.000 0.055 0.199 0.626 0.000 -0.775 -0.088 0.983 0.000 0.045 0.177 
1.000 -0.026 0.015 0.004 0.818 0.000 -0.575 -0.027 0.602 0.000 -0.380 -0.703 0.803 0.000 -0.593 0.063 0.611 -0.000 -0.352 -0.709 0.658 -0.000 -0.748 -0.085 0.978 0.000 0.055 0.200 0.626 0.000 -0.775 -0.088 0.984 0.000 0.045 0.174 
1.000 -0.025 0.015 0.005 0.818 0.000 -0.575 -0.023 0.604 0.000 -0.388 -0.696 0.804 0.000 -0.592 0.066 0.616 0.000 -0.359 -0.701 0.658 0.000 -0.748 -0.085 0.978 0.000 0.055 0.200 0.626 0.000 -0.775 -0.088 0.981 0.000 0.045 0.189 
1.000 -0.025 0.015 0.005 0.819 0.000 -0.574 -0.021 0.606 -0.000 -0.395 -0.690 0.804 0.000 -0.591 0.069 0.619 0.000 -0.366 -0.695 0.658 0.000 -0.748 -0.085 0.978 0.000 0.055 0.199 0.626 0.000 -0.775 -0.088 0.981 0.000 0.044 0.188 
1.000 -0.025 0.015 0.005 0.819 0.000 -0.573 -0.018 0.608 0.000 -0.403 -0.684 0.804 0.000 -0.590 0.072 0.622 0.000 -0.373 -0.688 0.658 0.000 -0.748 -0.086 0.978 0.000 0.055 0.200 0.626 0.000 -0.775 -0.089 0.981 -0.000 0.045 0.186 
1.000 -0.025 0.015 0.005 0.820 0.000 -0.573 -0.015 0.609 0.000 -0.410 -0.679 0.804 0.000 -0.590 0.074 0.626 0.000 -0.379 -0.682 0.658 0.000 -0.748 -0.086 0.978 0.000 0.055 0.200 0.626 0.000 -0.775 -0.089 0.981 0.000 0.046 0.186 
1.000 -0.024 0.015 0.006 0.820 0.000 -0.572 -0.011 0.611 0.000 -0.417 -0.673 0.804 -0.000 -0.589 0.076 0.629 0.000 -0.385 -0.675 0.659 0.000 -0.748 -0.086 0.978 0.000 0.055 0.200 0.625 0.000 -0.775 -0.090 0.981 -0.000 0.046 0.190 
1.000 -0.024 0.015 0.006 0.820 -0.000 -0.572 -0.009 0.612 0.000 -0.423 -0.668 0.805 0.000 -0.589 0.078 0.631 0.000 -0.391 -0.670 0.658 0.000 -0.748 -0.086 0.978 0.000 0.055 0.200 0.625 0.000 -0.775 -0.090 0.984 -0.000 0.045 0.174 
1.000 -0.024 0.015 0.006 0.821 -0.000 -0.572 -0.007 0.613 0.000 -0.429 -0.663 0.805 0.000 -0.588 0.080 0.634 0.000 -0.397 -0.664 0.658 0.000 -0.748 -0.087 0.978 0.000 0.055 0.200 0.625 0.000 -0.775 -0.090 0.981 0.000 0.046 0.190 
1.000 -0.024 0.015 0.006 0.821 0.000 -0.571 -0.005 0.614 0.000 -0.435 -0.659 0.805 0.000 -0.588 0.082 0.636 0.000 -0.403 -0.659 0.658 0.000 -0.748 -0.087 0.978 0.000 0.055 0.200 0.625 -0.000 -0.775 -0.091 0.981 0.000 0.046 0.186 
1.000 -0.024 0.015 0.006 0.821 0.000 -0.571 -0.003 0.615 0.000 -0.440 -0.655 0.805 0.000 -0.587 0.082 0.637 0.000 -0.407 -0.654 0.658 0.000 -0.748 -0.087 0.978 0.000 0.055 0.200 0.625 0.000 -0.775 -0.091 0.983 0.000 0.045 0.177 
1.000 -0.023 0.015 0.007 0.821 0.000 -0.571 -0.002 0.616 -0.000 -0.445 -0.651 0.805 0.000 -0.587 0.083 0.639 0.000 -0.413 -0.648 0.658 0.000 -0.748 -0.087 0.978 0.000 0.055 0.200 0.625 -0.000 -0.775 -0.091 0.984 0.000 0.045 0.174 
1.000 -0.023 0.015 0.007 0.821 0.000 -0.571 -0.000 0.616 0.000 -0.449 -0.647 0.805 -0.000 -0.587 0.084 0.641 -0.000 -0.418 -0.644 0.658 -0.000 -0.748 -0.087 0.978 0.000 0.054 0.200 0.625 0.000 -0.775 -0.092 0.981 0.000 0.045 0.190 
1.000 -0.023 0.015 0.007 0.821 -0.000 -0.571 0.001 0.617 -0.000 -0.453 -0.643 0.805 0.000 -0.587 0.084 0.642 0.000 -0.423 -0.639 0.659 0.000 -0.747 -0.087 0.978 0.000 0.054 0.200 0.626 0.000 -0.775 -0.091 0.981 0.000 0.043 0.188 
1.000 -0.023 0.015 0.007 0.821 0.000 -0.570 0.002 0.617 0.000 -0.457 -0.641 0.805 0.000 -0.588 0.085 0.644 0.000 -0.426 -0.635 0.659 0.000 -0.747 -0.088 0.978 0.000 0.054 0.200 0.625 -0.000 -0.775 -0.092 0.982 0.000 0.045 0.185 
1.000 -0.022 0.015 0.007 0.821 0.000 -0.571 0.003 0.618 0.000 -0.460 -0.638 0.805 0.000 -0.587 0.085 0.645 -0.000 -0.429 -0.633 0.659 0.000 -0.747 -0.089 0.978 -0.000 0.054 0.200 0.626 0.000 -0.775 -0.093 0.982 -0.000 0.045 0.185 
1.000 -0.022 0.015 0.007 0.822 0.000 -0.570 0.002 0.619 0.000 -0.463 -0.635 0.805 0.000 -0.588 0.086 0.646 0.000 -0.431 -0.630 0.659 0.000 -0.747 -0.088 0.978 -0.000 0.054 0.200 0.625 -0.000 -0.775 -0.092 0.981 0.000 0.045 0.189 
1.000 -0.022 0.015 0.007 0.822 0.000 -0.570 0.002 0.620 0.000 -0.464 -0.633 0.804 0.000 -0.588 0.086 0.647 -0.000 -0.432 -0.628 0.659 0.000 -0.747 -0.089 0.978 -0.000 0.054 0.200 0.625 0.000 -0.775 -0.093 0.984 0.000 0.044 0.174 
1.000 -0.022 0.015 0.007 0.822 0.000 -0.570 0.002 0.620 0.000 -0.465 -0.631 0.803 0.000 -0.589 0.087 0.648 0.000 -0.433 -0.627 0.659 0.000 -0.747 -0.089 0.978 0.000 0.054 0.200 0.625 -0.000 -0.775 -0.093 0.981 0.000 0.045 0.189 
1.000 -0.022 0.015 0.007 0.822 -0.000 -0.570 0.002 0.621 -0.000 -0.466 -0.630 0.803 0.000 -0.590 0.088 0.648 0.000 -0.432 -0.627 0.659 0.000 -0.747 -0.090 0.978 0.000 0.054 0.200 0.625 0.000 -0.775 -0.093 0.982 -0.000 0.045 0.186 
1.000 -0.022 0.015 0.006 0.822 0.000 -0.570 0.001 0.621 0.000 -0.467 -0.630 0.802 0.000 -0.590 0.089 0.649 0.000 -0.435 -0.624 0.659 0.000 -0.747 -0.090 0.978 0.000 0.054 0.200 0.626 0.000 -0.775 -0.094 0.983 0.000 0.044 0.177 
1.000 -0.021 0.015 0.006 0.822 0.000 -0.570 0.001 0.622 -0.000 -0.468 -0.628 0.802 0.000 -0.591 0.089 0.648 0.000 -0.435 -0.625 0.659 -0.000 -0.747 -0.091 0.978 0.000 0.054 0.200 0.625 -0.000 -0.775 -0.094 0.984 -0.000 0.044 0.174 
1.000 -0.021 0.015 0.006 0.822 0.000 -0.570 0.000 0.622 0.000 -0.468 -0.628 0.802 0.000 -0.591 0.090 0.648 0.000 -0.435 -0.625 0.659 0.000 -0.747 -0.091 0.978 0.000 0.053 0.200 0.626 0.000 -0.774 -0.094 0.981 0.000 0.044 0.189 
1.000 -0.021 0.015 0.006 0.822 0.000 -0.570 -0.000 0.622 -0.000 -0.468 -0.628 0.802 -0.000 -0.591 0.089 0.647 0.000 -0.432 -0.628 0.658 0.000 -0.747 -0.092 0.978 0.000 0.053 0.200 0.625 -0.000 -0.774 -0.095 0.981 -0.000 0.043 0.188 
1.000 -0.021 0.015 0.006 0.822 0.000 -0.570 -0.001 0.622 0.000 -0.468 -0.628 0.801 0.000 -0.592 0.089 0.647 0.000 -0.436 -0.625 0.659 0.000 -0.747 -0.092 0.978 0.000 0.053 0.200 0.625 0.000 -0.774 -0.095 0.981 0.000 0.043 0.189 
1.000 -0.021 0.015 0.006 0.822 -0.000 -0.569 -0.002 0.622 0.000 -0.469 -0.628 0.801 0.000 -0.592 0.089 0.647 0.000 -0.437 -0.625 0.659 -0.000 -0.747 -0.092 0.978 0.000 0.053 0.200 0.625 0.000 -0.774 -0.095 0.981 -0.000 0.044 0.190 
1.000 -0.020 0.015 0.005 0.822 0.000 -0.570 -0.002 0.621 0.000 -0.470 -0.626 0.801 0.000 -0.592 0.088 0.647 -0.000 -0.437 -0.625 0.659 0.000 -0.747 -0.093 0.978 -0.000 0.053 0.200 0.625 0.000 -0.774 -0.096 0.981 0.000 0.044 0.190 
1.000 -0.020 0.015 0.005 0.822 0.000 -0.570 -0.003 0.622 0.000 -0.471 -0.626 0.802 0.000 -0.591 0.087 0.647 0.000 -0.438 -0.624 0.659 0.000 -0.747 -0.093 0.978 0.000 0.053 0.200 0.626 0.000 -0.774 -0.097 0.984 -0.000 0.043 0.174 
1.000 -0.020 0.015 0.005 0.822 0.000 -0.570 -0.004 0.622 0.000 -0.471 -0.626 0.802 0.000 -0.591 0.085 0.647 0.000 -0.440 -0.623 0.659 0.000 -0.747 -0.094 0.978 0.000 0.053 0.200 0.626 0.000 -0.774 -0.097 0.981 0.000 0.044 0.189 
1.000 -0.019 0.015 0.005 0.822 -0.000 -0.569 -0.005 0.622 0.000 -0.471 -0.625 0.803 0.000 -0.591 0.083 0.647 0.000 -0.441 -0.622 0.659 0.000 -0.746 -0.094 0.978 0.000 0.052 0.200 0.625 -0.000 -0.774 -0.097 0.981 0.000 0.044 0.191 
1.000 -0.019 0.015 0.004 0.822 -0.000 -0.569 -0.006 0.622 0.000 -0.472 -0.625 0.803 0.000 -0.590 0.082 0.647 0.000 -0.443 -0.621 0.659 -0.000 -0.746 -0.094 0.978 0.000 0.052 0.200 0.626 0.000 -0.774 -0.097 0.982 0.000 0.044 0.186 
1.000 -0.019 0.015 0.004 0.822 0.000 -0.569 -0.008 0.622 0.000 -0.473 -0.624 0.803 0.000 -0.590 0.081 0.646 0.000 -0.445 -0.620 0.659 0.000 -0.746 -0.095 0.978 0.000 0.053 0.200 0.626 0.000 -0.774 -0.098 0.983 0.000 0.043 0.177 
1.000 -0.019 0.015 0.004 0.823 0.000 -0.569 -0.009 0.622 0.000 -0.474 -0.623 0.804 0.000 -0.589 0.079 0.646 0.000 -0.447 -0.619 0.659 -0.000 -0.746 -0.095 0.978 0.000 0.052 0.200 0.626 0.000 -0.774 -0.098 0.984 -0.000 0.043 0.171 
1.000 -0.018 0.015 0.004 0.823 0.000 -0.568 -0.011 0.622 0.000 -0.475 -0.622 0.805 0.000 -0.589 0.076 0.646 0.000 -0.449 -0.618 0.659 0.000 -0.746 -0.095 0.978 0.000 0.052 0.200 0.626 -0.000 -0.774 -0.098 0.984 0.000 0.043 0.174 
1.000 -0.018 0.015 0.004 0.823 -0.000 -0.568 -0.013 0.623 0.000 -0.476 -0.621 0.805 0.000 -0.588 0.075 0.645 0.000 -0.452 -0.616 0.659 0.000 -0.746 -0.096 0.978 -0.000 0.052 0.200 0.626 0.000 -0.774 -0.099 0.981 0.000 0.044 0.189 
1.000 -0.018 0.015 0.004 0.823 -0.000 -0.568 -0.015 0.623 0.000 -0.477 -0.620 0.805 0.000 -0.588 0.073 0.645 -0.000 -0.454 -0.614 0.659 -0.000 -0.746 -0.096 0.978 0.000 0.052 0.200 0.626 0.000 -0.774 -0.099 0.981 0.000 0.042 0.188 
1.000 -0.018 0.015 0.004 0.823 0.000 -0.568 -0.016 0.623 0.000 -0.478 -0.619 0.806 -0.000 -0.588 0.071 0.645 0.000 -0.455 -0.613 0.659 0.000 -0.746 -0.097 0.978 0.000 0.052 0.200 0.626 0.000 -0.774 -0.100 0.982 0.000 0.042 0.185 
1.000 -0.017 0.015 0.004 0.823 0.000 -0.567 -0.018 0.623 0.000 -0.480 -0.618 0.806 0.000 -0.588 0.069 0.645 0.000 -0.457 -0.612 0.659 0.000 -0.746 -0.097 0.978 0.000 0.051 0.200 0.626 0.000 -0.774 -0.100 0.982 0.000 0.043 0.185 
1.000 -0.017 0.015 0.004 0.823 0.000 -0.567 -0.020 0.623 -0.000 -0.481 -0.617 0.806 -0.000 -0.587 0.067 0.645 0.000 -0.459 -0.611 0.658 0.000 -0.746 -0.098 0.978 0.000 0.052 0.201 0.626 0.000 -0.774 -0.101 0.981 -0.000 0.043 0.190 
1.000 -0.017 0.015 0.005 0.823 0.000 -0.567 -0.021 0.623 0.000 -0.482 -0.616 0.807 0.000 -0.587 0.065 0.645 0.000 -0.461 -0.609 0.659 -0.000 -0.746 -0.099 0.978 0.000 0.051 0.201 0.626 0.000 -0.773 -0.102 0.984 0.000 0.042 0.174 
1.000 -0.016 0.015 0.005 0.823 0.000 -0.567 -0.023 0.623 0.000 -0.483 -0.615 0.807 0.000 -0.587 0.062 0.645 -0.000 -0.462 -0.608 0.659 -0.000 -0.746 -0.099 0.978 0.000 0.051 0.201 0.626 0.000 -0.773 -0.103 0.981 0.000 0.043 0.190 
1.000 -0.016 0.015 0.005 0.823 0.000 -0.567 -0.024 0.623 0.000 -0.485 -0.614 0.807 0.000 -0.587 0.060 0.645 0.000 -0.464 -0.607 0.659 0.000 -0.746 -0.100 0.978 -0.000 0.051 0.201 0.626 0.000 -0.773 -0.103 0.981 0.000 0.043 0.189 
1.000 -0.016 0.015 0.005 0.823 0.000 -0.567 -0.025 0.623 0.000 -0.486 -0.613 0.808 0.000 -0.587 0.058 0.645 -0.000 -0.465 -0.606 0.658 0.000 -0.746 -0.100 0.978 0.000 0.051 0.201 0.626 0.000 -0.773 -0.104 0.982 -0.000 0.042 0.182 
1.000 -0.015 0.015 0.005 0.823 0.000 -0.568 -0.026 0.623 -0.000 -0.487 -0.611 0.808 0.000 -0.587 0.056 0.645 0.000 -0.467 -0.605 0.659 0.000 -0.746 -0.101 0.978 0.000 0.051 0.201 0.626 0.000 -0.773 -0.104 0.984 0.000 0.042 0.174 
1.000 -0.015 0.015 0.005 0.823 0.000 -0.567 -0.028 0.624 0.000 -0.489 -0.610 0.808 0.000 -0.587 0.053 0.645 -0.000 -0.467 -0.604 0.659 0.000 -0.746 -0.101 0.978 0.000 0.051 0.201 0.626 0.000 -0.773 -0.105 0.984 0.000 0.041 0.174 
1.000 -0.015 0.015 0.005 0.823 -0.000 -0.567 -0.029 0.624 0.000 -0.489 -0.609 0.808 0.000 -0.587 0.052 0.645 0.000 -0.468 -0.604 0.658 0.000 -0.746 -0.101 0.978 -0.000 0.051 0.201 0.626 -0.000 -0.773 -0.105 0.981 0.000 0.042 0.190 
1.000 -0.015 0.015 0.005 0.823 0.000 -0.568 -0.030 0.624 -0.000 -0.491 -0.608 0.808 0.000 -0.587 0.050 0.646 0.000 -0.469 -0.603 0.658 0.000 -0.746 -0.102 0.978 0.000 0.051 0.201 0.626 0.000 -0.773 -0.105 0.981 0.000 0.040 0.188 
1.000 -0.014 0.015 0.006 0.823 0.000 -0.568 -0.031 0.625 0.000 -0.492 -0.607 0.808 0.000 -0.587 0.049 0.645 0.000 -0.469 -0.603 0.659 -0.000 -0.745 -0.102 0.978 -0.000 0.050 0.201 0.626 0.000 -0.773 -0.106 0.982 0.000 0.041 0.186 
1.000 -0.014 0.015 0.006 0.822 -0.000 -0.568 -0.031 0.625 0.000 -0.492 -0.606 0.808 -0.000 -0.587 0.047 0.646 0.000 -0.469 -0.603 0.659 0.000 -0.745 -0.102 0.978 0.000 0.050 0.201 0.626 0.000 -0.773 -0.106 0.982 0.000 0.042 0.186 
1.000 -0.014 0.015 0.006 0.822 0.000 -0.568 -0.032 0.625 0.000 -0.492 -0.606 0.808 0.000 -0.587 0.046 0.646 -0.000 -0.469 -0.603 0.659 0.000 -0.745 -0.102 0.978 0.000 0.050 0.201 0.626 -0.000 -0.773 -0.106 0.981 0.000 0.041 0.190 
1.000 -0.014 0.015 0.006 0.822 0.000 -0.569 -0.032 0.626 0.000 -0.492 -0.605 0.808 0.000 -0.587 0.045 0.646 0.000 -0.468 -0.604 0.659 0.000 -0.745 -0.103 0.978 -0.000 0.050 0.201 0.626 -0.000 -0.773 -0.106 0.984 0.000 0.041 0.174 
1.000 -0.014 0.015 0.006 0.821 0.000 -0.570 -0.032 0.626 -0.000 -0.492 -0.605 0.808 0.000 -0.587 0.045 0.646 -0.000 -0.467 -0.605 0.659 0.000 -0.745 -0.103 0.978 0.000 0.050 0.201 0.626 0.000 -0.773 -0.106 0.981 -0.000 0.041 0.189 
1.000 -0.014 0.015 0.006 0.821 -0.000 -0.570 -0.031 0.626 0.000 -0.491 -0.606 0.808 0.000 -0.587 0.044 0.645 0.000 -0.466 -0.605 0.659 0.000 -0.745 -0.103 0.978 0.000 0.050 0.201 0.626 0.000 -0.773 -0.106 0.982 0.000 0.041 0.186 
1.000 -0.014 0.015 0.006 0.821 0.000 -0.570 -0.032 0.627 0.000 -0.491 -0.605 0.809 -0.000 -0.587 0.044 0.645 0.000 -0.466 -0.606 0.659 0.000 -0.745 -0.103 0.978 0.000 0.050 0.200 0.626 0.000 -0.773 -0.106 0.983 -0.000 0.041 0.177 
1.000 -0.014 0.015 0.006 0.821 0.000 -0.571 -0.031 0.627 0.000 -0.491 -0.605 0.809 0.000 -0.586 0.044 0.645 -0.000 -0.465 -0.606 0.659 0.000 -0.745 -0.103 0.978 0.000 0.050 0.200 0.626 -0.000 -0.773 -0.107 0.984 0.000 0.041 0.174 
1.000 -0.013 0.015 0.006 0.820 0.000 -0.571 -0.031 0.627 0.000 -0.491 -0.605 0.809 -0.000 -0.586 0.044 0.645 0.000 -0.465 -0.607 0.658 -0.000 -0.746 -0.103 0.978 0.000 0.050 0.200 0.626 0.000 -0.773 -0.106 0.981 0.000 0.041 0.190 
1.000 -0.013 0.015 0.005 0.820 0.000 -0.571 -0.031 0.627 -0.000 -0.491 -0.605 0.809 -0.000 -0.586 0.044 0.644 0.000 -0.465 -0.607 0.659 0.000 -0.745 -0.103 0.978 0.000 0.050 0.200 0.626 0.000 -0.772 -0.107 0.981 0.000 0.039 0.188 
1.000 -0.013 0.015 0.005 0.820 -0.000 -0.571 -0.031 0.627 -0.000 -0.491 -0.605 0.809 0.000 -0.586 0.044 0.644 0.000 -0.465 -0.607 0.658 0.000 -0.746 -0.103 0.979 0.000 0.051 0.200 0.626 0.000 -0.773 -0.107 0.982 -0.000 0.041 0.186 
1.000 -0.013 0.015 0.005 0.820 -0.000 -0.571 -0.031 0.628 0.000 -0.491 -0.604 0.809 0.000 -0.586 0.043 0.644 0.000 -0.465 -0.608 0.659 0.000 -0.745 -0.103 0.978 0.000 0.050 0.200 0.626 0.000 -0.773 -0.107 0.982 -0.000 0.042 0.185 
1.000 -0.013 0.015 0.005 0.820 0.000 -0.571 -0.031 0.628 0.000 -0.492 -0.603 0.810 0.000 -0.585 0.043 0.643 0.000 -0.465 -0.608 0.659 0.000 -0.745 -0.103 0.979 0.000 0.050 0.200 0.626 0.000 -0.773 -0.107 0.981 0.000 0.041 0.189 
1.000 -0.013 0.014 0.005 0.820 0.000 -0.571 -0.030 0.628 0.000 -0.492 -0.603 0.809 0.000 -0.586 0.043 0.643 0.000 -0.465 -0.608 0.659 0.000 -0.745 -0.103 0.979 0.000 0.050 0.200 0.626 -0.000 -0.773 -0.107 0.984 -0.000 0.041 0.174 
1.000 -0.013 0.014 0.005 0.820 0.000 -0.572 -0.030 0.628 0.000 -0.492 -0.603 0.809 -0.000 -0.586 0.042 0.643 0.000 -0.465 -0.608 0.659 0.000 -0.745 -0.103 0.979 0.000 0.050 0.200 0.626 0.000 -0.773 -0.106 0.981 0.000 0.041 0.189 
1.000 -0.013 0.015 0.005 0.820 0.000 -0.572 -0.030 0.628 0.000 -0.492 -0.603 0.809 0.000 -0.586 0.042 0.643 0.000 -0.465 -0.608 0.659 0.000 -0.745 -0.102 0.979 0.000 0.050 0.199 0.626 0.000 -0.773 -0.106 0.982 0.000 0.041 0.186 
1.000 -0.013 0.014 0.005 0.819 0.000 -0.572 -0.030 0.628 -0.000 -0.492 -0.603 0.809 0.000 -0.586 0.042 0.643 -0.000 -0.465 -0.609 0.659 0.000 -0.746 -0.103 0.979 0.000 0.050 0.200 0.626 0.000 -0.773 -0.106 0.983 -0.000 0.041 0.176 
1.000 -0.013 0.014 0.005 0.819 -0.000 -0.573 -0.030 0.628 0.000 -0.492 -0.603 0.809 -0.000 -0.586 0.041 0.644 0.000 -0.464 -0.609 0.658 0.000 -0.746 -0.103 0.979 0.000 0.050 0.200 0.626 0.000 -0.773 -0.106 0.984 -0.000 0.041 0.173 
1.000 -0.013 0.014 0.005 0.819 0.000 -0.573 -0.029 0.628 0.000 -0.492 -0.603 0.809 0.000 -0.587 0.041 0.644 0.000 -0.463 -0.609 0.659 0.000 -0.745 -0.102 0.979 -0.000 0.050 0.199 0.626 0.000 -0.773 -0.106 0.981 0.000 0.042 0.189 
1.000 -0.013 0.014 0.004 0.819 0.000 -0.573 -0.029 0.628 -0.000 -0.492 -0.602 0.808 0.000 -0.587 0.041 0.644 0.000 -0.463 -0.609 0.659 0.000 -0.745 -0.103 0.979 0.000 0.050 0.200 0.626 0.000 -0.773 -0.106 0.982 0.000 0.040 0.187 
1.000 -0.013 0.014 0.004 0.818 0.000 -0.574 -0.029 0.629 0.000 -0.492 -0.602 0.808 -0.000 -0.588 0.042 0.644 0.000 -0.462 -0.610 0.659 0.000 -0.745 -0.103 0.979 0.000 0.050 0.200 0.626 0.000 -0.773 -0.106 0.982 0.000 0.041 0.185 
1.000 -0.013 0.014 0.004 0.817 0.000 -0.576 -0.028 0.628 -0.000 -0.491 -0.603 0.808 -0.000 -0.588 0.042 0.644 0.000 -0.462 -0.610 0.658 0.000 -0.746 -0.103 0.979 0.000 0.051 0.200 0.626 0.000 -0.773 -0.106 0.982 0.000 0.042 0.184 
1.000 -0.013 0.014 0.004 0.817 0.000 -0.576 -0.028 0.629 0.000 -0.491 -0.603 0.808 0.000 -0.588 0.042 0.644 0.000 -0.462 -0.610 0.659 0.000 -0.745 -0.103 0.979 0.000 0.050 0.200 0.626 0.000 -0.773 -0.106 0.981 0.000 0.042 0.188 
1.000 -0.013 0.014 0.004 0.817 0.000 -0.576 -0.029 0.630 0.000 -0.492 -0.601 0.807 -0.000 -0.589 0.042 0.645 0.000 -0.460 -0.610 0.659 -0.000 -0.746 -0.103 0.979 0.000 0.051 0.199 0.626 -0.000 -0.773 -0.106 0.984 0.000 0.041 0.173 
1.000 -0.013 0.014 0.004 0.816 0.000 -0.578 -0.027 0.630 0.000 -0.490 -0.602 0.806 0.000 -0.590 0.042 0.646 -0.000 -0.458 -0.611 0.659 -0.000 -0.745 -0.103 0.979 -0.000 0.050 0.200 0.626 0.000 -0.773 -0.106 0.981 0.000 0.041 0.188 
1.000 -0.013 0.014 0.004 0.816 0.000 -0.578 -0.027 0.631 0.000 -0.490 -0.602 0.806 0.000 -0.591 0.043 0.646 0.000 -0.455 -0.612 0.659 0.000 -0.745 -0.103 0.979 0.000 0.050 0.200 0.626 0.000 -0.773 -0.106 0.982 0.000 0.041 0.185 
1.000 -0.013 0.014 0.004 0.815 0.000 -0.578 -0.027 0.632 0.000 -0.489 -0.602 0.805 0.000 -0.592 0.044 0.646 0.000 -0.450 -0.617 0.659 0.000 -0.745 -0.103 0.979 0.000 0.050 0.200 0.626 -0.000 -0.773 -0.106 0.984 -0.000 0.041 0.176 
1.000 -0.013 0.014 0.004 0.814 0.000 -0.580 -0.024 0.632 0.000 -0.487 -0.603 0.804 0.000 -0.593 0.045 0.647 0.000 -0.445 -0.619 0.659 0.000 -0.745 -0.103 0.979 0.000 0.050 0.200 0.626 -0.000 -0.773 -0.106 0.984 -0.000 0.041 0.173 
1.000 -0.013 0.014 0.004 0.814 0.000 -0.581 -0.023 0.632 0.000 -0.486 -0.604 0.803 0.000 -0.594 0.046 0.648 0.000 -0.442 -0.621 0.659 0.000 -0.745 -0.103 0.979 0.000 0.050 0.199 0.626 -0.000 -0.773 -0.106 0.981 -0.000 0.041 0.188 
1.000 -0.012 0.014 0.004 0.814 0.000 -0.581 -0.021 0.633 0.000 -0.485 -0.604 0.803 0.000 -0.595 0.047 0.648 0.000 -0.438 -0.623 0.659 0.000 -0.745 -0.103 0.979 -0.000 0.050 0.200 0.626 0.000 -0.773 -0.106 0.982 -0.000 0.040 0.187 
1.000 -0.012 0.014 0.004 0.813 0.000 -0.582 -0.019 0.634 -0.000 -0.483 -0.605 0.802 0.000 -0.596 0.049 0.649 0.000 -0.433 -0.625 0.659 0.000 -0.745 -0.103 0.979 0.000 0.050 0.199 0.626 0.000 -0.773 -0.106 0.982 0.000 0.041 0.184 
1.000 -0.013 0.014 0.004 0.813 0.000 -0.583 -0.017 0.634 -0.000 -0.480 -0.606 0.801 0.000 -0.597 0.051 0.650 0.000 -0.430 -0.626 0.659 0.000 -0.745 -0.102 0.979 0.000 0.051 0.199 0.626 -0.000 -0.773 -0.105 0.982 0.000 0.042 0.183 
1.000 -0.013 0.014 0.004 0.812 0.000 -0.583 -0.015 0.636 0.000 -0.478 -0.606 0.800 0.000 -0.598 0.052 0.652 0.000 -0.425 -0.628 0.659 0.000 -0.746 -0.102 0.979 0.000 0.051 0.199 0.626 0.000 -0.773 -0.105 0.981 0.000 0.042 0.188 
1.000 -0.013 0.014 0.004 0.812 0.000 -0.584 -0.013 0.637 0.000 -0.474 -0.607 0.799 -0.000 -0.599 0.055 0.655 0.000 -0.423 -0.626 0.659 0.000 -0.745 -0.102 0.979 0.000 0.051 0.199 0.626 0.000 -0.773 -0.104 0.984 0.000 0.041 0.172 
1.000 -0.013 0.014 0.004 0.811 0.000 -0.585 -0.012 0.640 0.000 -0.470 -0.607 0.797 -0.000 -0.601 0.057 0.656 0.000 -0.414 -0.631 0.659 0.000 -0.746 -0.102 0.979 0.000 0.051 0.199 0.626 0.000 -0.773 -0.104 0.981 0.000 0.042 0.187 
1.000 -0.013 0.014 0.003 0.810 0.000 -0.586 -0.011 0.643 0.000 -0.467 -0.607 0.796 0.000 -0.602 0.059 0.659 0.000 -0.408 -0.632 0.659 0.000 -0.746 -0.101 0.979 0.000 0.051 0.199 0.626 0.000 -0.773 -0.104 0.982 0.000 0.042 0.184 
1.000 -0.013 0.014 0.003 0.810 0.000 -0.587 -0.009 0.647 0.000 -0.463 -0.606 0.795 0.000 -0.603 0.061 0.662 0.000 -0.402 -0.633 0.659 0.000 -0.746 -0.101 0.979 0.000 0.051 0.199 0.626 0.000 -0.773 -0.103 0.984 0.000 0.041 0.175 
1.000 -0.014 0.014 0.003 0.810 0.000 -0.586 -0.009 0.651 0.000 -0.457 -0.606 0.794 0.000 -0.605 0.063 0.666 0.000 -0.396 -0.632 0.659 -0.000 -0.746 -0.100 0.979 0.000 0.051 0.199 0.626 0.000 -0.773 -0.103 0.984 0.000 0.041 0.172 
1.000 -0.014 0.014 0.003 0.809 0.000 -0.587 -0.008 0.656 0.000 -0.453 -0.603 0.792 0.000 -0.606 0.065 0.671 -0.000 -0.390 -0.631 0.659 0.000 -0.746 -0.100 0.979 0.000 0.052 0.199 0.626 0.000 -0.773 -0.102 0.981 0.000 0.042 0.187 
1.000 -0.014 0.014 0.003 0.809 0.000 -0.588 -0.008 0.662 0.000 -0.448 -0.601 0.791 0.000 -0.608 0.067 0.676 -0.000 -0.384 -0.629 0.659 0.000 -0.746 -0.100 0.979 0.000 0.051 0.199 0.626 0.000 -0.773 -0.102 0.982 0.000 0.040 0.186 
1.000 -0.015 0.014 0.003 0.809 0.000 -0.588 -0.007 0.668 0.000 -0.444 -0.598 0.790 0.000 -0.609 0.069 0.682 0.000 -0.378 -0.627 0.659 -0.000 -0.746 -0.099 0.979 -0.000 0.052 0.199 0.626 0.000 -0.773 -0.101 0.982 0.000 0.041 0.183 
1.000 -0.015 0.014 0.003 0.808 0.000 -0.589 -0.007 0.674 0.000 -0.440 -0.594 0.789 0.000 -0.610 0.070 0.688 0.000 -0.371 -0.623 0.659 -0.000 -0.746 -0.100 0.979 0.000 0.052 0.199 0.626 -0.000 -0.773 -0.101 0.982 0.000 0.042 0.183 
1.000 -0.015 0.014 0.003 0.808 -0.000 -0.589 -0.007 0.681 0.000 -0.435 -0.589 0.788 0.000 -0.611 0.071 0.696 -0.000 -0.367 -0.617 0.659 0.000 -0.746 -0.099 0.979 0.000 0.052 0.199 0.626 0.000 -0.773 -0.101 0.981 0.000 0.042 0.187 
1.000 -0.015 0.015 0.002 0.808 0.000 -0.589 -0.008 0.688 0.000 -0.432 -0.584 0.787 0.000 -0.613 0.072 0.703 0.000 -0.361 -0.613 0.659 0.000 -0.745 -0.099 0.979 0.000 0.052 0.199 0.627 0.000 -0.773 -0.100 0.984 0.000 0.040 0.171 
1.000 -0.015 0.014 0.003 0.808 0.000 -0.590 -0.008 0.695 0.000 -0.427 -0.579 0.787 0.000 -0.613 0.072 0.711 0.000 -0.355 -0.607 0.659 0.000 -0.746 -0.099 0.979 0.000 0.052 0.199 0.626 0.000 -0.773 -0.101 0.981 0.000 0.042 0.187 
1.000 -0.015 0.014 0.002 0.807 0.000 -0.590 -0.009 0.702 0.000 -0.423 -0.573 0.787 0.000 -0.613 0.071 0.719 0.000 -0.349 -0.601 0.659 0.000 -0.746 -0.100 0.979 -0.000 0.052 0.199 0.626 -0.000 -0.773 -0.101 0.981 0.000 0.042 0.187 
1.000 -0.015 0.014 0.002 0.807 0.000 -0.590 -0.010 0.710 0.000 -0.420 -0.566 0.787 0.000 -0.614 0.070 0.728 0.000 -0.344 -0.593 0.659 0.000 -0.746 -0.100 0.978 0.000 0.052 0.200 0.626 0.000 -0.773 -0.101 0.983 0.000 0.042 0.179 
1.000 -0.015 0.014 0.002 0.807 0.000 -0.590 -0.011 0.717 0.000 -0.416 -0.559 0.787 0.000 -0.614 0.069 0.735 0.000 -0.340 -0.586 0.659 0.000 -0.746 -0.100 0.979 0.000 0.052 0.199 0.626 0.000 -0.773 -0.101 0.984 0.000 0.042 0.172 
1.000 -0.014 0.014 0.002 0.807 0.000 -0.591 -0.013 0.725 0.000 -0.413 -0.551 0.787 -0.000 -0.614 0.068 0.743 -0.000 -0.335 -0.580 0.659 -0.000 -0.746 -0.100 0.979 0.000 0.052 0.200 0.626 0.000 -0.773 -0.101 0.984 0.000 0.041 0.172 
1.000 -0.014 0.014 0.002 0.807 0.000 -0.591 -0.015 0.733 0.000 -0.410 -0.543 0.787 0.000 -0.614 0.066 0.750 0.000 -0.332 -0.572 0.659 -0.000 -0.746 -0.100 0.978 0.000 0.052 0.200 0.626 0.000 -0.773 -0.101 0.981 0.000 0.042 0.187 
1.000 -0.014 0.014 0.002 0.806 0.000 -0.591 -0.017 0.740 0.000 -0.407 -0.535 0.787 0.000 -0.613 0.064 0.757 -0.000 -0.330 -0.565 0.659 -0.000 -0.746 -0.100 0.978 -0.000 0.052 0.200 0.626 0.000 -0.773 -0.101 0.982 0.000 0.040 0.186 
1.000 -0.014 0.014 0.002 0.806 0.000 -0.592 -0.019 0.747 -0.000 -0.405 -0.526 0.788 0.000 -0.613 0.062 0.763 0.000 -0.329 -0.557 0.659 0.000 -0.746 -0.101 0.978 -0.000 0.052 0.200 0.626 0.000 -0.773 -0.102 0.982 -0.000 0.040 0.184 
1.000 -0.014 0.014 0.002 0.805 0.000 -0.592 -0.022 0.754 0.000 -0.403 -0.518 0.788 0.000 -0.612 0.059 0.769 0.000 -0.327 -0.550 0.659 -0.000 -0.745 -0.101 0.978 0.000 0.051 0.200 0.626 0.000 -0.773 -0.102 0.982 0.000 0.041 0.182 
1.000 -0.014 0.014 0.002 0.805 -0.000 -0.593 -0.025 0.761 -0.000 -0.402 -0.509 0.789 0.000 -0.612 0.056 0.775 -0.000 -0.326 -0.542 0.659 -0.000 -0.746 -0.101 0.978 0.000 0.051 0.200 0.626 0.000 -0.773 -0.102 0.982 0.000 0.042 0.183 
1.000 -0.014 0.014 0.002 0.805 0.000 -0.592 -0.029 0.768 0.000 -0.400 -0.499 0.789 0.000 -0.612 0.054 0.781 0.000 -0.324 -0.534 0.659 0.000 -0.746 -0.101 0.978 0.000 0.052 0.200 0.626 -0.000 -0.773 -0.102 0.981 0.000 0.041 0.188 
1.000 -0.013 0.014 0.002 0.805 0.000 -0.592 -0.032 0.774 0.000 -0.400 -0.491 0.790 0.000 -0.612 0.051 0.787 0.000 -0.324 -0.525 0.659 -0.000 -0.746 -0.102 0.978 0.000 0.052 0.200 0.626 0.000 -0.773 -0.103 0.984 -0.000 0.041 0.173 
1.000 -0.013 0.014 0.002 0.805 0.000 -0.593 -0.034 0.780 0.000 -0.398 -0.483 0.790 0.000 -0.611 0.047 0.793 0.000 -0.324 -0.516 0.659 0.000 -0.746 -0.102 0.978 0.000 0.052 0.200 0.626 0.000 -0.773 -0.103 0.981 0.000 0.041 0.188 
1.000 -0.013 0.014 0.002 0.804 0.000 -0.593 -0.036 0.785 0.000 -0.397 -0.476 0.791 0.000 -0.610 0.043 0.799 0.000 -0.323 -0.507 0.659 0.000 -0.745 -0.102 0.978 0.000 0.051 0.200 0.626 0.000 -0.773 -0.103 0.982 0.000 0.040 0.185 
1.000 -0.013 0.014 0.002 0.804 0.000 -0.594 -0.038 0.789 0.000 -0.396 -0.469 0.792 0.000 -0.610 0.040 0.805 0.000 -0.322 -0.498 0.659 -0.000 -0.745 -0.102 0.978 0.000 0.051 0.200 0.626 0.000 -0.773 -0.104 0.984 0.000 0.040 0.176 
1.000 -0.013 0.014 0.002 0.803 0.000 -0.595 -0.040 0.794 0.000 -0.394 -0.463 0.792 0.000 -0.609 0.036 0.810 0.000 -0.322 -0.490 0.659 0.000 -0.745 -0.103 0.978 0.000 0.051 0.200 0.626 0.000 -0.773 -0.104 0.984 0.000 0.040 0.173 
1.000 -0.012 0.014 0.002 0.802 0.000 -0.596 -0.041 0.798 0.000 -0.392 -0.458 0.792 0.000 -0.609 0.033 0.815 0.000 -0.321 -0.482 0.659 0.000 -0.745 -0.103 0.978 0.000 0.051 0.200 0.626 0.000 -0.773 -0.104 0.981 -0.000 0.041 0.188 
1.000 -0.012 0.014 0.003 0.802 0.000 -0.596 -0.042 0.802 0.000 -0.390 -0.453 0.793 0.000 -0.609 0.030 0.820 0.000 -0.321 -0.474 0.659 0.000 -0.745 -0.104 0.978 0.000 0.051 0.200 0.626 0.000 -0.773 -0.105 0.982 0.000 0.039 0.186 
1.000 -0.012 0.014 0.003 0.801 0.000 -0.597 -0.043 0.804 0.000 -0.389 -0.449 0.793 0.000 -0.609 0.027 0.824 -0.000 -0.320 -0.467 0.658 -0.000 -0.745 -0.104 0.978 0.000 0.051 0.200 0.626 0.000 -0.773 -0.105 0.982 0.000 0.039 0.184 
1.000 -0.012 0.014 0.003 0.800 0.000 -0.598 -0.044 0.807 0.000 -0.388 -0.444 0.793 0.000 -0.609 0.026 0.828 0.000 -0.320 -0.460 0.659 0.000 -0.745 -0.104 0.978 0.000 0.051 0.200 0.626 0.000 -0.773 -0.105 0.982 0.000 0.040 0.183 
1.000 -0.011 0.014 0.003 0.800 -0.000 -0.599 -0.045 0.810 0.000 -0.388 -0.440 0.793 0.000 -0.609 0.024 0.831 -0.000 -0.320 -0.455 0.659 0.000 -0.745 -0.104 0.978 0.000 0.051 0.200 0.626 -0.000 -0.773 -0.106 0.982 0.000 0.041 0.184 
1.000 -0.011 0.014 0.003 0.799 0.000 -0.600 -0.045 0.812 0.000 -0.387 -0.436 0.793 0.000 -0.609 0.022 0.834 0.000 -0.320 -0.450 0.659 -0.000 -0.745 -0.104 0.978 0.000 0.051 0.200 0.626 0.000 -0.773 -0.106 0.981 0.000 0.040 0.188 
1.000 -0.011 0.014 0.003 0.799 -0.000 -0.600 -0.047 0.815 -0.000 -0.384 -0.433 0.793 0.000 -0.609 0.022 0.836 0.000 -0.320 -0.445 0.659 0.000 -0.745 -0.104 0.978 0.000 0.051 0.200 0.626 0.000 -0.773 -0.106 0.984 -0.000 0.040 0.173 
1.000 -0.011 0.014 0.004 0.798 -0.000 -0.601 -0.047 0.817 0.000 -0.386 -0.428 0.793 0.000 -0.610 0.021 0.838 -0.000 -0.320 -0.441 0.659 0.000 -0.745 -0.104 0.979 0.000 0.051 0.200 0.626 0.000 -0.773 -0.106 0.981 0.000 0.041 0.188 
1.000 -0.011 0.014 0.004 0.798 0.000 -0.601 -0.048 0.819 0.000 -0.386 -0.424 0.792 0.000 -0.610 0.020 0.838 0.000 -0.323 -0.439 0.659 0.000 -0.745 -0.104 0.979 0.000 0.050 0.200 0.626 0.000 -0.773 -0.106 0.982 0.000 0.041 0.185 
1.000 -0.011 0.014 0.004 0.797 -0.000 -0.602 -0.049 0.821 -0.000 -0.386 -0.421 0.792 0.000 -0.610 0.019 0.842 0.000 -0.322 -0.433 0.659 -0.000 -0.745 -0.104 0.979 0.000 0.050 0.200 0.626 -0.000 -0.773 -0.106 0.984 0.000 0.040 0.175 
1.000 -0.011 0.014 0.004 0.797 0.000 -0.602 -0.049 0.823 0.000 -0.386 -0.417 0.792 0.000 -0.610 0.018 0.844 0.000 -0.322 -0.429 0.659 0.000 -0.745 -0.104 0.979 0.000 0.050 0.200 0.626 0.000 -0.772 -0.107 0.984 0.000 0.040 0.172 
1.000 -0.011 0.014 0.004 0.796 0.000 -0.603 -0.049 0.824 -0.000 -0.387 -0.414 0.792 -0.000 -0.610 0.018 0.845 0.000 -0.324 -0.426 0.659 0.000 -0.745 -0.104 0.979 0.000 0.051 0.200 0.626 0.000 -0.772 -0.107 0.981 0.000 0.040 0.188 
1.000 -0.011 0.014 0.004 0.796 0.000 -0.603 -0.049 0.826 0.000 -0.384 -0.412 0.792 0.000 -0.611 0.018 0.846 -0.000 -0.324 -0.423 0.659 0.000 -0.745 -0.104 0.979 0.000 0.051 0.199 0.626 0.000 -0.772 -0.106 0.982 0.000 0.039 0.186 
1.000 -0.011 0.014 0.004 0.796 0.000 -0.603 -0.049 0.826 0.000 -0.389 -0.408 0.791 0.000 -0.611 0.017 0.847 -0.000 -0.324 -0.421 0.659 0.000 -0.745 -0.104 0.979 0.000 0.050 0.199 0.626 0.000 -0.772 -0.107 0.982 0.000 0.040 0.184 
1.000 -0.011 0.014 0.004 0.796 0.000 -0.603 -0.049 0.827 0.000 -0.389 -0.405 0.791 0.000 -0.611 0.017 0.848 -0.000 -0.326 -0.418 0.659 0.000 -0.745 -0.104 0.979 0.000 0.050 0.199 0.626 0.000 -0.772 -0.106 0.982 0.000 0.041 0.183 
1.000 -0.011 0.014 0.004 0.796 0.000 -0.604 -0.049 0.828 0.000 -0.390 -0.402 0.791 0.000 -0.611 0.017 0.848 0.000 -0.327 -0.416 0.659 0.000 -0.745 -0.104 0.979 0.000 0.050 0.200 0.626 0.000 -0.772 -0.106 0.981 -0.000 0.040 0.188 
1.000 -0.011 0.014 0.004 0.796 0.000 -0.604 -0.049 0.829 0.000 -0.391 -0.399 0.791 0.000 -0.612 0.016 0.849 0.000 -0.328 -0.414 0.659 0.000 -0.745 -0.104 0.979 0.000 0.050 0.199 0.626 -0.000 -0.773 -0.106 0.984 0.000 0.040 0.172 
1.000 -0.011 0.014 0.004 0.796 0.000 -0.604 -0.049 0.831 0.000 -0.392 -0.396 0.791 -0.000 -0.612 0.016 0.850 -0.000 -0.329 -0.412 0.659 0.000 -0.745 -0.104 0.979 0.000 0.051 0.199 0.626 -0.000 -0.772 -0.106 0.981 0.000 0.041 0.188 
1.000 -0.011 0.014 0.004 0.795 0.000 -0.604 -0.049 0.832 -0.000 -0.392 -0.393 0.790 -0.000 -0.612 0.016 0.850 -0.000 -0.329 -0.411 0.659 0.000 -0.745 -0.104 0.979 0.000 0.050 0.200 0.626 0.000 -0.773 -0.106 0.982 0.000 0.041 0.185 
1.000 -0.011 0.014 0.004 0.795 0.000 -0.604 -0.049 0.833 0.000 -0.393 -0.389 0.790 0.000 -0.613 0.015 0.851 0.000 -0.330 -0.409 0.659 0.000 -0.745 -0.104 0.979 -0.000 0.051 0.200 0.626 0.000 -0.773 -0.106 0.984 -0.000 0.040 0.176 
1.000 -0.011 0.014 0.004 0.795 0.000 -0.604 -0.050 0.835 0.000 -0.393 -0.386 0.790 0.000 -0.613 0.015 0.850 0.000 -0.334 -0.407 0.659 -0.000 -0.745 -0.104 0.979 -0.000 0.051 0.200 0.626 0.000 -0.773 -0.106 0.984 0.000 0.040 0.172 
1.000 -0.011 0.014 0.004 0.795 0.000 -0.604 -0.050 0.836 0.000 -0.393 -0.383 0.789 0.000 -0.614 0.014 0.852 -0.000 -0.330 -0.406 0.659 0.000 -0.745 -0.103 0.979 0.000 0.050 0.199 0.626 0.000 -0.773 -0.106 0.981 0.000 0.041 0.188 
1.000 -0.011 0.014 0.004 0.795 0.000 -0.605 -0.050 0.837 0.000 -0.392 -0.382 0.789 -0.000 -0.614 0.014 0.852 0.000 -0.330 -0.405 0.659 -0.000 -0.745 -0.104 0.979 0.000 0.050 0.200 0.626 0.000 -0.773 -0.106 0.982 0.000 0.039 0.187 
1.000 -0.011 0.014 0.004 0.795 0.000 -0.605 -0.051 0.838 0.000 -0.391 -0.380 0.788 0.000 -0.615 0.014 0.853 0.000 -0.330 -0.405 0.659 0.000 -0.745 -0.104 0.979 0.000 0.050 0.200 0.626 0.000 -0.773 -0.106 0.982 0.000 0.040 0.185 
1.000 -0.011 0.014 0.004 0.795 -0.000 -0.605 -0.051 0.839 0.000 -0.391 -0.379 0.788 0.000 -0.616 0.014 0.853 -0.000 -0.329 -0.405 0.659 0.000 -0.745 -0.104 0.979 0.000 0.050 0.199 0.626 0.000 -0.773 -0.106 0.982 0.000 0.041 0.185 
1.000 -0.011 0.014 0.004 0.794 -0.000 -0.605 -0.051 0.839 0.000 -0.390 -0.379 0.787 -0.000 -0.616 0.013 0.853 -0.000 -0.328 -0.405 0.658 0.000 -0.745 -0.104 0.979 0.000 0.051 0.200 0.626 -0.000 -0.773 -0.107 0.981 0.000 0.041 0.188 
1.000 -0.011 0.014 0.004 0.794 0.000 -0.605 -0.052 0.840 -0.000 -0.390 -0.378 0.787 0.000 -0.617 0.013 0.854 0.000 -0.327 -0.405 0.659 0.000 -0.745 -0.104 0.979 0.000 0.050 0.200 0.626 0.000 -0.773 -0.107 0.984 0.000 0.040 0.173 
1.000 -0.011 0.014 0.004 0.794 0.000 -0.605 -0.053 0.840 0.000 -0.390 -0.377 0.787 0.000 -0.617 0.012 0.854 0.000 -0.327 -0.405 0.659 0.000 -0.745 -0.104 0.979 0.000 0.050 0.200 0.626 0.000 -0.773 -0.107 0.981 0.000 0.041 0.188 
1.000 -0.011 0.014 0.003 0.794 0.000 -0.605 -0.054 0.840 0.000 -0.389 -0.377 0.786 -0.000 -0.617 0.012 0.854 0.000 -0.327 -0.405 0.659 0.000 -0.745 -0.104 0.979 0.000 0.050 0.200 0.626 0.000 -0.773 -0.107 0.982 -0.000 0.041 0.186 
1.000 -0.011 0.014 0.003 0.794 0.000 -0.605 -0.055 0.841 0.000 -0.389 -0.376 0.786 0.000 -0.618 0.011 0.854 0.000 -0.327 -0.405 0.659 -0.000 -0.745 -0.104 0.979 -0.000 0.050 0.200 0.626 0.000 -0.773 -0.106 0.984 0.000 0.040 0.176 
1.000 -0.011 0.014 0.003 0.794 0.000 -0.605 -0.056 0.841 0.000 -0.389 -0.376 0.786 0.000 -0.618 0.010 0.854 -0.000 -0.327 -0.405 0.659 0.000 -0.745 -0.104 0.979 0.000 0.050 0.200 0.626 0.000 -0.773 -0.106 0.984 0.000 0.040 0.173 
1.000 -0.011 0.014 0.003 0.795 0.000 -0.604 -0.058 0.842 0.000 -0.388 -0.376 0.786 0.000 -0.618 0.009 0.854 0.000 -0.328 -0.405 0.659 0.000 -0.745 -0.104 0.979 -0.000 0.050 0.200 0.626 0.000 -0.773 -0.106 0.981 0.000 0.041 0.189 
1.000 -0.011 0.014 0.003 0.795 0.000 -0.604 -0.059 0.842 0.000 -0.388 -0.375 0.787 -0.000 -0.617 0.008 0.854 0.000 -0.328 -0.405 0.659 0.000 -0.745 -0.104 0.979 0.000 0.050 0.200 0.626 0.000 -0.773 -0.106 0.982 0.000 0.039 0.187 
1.000 -0.011 0.014 0.003 0.795 0.000 -0.604 -0.061 0.842 0.000 -0.388 -0.375 0.787 0.000 -0.617 0.006 0.854 -0.000 -0.329 -0.404 0.659 0.000 -0.745 -0.104 0.979 0.000 0.050 0.200 0.626 0.000 -0.773 -0.106 0.982 0.000 0.040 0.185 
1.000 -0.011 0.014 0.003 0.795 0.000 -0.603 -0.062 0.842 -0.000 -0.388 -0.374 0.787 -0.000 -0.617 0.005 0.853 0.000 -0.330 -0.404 0.659 -0.000 -0.745 -0.104 0.979 0.000 0.051 0.200 0.626 0.000 -0.773 -0.106 0.982 0.000 0.041 0.184 
1.000 -0.011 0.014 0.003 0.795 0.000 -0.603 -0.064 0.843 0.000 -0.388 -0.373 0.787 0.000 -0.616 0.003 0.853 0.000 -0.331 -0.403 0.659 0.000 -0.745 -0.104 0.979 -0.000 0.051 0.200 0.626 0.000 -0.773 -0.106 0.981 0.000 0.041 0.189 
1.000 -0.011 0.014 0.003 0.795 0.000 -0.603 -0.066 0.843 -0.000 -0.388 -0.372 0.788 0.000 -0.616 0.001 0.853 -0.000 -0.331 -0.403 0.659 0.000 -0.745 -0.104 0.979 0.000 0.050 0.200 0.626 0.000 -0.773 -0.106 0.984 0.000 0.040 0.174 
1.000 -0.011 0.014 0.003 0.795 0.000 -0.603 -0.068 0.844 -0.000 -0.388 -0.371 0.788 0.000 -0.615 -0.001 0.853 0.000 -0.333 -0.403 0.659 0.000 -0.745 -0.104 0.979 0.000 0.050 0.200 0.626 0.000 -0.773 -0.106 0.981 0.000 0.041 0.189 
1.000 -0.011 0.014 0.003 0.795 0.000 -0.603 -0.070 0.845 0.000 -0.387 -0.370 0.788 -0.000 -0.615 -0.003 0.853 0.000 -0.333 -0.402 0.659 0.000 -0.745 -0.104 0.979 0.000 0.050 0.200 0.626 0.000 -0.773 -0.106 0.982 -0.000 0.041 0.186 
1.000 -0.011 0.014 0.003 0.795 0.000 -0.603 -0.072 0.845 -0.000 -0.387 -0.369 0.788 0.000 -0.615 -0.005 0.853 -0.000 -0.334 -0.402 0.659 0.000 -0.745 -0.104 0.979 0.000 0.050 0.200 0.626 -0.000 -0.773 -0.107 0.983 0.000 0.040 0.177 
1.000 -0.011 0.014 0.003 0.795 0.000 -0.603 -0.074 0.846 0.000 -0.387 -0.367 0.789 0.000 -0.615 -0.007 0.852 0.000 -0.335 -0.401 0.659 0.000 -0.745 -0.104 0.979 0.000 0.050 0.200 0.626 0.000 -0.773 -0.107 0.984 0.000 0.040 0.174 
1.000 -0.011 0.014 0.003 0.794 0.000 -0.603 -0.076 0.846 0.000 -0.387 -0.366 0.789 -0.000 -0.615 -0.010 0.852 0.000 -0.336 -0.401 0.659 -0.000 -0.745 -0.104 0.979 0.000 0.050 0.200 0.626 0.000 -0.773 -0.107 0.981 0.000 0.041 0.189 
1.000 -0.011 0.014 0.003 0.794 0.000 -0.603 -0.077 0.847 0.000 -0.385 -0.366 0.789 0.000 -0.614 -0.012 0.852 0.000 -0.337 -0.400 0.659 -0.000 -0.745 -0.104 0.979 0.000 0.050 0.200 0.626 0.000 -0.773 -0.107 0.981 0.000 0.039 0.188 
1.000 -0.011 0.014 0.003 0.794 0.000 -0.603 -0.079 0.848 0.000 -0.385 -0.365 0.789 0.000 -0.614 -0.015 0.852 0.000 -0.338 -0.399 0.659 0.000 -0.745 -0.104 0.979 -0.000 0.050 0.200 0.626 0.000 -0.773 -0.107 0.982 0.000 0.040 0.186 
