# T   LUA LFA RUA RFA LT  LS  RT  RS  
-0.698 0.017 -0.083 -0.711 0.825 0.000 -0.521 -0.222 0.402 0.000 -0.352 -0.845 0.793 0.000 -0.522 -0.315 0.435 0.000 -0.164 -0.885 0.697 -0.000 -0.699 0.158 0.991 0.000 0.125 -0.035 0.651 0.000 -0.730 0.209 0.995 0.000 0.084 -0.061 
-0.698 0.017 -0.083 -0.711 0.823 -0.000 -0.520 -0.227 0.402 0.000 -0.348 -0.847 0.792 0.000 -0.521 -0.318 0.435 0.000 -0.165 -0.885 0.697 0.000 -0.699 0.159 0.991 0.000 0.125 -0.035 0.651 0.000 -0.730 0.209 0.995 0.000 0.084 -0.061 
-0.698 0.018 -0.084 -0.711 0.822 -0.000 -0.520 -0.231 0.402 0.000 -0.341 -0.850 0.791 0.000 -0.521 -0.320 0.435 -0.000 -0.166 -0.885 0.697 0.000 -0.699 0.160 0.992 0.000 0.125 -0.036 0.651 0.000 -0.729 0.210 0.995 -0.000 0.083 -0.061 
-0.698 0.018 -0.084 -0.711 0.821 0.000 -0.520 -0.235 0.403 0.000 -0.340 -0.850 0.791 0.000 -0.520 -0.322 0.435 0.000 -0.167 -0.885 0.697 0.000 -0.699 0.160 0.992 -0.000 0.125 -0.036 0.651 -0.000 -0.729 0.211 0.995 0.000 0.084 -0.061 
-0.698 0.018 -0.084 -0.711 0.820 -0.000 -0.521 -0.238 0.403 0.000 -0.336 -0.851 0.793 0.000 -0.515 -0.324 0.433 0.000 -0.159 -0.887 0.697 -0.000 -0.698 0.161 0.992 -0.000 0.125 -0.036 0.651 0.000 -0.729 0.211 0.995 0.000 0.083 -0.061 
-0.698 0.018 -0.084 -0.711 0.819 0.000 -0.522 -0.240 0.403 0.000 -0.333 -0.853 0.790 0.000 -0.519 -0.326 0.434 0.000 -0.168 -0.885 0.697 0.000 -0.699 0.161 0.992 0.000 0.125 -0.036 0.651 0.000 -0.729 0.211 0.995 0.000 0.084 -0.061 
-0.698 0.018 -0.085 -0.711 0.818 0.000 -0.522 -0.242 0.402 0.000 -0.330 -0.854 0.790 0.000 -0.518 -0.327 0.434 0.000 -0.168 -0.885 0.697 0.000 -0.699 0.161 0.992 0.000 0.125 -0.035 0.651 0.000 -0.729 0.211 0.995 0.000 0.084 -0.060 
-0.698 0.018 -0.085 -0.711 0.817 -0.000 -0.524 -0.243 0.402 -0.000 -0.327 -0.855 0.790 -0.000 -0.518 -0.329 0.433 0.000 -0.168 -0.885 0.697 0.000 -0.699 0.161 0.992 0.000 0.125 -0.035 0.651 0.000 -0.729 0.212 0.995 0.000 0.084 -0.061 
-0.698 0.018 -0.085 -0.710 0.815 0.000 -0.525 -0.244 0.401 0.000 -0.326 -0.856 0.790 0.000 -0.517 -0.330 0.434 0.000 -0.167 -0.886 0.697 0.000 -0.699 0.161 0.992 0.000 0.125 -0.035 0.651 0.000 -0.729 0.212 0.995 0.000 0.084 -0.060 
-0.699 0.019 -0.085 -0.710 0.814 0.000 -0.527 -0.244 0.400 0.000 -0.321 -0.858 0.790 0.000 -0.517 -0.331 0.433 0.000 -0.169 -0.886 0.697 0.000 -0.699 0.160 0.992 0.000 0.125 -0.034 0.651 0.000 -0.729 0.212 0.995 -0.000 0.084 -0.060 
-0.699 0.019 -0.085 -0.710 0.813 0.000 -0.529 -0.243 0.399 0.000 -0.321 -0.859 0.790 0.000 -0.516 -0.332 0.432 -0.000 -0.169 -0.886 0.697 0.000 -0.699 0.160 0.992 0.000 0.125 -0.034 0.651 0.000 -0.729 0.212 0.995 0.000 0.084 -0.060 
-0.699 0.019 -0.085 -0.710 0.812 0.000 -0.530 -0.242 0.399 -0.000 -0.325 -0.857 0.790 0.000 -0.516 -0.332 0.432 0.000 -0.169 -0.886 0.697 0.000 -0.699 0.159 0.992 0.000 0.126 -0.033 0.651 0.000 -0.729 0.212 0.995 -0.000 0.084 -0.060 
-0.699 0.019 -0.085 -0.709 0.812 0.000 -0.532 -0.241 0.399 0.000 -0.325 -0.857 0.790 0.000 -0.516 -0.332 0.431 0.000 -0.170 -0.886 0.697 0.000 -0.699 0.158 0.992 0.000 0.126 -0.032 0.651 -0.000 -0.729 0.212 0.995 0.000 0.084 -0.060 
-0.700 0.019 -0.085 -0.709 0.811 0.000 -0.535 -0.238 0.399 0.000 -0.328 -0.856 0.790 0.000 -0.516 -0.332 0.431 0.000 -0.170 -0.886 0.697 0.000 -0.699 0.157 0.992 0.000 0.126 -0.031 0.651 0.000 -0.729 0.212 0.995 0.000 0.084 -0.059 
-0.700 0.019 -0.085 -0.709 0.810 0.000 -0.537 -0.236 0.399 0.000 -0.332 -0.855 0.792 0.000 -0.513 -0.332 0.430 -0.000 -0.163 -0.888 0.697 0.000 -0.700 0.157 0.992 -0.000 0.126 -0.030 0.651 0.000 -0.729 0.212 0.995 -0.000 0.084 -0.059 
-0.701 0.019 -0.085 -0.708 0.809 0.000 -0.539 -0.233 0.399 0.000 -0.335 -0.854 0.792 0.000 -0.513 -0.331 0.430 0.000 -0.162 -0.888 0.697 0.000 -0.700 0.156 0.992 0.000 0.127 -0.029 0.651 0.000 -0.729 0.212 0.995 0.000 0.084 -0.059 
-0.701 0.019 -0.084 -0.708 0.808 0.000 -0.541 -0.231 0.399 -0.000 -0.338 -0.852 0.790 0.000 -0.516 -0.330 0.430 0.000 -0.171 -0.886 0.697 0.000 -0.700 0.154 0.992 -0.000 0.127 -0.029 0.651 0.000 -0.729 0.211 0.995 0.000 0.085 -0.058 
-0.701 0.019 -0.084 -0.708 0.808 0.000 -0.544 -0.227 0.399 0.000 -0.342 -0.850 0.793 -0.000 -0.513 -0.330 0.429 0.000 -0.164 -0.888 0.697 0.000 -0.700 0.154 0.991 0.000 0.127 -0.028 0.651 0.000 -0.729 0.211 0.995 0.000 0.085 -0.058 
-0.701 0.019 -0.084 -0.708 0.807 0.000 -0.546 -0.224 0.399 0.000 -0.341 -0.851 0.793 -0.000 -0.513 -0.329 0.429 0.000 -0.166 -0.888 0.697 0.000 -0.701 0.153 0.991 0.000 0.127 -0.027 0.651 0.000 -0.729 0.210 0.995 0.000 0.085 -0.057 
-0.702 0.018 -0.084 -0.707 0.807 -0.000 -0.548 -0.222 0.399 0.000 -0.344 -0.850 0.791 0.000 -0.517 -0.326 0.429 0.000 -0.178 -0.886 0.697 0.000 -0.701 0.152 0.991 0.000 0.128 -0.027 0.651 0.000 -0.729 0.210 0.995 0.000 0.085 -0.057 
-0.702 0.018 -0.084 -0.707 0.806 0.000 -0.550 -0.219 0.400 0.000 -0.350 -0.847 0.791 -0.000 -0.518 -0.325 0.430 0.000 -0.180 -0.885 0.697 0.000 -0.701 0.151 0.991 0.000 0.128 -0.026 0.651 0.000 -0.730 0.210 0.995 0.000 0.085 -0.057 
-0.703 0.018 -0.084 -0.706 0.806 0.000 -0.551 -0.215 0.400 0.000 -0.350 -0.847 0.793 -0.000 -0.516 -0.324 0.431 0.000 -0.171 -0.886 0.697 0.000 -0.701 0.151 0.991 0.000 0.128 -0.026 0.651 0.000 -0.729 0.210 0.995 -0.000 0.085 -0.057 
-0.703 0.018 -0.084 -0.706 0.806 0.000 -0.553 -0.213 0.400 0.000 -0.352 -0.846 0.794 0.000 -0.516 -0.322 0.432 0.000 -0.173 -0.885 0.697 0.000 -0.701 0.150 0.991 0.000 0.128 -0.026 0.651 0.000 -0.729 0.210 0.995 0.000 0.085 -0.057 
-0.703 0.018 -0.083 -0.706 0.805 0.000 -0.554 -0.210 0.401 -0.000 -0.354 -0.845 0.792 0.000 -0.520 -0.320 0.431 0.000 -0.186 -0.883 0.697 0.000 -0.701 0.150 0.991 0.000 0.128 -0.026 0.651 0.000 -0.730 0.209 0.995 0.000 0.085 -0.057 
-0.704 0.018 -0.083 -0.705 0.805 0.000 -0.555 -0.208 0.401 0.000 -0.357 -0.844 0.792 0.000 -0.521 -0.318 0.431 0.000 -0.189 -0.882 0.697 -0.000 -0.701 0.149 0.991 0.000 0.128 -0.026 0.651 0.000 -0.730 0.209 0.995 0.000 0.085 -0.057 
-0.704 0.018 -0.083 -0.705 0.805 -0.000 -0.557 -0.206 0.402 0.000 -0.359 -0.843 0.793 0.000 -0.521 -0.316 0.432 0.000 -0.191 -0.881 0.697 0.000 -0.701 0.149 0.991 0.000 0.128 -0.027 0.651 0.000 -0.730 0.209 0.995 0.000 0.085 -0.058 
-0.704 0.018 -0.083 -0.705 0.805 0.000 -0.557 -0.205 0.402 0.000 -0.360 -0.842 0.793 0.000 -0.522 -0.314 0.433 0.000 -0.192 -0.881 0.697 0.000 -0.701 0.149 0.991 0.000 0.128 -0.027 0.651 0.000 -0.730 0.209 0.995 0.000 0.085 -0.058 
-0.704 0.018 -0.083 -0.705 0.804 0.000 -0.558 -0.203 0.402 0.000 -0.360 -0.842 0.793 -0.000 -0.523 -0.312 0.433 0.000 -0.195 -0.880 0.697 0.000 -0.702 0.149 0.991 0.000 0.128 -0.027 0.651 0.000 -0.730 0.209 0.995 -0.000 0.085 -0.058 
-0.705 0.018 -0.083 -0.704 0.805 0.000 -0.558 -0.202 0.403 0.000 -0.361 -0.841 0.793 0.000 -0.524 -0.310 0.434 0.000 -0.194 -0.880 0.697 0.000 -0.701 0.149 0.991 0.000 0.128 -0.028 0.651 0.000 -0.730 0.210 0.995 0.000 0.085 -0.058 
-0.705 0.018 -0.083 -0.704 0.805 0.000 -0.559 -0.202 0.403 0.000 -0.361 -0.841 0.794 0.000 -0.525 -0.308 0.434 0.000 -0.198 -0.879 0.697 0.000 -0.701 0.149 0.991 0.000 0.128 -0.028 0.650 0.000 -0.730 0.211 0.995 0.000 0.085 -0.059 
-0.706 0.018 -0.083 -0.703 0.804 0.000 -0.559 -0.201 0.403 0.000 -0.361 -0.841 0.794 0.000 -0.526 -0.306 0.434 0.000 -0.199 -0.879 0.697 0.000 -0.701 0.149 0.991 0.000 0.128 -0.028 0.651 0.000 -0.729 0.211 0.995 0.000 0.084 -0.059 
-0.706 0.018 -0.083 -0.703 0.804 0.000 -0.559 -0.201 0.403 0.000 -0.361 -0.841 0.794 0.000 -0.526 -0.304 0.434 -0.000 -0.200 -0.878 0.697 -0.000 -0.701 0.148 0.991 0.000 0.128 -0.028 0.651 -0.000 -0.728 0.213 0.995 -0.000 0.082 -0.061 
-0.706 0.018 -0.083 -0.703 0.804 -0.000 -0.559 -0.201 0.403 0.000 -0.361 -0.841 0.795 0.000 -0.527 -0.302 0.435 0.000 -0.201 -0.878 0.697 0.000 -0.701 0.148 0.991 0.000 0.128 -0.028 0.651 0.000 -0.729 0.212 0.995 0.000 0.084 -0.060 
0.707 -0.018 0.084 0.702 0.804 0.000 -0.559 -0.202 0.404 -0.000 -0.360 -0.841 0.795 0.000 -0.527 -0.299 0.435 0.000 -0.203 -0.877 0.698 -0.000 -0.701 0.149 0.991 -0.000 0.127 -0.029 0.650 0.000 -0.729 0.215 0.995 0.000 0.083 -0.063 
0.707 -0.018 0.084 0.702 0.804 -0.000 -0.559 -0.203 0.404 0.000 -0.360 -0.841 0.796 0.000 -0.528 -0.297 0.433 0.000 -0.209 -0.877 0.698 0.000 -0.701 0.148 0.991 0.000 0.128 -0.028 0.649 0.000 -0.730 0.214 0.995 -0.000 0.085 -0.061 
0.708 -0.018 0.084 0.701 0.804 -0.000 -0.559 -0.204 0.404 0.000 -0.360 -0.841 0.799 -0.000 -0.524 -0.295 0.431 0.000 -0.200 -0.880 0.698 0.000 -0.701 0.149 0.991 0.000 0.127 -0.029 0.649 0.000 -0.730 0.215 0.995 0.000 0.085 -0.061 
0.708 -0.018 0.084 0.701 0.804 0.000 -0.558 -0.206 0.405 0.000 -0.357 -0.842 0.797 -0.000 -0.528 -0.293 0.432 0.000 -0.212 -0.876 0.698 -0.000 -0.701 0.148 0.991 0.000 0.128 -0.028 0.649 0.000 -0.730 0.214 0.995 0.000 0.085 -0.061 
0.708 -0.019 0.084 0.701 0.804 0.000 -0.557 -0.206 0.406 -0.000 -0.357 -0.842 0.801 0.000 -0.524 -0.291 0.431 0.000 -0.204 -0.879 0.698 0.000 -0.701 0.149 0.991 0.000 0.128 -0.029 0.649 -0.000 -0.730 0.215 0.995 0.000 0.085 -0.061 
0.708 -0.019 0.084 0.700 0.804 0.000 -0.556 -0.208 0.406 0.000 -0.355 -0.842 0.802 0.000 -0.523 -0.289 0.430 0.000 -0.205 -0.879 0.698 0.000 -0.701 0.149 0.991 0.000 0.128 -0.029 0.649 0.000 -0.730 0.215 0.995 0.000 0.085 -0.061 
0.709 -0.019 0.084 0.700 0.805 0.000 -0.555 -0.210 0.407 0.000 -0.352 -0.843 0.802 0.000 -0.523 -0.288 0.430 0.000 -0.207 -0.879 0.698 0.000 -0.701 0.149 0.991 -0.000 0.128 -0.029 0.649 0.000 -0.730 0.215 0.995 0.000 0.085 -0.060 
0.709 -0.019 0.085 0.700 0.805 0.000 -0.554 -0.213 0.408 0.000 -0.350 -0.843 0.803 0.000 -0.523 -0.285 0.430 -0.000 -0.208 -0.879 0.698 0.000 -0.701 0.149 0.991 -0.000 0.128 -0.029 0.649 0.000 -0.730 0.215 0.995 0.000 0.085 -0.060 
0.709 -0.019 0.085 0.700 0.805 0.000 -0.553 -0.214 0.408 -0.000 -0.349 -0.843 0.804 0.000 -0.522 -0.283 0.430 -0.000 -0.208 -0.879 0.698 -0.000 -0.701 0.149 0.991 0.000 0.128 -0.030 0.649 0.000 -0.730 0.216 0.995 0.000 0.085 -0.060 
0.709 -0.019 0.084 0.700 0.805 -0.000 -0.552 -0.217 0.409 0.000 -0.346 -0.844 0.804 0.000 -0.524 -0.281 0.430 0.000 -0.216 -0.877 0.697 0.000 -0.701 0.149 0.991 -0.000 0.128 -0.030 0.649 0.000 -0.729 0.216 0.995 0.000 0.084 -0.061 
0.710 -0.019 0.085 0.699 0.806 -0.000 -0.551 -0.219 0.410 0.000 -0.344 -0.845 0.804 0.000 -0.525 -0.279 0.431 0.000 -0.218 -0.875 0.697 0.000 -0.701 0.149 0.991 0.000 0.128 -0.030 0.649 0.000 -0.730 0.215 0.995 0.000 0.085 -0.060 
0.710 -0.019 0.085 0.699 0.806 -0.000 -0.549 -0.221 0.411 0.000 -0.342 -0.845 0.805 -0.000 -0.525 -0.277 0.431 -0.000 -0.219 -0.875 0.697 0.000 -0.701 0.149 0.991 0.000 0.128 -0.030 0.649 -0.000 -0.730 0.215 0.995 -0.000 0.085 -0.060 
0.710 -0.019 0.085 0.699 0.806 0.000 -0.548 -0.223 0.411 0.000 -0.339 -0.846 0.806 0.000 -0.524 -0.274 0.432 0.000 -0.219 -0.875 0.697 0.000 -0.701 0.148 0.991 0.000 0.128 -0.030 0.649 0.000 -0.730 0.216 0.995 0.000 0.085 -0.060 
0.710 -0.019 0.085 0.699 0.807 -0.000 -0.547 -0.224 0.412 0.000 -0.341 -0.845 0.807 0.000 -0.524 -0.272 0.431 0.000 -0.219 -0.875 0.697 -0.000 -0.701 0.148 0.991 0.000 0.128 -0.030 0.649 0.000 -0.730 0.216 0.995 0.000 0.085 -0.060 
0.711 -0.019 0.085 0.698 0.807 0.000 -0.546 -0.225 0.413 0.000 -0.339 -0.845 0.809 0.000 -0.523 -0.269 0.431 0.000 -0.219 -0.875 0.697 0.000 -0.701 0.148 0.991 -0.000 0.129 -0.030 0.649 -0.000 -0.730 0.216 0.995 0.000 0.085 -0.060 
0.711 -0.019 0.084 0.698 0.807 -0.000 -0.545 -0.226 0.413 0.000 -0.337 -0.846 0.810 0.000 -0.523 -0.266 0.431 0.000 -0.220 -0.875 0.697 0.000 -0.701 0.147 0.991 -0.000 0.129 -0.029 0.649 0.000 -0.729 0.216 0.995 0.000 0.084 -0.060 
0.711 -0.019 0.084 0.698 0.808 0.000 -0.544 -0.227 0.413 -0.000 -0.336 -0.847 0.811 -0.000 -0.523 -0.263 0.432 0.000 -0.219 -0.875 0.697 0.000 -0.702 0.147 0.991 -0.000 0.129 -0.029 0.649 0.000 -0.730 0.215 0.995 0.000 0.085 -0.060 
0.711 -0.019 0.084 0.697 0.808 0.000 -0.544 -0.227 0.412 0.000 -0.335 -0.847 0.812 -0.000 -0.522 -0.261 0.432 0.000 -0.219 -0.875 0.697 0.000 -0.702 0.146 0.991 0.000 0.129 -0.029 0.649 0.000 -0.730 0.216 0.995 0.000 0.085 -0.060 
0.712 -0.019 0.084 0.697 0.808 -0.000 -0.543 -0.227 0.412 0.000 -0.335 -0.847 0.813 0.000 -0.522 -0.258 0.432 0.000 -0.219 -0.875 0.697 0.000 -0.702 0.146 0.991 -0.000 0.129 -0.029 0.649 0.000 -0.729 0.216 0.995 0.000 0.084 -0.060 
0.712 -0.019 0.084 0.697 0.809 0.000 -0.542 -0.227 0.412 -0.000 -0.334 -0.848 0.814 0.000 -0.522 -0.255 0.433 0.000 -0.217 -0.875 0.697 0.000 -0.702 0.145 0.991 0.000 0.129 -0.028 0.649 0.000 -0.730 0.216 0.995 0.000 0.085 -0.060 
0.712 -0.019 0.084 0.697 0.809 -0.000 -0.542 -0.227 0.411 0.000 -0.331 -0.850 0.815 0.000 -0.521 -0.253 0.433 0.000 -0.217 -0.875 0.697 0.000 -0.703 0.145 0.991 0.000 0.129 -0.028 0.649 0.000 -0.730 0.215 0.995 0.000 0.085 -0.060 
0.712 -0.019 0.083 0.697 0.809 0.000 -0.542 -0.226 0.410 0.000 -0.335 -0.848 0.816 0.000 -0.521 -0.250 0.433 0.000 -0.217 -0.875 0.697 0.000 -0.703 0.144 0.991 -0.000 0.129 -0.028 0.649 -0.000 -0.730 0.215 0.995 -0.000 0.085 -0.060 
0.713 -0.019 0.084 0.696 0.810 0.000 -0.542 -0.225 0.410 -0.000 -0.335 -0.849 0.817 0.000 -0.521 -0.247 0.434 0.000 -0.215 -0.875 0.697 0.000 -0.703 0.143 0.991 0.000 0.129 -0.028 0.649 0.000 -0.730 0.215 0.995 -0.000 0.085 -0.060 
0.713 -0.019 0.083 0.696 0.810 0.000 -0.542 -0.224 0.410 -0.000 -0.337 -0.848 0.818 0.000 -0.521 -0.245 0.435 0.000 -0.214 -0.875 0.697 -0.000 -0.703 0.143 0.991 0.000 0.129 -0.028 0.649 0.000 -0.730 0.215 0.995 0.000 0.085 -0.060 
0.713 -0.019 0.083 0.696 0.810 0.000 -0.542 -0.223 0.409 0.000 -0.334 -0.849 0.820 0.000 -0.519 -0.242 0.434 0.000 -0.213 -0.875 0.697 0.000 -0.703 0.142 0.991 -0.000 0.129 -0.027 0.650 0.000 -0.729 0.214 0.995 0.000 0.085 -0.060 
0.714 -0.019 0.083 0.695 0.811 -0.000 -0.542 -0.221 0.409 0.000 -0.340 -0.847 0.821 0.000 -0.519 -0.239 0.435 -0.000 -0.211 -0.875 0.697 0.000 -0.703 0.142 0.991 0.000 0.129 -0.027 0.649 0.000 -0.729 0.215 0.995 0.000 0.085 -0.060 
0.714 -0.019 0.082 0.695 0.811 -0.000 -0.542 -0.219 0.409 0.000 -0.340 -0.847 0.821 0.000 -0.518 -0.238 0.436 0.000 -0.210 -0.875 0.696 0.000 -0.703 0.142 0.991 0.000 0.129 -0.027 0.650 0.000 -0.729 0.214 0.995 0.000 0.085 -0.060 
0.714 -0.019 0.082 0.695 0.811 0.000 -0.543 -0.217 0.409 -0.000 -0.341 -0.846 0.822 0.000 -0.518 -0.235 0.437 0.000 -0.209 -0.875 0.696 -0.000 -0.704 0.141 0.991 -0.000 0.129 -0.027 0.650 0.000 -0.729 0.214 0.995 0.000 0.085 -0.060 
0.715 -0.019 0.083 0.694 0.812 0.000 -0.543 -0.214 0.410 0.000 -0.343 -0.845 0.824 0.000 -0.516 -0.233 0.439 0.000 -0.201 -0.876 0.697 0.000 -0.703 0.141 0.991 0.000 0.129 -0.027 0.650 0.000 -0.729 0.215 0.995 0.000 0.085 -0.060 
0.715 -0.019 0.083 0.694 0.812 0.000 -0.544 -0.211 0.410 0.000 -0.343 -0.845 0.825 0.000 -0.516 -0.230 0.440 0.000 -0.199 -0.876 0.697 0.000 -0.703 0.141 0.991 0.000 0.129 -0.027 0.650 -0.000 -0.729 0.215 0.995 0.000 0.084 -0.061 
0.715 -0.019 0.082 0.694 0.813 0.000 -0.544 -0.208 0.412 0.000 -0.345 -0.844 0.826 -0.000 -0.516 -0.227 0.442 0.000 -0.199 -0.875 0.696 0.000 -0.704 0.140 0.991 -0.000 0.129 -0.027 0.650 0.000 -0.729 0.214 0.995 0.000 0.085 -0.060 
0.715 -0.019 0.082 0.694 0.814 0.000 -0.544 -0.205 0.414 -0.000 -0.345 -0.843 0.826 0.000 -0.517 -0.224 0.444 0.000 -0.198 -0.874 0.696 0.000 -0.704 0.140 0.991 0.000 0.129 -0.027 0.650 0.000 -0.729 0.214 0.995 0.000 0.085 -0.060 
0.715 -0.019 0.082 0.694 0.815 0.000 -0.544 -0.201 0.416 -0.000 -0.347 -0.841 0.827 0.000 -0.517 -0.221 0.447 0.000 -0.197 -0.873 0.697 0.000 -0.704 0.140 0.991 0.000 0.129 -0.027 0.650 0.000 -0.729 0.215 0.995 0.000 0.085 -0.060 
0.715 -0.019 0.082 0.694 0.815 0.000 -0.545 -0.197 0.419 0.000 -0.346 -0.839 0.827 0.000 -0.518 -0.217 0.449 0.000 -0.197 -0.871 0.697 -0.000 -0.704 0.140 0.991 0.000 0.129 -0.027 0.650 0.000 -0.729 0.214 0.995 0.000 0.085 -0.060 
0.715 -0.019 0.082 0.694 0.816 0.000 -0.545 -0.192 0.422 -0.000 -0.344 -0.838 0.828 0.000 -0.518 -0.214 0.451 0.000 -0.197 -0.870 0.696 0.000 -0.704 0.139 0.991 0.000 0.129 -0.027 0.650 0.000 -0.729 0.213 0.995 0.000 0.085 -0.060 
0.715 -0.019 0.081 0.694 0.817 0.000 -0.545 -0.187 0.426 0.000 -0.346 -0.836 0.828 -0.000 -0.519 -0.211 0.454 0.000 -0.197 -0.869 0.696 0.000 -0.704 0.139 0.991 0.000 0.129 -0.027 0.650 0.000 -0.729 0.214 0.995 0.000 0.084 -0.061 
0.715 -0.019 0.081 0.694 0.818 0.000 -0.545 -0.182 0.431 0.000 -0.348 -0.833 0.828 0.000 -0.520 -0.208 0.457 0.000 -0.197 -0.867 0.696 -0.000 -0.704 0.139 0.991 -0.000 0.129 -0.027 0.650 -0.000 -0.729 0.213 0.995 -0.000 0.086 -0.060 
0.715 -0.019 0.082 0.694 0.819 0.000 -0.545 -0.177 0.436 0.000 -0.349 -0.830 0.829 0.000 -0.521 -0.205 0.461 0.000 -0.195 -0.866 0.696 0.000 -0.704 0.140 0.991 0.000 0.129 -0.028 0.650 0.000 -0.729 0.214 0.995 0.000 0.085 -0.060 
0.715 -0.019 0.082 0.694 0.820 0.000 -0.546 -0.172 0.442 0.000 -0.349 -0.826 0.829 0.000 -0.522 -0.201 0.464 0.000 -0.196 -0.864 0.696 0.000 -0.704 0.140 0.991 0.000 0.129 -0.028 0.650 -0.000 -0.729 0.214 0.995 -0.000 0.085 -0.060 
0.715 -0.019 0.082 0.694 0.821 0.000 -0.545 -0.167 0.448 0.000 -0.350 -0.823 0.829 0.000 -0.523 -0.198 0.468 0.000 -0.196 -0.862 0.696 0.000 -0.704 0.140 0.991 0.000 0.129 -0.028 0.650 0.000 -0.729 0.214 0.995 -0.000 0.085 -0.060 
0.715 -0.020 0.082 0.694 0.822 0.000 -0.545 -0.161 0.454 0.000 -0.350 -0.819 0.829 0.000 -0.524 -0.194 0.471 0.000 -0.196 -0.860 0.696 -0.000 -0.704 0.141 0.991 -0.000 0.129 -0.028 0.650 0.000 -0.729 0.215 0.995 0.000 0.085 -0.060 
0.716 -0.020 0.082 0.693 0.824 0.000 -0.545 -0.156 0.461 0.000 -0.352 -0.814 0.830 -0.000 -0.525 -0.190 0.475 0.000 -0.196 -0.858 0.696 0.000 -0.704 0.141 0.991 0.000 0.129 -0.028 0.650 0.000 -0.729 0.216 0.995 0.000 0.085 -0.061 
0.715 -0.020 0.082 0.694 0.825 0.000 -0.545 -0.151 0.469 0.000 -0.352 -0.810 0.830 0.000 -0.526 -0.187 0.479 -0.000 -0.199 -0.855 0.696 -0.000 -0.704 0.142 0.991 0.000 0.128 -0.029 0.650 0.000 -0.729 0.215 0.995 0.000 0.085 -0.061 
0.716 -0.020 0.083 0.693 0.826 0.000 -0.544 -0.145 0.477 0.000 -0.354 -0.804 0.830 0.000 -0.527 -0.182 0.482 0.000 -0.200 -0.853 0.696 -0.000 -0.703 0.142 0.991 0.000 0.128 -0.029 0.650 0.000 -0.729 0.216 0.995 0.000 0.085 -0.061 
0.715 -0.020 0.082 0.694 0.828 0.000 -0.544 -0.140 0.486 0.000 -0.355 -0.799 0.831 0.000 -0.527 -0.179 0.486 0.000 -0.203 -0.850 0.696 0.000 -0.704 0.142 0.991 0.000 0.128 -0.029 0.650 0.000 -0.728 0.216 0.995 0.000 0.085 -0.060 
0.715 -0.020 0.083 0.694 0.829 0.000 -0.543 -0.135 0.495 0.000 -0.357 -0.792 0.831 0.000 -0.529 -0.174 0.490 0.000 -0.205 -0.847 0.696 0.000 -0.703 0.143 0.991 0.000 0.128 -0.029 0.650 0.000 -0.728 0.217 0.995 0.000 0.085 -0.061 
0.715 -0.021 0.083 0.694 0.831 0.000 -0.541 -0.130 0.504 0.000 -0.357 -0.786 0.831 0.000 -0.530 -0.170 0.494 -0.000 -0.208 -0.844 0.696 0.000 -0.704 0.143 0.991 0.000 0.128 -0.029 0.650 0.000 -0.728 0.216 0.995 0.000 0.085 -0.060 
0.715 -0.021 0.083 0.694 0.832 0.000 -0.540 -0.125 0.514 0.000 -0.360 -0.779 0.831 0.000 -0.531 -0.165 0.498 0.000 -0.211 -0.841 0.696 0.000 -0.703 0.143 0.991 -0.000 0.128 -0.029 0.650 0.000 -0.728 0.217 0.995 0.000 0.085 -0.061 
0.715 -0.021 0.083 0.694 0.834 -0.000 -0.539 -0.121 0.524 0.000 -0.361 -0.772 0.831 -0.000 -0.532 -0.161 0.503 0.000 -0.215 -0.837 0.696 0.000 -0.703 0.144 0.991 -0.000 0.128 -0.029 0.650 0.000 -0.728 0.217 0.995 0.000 0.085 -0.061 
0.715 -0.021 0.084 0.694 0.835 -0.000 -0.537 -0.118 0.533 -0.000 -0.362 -0.765 0.831 0.000 -0.533 -0.156 0.507 0.000 -0.219 -0.834 0.696 -0.000 -0.703 0.144 0.991 0.000 0.128 -0.029 0.650 0.000 -0.728 0.217 0.995 0.000 0.085 -0.060 
0.714 -0.021 0.083 0.694 0.837 0.000 -0.536 -0.113 0.542 -0.000 -0.363 -0.758 0.832 0.000 -0.534 -0.153 0.512 -0.000 -0.223 -0.830 0.696 0.000 -0.704 0.144 0.991 0.000 0.128 -0.028 0.650 0.000 -0.728 0.217 0.995 0.000 0.085 -0.060 
0.714 -0.021 0.083 0.695 0.838 0.000 -0.535 -0.109 0.550 0.000 -0.364 -0.751 0.832 -0.000 -0.535 -0.148 0.516 0.000 -0.228 -0.826 0.696 0.000 -0.704 0.144 0.991 0.000 0.128 -0.028 0.650 -0.000 -0.728 0.217 0.995 0.000 0.086 -0.060 
0.714 -0.021 0.083 0.695 0.840 0.000 -0.533 -0.105 0.558 0.000 -0.365 -0.745 0.832 0.000 -0.536 -0.143 0.521 0.000 -0.233 -0.821 0.696 0.000 -0.704 0.144 0.991 0.000 0.129 -0.028 0.650 0.000 -0.728 0.217 0.995 0.000 0.086 -0.060 
0.714 -0.021 0.084 0.695 0.841 0.000 -0.531 -0.101 0.565 0.000 -0.366 -0.740 0.832 0.000 -0.537 -0.139 0.525 0.000 -0.239 -0.817 0.696 0.000 -0.704 0.144 0.991 0.000 0.129 -0.028 0.650 0.000 -0.728 0.216 0.995 0.000 0.086 -0.060 
0.714 -0.021 0.084 0.695 0.843 0.000 -0.530 -0.096 0.571 0.000 -0.368 -0.734 0.832 0.000 -0.538 -0.133 0.529 0.000 -0.244 -0.813 0.696 0.000 -0.703 0.144 0.991 -0.000 0.129 -0.028 0.650 0.000 -0.728 0.217 0.995 0.000 0.085 -0.060 
0.714 -0.021 0.084 0.695 0.844 0.000 -0.528 -0.092 0.577 0.000 -0.370 -0.729 0.833 0.000 -0.539 -0.128 0.534 -0.000 -0.250 -0.808 0.696 0.000 -0.703 0.144 0.991 0.000 0.129 -0.028 0.650 0.000 -0.728 0.217 0.995 0.000 0.085 -0.060 
0.714 -0.021 0.083 0.695 0.846 0.000 -0.526 -0.087 0.581 -0.000 -0.371 -0.724 0.833 -0.000 -0.540 -0.123 0.539 0.000 -0.257 -0.802 0.696 0.000 -0.704 0.144 0.991 -0.000 0.129 -0.028 0.650 0.000 -0.728 0.216 0.995 -0.000 0.085 -0.060 
0.714 -0.020 0.083 0.695 0.847 -0.000 -0.525 -0.082 0.586 -0.000 -0.373 -0.719 0.833 0.000 -0.541 -0.118 0.544 0.000 -0.263 -0.797 0.696 -0.000 -0.704 0.143 0.991 0.000 0.129 -0.028 0.650 0.000 -0.728 0.216 0.995 0.000 0.085 -0.060 
0.713 -0.020 0.083 0.696 0.848 0.000 -0.524 -0.078 0.590 -0.000 -0.375 -0.715 0.833 0.000 -0.542 -0.113 0.549 -0.000 -0.270 -0.791 0.696 0.000 -0.704 0.143 0.991 -0.000 0.129 -0.027 0.650 0.000 -0.729 0.214 0.995 0.000 0.086 -0.059 
0.713 -0.020 0.083 0.696 0.850 0.000 -0.522 -0.073 0.594 0.000 -0.378 -0.710 0.833 0.000 -0.543 -0.107 0.555 0.000 -0.277 -0.785 0.696 0.000 -0.704 0.143 0.991 0.000 0.129 -0.028 0.650 -0.000 -0.729 0.214 0.995 0.000 0.086 -0.059 
0.713 -0.020 0.083 0.696 0.851 0.000 -0.521 -0.069 0.598 0.000 -0.379 -0.706 0.832 0.000 -0.545 -0.102 0.560 0.000 -0.285 -0.778 0.696 0.000 -0.704 0.142 0.991 -0.000 0.129 -0.027 0.650 -0.000 -0.729 0.214 0.995 0.000 0.086 -0.059 
0.713 -0.019 0.082 0.696 0.852 0.000 -0.519 -0.064 0.601 0.000 -0.381 -0.703 0.832 0.000 -0.546 -0.096 0.566 0.000 -0.291 -0.772 0.696 0.000 -0.704 0.142 0.991 0.000 0.129 -0.027 0.650 -0.000 -0.729 0.213 0.995 0.000 0.086 -0.059 
0.713 -0.019 0.082 0.696 0.853 -0.000 -0.518 -0.060 0.604 0.000 -0.382 -0.699 0.832 0.000 -0.547 -0.091 0.571 0.000 -0.298 -0.765 0.696 0.000 -0.704 0.141 0.991 -0.000 0.129 -0.027 0.650 0.000 -0.729 0.213 0.995 -0.000 0.086 -0.059 
0.713 -0.019 0.082 0.696 0.854 0.000 -0.517 -0.055 0.607 -0.000 -0.385 -0.695 0.832 0.000 -0.548 -0.087 0.577 0.000 -0.305 -0.758 0.696 0.000 -0.704 0.141 0.991 0.000 0.129 -0.027 0.650 0.000 -0.730 0.212 0.995 0.000 0.086 -0.059 
0.713 -0.019 0.082 0.696 0.855 0.000 -0.516 -0.050 0.610 0.000 -0.387 -0.692 0.831 0.000 -0.550 -0.082 0.583 0.000 -0.310 -0.751 0.696 0.000 -0.704 0.141 0.991 -0.000 0.129 -0.027 0.650 0.000 -0.730 0.212 0.995 0.000 0.086 -0.059 
0.713 -0.019 0.082 0.697 0.856 -0.000 -0.515 -0.047 0.613 0.000 -0.389 -0.688 0.831 0.000 -0.551 -0.077 0.588 0.000 -0.317 -0.744 0.696 0.000 -0.704 0.141 0.991 -0.000 0.129 -0.027 0.650 0.000 -0.730 0.212 0.995 0.000 0.086 -0.059 
0.712 -0.019 0.082 0.697 0.857 0.000 -0.514 -0.042 0.615 0.000 -0.391 -0.685 0.831 0.000 -0.552 -0.073 0.593 0.000 -0.324 -0.737 0.696 0.000 -0.704 0.141 0.991 0.000 0.129 -0.027 0.650 0.000 -0.730 0.211 0.995 0.000 0.086 -0.059 
0.712 -0.019 0.082 0.697 0.858 -0.000 -0.513 -0.038 0.617 0.000 -0.392 -0.682 0.830 -0.000 -0.553 -0.068 0.598 0.000 -0.332 -0.730 0.696 0.000 -0.704 0.141 0.991 0.000 0.129 -0.027 0.650 0.000 -0.730 0.211 0.995 0.000 0.086 -0.059 
0.712 -0.018 0.082 0.697 0.858 -0.000 -0.512 -0.035 0.620 0.000 -0.394 -0.678 0.830 0.000 -0.554 -0.065 0.603 0.000 -0.338 -0.722 0.696 0.000 -0.704 0.141 0.991 0.000 0.129 -0.027 0.650 0.000 -0.730 0.211 0.995 0.000 0.086 -0.058 
0.712 -0.018 0.082 0.697 0.859 0.000 -0.512 -0.031 0.622 0.000 -0.396 -0.675 0.830 0.000 -0.555 -0.062 0.608 0.000 -0.344 -0.715 0.696 0.000 -0.704 0.141 0.991 0.000 0.129 -0.027 0.650 0.000 -0.730 0.211 0.995 -0.000 0.086 -0.059 
0.712 -0.018 0.082 0.697 0.859 0.000 -0.511 -0.027 0.624 0.000 -0.399 -0.672 0.829 0.000 -0.556 -0.058 0.613 0.000 -0.351 -0.708 0.696 -0.000 -0.704 0.141 0.991 0.000 0.129 -0.027 0.650 0.000 -0.730 0.211 0.995 0.000 0.086 -0.058 
0.712 -0.018 0.082 0.697 0.859 0.000 -0.511 -0.023 0.626 0.000 -0.400 -0.670 0.829 0.000 -0.556 -0.056 0.617 0.000 -0.358 -0.701 0.696 0.000 -0.704 0.141 0.991 0.000 0.129 -0.027 0.650 0.000 -0.730 0.211 0.995 -0.000 0.086 -0.058 
0.712 -0.018 0.082 0.697 0.859 0.000 -0.511 -0.020 0.628 0.000 -0.402 -0.667 0.829 0.000 -0.557 -0.054 0.622 0.000 -0.364 -0.694 0.697 -0.000 -0.704 0.141 0.991 0.000 0.129 -0.027 0.650 -0.000 -0.730 0.210 0.995 -0.000 0.086 -0.058 
0.712 -0.019 0.082 0.698 0.859 -0.000 -0.511 -0.017 0.629 0.000 -0.404 -0.664 0.828 0.000 -0.558 -0.052 0.626 -0.000 -0.371 -0.687 0.697 0.000 -0.703 0.141 0.991 0.000 0.129 -0.027 0.650 0.000 -0.730 0.211 0.995 -0.000 0.086 -0.058 
0.711 -0.019 0.082 0.698 0.859 -0.000 -0.512 -0.013 0.630 0.000 -0.407 -0.661 0.828 0.000 -0.559 -0.051 0.630 -0.000 -0.377 -0.679 0.697 0.000 -0.703 0.141 0.991 0.000 0.129 -0.027 0.650 0.000 -0.730 0.211 0.995 0.000 0.086 -0.058 
0.711 -0.019 0.083 0.698 0.859 0.000 -0.512 -0.010 0.632 0.000 -0.410 -0.658 0.828 0.000 -0.559 -0.050 0.634 -0.000 -0.382 -0.673 0.697 0.000 -0.703 0.142 0.991 0.000 0.129 -0.027 0.650 0.000 -0.730 0.211 0.995 0.000 0.086 -0.058 
0.711 -0.019 0.083 0.698 0.859 0.000 -0.513 -0.007 0.633 0.000 -0.412 -0.655 0.827 -0.000 -0.560 -0.050 0.637 0.000 -0.389 -0.665 0.697 -0.000 -0.703 0.142 0.991 -0.000 0.129 -0.027 0.650 0.000 -0.730 0.211 0.995 0.000 0.086 -0.058 
0.711 -0.019 0.083 0.698 0.858 0.000 -0.513 -0.005 0.634 0.000 -0.416 -0.652 0.827 0.000 -0.560 -0.050 0.641 0.000 -0.395 -0.658 0.697 0.000 -0.703 0.141 0.991 0.000 0.129 -0.027 0.649 0.000 -0.731 0.211 0.995 0.000 0.086 -0.059 
0.711 -0.018 0.083 0.698 0.858 -0.000 -0.514 -0.002 0.635 0.000 -0.420 -0.648 0.827 0.000 -0.560 -0.051 0.645 0.000 -0.400 -0.651 0.697 0.000 -0.703 0.141 0.991 0.000 0.129 -0.027 0.649 0.000 -0.731 0.211 0.995 0.000 0.086 -0.059 
0.711 -0.018 0.082 0.699 0.857 0.000 -0.515 0.000 0.637 0.000 -0.425 -0.644 0.826 0.000 -0.561 -0.053 0.648 0.000 -0.407 -0.644 0.697 0.000 -0.703 0.141 0.991 0.000 0.129 -0.027 0.649 0.000 -0.731 0.210 0.995 0.000 0.086 -0.059 
0.710 -0.018 0.082 0.699 0.857 0.000 -0.516 0.002 0.638 -0.000 -0.429 -0.639 0.826 0.000 -0.561 -0.055 0.651 0.000 -0.413 -0.637 0.697 0.000 -0.703 0.141 0.991 0.000 0.129 -0.027 0.649 0.000 -0.731 0.210 0.995 0.000 0.086 -0.059 
0.710 -0.018 0.082 0.699 0.856 0.000 -0.517 0.004 0.639 0.000 -0.434 -0.635 0.826 -0.000 -0.561 -0.057 0.654 0.000 -0.420 -0.630 0.697 0.000 -0.703 0.140 0.991 -0.000 0.129 -0.026 0.649 0.000 -0.731 0.209 0.995 0.000 0.086 -0.059 
0.710 -0.018 0.082 0.700 0.855 -0.000 -0.519 0.006 0.640 0.000 -0.438 -0.631 0.826 -0.000 -0.561 -0.060 0.656 0.000 -0.426 -0.623 0.697 0.000 -0.704 0.139 0.991 -0.000 0.129 -0.026 0.649 0.000 -0.732 0.207 0.995 0.000 0.086 -0.058 
0.710 -0.017 0.082 0.700 0.854 -0.000 -0.520 0.008 0.640 0.000 -0.444 -0.627 0.825 -0.000 -0.562 -0.062 0.658 -0.000 -0.433 -0.616 0.697 0.000 -0.703 0.139 0.991 0.000 0.129 -0.026 0.649 -0.000 -0.732 0.207 0.995 0.000 0.086 -0.059 
0.709 -0.016 0.081 0.700 0.854 -0.000 -0.521 0.010 0.641 -0.000 -0.449 -0.623 0.824 0.000 -0.563 -0.066 0.661 0.000 -0.437 -0.610 0.697 0.000 -0.703 0.138 0.991 0.000 0.129 -0.026 0.649 0.000 -0.732 0.206 0.995 0.000 0.086 -0.058 
0.709 -0.016 0.081 0.700 0.853 0.000 -0.522 0.012 0.641 0.000 -0.455 -0.618 0.823 0.000 -0.564 -0.069 0.664 -0.000 -0.442 -0.604 0.697 0.000 -0.704 0.137 0.991 0.000 0.129 -0.026 0.649 0.000 -0.733 0.204 0.995 0.000 0.086 -0.058 
0.709 -0.015 0.080 0.701 0.852 0.000 -0.523 0.013 0.641 0.000 -0.460 -0.614 0.822 0.000 -0.565 -0.073 0.665 0.000 -0.446 -0.599 0.697 0.000 -0.704 0.135 0.991 0.000 0.129 -0.025 0.649 0.000 -0.734 0.202 0.995 0.000 0.087 -0.058 
0.708 -0.014 0.080 0.701 0.851 -0.000 -0.525 0.015 0.641 0.000 -0.466 -0.610 0.821 -0.000 -0.565 -0.076 0.667 0.000 -0.450 -0.594 0.698 0.000 -0.704 0.134 0.991 0.000 0.129 -0.025 0.649 0.000 -0.734 0.201 0.995 -0.000 0.087 -0.058 
0.708 -0.013 0.079 0.701 0.850 0.000 -0.526 0.016 0.641 0.000 -0.471 -0.606 0.819 0.000 -0.569 -0.079 0.669 0.000 -0.454 -0.588 0.698 0.000 -0.704 0.133 0.991 0.000 0.130 -0.025 0.649 0.000 -0.735 0.199 0.995 0.000 0.087 -0.057 
0.708 -0.012 0.078 0.702 0.849 0.000 -0.527 0.017 0.641 0.000 -0.477 -0.602 0.818 0.000 -0.570 -0.082 0.670 0.000 -0.458 -0.584 0.698 0.000 -0.704 0.131 0.991 0.000 0.130 -0.024 0.649 0.000 -0.735 0.197 0.995 0.000 0.087 -0.057 
0.708 -0.012 0.078 0.702 0.849 0.000 -0.529 0.018 0.641 0.000 -0.482 -0.597 0.817 0.000 -0.571 -0.085 0.670 0.000 -0.461 -0.582 0.698 0.000 -0.704 0.130 0.991 0.000 0.130 -0.024 0.649 -0.000 -0.736 0.196 0.995 0.000 0.087 -0.057 
0.708 -0.011 0.077 0.702 0.848 0.000 -0.530 0.019 0.640 0.000 -0.487 -0.594 0.816 0.000 -0.572 -0.088 0.670 0.000 -0.465 -0.579 0.698 -0.000 -0.705 0.128 0.991 0.000 0.130 -0.024 0.648 0.000 -0.736 0.193 0.995 0.000 0.087 -0.057 
0.707 -0.010 0.076 0.703 0.847 0.000 -0.531 0.019 0.640 0.000 -0.492 -0.591 0.815 0.000 -0.573 -0.091 0.670 0.000 -0.469 -0.576 0.698 0.000 -0.705 0.126 0.991 0.000 0.130 -0.023 0.648 -0.000 -0.737 0.191 0.995 0.000 0.087 -0.056 
-0.707 0.009 -0.075 -0.703 0.846 0.000 -0.532 0.019 0.639 0.000 -0.495 -0.588 0.814 0.000 -0.573 -0.094 0.670 0.000 -0.473 -0.573 0.698 0.000 -0.705 0.124 0.991 0.000 0.130 -0.023 0.650 0.000 -0.736 0.188 0.995 0.000 0.086 -0.055 
-0.706 0.008 -0.074 -0.704 0.845 0.000 -0.534 0.019 0.639 0.000 -0.499 -0.585 0.813 0.000 -0.574 -0.097 0.669 -0.000 -0.476 -0.571 0.698 0.000 -0.706 0.123 0.991 0.000 0.130 -0.023 0.650 0.000 -0.737 0.186 0.995 0.000 0.086 -0.055 
-0.706 0.007 -0.074 -0.704 0.845 0.000 -0.535 0.019 0.639 0.000 -0.503 -0.582 0.812 0.000 -0.575 -0.100 0.669 -0.000 -0.479 -0.569 0.698 0.000 -0.706 0.121 0.991 0.000 0.130 -0.022 0.650 0.000 -0.738 0.184 0.995 0.000 0.086 -0.055 
-0.706 0.006 -0.073 -0.704 0.844 0.000 -0.536 0.019 0.638 -0.000 -0.507 -0.579 0.811 0.000 -0.576 -0.102 0.669 0.000 -0.482 -0.566 0.698 0.000 -0.706 0.119 0.991 0.000 0.130 -0.022 0.650 0.000 -0.738 0.182 0.995 -0.000 0.086 -0.054 
-0.706 0.005 -0.072 -0.705 0.843 0.000 -0.538 0.019 0.638 -0.000 -0.510 -0.576 0.810 0.000 -0.577 -0.106 0.669 0.000 -0.484 -0.564 0.698 0.000 -0.706 0.118 0.991 0.000 0.130 -0.022 0.650 -0.000 -0.738 0.180 0.995 0.000 0.086 -0.054 
-0.706 0.005 -0.072 -0.705 0.842 0.000 -0.539 0.018 0.639 0.000 -0.513 -0.573 0.809 -0.000 -0.578 -0.109 0.669 0.000 -0.486 -0.562 0.698 0.000 -0.707 0.116 0.991 -0.000 0.131 -0.021 0.650 0.000 -0.739 0.178 0.995 0.000 0.086 -0.054 
-0.705 0.004 -0.071 -0.705 0.841 0.000 -0.541 0.018 0.639 0.000 -0.515 -0.572 0.808 0.000 -0.578 -0.111 0.669 0.000 -0.489 -0.560 0.698 0.000 -0.707 0.115 0.991 0.000 0.131 -0.021 0.650 0.000 -0.740 0.177 0.995 -0.000 0.087 -0.054 
-0.705 0.004 -0.071 -0.705 0.840 0.000 -0.542 0.017 0.639 0.000 -0.518 -0.569 0.807 0.000 -0.579 -0.115 0.669 0.000 -0.490 -0.559 0.698 0.000 -0.707 0.114 0.991 0.000 0.131 -0.020 0.650 0.000 -0.740 0.176 0.995 0.000 0.086 -0.054 
-0.705 0.003 -0.070 -0.706 0.840 0.000 -0.543 0.016 0.639 0.000 -0.520 -0.567 0.806 0.000 -0.580 -0.117 0.669 0.000 -0.491 -0.558 0.698 0.000 -0.707 0.112 0.991 0.000 0.131 -0.020 0.649 0.000 -0.740 0.174 0.995 0.000 0.087 -0.054 
-0.705 0.002 -0.070 -0.705 0.839 0.000 -0.544 0.016 0.639 0.000 -0.522 -0.565 0.806 0.000 -0.580 -0.120 0.669 0.000 -0.491 -0.557 0.698 0.000 -0.707 0.111 0.991 0.000 0.131 -0.019 0.649 0.000 -0.741 0.173 0.995 0.000 0.087 -0.054 
-0.705 0.002 -0.069 -0.706 0.838 0.000 -0.545 0.015 0.640 0.000 -0.523 -0.564 0.805 -0.000 -0.581 -0.122 0.669 0.000 -0.492 -0.557 0.698 0.000 -0.708 0.109 0.991 -0.000 0.131 -0.019 0.649 0.000 -0.741 0.172 0.995 0.000 0.087 -0.054 
-0.705 0.001 -0.069 -0.706 0.838 -0.000 -0.546 0.014 0.640 -0.000 -0.523 -0.563 0.804 0.000 -0.581 -0.124 0.669 0.000 -0.493 -0.557 0.698 -0.000 -0.708 0.108 0.991 0.000 0.131 -0.018 0.649 0.000 -0.741 0.170 0.995 0.000 0.087 -0.053 
-0.705 0.001 -0.068 -0.706 0.837 0.000 -0.547 0.013 0.640 0.000 -0.524 -0.562 0.804 -0.000 -0.582 -0.125 0.668 0.000 -0.494 -0.556 0.698 0.000 -0.708 0.106 0.991 0.000 0.131 -0.017 0.649 0.000 -0.742 0.169 0.995 0.000 0.087 -0.053 
-0.705 0.000 -0.068 -0.706 0.836 0.000 -0.548 0.012 0.641 0.000 -0.524 -0.561 0.803 -0.000 -0.582 -0.127 0.669 0.000 -0.493 -0.556 0.698 0.000 -0.708 0.105 0.991 0.000 0.132 -0.017 0.649 0.000 -0.742 0.168 0.995 0.000 0.087 -0.053 
-0.705 0.000 -0.068 -0.706 0.836 0.000 -0.549 0.011 0.641 0.000 -0.524 -0.561 0.803 -0.000 -0.582 -0.128 0.669 0.000 -0.493 -0.557 0.698 0.000 -0.709 0.104 0.991 -0.000 0.132 -0.016 0.649 -0.000 -0.742 0.167 0.995 0.000 0.087 -0.054 
-0.705 -0.000 -0.067 -0.706 0.835 0.000 -0.550 0.011 0.641 0.000 -0.524 -0.560 0.802 0.000 -0.583 -0.130 0.669 0.000 -0.492 -0.557 0.698 0.000 -0.709 0.102 0.991 0.000 0.132 -0.016 0.649 0.000 -0.742 0.167 0.995 -0.000 0.087 -0.054 
-0.705 -0.000 -0.067 -0.706 0.835 0.000 -0.550 0.011 0.641 0.000 -0.524 -0.561 0.802 0.000 -0.583 -0.130 0.669 0.000 -0.492 -0.557 0.698 0.000 -0.709 0.101 0.991 0.000 0.132 -0.016 0.650 0.000 -0.742 0.166 0.995 0.000 0.087 -0.054 
-0.705 -0.001 -0.066 -0.706 0.835 0.000 -0.551 0.010 0.641 -0.000 -0.524 -0.561 0.802 0.000 -0.583 -0.130 0.668 0.000 -0.492 -0.559 0.698 0.000 -0.709 0.100 0.991 0.000 0.132 -0.015 0.650 0.000 -0.742 0.165 0.995 0.000 0.087 -0.054 
-0.706 -0.001 -0.066 -0.706 0.834 -0.000 -0.551 0.010 0.641 0.000 -0.523 -0.561 0.802 0.000 -0.583 -0.129 0.667 0.000 -0.492 -0.559 0.698 -0.000 -0.709 0.099 0.991 0.000 0.132 -0.015 0.650 0.000 -0.742 0.164 0.995 0.000 0.087 -0.053 
-0.706 -0.001 -0.066 -0.705 0.834 0.000 -0.552 0.009 0.641 -0.000 -0.523 -0.562 0.802 0.000 -0.583 -0.128 0.667 0.000 -0.492 -0.560 0.698 0.000 -0.710 0.098 0.991 0.000 0.132 -0.014 0.650 0.000 -0.742 0.163 0.995 0.000 0.087 -0.054 
-0.706 -0.001 -0.065 -0.705 0.834 0.000 -0.552 0.009 0.641 0.000 -0.522 -0.563 0.803 0.000 -0.582 -0.128 0.666 0.000 -0.491 -0.562 0.698 0.000 -0.710 0.097 0.991 -0.000 0.132 -0.014 0.650 0.000 -0.743 0.163 0.995 0.000 0.087 -0.055 
-0.706 -0.002 -0.065 -0.705 0.834 0.000 -0.552 0.008 0.641 -0.000 -0.522 -0.563 0.803 0.000 -0.582 -0.127 0.665 0.000 -0.490 -0.563 0.698 0.000 -0.710 0.096 0.991 0.000 0.132 -0.013 0.650 0.000 -0.743 0.163 0.995 0.000 0.088 -0.054 
-0.707 -0.002 -0.065 -0.704 0.834 0.000 -0.551 0.008 0.640 0.000 -0.522 -0.564 0.803 0.000 -0.582 -0.125 0.665 0.000 -0.490 -0.564 0.698 -0.000 -0.710 0.095 0.991 0.000 0.132 -0.013 0.648 0.000 -0.744 0.164 0.995 -0.000 0.089 -0.056 
-0.707 -0.002 -0.065 -0.704 0.834 0.000 -0.551 0.007 0.640 0.000 -0.521 -0.565 0.804 -0.000 -0.582 -0.123 0.664 0.000 -0.489 -0.566 0.698 -0.000 -0.710 0.094 0.991 0.000 0.132 -0.013 0.648 0.000 -0.744 0.163 0.994 0.000 0.089 -0.056 
0.707 0.002 0.065 0.704 0.834 0.000 -0.551 0.007 0.639 0.000 -0.521 -0.566 0.804 0.000 -0.582 -0.122 0.663 0.000 -0.489 -0.566 0.698 0.000 -0.710 0.094 0.991 0.000 0.132 -0.013 0.648 0.000 -0.744 0.163 0.994 0.000 0.089 -0.056 
0.707 0.002 0.065 0.704 0.835 0.000 -0.551 0.007 0.639 0.000 -0.521 -0.566 0.805 0.000 -0.581 -0.120 0.663 0.000 -0.488 -0.567 0.698 0.000 -0.710 0.093 0.991 0.000 0.133 -0.013 0.649 0.000 -0.744 0.163 0.994 0.000 0.088 -0.056 
0.708 0.002 0.065 0.704 0.835 0.000 -0.551 0.007 0.638 0.000 -0.521 -0.566 0.805 0.000 -0.581 -0.119 0.663 0.000 -0.488 -0.568 0.698 0.000 -0.710 0.093 0.991 0.000 0.132 -0.012 0.648 0.000 -0.744 0.163 0.994 0.000 0.089 -0.056 
0.708 0.002 0.065 0.703 0.835 0.000 -0.550 0.007 0.638 0.000 -0.521 -0.567 0.806 -0.000 -0.581 -0.117 0.663 0.000 -0.487 -0.569 0.698 0.000 -0.710 0.092 0.991 0.000 0.133 -0.012 0.648 0.000 -0.744 0.163 0.994 0.000 0.088 -0.057 
0.708 0.002 0.064 0.703 0.835 0.000 -0.550 0.007 0.638 0.000 -0.521 -0.567 0.806 0.000 -0.581 -0.115 0.662 -0.000 -0.488 -0.569 0.698 0.000 -0.711 0.091 0.991 0.000 0.133 -0.012 0.649 0.000 -0.744 0.163 0.994 0.000 0.089 -0.057 
0.708 0.002 0.064 0.703 0.835 0.000 -0.550 0.006 0.637 0.000 -0.522 -0.567 0.807 0.000 -0.580 -0.114 0.662 -0.000 -0.487 -0.570 0.698 0.000 -0.711 0.090 0.991 0.000 0.133 -0.012 0.649 0.000 -0.744 0.163 0.994 0.000 0.088 -0.057 
0.708 0.002 0.064 0.703 0.836 0.000 -0.549 0.006 0.637 -0.000 -0.523 -0.566 0.807 0.000 -0.580 -0.112 0.662 0.000 -0.487 -0.569 0.698 0.000 -0.711 0.090 0.991 0.000 0.133 -0.011 0.649 0.000 -0.744 0.163 0.994 0.000 0.088 -0.057 
0.709 0.002 0.064 0.703 0.836 0.000 -0.548 0.005 0.637 0.000 -0.524 -0.566 0.807 0.000 -0.580 -0.110 0.662 0.000 -0.488 -0.569 0.698 0.000 -0.711 0.090 0.991 0.000 0.133 -0.012 0.649 0.000 -0.743 0.163 0.994 0.000 0.088 -0.057 
0.709 0.002 0.064 0.702 0.837 0.000 -0.548 0.005 0.636 0.000 -0.524 -0.566 0.808 0.000 -0.579 -0.109 0.662 -0.000 -0.487 -0.569 0.698 0.000 -0.711 0.089 0.991 0.000 0.133 -0.012 0.649 0.000 -0.743 0.163 0.994 0.000 0.088 -0.058 
0.709 0.002 0.064 0.702 0.837 0.000 -0.547 0.004 0.636 0.000 -0.525 -0.566 0.808 0.000 -0.579 -0.108 0.663 0.000 -0.487 -0.569 0.698 0.000 -0.711 0.089 0.991 0.000 0.133 -0.012 0.649 0.000 -0.744 0.163 0.994 0.000 0.088 -0.058 
0.709 0.002 0.064 0.702 0.838 0.000 -0.546 0.003 0.636 0.000 -0.526 -0.565 0.808 -0.000 -0.579 -0.106 0.663 0.000 -0.488 -0.568 0.698 0.000 -0.711 0.089 0.991 0.000 0.133 -0.012 0.649 0.000 -0.744 0.163 0.994 0.000 0.088 -0.058 
0.710 0.002 0.064 0.702 0.838 -0.000 -0.546 0.002 0.636 0.000 -0.527 -0.564 0.809 0.000 -0.579 -0.105 0.663 0.000 -0.488 -0.568 0.698 -0.000 -0.711 0.089 0.991 0.000 0.133 -0.012 0.649 -0.000 -0.743 0.163 0.994 0.000 0.088 -0.058 
0.710 0.002 0.064 0.702 0.838 0.000 -0.545 0.001 0.636 -0.000 -0.528 -0.563 0.809 -0.000 -0.578 -0.104 0.663 0.000 -0.489 -0.567 0.698 0.000 -0.711 0.088 0.991 0.000 0.133 -0.012 0.649 -0.000 -0.744 0.162 0.994 0.000 0.088 -0.058 
0.710 0.002 0.063 0.701 0.839 0.000 -0.545 -0.000 0.636 0.000 -0.530 -0.560 0.810 0.000 -0.578 -0.103 0.663 0.000 -0.489 -0.567 0.698 0.000 -0.711 0.087 0.991 0.000 0.133 -0.012 0.649 0.000 -0.744 0.162 0.994 0.000 0.088 -0.058 
0.710 0.002 0.063 0.701 0.839 0.000 -0.544 -0.002 0.637 0.000 -0.531 -0.559 0.810 -0.000 -0.578 -0.102 0.663 -0.000 -0.489 -0.567 0.698 0.000 -0.711 0.087 0.991 -0.000 0.132 -0.012 0.649 0.000 -0.744 0.162 0.994 0.000 0.088 -0.058 
0.711 0.003 0.063 0.701 0.839 -0.000 -0.544 -0.003 0.637 0.000 -0.532 -0.558 0.810 0.000 -0.578 -0.101 0.663 0.000 -0.490 -0.566 0.698 0.000 -0.711 0.086 0.991 -0.000 0.132 -0.012 0.649 0.000 -0.744 0.162 0.994 0.000 0.088 -0.058 
0.711 0.003 0.063 0.701 0.839 -0.000 -0.543 -0.005 0.638 0.000 -0.532 -0.557 0.810 -0.000 -0.578 -0.100 0.663 0.000 -0.491 -0.566 0.698 0.000 -0.711 0.086 0.991 -0.000 0.132 -0.013 0.649 0.000 -0.744 0.161 0.994 0.000 0.088 -0.059 
0.711 0.003 0.063 0.700 0.840 0.000 -0.543 -0.007 0.638 0.000 -0.533 -0.556 0.810 0.000 -0.577 -0.099 0.662 0.000 -0.492 -0.565 0.698 0.000 -0.711 0.086 0.991 0.000 0.132 -0.013 0.648 0.000 -0.744 0.161 0.994 -0.000 0.088 -0.059 
0.711 0.003 0.063 0.700 0.840 -0.000 -0.543 -0.009 0.639 0.000 -0.533 -0.554 0.811 0.000 -0.577 -0.099 0.662 0.000 -0.493 -0.565 0.698 0.000 -0.711 0.085 0.991 -0.000 0.132 -0.013 0.648 0.000 -0.744 0.161 0.994 0.000 0.088 -0.059 
0.712 0.003 0.062 0.700 0.840 -0.000 -0.543 -0.011 0.640 -0.000 -0.533 -0.553 0.811 0.000 -0.577 -0.097 0.662 0.000 -0.494 -0.564 0.698 0.000 -0.711 0.084 0.991 -0.000 0.132 -0.013 0.649 0.000 -0.744 0.160 0.994 0.000 0.087 -0.058 
0.712 0.004 0.062 0.700 0.840 -0.000 -0.543 -0.013 0.641 0.000 -0.534 -0.551 0.811 0.000 -0.577 -0.097 0.661 -0.000 -0.495 -0.564 0.698 -0.000 -0.711 0.084 0.991 -0.000 0.132 -0.013 0.649 0.000 -0.744 0.160 0.994 0.000 0.087 -0.059 
0.712 0.004 0.062 0.699 0.840 0.000 -0.543 -0.015 0.643 -0.000 -0.533 -0.551 0.811 0.000 -0.577 -0.096 0.661 0.000 -0.496 -0.563 0.698 0.000 -0.711 0.083 0.991 -0.000 0.132 -0.013 0.649 0.000 -0.744 0.159 0.994 0.000 0.087 -0.058 
0.712 0.004 0.062 0.699 0.839 0.000 -0.543 -0.017 0.644 0.000 -0.532 -0.550 0.811 -0.000 -0.578 -0.096 0.661 0.000 -0.497 -0.563 0.698 0.000 -0.711 0.083 0.991 0.000 0.132 -0.013 0.648 0.000 -0.744 0.159 0.994 0.000 0.087 -0.058 
0.713 0.004 0.062 0.699 0.839 0.000 -0.543 -0.018 0.645 0.000 -0.531 -0.549 0.811 0.000 -0.578 -0.095 0.660 0.000 -0.497 -0.563 0.698 -0.000 -0.711 0.083 0.991 0.000 0.132 -0.013 0.648 0.000 -0.744 0.159 0.994 0.000 0.087 -0.058 
0.713 0.004 0.061 0.699 0.839 0.000 -0.544 -0.020 0.646 -0.000 -0.530 -0.549 0.811 0.000 -0.578 -0.095 0.660 0.000 -0.497 -0.563 0.698 0.000 -0.711 0.082 0.991 0.000 0.132 -0.013 0.648 0.000 -0.745 0.158 0.994 0.000 0.087 -0.058 
0.713 0.005 0.061 0.698 0.839 0.000 -0.544 -0.022 0.647 -0.000 -0.529 -0.549 0.811 0.000 -0.578 -0.094 0.659 0.000 -0.498 -0.563 0.698 0.000 -0.711 0.081 0.991 0.000 0.132 -0.014 0.648 0.000 -0.745 0.158 0.995 0.000 0.087 -0.058 
0.714 0.005 0.061 0.698 0.839 -0.000 -0.544 -0.023 0.648 -0.000 -0.528 -0.549 0.811 0.000 -0.578 -0.093 0.659 0.000 -0.496 -0.566 0.698 0.000 -0.711 0.080 0.991 0.000 0.132 -0.014 0.648 0.000 -0.745 0.157 0.995 0.000 0.087 -0.058 
0.714 0.005 0.061 0.698 0.838 0.000 -0.544 -0.025 0.648 -0.000 -0.527 -0.550 0.811 0.000 -0.578 -0.092 0.658 0.000 -0.497 -0.566 0.699 0.000 -0.711 0.080 0.991 0.000 0.132 -0.013 0.648 0.000 -0.745 0.157 0.995 0.000 0.087 -0.058 
0.714 0.005 0.060 0.697 0.838 0.000 -0.545 -0.026 0.649 -0.000 -0.526 -0.550 0.811 0.000 -0.578 -0.092 0.657 0.000 -0.497 -0.567 0.698 0.000 -0.711 0.079 0.991 -0.000 0.132 -0.013 0.649 -0.000 -0.745 0.157 0.995 0.000 0.086 -0.059 
0.714 0.005 0.060 0.697 0.838 0.000 -0.545 -0.027 0.649 0.000 -0.524 -0.551 0.811 0.000 -0.579 -0.091 0.657 -0.000 -0.497 -0.567 0.699 0.000 -0.711 0.078 0.991 0.000 0.132 -0.013 0.649 0.000 -0.745 0.157 0.995 -0.000 0.086 -0.059 
0.715 0.006 0.060 0.697 0.838 0.000 -0.545 -0.028 0.650 0.000 -0.523 -0.552 0.811 0.000 -0.579 -0.090 0.656 0.000 -0.497 -0.568 0.699 0.000 -0.711 0.078 0.991 0.000 0.132 -0.013 0.648 0.000 -0.745 0.156 0.995 0.000 0.087 -0.057 
0.715 0.006 0.060 0.697 0.838 0.000 -0.546 -0.029 0.649 -0.000 -0.522 -0.553 0.811 0.000 -0.579 -0.089 0.656 0.000 -0.497 -0.569 0.698 0.000 -0.711 0.077 0.991 -0.000 0.132 -0.013 0.649 0.000 -0.745 0.156 0.995 0.000 0.086 -0.058 
0.715 0.006 0.060 0.696 0.837 -0.000 -0.546 -0.030 0.649 0.000 -0.521 -0.554 0.811 0.000 -0.579 -0.088 0.655 0.000 -0.496 -0.570 0.699 0.000 -0.711 0.077 0.991 0.000 0.132 -0.013 0.648 0.000 -0.745 0.155 0.995 0.000 0.087 -0.057 
0.715 0.006 0.060 0.696 0.837 0.000 -0.546 -0.031 0.649 0.000 -0.520 -0.556 0.811 0.000 -0.579 -0.087 0.654 -0.000 -0.496 -0.571 0.699 0.000 -0.711 0.076 0.991 0.000 0.132 -0.013 0.648 0.000 -0.745 0.155 0.995 0.000 0.087 -0.057 
0.716 0.006 0.060 0.696 0.837 0.000 -0.546 -0.032 0.648 0.000 -0.518 -0.558 0.811 0.000 -0.579 -0.085 0.654 0.000 -0.495 -0.572 0.699 -0.000 -0.711 0.076 0.991 0.000 0.132 -0.013 0.649 0.000 -0.745 0.156 0.995 0.000 0.086 -0.058 
0.716 0.006 0.060 0.696 0.837 0.000 -0.547 -0.032 0.647 0.000 -0.518 -0.559 0.811 0.000 -0.579 -0.084 0.654 0.000 -0.494 -0.573 0.699 0.000 -0.712 0.076 0.991 -0.000 0.132 -0.013 0.649 0.000 -0.745 0.156 0.995 0.000 0.086 -0.058 
0.716 0.006 0.060 0.695 0.837 0.000 -0.547 -0.033 0.647 -0.000 -0.518 -0.560 0.811 0.000 -0.580 -0.082 0.653 0.000 -0.496 -0.572 0.699 -0.000 -0.712 0.075 0.991 0.000 0.132 -0.013 0.649 0.000 -0.745 0.156 0.995 0.000 0.086 -0.058 
0.716 0.006 0.060 0.695 0.837 -0.000 -0.547 -0.033 0.646 -0.000 -0.517 -0.562 0.811 0.000 -0.580 -0.081 0.653 0.000 -0.496 -0.573 0.699 0.000 -0.712 0.075 0.991 0.000 0.132 -0.013 0.648 0.000 -0.745 0.155 0.995 0.000 0.087 -0.058 
0.716 0.006 0.060 0.695 0.836 0.000 -0.547 -0.033 0.645 0.000 -0.517 -0.563 0.811 0.000 -0.580 -0.079 0.652 0.000 -0.494 -0.575 0.699 0.000 -0.712 0.075 0.991 0.000 0.132 -0.013 0.649 0.000 -0.745 0.156 0.995 0.000 0.086 -0.059 
0.717 0.006 0.060 0.695 0.836 -0.000 -0.547 -0.034 0.644 0.000 -0.516 -0.565 0.811 -0.000 -0.580 -0.077 0.652 -0.000 -0.493 -0.576 0.699 0.000 -0.712 0.075 0.991 0.000 0.132 -0.013 0.649 0.000 -0.745 0.156 0.995 0.000 0.086 -0.059 
0.717 0.006 0.060 0.695 0.836 0.000 -0.547 -0.034 0.643 0.000 -0.516 -0.566 0.811 0.000 -0.580 -0.075 0.651 0.000 -0.492 -0.578 0.699 -0.000 -0.712 0.075 0.991 0.000 0.132 -0.013 0.648 0.000 -0.745 0.156 0.995 0.000 0.087 -0.058 
0.717 0.005 0.060 0.695 0.836 0.000 -0.548 -0.033 0.642 -0.000 -0.516 -0.567 0.811 0.000 -0.580 -0.073 0.650 0.000 -0.491 -0.580 0.699 0.000 -0.712 0.075 0.991 0.000 0.133 -0.013 0.649 0.000 -0.745 0.157 0.995 0.000 0.086 -0.059 
0.717 0.005 0.060 0.695 0.837 0.000 -0.547 -0.033 0.641 0.000 -0.516 -0.568 0.811 0.000 -0.580 -0.071 0.650 0.000 -0.490 -0.581 0.699 0.000 -0.711 0.075 0.991 0.000 0.132 -0.013 0.648 0.000 -0.745 0.157 0.995 0.000 0.086 -0.059 
0.717 0.005 0.060 0.695 0.836 0.000 -0.547 -0.032 0.640 0.000 -0.516 -0.570 0.811 0.000 -0.580 -0.068 0.649 0.000 -0.489 -0.583 0.699 -0.000 -0.711 0.075 0.991 0.000 0.132 -0.013 0.649 0.000 -0.745 0.157 0.995 0.000 0.086 -0.059 
0.717 0.005 0.060 0.695 0.837 0.000 -0.547 -0.032 0.639 -0.000 -0.515 -0.571 0.812 0.000 -0.580 -0.066 0.648 0.000 -0.489 -0.584 0.699 0.000 -0.711 0.075 0.991 0.000 0.132 -0.013 0.648 0.000 -0.745 0.157 0.995 0.000 0.086 -0.059 
0.717 0.005 0.060 0.695 0.837 0.000 -0.547 -0.031 0.638 -0.000 -0.516 -0.572 0.812 0.000 -0.580 -0.064 0.647 0.000 -0.488 -0.586 0.699 0.000 -0.711 0.076 0.991 -0.000 0.132 -0.013 0.648 -0.000 -0.745 0.157 0.995 0.000 0.086 -0.059 
0.717 0.005 0.060 0.695 0.837 0.000 -0.547 -0.030 0.637 0.000 -0.516 -0.573 0.812 -0.000 -0.580 -0.061 0.646 0.000 -0.487 -0.588 0.699 -0.000 -0.711 0.076 0.991 0.000 0.132 -0.013 0.648 -0.000 -0.745 0.157 0.995 0.000 0.086 -0.059 
0.717 0.005 0.060 0.695 0.837 0.000 -0.547 -0.029 0.637 0.000 -0.516 -0.573 0.813 0.000 -0.580 -0.059 0.646 0.000 -0.486 -0.589 0.699 0.000 -0.711 0.076 0.991 0.000 0.132 -0.013 0.648 -0.000 -0.745 0.158 0.995 0.000 0.086 -0.059 
0.716 0.005 0.061 0.695 0.837 -0.000 -0.546 -0.028 0.635 0.000 -0.516 -0.575 0.813 0.000 -0.580 -0.056 0.645 0.000 -0.486 -0.590 0.699 0.000 -0.711 0.076 0.991 -0.000 0.132 -0.014 0.648 0.000 -0.745 0.158 0.995 0.000 0.086 -0.059 
0.716 0.005 0.061 0.695 0.838 0.000 -0.546 -0.027 0.634 -0.000 -0.517 -0.575 0.813 0.000 -0.580 -0.054 0.645 0.000 -0.484 -0.592 0.699 0.000 -0.711 0.077 0.991 0.000 0.132 -0.014 0.648 0.000 -0.745 0.158 0.995 -0.000 0.086 -0.059 
0.716 0.005 0.061 0.695 0.838 0.000 -0.545 -0.025 0.633 0.000 -0.517 -0.576 0.814 0.000 -0.579 -0.051 0.644 0.000 -0.483 -0.593 0.699 0.000 -0.711 0.077 0.991 0.000 0.132 -0.014 0.648 0.000 -0.745 0.158 0.995 0.000 0.086 -0.060 
0.716 0.005 0.061 0.695 0.838 0.000 -0.545 -0.024 0.632 0.000 -0.518 -0.577 0.814 -0.000 -0.579 -0.048 0.644 0.000 -0.482 -0.594 0.699 0.000 -0.711 0.077 0.991 0.000 0.132 -0.014 0.648 0.000 -0.745 0.158 0.995 0.000 0.086 -0.060 
0.716 0.005 0.061 0.695 0.838 0.000 -0.545 -0.023 0.631 0.000 -0.519 -0.577 0.814 0.000 -0.579 -0.045 0.644 0.000 -0.481 -0.595 0.699 0.000 -0.710 0.078 0.991 -0.000 0.132 -0.014 0.648 0.000 -0.745 0.158 0.995 0.000 0.085 -0.060 
0.716 0.005 0.061 0.696 0.839 0.000 -0.544 -0.021 0.629 -0.000 -0.520 -0.578 0.814 0.000 -0.579 -0.042 0.644 0.000 -0.480 -0.596 0.699 0.000 -0.710 0.078 0.991 0.000 0.132 -0.015 0.648 0.000 -0.745 0.158 0.995 0.000 0.086 -0.060 
0.716 0.005 0.061 0.696 0.839 0.000 -0.544 -0.019 0.628 0.000 -0.521 -0.578 0.814 -0.000 -0.579 -0.039 0.644 0.000 -0.478 -0.597 0.699 0.000 -0.710 0.079 0.991 0.000 0.132 -0.015 0.648 0.000 -0.745 0.159 0.995 0.000 0.085 -0.060 
0.715 0.005 0.062 0.696 0.839 0.000 -0.544 -0.018 0.627 0.000 -0.522 -0.578 0.814 -0.000 -0.579 -0.036 0.645 0.000 -0.476 -0.598 0.700 0.000 -0.710 0.079 0.991 -0.000 0.132 -0.015 0.648 0.000 -0.745 0.159 0.995 0.000 0.085 -0.060 
0.715 0.005 0.062 0.696 0.839 0.000 -0.543 -0.016 0.626 -0.000 -0.523 -0.578 0.815 -0.000 -0.579 -0.034 0.646 0.000 -0.474 -0.599 0.700 0.000 -0.710 0.080 0.991 0.000 0.132 -0.015 0.648 0.000 -0.745 0.159 0.995 0.000 0.085 -0.060 
0.715 0.005 0.062 0.696 0.839 0.000 -0.543 -0.014 0.626 0.000 -0.524 -0.578 0.815 -0.000 -0.579 -0.031 0.646 0.000 -0.473 -0.599 0.700 0.000 -0.710 0.080 0.991 -0.000 0.132 -0.016 0.648 -0.000 -0.745 0.159 0.995 0.000 0.085 -0.060 
0.715 0.004 0.062 0.696 0.840 0.000 -0.543 -0.013 0.625 0.000 -0.525 -0.578 0.815 0.000 -0.579 -0.028 0.647 -0.000 -0.471 -0.599 0.700 0.000 -0.710 0.081 0.991 0.000 0.132 -0.016 0.647 0.000 -0.745 0.159 0.995 0.000 0.086 -0.059 
0.715 0.004 0.062 0.697 0.840 0.000 -0.542 -0.010 0.625 0.000 -0.526 -0.578 0.815 0.000 -0.578 -0.026 0.649 0.000 -0.468 -0.600 0.700 0.000 -0.710 0.081 0.991 -0.000 0.132 -0.016 0.648 -0.000 -0.745 0.160 0.995 0.000 0.085 -0.060 
0.715 0.004 0.063 0.697 0.840 0.000 -0.542 -0.009 0.625 -0.000 -0.526 -0.577 0.816 0.000 -0.578 -0.024 0.650 0.000 -0.466 -0.600 0.700 0.000 -0.710 0.082 0.991 -0.000 0.132 -0.016 0.648 -0.000 -0.745 0.160 0.995 0.000 0.085 -0.060 
0.714 0.004 0.063 0.697 0.840 -0.000 -0.542 -0.007 0.625 0.000 -0.526 -0.577 0.816 -0.000 -0.578 -0.021 0.651 0.000 -0.464 -0.601 0.700 0.000 -0.709 0.082 0.991 0.000 0.132 -0.017 0.648 0.000 -0.745 0.160 0.995 0.000 0.085 -0.060 
0.714 0.004 0.063 0.697 0.841 -0.000 -0.541 -0.005 0.625 -0.000 -0.526 -0.576 0.816 -0.000 -0.578 -0.019 0.653 0.000 -0.461 -0.601 0.700 0.000 -0.709 0.083 0.991 0.000 0.132 -0.017 0.648 0.000 -0.745 0.160 0.995 0.000 0.085 -0.060 
0.714 0.004 0.063 0.697 0.841 0.000 -0.541 -0.003 0.626 -0.000 -0.526 -0.576 0.815 -0.000 -0.579 -0.016 0.656 0.000 -0.458 -0.600 0.700 0.000 -0.709 0.083 0.991 0.000 0.132 -0.017 0.648 0.000 -0.745 0.160 0.995 0.000 0.085 -0.060 
0.714 0.004 0.063 0.697 0.841 0.000 -0.541 -0.001 0.627 -0.000 -0.526 -0.575 0.816 -0.000 -0.578 -0.015 0.658 -0.000 -0.455 -0.600 0.700 -0.000 -0.709 0.084 0.991 -0.000 0.132 -0.017 0.648 0.000 -0.745 0.161 0.995 0.000 0.085 -0.060 
0.714 0.004 0.064 0.698 0.841 0.000 -0.541 0.001 0.628 -0.000 -0.525 -0.575 0.816 0.000 -0.579 -0.013 0.661 0.000 -0.452 -0.599 0.700 -0.000 -0.709 0.084 0.991 0.000 0.131 -0.017 0.647 0.000 -0.745 0.161 0.995 0.000 0.085 -0.060 
0.714 0.003 0.064 0.698 0.841 0.000 -0.540 0.003 0.629 0.000 -0.525 -0.574 0.816 0.000 -0.579 -0.012 0.665 0.000 -0.448 -0.598 0.700 0.000 -0.709 0.085 0.991 0.000 0.132 -0.017 0.647 0.000 -0.745 0.161 0.995 0.000 0.085 -0.060 
0.713 0.003 0.064 0.698 0.841 0.000 -0.540 0.005 0.631 0.000 -0.523 -0.573 0.816 0.000 -0.578 -0.010 0.668 -0.000 -0.445 -0.596 0.700 0.000 -0.709 0.085 0.991 0.000 0.131 -0.017 0.647 -0.000 -0.745 0.162 0.995 0.000 0.085 -0.060 
0.713 0.003 0.064 0.698 0.842 0.000 -0.540 0.007 0.633 0.000 -0.522 -0.572 0.816 0.000 -0.578 -0.009 0.672 0.000 -0.442 -0.594 0.700 0.000 -0.709 0.086 0.991 -0.000 0.132 -0.017 0.647 0.000 -0.745 0.161 0.995 0.000 0.086 -0.058 
0.713 0.003 0.065 0.698 0.841 -0.000 -0.540 0.009 0.635 -0.000 -0.520 -0.571 0.816 -0.000 -0.577 -0.008 0.677 0.000 -0.439 -0.591 0.700 -0.000 -0.709 0.086 0.991 0.000 0.132 -0.017 0.647 0.000 -0.745 0.162 0.995 0.000 0.085 -0.060 
0.713 0.003 0.065 0.698 0.841 0.000 -0.540 0.011 0.638 0.000 -0.519 -0.570 0.816 0.000 -0.577 -0.007 0.681 0.000 -0.435 -0.589 0.700 0.000 -0.709 0.087 0.991 0.000 0.131 -0.017 0.647 0.000 -0.744 0.163 0.995 0.000 0.085 -0.059 
0.713 0.002 0.065 0.699 0.841 0.000 -0.540 0.014 0.640 0.000 -0.517 -0.568 0.816 -0.000 -0.577 -0.007 0.686 0.000 -0.432 -0.585 0.700 0.000 -0.709 0.088 0.991 -0.000 0.131 -0.017 0.647 0.000 -0.745 0.162 0.995 0.000 0.086 -0.058 
0.712 0.002 0.065 0.699 0.841 -0.000 -0.541 0.016 0.643 0.000 -0.514 -0.567 0.817 -0.000 -0.577 -0.007 0.691 0.000 -0.429 -0.582 0.700 0.000 -0.709 0.088 0.991 0.000 0.131 -0.017 0.647 -0.000 -0.745 0.163 0.995 0.000 0.086 -0.058 
0.712 0.002 0.065 0.699 0.841 0.000 -0.541 0.018 0.647 0.000 -0.512 -0.565 0.816 0.000 -0.577 -0.006 0.696 0.000 -0.425 -0.579 0.700 0.000 -0.709 0.089 0.991 -0.000 0.132 -0.018 0.647 0.000 -0.745 0.163 0.995 0.000 0.086 -0.058 
0.712 0.002 0.066 0.699 0.841 0.000 -0.541 0.020 0.650 -0.000 -0.510 -0.563 0.816 -0.000 -0.578 -0.006 0.701 0.000 -0.422 -0.575 0.700 0.000 -0.708 0.089 0.991 0.000 0.131 -0.018 0.647 0.000 -0.745 0.163 0.995 0.000 0.086 -0.058 
0.712 0.002 0.066 0.699 0.841 0.000 -0.541 0.022 0.654 0.000 -0.508 -0.561 0.816 -0.000 -0.578 -0.006 0.707 0.000 -0.418 -0.571 0.700 0.000 -0.708 0.090 0.991 0.000 0.131 -0.018 0.647 0.000 -0.744 0.164 0.995 0.000 0.085 -0.059 
0.711 0.002 0.066 0.700 0.841 0.000 -0.541 0.024 0.658 -0.000 -0.506 -0.558 0.816 0.000 -0.579 -0.006 0.712 -0.000 -0.414 -0.567 0.700 0.000 -0.708 0.091 0.991 -0.000 0.131 -0.018 0.647 0.000 -0.744 0.164 0.995 0.000 0.085 -0.059 
0.711 0.001 0.067 0.700 0.841 0.000 -0.541 0.026 0.662 0.000 -0.504 -0.555 0.815 0.000 -0.579 -0.007 0.718 -0.000 -0.410 -0.563 0.700 -0.000 -0.708 0.092 0.991 0.000 0.132 -0.018 0.647 0.000 -0.744 0.165 0.995 0.000 0.085 -0.059 
0.711 0.001 0.067 0.700 0.841 -0.000 -0.541 0.028 0.666 0.000 -0.502 -0.552 0.815 0.000 -0.580 -0.007 0.723 0.000 -0.407 -0.558 0.700 0.000 -0.708 0.093 0.991 0.000 0.132 -0.019 0.647 -0.000 -0.744 0.165 0.995 0.000 0.085 -0.059 
0.710 0.001 0.067 0.701 0.841 0.000 -0.541 0.029 0.669 0.000 -0.501 -0.549 0.815 -0.000 -0.580 -0.008 0.729 0.000 -0.403 -0.554 0.700 0.000 -0.708 0.093 0.991 0.000 0.131 -0.019 0.647 0.000 -0.745 0.165 0.995 0.000 0.086 -0.058 
0.710 0.001 0.067 0.701 0.841 0.000 -0.541 0.031 0.673 0.000 -0.499 -0.546 0.814 -0.000 -0.581 -0.009 0.734 0.000 -0.400 -0.549 0.700 0.000 -0.708 0.094 0.991 0.000 0.131 -0.019 0.647 0.000 -0.745 0.165 0.995 0.000 0.086 -0.058 
0.710 0.001 0.067 0.701 0.841 0.000 -0.541 0.032 0.676 -0.000 -0.497 -0.544 0.814 0.000 -0.581 -0.009 0.739 0.000 -0.396 -0.544 0.700 0.000 -0.708 0.094 0.991 -0.000 0.132 -0.019 0.647 -0.000 -0.744 0.165 0.995 0.000 0.085 -0.059 
0.709 0.001 0.068 0.702 0.840 0.000 -0.541 0.034 0.680 0.000 -0.496 -0.540 0.813 0.000 -0.582 -0.011 0.745 -0.000 -0.392 -0.539 0.700 0.000 -0.708 0.095 0.991 0.000 0.132 -0.019 0.647 -0.000 -0.744 0.165 0.995 0.000 0.085 -0.059 
0.709 0.001 0.068 0.702 0.840 0.000 -0.541 0.036 0.683 0.000 -0.495 -0.537 0.813 0.000 -0.583 -0.012 0.751 0.000 -0.391 -0.533 0.700 0.000 -0.708 0.095 0.991 0.000 0.132 -0.019 0.647 0.000 -0.745 0.165 0.995 0.000 0.086 -0.058 
0.709 0.001 0.068 0.702 0.840 0.000 -0.541 0.037 0.687 0.000 -0.493 -0.533 0.812 0.000 -0.583 -0.014 0.756 -0.000 -0.388 -0.527 0.700 0.000 -0.708 0.096 0.991 0.000 0.132 -0.019 0.647 0.000 -0.744 0.166 0.995 0.000 0.085 -0.059 
0.708 0.001 0.068 0.703 0.840 0.000 -0.541 0.039 0.692 0.000 -0.491 -0.529 0.812 0.000 -0.584 -0.016 0.761 -0.000 -0.386 -0.521 0.700 0.000 -0.707 0.096 0.991 0.000 0.131 -0.019 0.647 0.000 -0.744 0.166 0.995 -0.000 0.085 -0.059 
0.708 0.001 0.068 0.703 0.840 -0.000 -0.541 0.040 0.696 0.000 -0.489 -0.526 0.811 0.000 -0.585 -0.018 0.767 0.000 -0.384 -0.514 0.700 0.000 -0.707 0.097 0.991 0.000 0.132 -0.019 0.647 0.000 -0.745 0.165 0.995 0.000 0.086 -0.058 
0.707 0.001 0.068 0.704 0.840 -0.000 -0.541 0.042 0.701 -0.000 -0.486 -0.522 0.811 0.000 -0.585 -0.021 0.772 0.000 -0.382 -0.508 0.700 -0.000 -0.707 0.097 0.991 0.000 0.132 -0.019 0.647 0.000 -0.745 0.165 0.995 0.000 0.087 -0.058 
-0.707 -0.001 -0.068 -0.704 0.840 -0.000 -0.541 0.044 0.705 0.000 -0.483 -0.519 0.810 0.000 -0.586 -0.023 0.776 0.000 -0.381 -0.502 0.700 0.000 -0.707 0.098 0.991 0.000 0.131 -0.019 0.647 0.000 -0.745 0.165 0.995 0.000 0.087 -0.058 
-0.706 0.000 -0.068 -0.705 0.839 0.000 -0.542 0.045 0.710 0.000 -0.481 -0.515 0.810 0.000 -0.586 -0.025 0.781 0.000 -0.380 -0.495 0.700 0.000 -0.708 0.098 0.991 0.000 0.131 -0.019 0.649 0.000 -0.742 0.165 0.995 0.000 0.084 -0.058 
-0.706 -0.000 -0.068 -0.705 0.839 0.000 -0.542 0.047 0.714 -0.000 -0.478 -0.512 0.810 0.000 -0.586 -0.028 0.786 0.000 -0.378 -0.489 0.700 0.000 -0.708 0.099 0.991 0.000 0.131 -0.020 0.649 0.000 -0.742 0.164 0.995 0.000 0.084 -0.058 
-0.705 -0.000 -0.068 -0.706 0.839 0.000 -0.542 0.048 0.718 0.000 -0.475 -0.508 0.809 0.000 -0.587 -0.030 0.790 -0.000 -0.378 -0.483 0.700 0.000 -0.708 0.099 0.991 0.000 0.131 -0.019 0.649 0.000 -0.743 0.164 0.995 0.000 0.084 -0.057 
-0.705 -0.000 -0.068 -0.706 0.839 0.000 -0.542 0.050 0.723 0.000 -0.471 -0.505 0.808 0.000 -0.588 -0.033 0.793 -0.000 -0.378 -0.477 0.700 0.000 -0.707 0.099 0.991 -0.000 0.131 -0.019 0.649 0.000 -0.743 0.164 0.995 0.000 0.084 -0.057 
-0.704 -0.000 -0.068 -0.707 0.839 0.000 -0.542 0.051 0.727 0.000 -0.469 -0.501 0.808 0.000 -0.589 -0.036 0.797 0.000 -0.379 -0.471 0.700 0.000 -0.707 0.100 0.991 0.000 0.131 -0.019 0.649 -0.000 -0.743 0.163 0.995 0.000 0.084 -0.057 
-0.704 -0.000 -0.068 -0.707 0.839 0.000 -0.542 0.053 0.731 0.000 -0.466 -0.498 0.807 0.000 -0.589 -0.038 0.800 0.000 -0.380 -0.465 0.700 0.000 -0.707 0.100 0.991 0.000 0.131 -0.019 0.650 0.000 -0.743 0.163 0.995 0.000 0.084 -0.057 
-0.703 -0.000 -0.068 -0.708 0.839 0.000 -0.542 0.054 0.735 0.000 -0.464 -0.495 0.806 0.000 -0.591 -0.042 0.803 0.000 -0.380 -0.459 0.700 0.000 -0.707 0.101 0.991 0.000 0.131 -0.019 0.650 0.000 -0.743 0.163 0.995 0.000 0.084 -0.057 
-0.702 -0.001 -0.068 -0.709 0.839 0.000 -0.542 0.055 0.739 0.000 -0.461 -0.492 0.805 -0.000 -0.591 -0.045 0.806 -0.000 -0.380 -0.453 0.700 0.000 -0.707 0.101 0.991 0.000 0.131 -0.019 0.649 0.000 -0.743 0.162 0.995 0.000 0.084 -0.057 
-0.701 -0.001 -0.068 -0.710 0.839 0.000 -0.542 0.056 0.742 0.000 -0.457 -0.490 0.804 0.000 -0.593 -0.048 0.809 0.000 -0.381 -0.447 0.700 0.000 -0.707 0.101 0.991 0.000 0.131 -0.019 0.649 0.000 -0.744 0.161 0.995 0.000 0.085 -0.056 
-0.701 -0.001 -0.068 -0.710 0.839 0.000 -0.542 0.057 0.745 0.000 -0.455 -0.487 0.803 0.000 -0.594 -0.051 0.812 0.000 -0.382 -0.441 0.700 0.000 -0.707 0.101 0.991 0.000 0.131 -0.019 0.649 0.000 -0.744 0.161 0.995 0.000 0.085 -0.056 
-0.700 -0.001 -0.068 -0.711 0.839 0.000 -0.542 0.058 0.748 0.000 -0.452 -0.486 0.802 -0.000 -0.595 -0.054 0.815 0.000 -0.383 -0.435 0.700 0.000 -0.707 0.102 0.991 -0.000 0.131 -0.019 0.649 0.000 -0.744 0.160 0.995 0.000 0.085 -0.056 
-0.699 -0.001 -0.069 -0.712 0.839 0.000 -0.541 0.060 0.750 0.000 -0.450 -0.484 0.801 0.000 -0.596 -0.058 0.818 0.000 -0.384 -0.428 0.700 0.000 -0.707 0.102 0.991 0.000 0.131 -0.019 0.649 0.000 -0.744 0.159 0.995 0.000 0.085 -0.056 
-0.699 -0.001 -0.069 -0.712 0.839 0.000 -0.541 0.061 0.752 -0.000 -0.449 -0.482 0.800 0.000 -0.597 -0.062 0.822 0.000 -0.383 -0.421 0.700 -0.000 -0.707 0.102 0.991 -0.000 0.131 -0.019 0.649 0.000 -0.744 0.159 0.995 0.000 0.085 -0.056 
-0.698 -0.002 -0.069 -0.713 0.839 -0.000 -0.541 0.062 0.754 0.000 -0.447 -0.481 0.798 0.000 -0.598 -0.066 0.825 0.000 -0.384 -0.415 0.700 0.000 -0.707 0.103 0.991 0.000 0.131 -0.019 0.649 0.000 -0.744 0.158 0.995 0.000 0.085 -0.055 
-0.698 -0.002 -0.069 -0.713 0.839 0.000 -0.540 0.064 0.756 0.000 -0.446 -0.480 0.797 0.000 -0.599 -0.071 0.828 0.000 -0.385 -0.408 0.700 0.000 -0.707 0.103 0.991 0.000 0.131 -0.019 0.649 0.000 -0.744 0.158 0.995 0.000 0.085 -0.055 
-0.697 -0.002 -0.069 -0.714 0.839 0.000 -0.540 0.066 0.757 0.000 -0.445 -0.478 0.796 0.000 -0.601 -0.075 0.831 0.000 -0.385 -0.401 0.700 0.000 -0.707 0.103 0.991 -0.000 0.131 -0.018 0.649 0.000 -0.744 0.158 0.995 0.000 0.085 -0.055 
-0.696 -0.002 -0.069 -0.715 0.839 0.000 -0.540 0.067 0.759 0.000 -0.444 -0.476 0.795 0.000 -0.602 -0.079 0.834 0.000 -0.385 -0.395 0.700 0.000 -0.707 0.103 0.991 0.000 0.132 -0.018 0.649 0.000 -0.745 0.157 0.995 -0.000 0.085 -0.055 
-0.696 -0.002 -0.069 -0.715 0.839 -0.000 -0.539 0.068 0.761 -0.000 -0.443 -0.474 0.793 0.000 -0.604 -0.083 0.837 -0.000 -0.385 -0.389 0.700 0.000 -0.707 0.103 0.991 -0.000 0.132 -0.018 0.649 0.000 -0.745 0.156 0.995 0.000 0.085 -0.055 
-0.695 -0.003 -0.069 -0.716 0.840 0.000 -0.538 0.069 0.762 0.000 -0.441 -0.473 0.791 0.000 -0.606 -0.088 0.839 0.000 -0.386 -0.382 0.700 0.000 -0.706 0.103 0.991 -0.000 0.132 -0.018 0.648 0.000 -0.746 0.154 0.995 0.000 0.086 -0.054 
-0.694 -0.003 -0.069 -0.717 0.840 -0.000 -0.538 0.070 0.764 0.000 -0.441 -0.471 0.789 0.000 -0.607 -0.092 0.842 0.000 -0.387 -0.375 0.700 0.000 -0.706 0.103 0.991 0.000 0.132 -0.017 0.648 0.000 -0.746 0.154 0.995 -0.000 0.086 -0.053 
-0.693 -0.003 -0.069 -0.717 0.840 0.000 -0.538 0.070 0.767 0.000 -0.440 -0.467 0.787 0.000 -0.609 -0.096 0.845 0.000 -0.387 -0.369 0.700 0.000 -0.706 0.103 0.991 0.000 0.132 -0.017 0.648 0.000 -0.746 0.153 0.995 0.000 0.086 -0.053 
-0.693 -0.003 -0.069 -0.718 0.841 -0.000 -0.537 0.070 0.769 0.000 -0.440 -0.464 0.786 0.000 -0.610 -0.100 0.848 0.000 -0.387 -0.362 0.700 0.000 -0.706 0.102 0.991 0.000 0.132 -0.017 0.648 0.000 -0.746 0.152 0.995 0.000 0.086 -0.053 
-0.693 -0.003 -0.069 -0.718 0.841 -0.000 -0.537 0.069 0.771 0.000 -0.439 -0.460 0.784 -0.000 -0.612 -0.104 0.851 -0.000 -0.387 -0.356 0.700 0.000 -0.706 0.102 0.991 -0.000 0.132 -0.016 0.648 0.000 -0.746 0.152 0.995 -0.000 0.086 -0.053 
-0.692 -0.004 -0.069 -0.718 0.841 0.000 -0.537 0.069 0.774 0.000 -0.439 -0.456 0.782 0.000 -0.614 -0.108 0.854 0.000 -0.386 -0.349 0.700 0.000 -0.706 0.102 0.991 0.000 0.133 -0.015 0.648 -0.000 -0.746 0.151 0.995 -0.000 0.086 -0.053 
-0.692 -0.004 -0.069 -0.719 0.841 0.000 -0.536 0.068 0.777 -0.000 -0.439 -0.452 0.780 0.000 -0.616 -0.111 0.856 0.000 -0.386 -0.344 0.700 0.000 -0.706 0.101 0.991 0.000 0.133 -0.015 0.648 0.000 -0.746 0.151 0.995 -0.000 0.086 -0.052 
-0.692 -0.004 -0.068 -0.719 0.841 -0.000 -0.536 0.067 0.779 0.000 -0.440 -0.447 0.778 0.000 -0.617 -0.114 0.858 -0.000 -0.386 -0.338 0.700 0.000 -0.707 0.101 0.991 0.000 0.133 -0.015 0.648 0.000 -0.746 0.150 0.995 0.000 0.086 -0.052 
-0.692 -0.004 -0.068 -0.719 0.842 -0.000 -0.536 0.065 0.782 0.000 -0.440 -0.442 0.777 0.000 -0.619 -0.116 0.860 0.000 -0.386 -0.334 0.700 0.000 -0.707 0.100 0.991 0.000 0.133 -0.014 0.648 0.000 -0.747 0.150 0.995 -0.000 0.086 -0.052 
-0.692 -0.004 -0.068 -0.719 0.842 0.000 -0.536 0.063 0.784 0.000 -0.440 -0.437 0.775 0.000 -0.621 -0.119 0.862 -0.000 -0.386 -0.330 0.700 0.000 -0.707 0.100 0.991 0.000 0.133 -0.013 0.648 0.000 -0.747 0.149 0.995 0.000 0.086 -0.052 
-0.692 -0.004 -0.068 -0.719 0.842 -0.000 -0.536 0.060 0.787 0.000 -0.441 -0.431 0.773 0.000 -0.623 -0.120 0.864 0.000 -0.384 -0.326 0.700 0.000 -0.707 0.099 0.991 0.000 0.133 -0.013 0.648 0.000 -0.747 0.149 0.995 -0.000 0.086 -0.052 
-0.692 -0.005 -0.068 -0.719 0.842 0.000 -0.537 0.058 0.789 0.000 -0.442 -0.426 0.772 0.000 -0.625 -0.121 0.865 -0.000 -0.384 -0.323 0.700 -0.000 -0.707 0.098 0.991 0.000 0.133 -0.013 0.648 0.000 -0.747 0.148 0.995 0.000 0.086 -0.052 
-0.692 -0.005 -0.068 -0.719 0.842 0.000 -0.537 0.054 0.792 0.000 -0.443 -0.420 0.770 0.000 -0.626 -0.123 0.867 0.000 -0.382 -0.320 0.700 0.000 -0.707 0.098 0.991 0.000 0.133 -0.012 0.648 0.000 -0.747 0.148 0.995 -0.000 0.086 -0.051 
-0.692 -0.005 -0.067 -0.719 0.842 0.000 -0.537 0.051 0.794 0.000 -0.445 -0.414 0.768 0.000 -0.628 -0.124 0.868 0.000 -0.381 -0.318 0.700 0.000 -0.707 0.098 0.991 0.000 0.133 -0.012 0.648 0.000 -0.747 0.148 0.995 0.000 0.087 -0.051 
-0.692 -0.005 -0.067 -0.719 0.842 -0.000 -0.537 0.046 0.797 0.000 -0.446 -0.408 0.767 0.000 -0.630 -0.124 0.870 0.000 -0.381 -0.315 0.700 0.000 -0.707 0.097 0.991 -0.000 0.134 -0.012 0.648 0.000 -0.747 0.148 0.995 0.000 0.087 -0.051 
-0.692 -0.005 -0.067 -0.719 0.842 -0.000 -0.538 0.042 0.800 0.000 -0.447 -0.401 0.765 0.000 -0.631 -0.125 0.871 0.000 -0.379 -0.312 0.700 0.000 -0.708 0.097 0.991 0.000 0.134 -0.012 0.648 0.000 -0.747 0.147 0.995 0.000 0.087 -0.051 
-0.692 -0.005 -0.067 -0.718 0.842 0.000 -0.539 0.038 0.802 0.000 -0.448 -0.395 0.764 0.000 -0.633 -0.125 0.872 0.000 -0.378 -0.311 0.700 0.000 -0.708 0.097 0.991 0.000 0.133 -0.012 0.648 0.000 -0.747 0.147 0.995 0.000 0.087 -0.051 
-0.693 -0.005 -0.067 -0.718 0.841 0.000 -0.539 0.033 0.804 0.000 -0.449 -0.388 0.763 0.000 -0.634 -0.126 0.873 0.000 -0.377 -0.309 0.700 0.000 -0.708 0.097 0.991 0.000 0.134 -0.012 0.648 -0.000 -0.747 0.147 0.995 -0.000 0.087 -0.051 
-0.693 -0.005 -0.067 -0.718 0.841 0.000 -0.540 0.029 0.807 0.000 -0.451 -0.382 0.762 0.000 -0.635 -0.126 0.874 0.000 -0.375 -0.308 0.700 0.000 -0.708 0.096 0.991 -0.000 0.133 -0.012 0.648 -0.000 -0.747 0.147 0.995 0.000 0.087 -0.051 
-0.693 -0.005 -0.067 -0.718 0.841 0.000 -0.541 0.025 0.809 0.000 -0.451 -0.377 0.762 0.000 -0.636 -0.126 0.875 0.000 -0.374 -0.307 0.700 -0.000 -0.708 0.096 0.991 -0.000 0.134 -0.012 0.648 0.000 -0.747 0.147 0.995 -0.000 0.087 -0.051 
-0.694 -0.005 -0.066 -0.717 0.840 -0.000 -0.542 0.022 0.811 0.000 -0.452 -0.372 0.761 0.000 -0.637 -0.126 0.876 0.000 -0.372 -0.307 0.700 0.000 -0.708 0.095 0.991 0.000 0.133 -0.012 0.648 0.000 -0.747 0.147 0.995 0.000 0.087 -0.051 
-0.694 -0.005 -0.066 -0.717 0.839 0.000 -0.543 0.018 0.813 0.000 -0.453 -0.366 0.760 -0.000 -0.638 -0.125 0.877 0.000 -0.370 -0.307 0.700 0.000 -0.708 0.094 0.991 0.000 0.134 -0.011 0.649 0.000 -0.747 0.146 0.995 -0.000 0.087 -0.051 
-0.694 -0.005 -0.066 -0.717 0.839 0.000 -0.544 0.014 0.815 0.000 -0.454 -0.362 0.760 0.000 -0.638 -0.125 0.877 -0.000 -0.368 -0.308 0.700 0.000 -0.708 0.094 0.991 0.000 0.133 -0.012 0.649 0.000 -0.747 0.146 0.995 0.000 0.087 -0.051 
-0.695 -0.006 -0.066 -0.716 0.838 -0.000 -0.545 0.011 0.817 0.000 -0.454 -0.356 0.759 0.000 -0.639 -0.125 0.878 0.000 -0.366 -0.309 0.700 0.000 -0.708 0.093 0.991 0.000 0.134 -0.011 0.649 -0.000 -0.747 0.146 0.995 0.000 0.087 -0.051 
-0.695 -0.006 -0.065 -0.716 0.838 0.000 -0.546 0.007 0.819 0.000 -0.454 -0.351 0.759 -0.000 -0.639 -0.124 0.878 -0.000 -0.364 -0.310 0.700 0.000 -0.708 0.093 0.991 0.000 0.133 -0.012 0.649 0.000 -0.747 0.146 0.995 0.000 0.087 -0.050 
-0.696 -0.006 -0.065 -0.715 0.837 0.000 -0.547 0.004 0.820 0.000 -0.455 -0.347 0.759 0.000 -0.639 -0.124 0.878 0.000 -0.362 -0.311 0.700 0.000 -0.709 0.092 0.991 0.000 0.133 -0.012 0.649 0.000 -0.747 0.146 0.995 0.000 0.087 -0.050 
-0.696 -0.005 -0.065 -0.715 0.836 0.000 -0.548 0.001 0.822 0.000 -0.455 -0.343 0.759 0.000 -0.640 -0.124 0.879 0.000 -0.361 -0.313 0.699 0.000 -0.709 0.092 0.991 0.000 0.133 -0.012 0.649 0.000 -0.747 0.147 0.995 0.000 0.087 -0.050 
-0.697 -0.005 -0.065 -0.714 0.836 0.000 -0.549 -0.002 0.824 -0.000 -0.455 -0.338 0.759 0.000 -0.640 -0.124 0.879 0.000 -0.358 -0.314 0.700 0.000 -0.709 0.092 0.991 0.000 0.133 -0.012 0.649 0.000 -0.747 0.147 0.995 0.000 0.087 -0.051 
-0.697 -0.005 -0.066 -0.714 0.835 0.000 -0.550 -0.006 0.825 0.000 -0.455 -0.334 0.758 0.000 -0.640 -0.122 0.880 0.000 -0.357 -0.314 0.699 0.000 -0.709 0.093 0.991 0.000 0.133 -0.013 0.649 -0.000 -0.747 0.148 0.995 0.000 0.087 -0.051 
-0.697 -0.005 -0.066 -0.714 0.835 0.000 -0.551 -0.009 0.827 0.000 -0.455 -0.331 0.758 0.000 -0.640 -0.122 0.880 0.000 -0.355 -0.315 0.699 -0.000 -0.709 0.093 0.991 -0.000 0.133 -0.013 0.649 0.000 -0.747 0.148 0.995 -0.000 0.087 -0.051 
-0.698 -0.005 -0.066 -0.713 0.834 0.000 -0.552 -0.011 0.828 0.000 -0.454 -0.328 0.758 0.000 -0.640 -0.122 0.881 0.000 -0.353 -0.316 0.700 0.000 -0.708 0.094 0.991 0.000 0.133 -0.014 0.649 -0.000 -0.747 0.149 0.995 0.000 0.087 -0.051 
-0.698 -0.005 -0.066 -0.713 0.833 0.000 -0.553 -0.014 0.830 0.000 -0.454 -0.324 0.758 -0.000 -0.641 -0.123 0.882 0.000 -0.350 -0.316 0.700 0.000 -0.708 0.094 0.991 0.000 0.133 -0.015 0.649 0.000 -0.746 0.149 0.995 0.000 0.087 -0.051 
-0.698 -0.005 -0.065 -0.713 0.832 0.000 -0.555 -0.014 0.831 0.000 -0.454 -0.322 0.758 0.000 -0.641 -0.123 0.882 0.000 -0.348 -0.317 0.699 0.000 -0.708 0.094 0.991 0.000 0.133 -0.015 0.649 0.000 -0.746 0.149 0.995 0.000 0.087 -0.051 
-0.699 -0.005 -0.066 -0.712 0.831 0.000 -0.555 -0.018 0.833 0.000 -0.452 -0.319 0.758 0.000 -0.640 -0.123 0.883 0.000 -0.347 -0.317 0.700 -0.000 -0.708 0.095 0.991 0.000 0.132 -0.016 0.649 -0.000 -0.746 0.150 0.995 0.000 0.087 -0.051 
-0.699 -0.005 -0.066 -0.712 0.831 0.000 -0.556 -0.020 0.834 0.000 -0.452 -0.317 0.758 -0.000 -0.641 -0.124 0.883 -0.000 -0.345 -0.318 0.700 0.000 -0.708 0.095 0.991 -0.000 0.132 -0.016 0.649 0.000 -0.746 0.150 0.995 -0.000 0.087 -0.051 
-0.699 -0.005 -0.066 -0.712 0.830 0.000 -0.557 -0.021 0.835 0.000 -0.451 -0.315 0.758 0.000 -0.640 -0.124 0.883 -0.000 -0.344 -0.318 0.700 0.000 -0.708 0.095 0.991 -0.000 0.132 -0.017 0.649 -0.000 -0.746 0.150 0.995 0.000 0.087 -0.052 
-0.699 -0.005 -0.066 -0.712 0.829 0.000 -0.558 -0.023 0.836 0.000 -0.451 -0.313 0.758 0.000 -0.640 -0.125 0.884 -0.000 -0.342 -0.318 0.700 0.000 -0.708 0.096 0.991 0.000 0.132 -0.018 0.649 0.000 -0.746 0.150 0.995 0.000 0.087 -0.052 
-0.699 -0.005 -0.066 -0.712 0.829 0.000 -0.559 -0.024 0.837 -0.000 -0.450 -0.313 0.758 0.000 -0.640 -0.126 0.884 0.000 -0.342 -0.318 0.700 0.000 -0.708 0.096 0.991 0.000 0.131 -0.018 0.649 0.000 -0.746 0.150 0.995 0.000 0.087 -0.052 
-0.699 -0.005 -0.065 -0.712 0.828 0.000 -0.560 -0.025 0.837 0.000 -0.449 -0.312 0.758 0.000 -0.640 -0.127 0.884 0.000 -0.341 -0.319 0.700 0.000 -0.708 0.096 0.991 0.000 0.131 -0.019 0.649 0.000 -0.746 0.150 0.995 -0.000 0.087 -0.052 
-0.699 -0.005 -0.065 -0.712 0.828 0.000 -0.560 -0.025 0.838 0.000 -0.448 -0.312 0.758 0.000 -0.640 -0.129 0.884 0.000 -0.341 -0.319 0.700 -0.000 -0.708 0.096 0.991 0.000 0.131 -0.019 0.649 -0.000 -0.746 0.149 0.995 0.000 0.087 -0.052 
-0.699 -0.005 -0.065 -0.712 0.827 -0.000 -0.561 -0.026 0.838 0.000 -0.447 -0.313 0.758 0.000 -0.639 -0.130 0.884 0.000 -0.340 -0.319 0.700 0.000 -0.708 0.096 0.991 0.000 0.131 -0.020 0.649 -0.000 -0.746 0.149 0.995 0.000 0.087 -0.052 
-0.699 -0.005 -0.065 -0.712 0.827 0.000 -0.562 -0.026 0.838 0.000 -0.446 -0.313 0.758 0.000 -0.639 -0.131 0.884 0.000 -0.340 -0.320 0.700 0.000 -0.708 0.096 0.991 0.000 0.131 -0.020 0.649 0.000 -0.746 0.149 0.995 0.000 0.087 -0.052 
-0.699 -0.005 -0.065 -0.712 0.827 0.000 -0.562 -0.027 0.839 0.000 -0.445 -0.314 0.758 0.000 -0.639 -0.132 0.884 0.000 -0.341 -0.320 0.700 0.000 -0.708 0.096 0.991 0.000 0.131 -0.020 0.649 -0.000 -0.746 0.149 0.995 0.000 0.087 -0.052 
-0.699 -0.005 -0.065 -0.713 0.826 -0.000 -0.562 -0.029 0.839 0.000 -0.444 -0.314 0.758 0.000 -0.639 -0.133 0.884 0.000 -0.341 -0.321 0.700 0.000 -0.708 0.097 0.991 0.000 0.130 -0.021 0.649 0.000 -0.746 0.149 0.995 -0.000 0.087 -0.052 
-0.698 -0.005 -0.065 -0.713 0.826 0.000 -0.563 -0.029 0.840 0.000 -0.443 -0.315 0.757 0.000 -0.639 -0.133 0.884 0.000 -0.341 -0.321 0.700 0.000 -0.708 0.097 0.991 0.000 0.130 -0.021 0.649 0.000 -0.746 0.149 0.995 0.000 0.086 -0.053 
-0.698 -0.005 -0.065 -0.713 0.826 0.000 -0.563 -0.030 0.840 0.000 -0.442 -0.315 0.757 0.000 -0.639 -0.134 0.883 -0.000 -0.341 -0.321 0.700 0.000 -0.707 0.097 0.991 0.000 0.130 -0.022 0.649 0.000 -0.747 0.148 0.995 -0.000 0.087 -0.053 
-0.698 -0.006 -0.065 -0.713 0.826 0.000 -0.563 -0.031 0.840 -0.000 -0.441 -0.315 0.757 0.000 -0.639 -0.135 0.883 0.000 -0.342 -0.321 0.700 0.000 -0.708 0.097 0.991 -0.000 0.130 -0.022 0.649 0.000 -0.747 0.148 0.995 0.000 0.087 -0.053 
-0.698 -0.006 -0.065 -0.713 0.826 0.000 -0.563 -0.032 0.841 0.000 -0.440 -0.316 0.757 0.000 -0.640 -0.135 0.883 0.000 -0.342 -0.322 0.700 0.000 -0.707 0.097 0.991 0.000 0.130 -0.022 0.649 0.000 -0.747 0.148 0.995 0.000 0.087 -0.053 
-0.697 -0.006 -0.065 -0.714 0.825 0.000 -0.564 -0.033 0.841 0.000 -0.439 -0.316 0.757 -0.000 -0.639 -0.136 0.882 0.000 -0.343 -0.322 0.700 0.000 -0.707 0.097 0.991 0.000 0.130 -0.022 0.649 0.000 -0.747 0.148 0.995 0.000 0.087 -0.054 
-0.697 -0.006 -0.064 -0.714 0.825 0.000 -0.564 -0.034 0.841 0.000 -0.438 -0.317 0.756 0.000 -0.640 -0.136 0.882 -0.000 -0.343 -0.322 0.700 0.000 -0.707 0.097 0.991 -0.000 0.130 -0.022 0.649 0.000 -0.747 0.147 0.995 0.000 0.087 -0.053 
-0.697 -0.006 -0.064 -0.714 0.825 0.000 -0.564 -0.036 0.842 -0.000 -0.437 -0.317 0.757 0.000 -0.639 -0.136 0.882 -0.000 -0.345 -0.322 0.700 -0.000 -0.707 0.097 0.991 0.000 0.130 -0.022 0.649 0.000 -0.747 0.147 0.995 0.000 0.087 -0.054 
-0.697 -0.006 -0.064 -0.715 0.825 0.000 -0.564 -0.036 0.842 0.000 -0.436 -0.318 0.757 -0.000 -0.639 -0.136 0.881 0.000 -0.346 -0.322 0.700 0.000 -0.707 0.098 0.991 0.000 0.130 -0.023 0.649 0.000 -0.747 0.147 0.995 0.000 0.087 -0.054 
-0.696 -0.006 -0.064 -0.715 0.825 0.000 -0.564 -0.037 0.842 -0.000 -0.435 -0.318 0.757 0.000 -0.640 -0.136 0.881 0.000 -0.346 -0.323 0.700 0.000 -0.707 0.097 0.991 0.000 0.130 -0.022 0.649 0.000 -0.747 0.147 0.995 0.000 0.087 -0.054 
-0.696 -0.006 -0.064 -0.715 0.825 0.000 -0.564 -0.038 0.842 0.000 -0.434 -0.319 0.756 -0.000 -0.640 -0.136 0.880 0.000 -0.348 -0.323 0.700 0.000 -0.707 0.098 0.991 0.000 0.130 -0.023 0.649 0.000 -0.747 0.146 0.995 -0.000 0.086 -0.054 
-0.696 -0.006 -0.064 -0.716 0.825 0.000 -0.564 -0.039 0.843 0.000 -0.434 -0.319 0.756 0.000 -0.640 -0.136 0.880 0.000 -0.349 -0.324 0.700 0.000 -0.707 0.097 0.991 0.000 0.130 -0.022 0.649 0.000 -0.747 0.146 0.995 0.000 0.087 -0.054 
-0.695 -0.006 -0.064 -0.716 0.825 0.000 -0.564 -0.039 0.843 0.000 -0.434 -0.319 0.756 0.000 -0.640 -0.136 0.879 0.000 -0.349 -0.325 0.700 0.000 -0.707 0.097 0.991 0.000 0.130 -0.022 0.649 0.000 -0.747 0.146 0.995 -0.000 0.087 -0.054 
-0.695 -0.006 -0.064 -0.716 0.825 0.000 -0.564 -0.040 0.842 0.000 -0.434 -0.320 0.756 0.000 -0.640 -0.136 0.878 -0.000 -0.351 -0.325 0.700 0.000 -0.707 0.097 0.991 0.000 0.130 -0.022 0.649 0.000 -0.747 0.145 0.995 0.000 0.087 -0.054 
-0.695 -0.007 -0.064 -0.716 0.825 0.000 -0.564 -0.041 0.843 0.000 -0.433 -0.320 0.756 0.000 -0.640 -0.135 0.877 0.000 -0.352 -0.326 0.700 0.000 -0.707 0.097 0.991 0.000 0.130 -0.022 0.649 0.000 -0.747 0.145 0.995 0.000 0.087 -0.054 
-0.694 -0.007 -0.064 -0.717 0.825 0.000 -0.564 -0.041 0.843 -0.000 -0.433 -0.320 0.756 -0.000 -0.641 -0.135 0.877 -0.000 -0.352 -0.326 0.701 0.000 -0.707 0.097 0.991 0.000 0.130 -0.022 0.649 0.000 -0.747 0.145 0.995 0.000 0.087 -0.054 
-0.694 -0.007 -0.064 -0.717 0.825 0.000 -0.564 -0.042 0.843 0.000 -0.433 -0.320 0.756 0.000 -0.640 -0.133 0.876 0.000 -0.355 -0.327 0.700 0.000 -0.707 0.097 0.991 0.000 0.130 -0.022 0.649 0.000 -0.747 0.144 0.995 0.000 0.087 -0.054 
-0.694 -0.007 -0.064 -0.717 0.825 0.000 -0.564 -0.043 0.842 0.000 -0.433 -0.320 0.757 -0.000 -0.640 -0.133 0.875 0.000 -0.356 -0.328 0.701 0.000 -0.707 0.097 0.991 0.000 0.130 -0.022 0.649 -0.000 -0.747 0.144 0.995 0.000 0.087 -0.054 
-0.694 -0.007 -0.064 -0.717 0.825 0.000 -0.564 -0.043 0.843 0.000 -0.434 -0.319 0.757 0.000 -0.640 -0.132 0.874 0.000 -0.356 -0.330 0.701 0.000 -0.707 0.097 0.991 0.000 0.130 -0.022 0.649 0.000 -0.747 0.144 0.995 0.000 0.086 -0.054 
-0.694 -0.007 -0.064 -0.717 0.825 0.000 -0.563 -0.044 0.842 0.000 -0.434 -0.319 0.757 -0.000 -0.640 -0.131 0.873 0.000 -0.358 -0.331 0.701 0.000 -0.707 0.097 0.991 0.000 0.130 -0.022 0.649 0.000 -0.748 0.144 0.995 0.000 0.086 -0.054 
-0.694 -0.007 -0.064 -0.717 0.825 0.000 -0.563 -0.044 0.843 0.000 -0.434 -0.319 0.757 0.000 -0.640 -0.131 0.872 0.000 -0.359 -0.332 0.701 0.000 -0.707 0.097 0.991 0.000 0.130 -0.022 0.649 0.000 -0.748 0.144 0.995 -0.000 0.086 -0.054 
-0.694 -0.007 -0.064 -0.717 0.825 0.000 -0.563 -0.045 0.842 0.000 -0.435 -0.318 0.757 0.000 -0.640 -0.130 0.872 0.000 -0.360 -0.333 0.701 0.000 -0.707 0.097 0.991 0.000 0.130 -0.022 0.649 -0.000 -0.748 0.143 0.995 0.000 0.086 -0.054 
-0.694 -0.007 -0.064 -0.717 0.825 0.000 -0.563 -0.045 0.842 0.000 -0.435 -0.318 0.758 0.000 -0.640 -0.129 0.871 0.000 -0.361 -0.334 0.701 0.000 -0.707 0.097 0.991 0.000 0.130 -0.022 0.649 0.000 -0.748 0.143 0.995 -0.000 0.086 -0.054 
-0.694 -0.007 -0.064 -0.717 0.825 0.000 -0.563 -0.045 0.842 -0.000 -0.436 -0.317 0.758 0.000 -0.640 -0.129 0.870 0.000 -0.362 -0.335 0.701 0.000 -0.707 0.096 0.991 0.000 0.130 -0.022 0.648 0.000 -0.748 0.143 0.995 0.000 0.087 -0.054 
-0.694 -0.008 -0.064 -0.717 0.825 0.000 -0.563 -0.046 0.842 0.000 -0.436 -0.317 0.758 0.000 -0.640 -0.128 0.870 0.000 -0.362 -0.336 0.701 0.000 -0.707 0.096 0.991 0.000 0.130 -0.022 0.648 0.000 -0.748 0.143 0.995 0.000 0.086 -0.054 
-0.694 -0.008 -0.064 -0.717 0.825 0.000 -0.563 -0.046 0.842 -0.000 -0.436 -0.316 0.758 0.000 -0.640 -0.127 0.869 0.000 -0.363 -0.336 0.701 0.000 -0.707 0.096 0.991 0.000 0.130 -0.022 0.649 -0.000 -0.748 0.143 0.995 0.000 0.086 -0.054 
-0.694 -0.008 -0.064 -0.717 0.825 -0.000 -0.563 -0.046 0.843 -0.000 -0.436 -0.316 0.758 0.000 -0.640 -0.127 0.869 0.000 -0.363 -0.337 0.701 0.000 -0.707 0.095 0.991 -0.000 0.130 -0.022 0.648 -0.000 -0.748 0.142 0.995 0.000 0.087 -0.053 
-0.694 -0.008 -0.064 -0.717 0.825 -0.000 -0.563 -0.046 0.843 -0.000 -0.436 -0.316 0.758 0.000 -0.640 -0.126 0.868 0.000 -0.364 -0.338 0.701 0.000 -0.707 0.096 0.991 -0.000 0.130 -0.022 0.649 0.000 -0.748 0.142 0.995 0.000 0.087 -0.053 
-0.694 -0.008 -0.063 -0.717 0.825 -0.000 -0.564 -0.046 0.843 -0.000 -0.436 -0.316 0.758 0.000 -0.640 -0.126 0.868 0.000 -0.364 -0.339 0.700 0.000 -0.707 0.095 0.991 0.000 0.130 -0.022 0.649 0.000 -0.748 0.142 0.995 0.000 0.087 -0.053 
-0.694 -0.008 -0.063 -0.717 0.825 0.000 -0.564 -0.046 0.843 0.000 -0.436 -0.316 0.758 0.000 -0.640 -0.125 0.867 -0.000 -0.364 -0.339 0.700 0.000 -0.707 0.095 0.991 0.000 0.130 -0.022 0.649 0.000 -0.748 0.142 0.995 -0.000 0.087 -0.053 
-0.695 -0.008 -0.063 -0.717 0.825 0.000 -0.564 -0.046 0.842 0.000 -0.437 -0.316 0.758 0.000 -0.640 -0.125 0.867 0.000 -0.364 -0.340 0.700 0.000 -0.707 0.095 0.991 0.000 0.130 -0.022 0.649 0.000 -0.748 0.142 0.995 0.000 0.087 -0.053 
-0.695 -0.008 -0.063 -0.716 0.825 0.000 -0.564 -0.045 0.842 0.000 -0.437 -0.316 0.758 0.000 -0.640 -0.125 0.867 0.000 -0.364 -0.341 0.700 0.000 -0.707 0.095 0.991 0.000 0.130 -0.023 0.649 0.000 -0.748 0.142 0.995 0.000 0.087 -0.053 
-0.695 -0.008 -0.063 -0.716 0.824 0.000 -0.564 -0.045 0.842 -0.000 -0.437 -0.316 0.758 0.000 -0.640 -0.125 0.867 0.000 -0.364 -0.341 0.700 0.000 -0.707 0.095 0.991 0.000 0.130 -0.023 0.649 0.000 -0.748 0.142 0.995 0.000 0.087 -0.053 
-0.695 -0.008 -0.063 -0.716 0.824 0.000 -0.565 -0.044 0.841 0.000 -0.438 -0.317 0.758 0.000 -0.641 -0.125 0.867 0.000 -0.363 -0.342 0.700 0.000 -0.708 0.094 0.991 0.000 0.130 -0.023 0.649 -0.000 -0.748 0.141 0.995 -0.000 0.087 -0.053 
-0.696 -0.008 -0.063 -0.716 0.825 -0.000 -0.564 -0.043 0.841 0.000 -0.438 -0.317 0.757 0.000 -0.641 -0.126 0.867 0.000 -0.363 -0.342 0.700 0.000 -0.708 0.094 0.991 -0.000 0.130 -0.023 0.649 0.000 -0.748 0.142 0.995 0.000 0.087 -0.053 
-0.696 -0.008 -0.063 -0.715 0.825 0.000 -0.564 -0.043 0.840 -0.000 -0.439 -0.318 0.757 0.000 -0.641 -0.127 0.867 -0.000 -0.362 -0.342 0.700 0.000 -0.708 0.094 0.991 -0.000 0.130 -0.023 0.649 0.000 -0.748 0.142 0.995 -0.000 0.087 -0.053 
-0.696 -0.008 -0.063 -0.715 0.825 0.000 -0.564 -0.042 0.840 -0.000 -0.439 -0.319 0.756 0.000 -0.641 -0.128 0.867 0.000 -0.361 -0.342 0.700 0.000 -0.708 0.094 0.991 0.000 0.130 -0.023 0.649 -0.000 -0.748 0.142 0.995 0.000 0.087 -0.053 
-0.696 -0.008 -0.062 -0.715 0.825 -0.000 -0.564 -0.041 0.839 0.000 -0.440 -0.320 0.756 -0.000 -0.642 -0.129 0.868 0.000 -0.361 -0.342 0.700 0.000 -0.708 0.094 0.991 0.000 0.130 -0.023 0.649 0.000 -0.748 0.142 0.995 -0.000 0.087 -0.053 
-0.697 -0.008 -0.062 -0.715 0.825 0.000 -0.564 -0.040 0.839 -0.000 -0.440 -0.321 0.756 -0.000 -0.642 -0.131 0.869 0.000 -0.360 -0.341 0.700 0.000 -0.708 0.093 0.991 -0.000 0.130 -0.023 0.649 0.000 -0.748 0.142 0.995 0.000 0.087 -0.053 
-0.697 -0.008 -0.062 -0.715 0.825 -0.000 -0.563 -0.039 0.838 0.000 -0.441 -0.322 0.754 0.000 -0.643 -0.134 0.870 -0.000 -0.358 -0.340 0.700 0.000 -0.708 0.094 0.991 0.000 0.130 -0.023 0.649 0.000 -0.748 0.142 0.995 0.000 0.087 -0.053 
-0.697 -0.008 -0.062 -0.714 0.825 0.000 -0.563 -0.038 0.838 0.000 -0.441 -0.322 0.754 0.000 -0.643 -0.136 0.870 0.000 -0.357 -0.340 0.700 -0.000 -0.708 0.094 0.991 0.000 0.130 -0.023 0.649 -0.000 -0.748 0.142 0.995 0.000 0.087 -0.053 
