# T   LUA LFA RUA RFA LT  LS  RT  RS  
-0.669 0.013 -0.035 -0.742 0.976 0.000 -0.184 0.120 0.978 0.000 0.138 -0.157 0.978 0.000 -0.166 0.128 0.984 0.000 0.132 -0.116 0.637 0.000 -0.768 0.065 0.993 0.000 0.104 0.056 0.612 0.000 -0.790 0.035 0.992 0.000 0.109 0.059 
-0.669 0.013 -0.035 -0.742 0.977 0.000 -0.177 0.119 0.978 0.000 0.139 -0.157 0.979 0.000 -0.161 0.129 0.984 0.000 0.134 -0.117 0.636 0.000 -0.769 0.066 0.993 0.000 0.104 0.056 0.613 -0.000 -0.790 0.035 0.992 0.000 0.109 0.059 
-0.669 0.013 -0.035 -0.742 0.978 0.000 -0.170 0.117 0.978 -0.000 0.140 -0.156 0.980 -0.000 -0.155 0.128 0.984 0.000 0.134 -0.118 0.637 -0.000 -0.768 0.065 0.993 0.000 0.104 0.056 0.612 0.000 -0.790 0.035 0.992 -0.000 0.109 0.060 
-0.669 0.014 -0.036 -0.742 0.980 0.000 -0.164 0.116 0.978 0.000 0.141 -0.155 0.981 0.000 -0.148 0.125 0.984 0.000 0.135 -0.116 0.637 0.000 -0.768 0.066 0.993 0.000 0.104 0.056 0.612 0.000 -0.790 0.036 0.992 0.000 0.109 0.060 
-0.670 0.014 -0.036 -0.742 0.981 0.000 -0.157 0.114 0.978 -0.000 0.142 -0.155 0.982 0.000 -0.143 0.123 0.984 0.000 0.135 -0.116 0.637 0.000 -0.768 0.066 0.993 0.000 0.104 0.056 0.612 0.000 -0.790 0.036 0.992 0.000 0.109 0.060 
-0.670 0.013 -0.035 -0.742 0.982 0.000 -0.151 0.111 0.977 0.000 0.143 -0.155 0.982 0.000 -0.139 0.124 0.983 0.000 0.138 -0.119 0.637 0.000 -0.768 0.066 0.993 0.000 0.104 0.057 0.612 0.000 -0.790 0.035 0.992 0.000 0.109 0.060 
-0.670 0.013 -0.036 -0.741 0.984 0.000 -0.145 0.106 0.978 0.000 0.146 -0.149 0.983 0.000 -0.134 0.123 0.983 0.000 0.138 -0.119 0.637 0.000 -0.768 0.066 0.993 0.000 0.104 0.057 0.612 0.000 -0.790 0.035 0.992 0.000 0.109 0.060 
-0.670 0.014 -0.036 -0.741 0.985 0.000 -0.137 0.106 0.977 0.000 0.144 -0.155 0.985 0.000 -0.128 0.116 0.984 0.000 0.139 -0.112 0.637 0.000 -0.768 0.066 0.993 -0.000 0.104 0.057 0.612 0.000 -0.790 0.036 0.992 0.000 0.109 0.060 
-0.670 0.014 -0.036 -0.741 0.986 0.000 -0.132 0.101 0.978 0.000 0.147 -0.149 0.987 0.000 -0.120 0.111 0.984 0.000 0.138 -0.109 0.636 -0.000 -0.769 0.068 0.993 0.000 0.104 0.056 0.613 0.000 -0.789 0.037 0.992 0.000 0.109 0.060 
-0.670 0.014 -0.036 -0.741 0.987 0.000 -0.125 0.101 0.977 0.000 0.145 -0.156 0.988 0.000 -0.114 0.108 0.984 0.000 0.138 -0.110 0.636 0.000 -0.769 0.068 0.993 0.000 0.104 0.056 0.613 0.000 -0.790 0.037 0.992 0.000 0.109 0.060 
-0.670 0.014 -0.037 -0.741 0.988 0.000 -0.118 0.098 0.977 0.000 0.145 -0.156 0.988 0.000 -0.110 0.109 0.984 0.000 0.139 -0.115 0.637 0.000 -0.768 0.068 0.993 0.000 0.104 0.056 0.612 0.000 -0.790 0.037 0.992 0.000 0.109 0.060 
-0.670 0.014 -0.037 -0.741 0.989 0.000 -0.113 0.092 0.978 0.000 0.147 -0.149 0.989 0.000 -0.104 0.106 0.984 0.000 0.139 -0.116 0.637 0.000 -0.768 0.068 0.993 0.000 0.104 0.057 0.612 -0.000 -0.790 0.038 0.992 0.000 0.109 0.060 
-0.670 0.014 -0.037 -0.741 0.990 0.000 -0.107 0.088 0.978 0.000 0.147 -0.150 0.990 0.000 -0.098 0.102 0.984 0.000 0.138 -0.115 0.637 0.000 -0.768 0.068 0.993 0.000 0.104 0.056 0.612 0.000 -0.790 0.038 0.992 0.000 0.109 0.060 
-0.670 0.014 -0.037 -0.741 0.991 0.000 -0.101 0.084 0.978 0.000 0.148 -0.148 0.990 0.000 -0.094 0.102 0.983 0.000 0.140 -0.119 0.637 0.000 -0.768 0.068 0.993 0.000 0.104 0.057 0.612 -0.000 -0.790 0.038 0.992 0.000 0.109 0.060 
-0.670 0.014 -0.037 -0.741 0.992 0.000 -0.095 0.080 0.978 -0.000 0.148 -0.147 0.991 0.000 -0.088 0.098 0.983 0.000 0.140 -0.118 0.637 0.000 -0.768 0.068 0.993 -0.000 0.104 0.056 0.613 0.000 -0.790 0.038 0.992 0.000 0.109 0.060 
-0.670 0.015 -0.037 -0.741 0.993 0.000 -0.089 0.078 0.977 0.000 0.147 -0.153 0.992 -0.000 -0.081 0.094 0.983 0.000 0.140 -0.117 0.636 0.000 -0.769 0.069 0.993 0.000 0.105 0.056 0.613 0.000 -0.789 0.039 0.992 0.000 0.109 0.060 
-0.670 0.015 -0.037 -0.741 0.994 0.000 -0.084 0.074 0.977 0.000 0.147 -0.153 0.993 0.000 -0.076 0.090 0.983 0.000 0.140 -0.116 0.636 0.000 -0.769 0.069 0.993 0.000 0.105 0.056 0.613 0.000 -0.789 0.039 0.992 0.000 0.109 0.060 
-0.670 0.015 -0.037 -0.741 0.994 -0.000 -0.079 0.070 0.977 0.000 0.147 -0.153 0.994 0.000 -0.070 0.086 0.983 0.000 0.141 -0.115 0.636 -0.000 -0.769 0.070 0.993 0.000 0.105 0.056 0.613 -0.000 -0.789 0.040 0.992 0.000 0.109 0.059 
-0.670 0.015 -0.037 -0.741 0.995 0.000 -0.074 0.065 0.977 0.000 0.147 -0.153 0.995 0.000 -0.065 0.081 0.983 0.000 0.142 -0.116 0.636 0.000 -0.768 0.070 0.993 -0.000 0.105 0.056 0.613 -0.000 -0.789 0.040 0.992 -0.000 0.109 0.060 
-0.670 0.015 -0.038 -0.741 0.996 0.000 -0.069 0.060 0.977 0.000 0.147 -0.154 0.995 -0.000 -0.060 0.077 0.983 -0.000 0.142 -0.115 0.636 0.000 -0.768 0.071 0.993 0.000 0.105 0.056 0.613 0.000 -0.789 0.040 0.992 0.000 0.109 0.060 
-0.670 0.015 -0.038 -0.741 0.996 0.000 -0.064 0.055 0.977 0.000 0.147 -0.153 0.996 0.000 -0.055 0.073 0.983 0.000 0.142 -0.116 0.637 0.000 -0.768 0.071 0.993 0.000 0.105 0.056 0.613 0.000 -0.789 0.040 0.992 0.000 0.109 0.060 
-0.670 0.015 -0.038 -0.741 0.997 0.000 -0.059 0.050 0.977 0.000 0.148 -0.154 0.997 0.000 -0.050 0.067 0.983 0.000 0.142 -0.115 0.637 -0.000 -0.768 0.071 0.993 0.000 0.105 0.056 0.613 0.000 -0.789 0.041 0.992 0.000 0.109 0.059 
-0.670 0.016 -0.039 -0.741 0.997 0.000 -0.054 0.046 0.977 0.000 0.146 -0.157 0.997 0.000 -0.043 0.059 0.984 0.000 0.141 -0.113 0.636 0.000 -0.768 0.073 0.993 0.000 0.105 0.056 0.613 0.000 -0.789 0.043 0.992 0.000 0.109 0.059 
-0.670 0.016 -0.039 -0.741 0.998 -0.000 -0.052 0.039 0.977 0.000 0.149 -0.155 0.998 -0.000 -0.039 0.055 0.983 0.000 0.141 -0.115 0.636 0.000 -0.768 0.073 0.993 0.000 0.105 0.056 0.613 0.000 -0.789 0.043 0.992 0.000 0.109 0.059 
-0.670 0.016 -0.039 -0.741 0.998 0.000 -0.048 0.034 0.976 0.000 0.149 -0.156 0.998 0.000 -0.035 0.049 0.983 0.000 0.142 -0.116 0.636 0.000 -0.768 0.073 0.993 0.000 0.105 0.056 0.613 0.000 -0.789 0.043 0.992 0.000 0.109 0.059 
-0.670 0.016 -0.040 -0.741 0.999 0.000 -0.043 0.030 0.976 0.000 0.148 -0.158 0.999 0.000 -0.030 0.043 0.983 -0.000 0.142 -0.117 0.636 0.000 -0.768 0.074 0.993 0.000 0.105 0.056 0.613 0.000 -0.789 0.044 0.992 0.000 0.110 0.059 
-0.670 0.016 -0.040 -0.741 0.999 0.000 -0.040 0.024 0.976 -0.000 0.148 -0.160 0.999 -0.000 -0.026 0.037 0.983 0.000 0.142 -0.114 0.636 0.000 -0.768 0.074 0.993 0.000 0.105 0.056 0.613 0.000 -0.789 0.044 0.992 0.000 0.109 0.059 
-0.670 0.017 -0.040 -0.741 0.999 0.000 -0.037 0.019 0.976 0.000 0.148 -0.162 0.999 0.000 -0.020 0.030 0.984 0.000 0.140 -0.114 0.636 -0.000 -0.768 0.075 0.993 0.000 0.105 0.056 0.613 0.000 -0.789 0.046 0.992 0.000 0.110 0.058 
-0.670 0.017 -0.040 -0.741 0.999 -0.000 -0.033 0.013 0.976 0.000 0.148 -0.162 1.000 0.000 -0.017 0.025 0.983 0.000 0.141 -0.116 0.636 -0.000 -0.768 0.075 0.993 0.000 0.105 0.056 0.613 0.000 -0.789 0.045 0.992 0.000 0.110 0.059 
-0.670 0.017 -0.040 -0.741 1.000 0.000 -0.030 0.007 0.976 0.000 0.148 -0.162 1.000 0.000 -0.014 0.018 0.983 0.000 0.140 -0.116 0.636 -0.000 -0.768 0.075 0.993 0.000 0.105 0.056 0.613 0.000 -0.789 0.046 0.992 0.000 0.110 0.058 
-0.670 0.017 -0.041 -0.741 1.000 0.000 -0.028 0.001 0.975 -0.000 0.149 -0.162 1.000 0.000 -0.012 0.012 0.983 0.000 0.142 -0.117 0.636 -0.000 -0.768 0.076 0.993 0.000 0.105 0.056 0.613 0.000 -0.789 0.046 0.992 0.000 0.110 0.058 
-0.670 0.017 -0.041 -0.741 1.000 0.000 -0.025 -0.004 0.975 0.000 0.149 -0.162 1.000 0.000 -0.008 0.005 0.983 0.000 0.141 -0.119 0.636 0.000 -0.768 0.076 0.993 0.000 0.105 0.056 0.613 -0.000 -0.789 0.046 0.992 0.000 0.110 0.058 
-0.670 0.017 -0.041 -0.741 1.000 0.000 -0.023 -0.010 0.975 0.000 0.149 -0.162 1.000 0.000 -0.005 -0.002 0.983 0.000 0.141 -0.120 0.636 0.000 -0.768 0.077 0.993 0.000 0.105 0.055 0.613 0.000 -0.789 0.047 0.992 0.000 0.110 0.058 
-0.670 0.018 -0.041 -0.741 1.000 0.000 -0.020 -0.015 0.975 0.000 0.150 -0.163 1.000 0.000 -0.000 -0.009 0.983 0.000 0.139 -0.121 0.635 0.000 -0.768 0.078 0.993 0.000 0.105 0.055 0.613 0.000 -0.788 0.048 0.992 0.000 0.110 0.058 
-0.669 0.018 -0.041 -0.742 1.000 0.000 -0.018 -0.021 0.975 0.000 0.150 -0.163 1.000 0.000 0.002 -0.016 0.983 0.000 0.138 -0.123 0.635 -0.000 -0.768 0.078 0.993 0.000 0.105 0.055 0.613 0.000 -0.788 0.048 0.992 0.000 0.111 0.058 
-0.669 0.018 -0.041 -0.742 0.999 0.000 -0.017 -0.027 0.975 0.000 0.152 -0.162 1.000 0.000 0.005 -0.023 0.983 0.000 0.138 -0.123 0.635 0.000 -0.768 0.079 0.993 0.000 0.105 0.055 0.613 -0.000 -0.788 0.048 0.992 0.000 0.111 0.058 
-0.669 0.018 -0.042 -0.742 0.999 0.000 -0.015 -0.032 0.975 0.000 0.153 -0.163 1.000 -0.000 0.007 -0.031 0.983 0.000 0.137 -0.124 0.635 0.000 -0.768 0.079 0.993 0.000 0.105 0.055 0.613 0.000 -0.788 0.048 0.992 0.000 0.111 0.058 
-0.669 0.018 -0.042 -0.742 0.999 0.000 -0.013 -0.038 0.975 0.000 0.154 -0.163 0.999 0.000 0.007 -0.039 0.982 0.000 0.140 -0.125 0.636 0.000 -0.768 0.080 0.993 0.000 0.104 0.055 0.613 0.000 -0.789 0.049 0.992 0.000 0.111 0.058 
-0.668 0.018 -0.043 -0.742 0.999 -0.000 -0.012 -0.043 0.974 0.000 0.156 -0.163 0.999 0.000 0.009 -0.048 0.982 0.000 0.139 -0.126 0.636 0.000 -0.768 0.081 0.993 0.000 0.105 0.055 0.613 0.000 -0.789 0.050 0.992 0.000 0.111 0.057 
-0.668 0.018 -0.043 -0.743 0.999 0.000 -0.011 -0.048 0.974 0.000 0.157 -0.162 0.998 0.000 0.010 -0.056 0.982 -0.000 0.139 -0.126 0.636 0.000 -0.768 0.081 0.993 0.000 0.104 0.055 0.613 0.000 -0.789 0.050 0.992 0.000 0.111 0.057 
-0.667 0.019 -0.043 -0.743 0.999 0.000 -0.010 -0.053 0.974 0.000 0.159 -0.162 0.998 0.000 0.012 -0.065 0.982 0.000 0.138 -0.127 0.636 0.000 -0.767 0.082 0.993 0.000 0.104 0.054 0.613 0.000 -0.789 0.050 0.992 0.000 0.111 0.057 
-0.666 0.019 -0.044 -0.744 0.998 0.000 -0.009 -0.059 0.974 0.000 0.160 -0.161 0.997 0.000 0.012 -0.071 0.982 0.000 0.138 -0.130 0.636 0.000 -0.767 0.082 0.993 0.000 0.104 0.054 0.613 0.000 -0.789 0.051 0.992 0.000 0.111 0.057 
-0.666 0.019 -0.044 -0.745 0.998 0.000 -0.008 -0.064 0.974 0.000 0.162 -0.161 0.997 -0.000 0.013 -0.081 0.981 0.000 0.139 -0.132 0.636 0.000 -0.767 0.083 0.993 0.000 0.104 0.054 0.613 0.000 -0.789 0.051 0.992 -0.000 0.111 0.057 
-0.665 0.019 -0.044 -0.745 0.998 0.000 -0.007 -0.070 0.974 -0.000 0.163 -0.160 0.996 0.000 0.013 -0.088 0.981 0.000 0.141 -0.134 0.636 0.000 -0.767 0.084 0.993 0.000 0.104 0.054 0.613 0.000 -0.789 0.052 0.992 0.000 0.111 0.056 
-0.664 0.019 -0.045 -0.746 0.997 0.000 -0.007 -0.076 0.974 0.000 0.164 -0.157 0.995 0.000 0.014 -0.101 0.982 0.000 0.139 -0.130 0.636 0.000 -0.767 0.085 0.993 0.000 0.104 0.054 0.613 0.000 -0.789 0.052 0.992 0.000 0.112 0.056 
-0.663 0.019 -0.045 -0.747 0.997 0.000 -0.006 -0.081 0.974 0.000 0.165 -0.158 0.994 0.000 0.013 -0.110 0.981 -0.000 0.141 -0.131 0.636 0.000 -0.767 0.086 0.993 0.000 0.104 0.054 0.613 0.000 -0.789 0.053 0.992 0.000 0.112 0.056 
-0.662 0.020 -0.046 -0.748 0.996 0.000 -0.005 -0.085 0.973 0.000 0.164 -0.161 0.993 -0.000 0.012 -0.120 0.981 0.000 0.143 -0.130 0.636 0.000 -0.767 0.088 0.993 0.000 0.104 0.053 0.613 0.000 -0.789 0.054 0.992 0.000 0.112 0.056 
-0.661 0.020 -0.046 -0.749 0.996 0.000 -0.005 -0.090 0.973 -0.000 0.164 -0.161 0.991 -0.000 0.010 -0.130 0.981 0.000 0.145 -0.131 0.636 -0.000 -0.766 0.089 0.993 -0.000 0.104 0.053 0.613 0.000 -0.788 0.055 0.992 0.000 0.112 0.055 
-0.660 0.020 -0.047 -0.749 0.995 0.000 -0.004 -0.096 0.973 0.000 0.162 -0.162 0.990 0.000 0.007 -0.138 0.980 0.000 0.148 -0.132 0.636 0.000 -0.766 0.091 0.993 0.000 0.104 0.052 0.613 0.000 -0.788 0.057 0.992 0.000 0.112 0.055 
-0.659 0.021 -0.048 -0.750 0.995 0.000 -0.004 -0.101 0.973 0.000 0.162 -0.163 0.989 0.000 0.006 -0.148 0.980 -0.000 0.149 -0.132 0.636 0.000 -0.766 0.092 0.993 0.000 0.104 0.052 0.613 0.000 -0.788 0.058 0.992 0.000 0.112 0.054 
-0.658 0.021 -0.048 -0.751 0.994 0.000 -0.004 -0.106 0.973 -0.000 0.162 -0.163 0.988 0.000 0.004 -0.156 0.980 -0.000 0.150 -0.134 0.636 0.000 -0.766 0.093 0.993 0.000 0.104 0.052 0.613 0.000 -0.788 0.058 0.992 0.000 0.112 0.054 
-0.658 0.021 -0.048 -0.752 0.994 0.000 -0.005 -0.111 0.973 0.000 0.161 -0.165 0.986 0.000 0.002 -0.165 0.979 0.000 0.152 -0.135 0.636 0.000 -0.766 0.094 0.993 0.000 0.104 0.051 0.613 0.000 -0.788 0.059 0.992 0.000 0.112 0.053 
-0.657 0.021 -0.049 -0.752 0.994 0.000 -0.005 -0.114 0.972 -0.000 0.160 -0.169 0.985 0.000 -0.002 -0.174 0.979 0.000 0.154 -0.135 0.636 0.000 -0.766 0.095 0.993 0.000 0.104 0.051 0.613 0.000 -0.788 0.060 0.992 0.000 0.112 0.053 
-0.656 0.021 -0.049 -0.753 0.993 0.000 -0.006 -0.118 0.972 0.000 0.160 -0.170 0.983 0.000 -0.004 -0.183 0.978 0.000 0.156 -0.136 0.636 0.000 -0.766 0.097 0.993 0.000 0.103 0.051 0.613 0.000 -0.788 0.061 0.992 -0.000 0.112 0.053 
-0.655 0.021 -0.050 -0.754 0.992 0.000 -0.007 -0.123 0.972 0.000 0.160 -0.172 0.982 0.000 -0.007 -0.190 0.978 0.000 0.157 -0.140 0.636 0.000 -0.765 0.098 0.993 0.000 0.103 0.051 0.613 0.000 -0.788 0.061 0.992 -0.000 0.112 0.053 
-0.654 0.022 -0.050 -0.754 0.992 0.000 -0.009 -0.128 0.972 0.000 0.159 -0.173 0.980 0.000 -0.011 -0.198 0.977 0.000 0.159 -0.141 0.636 0.000 -0.765 0.099 0.993 0.000 0.104 0.050 0.613 0.000 -0.788 0.062 0.992 0.000 0.112 0.052 
-0.654 0.022 -0.051 -0.755 0.991 0.000 -0.011 -0.134 0.972 0.000 0.159 -0.174 0.979 0.000 -0.015 -0.203 0.976 0.000 0.161 -0.148 0.636 0.000 -0.765 0.099 0.993 0.000 0.104 0.050 0.613 0.000 -0.788 0.062 0.992 0.000 0.112 0.052 
-0.653 0.022 -0.051 -0.755 0.990 -0.000 -0.013 -0.139 0.972 0.000 0.159 -0.175 0.978 0.000 -0.019 -0.210 0.975 -0.000 0.162 -0.150 0.636 0.000 -0.765 0.100 0.993 0.000 0.104 0.050 0.613 -0.000 -0.788 0.063 0.992 0.000 0.112 0.052 
-0.653 0.022 -0.051 -0.755 0.989 -0.000 -0.016 -0.145 0.972 -0.000 0.159 -0.176 0.976 0.000 -0.023 -0.217 0.975 -0.000 0.163 -0.152 0.636 0.000 -0.765 0.101 0.993 0.000 0.104 0.050 0.613 0.000 -0.788 0.064 0.992 0.000 0.112 0.052 
-0.653 0.023 -0.052 -0.755 0.989 -0.000 -0.018 -0.149 0.971 0.000 0.158 -0.178 0.974 0.000 -0.027 -0.224 0.974 0.000 0.164 -0.153 0.636 0.000 -0.765 0.102 0.993 -0.000 0.104 0.050 0.613 0.000 -0.788 0.064 0.992 0.000 0.112 0.052 
-0.653 0.023 -0.052 -0.756 0.988 0.000 -0.021 -0.154 0.971 0.000 0.158 -0.180 0.973 0.000 -0.032 -0.231 0.974 -0.000 0.165 -0.154 0.636 0.000 -0.765 0.102 0.993 0.000 0.104 0.051 0.613 0.000 -0.788 0.065 0.992 0.000 0.112 0.052 
-0.653 0.023 -0.053 -0.756 0.987 0.000 -0.024 -0.159 0.971 0.000 0.157 -0.182 0.971 0.000 -0.037 -0.237 0.974 0.000 0.166 -0.155 0.636 0.000 -0.765 0.102 0.993 0.000 0.104 0.051 0.613 0.000 -0.788 0.065 0.992 0.000 0.112 0.052 
-0.653 0.023 -0.053 -0.756 0.986 0.000 -0.030 -0.164 0.970 0.000 0.158 -0.185 0.969 0.000 -0.042 -0.242 0.973 -0.000 0.168 -0.158 0.636 0.000 -0.765 0.103 0.993 0.000 0.104 0.051 0.613 -0.000 -0.788 0.066 0.992 0.000 0.112 0.052 
-0.653 0.023 -0.053 -0.755 0.985 0.000 -0.034 -0.169 0.969 0.000 0.158 -0.187 0.968 0.000 -0.047 -0.247 0.973 0.000 0.167 -0.159 0.636 0.000 -0.765 0.103 0.993 0.000 0.104 0.051 0.613 0.000 -0.788 0.066 0.992 -0.000 0.113 0.053 
-0.653 0.024 -0.053 -0.755 0.984 -0.000 -0.038 -0.174 0.969 0.000 0.159 -0.189 0.966 0.000 -0.052 -0.252 0.973 -0.000 0.167 -0.162 0.636 -0.000 -0.765 0.104 0.993 0.000 0.104 0.051 0.613 -0.000 -0.787 0.066 0.992 0.000 0.113 0.053 
-0.653 0.024 -0.054 -0.755 0.983 0.000 -0.043 -0.179 0.969 0.000 0.159 -0.191 0.965 0.000 -0.057 -0.257 0.972 -0.000 0.166 -0.163 0.636 0.000 -0.765 0.104 0.993 0.000 0.104 0.051 0.613 0.000 -0.787 0.068 0.992 0.000 0.113 0.053 
-0.654 0.024 -0.054 -0.754 0.982 0.000 -0.049 -0.185 0.968 0.000 0.159 -0.192 0.963 0.000 -0.062 -0.261 0.972 0.000 0.166 -0.165 0.636 0.000 -0.765 0.105 0.993 0.000 0.105 0.051 0.613 0.000 -0.787 0.068 0.992 -0.000 0.113 0.053 
-0.654 0.025 -0.054 -0.754 0.980 0.000 -0.054 -0.190 0.968 0.000 0.158 -0.194 0.961 0.000 -0.068 -0.267 0.973 0.000 0.165 -0.164 0.636 0.000 -0.765 0.105 0.993 0.000 0.105 0.051 0.613 0.000 -0.787 0.069 0.992 0.000 0.113 0.052 
-0.655 0.025 -0.055 -0.754 0.979 0.000 -0.059 -0.195 0.968 0.000 0.157 -0.195 0.960 0.000 -0.071 -0.272 0.974 0.000 0.161 -0.162 0.636 0.000 -0.764 0.106 0.993 0.000 0.105 0.051 0.613 0.000 -0.787 0.070 0.992 0.000 0.113 0.053 
-0.655 0.025 -0.055 -0.753 0.978 0.000 -0.064 -0.200 0.968 0.000 0.155 -0.197 0.958 0.000 -0.077 -0.275 0.974 -0.000 0.159 -0.164 0.636 0.000 -0.764 0.106 0.993 0.000 0.105 0.051 0.613 0.000 -0.787 0.070 0.992 0.000 0.113 0.053 
-0.656 0.025 -0.055 -0.752 0.976 -0.000 -0.069 -0.205 0.968 0.000 0.152 -0.197 0.956 0.000 -0.084 -0.279 0.974 -0.000 0.159 -0.164 0.636 0.000 -0.764 0.106 0.993 0.000 0.105 0.051 0.613 0.000 -0.787 0.071 0.992 0.000 0.113 0.053 
-0.656 0.025 -0.055 -0.752 0.975 0.000 -0.075 -0.210 0.969 0.000 0.150 -0.197 0.955 0.000 -0.090 -0.283 0.974 0.000 0.157 -0.166 0.636 0.000 -0.764 0.107 0.993 0.000 0.105 0.051 0.613 0.000 -0.787 0.071 0.992 0.000 0.113 0.053 
-0.657 0.026 -0.055 -0.752 0.974 0.000 -0.080 -0.214 0.969 0.000 0.146 -0.198 0.953 -0.000 -0.096 -0.286 0.974 -0.000 0.155 -0.166 0.636 0.000 -0.764 0.107 0.993 -0.000 0.105 0.051 0.613 0.000 -0.787 0.072 0.992 0.000 0.113 0.053 
-0.657 0.026 -0.055 -0.751 0.972 0.000 -0.086 -0.218 0.970 0.000 0.142 -0.198 0.952 0.000 -0.103 -0.289 0.974 0.000 0.154 -0.167 0.636 0.000 -0.764 0.107 0.993 0.000 0.105 0.051 0.613 0.000 -0.787 0.072 0.992 0.000 0.113 0.053 
-0.658 0.026 -0.055 -0.750 0.971 -0.000 -0.091 -0.222 0.970 0.000 0.138 -0.199 0.951 0.000 -0.109 -0.290 0.974 0.000 0.151 -0.169 0.636 0.000 -0.764 0.108 0.993 0.000 0.105 0.051 0.613 -0.000 -0.787 0.073 0.992 0.000 0.113 0.053 
-0.659 0.026 -0.056 -0.750 0.970 0.000 -0.097 -0.225 0.971 0.000 0.133 -0.200 0.949 0.000 -0.114 -0.293 0.975 -0.000 0.148 -0.167 0.636 0.000 -0.764 0.108 0.993 0.000 0.105 0.051 0.613 0.000 -0.787 0.073 0.992 0.000 0.113 0.053 
-0.659 0.026 -0.055 -0.749 0.968 0.000 -0.102 -0.228 0.971 0.000 0.129 -0.200 0.948 0.000 -0.121 -0.294 0.975 -0.000 0.146 -0.168 0.636 0.000 -0.764 0.108 0.993 0.000 0.105 0.051 0.613 0.000 -0.787 0.073 0.992 0.000 0.113 0.053 
-0.660 0.026 -0.055 -0.749 0.967 0.000 -0.108 -0.231 0.972 0.000 0.125 -0.200 0.947 0.000 -0.129 -0.294 0.975 -0.000 0.145 -0.171 0.636 0.000 -0.764 0.107 0.993 0.000 0.105 0.051 0.613 0.000 -0.787 0.072 0.992 0.000 0.113 0.053 
-0.661 0.026 -0.055 -0.748 0.966 0.000 -0.114 -0.233 0.972 0.000 0.121 -0.200 0.946 0.000 -0.135 -0.294 0.975 0.000 0.142 -0.173 0.636 0.000 -0.764 0.107 0.993 -0.000 0.105 0.051 0.613 -0.000 -0.787 0.072 0.992 0.000 0.113 0.054 
-0.661 0.026 -0.055 -0.748 0.964 0.000 -0.121 -0.235 0.973 -0.000 0.118 -0.200 0.945 0.000 -0.142 -0.296 0.975 0.000 0.140 -0.173 0.636 -0.000 -0.764 0.107 0.993 0.000 0.105 0.051 0.613 0.000 -0.787 0.073 0.992 0.000 0.113 0.054 
-0.661 0.026 -0.055 -0.747 0.963 0.000 -0.127 -0.237 0.973 0.000 0.114 -0.200 0.944 0.000 -0.148 -0.295 0.975 0.000 0.136 -0.176 0.636 -0.000 -0.764 0.107 0.993 0.000 0.105 0.051 0.613 0.000 -0.787 0.073 0.992 0.000 0.113 0.054 
-0.662 0.026 -0.055 -0.747 0.962 0.000 -0.134 -0.238 0.974 -0.000 0.112 -0.199 0.943 0.000 -0.158 -0.293 0.974 0.000 0.138 -0.181 0.636 0.000 -0.764 0.107 0.993 0.000 0.105 0.050 0.613 -0.000 -0.787 0.073 0.992 -0.000 0.113 0.053 
-0.662 0.026 -0.055 -0.747 0.961 0.000 -0.141 -0.238 0.974 0.000 0.109 -0.200 0.942 0.000 -0.165 -0.292 0.974 0.000 0.136 -0.183 0.636 0.000 -0.764 0.106 0.993 0.000 0.105 0.050 0.613 0.000 -0.787 0.073 0.992 0.000 0.113 0.053 
-0.662 0.026 -0.055 -0.747 0.960 0.000 -0.148 -0.237 0.974 0.000 0.107 -0.201 0.941 -0.000 -0.169 -0.292 0.974 0.000 0.132 -0.184 0.636 0.000 -0.764 0.107 0.993 0.000 0.105 0.050 0.613 0.000 -0.787 0.073 0.992 0.000 0.113 0.053 
-0.662 0.026 -0.055 -0.747 0.959 -0.000 -0.155 -0.236 0.974 0.000 0.105 -0.201 0.940 0.000 -0.178 -0.291 0.974 -0.000 0.132 -0.186 0.636 0.000 -0.764 0.106 0.993 0.000 0.105 0.050 0.613 0.000 -0.787 0.072 0.992 0.000 0.113 0.053 
-0.663 0.026 -0.055 -0.747 0.958 0.000 -0.163 -0.235 0.974 0.000 0.104 -0.201 0.939 -0.000 -0.184 -0.289 0.974 0.000 0.128 -0.189 0.636 0.000 -0.764 0.106 0.993 0.000 0.105 0.050 0.613 0.000 -0.787 0.073 0.992 0.000 0.112 0.053 
-0.663 0.026 -0.054 -0.746 0.957 0.000 -0.169 -0.234 0.974 0.000 0.102 -0.202 0.939 0.000 -0.192 -0.287 0.973 0.000 0.127 -0.191 0.636 -0.000 -0.765 0.106 0.993 0.000 0.105 0.050 0.613 0.000 -0.787 0.072 0.992 0.000 0.113 0.054 
-0.663 0.025 -0.054 -0.746 0.956 0.000 -0.176 -0.232 0.974 0.000 0.101 -0.202 0.938 0.000 -0.197 -0.285 0.974 0.000 0.123 -0.192 0.636 0.000 -0.765 0.105 0.993 0.000 0.105 0.050 0.613 0.000 -0.787 0.072 0.992 0.000 0.113 0.053 
-0.663 0.025 -0.054 -0.746 0.956 -0.000 -0.183 -0.231 0.974 0.000 0.100 -0.202 0.938 0.000 -0.206 -0.280 0.972 0.000 0.125 -0.197 0.636 0.000 -0.765 0.105 0.993 0.000 0.105 0.050 0.613 0.000 -0.787 0.071 0.992 -0.000 0.112 0.054 
-0.663 0.025 -0.053 -0.746 0.955 -0.000 -0.190 -0.228 0.974 0.000 0.099 -0.202 0.937 0.000 -0.211 -0.278 0.973 0.000 0.121 -0.198 0.636 -0.000 -0.765 0.104 0.993 0.000 0.105 0.050 0.613 0.000 -0.787 0.070 0.992 0.000 0.112 0.054 
-0.663 0.025 -0.053 -0.746 0.954 0.000 -0.196 -0.226 0.975 0.000 0.098 -0.202 0.937 0.000 -0.219 -0.273 0.972 0.000 0.122 -0.200 0.636 0.000 -0.765 0.104 0.993 0.000 0.105 0.050 0.613 0.000 -0.787 0.070 0.992 0.000 0.112 0.053 
-0.663 0.024 -0.053 -0.746 0.954 0.000 -0.202 -0.222 0.974 0.000 0.096 -0.203 0.937 0.000 -0.223 -0.270 0.973 0.000 0.118 -0.201 0.636 0.000 -0.765 0.103 0.993 0.000 0.105 0.050 0.613 0.000 -0.787 0.069 0.992 0.000 0.112 0.053 
-0.663 0.025 -0.053 -0.746 0.953 0.000 -0.208 -0.219 0.975 0.000 0.095 -0.203 0.936 0.000 -0.229 -0.267 0.973 0.000 0.117 -0.202 0.636 0.000 -0.765 0.103 0.993 0.000 0.105 0.050 0.613 0.000 -0.787 0.070 0.992 0.000 0.112 0.053 
-0.664 0.024 -0.052 -0.746 0.953 0.000 -0.214 -0.215 0.975 0.000 0.094 -0.202 0.936 -0.000 -0.235 -0.262 0.973 0.000 0.115 -0.203 0.635 0.000 -0.765 0.102 0.993 0.000 0.105 0.050 0.614 0.000 -0.787 0.068 0.992 0.000 0.112 0.053 
-0.664 0.024 -0.052 -0.746 0.953 0.000 -0.219 -0.212 0.975 0.000 0.093 -0.202 0.937 0.000 -0.239 -0.256 0.972 0.000 0.113 -0.205 0.636 -0.000 -0.765 0.101 0.993 0.000 0.105 0.050 0.614 0.000 -0.787 0.068 0.992 0.000 0.112 0.053 
-0.664 0.023 -0.051 -0.746 0.952 0.000 -0.224 -0.207 0.975 0.000 0.092 -0.201 0.937 0.000 -0.244 -0.252 0.972 0.000 0.112 -0.205 0.636 0.000 -0.766 0.100 0.993 0.000 0.105 0.050 0.614 0.000 -0.787 0.067 0.992 0.000 0.112 0.054 
-0.664 0.024 -0.052 -0.746 0.952 0.000 -0.229 -0.203 0.976 0.000 0.090 -0.200 0.936 0.000 -0.248 -0.250 0.974 0.000 0.111 -0.200 0.635 0.000 -0.766 0.101 0.993 0.000 0.105 0.050 0.614 0.000 -0.787 0.067 0.992 0.000 0.112 0.054 
-0.664 0.023 -0.051 -0.746 0.952 0.000 -0.234 -0.198 0.976 0.000 0.089 -0.199 0.936 0.000 -0.252 -0.245 0.974 0.000 0.110 -0.199 0.635 0.000 -0.766 0.100 0.993 0.000 0.105 0.050 0.614 0.000 -0.787 0.067 0.992 0.000 0.112 0.054 
-0.664 0.023 -0.051 -0.746 0.952 0.000 -0.238 -0.193 0.976 -0.000 0.088 -0.199 0.936 0.000 -0.257 -0.239 0.974 0.000 0.109 -0.199 0.635 0.000 -0.766 0.099 0.993 -0.000 0.105 0.050 0.614 -0.000 -0.787 0.066 0.992 0.000 0.112 0.054 
-0.664 0.022 -0.050 -0.746 0.952 0.000 -0.241 -0.189 0.976 0.000 0.087 -0.198 0.937 0.000 -0.262 -0.230 0.973 0.000 0.109 -0.201 0.635 0.000 -0.766 0.098 0.993 -0.000 0.105 0.051 0.614 0.000 -0.787 0.064 0.992 0.000 0.112 0.054 
-0.664 0.023 -0.051 -0.746 0.952 0.000 -0.245 -0.183 0.977 0.000 0.086 -0.197 0.937 0.000 -0.264 -0.227 0.974 0.000 0.107 -0.198 0.635 0.000 -0.766 0.098 0.993 -0.000 0.105 0.051 0.614 -0.000 -0.787 0.065 0.992 0.000 0.112 0.054 
-0.664 0.022 -0.050 -0.746 0.952 0.000 -0.248 -0.178 0.977 0.000 0.085 -0.196 0.938 0.000 -0.269 -0.218 0.974 0.000 0.108 -0.200 0.635 0.000 -0.766 0.096 0.993 0.000 0.105 0.051 0.614 0.000 -0.787 0.063 0.992 0.000 0.112 0.055 
-0.664 0.022 -0.049 -0.746 0.952 0.000 -0.252 -0.172 0.977 0.000 0.085 -0.196 0.939 0.000 -0.273 -0.210 0.974 0.000 0.108 -0.200 0.635 0.000 -0.766 0.096 0.993 0.000 0.104 0.051 0.614 0.000 -0.787 0.062 0.992 0.000 0.111 0.055 
-0.664 0.022 -0.050 -0.746 0.953 -0.000 -0.255 -0.166 0.977 -0.000 0.085 -0.196 0.939 0.000 -0.275 -0.206 0.975 0.000 0.106 -0.196 0.635 -0.000 -0.766 0.096 0.993 -0.000 0.104 0.051 0.614 0.000 -0.787 0.062 0.992 0.000 0.112 0.055 
-0.664 0.022 -0.049 -0.746 0.953 -0.000 -0.258 -0.160 0.977 0.000 0.085 -0.195 0.940 0.000 -0.277 -0.199 0.976 0.000 0.106 -0.193 0.635 -0.000 -0.766 0.095 0.993 0.000 0.104 0.051 0.614 0.000 -0.787 0.061 0.992 -0.000 0.112 0.055 
-0.664 0.021 -0.049 -0.746 0.953 -0.000 -0.261 -0.155 0.977 0.000 0.086 -0.194 0.940 -0.000 -0.280 -0.192 0.976 0.000 0.106 -0.191 0.635 0.000 -0.766 0.095 0.993 0.000 0.105 0.051 0.614 0.000 -0.787 0.061 0.992 0.000 0.112 0.056 
-0.665 0.021 -0.049 -0.745 0.953 0.000 -0.263 -0.149 0.977 0.000 0.086 -0.193 0.941 0.000 -0.284 -0.183 0.976 -0.000 0.107 -0.191 0.635 0.000 -0.767 0.093 0.993 0.000 0.104 0.052 0.614 0.000 -0.787 0.059 0.992 0.000 0.112 0.056 
-0.665 0.021 -0.048 -0.745 0.953 0.000 -0.265 -0.144 0.978 0.000 0.086 -0.192 0.942 0.000 -0.286 -0.176 0.976 0.000 0.107 -0.188 0.635 0.000 -0.767 0.093 0.993 0.000 0.104 0.052 0.614 0.000 -0.787 0.059 0.992 0.000 0.112 0.056 
-0.665 0.021 -0.048 -0.745 0.954 0.000 -0.267 -0.138 0.978 0.000 0.086 -0.190 0.943 0.000 -0.286 -0.171 0.978 -0.000 0.106 -0.181 0.635 -0.000 -0.767 0.093 0.993 0.000 0.104 0.052 0.614 0.000 -0.787 0.059 0.992 0.000 0.112 0.056 
-0.665 0.020 -0.048 -0.745 0.954 0.000 -0.268 -0.132 0.978 -0.000 0.086 -0.189 0.944 0.000 -0.287 -0.162 0.978 0.000 0.105 -0.179 0.635 0.000 -0.767 0.092 0.993 0.000 0.104 0.052 0.614 0.000 -0.787 0.058 0.992 0.000 0.112 0.056 
-0.665 0.020 -0.048 -0.745 0.955 0.000 -0.270 -0.126 0.978 0.000 0.087 -0.188 0.945 0.000 -0.289 -0.155 0.979 0.000 0.104 -0.177 0.635 0.000 -0.767 0.091 0.993 0.000 0.104 0.052 0.614 0.000 -0.787 0.058 0.992 0.000 0.112 0.056 
-0.666 0.021 -0.048 -0.744 0.955 0.000 -0.271 -0.120 0.979 0.000 0.087 -0.186 0.946 0.000 -0.289 -0.149 0.980 -0.000 0.104 -0.172 0.635 0.000 -0.767 0.092 0.993 0.000 0.104 0.052 0.614 0.000 -0.787 0.059 0.992 0.000 0.112 0.056 
-0.666 0.020 -0.048 -0.744 0.956 0.000 -0.271 -0.115 0.979 0.000 0.087 -0.185 0.946 0.000 -0.292 -0.139 0.979 0.000 0.106 -0.172 0.635 0.000 -0.767 0.091 0.993 0.000 0.104 0.052 0.614 0.000 -0.787 0.057 0.992 0.000 0.112 0.057 
-0.666 0.020 -0.047 -0.744 0.956 0.000 -0.271 -0.109 0.979 0.000 0.088 -0.183 0.947 0.000 -0.293 -0.131 0.980 0.000 0.106 -0.169 0.635 0.000 -0.767 0.090 0.993 -0.000 0.104 0.052 0.614 0.000 -0.787 0.057 0.992 0.000 0.111 0.056 
-0.667 0.020 -0.047 -0.743 0.957 0.000 -0.272 -0.103 0.979 0.000 0.089 -0.181 0.948 0.000 -0.293 -0.124 0.981 0.000 0.105 -0.164 0.635 0.000 -0.767 0.090 0.993 0.000 0.105 0.052 0.614 0.000 -0.787 0.057 0.992 0.000 0.112 0.057 
-0.667 0.020 -0.047 -0.743 0.957 -0.000 -0.272 -0.098 0.980 0.000 0.091 -0.179 0.949 0.000 -0.294 -0.114 0.981 0.000 0.106 -0.162 0.635 0.000 -0.767 0.089 0.993 0.000 0.104 0.052 0.614 0.000 -0.788 0.056 0.992 0.000 0.112 0.057 
-0.668 0.019 -0.046 -0.743 0.958 0.000 -0.271 -0.093 0.980 0.000 0.092 -0.177 0.950 0.000 -0.294 -0.106 0.982 0.000 0.104 -0.160 0.635 0.000 -0.767 0.088 0.993 0.000 0.104 0.052 0.614 0.000 -0.788 0.056 0.992 0.000 0.112 0.057 
-0.668 0.019 -0.046 -0.742 0.959 0.000 -0.271 -0.087 0.980 0.000 0.094 -0.174 0.951 0.000 -0.293 -0.100 0.983 0.000 0.104 -0.153 0.635 0.000 -0.767 0.088 0.993 0.000 0.104 0.052 0.614 0.000 -0.788 0.056 0.992 0.000 0.112 0.057 
-0.669 0.020 -0.046 -0.742 0.959 0.000 -0.270 -0.081 0.980 0.000 0.095 -0.173 0.952 0.000 -0.292 -0.092 0.983 0.000 0.104 -0.150 0.634 0.000 -0.768 0.088 0.993 0.000 0.105 0.052 0.614 0.000 -0.788 0.056 0.992 -0.000 0.112 0.057 
-0.669 0.020 -0.045 -0.742 0.960 0.000 -0.269 -0.075 0.981 0.000 0.096 -0.171 0.953 0.000 -0.291 -0.082 0.983 0.000 0.102 -0.149 0.634 0.000 -0.768 0.087 0.993 0.000 0.105 0.052 0.614 0.000 -0.788 0.055 0.992 0.000 0.112 0.057 
-0.669 0.020 -0.045 -0.742 0.961 0.000 -0.267 -0.069 0.981 0.000 0.097 -0.170 0.954 0.000 -0.290 -0.076 0.984 -0.000 0.103 -0.144 0.634 0.000 -0.768 0.087 0.993 0.000 0.105 0.052 0.614 0.000 -0.787 0.054 0.992 0.000 0.112 0.057 
-0.670 0.019 -0.045 -0.741 0.962 -0.000 -0.265 -0.063 0.981 -0.000 0.098 -0.170 0.954 -0.000 -0.291 -0.068 0.985 -0.000 0.105 -0.140 0.634 0.000 -0.768 0.086 0.993 0.000 0.105 0.052 0.614 0.000 -0.788 0.054 0.992 0.000 0.112 0.057 
-0.670 0.019 -0.044 -0.741 0.963 0.000 -0.263 -0.057 0.981 0.000 0.099 -0.169 0.955 0.000 -0.289 -0.060 0.985 0.000 0.105 -0.138 0.634 -0.000 -0.769 0.086 0.993 0.000 0.105 0.052 0.614 0.000 -0.788 0.053 0.992 0.000 0.112 0.057 
-0.670 0.019 -0.044 -0.740 0.964 0.000 -0.260 -0.051 0.981 -0.000 0.100 -0.168 0.956 0.000 -0.289 -0.053 0.985 0.000 0.107 -0.134 0.635 0.000 -0.768 0.085 0.993 -0.000 0.105 0.052 0.614 0.000 -0.788 0.053 0.992 0.000 0.112 0.058 
-0.671 0.018 -0.044 -0.740 0.965 0.000 -0.257 -0.045 0.981 -0.000 0.101 -0.168 0.957 0.000 -0.288 -0.045 0.985 0.000 0.107 -0.133 0.635 0.000 -0.768 0.084 0.993 0.000 0.105 0.052 0.614 0.000 -0.788 0.052 0.992 0.000 0.112 0.058 
-0.671 0.018 -0.044 -0.740 0.967 0.000 -0.253 -0.039 0.981 0.000 0.101 -0.168 0.957 -0.000 -0.286 -0.037 0.985 0.000 0.107 -0.132 0.635 -0.000 -0.768 0.083 0.993 0.000 0.104 0.053 0.613 0.000 -0.788 0.051 0.992 0.000 0.112 0.059 
-0.671 0.018 -0.044 -0.740 0.967 0.000 -0.251 -0.034 0.981 0.000 0.104 -0.165 0.958 0.000 -0.284 -0.030 0.985 -0.000 0.108 -0.133 0.635 0.000 -0.768 0.083 0.993 0.000 0.104 0.052 0.614 0.000 -0.788 0.050 0.992 0.000 0.111 0.059 
-0.671 0.018 -0.043 -0.740 0.969 0.000 -0.247 -0.029 0.981 -0.000 0.105 -0.165 0.959 0.000 -0.282 -0.023 0.985 -0.000 0.109 -0.131 0.635 0.000 -0.768 0.082 0.993 0.000 0.105 0.052 0.614 -0.000 -0.788 0.050 0.992 0.000 0.111 0.059 
-0.671 0.017 -0.043 -0.740 0.970 0.000 -0.243 -0.023 0.981 0.000 0.106 -0.163 0.960 0.000 -0.279 -0.016 0.985 0.000 0.109 -0.131 0.635 0.000 -0.768 0.082 0.993 0.000 0.105 0.053 0.613 0.000 -0.788 0.049 0.992 0.000 0.111 0.059 
-0.671 0.017 -0.043 -0.740 0.971 0.000 -0.239 -0.017 0.981 -0.000 0.106 -0.163 0.961 0.000 -0.277 -0.010 0.986 0.000 0.110 -0.129 0.635 -0.000 -0.768 0.081 0.993 0.000 0.104 0.053 0.613 0.000 -0.788 0.049 0.992 0.000 0.111 0.059 
-0.671 0.017 -0.043 -0.740 0.972 0.000 -0.234 -0.012 0.981 0.000 0.107 -0.162 0.962 0.000 -0.273 -0.002 0.985 -0.000 0.109 -0.134 0.635 0.000 -0.768 0.081 0.993 -0.000 0.105 0.053 0.613 0.000 -0.788 0.048 0.992 0.000 0.111 0.060 
-0.671 0.017 -0.042 -0.740 0.973 0.000 -0.230 -0.007 0.981 0.000 0.108 -0.162 0.963 0.000 -0.271 0.006 0.984 0.000 0.112 -0.136 0.635 0.000 -0.768 0.080 0.993 0.000 0.104 0.053 0.613 0.000 -0.788 0.047 0.992 -0.000 0.111 0.060 
-0.672 0.016 -0.042 -0.740 0.974 0.000 -0.227 -0.004 0.981 -0.000 0.112 -0.157 0.963 0.000 -0.269 0.012 0.984 0.000 0.116 -0.135 0.635 0.000 -0.768 0.079 0.993 -0.000 0.104 0.053 0.613 0.000 -0.788 0.047 0.992 0.000 0.111 0.060 
-0.672 0.016 -0.042 -0.740 0.975 0.000 -0.223 0.001 0.981 0.000 0.113 -0.157 0.964 0.000 -0.265 0.017 0.984 0.000 0.117 -0.135 0.635 0.000 -0.769 0.079 0.993 0.000 0.105 0.053 0.613 0.000 -0.789 0.046 0.992 -0.000 0.111 0.060 
-0.672 0.016 -0.042 -0.740 0.976 0.000 -0.218 0.005 0.981 0.000 0.114 -0.156 0.965 -0.000 -0.262 0.020 0.985 0.000 0.118 -0.129 0.635 0.000 -0.768 0.078 0.993 0.000 0.104 0.053 0.613 0.000 -0.789 0.046 0.992 0.000 0.111 0.060 
-0.672 0.016 -0.042 -0.740 0.977 0.000 -0.214 0.009 0.981 0.000 0.116 -0.155 0.966 0.000 -0.258 0.026 0.984 0.000 0.120 -0.129 0.635 0.000 -0.769 0.078 0.993 0.000 0.104 0.053 0.613 0.000 -0.789 0.046 0.992 0.000 0.111 0.060 
-0.672 0.016 -0.042 -0.740 0.978 -0.000 -0.210 0.013 0.981 0.000 0.118 -0.154 0.966 0.000 -0.255 0.030 0.984 0.000 0.123 -0.126 0.635 0.000 -0.769 0.077 0.993 0.000 0.105 0.054 0.613 0.000 -0.789 0.045 0.992 0.000 0.111 0.060 
-0.672 0.016 -0.041 -0.739 0.979 0.000 -0.205 0.016 0.981 0.000 0.119 -0.153 0.967 0.000 -0.252 0.036 0.984 -0.000 0.125 -0.127 0.635 -0.000 -0.769 0.077 0.993 0.000 0.104 0.054 0.613 0.000 -0.789 0.045 0.992 0.000 0.111 0.060 
-0.672 0.016 -0.041 -0.740 0.979 0.000 -0.201 0.019 0.981 0.000 0.120 -0.153 0.968 -0.000 -0.248 0.040 0.984 0.000 0.128 -0.124 0.635 0.000 -0.769 0.077 0.993 0.000 0.105 0.054 0.613 0.000 -0.789 0.044 0.992 0.000 0.111 0.060 
-0.672 0.015 -0.041 -0.740 0.980 0.000 -0.196 0.021 0.981 0.000 0.121 -0.152 0.968 0.000 -0.245 0.044 0.984 0.000 0.131 -0.123 0.635 0.000 -0.769 0.076 0.993 0.000 0.105 0.054 0.613 0.000 -0.789 0.044 0.992 0.000 0.111 0.060 
-0.672 0.015 -0.041 -0.740 0.981 -0.000 -0.191 0.023 0.981 0.000 0.122 -0.152 0.969 0.000 -0.241 0.048 0.984 0.000 0.134 -0.121 0.635 -0.000 -0.769 0.076 0.993 -0.000 0.105 0.054 0.613 -0.000 -0.789 0.044 0.992 0.000 0.111 0.060 
-0.672 0.015 -0.041 -0.739 0.982 -0.000 -0.186 0.025 0.981 0.000 0.124 -0.150 0.970 0.000 -0.241 0.044 0.984 0.000 0.143 -0.105 0.635 0.000 -0.769 0.075 0.993 0.000 0.105 0.055 0.613 0.000 -0.789 0.043 0.992 0.000 0.111 0.060 
-0.672 0.015 -0.041 -0.739 0.983 -0.000 -0.181 0.026 0.981 0.000 0.125 -0.150 0.971 0.000 -0.234 0.056 0.983 0.000 0.140 -0.122 0.635 0.000 -0.769 0.075 0.993 -0.000 0.105 0.055 0.613 0.000 -0.789 0.043 0.992 0.000 0.111 0.061 
-0.672 0.015 -0.041 -0.739 0.984 -0.000 -0.176 0.027 0.981 0.000 0.126 -0.149 0.972 0.000 -0.229 0.059 0.983 0.000 0.142 -0.117 0.635 -0.000 -0.769 0.075 0.993 0.000 0.105 0.055 0.613 0.000 -0.789 0.043 0.992 -0.000 0.111 0.061 
-0.673 0.015 -0.041 -0.739 0.985 0.000 -0.171 0.028 0.981 0.000 0.128 -0.148 0.973 -0.000 -0.224 0.061 0.983 0.000 0.143 -0.116 0.635 0.000 -0.769 0.074 0.993 0.000 0.105 0.055 0.613 -0.000 -0.789 0.043 0.992 0.000 0.111 0.061 
-0.673 0.015 -0.041 -0.739 0.986 0.000 -0.166 0.028 0.981 0.000 0.131 -0.146 0.974 0.000 -0.219 0.062 0.983 0.000 0.145 -0.114 0.635 0.000 -0.769 0.074 0.993 0.000 0.105 0.055 0.613 0.000 -0.789 0.043 0.992 0.000 0.111 0.061 
-0.673 0.015 -0.041 -0.738 0.987 0.000 -0.161 0.028 0.981 0.000 0.132 -0.145 0.975 -0.000 -0.214 0.064 0.983 0.000 0.145 -0.113 0.635 0.000 -0.769 0.074 0.993 0.000 0.105 0.055 0.613 0.000 -0.789 0.043 0.992 0.000 0.111 0.061 
-0.673 0.015 -0.041 -0.738 0.987 -0.000 -0.156 0.027 0.980 0.000 0.134 -0.145 0.976 0.000 -0.208 0.065 0.983 0.000 0.146 -0.112 0.635 0.000 -0.769 0.074 0.993 0.000 0.105 0.055 0.613 0.000 -0.789 0.042 0.992 0.000 0.111 0.061 
-0.674 0.015 -0.041 -0.737 0.988 0.000 -0.150 0.027 0.980 0.000 0.135 -0.144 0.977 0.000 -0.202 0.067 0.983 0.000 0.147 -0.111 0.635 0.000 -0.769 0.073 0.993 0.000 0.104 0.055 0.613 0.000 -0.789 0.042 0.992 -0.000 0.111 0.061 
-0.674 0.015 -0.041 -0.737 0.989 -0.000 -0.145 0.026 0.980 0.000 0.137 -0.144 0.978 0.000 -0.196 0.068 0.983 -0.000 0.147 -0.109 0.635 0.000 -0.769 0.073 0.993 0.000 0.104 0.055 0.613 0.000 -0.789 0.042 0.992 0.000 0.111 0.062 
-0.674 0.015 -0.041 -0.737 0.990 0.000 -0.139 0.025 0.980 0.000 0.138 -0.144 0.979 0.000 -0.190 0.068 0.983 0.000 0.148 -0.108 0.635 0.000 -0.769 0.073 0.993 0.000 0.104 0.055 0.613 0.000 -0.789 0.042 0.992 0.000 0.111 0.062 
-0.674 0.015 -0.041 -0.737 0.991 0.000 -0.134 0.025 0.980 0.000 0.139 -0.145 0.981 0.000 -0.183 0.069 0.983 0.000 0.149 -0.108 0.635 0.000 -0.769 0.074 0.993 0.000 0.105 0.055 0.614 0.000 -0.789 0.042 0.992 0.000 0.111 0.062 
-0.675 0.015 -0.041 -0.737 0.992 0.000 -0.128 0.023 0.979 0.000 0.140 -0.145 0.982 -0.000 -0.178 0.070 0.983 0.000 0.151 -0.108 0.635 0.000 -0.769 0.073 0.993 0.000 0.104 0.055 0.613 -0.000 -0.789 0.042 0.992 0.000 0.111 0.062 
-0.675 0.015 -0.041 -0.736 0.992 0.000 -0.121 0.022 0.979 0.000 0.139 -0.146 0.983 0.000 -0.172 0.070 0.983 0.000 0.152 -0.107 0.635 0.000 -0.769 0.073 0.993 0.000 0.105 0.055 0.613 0.000 -0.789 0.042 0.992 0.000 0.111 0.062 
-0.675 0.015 -0.041 -0.736 0.993 -0.000 -0.115 0.020 0.979 -0.000 0.140 -0.146 0.984 0.000 -0.166 0.070 0.982 0.000 0.154 -0.107 0.635 0.000 -0.769 0.073 0.993 0.000 0.105 0.055 0.613 0.000 -0.789 0.042 0.992 0.000 0.111 0.062 
-0.676 0.015 -0.041 -0.736 0.994 0.000 -0.109 0.018 0.979 0.000 0.141 -0.147 0.985 0.000 -0.160 0.068 0.982 0.000 0.155 -0.105 0.635 -0.000 -0.769 0.073 0.993 0.000 0.105 0.055 0.613 -0.000 -0.789 0.042 0.992 0.000 0.111 0.062 
-0.676 0.015 -0.041 -0.736 0.994 0.000 -0.104 0.016 0.979 0.000 0.142 -0.147 0.986 0.000 -0.154 0.067 0.982 0.000 0.157 -0.104 0.635 0.000 -0.769 0.073 0.993 -0.000 0.105 0.055 0.613 0.000 -0.789 0.042 0.992 0.000 0.111 0.062 
-0.677 0.015 -0.042 -0.735 0.995 0.000 -0.098 0.013 0.979 0.000 0.143 -0.147 0.987 0.000 -0.148 0.067 0.982 0.000 0.157 -0.104 0.635 -0.000 -0.769 0.074 0.993 0.000 0.104 0.054 0.614 0.000 -0.788 0.043 0.992 0.000 0.110 0.062 
-0.677 0.015 -0.041 -0.735 0.996 -0.000 -0.093 0.011 0.978 0.000 0.144 -0.148 0.987 0.000 -0.144 0.068 0.982 0.000 0.160 -0.105 0.635 0.000 -0.769 0.073 0.993 0.000 0.104 0.055 0.614 0.000 -0.788 0.043 0.992 0.000 0.110 0.062 
-0.676 0.015 -0.041 -0.735 0.996 0.000 -0.087 0.009 0.978 0.000 0.145 -0.149 0.988 -0.000 -0.138 0.066 0.981 -0.000 0.161 -0.106 0.635 0.000 -0.769 0.073 0.993 -0.000 0.104 0.055 0.613 -0.000 -0.789 0.042 0.992 0.000 0.111 0.063 
-0.677 0.015 -0.042 -0.735 0.997 -0.000 -0.082 0.006 0.978 0.000 0.146 -0.149 0.989 0.000 -0.132 0.064 0.981 0.000 0.162 -0.104 0.635 0.000 -0.769 0.074 0.993 -0.000 0.105 0.055 0.614 0.000 -0.788 0.043 0.992 0.000 0.110 0.062 
-0.677 0.016 -0.042 -0.735 0.997 0.000 -0.076 0.003 0.978 0.000 0.146 -0.150 0.990 0.000 -0.126 0.059 0.982 0.000 0.161 -0.102 0.635 0.000 -0.769 0.075 0.993 0.000 0.104 0.055 0.614 0.000 -0.788 0.044 0.992 0.000 0.110 0.062 
-0.677 0.016 -0.043 -0.735 0.997 0.000 -0.071 0.000 0.978 0.000 0.147 -0.150 0.991 -0.000 -0.119 0.056 0.982 0.000 0.161 -0.102 0.635 0.000 -0.769 0.075 0.993 0.000 0.104 0.055 0.614 -0.000 -0.788 0.044 0.992 0.000 0.110 0.063 
-0.677 0.016 -0.043 -0.735 0.998 0.000 -0.066 -0.003 0.978 0.000 0.147 -0.150 0.992 0.000 -0.113 0.054 0.982 0.000 0.160 -0.103 0.635 -0.000 -0.769 0.075 0.993 0.000 0.104 0.055 0.614 0.000 -0.788 0.043 0.992 0.000 0.111 0.063 
-0.677 0.016 -0.043 -0.735 0.998 0.000 -0.062 -0.007 0.978 0.000 0.148 -0.150 0.993 0.000 -0.107 0.051 0.982 -0.000 0.159 -0.104 0.635 0.000 -0.769 0.075 0.993 0.000 0.104 0.055 0.614 0.000 -0.788 0.044 0.992 0.000 0.111 0.063 
-0.676 0.016 -0.043 -0.736 0.998 0.000 -0.057 -0.009 0.977 0.000 0.148 -0.151 0.994 0.000 -0.101 0.046 0.982 0.000 0.158 -0.104 0.635 -0.000 -0.769 0.075 0.993 0.000 0.104 0.055 0.613 0.000 -0.789 0.043 0.992 0.000 0.112 0.064 
-0.676 0.016 -0.043 -0.735 0.999 0.000 -0.053 -0.013 0.977 -0.000 0.149 -0.152 0.995 0.000 -0.095 0.043 0.982 -0.000 0.156 -0.103 0.635 0.000 -0.769 0.076 0.993 0.000 0.104 0.055 0.614 -0.000 -0.788 0.043 0.992 0.000 0.111 0.064 
-0.676 0.016 -0.044 -0.736 0.999 0.000 -0.049 -0.017 0.977 0.000 0.150 -0.152 0.995 -0.000 -0.089 0.039 0.982 0.000 0.155 -0.104 0.635 -0.000 -0.769 0.076 0.993 0.000 0.104 0.056 0.614 0.000 -0.788 0.044 0.992 0.000 0.111 0.064 
-0.675 0.017 -0.044 -0.736 0.999 0.000 -0.045 -0.021 0.977 -0.000 0.150 -0.152 0.996 0.000 -0.084 0.035 0.982 -0.000 0.154 -0.106 0.635 0.000 -0.769 0.076 0.993 0.000 0.104 0.056 0.614 0.000 -0.788 0.044 0.992 0.000 0.111 0.065 
-0.675 0.017 -0.044 -0.736 0.999 0.000 -0.041 -0.024 0.977 0.000 0.151 -0.152 0.996 0.000 -0.079 0.031 0.982 0.000 0.153 -0.108 0.635 0.000 -0.769 0.076 0.993 0.000 0.104 0.056 0.614 0.000 -0.788 0.044 0.992 -0.000 0.111 0.065 
-0.674 0.017 -0.044 -0.737 0.999 0.000 -0.037 -0.028 0.977 0.000 0.152 -0.152 0.997 0.000 -0.073 0.025 0.982 0.000 0.153 -0.108 0.635 0.000 -0.769 0.076 0.993 0.000 0.104 0.056 0.613 0.000 -0.789 0.042 0.991 0.000 0.113 0.066 
-0.674 0.017 -0.044 -0.737 0.999 0.000 -0.034 -0.031 0.976 0.000 0.152 -0.153 0.997 0.000 -0.069 0.020 0.982 0.000 0.152 -0.110 0.635 0.000 -0.769 0.076 0.993 0.000 0.104 0.057 0.613 0.000 -0.789 0.043 0.991 0.000 0.113 0.066 
-0.673 0.017 -0.044 -0.738 0.999 0.000 -0.030 -0.036 0.976 0.000 0.153 -0.153 0.998 -0.000 -0.065 0.016 0.982 0.000 0.154 -0.113 0.635 0.000 -0.769 0.076 0.993 0.000 0.104 0.057 0.613 0.000 -0.789 0.043 0.991 0.000 0.113 0.066 
-0.673 0.017 -0.045 -0.739 0.999 0.000 -0.027 -0.039 0.976 0.000 0.153 -0.153 0.998 0.000 -0.060 0.011 0.982 0.000 0.153 -0.115 0.635 -0.000 -0.769 0.077 0.993 0.000 0.104 0.057 0.613 0.000 -0.789 0.042 0.991 0.000 0.113 0.066 
-0.672 0.017 -0.045 -0.739 0.999 0.000 -0.024 -0.043 0.976 0.000 0.154 -0.153 0.998 0.000 -0.056 0.005 0.982 0.000 0.152 -0.115 0.635 -0.000 -0.769 0.077 0.993 0.000 0.104 0.057 0.613 0.000 -0.789 0.042 0.991 0.000 0.113 0.066 
-0.671 0.017 -0.045 -0.740 0.999 0.000 -0.021 -0.047 0.976 0.000 0.154 -0.154 0.999 0.000 -0.052 -0.001 0.982 0.000 0.152 -0.115 0.635 -0.000 -0.769 0.077 0.993 0.000 0.104 0.057 0.613 0.000 -0.789 0.042 0.991 -0.000 0.113 0.066 
-0.670 0.017 -0.045 -0.740 0.999 0.000 -0.019 -0.051 0.976 0.000 0.156 -0.154 0.999 0.000 -0.049 -0.008 0.982 0.000 0.152 -0.115 0.635 0.000 -0.769 0.078 0.993 0.000 0.104 0.057 0.613 0.000 -0.789 0.042 0.991 0.000 0.113 0.066 
-0.670 0.017 -0.046 -0.741 0.998 0.000 -0.015 -0.055 0.976 -0.000 0.156 -0.155 0.999 0.000 -0.046 -0.014 0.982 0.000 0.152 -0.116 0.636 -0.000 -0.768 0.078 0.993 0.000 0.103 0.057 0.613 0.000 -0.789 0.042 0.991 0.000 0.113 0.067 
-0.669 0.017 -0.046 -0.742 0.998 0.000 -0.013 -0.058 0.975 0.000 0.156 -0.155 0.999 0.000 -0.044 -0.021 0.982 -0.000 0.152 -0.116 0.636 0.000 -0.768 0.078 0.993 0.000 0.103 0.057 0.613 0.000 -0.789 0.042 0.991 0.000 0.113 0.067 
-0.668 0.017 -0.046 -0.743 0.998 0.000 -0.011 -0.061 0.975 0.000 0.156 -0.158 0.999 0.000 -0.040 -0.029 0.982 0.000 0.151 -0.116 0.635 -0.000 -0.768 0.080 0.993 0.000 0.103 0.056 0.613 0.000 -0.789 0.043 0.991 0.000 0.113 0.066 
-0.667 0.017 -0.047 -0.743 0.998 0.000 -0.007 -0.065 0.975 0.000 0.155 -0.157 0.999 0.000 -0.039 -0.036 0.982 0.000 0.152 -0.117 0.635 0.000 -0.768 0.080 0.993 0.000 0.103 0.056 0.613 0.000 -0.789 0.043 0.991 0.000 0.113 0.065 
-0.666 0.017 -0.047 -0.744 0.998 0.000 -0.005 -0.069 0.975 0.000 0.155 -0.158 0.998 0.000 -0.035 -0.043 0.982 0.000 0.149 -0.118 0.635 0.000 -0.768 0.081 0.993 0.000 0.103 0.056 0.613 0.000 -0.789 0.043 0.991 0.000 0.113 0.065 
-0.666 0.017 -0.047 -0.744 0.997 0.000 -0.003 -0.073 0.975 0.000 0.156 -0.158 0.998 0.000 -0.033 -0.050 0.982 -0.000 0.149 -0.118 0.636 0.000 -0.767 0.081 0.993 0.000 0.103 0.056 0.612 0.000 -0.789 0.043 0.991 -0.000 0.113 0.065 
-0.665 0.017 -0.047 -0.745 0.997 -0.000 -0.002 -0.076 0.975 0.000 0.157 -0.158 0.998 -0.000 -0.031 -0.056 0.982 0.000 0.149 -0.120 0.636 -0.000 -0.768 0.081 0.993 0.000 0.103 0.056 0.612 0.000 -0.789 0.043 0.991 0.000 0.113 0.065 
-0.664 0.017 -0.047 -0.746 0.997 0.000 0.001 -0.078 0.974 0.000 0.157 -0.162 0.998 0.000 -0.028 -0.064 0.982 0.000 0.145 -0.121 0.636 0.000 -0.768 0.081 0.993 0.000 0.102 0.056 0.612 0.000 -0.789 0.042 0.991 0.000 0.113 0.065 
-0.663 0.017 -0.048 -0.747 0.997 0.000 0.001 -0.082 0.974 0.000 0.159 -0.161 0.997 0.000 -0.025 -0.071 0.982 0.000 0.143 -0.124 0.636 0.000 -0.768 0.081 0.993 0.000 0.102 0.056 0.612 0.000 -0.789 0.042 0.991 -0.000 0.113 0.065 
-0.662 0.017 -0.048 -0.748 0.996 0.000 0.001 -0.086 0.974 0.000 0.161 -0.160 0.997 0.000 -0.024 -0.077 0.982 -0.000 0.142 -0.128 0.636 0.000 -0.767 0.082 0.993 0.000 0.102 0.056 0.612 0.000 -0.789 0.042 0.991 0.000 0.113 0.065 
-0.661 0.017 -0.048 -0.748 0.996 0.000 0.001 -0.091 0.974 0.000 0.163 -0.159 0.996 0.000 -0.023 -0.086 0.982 0.000 0.141 -0.127 0.636 -0.000 -0.767 0.082 0.993 0.000 0.102 0.055 0.612 -0.000 -0.789 0.043 0.991 0.000 0.113 0.065 
-0.661 0.017 -0.048 -0.749 0.995 0.000 0.001 -0.095 0.973 0.000 0.165 -0.158 0.995 0.000 -0.019 -0.095 0.983 0.000 0.135 -0.126 0.636 0.000 -0.767 0.083 0.993 0.000 0.102 0.055 0.613 0.000 -0.789 0.042 0.991 0.000 0.113 0.065 
-0.660 0.017 -0.049 -0.750 0.995 0.000 0.001 -0.100 0.973 0.000 0.167 -0.159 0.995 0.000 -0.018 -0.102 0.983 -0.000 0.134 -0.127 0.636 0.000 -0.767 0.083 0.993 0.000 0.102 0.055 0.613 0.000 -0.789 0.043 0.992 0.000 0.113 0.065 
-0.659 0.017 -0.049 -0.750 0.995 0.000 0.000 -0.105 0.973 0.000 0.168 -0.158 0.994 0.000 -0.017 -0.109 0.983 0.000 0.133 -0.128 0.636 0.000 -0.767 0.084 0.993 0.000 0.102 0.055 0.613 0.000 -0.789 0.043 0.992 0.000 0.113 0.064 
-0.658 0.017 -0.049 -0.751 0.994 0.000 -0.000 -0.109 0.973 0.000 0.169 -0.158 0.993 0.000 -0.017 -0.116 0.982 0.000 0.132 -0.131 0.636 0.000 -0.767 0.084 0.993 0.000 0.102 0.055 0.613 -0.000 -0.789 0.043 0.992 -0.000 0.113 0.065 
-0.657 0.017 -0.049 -0.752 0.994 0.000 -0.001 -0.114 0.973 0.000 0.170 -0.158 0.992 0.000 -0.017 -0.124 0.982 0.000 0.132 -0.132 0.636 0.000 -0.767 0.085 0.993 0.000 0.102 0.055 0.613 0.000 -0.789 0.043 0.992 0.000 0.113 0.064 
-0.657 0.017 -0.049 -0.752 0.993 0.000 -0.001 -0.117 0.972 0.000 0.169 -0.161 0.991 0.000 -0.017 -0.130 0.982 -0.000 0.130 -0.138 0.636 0.000 -0.767 0.085 0.993 0.000 0.102 0.054 0.613 0.000 -0.789 0.043 0.992 0.000 0.113 0.064 
-0.656 0.017 -0.049 -0.753 0.993 0.000 -0.001 -0.122 0.972 -0.000 0.170 -0.162 0.991 -0.000 -0.017 -0.136 0.981 0.000 0.130 -0.141 0.636 0.000 -0.767 0.085 0.993 0.000 0.102 0.054 0.613 0.000 -0.789 0.043 0.992 0.000 0.113 0.064 
-0.656 0.017 -0.050 -0.753 0.992 -0.000 -0.002 -0.127 0.972 -0.000 0.169 -0.162 0.989 -0.000 -0.018 -0.144 0.982 0.000 0.130 -0.141 0.636 0.000 -0.767 0.086 0.993 0.000 0.101 0.054 0.613 -0.000 -0.789 0.043 0.992 0.000 0.113 0.063 
-0.655 0.017 -0.050 -0.754 0.991 0.000 -0.003 -0.132 0.972 -0.000 0.169 -0.163 0.989 0.000 -0.019 -0.150 0.981 0.000 0.129 -0.146 0.636 0.000 -0.767 0.086 0.993 0.000 0.101 0.053 0.613 0.000 -0.789 0.044 0.992 0.000 0.113 0.063 
-0.655 0.017 -0.050 -0.754 0.991 0.000 -0.004 -0.137 0.972 0.000 0.169 -0.163 0.987 0.000 -0.021 -0.156 0.981 0.000 0.128 -0.148 0.636 0.000 -0.767 0.087 0.993 0.000 0.101 0.053 0.613 0.000 -0.789 0.044 0.992 0.000 0.113 0.062 
-0.655 0.018 -0.050 -0.754 0.990 0.000 -0.006 -0.143 0.972 -0.000 0.168 -0.163 0.986 -0.000 -0.022 -0.162 0.980 0.000 0.128 -0.152 0.636 0.000 -0.766 0.088 0.994 0.000 0.101 0.052 0.612 0.000 -0.789 0.045 0.992 -0.000 0.114 0.062 
-0.654 0.018 -0.051 -0.754 0.989 -0.000 -0.008 -0.149 0.972 0.000 0.169 -0.161 0.985 0.000 -0.023 -0.170 0.980 0.000 0.128 -0.154 0.636 0.000 -0.766 0.089 0.994 0.000 0.101 0.052 0.612 0.000 -0.789 0.045 0.992 0.000 0.114 0.062 
-0.654 0.018 -0.051 -0.755 0.988 0.000 -0.010 -0.154 0.972 -0.000 0.168 -0.164 0.984 0.000 -0.025 -0.176 0.979 0.000 0.128 -0.157 0.637 0.000 -0.766 0.090 0.994 0.000 0.100 0.051 0.613 0.000 -0.789 0.045 0.992 0.000 0.113 0.063 
-0.653 0.018 -0.051 -0.755 0.987 0.000 -0.012 -0.159 0.972 0.000 0.167 -0.164 0.983 -0.000 -0.028 -0.183 0.979 -0.000 0.128 -0.159 0.637 0.000 -0.765 0.091 0.994 0.000 0.099 0.050 0.613 0.000 -0.789 0.044 0.992 0.000 0.113 0.063 
-0.653 0.018 -0.051 -0.755 0.986 0.000 -0.014 -0.164 0.972 0.000 0.166 -0.164 0.982 -0.000 -0.029 -0.189 0.979 0.000 0.125 -0.162 0.638 0.000 -0.765 0.092 0.994 0.000 0.099 0.049 0.612 0.000 -0.789 0.044 0.992 0.000 0.113 0.064 
-0.653 0.018 -0.051 -0.756 0.985 0.000 -0.016 -0.169 0.972 0.000 0.166 -0.166 0.980 0.000 -0.032 -0.195 0.978 0.000 0.126 -0.165 0.638 0.000 -0.765 0.093 0.994 0.000 0.098 0.048 0.612 0.000 -0.789 0.043 0.992 0.000 0.113 0.064 
-0.653 0.018 -0.052 -0.756 0.985 0.000 -0.019 -0.174 0.972 0.000 0.165 -0.166 0.979 0.000 -0.037 -0.199 0.977 0.000 0.129 -0.170 0.638 -0.000 -0.764 0.094 0.994 0.000 0.098 0.047 0.612 0.000 -0.789 0.043 0.991 -0.000 0.113 0.065 
-0.652 0.018 -0.052 -0.756 0.984 0.000 -0.022 -0.179 0.972 0.000 0.164 -0.166 0.978 -0.000 -0.040 -0.206 0.977 0.000 0.128 -0.172 0.638 0.000 -0.764 0.095 0.994 0.000 0.097 0.046 0.612 0.000 -0.790 0.043 0.991 0.000 0.113 0.066 
-0.652 0.018 -0.052 -0.756 0.983 0.000 -0.025 -0.184 0.972 -0.000 0.163 -0.167 0.976 0.000 -0.043 -0.212 0.977 0.000 0.127 -0.174 0.639 0.000 -0.764 0.095 0.994 0.000 0.097 0.045 0.612 0.000 -0.790 0.042 0.991 0.000 0.113 0.066 
-0.652 0.018 -0.052 -0.756 0.981 -0.000 -0.029 -0.190 0.972 0.000 0.162 -0.167 0.975 0.000 -0.046 -0.218 0.976 0.000 0.126 -0.175 0.639 -0.000 -0.763 0.096 0.994 0.000 0.097 0.045 0.612 0.000 -0.790 0.042 0.991 0.000 0.113 0.067 
-0.652 0.018 -0.052 -0.756 0.980 -0.000 -0.032 -0.195 0.973 0.000 0.162 -0.168 0.973 0.000 -0.050 -0.224 0.977 0.000 0.126 -0.174 0.639 0.000 -0.763 0.096 0.994 0.000 0.096 0.044 0.612 -0.000 -0.790 0.041 0.991 0.000 0.113 0.068 
-0.652 0.018 -0.052 -0.756 0.979 0.000 -0.036 -0.200 0.973 -0.000 0.161 -0.168 0.972 0.000 -0.054 -0.230 0.977 -0.000 0.125 -0.175 0.639 0.000 -0.763 0.096 0.994 0.000 0.096 0.044 0.612 0.000 -0.790 0.041 0.991 0.000 0.113 0.068 
-0.652 0.018 -0.052 -0.756 0.978 0.000 -0.040 -0.206 0.973 0.000 0.159 -0.169 0.970 0.000 -0.058 -0.235 0.976 0.000 0.124 -0.177 0.639 0.000 -0.763 0.096 0.994 0.000 0.096 0.044 0.612 0.000 -0.790 0.040 0.991 0.000 0.113 0.069 
-0.652 0.018 -0.052 -0.756 0.976 -0.000 -0.044 -0.211 0.973 -0.000 0.159 -0.170 0.969 0.000 -0.062 -0.241 0.976 0.000 0.124 -0.177 0.639 0.000 -0.763 0.096 0.994 -0.000 0.096 0.045 0.611 0.000 -0.790 0.040 0.991 0.000 0.114 0.069 
-0.652 0.019 -0.052 -0.756 0.975 -0.000 -0.049 -0.216 0.973 0.000 0.158 -0.170 0.967 0.000 -0.067 -0.246 0.976 0.000 0.124 -0.178 0.638 0.000 -0.764 0.096 0.994 0.000 0.097 0.045 0.612 0.000 -0.790 0.040 0.991 -0.000 0.114 0.070 
-0.652 0.018 -0.052 -0.756 0.974 0.000 -0.054 -0.221 0.973 0.000 0.157 -0.171 0.965 0.000 -0.073 -0.250 0.976 0.000 0.124 -0.178 0.639 0.000 -0.763 0.095 0.994 0.000 0.097 0.046 0.611 0.000 -0.790 0.039 0.991 0.000 0.114 0.070 
-0.653 0.018 -0.053 -0.756 0.972 0.000 -0.059 -0.226 0.973 0.000 0.156 -0.172 0.964 -0.000 -0.076 -0.257 0.976 0.000 0.122 -0.178 0.639 0.000 -0.763 0.095 0.994 -0.000 0.097 0.046 0.611 0.000 -0.791 0.039 0.991 0.000 0.114 0.071 
-0.653 0.018 -0.053 -0.755 0.971 0.000 -0.064 -0.231 0.973 0.000 0.155 -0.172 0.962 0.000 -0.083 -0.260 0.976 -0.000 0.123 -0.178 0.639 0.000 -0.763 0.095 0.994 -0.000 0.097 0.046 0.611 -0.000 -0.791 0.039 0.991 0.000 0.114 0.071 
-0.653 0.018 -0.053 -0.755 0.969 0.000 -0.070 -0.236 0.973 0.000 0.154 -0.173 0.960 -0.000 -0.088 -0.265 0.976 0.000 0.123 -0.177 0.639 0.000 -0.763 0.094 0.994 0.000 0.097 0.047 0.611 0.000 -0.791 0.039 0.991 -0.000 0.114 0.071 
-0.653 0.019 -0.053 -0.755 0.968 0.000 -0.076 -0.240 0.973 0.000 0.153 -0.174 0.959 -0.000 -0.095 -0.269 0.976 0.000 0.124 -0.177 0.639 0.000 -0.763 0.094 0.994 0.000 0.097 0.047 0.611 0.000 -0.791 0.039 0.991 0.000 0.115 0.072 
-0.653 0.019 -0.053 -0.755 0.966 -0.000 -0.081 -0.245 0.973 -0.000 0.152 -0.175 0.957 0.000 -0.101 -0.272 0.976 0.000 0.125 -0.176 0.639 0.000 -0.763 0.094 0.994 0.000 0.097 0.048 0.611 -0.000 -0.791 0.039 0.991 -0.000 0.115 0.072 
-0.654 0.019 -0.053 -0.755 0.965 0.000 -0.088 -0.249 0.973 0.000 0.151 -0.176 0.955 0.000 -0.108 -0.275 0.976 0.000 0.126 -0.177 0.639 0.000 -0.763 0.093 0.994 0.000 0.097 0.048 0.611 0.000 -0.791 0.038 0.991 0.000 0.115 0.072 
-0.653 0.019 -0.052 -0.755 0.963 0.000 -0.096 -0.253 0.973 0.000 0.152 -0.177 0.953 0.000 -0.117 -0.278 0.976 -0.000 0.128 -0.176 0.638 0.000 -0.764 0.093 0.994 0.000 0.098 0.048 0.611 0.000 -0.791 0.038 0.991 0.000 0.115 0.072 
-0.653 0.019 -0.052 -0.755 0.961 0.000 -0.103 -0.256 0.973 0.000 0.150 -0.178 0.952 0.000 -0.124 -0.281 0.976 0.000 0.129 -0.176 0.638 0.000 -0.764 0.093 0.994 0.000 0.098 0.048 0.611 0.000 -0.791 0.038 0.991 0.000 0.115 0.072 
-0.654 0.019 -0.052 -0.755 0.960 -0.000 -0.110 -0.259 0.972 0.000 0.149 -0.179 0.950 -0.000 -0.131 -0.284 0.976 0.000 0.130 -0.176 0.638 0.000 -0.764 0.093 0.994 0.000 0.098 0.048 0.611 -0.000 -0.791 0.038 0.991 -0.000 0.115 0.072 
-0.654 0.019 -0.052 -0.755 0.958 0.000 -0.116 -0.261 0.972 -0.000 0.147 -0.181 0.948 0.000 -0.138 -0.286 0.976 0.000 0.130 -0.175 0.638 0.000 -0.764 0.093 0.994 0.000 0.098 0.048 0.611 0.000 -0.791 0.038 0.991 0.000 0.114 0.072 
-0.654 0.018 -0.052 -0.755 0.957 0.000 -0.122 -0.264 0.973 0.000 0.145 -0.182 0.946 -0.000 -0.146 -0.288 0.976 -0.000 0.131 -0.175 0.639 0.000 -0.764 0.092 0.994 0.000 0.098 0.048 0.611 0.000 -0.791 0.038 0.991 0.000 0.114 0.072 
-0.654 0.019 -0.052 -0.755 0.955 0.000 -0.129 -0.266 0.973 0.000 0.143 -0.183 0.945 0.000 -0.153 -0.291 0.976 0.000 0.132 -0.175 0.638 0.000 -0.764 0.093 0.994 0.000 0.098 0.047 0.611 0.000 -0.791 0.038 0.991 0.000 0.115 0.071 
-0.654 0.018 -0.052 -0.755 0.954 0.000 -0.136 -0.268 0.973 0.000 0.142 -0.184 0.943 0.000 -0.160 -0.293 0.976 0.000 0.132 -0.174 0.639 0.000 -0.764 0.092 0.994 0.000 0.098 0.047 0.611 0.000 -0.791 0.038 0.991 0.000 0.114 0.071 
-0.654 0.018 -0.051 -0.755 0.952 0.000 -0.143 -0.270 0.973 -0.000 0.141 -0.184 0.941 0.000 -0.167 -0.293 0.976 0.000 0.131 -0.177 0.639 0.000 -0.764 0.092 0.994 0.000 0.098 0.047 0.611 0.000 -0.791 0.038 0.991 0.000 0.114 0.071 
-0.654 0.018 -0.051 -0.755 0.951 0.000 -0.150 -0.271 0.973 -0.000 0.140 -0.185 0.940 0.000 -0.179 -0.292 0.974 0.000 0.137 -0.180 0.639 0.000 -0.764 0.091 0.994 0.000 0.098 0.047 0.611 0.000 -0.791 0.038 0.991 0.000 0.114 0.070 
-0.654 0.018 -0.051 -0.755 0.949 0.000 -0.158 -0.272 0.973 0.000 0.138 -0.186 0.937 -0.000 -0.184 -0.296 0.975 0.000 0.135 -0.177 0.639 0.000 -0.764 0.092 0.994 0.000 0.098 0.047 0.611 -0.000 -0.791 0.038 0.991 -0.000 0.114 0.070 
-0.653 0.019 -0.051 -0.755 0.948 0.000 -0.166 -0.273 0.973 -0.000 0.138 -0.186 0.936 -0.000 -0.190 -0.296 0.975 0.000 0.134 -0.177 0.638 0.000 -0.764 0.092 0.994 0.000 0.099 0.047 0.611 0.000 -0.790 0.039 0.991 0.000 0.114 0.069 
-0.653 0.019 -0.051 -0.755 0.946 -0.000 -0.173 -0.274 0.973 0.000 0.136 -0.186 0.934 -0.000 -0.197 -0.297 0.975 0.000 0.134 -0.176 0.638 0.000 -0.765 0.091 0.994 0.000 0.099 0.047 0.611 0.000 -0.790 0.039 0.991 0.000 0.114 0.069 
-0.653 0.019 -0.051 -0.755 0.945 0.000 -0.181 -0.274 0.973 -0.000 0.134 -0.187 0.933 0.000 -0.204 -0.297 0.976 0.000 0.133 -0.175 0.638 0.000 -0.765 0.091 0.994 -0.000 0.099 0.048 0.612 0.000 -0.790 0.038 0.991 0.000 0.114 0.069 
-0.653 0.018 -0.051 -0.755 0.943 -0.000 -0.187 -0.275 0.973 0.000 0.132 -0.188 0.931 0.000 -0.210 -0.297 0.976 0.000 0.131 -0.174 0.638 -0.000 -0.764 0.090 0.994 0.000 0.099 0.048 0.611 0.000 -0.790 0.038 0.991 -0.000 0.113 0.069 
-0.653 0.018 -0.050 -0.756 0.941 0.000 -0.195 -0.275 0.974 0.000 0.131 -0.188 0.930 0.000 -0.217 -0.296 0.976 0.000 0.131 -0.174 0.638 -0.000 -0.765 0.089 0.994 0.000 0.099 0.049 0.611 0.000 -0.790 0.038 0.991 -0.000 0.113 0.068 
-0.653 0.018 -0.050 -0.756 0.940 -0.000 -0.201 -0.274 0.973 0.000 0.129 -0.189 0.929 0.000 -0.226 -0.295 0.976 -0.000 0.132 -0.174 0.638 0.000 -0.765 0.088 0.994 0.000 0.099 0.049 0.612 0.000 -0.790 0.037 0.991 0.000 0.113 0.068 
-0.653 0.017 -0.050 -0.756 0.939 0.000 -0.209 -0.274 0.974 0.000 0.127 -0.190 0.927 0.000 -0.232 -0.294 0.976 0.000 0.132 -0.174 0.638 0.000 -0.765 0.087 0.994 0.000 0.099 0.049 0.612 0.000 -0.790 0.036 0.991 0.000 0.113 0.068 
-0.653 0.018 -0.050 -0.756 0.937 0.000 -0.217 -0.273 0.974 0.000 0.126 -0.191 0.926 0.000 -0.235 -0.295 0.977 -0.000 0.126 -0.169 0.638 0.000 -0.765 0.088 0.994 0.000 0.099 0.050 0.612 -0.000 -0.790 0.037 0.991 0.000 0.113 0.068 
-0.653 0.017 -0.049 -0.756 0.936 0.000 -0.225 -0.271 0.974 0.000 0.125 -0.191 0.925 0.000 -0.242 -0.293 0.978 0.000 0.125 -0.168 0.638 0.000 -0.765 0.087 0.994 -0.000 0.099 0.050 0.612 0.000 -0.790 0.037 0.991 -0.000 0.113 0.068 
-0.653 0.017 -0.049 -0.756 0.934 0.000 -0.234 -0.271 0.974 -0.000 0.126 -0.190 0.924 0.000 -0.248 -0.291 0.978 -0.000 0.124 -0.167 0.638 0.000 -0.765 0.087 0.994 0.000 0.099 0.050 0.612 -0.000 -0.790 0.037 0.991 0.000 0.113 0.067 
-0.653 0.017 -0.049 -0.755 0.932 -0.000 -0.241 -0.269 0.974 0.000 0.125 -0.191 0.923 -0.000 -0.254 -0.289 0.979 0.000 0.122 -0.166 0.638 -0.000 -0.765 0.086 0.994 0.000 0.099 0.050 0.612 0.000 -0.790 0.037 0.991 0.000 0.113 0.067 
-0.653 0.017 -0.049 -0.755 0.931 0.000 -0.249 -0.267 0.974 0.000 0.125 -0.190 0.922 0.000 -0.259 -0.286 0.979 0.000 0.121 -0.165 0.638 0.000 -0.765 0.086 0.994 0.000 0.099 0.050 0.612 0.000 -0.790 0.037 0.991 0.000 0.113 0.067 
-0.653 0.017 -0.049 -0.755 0.929 0.000 -0.257 -0.265 0.974 -0.000 0.124 -0.189 0.922 0.000 -0.265 -0.282 0.979 0.000 0.119 -0.165 0.638 0.000 -0.765 0.086 0.994 0.000 0.099 0.050 0.612 0.000 -0.790 0.036 0.991 0.000 0.112 0.067 
-0.654 0.017 -0.048 -0.755 0.928 0.000 -0.264 -0.263 0.974 0.000 0.124 -0.188 0.921 0.000 -0.270 -0.280 0.980 0.000 0.117 -0.162 0.638 0.000 -0.766 0.085 0.994 -0.000 0.100 0.050 0.612 0.000 -0.790 0.036 0.991 0.000 0.112 0.067 
-0.654 0.017 -0.048 -0.755 0.927 0.000 -0.271 -0.260 0.974 0.000 0.122 -0.189 0.920 -0.000 -0.276 -0.277 0.981 0.000 0.117 -0.158 0.637 0.000 -0.766 0.084 0.994 0.000 0.100 0.050 0.612 0.000 -0.790 0.036 0.991 0.000 0.112 0.067 
-0.655 0.017 -0.048 -0.754 0.926 0.000 -0.277 -0.257 0.974 0.000 0.120 -0.190 0.920 0.000 -0.282 -0.272 0.981 0.000 0.116 -0.158 0.637 0.000 -0.766 0.084 0.994 -0.000 0.100 0.051 0.612 0.000 -0.790 0.036 0.991 -0.000 0.112 0.066 
-0.655 0.017 -0.048 -0.754 0.925 0.000 -0.284 -0.254 0.975 0.000 0.119 -0.189 0.920 0.000 -0.287 -0.267 0.981 0.000 0.114 -0.158 0.637 0.000 -0.766 0.083 0.994 0.000 0.100 0.051 0.612 0.000 -0.790 0.036 0.991 -0.000 0.112 0.067 
-0.655 0.016 -0.047 -0.754 0.923 0.000 -0.291 -0.250 0.975 0.000 0.119 -0.189 0.920 0.000 -0.292 -0.262 0.981 0.000 0.113 -0.157 0.637 0.000 -0.766 0.082 0.994 0.000 0.100 0.051 0.612 0.000 -0.790 0.035 0.991 0.000 0.112 0.067 
-0.656 0.016 -0.047 -0.753 0.922 0.000 -0.298 -0.246 0.975 0.000 0.118 -0.189 0.920 0.000 -0.297 -0.257 0.981 0.000 0.113 -0.155 0.637 0.000 -0.766 0.082 0.994 0.000 0.100 0.051 0.612 0.000 -0.790 0.035 0.991 -0.000 0.112 0.067 
-0.656 0.016 -0.047 -0.753 0.921 -0.000 -0.305 -0.242 0.975 0.000 0.118 -0.189 0.919 0.000 -0.303 -0.251 0.982 0.000 0.113 -0.154 0.637 0.000 -0.767 0.081 0.994 0.000 0.100 0.052 0.612 -0.000 -0.790 0.034 0.991 0.000 0.112 0.067 
-0.657 0.016 -0.046 -0.752 0.920 0.000 -0.311 -0.237 0.975 0.000 0.118 -0.189 0.920 0.000 -0.307 -0.245 0.982 0.000 0.111 -0.154 0.637 -0.000 -0.767 0.080 0.994 0.000 0.100 0.052 0.612 0.000 -0.790 0.034 0.992 0.000 0.112 0.067 
-0.657 0.016 -0.046 -0.752 0.919 0.000 -0.318 -0.232 0.975 0.000 0.118 -0.189 0.920 0.000 -0.311 -0.238 0.982 0.000 0.110 -0.153 0.637 -0.000 -0.767 0.079 0.994 0.000 0.100 0.052 0.612 -0.000 -0.790 0.033 0.991 0.000 0.112 0.067 
-0.658 0.015 -0.045 -0.752 0.918 0.000 -0.324 -0.227 0.975 0.000 0.118 -0.188 0.920 -0.000 -0.316 -0.232 0.983 0.000 0.109 -0.150 0.637 0.000 -0.767 0.078 0.994 0.000 0.100 0.052 0.612 0.000 -0.790 0.033 0.991 0.000 0.112 0.066 
-0.659 0.015 -0.045 -0.751 0.917 -0.000 -0.330 -0.223 0.975 0.000 0.117 -0.187 0.920 0.000 -0.321 -0.223 0.982 -0.000 0.109 -0.151 0.637 0.000 -0.767 0.076 0.994 0.000 0.100 0.053 0.612 0.000 -0.790 0.032 0.991 0.000 0.112 0.067 
-0.659 0.015 -0.044 -0.751 0.917 0.000 -0.336 -0.217 0.975 0.000 0.117 -0.186 0.921 0.000 -0.325 -0.216 0.983 0.000 0.108 -0.151 0.637 -0.000 -0.767 0.076 0.994 0.000 0.100 0.053 0.612 0.000 -0.790 0.032 0.991 0.000 0.112 0.067 
-0.660 0.015 -0.044 -0.750 0.916 0.000 -0.342 -0.211 0.976 0.000 0.117 -0.186 0.921 0.000 -0.328 -0.210 0.983 0.000 0.106 -0.148 0.637 0.000 -0.767 0.075 0.993 -0.000 0.100 0.054 0.612 -0.000 -0.790 0.031 0.991 0.000 0.112 0.067 
-0.660 0.015 -0.044 -0.750 0.915 0.000 -0.347 -0.205 0.976 0.000 0.117 -0.185 0.922 0.000 -0.331 -0.203 0.984 0.000 0.105 -0.146 0.636 0.000 -0.768 0.075 0.993 0.000 0.101 0.053 0.613 0.000 -0.790 0.031 0.991 0.000 0.112 0.067 
-0.660 0.015 -0.044 -0.750 0.914 0.000 -0.353 -0.199 0.976 0.000 0.117 -0.184 0.922 0.000 -0.335 -0.195 0.984 0.000 0.105 -0.145 0.636 -0.000 -0.768 0.074 0.993 0.000 0.101 0.054 0.613 0.000 -0.790 0.031 0.991 0.000 0.112 0.067 
-0.661 0.014 -0.044 -0.749 0.914 0.000 -0.357 -0.192 0.976 0.000 0.118 -0.184 0.922 0.000 -0.339 -0.188 0.984 -0.000 0.104 -0.143 0.637 0.000 -0.768 0.073 0.993 0.000 0.100 0.054 0.612 -0.000 -0.790 0.031 0.991 -0.000 0.112 0.067 
-0.661 0.014 -0.043 -0.749 0.913 0.000 -0.363 -0.186 0.976 0.000 0.119 -0.183 0.923 0.000 -0.340 -0.178 0.984 0.000 0.102 -0.144 0.637 -0.000 -0.768 0.072 0.993 -0.000 0.100 0.054 0.612 0.000 -0.790 0.030 0.991 0.000 0.112 0.067 
-0.662 0.013 -0.043 -0.749 0.913 0.000 -0.368 -0.178 0.976 0.000 0.119 -0.183 0.924 0.000 -0.342 -0.171 0.985 0.000 0.101 -0.142 0.637 0.000 -0.768 0.071 0.993 0.000 0.100 0.054 0.612 0.000 -0.790 0.029 0.991 0.000 0.112 0.067 
-0.662 0.014 -0.042 -0.748 0.912 0.000 -0.373 -0.170 0.976 0.000 0.120 -0.182 0.924 0.000 -0.344 -0.165 0.985 -0.000 0.100 -0.139 0.637 0.000 -0.768 0.071 0.993 0.000 0.100 0.054 0.613 0.000 -0.790 0.029 0.992 0.000 0.111 0.067 
-0.662 0.013 -0.042 -0.748 0.912 0.000 -0.377 -0.163 0.976 0.000 0.120 -0.181 0.925 0.000 -0.347 -0.156 0.985 0.000 0.101 -0.138 0.637 0.000 -0.768 0.071 0.993 -0.000 0.100 0.054 0.613 -0.000 -0.790 0.029 0.992 -0.000 0.112 0.066 
-0.662 0.013 -0.041 -0.748 0.911 -0.000 -0.381 -0.155 0.976 0.000 0.120 -0.179 0.926 0.000 -0.348 -0.148 0.985 0.000 0.099 -0.139 0.637 -0.000 -0.768 0.070 0.993 0.000 0.100 0.054 0.613 -0.000 -0.790 0.028 0.992 0.000 0.111 0.066 
-0.663 0.013 -0.041 -0.748 0.911 0.000 -0.385 -0.147 0.977 -0.000 0.119 -0.178 0.927 -0.000 -0.348 -0.142 0.986 -0.000 0.098 -0.136 0.637 0.000 -0.768 0.070 0.993 0.000 0.100 0.054 0.613 0.000 -0.790 0.028 0.992 0.000 0.111 0.066 
-0.663 0.012 -0.041 -0.748 0.911 0.000 -0.388 -0.139 0.977 0.000 0.119 -0.176 0.927 0.000 -0.349 -0.134 0.986 0.000 0.097 -0.135 0.637 0.000 -0.768 0.069 0.994 0.000 0.100 0.054 0.613 0.000 -0.790 0.028 0.992 0.000 0.111 0.066 
-0.663 0.013 -0.040 -0.748 0.911 0.000 -0.392 -0.131 0.977 0.000 0.119 -0.175 0.928 0.000 -0.349 -0.126 0.986 0.000 0.097 -0.135 0.636 0.000 -0.768 0.069 0.993 0.000 0.100 0.054 0.613 0.000 -0.790 0.028 0.992 0.000 0.111 0.065 
-0.663 0.013 -0.040 -0.748 0.911 0.000 -0.395 -0.122 0.978 -0.000 0.119 -0.174 0.930 0.000 -0.349 -0.120 0.987 0.000 0.096 -0.132 0.635 -0.000 -0.769 0.069 0.993 0.000 0.101 0.053 0.613 0.000 -0.789 0.028 0.992 -0.000 0.111 0.065 
-0.663 0.012 -0.039 -0.747 0.911 -0.000 -0.397 -0.114 0.978 0.000 0.119 -0.172 0.930 0.000 -0.351 -0.110 0.986 0.000 0.097 -0.134 0.636 -0.000 -0.769 0.068 0.994 0.000 0.100 0.054 0.613 0.000 -0.790 0.026 0.992 0.000 0.111 0.065 
-0.663 0.012 -0.039 -0.747 0.911 0.000 -0.400 -0.105 0.978 0.000 0.119 -0.171 0.931 0.000 -0.351 -0.101 0.986 -0.000 0.097 -0.135 0.636 0.000 -0.769 0.067 0.993 0.000 0.100 0.054 0.613 0.000 -0.790 0.026 0.992 0.000 0.111 0.065 
-0.663 0.011 -0.038 -0.747 0.911 0.000 -0.402 -0.096 0.978 -0.000 0.119 -0.171 0.932 0.000 -0.351 -0.093 0.986 0.000 0.097 -0.134 0.636 -0.000 -0.769 0.066 0.993 0.000 0.101 0.054 0.613 0.000 -0.790 0.026 0.992 0.000 0.111 0.065 
-0.664 0.011 -0.038 -0.747 0.911 0.000 -0.404 -0.087 0.978 -0.000 0.119 -0.170 0.932 0.000 -0.351 -0.084 0.986 0.000 0.098 -0.135 0.636 -0.000 -0.769 0.065 0.993 0.000 0.100 0.054 0.613 0.000 -0.790 0.025 0.992 0.000 0.111 0.065 
-0.664 0.011 -0.038 -0.747 0.911 0.000 -0.405 -0.078 0.978 -0.000 0.119 -0.170 0.933 -0.000 -0.351 -0.076 0.986 0.000 0.097 -0.135 0.636 0.000 -0.769 0.064 0.993 0.000 0.100 0.054 0.613 0.000 -0.790 0.025 0.992 0.000 0.111 0.065 
-0.664 0.010 -0.037 -0.747 0.911 -0.000 -0.407 -0.069 0.978 0.000 0.119 -0.169 0.934 0.000 -0.350 -0.068 0.986 0.000 0.097 -0.135 0.635 -0.000 -0.770 0.064 0.993 0.000 0.101 0.054 0.613 0.000 -0.789 0.024 0.992 0.000 0.111 0.065 
-0.664 0.010 -0.036 -0.747 0.911 0.000 -0.407 -0.060 0.978 0.000 0.119 -0.169 0.935 0.000 -0.349 -0.060 0.986 -0.000 0.098 -0.136 0.635 0.000 -0.770 0.063 0.993 -0.000 0.101 0.054 0.613 0.000 -0.789 0.023 0.992 0.000 0.110 0.065 
-0.664 0.009 -0.036 -0.747 0.912 0.000 -0.408 -0.051 0.978 0.000 0.119 -0.169 0.936 0.000 -0.349 -0.052 0.986 0.000 0.100 -0.134 0.635 0.000 -0.770 0.061 0.993 0.000 0.101 0.054 0.613 0.000 -0.789 0.022 0.992 0.000 0.110 0.065 
-0.664 0.009 -0.036 -0.746 0.912 0.000 -0.407 -0.042 0.979 0.000 0.119 -0.168 0.936 0.000 -0.349 -0.044 0.985 -0.000 0.101 -0.137 0.636 0.000 -0.769 0.060 0.993 0.000 0.100 0.055 0.613 0.000 -0.790 0.021 0.992 -0.000 0.110 0.065 
-0.665 0.008 -0.036 -0.746 0.913 0.000 -0.406 -0.033 0.979 0.000 0.119 -0.169 0.937 0.000 -0.349 -0.037 0.985 -0.000 0.102 -0.136 0.637 0.000 -0.769 0.059 0.993 0.000 0.100 0.055 0.613 0.000 -0.790 0.020 0.992 0.000 0.110 0.065 
-0.665 0.007 -0.035 -0.746 0.914 0.000 -0.406 -0.024 0.979 0.000 0.118 -0.169 0.937 0.000 -0.347 -0.029 0.985 -0.000 0.103 -0.135 0.637 -0.000 -0.769 0.058 0.993 0.000 0.100 0.055 0.613 0.000 -0.790 0.019 0.992 0.000 0.109 0.066 
-0.665 0.007 -0.034 -0.746 0.914 0.000 -0.405 -0.015 0.978 -0.000 0.120 -0.169 0.938 0.000 -0.345 -0.021 0.985 0.000 0.103 -0.137 0.637 0.000 -0.769 0.057 0.993 0.000 0.100 0.055 0.613 0.000 -0.790 0.018 0.992 0.000 0.109 0.066 
-0.665 0.006 -0.034 -0.746 0.914 0.000 -0.405 -0.006 0.978 0.000 0.120 -0.168 0.939 -0.000 -0.343 -0.013 0.985 0.000 0.104 -0.136 0.637 0.000 -0.769 0.056 0.993 0.000 0.100 0.055 0.613 0.000 -0.790 0.017 0.992 -0.000 0.109 0.066 
-0.665 0.006 -0.033 -0.746 0.915 0.000 -0.405 0.001 0.978 0.000 0.123 -0.166 0.940 -0.000 -0.341 -0.006 0.985 -0.000 0.104 -0.135 0.637 0.000 -0.769 0.055 0.993 0.000 0.100 0.055 0.613 0.000 -0.790 0.016 0.992 0.000 0.109 0.065 
-0.665 0.006 -0.033 -0.746 0.915 0.000 -0.403 0.009 0.978 0.000 0.124 -0.165 0.940 0.000 -0.340 0.001 0.985 0.000 0.108 -0.136 0.637 0.000 -0.769 0.054 0.993 0.000 0.100 0.056 0.613 0.000 -0.790 0.015 0.992 0.000 0.109 0.066 
-0.664 0.006 -0.032 -0.747 0.915 0.000 -0.402 0.018 0.978 0.000 0.124 -0.165 0.942 0.000 -0.336 0.008 0.985 -0.000 0.107 -0.137 0.636 0.000 -0.770 0.055 0.993 0.000 0.100 0.055 0.613 0.000 -0.790 0.015 0.992 -0.000 0.109 0.065 
-0.664 0.005 -0.032 -0.747 0.916 0.000 -0.400 0.025 0.979 0.000 0.125 -0.164 0.943 0.000 -0.332 0.017 0.985 0.000 0.104 -0.140 0.636 0.000 -0.770 0.054 0.993 0.000 0.100 0.055 0.613 0.000 -0.790 0.015 0.992 0.000 0.109 0.065 
-0.664 0.005 -0.032 -0.747 0.917 0.000 -0.398 0.033 0.979 0.000 0.126 -0.163 0.944 -0.000 -0.329 0.024 0.985 0.000 0.104 -0.140 0.636 0.000 -0.770 0.054 0.993 0.000 0.100 0.055 0.613 0.000 -0.790 0.014 0.992 0.000 0.109 0.065 
-0.664 0.004 -0.032 -0.747 0.917 -0.000 -0.397 0.038 0.978 0.000 0.131 -0.159 0.945 -0.000 -0.326 0.030 0.985 0.000 0.104 -0.140 0.637 0.000 -0.769 0.053 0.993 0.000 0.100 0.055 0.613 0.000 -0.790 0.014 0.992 0.000 0.109 0.064 
-0.664 0.004 -0.031 -0.747 0.918 0.000 -0.394 0.045 0.978 -0.000 0.133 -0.159 0.946 0.000 -0.322 0.037 0.985 0.000 0.103 -0.140 0.637 0.000 -0.769 0.053 0.993 0.000 0.100 0.055 0.613 -0.000 -0.790 0.014 0.992 0.000 0.109 0.064 
-0.664 0.004 -0.031 -0.747 0.919 0.000 -0.391 0.052 0.978 0.000 0.132 -0.160 0.948 0.000 -0.317 0.044 0.985 0.000 0.101 -0.140 0.637 0.000 -0.769 0.052 0.994 0.000 0.100 0.055 0.613 0.000 -0.790 0.014 0.992 0.000 0.109 0.064 
-0.663 0.004 -0.031 -0.748 0.920 0.000 -0.388 0.059 0.978 0.000 0.135 -0.160 0.948 0.000 -0.313 0.050 0.985 0.000 0.102 -0.139 0.637 0.000 -0.769 0.052 0.994 -0.000 0.099 0.055 0.613 -0.000 -0.790 0.014 0.992 0.000 0.108 0.064 
-0.663 0.004 -0.031 -0.748 0.920 0.000 -0.386 0.065 0.978 0.000 0.138 -0.159 0.950 0.000 -0.306 0.056 0.986 -0.000 0.098 -0.138 0.637 0.000 -0.769 0.053 0.994 0.000 0.099 0.055 0.613 0.000 -0.790 0.014 0.992 0.000 0.108 0.063 
-0.663 0.003 -0.031 -0.748 0.921 0.000 -0.382 0.070 0.977 0.000 0.140 -0.158 0.951 0.000 -0.302 0.062 0.986 0.000 0.099 -0.137 0.637 0.000 -0.769 0.053 0.994 0.000 0.099 0.054 0.613 0.000 -0.790 0.014 0.992 0.000 0.108 0.063 
-0.662 0.004 -0.031 -0.749 0.922 0.000 -0.380 0.075 0.977 0.000 0.144 -0.157 0.953 0.000 -0.296 0.068 0.986 0.000 0.097 -0.136 0.636 0.000 -0.770 0.054 0.994 0.000 0.100 0.054 0.613 0.000 -0.790 0.015 0.992 0.000 0.108 0.062 
-0.662 0.003 -0.031 -0.749 0.923 -0.000 -0.377 0.079 0.977 0.000 0.148 -0.154 0.954 -0.000 -0.289 0.074 0.986 0.000 0.094 -0.135 0.637 0.000 -0.769 0.053 0.994 0.000 0.100 0.054 0.613 0.000 -0.790 0.015 0.992 -0.000 0.108 0.062 
-0.662 0.003 -0.031 -0.749 0.925 0.000 -0.371 0.083 0.977 0.000 0.147 -0.154 0.956 0.000 -0.283 0.079 0.987 0.000 0.092 -0.134 0.637 0.000 -0.769 0.054 0.994 0.000 0.100 0.054 0.613 0.000 -0.790 0.015 0.992 0.000 0.108 0.062 
-0.662 0.003 -0.031 -0.749 0.926 0.000 -0.367 0.087 0.977 0.000 0.148 -0.152 0.957 -0.000 -0.278 0.085 0.987 -0.000 0.093 -0.134 0.637 0.000 -0.769 0.054 0.994 0.000 0.100 0.054 0.613 0.000 -0.790 0.015 0.992 0.000 0.108 0.062 
-0.661 0.003 -0.031 -0.749 0.927 0.000 -0.363 0.090 0.977 0.000 0.152 -0.150 0.958 0.000 -0.272 0.089 0.987 -0.000 0.093 -0.132 0.637 -0.000 -0.769 0.055 0.994 -0.000 0.100 0.053 0.613 0.000 -0.790 0.015 0.992 0.000 0.108 0.062 
-0.661 0.003 -0.031 -0.749 0.930 0.000 -0.356 0.093 0.977 0.000 0.149 -0.149 0.960 0.000 -0.264 0.095 0.987 0.000 0.090 -0.134 0.637 0.000 -0.769 0.055 0.994 0.000 0.100 0.053 0.613 0.000 -0.790 0.016 0.992 0.000 0.108 0.061 
-0.661 0.003 -0.031 -0.749 0.932 0.000 -0.350 0.096 0.978 0.000 0.150 -0.148 0.961 -0.000 -0.258 0.099 0.987 -0.000 0.090 -0.134 0.637 0.000 -0.769 0.055 0.994 0.000 0.100 0.053 0.613 0.000 -0.790 0.016 0.992 0.000 0.108 0.061 
-0.661 0.003 -0.031 -0.750 0.934 0.000 -0.343 0.098 0.978 0.000 0.149 -0.147 0.962 -0.000 -0.252 0.103 0.987 0.000 0.091 -0.132 0.637 0.000 -0.769 0.055 0.994 0.000 0.100 0.053 0.613 0.000 -0.790 0.016 0.992 0.000 0.108 0.061 
-0.661 0.003 -0.031 -0.750 0.936 0.000 -0.336 0.101 0.978 0.000 0.149 -0.147 0.964 0.000 -0.246 0.106 0.987 -0.000 0.092 -0.132 0.637 0.000 -0.769 0.055 0.994 -0.000 0.100 0.053 0.613 0.000 -0.790 0.017 0.992 0.000 0.108 0.061 
-0.661 0.003 -0.031 -0.750 0.939 0.000 -0.329 0.103 0.978 -0.000 0.148 -0.146 0.965 0.000 -0.239 0.110 0.987 0.000 0.093 -0.131 0.637 0.000 -0.769 0.056 0.994 0.000 0.100 0.053 0.613 0.000 -0.790 0.017 0.992 -0.000 0.108 0.060 
-0.661 0.003 -0.031 -0.749 0.941 0.000 -0.322 0.106 0.978 0.000 0.147 -0.147 0.966 0.000 -0.232 0.113 0.987 0.000 0.094 -0.129 0.637 0.000 -0.769 0.056 0.994 0.000 0.100 0.053 0.613 -0.000 -0.790 0.018 0.992 0.000 0.108 0.060 
-0.661 0.003 -0.031 -0.749 0.943 0.000 -0.316 0.107 0.978 0.000 0.150 -0.145 0.967 0.000 -0.226 0.116 0.987 0.000 0.095 -0.129 0.637 0.000 -0.769 0.056 0.994 0.000 0.100 0.053 0.613 0.000 -0.790 0.018 0.992 0.000 0.108 0.060 
-0.662 0.003 -0.031 -0.749 0.945 0.000 -0.309 0.109 0.978 0.000 0.150 -0.145 0.968 0.000 -0.219 0.119 0.987 0.000 0.097 -0.129 0.636 0.000 -0.769 0.056 0.994 0.000 0.100 0.053 0.613 -0.000 -0.790 0.018 0.992 0.000 0.108 0.060 
-0.662 0.003 -0.031 -0.749 0.947 -0.000 -0.300 0.112 0.978 0.000 0.147 -0.147 0.970 -0.000 -0.213 0.121 0.987 -0.000 0.098 -0.129 0.636 0.000 -0.769 0.057 0.994 0.000 0.100 0.053 0.613 0.000 -0.789 0.019 0.992 0.000 0.108 0.060 
-0.662 0.004 -0.031 -0.749 0.949 0.000 -0.294 0.112 0.978 0.000 0.151 -0.145 0.971 0.000 -0.205 0.123 0.987 0.000 0.098 -0.128 0.636 -0.000 -0.769 0.057 0.994 0.000 0.100 0.053 0.614 -0.000 -0.789 0.020 0.992 0.000 0.108 0.059 
-0.662 0.004 -0.031 -0.749 0.952 0.000 -0.285 0.114 0.978 -0.000 0.149 -0.147 0.972 -0.000 -0.200 0.126 0.987 0.000 0.100 -0.129 0.636 0.000 -0.769 0.057 0.994 0.000 0.100 0.053 0.614 0.000 -0.789 0.020 0.992 0.000 0.108 0.060 
-0.663 0.004 -0.031 -0.748 0.954 0.000 -0.276 0.115 0.978 0.000 0.149 -0.147 0.973 0.000 -0.193 0.128 0.986 0.000 0.102 -0.129 0.636 0.000 -0.769 0.057 0.994 0.000 0.100 0.054 0.614 -0.000 -0.789 0.020 0.992 0.000 0.108 0.059 
-0.663 0.004 -0.031 -0.748 0.956 0.000 -0.270 0.114 0.978 0.000 0.152 -0.144 0.974 0.000 -0.187 0.130 0.986 0.000 0.103 -0.130 0.636 0.000 -0.769 0.058 0.994 0.000 0.100 0.053 0.613 0.000 -0.789 0.020 0.992 0.000 0.108 0.060 
-0.663 0.004 -0.031 -0.748 0.958 0.000 -0.261 0.115 0.978 -0.000 0.153 -0.144 0.975 0.000 -0.180 0.130 0.986 0.000 0.104 -0.129 0.636 -0.000 -0.769 0.058 0.994 0.000 0.100 0.053 0.613 0.000 -0.789 0.022 0.992 0.000 0.108 0.059 
-0.663 0.004 -0.032 -0.748 0.961 0.000 -0.252 0.113 0.978 0.000 0.154 -0.140 0.976 0.000 -0.173 0.130 0.986 0.000 0.105 -0.129 0.637 0.000 -0.769 0.059 0.994 0.000 0.100 0.053 0.613 0.000 -0.790 0.022 0.992 0.000 0.109 0.059 
-0.663 0.004 -0.032 -0.748 0.963 -0.000 -0.246 0.111 0.978 0.000 0.158 -0.137 0.977 0.000 -0.167 0.131 0.986 0.000 0.107 -0.130 0.637 -0.000 -0.769 0.059 0.994 0.000 0.100 0.053 0.613 0.000 -0.789 0.022 0.992 0.000 0.108 0.060 
-0.663 0.004 -0.032 -0.748 0.965 -0.000 -0.237 0.111 0.978 -0.000 0.159 -0.136 0.978 0.000 -0.160 0.131 0.986 0.000 0.108 -0.129 0.637 0.000 -0.769 0.060 0.994 0.000 0.100 0.053 0.613 0.000 -0.790 0.023 0.992 0.000 0.109 0.060 
-0.663 0.005 -0.032 -0.748 0.967 0.000 -0.229 0.110 0.978 0.000 0.159 -0.136 0.980 0.000 -0.154 0.126 0.986 0.000 0.109 -0.122 0.637 -0.000 -0.769 0.060 0.994 -0.000 0.100 0.053 0.613 0.000 -0.790 0.023 0.992 0.000 0.109 0.060 
-0.664 0.005 -0.032 -0.747 0.969 -0.000 -0.220 0.109 0.978 0.000 0.160 -0.135 0.981 0.000 -0.148 0.130 0.985 -0.000 0.111 -0.129 0.637 0.000 -0.769 0.061 0.994 0.000 0.101 0.053 0.613 0.000 -0.789 0.024 0.992 0.000 0.109 0.060 
-0.664 0.005 -0.033 -0.747 0.971 0.000 -0.212 0.107 0.978 0.000 0.162 -0.134 0.982 0.000 -0.141 0.126 0.986 0.000 0.112 -0.123 0.637 0.000 -0.769 0.062 0.993 0.000 0.101 0.053 0.613 0.000 -0.790 0.025 0.992 0.000 0.109 0.060 
-0.664 0.005 -0.033 -0.747 0.973 0.000 -0.203 0.106 0.978 0.000 0.162 -0.134 0.982 0.000 -0.136 0.128 0.985 0.000 0.114 -0.129 0.637 -0.000 -0.769 0.062 0.993 0.000 0.101 0.053 0.613 0.000 -0.790 0.026 0.992 0.000 0.109 0.060 
-0.664 0.006 -0.033 -0.747 0.975 0.000 -0.195 0.105 0.978 0.000 0.163 -0.133 0.983 0.000 -0.129 0.127 0.985 0.000 0.116 -0.131 0.636 -0.000 -0.769 0.063 0.993 0.000 0.101 0.053 0.613 0.000 -0.789 0.027 0.992 0.000 0.109 0.059 
-0.664 0.006 -0.033 -0.747 0.977 0.000 -0.187 0.103 0.978 0.000 0.164 -0.133 0.985 0.000 -0.124 0.122 0.985 0.000 0.118 -0.125 0.636 0.000 -0.769 0.064 0.993 0.000 0.101 0.053 0.613 0.000 -0.789 0.027 0.992 0.000 0.109 0.059 
-0.664 0.006 -0.033 -0.747 0.979 0.000 -0.179 0.101 0.977 0.000 0.165 -0.133 0.985 0.000 -0.119 0.124 0.984 0.000 0.120 -0.131 0.636 -0.000 -0.769 0.065 0.993 0.000 0.101 0.053 0.613 0.000 -0.789 0.028 0.992 0.000 0.109 0.059 
-0.664 0.006 -0.034 -0.747 0.981 0.000 -0.170 0.099 0.977 0.000 0.166 -0.132 0.986 0.000 -0.114 0.121 0.984 0.000 0.120 -0.129 0.637 0.000 -0.768 0.065 0.993 -0.000 0.101 0.053 0.613 0.000 -0.790 0.028 0.992 0.000 0.109 0.059 
-0.664 0.006 -0.034 -0.747 0.982 0.000 -0.161 0.097 0.977 0.000 0.166 -0.133 0.987 0.000 -0.109 0.119 0.984 0.000 0.122 -0.130 0.637 0.000 -0.768 0.065 0.993 0.000 0.101 0.053 0.613 0.000 -0.790 0.029 0.992 0.000 0.109 0.059 
-0.664 0.006 -0.034 -0.747 0.984 0.000 -0.153 0.094 0.977 0.000 0.167 -0.131 0.987 0.000 -0.105 0.118 0.984 0.000 0.123 -0.132 0.637 0.000 -0.768 0.065 0.993 0.000 0.101 0.053 0.613 0.000 -0.790 0.029 0.992 0.000 0.109 0.059 
-0.664 0.006 -0.034 -0.747 0.985 0.000 -0.146 0.091 0.977 0.000 0.167 -0.131 0.988 0.000 -0.099 0.115 0.983 0.000 0.125 -0.132 0.637 -0.000 -0.768 0.066 0.993 0.000 0.101 0.053 0.613 0.000 -0.790 0.030 0.992 0.000 0.109 0.059 
-0.663 0.007 -0.034 -0.748 0.986 0.000 -0.138 0.089 0.977 0.000 0.168 -0.132 0.989 -0.000 -0.094 0.112 0.983 0.000 0.126 -0.133 0.637 0.000 -0.768 0.067 0.993 -0.000 0.101 0.053 0.613 0.000 -0.790 0.030 0.992 0.000 0.109 0.059 
-0.663 0.007 -0.034 -0.748 0.988 0.000 -0.130 0.086 0.977 0.000 0.168 -0.131 0.990 0.000 -0.090 0.108 0.983 0.000 0.127 -0.132 0.636 0.000 -0.768 0.068 0.993 0.000 0.102 0.053 0.613 -0.000 -0.789 0.031 0.992 0.000 0.109 0.059 
-0.663 0.007 -0.034 -0.748 0.989 0.000 -0.123 0.083 0.977 0.000 0.169 -0.132 0.991 0.000 -0.085 0.105 0.983 -0.000 0.127 -0.133 0.636 0.000 -0.768 0.068 0.993 -0.000 0.102 0.053 0.613 0.000 -0.790 0.032 0.992 0.000 0.109 0.058 
-0.663 0.007 -0.035 -0.748 0.990 0.000 -0.116 0.080 0.977 -0.000 0.169 -0.133 0.992 -0.000 -0.081 0.101 0.983 0.000 0.129 -0.132 0.637 -0.000 -0.768 0.069 0.993 0.000 0.102 0.053 0.613 0.000 -0.790 0.032 0.992 0.000 0.109 0.058 
-0.662 0.007 -0.035 -0.748 0.991 0.000 -0.109 0.077 0.977 0.000 0.170 -0.133 0.992 0.000 -0.076 0.097 0.983 0.000 0.130 -0.134 0.637 0.000 -0.768 0.069 0.993 -0.000 0.102 0.053 0.613 0.000 -0.790 0.033 0.992 0.000 0.109 0.058 
-0.662 0.007 -0.035 -0.748 0.992 -0.000 -0.102 0.073 0.976 0.000 0.170 -0.133 0.993 0.000 -0.073 0.093 0.983 0.000 0.131 -0.133 0.637 0.000 -0.768 0.069 0.993 0.000 0.101 0.053 0.612 0.000 -0.790 0.033 0.992 -0.000 0.109 0.058 
-0.662 0.007 -0.035 -0.749 0.993 -0.000 -0.095 0.066 0.978 -0.000 0.168 -0.125 0.994 0.000 -0.069 0.088 0.983 -0.000 0.131 -0.131 0.637 0.000 -0.767 0.069 0.993 -0.000 0.101 0.053 0.612 0.000 -0.790 0.033 0.992 0.000 0.109 0.058 
-0.662 0.008 -0.035 -0.749 0.994 0.000 -0.090 0.067 0.976 0.000 0.170 -0.136 0.994 0.000 -0.064 0.084 0.983 0.000 0.131 -0.131 0.637 0.000 -0.767 0.070 0.993 0.000 0.101 0.053 0.612 0.000 -0.790 0.034 0.992 0.000 0.109 0.058 
-0.662 0.008 -0.035 -0.749 0.995 0.000 -0.083 0.061 0.977 0.000 0.169 -0.134 0.995 0.000 -0.060 0.079 0.983 0.000 0.130 -0.130 0.637 0.000 -0.767 0.070 0.993 0.000 0.101 0.053 0.612 -0.000 -0.790 0.034 0.992 0.000 0.109 0.058 
-0.662 0.008 -0.036 -0.749 0.995 0.000 -0.077 0.057 0.977 0.000 0.168 -0.133 0.996 0.000 -0.057 0.074 0.983 0.000 0.130 -0.133 0.637 0.000 -0.767 0.071 0.993 0.000 0.101 0.053 0.612 -0.000 -0.790 0.035 0.992 0.000 0.109 0.058 
-0.662 0.008 -0.036 -0.749 0.996 0.000 -0.071 0.053 0.976 0.000 0.168 -0.137 0.996 0.000 -0.053 0.069 0.983 0.000 0.128 -0.131 0.637 0.000 -0.767 0.071 0.993 0.000 0.102 0.054 0.612 0.000 -0.790 0.035 0.992 0.000 0.109 0.058 
-0.661 0.008 -0.036 -0.749 0.997 -0.000 -0.066 0.049 0.976 0.000 0.168 -0.137 0.997 -0.000 -0.049 0.064 0.983 0.000 0.127 -0.133 0.637 -0.000 -0.768 0.072 0.993 0.000 0.102 0.053 0.613 0.000 -0.790 0.036 0.992 0.000 0.109 0.058 
-0.661 0.008 -0.037 -0.749 0.997 0.000 -0.060 0.043 0.976 0.000 0.167 -0.137 0.997 -0.000 -0.045 0.059 0.983 0.000 0.124 -0.134 0.637 0.000 -0.767 0.072 0.993 0.000 0.102 0.053 0.612 0.000 -0.790 0.036 0.992 0.000 0.109 0.058 
-0.661 0.008 -0.037 -0.750 0.998 0.000 -0.055 0.038 0.976 0.000 0.167 -0.137 0.998 0.000 -0.041 0.054 0.983 0.000 0.122 -0.136 0.637 -0.000 -0.767 0.073 0.993 -0.000 0.102 0.053 0.612 0.000 -0.790 0.037 0.992 0.000 0.109 0.058 
-0.661 0.009 -0.037 -0.750 0.998 -0.000 -0.050 0.033 0.976 -0.000 0.167 -0.138 0.998 0.000 -0.037 0.048 0.983 0.000 0.119 -0.138 0.637 0.000 -0.767 0.074 0.993 0.000 0.102 0.053 0.612 0.000 -0.790 0.037 0.992 0.000 0.109 0.057 
-0.660 0.009 -0.038 -0.750 0.999 0.000 -0.046 0.028 0.976 0.000 0.167 -0.139 0.999 0.000 -0.029 0.035 0.985 0.000 0.114 -0.128 0.637 -0.000 -0.767 0.076 0.993 0.000 0.102 0.053 0.612 0.000 -0.790 0.040 0.992 -0.000 0.109 0.057 
-0.660 0.009 -0.038 -0.750 0.999 0.000 -0.042 0.027 0.975 0.000 0.166 -0.150 0.999 0.000 -0.029 0.036 0.984 0.000 0.113 -0.139 0.637 0.000 -0.767 0.075 0.993 0.000 0.102 0.053 0.612 -0.000 -0.790 0.039 0.992 0.000 0.109 0.057 
-0.660 0.010 -0.038 -0.750 0.999 -0.000 -0.038 0.022 0.975 -0.000 0.165 -0.151 0.999 0.000 -0.024 0.028 0.984 0.000 0.109 -0.138 0.637 0.000 -0.767 0.077 0.993 0.000 0.102 0.052 0.612 0.000 -0.790 0.040 0.992 0.000 0.110 0.057 
-0.660 0.010 -0.038 -0.750 0.999 0.000 -0.035 0.016 0.975 0.000 0.165 -0.151 0.999 0.000 -0.023 0.026 0.983 0.000 0.109 -0.144 0.637 0.000 -0.767 0.076 0.993 0.000 0.102 0.053 0.612 -0.000 -0.790 0.040 0.992 0.000 0.109 0.057 
-0.660 0.009 -0.038 -0.750 0.999 0.000 -0.032 0.009 0.974 0.000 0.165 -0.152 1.000 0.000 -0.020 0.023 0.983 0.000 0.107 -0.147 0.637 0.000 -0.767 0.076 0.993 0.000 0.102 0.053 0.612 0.000 -0.790 0.040 0.992 0.000 0.109 0.057 
-0.660 0.010 -0.038 -0.750 1.000 0.000 -0.029 0.003 0.974 0.000 0.165 -0.152 1.000 -0.000 -0.018 0.018 0.983 -0.000 0.107 -0.152 0.637 0.000 -0.767 0.077 0.993 0.000 0.102 0.053 0.612 0.000 -0.790 0.040 0.992 0.000 0.110 0.057 
-0.660 0.010 -0.038 -0.750 1.000 0.000 -0.027 -0.003 0.974 0.000 0.165 -0.153 1.000 0.000 -0.017 0.013 0.982 0.000 0.106 -0.153 0.637 0.000 -0.767 0.077 0.993 0.000 0.102 0.053 0.612 -0.000 -0.790 0.040 0.992 0.000 0.110 0.057 
-0.660 0.010 -0.038 -0.750 1.000 0.000 -0.025 -0.010 0.974 -0.000 0.164 -0.155 1.000 0.000 -0.016 0.008 0.982 0.000 0.106 -0.155 0.637 0.000 -0.767 0.077 0.993 -0.000 0.102 0.053 0.612 0.000 -0.790 0.041 0.992 0.000 0.110 0.057 
-0.660 0.010 -0.039 -0.750 1.000 0.000 -0.024 -0.016 0.974 0.000 0.164 -0.156 1.000 0.000 -0.014 0.001 0.982 0.000 0.104 -0.154 0.637 0.000 -0.767 0.078 0.993 0.000 0.102 0.053 0.612 0.000 -0.789 0.041 0.992 0.000 0.109 0.057 
-0.660 0.011 -0.039 -0.750 0.999 0.000 -0.023 -0.023 0.973 0.000 0.165 -0.159 1.000 0.000 -0.014 -0.007 0.983 0.000 0.105 -0.153 0.637 0.000 -0.767 0.079 0.993 0.000 0.102 0.053 0.612 -0.000 -0.789 0.043 0.992 0.000 0.110 0.056 
-0.660 0.011 -0.040 -0.750 0.999 -0.000 -0.023 -0.030 0.974 0.000 0.165 -0.158 1.000 0.000 -0.010 -0.015 0.983 0.000 0.101 -0.152 0.637 0.000 -0.766 0.081 0.993 0.000 0.102 0.052 0.612 0.000 -0.789 0.045 0.992 -0.000 0.110 0.056 
-0.660 0.012 -0.040 -0.750 0.999 0.000 -0.022 -0.037 0.973 0.000 0.165 -0.160 1.000 0.000 -0.013 -0.020 0.982 0.000 0.106 -0.155 0.637 0.000 -0.766 0.081 0.993 0.000 0.102 0.052 0.613 0.000 -0.789 0.046 0.992 0.000 0.110 0.056 
-0.660 0.012 -0.041 -0.750 0.999 0.000 -0.021 -0.042 0.973 -0.000 0.163 -0.164 1.000 0.000 -0.012 -0.027 0.982 -0.000 0.104 -0.155 0.637 0.000 -0.766 0.082 0.993 0.000 0.102 0.052 0.613 0.000 -0.789 0.047 0.992 0.000 0.110 0.056 
-0.661 0.012 -0.041 -0.750 0.998 0.000 -0.022 -0.050 0.973 0.000 0.164 -0.164 0.999 0.000 -0.013 -0.033 0.982 -0.000 0.104 -0.155 0.637 0.000 -0.766 0.083 0.993 0.000 0.102 0.052 0.613 0.000 -0.789 0.047 0.992 0.000 0.110 0.056 
-0.661 0.013 -0.042 -0.749 0.998 0.000 -0.023 -0.058 0.972 0.000 0.164 -0.165 0.999 0.000 -0.013 -0.037 0.983 -0.000 0.102 -0.155 0.637 0.000 -0.766 0.083 0.993 -0.000 0.102 0.052 0.613 0.000 -0.789 0.048 0.992 0.000 0.110 0.056 
-0.661 0.013 -0.042 -0.749 0.998 0.000 -0.025 -0.066 0.972 -0.000 0.165 -0.167 0.999 -0.000 -0.014 -0.043 0.982 -0.000 0.102 -0.157 0.637 0.000 -0.766 0.084 0.993 0.000 0.103 0.052 0.613 0.000 -0.789 0.049 0.992 0.000 0.110 0.055 
-0.661 0.013 -0.042 -0.749 0.997 0.000 -0.027 -0.074 0.972 0.000 0.166 -0.168 0.999 0.000 -0.013 -0.050 0.983 0.000 0.099 -0.154 0.637 0.000 -0.766 0.085 0.993 -0.000 0.103 0.052 0.613 -0.000 -0.789 0.050 0.992 0.000 0.110 0.055 
-0.662 0.014 -0.043 -0.748 0.996 0.000 -0.030 -0.082 0.971 0.000 0.168 -0.168 0.998 -0.000 -0.015 -0.055 0.983 0.000 0.099 -0.154 0.637 0.000 -0.766 0.086 0.993 0.000 0.103 0.052 0.613 0.000 -0.789 0.051 0.992 0.000 0.110 0.055 
-0.662 0.014 -0.043 -0.748 0.995 0.000 -0.034 -0.089 0.970 0.000 0.169 -0.172 0.998 -0.000 -0.017 -0.062 0.983 0.000 0.098 -0.154 0.637 0.000 -0.766 0.086 0.993 0.000 0.103 0.051 0.613 0.000 -0.789 0.052 0.992 0.000 0.110 0.055 
-0.662 0.014 -0.044 -0.748 0.995 0.000 -0.038 -0.097 0.970 0.000 0.172 -0.174 0.998 -0.000 -0.020 -0.066 0.983 0.000 0.099 -0.155 0.637 -0.000 -0.766 0.087 0.993 0.000 0.103 0.051 0.613 0.000 -0.788 0.052 0.992 0.000 0.110 0.055 
-0.663 0.015 -0.044 -0.747 0.994 0.000 -0.042 -0.105 0.969 0.000 0.175 -0.177 0.997 0.000 -0.023 -0.070 0.983 0.000 0.099 -0.157 0.637 0.000 -0.766 0.087 0.993 0.000 0.103 0.051 0.613 0.000 -0.788 0.053 0.992 0.000 0.110 0.055 
-0.663 0.015 -0.044 -0.747 0.993 -0.000 -0.046 -0.111 0.968 0.000 0.175 -0.182 0.997 0.000 -0.026 -0.075 0.983 0.000 0.099 -0.157 0.637 0.000 -0.766 0.088 0.993 -0.000 0.103 0.051 0.613 0.000 -0.788 0.054 0.992 0.000 0.110 0.055 
-0.664 0.015 -0.044 -0.747 0.992 0.000 -0.051 -0.119 0.967 0.000 0.177 -0.184 0.996 0.000 -0.030 -0.078 0.982 0.000 0.100 -0.159 0.636 0.000 -0.766 0.088 0.993 0.000 0.103 0.051 0.613 0.000 -0.788 0.054 0.992 0.000 0.110 0.054 
-0.664 0.016 -0.045 -0.746 0.990 0.000 -0.057 -0.128 0.966 0.000 0.178 -0.187 0.996 0.000 -0.034 -0.083 0.982 0.000 0.100 -0.160 0.636 0.000 -0.766 0.089 0.993 0.000 0.103 0.050 0.613 0.000 -0.788 0.055 0.992 0.000 0.110 0.054 
-0.665 0.016 -0.045 -0.745 0.989 -0.000 -0.062 -0.137 0.966 0.000 0.179 -0.188 0.995 0.000 -0.037 -0.088 0.982 0.000 0.099 -0.160 0.636 0.000 -0.766 0.090 0.993 0.000 0.104 0.050 0.613 0.000 -0.788 0.057 0.992 -0.000 0.110 0.054 
-0.666 0.016 -0.046 -0.745 0.987 0.000 -0.066 -0.145 0.965 0.000 0.179 -0.190 0.995 0.000 -0.042 -0.092 0.982 0.000 0.099 -0.160 0.637 0.000 -0.766 0.090 0.993 0.000 0.103 0.050 0.613 0.000 -0.788 0.058 0.992 -0.000 0.110 0.054 
-0.667 0.016 -0.046 -0.744 0.986 -0.000 -0.072 -0.153 0.965 -0.000 0.180 -0.192 0.994 0.000 -0.047 -0.094 0.982 -0.000 0.100 -0.163 0.637 0.000 -0.766 0.090 0.993 0.000 0.104 0.050 0.613 0.000 -0.788 0.058 0.992 0.000 0.110 0.054 
-0.667 0.017 -0.046 -0.743 0.984 -0.000 -0.077 -0.162 0.965 0.000 0.179 -0.193 0.994 0.000 -0.051 -0.098 0.982 -0.000 0.100 -0.162 0.637 -0.000 -0.766 0.091 0.993 0.000 0.104 0.050 0.613 0.000 -0.788 0.059 0.993 0.000 0.110 0.054 
-0.668 0.018 -0.046 -0.742 0.982 -0.000 -0.083 -0.170 0.964 0.000 0.179 -0.195 0.993 -0.000 -0.055 -0.103 0.982 0.000 0.098 -0.162 0.636 0.000 -0.766 0.092 0.993 0.000 0.104 0.050 0.614 -0.000 -0.787 0.060 0.993 0.000 0.110 0.053 
-0.669 0.018 -0.046 -0.742 0.980 0.000 -0.089 -0.179 0.964 0.000 0.179 -0.195 0.992 -0.000 -0.060 -0.108 0.982 -0.000 0.098 -0.161 0.636 0.000 -0.766 0.092 0.993 -0.000 0.104 0.049 0.614 0.000 -0.787 0.061 0.993 0.000 0.110 0.053 
-0.670 0.018 -0.047 -0.741 0.978 0.000 -0.095 -0.186 0.964 -0.000 0.178 -0.196 0.992 0.000 -0.065 -0.111 0.982 0.000 0.097 -0.161 0.636 0.000 -0.766 0.092 0.993 0.000 0.104 0.049 0.614 0.000 -0.787 0.061 0.992 0.000 0.110 0.054 
-0.670 0.018 -0.047 -0.740 0.976 0.000 -0.101 -0.194 0.964 -0.000 0.177 -0.197 0.991 0.000 -0.069 -0.115 0.982 0.000 0.096 -0.160 0.636 0.000 -0.766 0.093 0.993 0.000 0.104 0.049 0.614 0.000 -0.787 0.061 0.992 0.000 0.110 0.054 
-0.671 0.019 -0.047 -0.739 0.973 0.000 -0.108 -0.202 0.964 0.000 0.177 -0.196 0.990 0.000 -0.074 -0.117 0.982 -0.000 0.095 -0.161 0.636 -0.000 -0.766 0.093 0.993 0.000 0.104 0.049 0.614 0.000 -0.787 0.062 0.992 -0.000 0.110 0.054 
-0.672 0.019 -0.047 -0.739 0.971 0.000 -0.114 -0.209 0.965 0.000 0.176 -0.196 0.989 0.000 -0.080 -0.121 0.982 0.000 0.095 -0.161 0.636 0.000 -0.766 0.093 0.993 -0.000 0.104 0.049 0.614 0.000 -0.787 0.062 0.992 0.000 0.110 0.054 
-0.673 0.019 -0.047 -0.738 0.969 0.000 -0.121 -0.216 0.965 0.000 0.175 -0.196 0.989 0.000 -0.085 -0.124 0.982 -0.000 0.095 -0.161 0.636 0.000 -0.766 0.093 0.993 0.000 0.104 0.049 0.614 -0.000 -0.787 0.062 0.992 0.000 0.110 0.054 
-0.674 0.019 -0.047 -0.737 0.967 -0.000 -0.128 -0.222 0.965 -0.000 0.174 -0.195 0.988 0.000 -0.091 -0.127 0.982 0.000 0.094 -0.162 0.636 0.000 -0.766 0.093 0.993 0.000 0.104 0.049 0.614 -0.000 -0.787 0.063 0.992 0.000 0.111 0.053 
-0.674 0.019 -0.047 -0.737 0.964 0.000 -0.134 -0.229 0.965 0.000 0.173 -0.195 0.987 0.000 -0.098 -0.130 0.982 0.000 0.094 -0.161 0.637 0.000 -0.766 0.093 0.993 0.000 0.104 0.049 0.613 0.000 -0.787 0.063 0.992 0.000 0.110 0.054 
-0.675 0.019 -0.047 -0.736 0.962 0.000 -0.141 -0.235 0.966 0.000 0.172 -0.194 0.986 0.000 -0.104 -0.133 0.982 0.000 0.096 -0.161 0.637 0.000 -0.766 0.093 0.993 -0.000 0.104 0.049 0.613 0.000 -0.787 0.063 0.992 0.000 0.111 0.054 
-0.675 0.020 -0.047 -0.736 0.959 0.000 -0.148 -0.240 0.966 0.000 0.171 -0.193 0.985 0.000 -0.110 -0.136 0.983 -0.000 0.095 -0.160 0.636 0.000 -0.766 0.094 0.993 0.000 0.104 0.048 0.614 0.000 -0.787 0.064 0.992 0.000 0.111 0.053 
-0.675 0.020 -0.047 -0.736 0.957 0.000 -0.155 -0.246 0.967 0.000 0.170 -0.191 0.984 0.000 -0.117 -0.135 0.981 0.000 0.095 -0.167 0.636 0.000 -0.766 0.094 0.993 0.000 0.104 0.048 0.614 0.000 -0.787 0.064 0.992 0.000 0.111 0.053 
-0.676 0.020 -0.047 -0.735 0.954 0.000 -0.162 -0.251 0.967 0.000 0.169 -0.190 0.982 0.000 -0.124 -0.139 0.982 0.000 0.096 -0.163 0.636 0.000 -0.766 0.094 0.993 0.000 0.104 0.048 0.614 0.000 -0.787 0.064 0.992 0.000 0.111 0.053 
-0.676 0.020 -0.047 -0.735 0.952 0.000 -0.169 -0.256 0.968 -0.000 0.168 -0.188 0.981 0.000 -0.130 -0.141 0.982 0.000 0.094 -0.166 0.636 0.000 -0.766 0.094 0.993 0.000 0.104 0.048 0.614 -0.000 -0.787 0.064 0.992 0.000 0.111 0.054 
-0.677 0.020 -0.048 -0.735 0.949 0.000 -0.176 -0.261 0.968 0.000 0.166 -0.187 0.980 0.000 -0.138 -0.143 0.982 0.000 0.095 -0.163 0.636 0.000 -0.766 0.094 0.993 0.000 0.104 0.047 0.614 0.000 -0.786 0.065 0.993 0.000 0.110 0.053 
-0.676 0.020 -0.048 -0.735 0.947 0.000 -0.182 -0.265 0.969 0.000 0.166 -0.185 0.979 0.000 -0.144 -0.147 0.982 -0.000 0.095 -0.162 0.637 0.000 -0.765 0.094 0.993 -0.000 0.103 0.048 0.613 0.000 -0.787 0.064 0.992 0.000 0.111 0.054 
-0.676 0.020 -0.048 -0.735 0.945 0.000 -0.190 -0.268 0.969 0.000 0.166 -0.184 0.977 0.000 -0.152 -0.149 0.982 0.000 0.097 -0.162 0.636 0.000 -0.766 0.094 0.993 0.000 0.104 0.047 0.614 0.000 -0.787 0.064 0.992 0.000 0.111 0.054 
-0.676 0.020 -0.048 -0.735 0.942 0.000 -0.196 -0.271 0.969 -0.000 0.165 -0.184 0.976 -0.000 -0.158 -0.151 0.982 0.000 0.095 -0.163 0.637 0.000 -0.765 0.094 0.993 0.000 0.103 0.048 0.613 0.000 -0.787 0.064 0.992 0.000 0.111 0.054 
-0.676 0.021 -0.048 -0.735 0.940 0.000 -0.204 -0.272 0.969 0.000 0.165 -0.183 0.974 -0.000 -0.165 -0.154 0.982 0.000 0.096 -0.160 0.636 0.000 -0.766 0.095 0.993 0.000 0.104 0.048 0.614 0.000 -0.787 0.064 0.992 -0.000 0.111 0.054 
-0.676 0.021 -0.048 -0.735 0.938 0.000 -0.212 -0.274 0.969 0.000 0.165 -0.184 0.973 0.000 -0.172 -0.156 0.982 0.000 0.095 -0.160 0.636 0.000 -0.766 0.095 0.993 0.000 0.104 0.048 0.614 0.000 -0.786 0.065 0.992 0.000 0.110 0.054 
-0.675 0.020 -0.048 -0.736 0.936 0.000 -0.219 -0.275 0.969 0.000 0.165 -0.184 0.971 -0.000 -0.180 -0.156 0.982 0.000 0.097 -0.162 0.636 0.000 -0.766 0.094 0.993 -0.000 0.104 0.048 0.614 0.000 -0.787 0.063 0.992 0.000 0.111 0.055 
-0.675 0.020 -0.048 -0.736 0.934 0.000 -0.226 -0.275 0.969 0.000 0.165 -0.184 0.970 0.000 -0.187 -0.158 0.982 0.000 0.097 -0.162 0.636 0.000 -0.766 0.094 0.993 0.000 0.104 0.048 0.614 0.000 -0.787 0.063 0.992 0.000 0.111 0.055 
-0.675 0.020 -0.048 -0.736 0.933 0.000 -0.233 -0.276 0.969 0.000 0.165 -0.185 0.968 0.000 -0.194 -0.156 0.981 0.000 0.096 -0.167 0.636 0.000 -0.766 0.093 0.993 0.000 0.103 0.048 0.614 0.000 -0.787 0.062 0.992 0.000 0.111 0.055 
-0.674 0.020 -0.047 -0.737 0.931 0.000 -0.240 -0.275 0.969 -0.000 0.164 -0.185 0.967 0.000 -0.201 -0.159 0.982 0.000 0.095 -0.164 0.636 0.000 -0.766 0.093 0.993 0.000 0.103 0.048 0.614 0.000 -0.787 0.061 0.992 0.000 0.112 0.056 
-0.674 0.019 -0.048 -0.737 0.930 0.000 -0.246 -0.275 0.969 -0.000 0.163 -0.186 0.965 0.000 -0.208 -0.159 0.982 0.000 0.095 -0.166 0.637 0.000 -0.766 0.092 0.993 -0.000 0.103 0.049 0.613 0.000 -0.788 0.061 0.992 0.000 0.112 0.056 
-0.673 0.019 -0.048 -0.738 0.928 0.000 -0.252 -0.274 0.969 0.000 0.162 -0.186 0.964 0.000 -0.214 -0.160 0.982 0.000 0.093 -0.164 0.637 0.000 -0.766 0.092 0.993 0.000 0.103 0.049 0.613 0.000 -0.788 0.060 0.992 -0.000 0.112 0.056 
-0.673 0.020 -0.048 -0.738 0.927 0.000 -0.259 -0.272 0.969 0.000 0.160 -0.187 0.962 0.000 -0.220 -0.161 0.982 0.000 0.091 -0.164 0.637 0.000 -0.766 0.093 0.993 0.000 0.103 0.049 0.613 0.000 -0.788 0.061 0.992 -0.000 0.112 0.056 
-0.672 0.020 -0.047 -0.739 0.925 0.000 -0.266 -0.270 0.969 0.000 0.159 -0.187 0.961 0.000 -0.226 -0.161 0.982 0.000 0.091 -0.165 0.636 0.000 -0.766 0.093 0.993 0.000 0.103 0.048 0.614 -0.000 -0.787 0.060 0.992 0.000 0.112 0.056 
-0.672 0.019 -0.047 -0.739 0.924 0.000 -0.272 -0.268 0.969 -0.000 0.158 -0.188 0.959 0.000 -0.234 -0.160 0.982 0.000 0.091 -0.167 0.636 0.000 -0.766 0.092 0.993 0.000 0.103 0.049 0.613 0.000 -0.787 0.059 0.992 0.000 0.112 0.056 
-0.671 0.019 -0.046 -0.740 0.923 0.000 -0.278 -0.265 0.969 0.000 0.157 -0.189 0.958 -0.000 -0.241 -0.158 0.982 0.000 0.091 -0.168 0.636 0.000 -0.766 0.091 0.993 0.000 0.103 0.049 0.613 0.000 -0.788 0.058 0.992 0.000 0.112 0.056 
-0.670 0.019 -0.046 -0.740 0.922 0.000 -0.284 -0.262 0.969 0.000 0.156 -0.189 0.956 0.000 -0.248 -0.156 0.981 0.000 0.090 -0.169 0.636 -0.000 -0.766 0.091 0.993 0.000 0.103 0.049 0.614 0.000 -0.788 0.057 0.992 0.000 0.111 0.056 
-0.670 0.018 -0.046 -0.741 0.921 0.000 -0.290 -0.259 0.970 0.000 0.155 -0.190 0.955 0.000 -0.254 -0.155 0.981 0.000 0.090 -0.169 0.636 0.000 -0.766 0.090 0.993 0.000 0.103 0.050 0.613 0.000 -0.788 0.057 0.992 0.000 0.112 0.056 
-0.669 0.018 -0.046 -0.741 0.920 0.000 -0.296 -0.256 0.970 -0.000 0.154 -0.190 0.953 0.000 -0.261 -0.153 0.981 0.000 0.089 -0.171 0.637 0.000 -0.766 0.089 0.993 0.000 0.103 0.050 0.613 0.000 -0.788 0.055 0.992 0.000 0.112 0.057 
-0.669 0.017 -0.046 -0.742 0.919 0.000 -0.302 -0.252 0.970 0.000 0.153 -0.191 0.952 0.000 -0.267 -0.151 0.981 0.000 0.088 -0.171 0.637 -0.000 -0.766 0.088 0.993 0.000 0.103 0.050 0.613 0.000 -0.788 0.054 0.992 0.000 0.111 0.057 
-0.668 0.017 -0.046 -0.743 0.919 0.000 -0.308 -0.247 0.970 0.000 0.151 -0.191 0.950 0.000 -0.274 -0.149 0.981 0.000 0.088 -0.171 0.637 0.000 -0.766 0.088 0.993 0.000 0.102 0.050 0.613 0.000 -0.788 0.054 0.992 0.000 0.111 0.056 
-0.667 0.017 -0.046 -0.743 0.918 0.000 -0.314 -0.243 0.970 0.000 0.150 -0.190 0.949 0.000 -0.280 -0.147 0.982 0.000 0.087 -0.168 0.637 0.000 -0.766 0.088 0.993 0.000 0.102 0.050 0.613 0.000 -0.788 0.053 0.992 -0.000 0.111 0.057 
-0.667 0.017 -0.045 -0.744 0.917 -0.000 -0.320 -0.239 0.970 0.000 0.149 -0.190 0.947 0.000 -0.286 -0.144 0.982 -0.000 0.086 -0.168 0.637 0.000 -0.766 0.087 0.993 0.000 0.102 0.050 0.613 0.000 -0.788 0.053 0.992 -0.000 0.111 0.057 
-0.666 0.017 -0.045 -0.744 0.916 0.000 -0.326 -0.234 0.971 0.000 0.148 -0.189 0.946 0.000 -0.291 -0.141 0.982 0.000 0.084 -0.169 0.636 0.000 -0.767 0.088 0.993 0.000 0.103 0.050 0.613 0.000 -0.788 0.052 0.992 0.000 0.111 0.057 
