# T   LUA LFA RUA RFA LT  LS  RT  RS  
-0.684 0.021 -0.050 -0.728 0.758 0.000 -0.648 0.073 0.978 0.000 -0.007 -0.210 0.732 0.000 -0.677 -0.074 0.788 0.000 -0.468 -0.400 0.703 0.000 -0.701 0.121 1.000 0.000 0.016 0.021 0.684 0.000 -0.728 0.054 0.996 0.000 0.010 0.090 
-0.684 0.021 -0.050 -0.728 0.758 0.000 -0.648 0.073 0.978 0.000 -0.007 -0.210 0.732 0.000 -0.677 -0.075 0.788 0.000 -0.467 -0.401 0.703 0.000 -0.701 0.121 1.000 0.000 0.016 0.021 0.684 0.000 -0.728 0.054 0.996 0.000 0.010 0.090 
-0.684 0.021 -0.050 -0.728 0.758 -0.000 -0.648 0.073 0.978 0.000 -0.007 -0.210 0.732 -0.000 -0.677 -0.075 0.788 -0.000 -0.466 -0.402 0.703 0.000 -0.701 0.121 1.000 0.000 0.016 0.021 0.684 0.000 -0.728 0.054 0.996 -0.000 0.010 0.090 
-0.684 0.021 -0.050 -0.728 0.758 -0.000 -0.648 0.073 0.978 0.000 -0.007 -0.210 0.732 0.000 -0.677 -0.074 0.789 0.000 -0.465 -0.403 0.703 0.000 -0.701 0.121 1.000 0.000 0.016 0.021 0.684 0.000 -0.728 0.054 0.996 0.000 0.010 0.090 
-0.684 0.021 -0.050 -0.728 0.758 -0.000 -0.648 0.073 0.978 0.000 -0.007 -0.210 0.732 -0.000 -0.677 -0.074 0.788 0.000 -0.463 -0.404 0.703 0.000 -0.701 0.121 1.000 0.000 0.016 0.021 0.684 0.000 -0.728 0.054 0.996 0.000 0.010 0.090 
-0.684 0.021 -0.050 -0.728 0.758 0.000 -0.648 0.073 0.978 -0.000 -0.006 -0.210 0.732 0.000 -0.678 -0.073 0.788 0.000 -0.462 -0.407 0.703 0.000 -0.701 0.121 1.000 0.000 0.016 0.021 0.684 0.000 -0.728 0.054 0.996 0.000 0.010 0.090 
-0.684 0.021 -0.050 -0.728 0.758 -0.000 -0.648 0.073 0.978 0.000 -0.007 -0.211 0.732 -0.000 -0.678 -0.072 0.788 0.000 -0.460 -0.409 0.703 0.000 -0.701 0.121 1.000 0.000 0.016 0.021 0.684 0.000 -0.728 0.054 0.996 0.000 0.010 0.090 
-0.684 0.021 -0.050 -0.728 0.758 0.000 -0.648 0.073 0.978 -0.000 -0.007 -0.211 0.731 -0.000 -0.678 -0.071 0.788 0.000 -0.458 -0.412 0.703 0.000 -0.701 0.121 1.000 -0.000 0.016 0.021 0.684 0.000 -0.728 0.054 0.996 0.000 0.010 0.090 
-0.684 0.021 -0.050 -0.728 0.758 0.000 -0.649 0.073 0.978 0.000 -0.007 -0.211 0.731 0.000 -0.679 -0.069 0.788 -0.000 -0.456 -0.415 0.703 -0.000 -0.701 0.122 1.000 0.000 0.016 0.020 0.684 0.000 -0.727 0.054 0.996 0.000 0.010 0.090 
-0.684 0.022 -0.050 -0.728 0.758 0.000 -0.649 0.073 0.978 0.000 -0.007 -0.211 0.731 0.000 -0.679 -0.067 0.787 0.000 -0.453 -0.418 0.703 0.000 -0.701 0.122 1.000 0.000 0.016 0.020 0.684 0.000 -0.728 0.054 0.996 0.000 0.010 0.090 
-0.684 0.022 -0.050 -0.728 0.758 0.000 -0.649 0.073 0.978 0.000 -0.006 -0.211 0.731 0.000 -0.679 -0.066 0.787 0.000 -0.451 -0.421 0.703 0.000 -0.700 0.122 1.000 -0.000 0.016 0.020 0.684 0.000 -0.728 0.054 0.996 0.000 0.010 0.090 
-0.684 0.022 -0.050 -0.728 0.757 0.000 -0.649 0.073 0.978 0.000 -0.006 -0.211 0.731 -0.000 -0.680 -0.063 0.787 -0.000 -0.447 -0.425 0.703 0.000 -0.701 0.122 1.000 -0.000 0.016 0.020 0.684 0.000 -0.727 0.054 0.996 0.000 0.010 0.090 
-0.684 0.022 -0.050 -0.728 0.758 0.000 -0.649 0.073 0.978 0.000 -0.006 -0.211 0.730 0.000 -0.680 -0.061 0.787 0.000 -0.444 -0.429 0.703 0.000 -0.700 0.122 1.000 -0.000 0.016 0.020 0.684 0.000 -0.728 0.054 0.996 0.000 0.010 0.090 
-0.684 0.022 -0.050 -0.728 0.757 0.000 -0.649 0.073 0.977 0.000 -0.005 -0.212 0.730 0.000 -0.681 -0.059 0.787 0.000 -0.440 -0.433 0.703 -0.000 -0.700 0.123 1.000 0.000 0.016 0.020 0.684 0.000 -0.728 0.055 0.996 0.000 0.010 0.089 
-0.684 0.022 -0.051 -0.728 0.757 0.000 -0.649 0.073 0.977 0.000 -0.006 -0.211 0.730 0.000 -0.681 -0.057 0.787 0.000 -0.435 -0.437 0.703 -0.000 -0.700 0.123 1.000 0.000 0.016 0.019 0.684 0.000 -0.727 0.055 0.996 0.000 0.010 0.090 
-0.684 0.022 -0.051 -0.728 0.757 0.000 -0.649 0.073 0.977 0.000 -0.006 -0.211 0.730 0.000 -0.682 -0.055 0.787 0.000 -0.431 -0.442 0.703 0.000 -0.700 0.123 1.000 0.000 0.016 0.019 0.684 0.000 -0.727 0.055 0.996 -0.000 0.010 0.090 
-0.684 0.022 -0.051 -0.728 0.757 -0.000 -0.649 0.073 0.977 0.000 -0.006 -0.211 0.729 0.000 -0.682 -0.053 0.787 -0.000 -0.425 -0.447 0.703 0.000 -0.700 0.124 1.000 0.000 0.017 0.019 0.684 0.000 -0.728 0.055 0.996 0.000 0.010 0.090 
-0.684 0.022 -0.051 -0.727 0.757 0.000 -0.649 0.073 0.977 -0.000 -0.006 -0.211 0.729 0.000 -0.683 -0.051 0.788 0.000 -0.420 -0.451 0.703 0.000 -0.700 0.124 1.000 0.000 0.017 0.018 0.684 0.000 -0.727 0.055 0.996 -0.000 0.010 0.089 
-0.684 0.022 -0.051 -0.727 0.757 -0.000 -0.649 0.073 0.977 0.000 -0.006 -0.212 0.729 0.000 -0.683 -0.049 0.788 0.000 -0.414 -0.457 0.703 -0.000 -0.700 0.124 1.000 0.000 0.017 0.018 0.684 0.000 -0.727 0.056 0.996 -0.000 0.010 0.089 
-0.684 0.022 -0.051 -0.727 0.757 0.000 -0.649 0.074 0.977 0.000 -0.006 -0.212 0.729 -0.000 -0.683 -0.048 0.788 0.000 -0.407 -0.462 0.703 0.000 -0.700 0.124 1.000 0.000 0.017 0.018 0.684 0.000 -0.728 0.056 0.996 0.000 0.010 0.090 
-0.684 0.022 -0.051 -0.727 0.757 0.000 -0.649 0.074 0.977 0.000 -0.006 -0.212 0.728 0.000 -0.684 -0.046 0.788 0.000 -0.401 -0.468 0.703 0.000 -0.700 0.125 1.000 -0.000 0.017 0.018 0.684 0.000 -0.727 0.056 0.996 -0.000 0.010 0.089 
-0.684 0.023 -0.051 -0.727 0.757 0.000 -0.649 0.074 0.977 0.000 -0.006 -0.212 0.728 0.000 -0.684 -0.044 0.787 0.000 -0.394 -0.474 0.703 0.000 -0.700 0.125 1.000 0.000 0.017 0.018 0.684 0.000 -0.727 0.056 0.996 0.000 0.010 0.089 
-0.684 0.023 -0.051 -0.727 0.757 0.000 -0.649 0.074 0.977 -0.000 -0.007 -0.212 0.728 0.000 -0.684 -0.043 0.788 0.000 -0.387 -0.479 0.703 0.000 -0.700 0.125 1.000 0.000 0.017 0.018 0.684 0.000 -0.727 0.057 0.996 0.000 0.010 0.089 
-0.684 0.023 -0.052 -0.727 0.757 0.000 -0.649 0.074 0.977 0.000 -0.006 -0.212 0.728 0.000 -0.684 -0.041 0.788 0.000 -0.380 -0.485 0.703 0.000 -0.700 0.125 1.000 0.000 0.017 0.018 0.684 0.000 -0.727 0.057 0.996 0.000 0.010 0.089 
-0.684 0.023 -0.052 -0.727 0.757 0.000 -0.649 0.075 0.977 -0.000 -0.007 -0.212 0.728 0.000 -0.684 -0.040 0.788 0.000 -0.372 -0.491 0.703 0.000 -0.700 0.126 1.000 0.000 0.017 0.018 0.684 0.000 -0.728 0.057 0.996 0.000 0.010 0.089 
-0.685 0.023 -0.052 -0.727 0.757 0.000 -0.649 0.074 0.977 0.000 -0.007 -0.212 0.728 0.000 -0.684 -0.038 0.788 0.000 -0.364 -0.496 0.703 0.000 -0.700 0.125 1.000 0.000 0.018 0.018 0.684 0.000 -0.728 0.057 0.996 0.000 0.011 0.090 
-0.685 0.023 -0.052 -0.727 0.757 -0.000 -0.649 0.075 0.977 0.000 -0.007 -0.212 0.728 0.000 -0.684 -0.035 0.787 0.000 -0.357 -0.503 0.703 -0.000 -0.700 0.126 1.000 0.000 0.018 0.018 0.684 -0.000 -0.728 0.057 0.996 -0.000 0.011 0.089 
-0.685 0.023 -0.052 -0.727 0.757 0.000 -0.649 0.075 0.977 0.000 -0.008 -0.212 0.728 0.000 -0.684 -0.034 0.787 0.000 -0.349 -0.508 0.703 0.000 -0.700 0.126 1.000 0.000 0.018 0.018 0.684 0.000 -0.727 0.058 0.996 0.000 0.011 0.090 
-0.685 0.023 -0.052 -0.727 0.757 0.000 -0.649 0.075 0.977 0.000 -0.007 -0.212 0.729 -0.000 -0.684 -0.031 0.787 0.000 -0.342 -0.514 0.703 -0.000 -0.700 0.125 1.000 0.000 0.017 0.018 0.684 0.000 -0.728 0.057 0.996 0.000 0.011 0.089 
-0.685 0.023 -0.052 -0.727 0.758 0.000 -0.649 0.074 0.977 0.000 -0.008 -0.212 0.729 0.000 -0.684 -0.029 0.787 0.000 -0.333 -0.520 0.703 0.000 -0.700 0.125 1.000 0.000 0.017 0.018 0.684 -0.000 -0.728 0.057 0.996 0.000 0.011 0.090 
-0.685 0.023 -0.052 -0.727 0.758 0.000 -0.648 0.075 0.977 0.000 -0.008 -0.212 0.728 0.000 -0.684 -0.029 0.788 -0.000 -0.323 -0.525 0.703 0.000 -0.700 0.126 1.000 0.000 0.017 0.018 0.684 0.000 -0.728 0.058 0.996 0.000 0.011 0.090 
-0.685 0.023 -0.052 -0.727 0.758 0.000 -0.648 0.075 0.977 0.000 -0.008 -0.212 0.728 0.000 -0.685 -0.028 0.787 0.000 -0.314 -0.530 0.703 -0.000 -0.700 0.126 1.000 0.000 0.017 0.018 0.684 0.000 -0.728 0.058 0.996 0.000 0.011 0.090 
-0.685 0.024 -0.052 -0.727 0.758 0.000 -0.648 0.075 0.977 -0.000 -0.008 -0.212 0.729 0.000 -0.684 -0.027 0.787 0.000 -0.305 -0.536 0.703 0.000 -0.700 0.126 1.000 0.000 0.017 0.018 0.684 -0.000 -0.728 0.058 0.996 0.000 0.011 0.090 
-0.685 0.024 -0.052 -0.727 0.758 0.000 -0.648 0.075 0.977 0.000 -0.008 -0.212 0.728 -0.000 -0.685 -0.026 0.787 0.000 -0.296 -0.541 0.703 -0.000 -0.700 0.126 1.000 0.000 0.017 0.018 0.684 0.000 -0.728 0.058 0.996 0.000 0.011 0.090 
-0.685 0.024 -0.052 -0.727 0.758 0.000 -0.648 0.075 0.977 0.000 -0.008 -0.212 0.728 0.000 -0.685 -0.024 0.787 -0.000 -0.287 -0.546 0.703 0.000 -0.700 0.127 1.000 0.000 0.017 0.018 0.684 0.000 -0.728 0.058 0.996 0.000 0.011 0.090 
-0.685 0.024 -0.052 -0.727 0.758 -0.000 -0.648 0.076 0.977 0.000 -0.008 -0.212 0.728 -0.000 -0.685 -0.023 0.786 0.000 -0.277 -0.552 0.703 0.000 -0.700 0.127 1.000 0.000 0.017 0.018 0.684 0.000 -0.728 0.058 0.996 0.000 0.011 0.090 
-0.684 0.024 -0.052 -0.727 0.758 0.000 -0.648 0.076 0.977 0.000 -0.008 -0.212 0.728 -0.000 -0.685 -0.021 0.786 0.000 -0.268 -0.557 0.703 0.000 -0.700 0.127 1.000 -0.000 0.017 0.018 0.684 0.000 -0.727 0.058 0.996 0.000 0.011 0.090 
-0.684 0.024 -0.053 -0.727 0.758 0.000 -0.648 0.076 0.977 -0.000 -0.008 -0.212 0.728 -0.000 -0.685 -0.019 0.785 0.000 -0.258 -0.562 0.703 0.000 -0.700 0.127 1.000 0.000 0.017 0.018 0.684 0.000 -0.727 0.058 0.996 0.000 0.011 0.090 
-0.684 0.024 -0.053 -0.727 0.758 0.000 -0.648 0.076 0.977 0.000 -0.008 -0.211 0.728 0.000 -0.685 -0.018 0.785 0.000 -0.249 -0.567 0.703 0.000 -0.700 0.127 1.000 -0.000 0.017 0.018 0.684 0.000 -0.727 0.058 0.996 0.000 0.011 0.090 
-0.684 0.024 -0.053 -0.727 0.758 0.000 -0.648 0.076 0.977 -0.000 -0.008 -0.212 0.728 0.000 -0.685 -0.017 0.785 0.000 -0.240 -0.571 0.703 0.000 -0.700 0.127 1.000 0.000 0.017 0.018 0.684 0.000 -0.727 0.058 0.996 0.000 0.011 0.090 
-0.684 0.024 -0.053 -0.727 0.758 0.000 -0.648 0.076 0.977 -0.000 -0.008 -0.211 0.728 0.000 -0.685 -0.015 0.784 0.000 -0.230 -0.576 0.703 0.000 -0.700 0.127 1.000 0.000 0.017 0.018 0.684 0.000 -0.727 0.058 0.996 0.000 0.011 0.090 
-0.685 0.025 -0.053 -0.726 0.758 0.000 -0.648 0.077 0.977 0.000 -0.009 -0.212 0.728 0.000 -0.685 -0.013 0.784 0.000 -0.218 -0.581 0.703 0.000 -0.700 0.128 1.000 0.000 0.017 0.018 0.684 -0.000 -0.727 0.062 0.996 0.000 0.012 0.087 
-0.685 0.025 -0.053 -0.726 0.758 -0.000 -0.648 0.077 0.977 0.000 -0.008 -0.213 0.729 0.000 -0.685 -0.011 0.784 0.000 -0.209 -0.585 0.702 0.000 -0.700 0.128 1.000 0.000 0.017 0.018 0.684 0.000 -0.727 0.062 0.996 -0.000 0.011 0.088 
-0.685 0.025 -0.053 -0.726 0.758 -0.000 -0.648 0.077 0.977 -0.000 -0.009 -0.212 0.729 -0.000 -0.685 -0.009 0.783 0.000 -0.200 -0.589 0.702 0.000 -0.700 0.128 1.000 0.000 0.017 0.018 0.684 0.000 -0.727 0.062 0.996 0.000 0.011 0.088 
-0.685 0.025 -0.053 -0.726 0.758 0.000 -0.648 0.078 0.977 0.000 -0.008 -0.213 0.729 -0.000 -0.684 -0.008 0.782 -0.000 -0.191 -0.593 0.703 -0.000 -0.700 0.128 1.000 0.000 0.017 0.018 0.684 0.000 -0.727 0.062 0.996 0.000 0.011 0.088 
-0.685 0.025 -0.053 -0.726 0.758 0.000 -0.648 0.077 0.977 0.000 -0.009 -0.211 0.729 0.000 -0.685 -0.006 0.782 -0.000 -0.180 -0.597 0.702 0.000 -0.700 0.128 1.000 -0.000 0.017 0.018 0.684 0.000 -0.727 0.062 0.996 -0.000 0.012 0.087 
-0.685 0.025 -0.053 -0.726 0.758 0.000 -0.647 0.077 0.977 0.000 -0.009 -0.211 0.729 0.000 -0.684 -0.002 0.779 -0.000 -0.174 -0.602 0.702 0.000 -0.700 0.128 1.000 0.000 0.017 0.018 0.684 0.000 -0.727 0.062 0.996 0.000 0.012 0.088 
-0.685 0.025 -0.053 -0.726 0.758 -0.000 -0.647 0.077 0.977 0.000 -0.009 -0.211 0.729 -0.000 -0.685 -0.002 0.779 0.000 -0.161 -0.606 0.702 -0.000 -0.700 0.128 1.000 0.000 0.017 0.018 0.684 0.000 -0.727 0.062 0.996 0.000 0.011 0.088 
-0.686 0.025 -0.053 -0.726 0.758 0.000 -0.647 0.077 0.977 0.000 -0.009 -0.211 0.729 0.000 -0.685 -0.001 0.778 0.000 -0.151 -0.610 0.702 0.000 -0.700 0.128 1.000 0.000 0.017 0.018 0.684 0.000 -0.727 0.062 0.996 0.000 0.011 0.088 
-0.686 0.025 -0.053 -0.726 0.758 0.000 -0.647 0.077 0.977 0.000 -0.009 -0.211 0.729 0.000 -0.684 0.004 0.775 0.000 -0.144 -0.615 0.702 -0.000 -0.700 0.128 1.000 0.000 0.017 0.018 0.684 0.000 -0.727 0.062 0.996 -0.000 0.012 0.088 
-0.686 0.025 -0.053 -0.726 0.758 0.000 -0.647 0.078 0.977 0.000 -0.010 -0.211 0.729 0.000 -0.684 0.004 0.775 0.000 -0.133 -0.617 0.702 0.000 -0.700 0.128 1.000 0.000 0.016 0.018 0.684 -0.000 -0.727 0.062 0.996 -0.000 0.012 0.088 
-0.686 0.025 -0.053 -0.725 0.759 0.000 -0.647 0.078 0.977 0.000 -0.010 -0.211 0.728 -0.000 -0.685 0.005 0.775 0.000 -0.119 -0.621 0.703 -0.000 -0.700 0.128 1.000 0.000 0.016 0.018 0.684 0.000 -0.727 0.063 0.996 0.000 0.012 0.088 
-0.686 0.025 -0.053 -0.725 0.759 0.000 -0.647 0.079 0.977 0.000 -0.010 -0.211 0.728 -0.000 -0.685 0.006 0.774 0.000 -0.109 -0.624 0.703 -0.000 -0.700 0.128 1.000 -0.000 0.016 0.018 0.684 -0.000 -0.727 0.063 0.996 0.000 0.012 0.088 
-0.686 0.025 -0.053 -0.725 0.759 0.000 -0.647 0.079 0.977 0.000 -0.010 -0.211 0.728 0.000 -0.686 0.008 0.773 0.000 -0.098 -0.627 0.703 0.000 -0.700 0.128 1.000 0.000 0.016 0.018 0.684 0.000 -0.727 0.063 0.996 0.000 0.012 0.088 
-0.686 0.025 -0.053 -0.725 0.759 0.000 -0.647 0.079 0.977 0.000 -0.010 -0.211 0.727 0.000 -0.686 0.006 0.774 0.000 -0.084 -0.628 0.702 0.000 -0.700 0.128 1.000 0.000 0.016 0.019 0.684 0.000 -0.727 0.063 0.996 0.000 0.013 0.087 
-0.686 0.025 -0.053 -0.725 0.759 0.000 -0.647 0.079 0.977 0.000 -0.010 -0.211 0.727 0.000 -0.687 0.007 0.773 -0.000 -0.073 -0.631 0.703 -0.000 -0.700 0.128 1.000 0.000 0.016 0.019 0.684 0.000 -0.727 0.063 0.996 -0.000 0.012 0.088 
-0.686 0.025 -0.053 -0.725 0.759 0.000 -0.646 0.080 0.977 0.000 -0.011 -0.211 0.727 -0.000 -0.687 0.008 0.772 0.000 -0.062 -0.633 0.702 0.000 -0.700 0.128 1.000 -0.000 0.016 0.018 0.684 0.000 -0.727 0.063 0.996 0.000 0.012 0.088 
-0.686 0.025 -0.053 -0.725 0.759 0.000 -0.646 0.080 0.977 0.000 -0.011 -0.211 0.727 0.000 -0.687 0.009 0.771 0.000 -0.052 -0.635 0.703 0.000 -0.700 0.128 1.000 0.000 0.016 0.019 0.684 -0.000 -0.727 0.063 0.996 0.000 0.012 0.088 
-0.686 0.026 -0.053 -0.725 0.759 0.000 -0.646 0.080 0.977 0.000 -0.011 -0.211 0.727 0.000 -0.687 0.011 0.770 -0.000 -0.042 -0.637 0.702 0.000 -0.700 0.129 1.000 -0.000 0.016 0.018 0.684 0.000 -0.726 0.064 0.996 -0.000 0.013 0.087 
-0.686 0.026 -0.053 -0.725 0.759 0.000 -0.646 0.080 0.977 0.000 -0.011 -0.211 0.727 0.000 -0.687 0.012 0.769 0.000 -0.032 -0.639 0.702 -0.000 -0.700 0.128 1.000 0.000 0.016 0.018 0.684 0.000 -0.727 0.063 0.996 0.000 0.013 0.088 
-0.687 0.026 -0.053 -0.725 0.759 0.000 -0.646 0.080 0.977 0.000 -0.011 -0.211 0.727 -0.000 -0.687 0.014 0.768 0.000 -0.021 -0.640 0.702 0.000 -0.700 0.128 1.000 0.000 0.016 0.019 0.684 0.000 -0.727 0.063 0.996 0.000 0.013 0.088 
-0.686 0.025 -0.053 -0.725 0.759 0.000 -0.646 0.080 0.977 0.000 -0.011 -0.211 0.727 0.000 -0.686 0.016 0.766 0.000 -0.013 -0.642 0.703 0.000 -0.700 0.128 1.000 0.000 0.016 0.018 0.684 0.000 -0.727 0.063 0.996 0.000 0.013 0.088 
-0.687 0.026 -0.053 -0.725 0.759 0.000 -0.646 0.080 0.978 -0.000 -0.011 -0.210 0.728 0.000 -0.686 0.020 0.765 0.000 -0.006 -0.645 0.702 0.000 -0.700 0.128 1.000 0.000 0.016 0.019 0.684 0.000 -0.727 0.063 0.996 0.000 0.013 0.088 
-0.685 0.025 -0.053 -0.726 0.759 -0.000 -0.646 0.080 0.978 0.000 -0.010 -0.210 0.727 0.000 -0.686 0.022 0.763 0.000 0.001 -0.647 0.703 0.000 -0.700 0.127 1.000 0.000 0.016 0.019 0.684 -0.000 -0.727 0.059 0.996 -0.000 0.013 0.090 
-0.686 0.025 -0.053 -0.726 0.760 0.000 -0.645 0.080 0.978 0.000 -0.010 -0.210 0.727 0.000 -0.686 0.023 0.763 0.000 0.013 -0.646 0.702 -0.000 -0.700 0.127 1.000 0.000 0.016 0.019 0.684 -0.000 -0.727 0.060 0.996 0.000 0.013 0.089 
-0.686 0.025 -0.053 -0.725 0.760 0.000 -0.645 0.080 0.978 0.000 -0.010 -0.210 0.727 0.000 -0.686 0.025 0.761 0.000 0.021 -0.648 0.703 0.000 -0.700 0.127 1.000 0.000 0.016 0.019 0.684 0.000 -0.727 0.060 0.996 0.000 0.012 0.090 
-0.686 0.025 -0.053 -0.725 0.760 -0.000 -0.645 0.080 0.978 0.000 -0.010 -0.210 0.728 -0.000 -0.685 0.028 0.760 -0.000 0.030 -0.650 0.703 0.000 -0.700 0.127 1.000 0.000 0.016 0.019 0.684 0.000 -0.727 0.060 0.996 -0.000 0.012 0.090 
-0.686 0.025 -0.053 -0.725 0.760 0.000 -0.645 0.081 0.978 0.000 -0.010 -0.210 0.727 0.000 -0.686 0.029 0.760 0.000 0.041 -0.649 0.702 0.000 -0.700 0.127 1.000 -0.000 0.016 0.019 0.684 -0.000 -0.727 0.061 0.996 0.000 0.013 0.089 
-0.686 0.025 -0.053 -0.725 0.760 0.000 -0.645 0.081 0.978 -0.000 -0.010 -0.210 0.727 0.000 -0.685 0.031 0.759 0.000 0.050 -0.649 0.702 0.000 -0.700 0.127 1.000 0.000 0.016 0.019 0.684 0.000 -0.727 0.060 0.996 -0.000 0.012 0.090 
-0.686 0.025 -0.053 -0.725 0.760 0.000 -0.645 0.080 0.978 -0.000 -0.010 -0.210 0.728 0.000 -0.685 0.034 0.757 0.000 0.058 -0.651 0.702 -0.000 -0.700 0.127 1.000 0.000 0.016 0.019 0.684 0.000 -0.727 0.060 0.996 0.000 0.012 0.090 
-0.686 0.025 -0.053 -0.725 0.760 0.000 -0.645 0.080 0.978 0.000 -0.010 -0.210 0.728 0.000 -0.684 0.035 0.757 0.000 0.067 -0.651 0.702 0.000 -0.700 0.127 1.000 -0.000 0.016 0.019 0.684 0.000 -0.727 0.060 0.996 0.000 0.013 0.089 
-0.686 0.025 -0.053 -0.725 0.760 -0.000 -0.645 0.080 0.978 0.000 -0.010 -0.210 0.728 0.000 -0.684 0.037 0.756 0.000 0.076 -0.650 0.702 0.000 -0.700 0.127 1.000 0.000 0.016 0.019 0.684 0.000 -0.727 0.061 0.996 0.000 0.013 0.089 
-0.686 0.025 -0.053 -0.725 0.760 0.000 -0.645 0.081 0.978 0.000 -0.010 -0.209 0.729 0.000 -0.684 0.038 0.756 0.000 0.087 -0.649 0.702 0.000 -0.700 0.127 1.000 0.000 0.016 0.019 0.685 0.000 -0.726 0.061 0.996 0.000 0.013 0.089 
-0.684 0.025 -0.053 -0.727 0.760 0.000 -0.645 0.081 0.978 0.000 -0.009 -0.209 0.727 0.000 -0.686 0.031 0.758 0.000 0.104 -0.644 0.702 0.000 -0.701 0.127 1.000 -0.000 0.016 0.019 0.684 0.000 -0.727 0.056 0.996 -0.000 0.014 0.092 
-0.686 0.025 -0.054 -0.725 0.760 -0.000 -0.645 0.082 0.978 0.000 -0.010 -0.209 0.727 -0.000 -0.686 0.033 0.758 0.000 0.115 -0.642 0.702 0.000 -0.700 0.128 1.000 0.000 0.016 0.019 0.685 0.000 -0.726 0.061 0.996 0.000 0.012 0.090 
-0.686 0.026 -0.054 -0.725 0.760 0.000 -0.645 0.082 0.978 0.000 -0.010 -0.209 0.727 0.000 -0.686 0.035 0.757 0.000 0.121 -0.642 0.702 0.000 -0.700 0.128 1.000 0.000 0.015 0.019 0.685 0.000 -0.726 0.062 0.996 0.000 0.012 0.090 
-0.686 0.026 -0.054 -0.725 0.760 0.000 -0.645 0.082 0.978 0.000 -0.011 -0.209 0.727 0.000 -0.685 0.036 0.757 0.000 0.129 -0.641 0.702 0.000 -0.700 0.128 1.000 -0.000 0.016 0.019 0.685 0.000 -0.726 0.062 0.996 0.000 0.013 0.089 
-0.686 0.026 -0.054 -0.725 0.760 0.000 -0.645 0.083 0.978 0.000 -0.011 -0.210 0.728 0.000 -0.685 0.037 0.756 0.000 0.137 -0.640 0.702 0.000 -0.700 0.128 1.000 -0.000 0.015 0.019 0.685 0.000 -0.726 0.062 0.996 0.000 0.013 0.089 
-0.686 0.026 -0.054 -0.725 0.760 -0.000 -0.645 0.083 0.978 -0.000 -0.011 -0.210 0.728 0.000 -0.685 0.039 0.756 0.000 0.146 -0.638 0.702 0.000 -0.700 0.128 1.000 0.000 0.015 0.019 0.685 0.000 -0.726 0.062 0.996 -0.000 0.013 0.089 
-0.686 0.026 -0.054 -0.725 0.760 0.000 -0.645 0.083 0.978 0.000 -0.011 -0.209 0.728 0.000 -0.684 0.040 0.756 0.000 0.154 -0.637 0.702 0.000 -0.700 0.129 1.000 0.000 0.015 0.019 0.685 0.000 -0.726 0.063 0.996 -0.000 0.013 0.089 
-0.686 0.026 -0.054 -0.725 0.760 0.000 -0.644 0.083 0.978 0.000 -0.011 -0.209 0.728 0.000 -0.684 0.042 0.755 0.000 0.163 -0.635 0.703 0.000 -0.700 0.129 1.000 0.000 0.015 0.019 0.684 0.000 -0.726 0.063 0.996 0.000 0.013 0.090 
-0.687 0.026 -0.054 -0.725 0.760 0.000 -0.645 0.083 0.978 0.000 -0.011 -0.209 0.728 0.000 -0.684 0.043 0.755 0.000 0.172 -0.633 0.703 0.000 -0.700 0.129 1.000 0.000 0.015 0.019 0.685 0.000 -0.726 0.063 0.996 0.000 0.013 0.089 
-0.687 0.026 -0.054 -0.725 0.760 0.000 -0.645 0.083 0.978 0.000 -0.011 -0.209 0.730 0.000 -0.682 0.051 0.751 0.000 0.174 -0.637 0.703 0.000 -0.700 0.129 1.000 0.000 0.015 0.019 0.685 0.000 -0.726 0.063 0.996 0.000 0.013 0.089 
-0.687 0.026 -0.054 -0.725 0.760 -0.000 -0.645 0.083 0.978 0.000 -0.011 -0.209 0.730 0.000 -0.682 0.053 0.751 -0.000 0.181 -0.636 0.703 -0.000 -0.700 0.129 1.000 0.000 0.015 0.019 0.684 0.000 -0.726 0.063 0.996 -0.000 0.013 0.090 
-0.687 0.026 -0.054 -0.725 0.760 0.000 -0.645 0.083 0.978 0.000 -0.011 -0.209 0.730 0.000 -0.681 0.054 0.751 0.000 0.184 -0.635 0.703 0.000 -0.700 0.129 1.000 0.000 0.015 0.019 0.684 0.000 -0.726 0.063 0.996 0.000 0.013 0.090 
-0.687 0.026 -0.054 -0.724 0.760 0.000 -0.645 0.084 0.978 0.000 -0.011 -0.209 0.730 0.000 -0.682 0.054 0.751 -0.000 0.193 -0.631 0.703 0.000 -0.700 0.130 1.000 -0.000 0.015 0.019 0.684 0.000 -0.726 0.064 0.996 0.000 0.013 0.089 
-0.687 0.026 -0.054 -0.724 0.760 0.000 -0.645 0.084 0.978 0.000 -0.012 -0.209 0.729 0.000 -0.682 0.056 0.751 0.000 0.201 -0.629 0.703 -0.000 -0.700 0.130 1.000 0.000 0.015 0.019 0.684 0.000 -0.726 0.064 0.996 0.000 0.013 0.089 
-0.687 0.026 -0.054 -0.724 0.760 -0.000 -0.645 0.084 0.978 0.000 -0.012 -0.209 0.729 0.000 -0.681 0.059 0.750 0.000 0.208 -0.628 0.703 -0.000 -0.700 0.130 1.000 0.000 0.015 0.019 0.685 -0.000 -0.726 0.064 0.996 0.000 0.013 0.090 
-0.687 0.027 -0.055 -0.724 0.760 -0.000 -0.645 0.084 0.978 0.000 -0.012 -0.209 0.729 0.000 -0.682 0.060 0.750 0.000 0.217 -0.625 0.703 0.000 -0.699 0.130 1.000 0.000 0.014 0.019 0.685 0.000 -0.726 0.064 0.996 0.000 0.013 0.090 
-0.687 0.026 -0.054 -0.724 0.760 0.000 -0.645 0.084 0.978 0.000 -0.012 -0.209 0.729 0.000 -0.682 0.063 0.749 0.000 0.224 -0.623 0.703 -0.000 -0.699 0.130 1.000 0.000 0.015 0.019 0.685 0.000 -0.726 0.064 0.996 0.000 0.013 0.090 
-0.687 0.026 -0.055 -0.724 0.760 0.000 -0.645 0.084 0.978 0.000 -0.012 -0.210 0.729 0.000 -0.682 0.065 0.749 -0.000 0.231 -0.621 0.703 0.000 -0.699 0.131 1.000 0.000 0.015 0.019 0.685 0.000 -0.726 0.064 0.996 0.000 0.013 0.090 
-0.687 0.026 -0.055 -0.724 0.760 0.000 -0.645 0.084 0.978 0.000 -0.012 -0.210 0.728 0.000 -0.682 0.067 0.749 0.000 0.239 -0.619 0.703 0.000 -0.699 0.131 1.000 -0.000 0.015 0.019 0.685 -0.000 -0.726 0.064 0.996 0.000 0.013 0.090 
-0.687 0.027 -0.055 -0.725 0.760 0.000 -0.645 0.085 0.978 0.000 -0.012 -0.210 0.728 0.000 -0.682 0.068 0.749 0.000 0.246 -0.616 0.703 0.000 -0.699 0.131 1.000 0.000 0.015 0.019 0.685 0.000 -0.726 0.065 0.996 0.000 0.013 0.090 
-0.687 0.027 -0.055 -0.725 0.760 0.000 -0.645 0.085 0.978 0.000 -0.013 -0.210 0.728 0.000 -0.683 0.069 0.749 0.000 0.254 -0.612 0.703 0.000 -0.699 0.132 1.000 -0.000 0.015 0.019 0.684 0.000 -0.726 0.065 0.996 0.000 0.013 0.090 
-0.686 0.027 -0.055 -0.725 0.760 0.000 -0.645 0.086 0.978 0.000 -0.013 -0.210 0.727 0.000 -0.683 0.070 0.749 0.000 0.262 -0.608 0.703 -0.000 -0.699 0.132 1.000 -0.000 0.015 0.019 0.684 -0.000 -0.726 0.065 0.996 0.000 0.014 0.090 
-0.686 0.027 -0.055 -0.725 0.760 -0.000 -0.645 0.085 0.978 0.000 -0.012 -0.210 0.727 -0.000 -0.682 0.074 0.748 -0.000 0.267 -0.607 0.703 0.000 -0.699 0.132 1.000 0.000 0.015 0.019 0.684 -0.000 -0.726 0.065 0.996 0.000 0.014 0.090 
-0.686 0.027 -0.055 -0.725 0.760 0.000 -0.645 0.086 0.978 0.000 -0.013 -0.210 0.727 0.000 -0.682 0.076 0.748 0.000 0.272 -0.605 0.703 0.000 -0.699 0.133 1.000 0.000 0.015 0.018 0.684 0.000 -0.726 0.066 0.996 -0.000 0.013 0.091 
-0.686 0.027 -0.055 -0.725 0.760 -0.000 -0.645 0.086 0.978 -0.000 -0.013 -0.210 0.727 0.000 -0.682 0.078 0.748 0.000 0.277 -0.602 0.702 0.000 -0.699 0.133 1.000 0.000 0.015 0.019 0.684 -0.000 -0.726 0.066 0.996 -0.000 0.013 0.090 
-0.686 0.027 -0.055 -0.725 0.760 0.000 -0.645 0.086 0.978 0.000 -0.013 -0.210 0.726 0.000 -0.683 0.076 0.750 0.000 0.289 -0.595 0.702 0.000 -0.699 0.133 1.000 0.000 0.016 0.019 0.684 0.000 -0.726 0.066 0.996 -0.000 0.013 0.090 
-0.686 0.027 -0.056 -0.725 0.760 0.000 -0.645 0.086 0.977 0.000 -0.013 -0.211 0.726 0.000 -0.683 0.078 0.750 0.000 0.295 -0.593 0.702 0.000 -0.699 0.133 1.000 0.000 0.016 0.018 0.684 0.000 -0.726 0.066 0.996 0.000 0.013 0.090 
-0.686 0.027 -0.056 -0.725 0.760 -0.000 -0.645 0.087 0.977 0.000 -0.013 -0.211 0.726 -0.000 -0.683 0.079 0.750 0.000 0.300 -0.590 0.702 0.000 -0.699 0.134 1.000 -0.000 0.016 0.019 0.684 -0.000 -0.726 0.067 0.996 0.000 0.013 0.090 
-0.686 0.027 -0.056 -0.725 0.760 0.000 -0.645 0.087 0.977 0.000 -0.013 -0.211 0.726 -0.000 -0.683 0.081 0.750 0.000 0.305 -0.587 0.702 0.000 -0.699 0.134 1.000 -0.000 0.016 0.019 0.684 0.000 -0.726 0.067 0.996 0.000 0.013 0.090 
-0.686 0.028 -0.056 -0.725 0.760 0.000 -0.645 0.088 0.977 0.000 -0.013 -0.211 0.727 0.000 -0.682 0.085 0.750 0.000 0.305 -0.588 0.702 0.000 -0.699 0.135 1.000 0.000 0.016 0.018 0.684 -0.000 -0.726 0.068 0.996 -0.000 0.013 0.090 
-0.686 0.028 -0.056 -0.725 0.759 0.000 -0.645 0.087 0.977 0.000 -0.013 -0.211 0.727 0.000 -0.681 0.087 0.750 0.000 0.315 -0.582 0.702 0.000 -0.699 0.135 1.000 0.000 0.016 0.018 0.684 0.000 -0.726 0.068 0.996 0.000 0.013 0.090 
-0.686 0.028 -0.056 -0.725 0.759 0.000 -0.645 0.088 0.977 0.000 -0.013 -0.211 0.726 0.000 -0.682 0.085 0.751 0.000 0.320 -0.577 0.702 0.000 -0.699 0.135 1.000 0.000 0.016 0.019 0.684 0.000 -0.726 0.068 0.996 0.000 0.014 0.090 
-0.686 0.028 -0.056 -0.725 0.760 0.000 -0.644 0.088 0.978 0.000 -0.014 -0.210 0.726 0.000 -0.682 0.086 0.751 0.000 0.331 -0.571 0.702 0.000 -0.699 0.135 1.000 0.000 0.016 0.019 0.684 0.000 -0.726 0.069 0.996 0.000 0.014 0.090 
-0.686 0.028 -0.056 -0.725 0.760 0.000 -0.645 0.087 0.978 -0.000 -0.014 -0.210 0.726 0.000 -0.681 0.089 0.751 0.000 0.330 -0.572 0.702 0.000 -0.699 0.135 1.000 0.000 0.016 0.019 0.684 -0.000 -0.726 0.069 0.996 0.000 0.014 0.090 
-0.686 0.028 -0.056 -0.725 0.760 -0.000 -0.644 0.087 0.978 0.000 -0.014 -0.210 0.727 -0.000 -0.680 0.094 0.750 0.000 0.334 -0.571 0.702 0.000 -0.699 0.136 1.000 0.000 0.016 0.018 0.684 -0.000 -0.726 0.069 0.996 0.000 0.014 0.090 
-0.686 0.028 -0.057 -0.725 0.760 0.000 -0.644 0.088 0.978 -0.000 -0.014 -0.210 0.726 0.000 -0.681 0.091 0.752 0.000 0.345 -0.562 0.702 0.000 -0.699 0.137 1.000 0.000 0.016 0.018 0.684 -0.000 -0.726 0.070 0.996 0.000 0.014 0.090 
-0.686 0.028 -0.057 -0.725 0.760 0.000 -0.644 0.088 0.978 0.000 -0.014 -0.210 0.727 0.000 -0.680 0.096 0.751 0.000 0.344 -0.563 0.702 0.000 -0.699 0.136 1.000 0.000 0.016 0.018 0.684 0.000 -0.726 0.069 0.996 0.000 0.014 0.090 
-0.686 0.028 -0.057 -0.725 0.760 0.000 -0.644 0.088 0.978 -0.000 -0.014 -0.210 0.727 0.000 -0.679 0.098 0.751 0.000 0.348 -0.561 0.702 0.000 -0.699 0.137 1.000 0.000 0.016 0.018 0.684 0.000 -0.726 0.069 0.996 0.000 0.014 0.090 
-0.685 0.029 -0.057 -0.725 0.760 -0.000 -0.644 0.088 0.978 0.000 -0.014 -0.210 0.727 0.000 -0.680 0.097 0.752 0.000 0.355 -0.555 0.702 0.000 -0.698 0.137 1.000 0.000 0.016 0.018 0.684 0.000 -0.726 0.070 0.996 0.000 0.014 0.090 
-0.685 0.028 -0.057 -0.725 0.760 -0.000 -0.644 0.088 0.977 0.000 -0.014 -0.211 0.727 0.000 -0.680 0.096 0.753 0.000 0.364 -0.549 0.702 0.000 -0.699 0.137 1.000 0.000 0.016 0.018 0.684 0.000 -0.726 0.070 0.996 -0.000 0.014 0.090 
-0.685 0.029 -0.057 -0.725 0.760 0.000 -0.644 0.089 0.977 0.000 -0.015 -0.211 0.728 0.000 -0.678 0.101 0.752 0.000 0.361 -0.551 0.702 0.000 -0.698 0.138 1.000 0.000 0.016 0.018 0.684 0.000 -0.726 0.071 0.996 0.000 0.014 0.090 
-0.685 0.029 -0.057 -0.725 0.760 -0.000 -0.644 0.089 0.977 0.000 -0.015 -0.211 0.728 0.000 -0.678 0.103 0.752 0.000 0.365 -0.549 0.702 0.000 -0.698 0.138 1.000 0.000 0.016 0.018 0.684 0.000 -0.726 0.070 0.996 0.000 0.014 0.090 
-0.685 0.029 -0.057 -0.725 0.760 0.000 -0.644 0.089 0.977 0.000 -0.015 -0.211 0.729 0.000 -0.677 0.105 0.752 0.000 0.367 -0.547 0.702 0.000 -0.698 0.138 1.000 0.000 0.016 0.018 0.684 -0.000 -0.726 0.070 0.996 -0.000 0.014 0.090 
-0.685 0.029 -0.057 -0.725 0.760 -0.000 -0.644 0.090 0.977 0.000 -0.016 -0.211 0.729 0.000 -0.677 0.105 0.753 0.000 0.368 -0.545 0.702 0.000 -0.698 0.138 1.000 0.000 0.016 0.018 0.684 -0.000 -0.726 0.071 0.996 0.000 0.014 0.090 
-0.685 0.029 -0.057 -0.725 0.760 -0.000 -0.644 0.090 0.977 0.000 -0.016 -0.211 0.729 0.000 -0.676 0.107 0.753 -0.000 0.371 -0.543 0.702 0.000 -0.698 0.138 1.000 0.000 0.016 0.018 0.684 0.000 -0.726 0.071 0.996 0.000 0.014 0.090 
-0.685 0.029 -0.058 -0.725 0.760 0.000 -0.643 0.090 0.977 -0.000 -0.016 -0.211 0.729 0.000 -0.677 0.106 0.754 -0.000 0.377 -0.538 0.702 0.000 -0.698 0.139 1.000 0.000 0.016 0.018 0.684 0.000 -0.726 0.071 0.996 0.000 0.015 0.090 
-0.685 0.029 -0.058 -0.726 0.760 0.000 -0.643 0.090 0.977 0.000 -0.017 -0.211 0.729 0.000 -0.676 0.106 0.754 0.000 0.382 -0.534 0.703 -0.000 -0.698 0.139 1.000 0.000 0.016 0.018 0.684 0.000 -0.726 0.071 0.996 0.000 0.014 0.090 
-0.685 0.029 -0.058 -0.726 0.760 0.000 -0.643 0.090 0.977 -0.000 -0.017 -0.211 0.729 0.000 -0.676 0.107 0.755 0.000 0.386 -0.531 0.702 0.000 -0.698 0.139 1.000 0.000 0.016 0.018 0.684 -0.000 -0.726 0.071 0.996 0.000 0.014 0.090 
-0.685 0.029 -0.058 -0.726 0.761 -0.000 -0.643 0.090 0.977 0.000 -0.017 -0.211 0.729 0.000 -0.676 0.107 0.755 0.000 0.390 -0.527 0.702 0.000 -0.698 0.139 1.000 0.000 0.016 0.018 0.684 0.000 -0.726 0.072 0.996 0.000 0.015 0.090 
-0.685 0.029 -0.058 -0.726 0.761 0.000 -0.643 0.090 0.977 0.000 -0.017 -0.211 0.730 0.000 -0.675 0.109 0.755 0.000 0.393 -0.525 0.703 0.000 -0.698 0.139 1.000 -0.000 0.016 0.018 0.684 0.000 -0.726 0.071 0.996 0.000 0.014 0.090 
-0.685 0.029 -0.058 -0.726 0.761 0.000 -0.643 0.090 0.977 0.000 -0.018 -0.211 0.730 0.000 -0.675 0.110 0.756 0.000 0.396 -0.522 0.703 0.000 -0.698 0.139 1.000 0.000 0.016 0.018 0.684 0.000 -0.726 0.071 0.996 0.000 0.014 0.090 
-0.685 0.029 -0.058 -0.726 0.761 -0.000 -0.642 0.090 0.977 0.000 -0.018 -0.211 0.730 -0.000 -0.674 0.110 0.756 0.000 0.399 -0.518 0.703 0.000 -0.698 0.139 1.000 -0.000 0.016 0.019 0.684 0.000 -0.726 0.072 0.996 0.000 0.014 0.090 
-0.684 0.029 -0.058 -0.726 0.761 0.000 -0.642 0.091 0.977 0.000 -0.018 -0.211 0.730 0.000 -0.675 0.109 0.757 0.000 0.402 -0.514 0.702 0.000 -0.698 0.140 1.000 0.000 0.016 0.018 0.684 -0.000 -0.726 0.072 0.996 0.000 0.014 0.090 
-0.684 0.029 -0.058 -0.726 0.761 0.000 -0.642 0.091 0.977 0.000 -0.018 -0.211 0.730 -0.000 -0.674 0.109 0.758 0.000 0.405 -0.511 0.702 0.000 -0.698 0.140 1.000 0.000 0.016 0.018 0.684 0.000 -0.726 0.072 0.996 0.000 0.014 0.090 
-0.684 0.029 -0.058 -0.726 0.761 -0.000 -0.642 0.091 0.977 -0.000 -0.018 -0.211 0.730 0.000 -0.674 0.110 0.758 0.000 0.407 -0.509 0.702 0.000 -0.698 0.140 1.000 0.000 0.016 0.018 0.684 0.000 -0.726 0.072 0.996 0.000 0.014 0.090 
-0.684 0.029 -0.058 -0.726 0.761 0.000 -0.642 0.091 0.977 0.000 -0.018 -0.211 0.730 0.000 -0.674 0.110 0.759 0.000 0.410 -0.506 0.702 0.000 -0.698 0.140 1.000 0.000 0.016 0.018 0.684 -0.000 -0.726 0.072 0.996 -0.000 0.015 0.090 
-0.684 0.029 -0.058 -0.727 0.762 0.000 -0.642 0.091 0.977 0.000 -0.018 -0.211 0.731 0.000 -0.674 0.110 0.760 0.000 0.412 -0.503 0.702 0.000 -0.698 0.141 1.000 0.000 0.016 0.018 0.684 0.000 -0.726 0.072 0.996 0.000 0.014 0.090 
-0.684 0.029 -0.058 -0.727 0.762 0.000 -0.642 0.091 0.977 0.000 -0.018 -0.212 0.731 0.000 -0.674 0.108 0.761 0.000 0.419 -0.496 0.702 -0.000 -0.698 0.141 1.000 0.000 0.017 0.018 0.684 -0.000 -0.726 0.072 0.996 0.000 0.014 0.090 
-0.684 0.029 -0.059 -0.727 0.762 0.000 -0.641 0.092 0.977 0.000 -0.018 -0.212 0.730 0.000 -0.675 0.107 0.761 0.000 0.421 -0.493 0.702 0.000 -0.698 0.142 1.000 0.000 0.016 0.018 0.684 -0.000 -0.726 0.073 0.996 0.000 0.015 0.090 
-0.683 0.029 -0.058 -0.727 0.762 0.000 -0.641 0.092 0.977 -0.000 -0.018 -0.212 0.731 0.000 -0.674 0.108 0.761 0.000 0.424 -0.491 0.702 0.000 -0.698 0.141 1.000 0.000 0.016 0.018 0.684 0.000 -0.726 0.073 0.996 0.000 0.014 0.090 
-0.683 0.030 -0.059 -0.727 0.762 -0.000 -0.641 0.092 0.977 0.000 -0.019 -0.212 0.730 0.000 -0.676 0.106 0.761 0.000 0.430 -0.486 0.702 -0.000 -0.698 0.142 1.000 -0.000 0.016 0.018 0.684 -0.000 -0.726 0.073 0.996 0.000 0.014 0.090 
-0.683 0.030 -0.059 -0.727 0.762 -0.000 -0.641 0.092 0.977 0.000 -0.019 -0.211 0.730 0.000 -0.676 0.106 0.761 0.000 0.431 -0.484 0.702 0.000 -0.698 0.142 1.000 0.000 0.016 0.018 0.684 0.000 -0.726 0.073 0.996 0.000 0.014 0.090 
-0.683 0.029 -0.059 -0.727 0.762 0.000 -0.641 0.092 0.977 0.000 -0.018 -0.211 0.731 0.000 -0.674 0.109 0.761 0.000 0.428 -0.486 0.702 0.000 -0.698 0.142 1.000 0.000 0.016 0.018 0.684 -0.000 -0.726 0.073 0.996 0.000 0.015 0.090 
-0.683 0.029 -0.059 -0.728 0.762 0.000 -0.640 0.092 0.977 0.000 -0.019 -0.212 0.731 0.000 -0.674 0.110 0.761 0.000 0.430 -0.486 0.702 0.000 -0.698 0.142 1.000 0.000 0.016 0.018 0.684 0.000 -0.726 0.073 0.996 0.000 0.014 0.090 
-0.683 0.029 -0.059 -0.728 0.763 0.000 -0.640 0.092 0.977 0.000 -0.020 -0.212 0.731 0.000 -0.674 0.110 0.761 -0.000 0.431 -0.485 0.702 0.000 -0.698 0.142 1.000 0.000 0.016 0.018 0.684 -0.000 -0.726 0.073 0.996 0.000 0.015 0.090 
-0.683 0.030 -0.059 -0.728 0.763 -0.000 -0.640 0.093 0.977 0.000 -0.020 -0.212 0.731 0.000 -0.674 0.108 0.762 0.000 0.433 -0.481 0.702 0.000 -0.697 0.143 1.000 0.000 0.016 0.018 0.684 0.000 -0.726 0.074 0.996 -0.000 0.014 0.089 
-0.683 0.029 -0.059 -0.728 0.762 0.000 -0.641 0.092 0.977 -0.000 -0.018 -0.211 0.731 0.000 -0.673 0.110 0.762 0.000 0.433 -0.482 0.702 0.000 -0.698 0.142 1.000 -0.000 0.016 0.018 0.684 -0.000 -0.726 0.073 0.996 0.000 0.014 0.090 
-0.682 0.030 -0.059 -0.728 0.762 0.000 -0.640 0.093 0.977 0.000 -0.019 -0.212 0.731 0.000 -0.674 0.109 0.762 0.000 0.435 -0.480 0.702 0.000 -0.698 0.143 1.000 0.000 0.016 0.018 0.684 -0.000 -0.726 0.073 0.996 0.000 0.015 0.090 
-0.682 0.030 -0.059 -0.728 0.762 -0.000 -0.640 0.093 0.977 -0.000 -0.019 -0.212 0.730 0.000 -0.675 0.107 0.762 -0.000 0.440 -0.475 0.702 0.000 -0.698 0.143 1.000 0.000 0.016 0.018 0.684 0.000 -0.726 0.073 0.996 0.000 0.015 0.090 
-0.682 0.030 -0.059 -0.728 0.763 0.000 -0.640 0.093 0.977 -0.000 -0.020 -0.212 0.730 0.000 -0.675 0.108 0.762 -0.000 0.441 -0.474 0.702 -0.000 -0.698 0.143 1.000 0.000 0.016 0.018 0.684 0.000 -0.726 0.073 0.996 0.000 0.015 0.090 
-0.682 0.030 -0.059 -0.728 0.763 0.000 -0.640 0.093 0.977 -0.000 -0.019 -0.212 0.730 0.000 -0.675 0.108 0.762 0.000 0.442 -0.473 0.702 -0.000 -0.698 0.143 1.000 0.000 0.016 0.018 0.684 0.000 -0.726 0.073 0.996 0.000 0.015 0.090 
-0.682 0.030 -0.059 -0.728 0.763 0.000 -0.640 0.093 0.977 0.000 -0.019 -0.212 0.730 0.000 -0.674 0.110 0.762 0.000 0.440 -0.475 0.702 0.000 -0.698 0.143 1.000 0.000 0.016 0.018 0.684 0.000 -0.726 0.073 0.996 0.000 0.015 0.090 
-0.682 0.030 -0.059 -0.728 0.763 0.000 -0.640 0.093 0.977 0.000 -0.019 -0.212 0.730 0.000 -0.675 0.108 0.762 0.000 0.445 -0.470 0.702 0.000 -0.697 0.143 1.000 0.000 0.016 0.018 0.684 -0.000 -0.726 0.073 0.996 0.000 0.015 0.090 
-0.682 0.030 -0.059 -0.728 0.763 0.000 -0.640 0.094 0.977 0.000 -0.019 -0.212 0.729 0.000 -0.676 0.109 0.761 0.000 0.445 -0.472 0.702 0.000 -0.697 0.143 1.000 0.000 0.016 0.018 0.684 0.000 -0.726 0.073 0.996 0.000 0.015 0.090 
-0.682 0.029 -0.059 -0.729 0.763 0.000 -0.640 0.093 0.977 0.000 -0.019 -0.212 0.730 -0.000 -0.674 0.112 0.761 0.000 0.441 -0.476 0.702 0.000 -0.698 0.143 1.000 0.000 0.016 0.018 0.684 -0.000 -0.726 0.072 0.996 0.000 0.015 0.090 
-0.682 0.030 -0.059 -0.729 0.763 0.000 -0.640 0.093 0.977 0.000 -0.020 -0.212 0.730 -0.000 -0.674 0.112 0.761 0.000 0.442 -0.475 0.702 -0.000 -0.698 0.144 1.000 0.000 0.016 0.018 0.684 0.000 -0.726 0.073 0.996 -0.000 0.015 0.090 
-0.682 0.029 -0.059 -0.729 0.763 -0.000 -0.640 0.093 0.977 -0.000 -0.020 -0.212 0.730 0.000 -0.674 0.113 0.761 0.000 0.441 -0.476 0.702 -0.000 -0.698 0.143 1.000 0.000 0.016 0.018 0.684 0.000 -0.726 0.072 0.996 0.000 0.014 0.090 
-0.681 0.029 -0.059 -0.729 0.763 0.000 -0.640 0.093 0.977 0.000 -0.020 -0.212 0.730 -0.000 -0.674 0.113 0.761 -0.000 0.442 -0.476 0.702 0.000 -0.698 0.143 1.000 0.000 0.016 0.018 0.684 0.000 -0.726 0.072 0.996 0.000 0.014 0.090 
-0.681 0.029 -0.059 -0.729 0.763 0.000 -0.640 0.093 0.977 0.000 -0.020 -0.212 0.730 0.000 -0.674 0.113 0.761 0.000 0.442 -0.475 0.702 0.000 -0.698 0.143 1.000 0.000 0.016 0.018 0.684 0.000 -0.726 0.072 0.996 0.000 0.014 0.090 
-0.681 0.029 -0.059 -0.729 0.763 0.000 -0.639 0.093 0.977 0.000 -0.020 -0.212 0.730 0.000 -0.674 0.113 0.761 0.000 0.442 -0.475 0.702 0.000 -0.698 0.143 1.000 0.000 0.016 0.018 0.684 0.000 -0.726 0.072 0.996 0.000 0.014 0.090 
-0.681 0.029 -0.059 -0.729 0.763 -0.000 -0.640 0.092 0.977 0.000 -0.020 -0.212 0.729 0.000 -0.675 0.112 0.760 0.000 0.445 -0.473 0.702 0.000 -0.698 0.143 1.000 0.000 0.016 0.018 0.684 0.000 -0.726 0.071 0.996 0.000 0.014 0.090 
-0.681 0.029 -0.059 -0.729 0.763 0.000 -0.639 0.092 0.977 -0.000 -0.020 -0.212 0.729 0.000 -0.675 0.113 0.760 0.000 0.444 -0.475 0.702 0.000 -0.698 0.143 1.000 0.000 0.016 0.018 0.684 0.000 -0.726 0.071 0.996 0.000 0.014 0.090 
-0.681 0.029 -0.059 -0.729 0.763 -0.000 -0.639 0.092 0.977 0.000 -0.020 -0.212 0.729 -0.000 -0.676 0.111 0.761 0.000 0.445 -0.473 0.702 0.000 -0.698 0.143 1.000 0.000 0.016 0.018 0.684 -0.000 -0.726 0.072 0.996 0.000 0.014 0.090 
-0.681 0.029 -0.059 -0.730 0.763 0.000 -0.639 0.093 0.977 0.000 -0.021 -0.212 0.729 0.000 -0.676 0.112 0.760 -0.000 0.443 -0.475 0.702 -0.000 -0.697 0.144 1.000 0.000 0.016 0.017 0.684 0.000 -0.725 0.072 0.996 0.000 0.014 0.090 
-0.681 0.029 -0.059 -0.730 0.763 0.000 -0.639 0.093 0.977 0.000 -0.021 -0.212 0.728 0.000 -0.676 0.112 0.760 0.000 0.443 -0.475 0.702 0.000 -0.698 0.143 1.000 -0.000 0.017 0.018 0.684 0.000 -0.726 0.071 0.996 0.000 0.014 0.090 
-0.681 0.029 -0.059 -0.730 0.763 0.000 -0.639 0.093 0.977 0.000 -0.021 -0.213 0.728 -0.000 -0.677 0.110 0.761 0.000 0.445 -0.472 0.702 0.000 -0.698 0.144 1.000 0.000 0.017 0.017 0.684 0.000 -0.726 0.071 0.996 0.000 0.014 0.090 
-0.681 0.029 -0.059 -0.730 0.763 0.000 -0.639 0.093 0.977 0.000 -0.021 -0.213 0.728 0.000 -0.676 0.112 0.761 0.000 0.441 -0.477 0.702 0.000 -0.698 0.143 1.000 0.000 0.017 0.017 0.685 -0.000 -0.726 0.071 0.996 0.000 0.014 0.090 
-0.679 0.028 -0.058 -0.732 0.763 0.000 -0.639 0.093 0.977 0.000 -0.020 -0.213 0.728 0.000 -0.676 0.111 0.761 -0.000 0.438 -0.479 0.702 0.000 -0.698 0.143 1.000 0.000 0.016 0.017 0.684 0.000 -0.727 0.065 0.996 0.000 0.015 0.093 
-0.680 0.029 -0.059 -0.730 0.764 -0.000 -0.639 0.093 0.977 0.000 -0.022 -0.214 0.728 0.000 -0.677 0.112 0.761 0.000 0.438 -0.479 0.702 0.000 -0.698 0.143 1.000 0.000 0.016 0.017 0.684 0.000 -0.726 0.070 0.996 0.000 0.014 0.090 
-0.680 0.028 -0.058 -0.730 0.764 0.000 -0.639 0.093 0.977 0.000 -0.022 -0.214 0.728 0.000 -0.676 0.114 0.761 0.000 0.434 -0.483 0.702 -0.000 -0.698 0.143 1.000 0.000 0.017 0.017 0.685 0.000 -0.726 0.070 0.996 0.000 0.014 0.090 
-0.680 0.028 -0.058 -0.730 0.764 0.000 -0.639 0.093 0.977 0.000 -0.022 -0.214 0.728 0.000 -0.676 0.114 0.761 0.000 0.433 -0.484 0.702 0.000 -0.698 0.143 1.000 0.000 0.017 0.017 0.685 0.000 -0.726 0.070 0.996 0.000 0.013 0.090 
-0.680 0.028 -0.058 -0.730 0.764 0.000 -0.639 0.092 0.977 -0.000 -0.022 -0.214 0.727 0.000 -0.677 0.112 0.761 0.000 0.434 -0.482 0.702 0.000 -0.698 0.143 1.000 -0.000 0.017 0.017 0.685 0.000 -0.726 0.069 0.996 0.000 0.013 0.091 
-0.678 0.028 -0.058 -0.732 0.764 0.000 -0.639 0.092 0.977 0.000 -0.021 -0.214 0.728 0.000 -0.676 0.113 0.760 0.000 0.428 -0.488 0.702 0.000 -0.698 0.141 1.000 0.000 0.016 0.017 0.684 0.000 -0.727 0.063 0.996 0.000 0.014 0.094 
-0.678 0.028 -0.058 -0.732 0.764 -0.000 -0.639 0.092 0.977 0.000 -0.021 -0.214 0.727 0.000 -0.678 0.110 0.760 0.000 0.430 -0.487 0.702 0.000 -0.698 0.142 1.000 0.000 0.016 0.017 0.684 0.000 -0.727 0.064 0.995 0.000 0.014 0.094 
-0.680 0.028 -0.058 -0.731 0.764 0.000 -0.639 0.093 0.977 0.000 -0.022 -0.214 0.725 0.000 -0.679 0.109 0.761 0.000 0.433 -0.483 0.702 0.000 -0.698 0.143 1.000 0.000 0.017 0.017 0.685 0.000 -0.726 0.069 0.996 0.000 0.013 0.091 
-0.678 0.027 -0.057 -0.733 0.764 0.000 -0.639 0.092 0.977 0.000 -0.021 -0.214 0.726 0.000 -0.679 0.109 0.760 0.000 0.429 -0.487 0.702 0.000 -0.698 0.141 1.000 0.000 0.016 0.018 0.684 0.000 -0.727 0.062 0.995 0.000 0.014 0.094 
-0.679 0.028 -0.058 -0.731 0.764 0.000 -0.639 0.092 0.977 0.000 -0.022 -0.214 0.726 0.000 -0.679 0.113 0.760 -0.000 0.425 -0.492 0.702 0.000 -0.698 0.142 1.000 0.000 0.017 0.017 0.685 -0.000 -0.726 0.067 0.996 0.000 0.013 0.091 
-0.679 0.028 -0.058 -0.731 0.764 -0.000 -0.639 0.092 0.977 0.000 -0.022 -0.214 0.725 0.000 -0.679 0.112 0.760 0.000 0.423 -0.494 0.702 -0.000 -0.698 0.141 1.000 0.000 0.016 0.018 0.685 0.000 -0.726 0.067 0.996 0.000 0.013 0.091 
-0.679 0.028 -0.058 -0.731 0.764 0.000 -0.639 0.092 0.976 0.000 -0.022 -0.215 0.725 0.000 -0.680 0.112 0.760 0.000 0.420 -0.496 0.702 0.000 -0.698 0.141 1.000 0.000 0.016 0.018 0.685 -0.000 -0.726 0.067 0.996 0.000 0.013 0.091 
-0.679 0.028 -0.058 -0.731 0.764 0.000 -0.639 0.092 0.976 0.000 -0.022 -0.215 0.725 0.000 -0.679 0.112 0.761 0.000 0.415 -0.499 0.702 -0.000 -0.698 0.142 1.000 0.000 0.016 0.018 0.685 0.000 -0.726 0.067 0.996 0.000 0.013 0.091 
-0.679 0.028 -0.058 -0.732 0.764 0.000 -0.639 0.092 0.976 0.000 -0.022 -0.215 0.725 0.000 -0.680 0.111 0.761 0.000 0.412 -0.501 0.702 0.000 -0.698 0.141 1.000 0.000 0.016 0.018 0.685 0.000 -0.726 0.067 0.996 0.000 0.013 0.091 
-0.679 0.027 -0.057 -0.732 0.764 -0.000 -0.639 0.091 0.976 0.000 -0.022 -0.215 0.725 -0.000 -0.680 0.112 0.761 0.000 0.407 -0.505 0.702 -0.000 -0.698 0.141 1.000 0.000 0.016 0.018 0.685 -0.000 -0.726 0.066 0.996 0.000 0.013 0.091 
-0.679 0.027 -0.057 -0.732 0.764 0.000 -0.639 0.091 0.976 0.000 -0.022 -0.215 0.725 0.000 -0.680 0.112 0.761 -0.000 0.404 -0.508 0.702 0.000 -0.698 0.141 1.000 -0.000 0.016 0.018 0.685 0.000 -0.726 0.066 0.996 0.000 0.013 0.091 
-0.678 0.027 -0.057 -0.732 0.764 0.000 -0.639 0.091 0.976 0.000 -0.022 -0.215 0.724 0.000 -0.681 0.111 0.761 0.000 0.400 -0.510 0.702 0.000 -0.698 0.140 1.000 0.000 0.016 0.018 0.685 0.000 -0.726 0.065 0.996 0.000 0.013 0.092 
-0.678 0.027 -0.057 -0.732 0.764 0.000 -0.639 0.091 0.976 0.000 -0.021 -0.215 0.724 0.000 -0.681 0.111 0.761 0.000 0.395 -0.514 0.702 -0.000 -0.698 0.141 1.000 0.000 0.016 0.018 0.685 0.000 -0.726 0.065 0.996 0.000 0.013 0.091 
-0.678 0.027 -0.057 -0.732 0.764 -0.000 -0.639 0.091 0.976 0.000 -0.022 -0.215 0.724 0.000 -0.681 0.111 0.762 0.000 0.391 -0.517 0.702 0.000 -0.698 0.141 1.000 0.000 0.016 0.018 0.685 0.000 -0.726 0.065 0.996 0.000 0.013 0.091 
-0.678 0.027 -0.057 -0.732 0.764 0.000 -0.639 0.091 0.976 -0.000 -0.021 -0.215 0.724 -0.000 -0.681 0.110 0.762 0.000 0.386 -0.520 0.702 0.000 -0.698 0.140 1.000 0.000 0.016 0.018 0.684 -0.000 -0.726 0.065 0.996 0.000 0.013 0.091 
-0.678 0.027 -0.057 -0.732 0.764 0.000 -0.639 0.091 0.976 -0.000 -0.021 -0.215 0.723 0.000 -0.682 0.110 0.762 0.000 0.380 -0.524 0.702 -0.000 -0.698 0.141 1.000 0.000 0.016 0.018 0.685 0.000 -0.726 0.065 0.996 0.000 0.013 0.091 
-0.678 0.027 -0.057 -0.733 0.764 0.000 -0.639 0.091 0.976 0.000 -0.021 -0.215 0.723 -0.000 -0.682 0.110 0.762 0.000 0.374 -0.528 0.702 -0.000 -0.698 0.141 1.000 0.000 0.016 0.018 0.684 0.000 -0.726 0.065 0.996 0.000 0.013 0.091 
-0.678 0.027 -0.057 -0.733 0.764 -0.000 -0.639 0.090 0.976 0.000 -0.021 -0.215 0.724 0.000 -0.680 0.115 0.762 0.000 0.358 -0.540 0.702 0.000 -0.698 0.140 1.000 0.000 0.016 0.018 0.684 0.000 -0.726 0.065 0.996 0.000 0.013 0.091 
-0.676 0.026 -0.056 -0.734 0.763 0.000 -0.640 0.090 0.976 -0.000 -0.019 -0.215 0.724 0.000 -0.680 0.113 0.762 0.000 0.349 -0.546 0.702 0.000 -0.699 0.140 1.000 0.000 0.016 0.018 0.684 0.000 -0.727 0.059 0.995 0.000 0.014 0.094 
-0.677 0.027 -0.057 -0.733 0.763 0.000 -0.639 0.090 0.976 0.000 -0.020 -0.215 0.724 0.000 -0.680 0.114 0.762 -0.000 0.343 -0.549 0.702 0.000 -0.698 0.140 1.000 0.000 0.016 0.018 0.685 0.000 -0.726 0.064 0.996 0.000 0.013 0.091 
-0.677 0.027 -0.057 -0.733 0.764 0.000 -0.639 0.091 0.976 0.000 -0.020 -0.215 0.723 0.000 -0.681 0.112 0.763 0.000 0.338 -0.551 0.702 0.000 -0.698 0.140 1.000 0.000 0.016 0.018 0.685 0.000 -0.726 0.064 0.996 0.000 0.013 0.091 
-0.677 0.027 -0.057 -0.733 0.764 -0.000 -0.639 0.091 0.976 0.000 -0.020 -0.215 0.723 0.000 -0.682 0.112 0.763 0.000 0.329 -0.556 0.702 0.000 -0.698 0.140 1.000 0.000 0.016 0.018 0.685 0.000 -0.726 0.064 0.996 0.000 0.013 0.091 
-0.677 0.027 -0.057 -0.733 0.764 0.000 -0.639 0.090 0.977 0.000 -0.020 -0.214 0.723 0.000 -0.682 0.111 0.764 0.000 0.323 -0.558 0.702 0.000 -0.698 0.140 1.000 0.000 0.017 0.018 0.685 0.000 -0.726 0.064 0.996 0.000 0.013 0.091 
-0.675 0.026 -0.056 -0.735 0.763 -0.000 -0.640 0.090 0.977 0.000 -0.019 -0.215 0.723 0.000 -0.682 0.109 0.765 0.000 0.310 -0.565 0.702 0.000 -0.699 0.139 1.000 0.000 0.017 0.018 0.684 0.000 -0.727 0.059 0.995 0.000 0.014 0.094 
-0.677 0.027 -0.057 -0.733 0.763 -0.000 -0.640 0.091 0.976 0.000 -0.020 -0.215 0.723 0.000 -0.683 0.109 0.766 -0.000 0.307 -0.565 0.702 0.000 -0.698 0.140 1.000 0.000 0.017 0.018 0.685 0.000 -0.726 0.064 0.996 0.000 0.013 0.091 
-0.677 0.027 -0.057 -0.733 0.763 0.000 -0.640 0.090 0.977 0.000 -0.020 -0.214 0.722 0.000 -0.683 0.109 0.766 0.000 0.297 -0.569 0.702 0.000 -0.698 0.140 1.000 -0.000 0.017 0.018 0.685 -0.000 -0.726 0.064 0.996 0.000 0.012 0.092 
-0.677 0.027 -0.057 -0.734 0.763 0.000 -0.640 0.090 0.977 -0.000 -0.020 -0.214 0.722 0.000 -0.683 0.108 0.767 0.000 0.288 -0.573 0.702 0.000 -0.698 0.140 1.000 0.000 0.017 0.018 0.685 -0.000 -0.726 0.064 0.996 -0.000 0.012 0.092 
-0.677 0.027 -0.057 -0.734 0.763 0.000 -0.640 0.090 0.977 0.000 -0.020 -0.214 0.721 0.000 -0.685 0.104 0.769 0.000 0.284 -0.572 0.702 0.000 -0.698 0.140 1.000 -0.000 0.017 0.019 0.685 0.000 -0.726 0.064 0.996 0.000 0.012 0.092 
-0.677 0.027 -0.057 -0.734 0.763 0.000 -0.640 0.091 0.977 0.000 -0.020 -0.214 0.721 0.000 -0.685 0.103 0.770 0.000 0.274 -0.576 0.702 -0.000 -0.698 0.140 1.000 0.000 0.017 0.019 0.685 0.000 -0.726 0.063 0.996 0.000 0.012 0.092 
-0.677 0.027 -0.057 -0.734 0.763 0.000 -0.640 0.091 0.977 0.000 -0.020 -0.214 0.721 0.000 -0.685 0.103 0.771 0.000 0.259 -0.581 0.702 0.000 -0.698 0.140 1.000 0.000 0.017 0.019 0.684 -0.000 -0.726 0.064 0.996 0.000 0.012 0.092 
-0.677 0.027 -0.057 -0.734 0.763 0.000 -0.640 0.091 0.977 0.000 -0.020 -0.214 0.722 0.000 -0.684 0.105 0.771 0.000 0.243 -0.589 0.702 -0.000 -0.698 0.140 1.000 0.000 0.017 0.019 0.684 0.000 -0.726 0.064 0.996 0.000 0.013 0.092 
-0.677 0.027 -0.057 -0.734 0.763 0.000 -0.640 0.091 0.977 0.000 -0.020 -0.215 0.721 0.000 -0.684 0.105 0.772 0.000 0.233 -0.592 0.702 0.000 -0.698 0.140 1.000 0.000 0.017 0.019 0.684 0.000 -0.726 0.064 0.996 -0.000 0.012 0.092 
-0.677 0.027 -0.057 -0.734 0.763 0.000 -0.640 0.091 0.976 0.000 -0.020 -0.215 0.721 -0.000 -0.685 0.103 0.773 0.000 0.224 -0.593 0.702 0.000 -0.698 0.141 1.000 0.000 0.017 0.019 0.684 -0.000 -0.726 0.064 0.996 0.000 0.013 0.092 
-0.677 0.027 -0.057 -0.734 0.763 0.000 -0.640 0.091 0.977 0.000 -0.020 -0.215 0.721 -0.000 -0.685 0.103 0.773 0.000 0.212 -0.597 0.702 0.000 -0.698 0.141 1.000 0.000 0.017 0.019 0.684 0.000 -0.726 0.064 0.996 0.000 0.013 0.092 
-0.677 0.027 -0.057 -0.734 0.763 0.000 -0.640 0.091 0.977 0.000 -0.020 -0.214 0.721 0.000 -0.686 0.103 0.774 0.000 0.202 -0.600 0.702 -0.000 -0.698 0.141 1.000 0.000 0.017 0.019 0.684 0.000 -0.726 0.064 0.996 0.000 0.012 0.092 
-0.677 0.027 -0.057 -0.734 0.762 0.000 -0.641 0.091 0.977 0.000 -0.020 -0.215 0.720 0.000 -0.687 0.100 0.776 0.000 0.193 -0.601 0.702 -0.000 -0.698 0.141 1.000 0.000 0.017 0.019 0.684 0.000 -0.726 0.064 0.996 0.000 0.013 0.092 
-0.677 0.027 -0.057 -0.734 0.762 0.000 -0.641 0.091 0.977 0.000 -0.020 -0.214 0.720 0.000 -0.687 0.099 0.776 0.000 0.183 -0.603 0.702 0.000 -0.698 0.141 1.000 0.000 0.018 0.019 0.684 -0.000 -0.726 0.064 0.996 0.000 0.013 0.092 
-0.677 0.027 -0.057 -0.734 0.762 -0.000 -0.641 0.091 0.977 0.000 -0.020 -0.214 0.720 0.000 -0.687 0.100 0.776 0.000 0.171 -0.607 0.702 0.000 -0.698 0.140 1.000 0.000 0.018 0.019 0.684 -0.000 -0.726 0.064 0.996 0.000 0.013 0.092 
-0.677 0.027 -0.057 -0.733 0.762 0.000 -0.641 0.091 0.977 0.000 -0.020 -0.214 0.720 0.000 -0.687 0.098 0.778 0.000 0.161 -0.607 0.702 0.000 -0.698 0.141 1.000 0.000 0.018 0.019 0.684 0.000 -0.726 0.064 0.996 -0.000 0.013 0.092 
-0.677 0.027 -0.057 -0.733 0.762 0.000 -0.641 0.091 0.977 0.000 -0.020 -0.214 0.720 0.000 -0.687 0.097 0.779 0.000 0.149 -0.609 0.702 0.000 -0.698 0.141 1.000 0.000 0.018 0.019 0.684 0.000 -0.727 0.064 0.996 0.000 0.013 0.092 
-0.677 0.027 -0.057 -0.733 0.762 0.000 -0.642 0.090 0.977 -0.000 -0.019 -0.214 0.720 0.000 -0.687 0.097 0.779 0.000 0.137 -0.612 0.702 0.000 -0.698 0.140 1.000 0.000 0.018 0.019 0.684 0.000 -0.727 0.064 0.996 0.000 0.013 0.092 
-0.677 0.027 -0.057 -0.733 0.762 0.000 -0.641 0.090 0.976 -0.000 -0.021 -0.215 0.720 0.000 -0.687 0.096 0.780 0.000 0.126 -0.613 0.702 -0.000 -0.698 0.140 1.000 -0.000 0.018 0.019 0.684 -0.000 -0.727 0.064 0.996 0.000 0.013 0.092 
-0.677 0.027 -0.057 -0.733 0.762 0.000 -0.642 0.090 0.976 0.000 -0.021 -0.215 0.720 0.000 -0.687 0.095 0.781 0.000 0.115 -0.614 0.702 0.000 -0.698 0.140 1.000 0.000 0.018 0.019 0.684 -0.000 -0.727 0.064 0.996 0.000 0.013 0.092 
-0.677 0.027 -0.057 -0.733 0.762 0.000 -0.642 0.090 0.976 0.000 -0.021 -0.215 0.720 -0.000 -0.687 0.093 0.782 0.000 0.104 -0.615 0.702 0.000 -0.698 0.140 1.000 0.000 0.018 0.019 0.684 0.000 -0.727 0.064 0.996 0.000 0.013 0.092 
-0.677 0.027 -0.057 -0.733 0.762 0.000 -0.642 0.090 0.976 0.000 -0.021 -0.215 0.721 -0.000 -0.687 0.092 0.783 -0.000 0.090 -0.615 0.702 0.000 -0.698 0.140 1.000 -0.000 0.018 0.019 0.684 0.000 -0.727 0.064 0.996 -0.000 0.013 0.092 
-0.677 0.027 -0.057 -0.733 0.761 -0.000 -0.642 0.090 0.976 0.000 -0.021 -0.215 0.720 0.000 -0.688 0.087 0.785 0.000 0.083 -0.614 0.702 0.000 -0.698 0.140 1.000 -0.000 0.018 0.019 0.684 0.000 -0.727 0.064 0.996 0.000 0.013 0.092 
-0.677 0.027 -0.057 -0.733 0.761 0.000 -0.642 0.090 0.977 0.000 -0.021 -0.214 0.720 0.000 -0.688 0.085 0.786 0.000 0.072 -0.614 0.702 0.000 -0.698 0.140 1.000 0.000 0.019 0.019 0.684 0.000 -0.727 0.064 0.996 0.000 0.013 0.092 
-0.678 0.027 -0.057 -0.733 0.761 0.000 -0.642 0.090 0.977 0.000 -0.021 -0.214 0.722 0.000 -0.687 0.087 0.786 0.000 0.053 -0.616 0.702 -0.000 -0.698 0.139 1.000 0.000 0.019 0.019 0.684 0.000 -0.727 0.064 0.996 -0.000 0.013 0.092 
-0.678 0.027 -0.057 -0.733 0.761 -0.000 -0.642 0.089 0.977 0.000 -0.021 -0.214 0.722 0.000 -0.686 0.086 0.786 0.000 0.040 -0.617 0.702 0.000 -0.698 0.139 1.000 0.000 0.018 0.019 0.684 0.000 -0.727 0.064 0.996 0.000 0.013 0.092 
-0.678 0.026 -0.057 -0.733 0.761 0.000 -0.643 0.089 0.977 0.000 -0.021 -0.214 0.723 0.000 -0.685 0.085 0.787 0.000 0.028 -0.617 0.702 -0.000 -0.698 0.139 1.000 0.000 0.018 0.019 0.684 0.000 -0.727 0.064 0.996 0.000 0.013 0.092 
-0.678 0.026 -0.057 -0.733 0.761 0.000 -0.643 0.089 0.977 0.000 -0.021 -0.214 0.724 0.000 -0.685 0.085 0.786 0.000 0.014 -0.618 0.702 -0.000 -0.698 0.139 1.000 -0.000 0.019 0.019 0.684 0.000 -0.727 0.064 0.996 -0.000 0.013 0.092 
-0.678 0.026 -0.056 -0.733 0.761 -0.000 -0.643 0.089 0.977 0.000 -0.021 -0.214 0.724 0.000 -0.685 0.083 0.787 0.000 0.012 -0.616 0.702 -0.000 -0.698 0.138 1.000 0.000 0.018 0.019 0.684 0.000 -0.727 0.063 0.996 0.000 0.013 0.092 
-0.678 0.026 -0.057 -0.732 0.760 -0.000 -0.643 0.089 0.977 0.000 -0.020 -0.214 0.724 0.000 -0.686 0.080 0.789 0.000 0.003 -0.615 0.702 -0.000 -0.698 0.139 1.000 0.000 0.019 0.019 0.684 0.000 -0.727 0.064 0.996 0.000 0.013 0.092 
-0.678 0.026 -0.057 -0.732 0.760 -0.000 -0.644 0.088 0.977 0.000 -0.020 -0.214 0.723 0.000 -0.686 0.078 0.789 0.000 -0.007 -0.614 0.702 0.000 -0.698 0.139 1.000 0.000 0.019 0.019 0.683 0.000 -0.727 0.064 0.996 0.000 0.013 0.092 
-0.678 0.026 -0.056 -0.732 0.760 0.000 -0.644 0.088 0.977 0.000 -0.020 -0.214 0.724 -0.000 -0.686 0.078 0.789 0.000 -0.017 -0.615 0.703 0.000 -0.698 0.138 1.000 0.000 0.018 0.019 0.683 0.000 -0.727 0.063 0.996 0.000 0.013 0.092 
-0.678 0.026 -0.056 -0.732 0.760 0.000 -0.644 0.087 0.977 0.000 -0.020 -0.214 0.724 0.000 -0.686 0.076 0.789 0.000 -0.027 -0.614 0.703 0.000 -0.698 0.137 1.000 0.000 0.019 0.019 0.683 -0.000 -0.727 0.063 0.996 0.000 0.012 0.092 
-0.678 0.026 -0.056 -0.732 0.760 0.000 -0.644 0.088 0.977 0.000 -0.020 -0.214 0.724 0.000 -0.686 0.073 0.790 0.000 -0.038 -0.612 0.703 0.000 -0.698 0.138 1.000 0.000 0.018 0.019 0.683 0.000 -0.727 0.063 0.996 0.000 0.013 0.092 
-0.678 0.026 -0.056 -0.732 0.760 -0.000 -0.644 0.087 0.977 0.000 -0.019 -0.214 0.724 0.000 -0.686 0.071 0.790 -0.000 -0.048 -0.611 0.703 0.000 -0.698 0.138 1.000 0.000 0.018 0.019 0.683 0.000 -0.727 0.063 0.996 0.000 0.012 0.092 
-0.678 0.026 -0.056 -0.732 0.760 0.000 -0.645 0.087 0.977 0.000 -0.019 -0.214 0.724 0.000 -0.686 0.069 0.791 -0.000 -0.058 -0.609 0.703 0.000 -0.698 0.137 1.000 0.000 0.019 0.019 0.683 0.000 -0.727 0.063 0.996 -0.000 0.012 0.092 
-0.679 0.026 -0.056 -0.732 0.759 0.000 -0.645 0.087 0.977 0.000 -0.019 -0.215 0.724 0.000 -0.686 0.067 0.791 0.000 -0.068 -0.607 0.703 0.000 -0.698 0.137 1.000 0.000 0.019 0.019 0.684 0.000 -0.727 0.064 0.996 0.000 0.012 0.091 
-0.680 0.026 -0.056 -0.731 0.759 0.000 -0.645 0.086 0.977 0.000 -0.019 -0.214 0.725 0.000 -0.685 0.066 0.791 0.000 -0.079 -0.606 0.702 0.000 -0.698 0.137 1.000 0.000 0.019 0.019 0.683 0.000 -0.727 0.066 0.996 0.000 0.013 0.090 
-0.680 0.027 -0.056 -0.731 0.759 0.000 -0.645 0.087 0.977 0.000 -0.019 -0.214 0.725 0.000 -0.686 0.062 0.792 0.000 -0.087 -0.604 0.702 0.000 -0.698 0.138 1.000 0.000 0.019 0.019 0.683 0.000 -0.727 0.066 0.996 0.000 0.013 0.090 
-0.680 0.027 -0.056 -0.731 0.759 -0.000 -0.646 0.087 0.977 0.000 -0.018 -0.215 0.725 0.000 -0.686 0.059 0.793 0.000 -0.096 -0.601 0.702 0.000 -0.698 0.137 1.000 0.000 0.019 0.020 0.683 0.000 -0.727 0.066 0.996 0.000 0.013 0.090 
-0.680 0.027 -0.056 -0.731 0.759 0.000 -0.646 0.086 0.977 0.000 -0.018 -0.215 0.726 0.000 -0.686 0.056 0.794 0.000 -0.105 -0.599 0.702 -0.000 -0.699 0.137 1.000 0.000 0.019 0.020 0.683 0.000 -0.727 0.066 0.996 0.000 0.013 0.090 
-0.680 0.026 -0.056 -0.731 0.759 0.000 -0.646 0.086 0.977 0.000 -0.018 -0.214 0.726 0.000 -0.685 0.054 0.793 0.000 -0.115 -0.598 0.702 0.000 -0.698 0.137 1.000 0.000 0.019 0.019 0.683 0.000 -0.727 0.066 0.996 0.000 0.013 0.089 
-0.680 0.026 -0.056 -0.731 0.758 -0.000 -0.646 0.086 0.977 0.000 -0.018 -0.214 0.726 0.000 -0.686 0.047 0.796 0.000 -0.119 -0.594 0.702 -0.000 -0.698 0.137 1.000 0.000 0.019 0.019 0.683 -0.000 -0.727 0.066 0.996 0.000 0.013 0.089 
-0.680 0.026 -0.056 -0.731 0.758 0.000 -0.646 0.086 0.977 -0.000 -0.017 -0.214 0.726 -0.000 -0.686 0.044 0.796 0.000 -0.127 -0.591 0.702 -0.000 -0.699 0.137 1.000 0.000 0.019 0.020 0.683 0.000 -0.727 0.066 0.996 0.000 0.013 0.090 
-0.680 0.026 -0.056 -0.731 0.758 0.000 -0.646 0.086 0.977 0.000 -0.018 -0.214 0.727 -0.000 -0.685 0.045 0.794 0.000 -0.141 -0.591 0.702 0.000 -0.698 0.137 1.000 0.000 0.019 0.019 0.683 0.000 -0.727 0.066 0.996 0.000 0.013 0.089 
-0.680 0.026 -0.056 -0.731 0.758 0.000 -0.647 0.085 0.977 -0.000 -0.017 -0.214 0.727 0.000 -0.685 0.042 0.795 0.000 -0.150 -0.588 0.702 -0.000 -0.698 0.137 1.000 0.000 0.019 0.019 0.683 -0.000 -0.727 0.066 0.996 0.000 0.013 0.090 
-0.680 0.026 -0.056 -0.731 0.758 0.000 -0.647 0.085 0.977 0.000 -0.017 -0.214 0.728 0.000 -0.685 0.040 0.795 0.000 -0.159 -0.586 0.702 0.000 -0.699 0.137 1.000 0.000 0.019 0.019 0.683 -0.000 -0.727 0.066 0.996 0.000 0.012 0.090 
-0.680 0.026 -0.056 -0.730 0.758 0.000 -0.647 0.085 0.977 0.000 -0.017 -0.214 0.729 0.000 -0.684 0.037 0.795 0.000 -0.170 -0.582 0.702 0.000 -0.698 0.137 1.000 0.000 0.019 0.019 0.683 0.000 -0.727 0.066 0.996 0.000 0.012 0.089 
-0.680 0.026 -0.056 -0.730 0.758 -0.000 -0.647 0.084 0.977 0.000 -0.017 -0.214 0.729 0.000 -0.684 0.034 0.795 0.000 -0.178 -0.579 0.702 0.000 -0.698 0.137 1.000 -0.000 0.019 0.019 0.683 0.000 -0.727 0.066 0.996 0.000 0.012 0.089 
-0.680 0.026 -0.055 -0.730 0.758 0.000 -0.647 0.084 0.977 0.000 -0.017 -0.214 0.729 0.000 -0.684 0.028 0.798 0.000 -0.183 -0.575 0.702 0.000 -0.698 0.137 1.000 0.000 0.019 0.018 0.683 0.000 -0.727 0.066 0.996 0.000 0.013 0.089 
-0.680 0.026 -0.055 -0.730 0.757 0.000 -0.648 0.083 0.977 0.000 -0.016 -0.214 0.729 0.000 -0.684 0.026 0.798 0.000 -0.195 -0.570 0.703 0.000 -0.698 0.136 1.000 0.000 0.019 0.018 0.683 0.000 -0.727 0.065 0.996 0.000 0.012 0.089 
-0.680 0.026 -0.055 -0.730 0.757 0.000 -0.648 0.084 0.977 0.000 -0.016 -0.214 0.729 -0.000 -0.684 0.021 0.799 0.000 -0.202 -0.566 0.703 0.000 -0.698 0.137 1.000 0.000 0.019 0.018 0.683 0.000 -0.727 0.065 0.996 0.000 0.012 0.089 
-0.680 0.026 -0.055 -0.730 0.757 0.000 -0.648 0.083 0.977 0.000 -0.016 -0.213 0.730 -0.000 -0.684 0.018 0.800 0.000 -0.211 -0.562 0.703 0.000 -0.698 0.137 1.000 0.000 0.019 0.018 0.683 0.000 -0.727 0.066 0.996 -0.000 0.012 0.089 
-0.681 0.026 -0.055 -0.730 0.757 0.000 -0.648 0.083 0.977 0.000 -0.015 -0.213 0.730 0.000 -0.683 0.014 0.801 0.000 -0.220 -0.558 0.703 -0.000 -0.698 0.137 1.000 0.000 0.019 0.018 0.683 0.000 -0.727 0.066 0.996 -0.000 0.012 0.089 
-0.681 0.026 -0.055 -0.730 0.757 0.000 -0.648 0.083 0.977 0.000 -0.015 -0.213 0.730 0.000 -0.683 0.011 0.801 -0.000 -0.228 -0.554 0.703 0.000 -0.698 0.137 1.000 -0.000 0.019 0.018 0.683 0.000 -0.727 0.066 0.996 0.000 0.012 0.089 
-0.681 0.026 -0.055 -0.730 0.757 0.000 -0.648 0.083 0.977 0.000 -0.015 -0.213 0.730 0.000 -0.684 0.007 0.802 -0.000 -0.234 -0.550 0.703 -0.000 -0.698 0.136 1.000 0.000 0.019 0.018 0.683 0.000 -0.727 0.066 0.996 0.000 0.012 0.089 
-0.680 0.025 -0.055 -0.731 0.757 -0.000 -0.648 0.082 0.977 0.000 -0.014 -0.213 0.730 0.000 -0.684 0.003 0.803 0.000 -0.245 -0.544 0.703 0.000 -0.698 0.136 1.000 -0.000 0.019 0.018 0.683 -0.000 -0.728 0.062 0.996 0.000 0.012 0.091 
-0.680 0.025 -0.055 -0.731 0.757 0.000 -0.649 0.082 0.977 0.000 -0.014 -0.212 0.730 0.000 -0.683 -0.000 0.803 0.000 -0.253 -0.539 0.703 0.000 -0.698 0.136 1.000 0.000 0.019 0.017 0.683 0.000 -0.728 0.063 0.996 0.000 0.012 0.090 
-0.680 0.025 -0.055 -0.731 0.757 0.000 -0.649 0.082 0.977 0.000 -0.014 -0.212 0.730 -0.000 -0.683 -0.003 0.804 0.000 -0.261 -0.535 0.703 0.000 -0.698 0.135 1.000 0.000 0.019 0.018 0.683 0.000 -0.728 0.062 0.996 -0.000 0.012 0.091 
-0.680 0.025 -0.055 -0.731 0.757 0.000 -0.649 0.082 0.977 0.000 -0.014 -0.212 0.730 0.000 -0.683 -0.007 0.804 0.000 -0.269 -0.530 0.703 0.000 -0.698 0.135 1.000 -0.000 0.019 0.018 0.683 0.000 -0.728 0.062 0.996 0.000 0.012 0.090 
-0.680 0.025 -0.055 -0.731 0.757 0.000 -0.649 0.081 0.977 0.000 -0.014 -0.212 0.730 0.000 -0.683 -0.009 0.805 0.000 -0.277 -0.525 0.703 0.000 -0.698 0.135 1.000 0.000 0.019 0.017 0.683 0.000 -0.728 0.062 0.996 0.000 0.012 0.090 
-0.680 0.025 -0.055 -0.731 0.756 -0.000 -0.649 0.082 0.977 0.000 -0.013 -0.213 0.730 0.000 -0.683 -0.013 0.806 -0.000 -0.285 -0.519 0.703 0.000 -0.698 0.135 1.000 0.000 0.019 0.017 0.683 -0.000 -0.728 0.062 0.996 0.000 0.012 0.090 
-0.678 0.025 -0.054 -0.732 0.756 -0.000 -0.650 0.081 0.977 0.000 -0.012 -0.212 0.730 0.000 -0.683 -0.017 0.806 0.000 -0.295 -0.512 0.703 -0.000 -0.699 0.134 1.000 0.000 0.019 0.017 0.682 0.000 -0.729 0.057 0.996 -0.000 0.012 0.093 
-0.679 0.025 -0.054 -0.732 0.756 0.000 -0.650 0.080 0.977 0.000 -0.012 -0.212 0.730 0.000 -0.683 -0.020 0.807 0.000 -0.303 -0.507 0.703 0.000 -0.699 0.134 1.000 0.000 0.019 0.017 0.682 0.000 -0.729 0.056 0.996 0.000 0.012 0.093 
-0.679 0.024 -0.054 -0.732 0.756 0.000 -0.650 0.080 0.977 -0.000 -0.012 -0.212 0.730 0.000 -0.683 -0.022 0.808 0.000 -0.311 -0.501 0.703 -0.000 -0.699 0.133 1.000 0.000 0.019 0.018 0.682 0.000 -0.729 0.056 0.996 -0.000 0.012 0.093 
-0.679 0.024 -0.054 -0.732 0.756 0.000 -0.650 0.080 0.977 0.000 -0.012 -0.212 0.730 0.000 -0.683 -0.025 0.808 -0.000 -0.318 -0.495 0.703 0.000 -0.699 0.133 1.000 0.000 0.019 0.018 0.682 0.000 -0.729 0.056 0.996 0.000 0.012 0.093 
-0.680 0.025 -0.054 -0.730 0.756 0.000 -0.650 0.080 0.977 0.000 -0.013 -0.212 0.730 0.000 -0.683 -0.026 0.809 0.000 -0.324 -0.490 0.703 0.000 -0.698 0.134 1.000 0.000 0.019 0.018 0.683 0.000 -0.728 0.061 0.996 0.000 0.011 0.090 
-0.680 0.024 -0.054 -0.730 0.756 0.000 -0.650 0.080 0.977 0.000 -0.013 -0.212 0.730 -0.000 -0.683 -0.028 0.809 0.000 -0.332 -0.485 0.703 0.000 -0.699 0.133 1.000 0.000 0.019 0.018 0.683 -0.000 -0.728 0.061 0.996 0.000 0.011 0.090 
-0.681 0.024 -0.054 -0.730 0.756 0.000 -0.650 0.079 0.977 0.000 -0.012 -0.212 0.730 0.000 -0.683 -0.030 0.810 0.000 -0.339 -0.479 0.703 -0.000 -0.699 0.133 1.000 0.000 0.019 0.018 0.683 -0.000 -0.728 0.061 0.996 -0.000 0.011 0.090 
-0.680 0.024 -0.054 -0.730 0.756 0.000 -0.650 0.079 0.977 0.000 -0.012 -0.212 0.730 -0.000 -0.683 -0.032 0.810 0.000 -0.346 -0.473 0.703 0.000 -0.699 0.132 1.000 0.000 0.019 0.018 0.683 0.000 -0.728 0.060 0.996 0.000 0.011 0.090 
-0.680 0.024 -0.054 -0.731 0.756 0.000 -0.650 0.079 0.977 0.000 -0.012 -0.212 0.729 0.000 -0.683 -0.034 0.811 0.000 -0.353 -0.468 0.703 0.000 -0.699 0.132 1.000 0.000 0.019 0.018 0.683 0.000 -0.728 0.060 0.996 0.000 0.011 0.090 
-0.680 0.024 -0.054 -0.731 0.756 0.000 -0.650 0.078 0.977 0.000 -0.012 -0.212 0.729 0.000 -0.684 -0.036 0.811 0.000 -0.359 -0.462 0.703 0.000 -0.699 0.132 1.000 0.000 0.019 0.018 0.683 0.000 -0.728 0.060 0.996 -0.000 0.011 0.090 
-0.680 0.024 -0.054 -0.731 0.755 0.000 -0.651 0.078 0.977 0.000 -0.011 -0.213 0.729 -0.000 -0.684 -0.037 0.811 0.000 -0.365 -0.457 0.703 0.000 -0.699 0.132 1.000 0.000 0.019 0.018 0.683 0.000 -0.728 0.059 0.996 -0.000 0.011 0.090 
-0.680 0.024 -0.054 -0.731 0.755 0.000 -0.651 0.078 0.977 0.000 -0.011 -0.212 0.728 0.000 -0.684 -0.040 0.812 0.000 -0.370 -0.451 0.703 0.000 -0.699 0.132 1.000 0.000 0.019 0.018 0.683 0.000 -0.728 0.059 0.996 0.000 0.010 0.090 
-0.678 0.023 -0.053 -0.732 0.755 0.000 -0.651 0.077 0.977 -0.000 -0.009 -0.212 0.728 0.000 -0.685 -0.042 0.812 0.000 -0.377 -0.445 0.703 0.000 -0.699 0.130 1.000 0.000 0.019 0.018 0.682 0.000 -0.729 0.053 0.996 0.000 0.011 0.093 
-0.680 0.024 -0.053 -0.731 0.755 -0.000 -0.651 0.078 0.977 0.000 -0.010 -0.213 0.728 0.000 -0.685 -0.040 0.811 0.000 -0.382 -0.442 0.703 0.000 -0.699 0.131 1.000 0.000 0.019 0.018 0.683 0.000 -0.728 0.058 0.996 0.000 0.010 0.090 
-0.680 0.024 -0.053 -0.731 0.755 -0.000 -0.651 0.076 0.977 0.000 -0.010 -0.212 0.727 0.000 -0.685 -0.042 0.812 0.000 -0.387 -0.438 0.703 0.000 -0.699 0.131 1.000 0.000 0.019 0.018 0.683 0.000 -0.728 0.058 0.996 0.000 0.010 0.091 
-0.680 0.024 -0.053 -0.731 0.755 0.000 -0.651 0.076 0.977 -0.000 -0.010 -0.212 0.727 0.000 -0.685 -0.045 0.813 0.000 -0.391 -0.431 0.703 0.000 -0.699 0.131 1.000 -0.000 0.019 0.018 0.683 0.000 -0.728 0.058 0.996 0.000 0.010 0.091 
-0.680 0.024 -0.053 -0.731 0.755 0.000 -0.651 0.076 0.977 0.000 -0.009 -0.212 0.727 0.000 -0.685 -0.046 0.814 -0.000 -0.395 -0.426 0.703 0.000 -0.699 0.131 1.000 0.000 0.019 0.018 0.683 -0.000 -0.728 0.058 0.996 0.000 0.010 0.091 
-0.680 0.023 -0.053 -0.731 0.755 -0.000 -0.651 0.075 0.977 0.000 -0.009 -0.212 0.727 0.000 -0.685 -0.048 0.814 0.000 -0.400 -0.422 0.703 0.000 -0.699 0.130 1.000 -0.000 0.019 0.018 0.683 0.000 -0.728 0.058 0.996 0.000 0.010 0.091 
-0.680 0.023 -0.053 -0.731 0.755 0.000 -0.652 0.076 0.977 0.000 -0.008 -0.213 0.727 0.000 -0.684 -0.049 0.814 0.000 -0.403 -0.419 0.703 0.000 -0.699 0.130 1.000 0.000 0.020 0.018 0.683 0.000 -0.728 0.057 0.996 0.000 0.010 0.091 
-0.680 0.023 -0.053 -0.731 0.755 0.000 -0.651 0.075 0.977 0.000 -0.009 -0.212 0.728 0.000 -0.684 -0.051 0.814 0.000 -0.407 -0.414 0.703 0.000 -0.699 0.130 1.000 0.000 0.020 0.018 0.683 0.000 -0.728 0.057 0.996 0.000 0.009 0.091 
-0.680 0.023 -0.053 -0.731 0.755 0.000 -0.652 0.075 0.977 -0.000 -0.008 -0.212 0.728 0.000 -0.684 -0.053 0.815 0.000 -0.411 -0.409 0.703 0.000 -0.699 0.130 1.000 0.000 0.019 0.018 0.683 0.000 -0.728 0.057 0.996 0.000 0.010 0.091 
-0.680 0.023 -0.053 -0.731 0.755 0.000 -0.652 0.075 0.977 0.000 -0.009 -0.212 0.728 0.000 -0.683 -0.055 0.815 0.000 -0.415 -0.405 0.703 0.000 -0.699 0.130 1.000 -0.000 0.020 0.018 0.683 0.000 -0.728 0.057 0.996 -0.000 0.009 0.091 
-0.680 0.023 -0.053 -0.731 0.755 0.000 -0.652 0.075 0.977 0.000 -0.008 -0.212 0.729 0.000 -0.683 -0.057 0.816 0.000 -0.418 -0.401 0.703 0.000 -0.699 0.130 1.000 0.000 0.020 0.018 0.683 0.000 -0.728 0.057 0.996 0.000 0.009 0.090 
-0.680 0.023 -0.053 -0.730 0.755 0.000 -0.652 0.075 0.977 0.000 -0.009 -0.212 0.729 0.000 -0.682 -0.059 0.816 0.000 -0.420 -0.397 0.703 0.000 -0.699 0.129 1.000 0.000 0.020 0.018 0.683 0.000 -0.728 0.057 0.996 0.000 0.009 0.091 
-0.681 0.023 -0.053 -0.730 0.755 0.000 -0.652 0.075 0.977 0.000 -0.009 -0.213 0.729 0.000 -0.682 -0.061 0.816 0.000 -0.423 -0.393 0.703 0.000 -0.699 0.130 1.000 0.000 0.019 0.018 0.683 0.000 -0.728 0.057 0.996 0.000 0.009 0.090 
-0.681 0.024 -0.053 -0.730 0.755 0.000 -0.652 0.075 0.977 0.000 -0.009 -0.213 0.730 0.000 -0.681 -0.063 0.817 0.000 -0.426 -0.389 0.703 0.000 -0.699 0.129 1.000 0.000 0.019 0.018 0.684 0.000 -0.728 0.057 0.996 0.000 0.009 0.091 
-0.681 0.024 -0.053 -0.730 0.755 -0.000 -0.652 0.075 0.977 0.000 -0.009 -0.213 0.730 -0.000 -0.680 -0.065 0.817 0.000 -0.428 -0.386 0.703 0.000 -0.699 0.129 1.000 0.000 0.019 0.018 0.684 0.000 -0.728 0.057 0.996 0.000 0.010 0.091 
-0.681 0.024 -0.053 -0.730 0.755 -0.000 -0.652 0.074 0.977 0.000 -0.009 -0.213 0.730 0.000 -0.680 -0.067 0.817 0.000 -0.431 -0.382 0.703 0.000 -0.699 0.129 1.000 0.000 0.019 0.018 0.684 0.000 -0.728 0.057 0.996 -0.000 0.009 0.091 
-0.681 0.024 -0.053 -0.730 0.755 -0.000 -0.652 0.074 0.977 0.000 -0.009 -0.213 0.731 0.000 -0.679 -0.068 0.818 0.000 -0.433 -0.379 0.703 0.000 -0.699 0.129 1.000 0.000 0.019 0.018 0.684 0.000 -0.728 0.057 0.996 0.000 0.010 0.091 
-0.681 0.024 -0.053 -0.730 0.754 0.000 -0.652 0.074 0.977 0.000 -0.009 -0.213 0.731 0.000 -0.678 -0.070 0.818 0.000 -0.435 -0.376 0.703 0.000 -0.699 0.129 1.000 0.000 0.019 0.018 0.684 -0.000 -0.728 0.057 0.996 0.000 0.010 0.091 
-0.681 0.024 -0.053 -0.730 0.754 0.000 -0.652 0.074 0.977 0.000 -0.009 -0.213 0.732 0.000 -0.678 -0.071 0.819 0.000 -0.438 -0.372 0.703 0.000 -0.699 0.129 1.000 0.000 0.019 0.018 0.684 0.000 -0.728 0.057 0.996 0.000 0.010 0.091 
-0.681 0.024 -0.053 -0.730 0.754 0.000 -0.652 0.074 0.977 0.000 -0.009 -0.212 0.732 0.000 -0.677 -0.072 0.819 -0.000 -0.440 -0.369 0.703 0.000 -0.699 0.129 1.000 0.000 0.018 0.018 0.684 0.000 -0.728 0.057 0.996 0.000 0.010 0.091 
-0.681 0.024 -0.053 -0.730 0.754 0.000 -0.652 0.074 0.977 0.000 -0.009 -0.212 0.732 -0.000 -0.677 -0.073 0.819 0.000 -0.442 -0.366 0.703 0.000 -0.699 0.129 1.000 0.000 0.018 0.018 0.684 0.000 -0.728 0.057 0.996 0.000 0.010 0.091 
-0.682 0.024 -0.053 -0.729 0.755 0.000 -0.652 0.073 0.977 0.000 -0.009 -0.211 0.733 0.000 -0.676 -0.074 0.819 -0.000 -0.444 -0.363 0.703 0.000 -0.699 0.129 1.000 0.000 0.018 0.018 0.684 0.000 -0.728 0.057 0.996 0.000 0.010 0.091 
-0.682 0.024 -0.053 -0.729 0.755 0.000 -0.652 0.073 0.977 0.000 -0.009 -0.211 0.733 0.000 -0.676 -0.075 0.819 0.000 -0.446 -0.360 0.703 0.000 -0.699 0.129 1.000 0.000 0.018 0.018 0.684 0.000 -0.728 0.057 0.996 -0.000 0.010 0.091 
-0.682 0.024 -0.053 -0.729 0.754 0.000 -0.652 0.073 0.978 0.000 -0.009 -0.211 0.733 0.000 -0.676 -0.075 0.820 0.000 -0.448 -0.358 0.703 0.000 -0.699 0.129 1.000 -0.000 0.018 0.018 0.684 0.000 -0.728 0.057 0.996 0.000 0.010 0.091 
-0.682 0.024 -0.053 -0.729 0.754 0.000 -0.652 0.072 0.978 -0.000 -0.009 -0.211 0.734 0.000 -0.675 -0.076 0.820 0.000 -0.449 -0.355 0.703 -0.000 -0.699 0.129 1.000 0.000 0.018 0.018 0.684 -0.000 -0.728 0.057 0.996 -0.000 0.010 0.091 
-0.682 0.024 -0.053 -0.729 0.754 0.000 -0.652 0.072 0.978 0.000 -0.008 -0.210 0.734 -0.000 -0.675 -0.076 0.820 0.000 -0.451 -0.353 0.703 0.000 -0.699 0.129 1.000 0.000 0.018 0.018 0.684 0.000 -0.728 0.057 0.996 0.000 0.010 0.091 
-0.682 0.024 -0.053 -0.729 0.754 0.000 -0.652 0.072 0.978 0.000 -0.008 -0.210 0.734 0.000 -0.675 -0.076 0.820 0.000 -0.452 -0.351 0.703 0.000 -0.699 0.129 1.000 0.000 0.018 0.018 0.684 0.000 -0.728 0.057 0.996 0.000 0.010 0.092 
-0.682 0.024 -0.053 -0.729 0.754 -0.000 -0.653 0.072 0.978 0.000 -0.008 -0.210 0.734 0.000 -0.675 -0.077 0.820 0.000 -0.453 -0.350 0.703 0.000 -0.699 0.129 1.000 0.000 0.018 0.018 0.684 -0.000 -0.728 0.057 0.996 0.000 0.010 0.092 
-0.682 0.024 -0.053 -0.729 0.754 0.000 -0.653 0.072 0.978 0.000 -0.008 -0.210 0.734 0.000 -0.674 -0.077 0.821 0.000 -0.453 -0.348 0.703 0.000 -0.699 0.129 1.000 0.000 0.018 0.018 0.684 0.000 -0.728 0.057 0.996 0.000 0.010 0.092 
-0.682 0.024 -0.053 -0.729 0.754 0.000 -0.653 0.072 0.978 0.000 -0.008 -0.210 0.734 0.000 -0.674 -0.077 0.821 0.000 -0.453 -0.348 0.703 0.000 -0.699 0.129 1.000 0.000 0.018 0.018 0.684 0.000 -0.728 0.057 0.996 0.000 0.010 0.092 
-0.682 0.024 -0.053 -0.729 0.754 0.000 -0.653 0.071 0.978 -0.000 -0.008 -0.210 0.735 0.000 -0.674 -0.077 0.821 0.000 -0.454 -0.347 0.703 0.000 -0.699 0.129 1.000 0.000 0.018 0.018 0.684 0.000 -0.728 0.056 0.996 0.000 0.009 0.092 
-0.682 0.024 -0.053 -0.729 0.754 0.000 -0.653 0.072 0.978 0.000 -0.007 -0.210 0.735 0.000 -0.674 -0.078 0.821 0.000 -0.454 -0.347 0.703 0.000 -0.699 0.129 1.000 0.000 0.018 0.018 0.684 -0.000 -0.727 0.057 0.996 0.000 0.009 0.092 
-0.682 0.024 -0.053 -0.729 0.754 0.000 -0.653 0.072 0.978 -0.000 -0.007 -0.210 0.735 0.000 -0.674 -0.078 0.821 0.000 -0.454 -0.347 0.703 0.000 -0.699 0.129 1.000 -0.000 0.018 0.018 0.684 0.000 -0.727 0.056 0.996 0.000 0.009 0.092 
-0.682 0.024 -0.053 -0.729 0.754 0.000 -0.653 0.072 0.978 -0.000 -0.007 -0.210 0.735 0.000 -0.674 -0.078 0.821 0.000 -0.453 -0.348 0.703 0.000 -0.700 0.129 1.000 0.000 0.018 0.018 0.684 0.000 -0.727 0.056 0.996 0.000 0.009 0.092 
-0.682 0.024 -0.053 -0.729 0.754 -0.000 -0.653 0.072 0.978 0.000 -0.007 -0.210 0.735 0.000 -0.674 -0.078 0.821 0.000 -0.453 -0.349 0.703 0.000 -0.700 0.129 1.000 0.000 0.018 0.018 0.684 0.000 -0.727 0.056 0.996 0.000 0.009 0.092 
-0.682 0.024 -0.053 -0.729 0.754 0.000 -0.653 0.072 0.978 -0.000 -0.007 -0.210 0.735 0.000 -0.674 -0.078 0.820 0.000 -0.452 -0.350 0.703 0.000 -0.699 0.129 1.000 0.000 0.018 0.018 0.684 0.000 -0.727 0.056 0.996 0.000 0.009 0.092 
