# T   LUA LFA RUA RFA LT  LS  RT  RS  
-0.662 0.014 -0.043 -0.748 0.996 0.000 -0.030 -0.082 0.971 0.000 0.168 -0.168 0.998 -0.000 -0.015 -0.055 0.983 0.000 0.099 -0.154 0.637 0.000 -0.766 0.086 0.993 0.000 0.103 0.052 0.613 0.000 -0.789 0.051 0.992 0.000 0.110 0.055 
-0.662 0.014 -0.043 -0.748 0.995 0.000 -0.034 -0.089 0.970 0.000 0.169 -0.172 0.998 -0.000 -0.017 -0.062 0.983 0.000 0.098 -0.154 0.637 0.000 -0.766 0.086 0.993 0.000 0.103 0.051 0.613 0.000 -0.789 0.052 0.992 0.000 0.110 0.055 
-0.662 0.014 -0.044 -0.748 0.995 0.000 -0.038 -0.097 0.970 0.000 0.172 -0.174 0.998 -0.000 -0.020 -0.066 0.983 0.000 0.099 -0.155 0.637 -0.000 -0.766 0.087 0.993 0.000 0.103 0.051 0.613 0.000 -0.788 0.052 0.992 0.000 0.110 0.055 
-0.663 0.015 -0.044 -0.747 0.994 0.000 -0.042 -0.105 0.969 0.000 0.175 -0.177 0.997 0.000 -0.023 -0.070 0.983 0.000 0.099 -0.157 0.637 0.000 -0.766 0.087 0.993 0.000 0.103 0.051 0.613 0.000 -0.788 0.053 0.992 0.000 0.110 0.055 
-0.663 0.015 -0.044 -0.747 0.993 -0.000 -0.046 -0.111 0.968 0.000 0.175 -0.182 0.997 0.000 -0.026 -0.075 0.983 0.000 0.099 -0.157 0.637 0.000 -0.766 0.088 0.993 -0.000 0.103 0.051 0.613 0.000 -0.788 0.054 0.992 0.000 0.110 0.055 
-0.664 0.015 -0.044 -0.747 0.992 0.000 -0.051 -0.119 0.967 0.000 0.177 -0.184 0.996 0.000 -0.030 -0.078 0.982 0.000 0.100 -0.159 0.636 0.000 -0.766 0.088 0.993 0.000 0.103 0.051 0.613 0.000 -0.788 0.054 0.992 0.000 0.110 0.054 
-0.664 0.016 -0.045 -0.746 0.990 0.000 -0.057 -0.128 0.966 0.000 0.178 -0.187 0.996 0.000 -0.034 -0.083 0.982 0.000 0.100 -0.160 0.636 0.000 -0.766 0.089 0.993 0.000 0.103 0.050 0.613 0.000 -0.788 0.055 0.992 0.000 0.110 0.054 
-0.665 0.016 -0.045 -0.745 0.989 -0.000 -0.062 -0.137 0.966 0.000 0.179 -0.188 0.995 0.000 -0.037 -0.088 0.982 0.000 0.099 -0.160 0.636 0.000 -0.766 0.090 0.993 0.000 0.104 0.050 0.613 0.000 -0.788 0.057 0.992 -0.000 0.110 0.054 
-0.666 0.016 -0.046 -0.745 0.987 0.000 -0.066 -0.145 0.965 0.000 0.179 -0.190 0.995 0.000 -0.042 -0.092 0.982 0.000 0.099 -0.160 0.637 0.000 -0.766 0.090 0.993 0.000 0.103 0.050 0.613 0.000 -0.788 0.058 0.992 -0.000 0.110 0.054 
-0.667 0.016 -0.046 -0.744 0.986 -0.000 -0.072 -0.153 0.965 -0.000 0.180 -0.192 0.994 0.000 -0.047 -0.094 0.982 -0.000 0.100 -0.163 0.637 0.000 -0.766 0.090 0.993 0.000 0.104 0.050 0.613 0.000 -0.788 0.058 0.992 0.000 0.110 0.054 
-0.667 0.017 -0.046 -0.743 0.984 -0.000 -0.077 -0.162 0.965 0.000 0.179 -0.193 0.994 0.000 -0.051 -0.098 0.982 -0.000 0.100 -0.162 0.637 -0.000 -0.766 0.091 0.993 0.000 0.104 0.050 0.613 0.000 -0.788 0.059 0.993 0.000 0.110 0.054 
-0.668 0.018 -0.046 -0.742 0.982 -0.000 -0.083 -0.170 0.964 0.000 0.179 -0.195 0.993 -0.000 -0.055 -0.103 0.982 0.000 0.098 -0.162 0.636 0.000 -0.766 0.092 0.993 0.000 0.104 0.050 0.614 -0.000 -0.787 0.060 0.993 0.000 0.110 0.053 
-0.669 0.018 -0.046 -0.742 0.980 0.000 -0.089 -0.179 0.964 0.000 0.179 -0.195 0.992 -0.000 -0.060 -0.108 0.982 -0.000 0.098 -0.161 0.636 0.000 -0.766 0.092 0.993 -0.000 0.104 0.049 0.614 0.000 -0.787 0.061 0.993 0.000 0.110 0.053 
-0.670 0.018 -0.047 -0.741 0.978 0.000 -0.095 -0.186 0.964 -0.000 0.178 -0.196 0.992 0.000 -0.065 -0.111 0.982 0.000 0.097 -0.161 0.636 0.000 -0.766 0.092 0.993 0.000 0.104 0.049 0.614 0.000 -0.787 0.061 0.992 0.000 0.110 0.054 
-0.670 0.018 -0.047 -0.740 0.976 0.000 -0.101 -0.194 0.964 -0.000 0.177 -0.197 0.991 0.000 -0.069 -0.115 0.982 0.000 0.096 -0.160 0.636 0.000 -0.766 0.093 0.993 0.000 0.104 0.049 0.614 0.000 -0.787 0.061 0.992 0.000 0.110 0.054 
-0.671 0.019 -0.047 -0.739 0.973 0.000 -0.108 -0.202 0.964 0.000 0.177 -0.196 0.990 0.000 -0.074 -0.117 0.982 -0.000 0.095 -0.161 0.636 -0.000 -0.766 0.093 0.993 0.000 0.104 0.049 0.614 0.000 -0.787 0.062 0.992 -0.000 0.110 0.054 
-0.672 0.019 -0.047 -0.739 0.971 0.000 -0.114 -0.209 0.965 0.000 0.176 -0.196 0.989 0.000 -0.080 -0.121 0.982 0.000 0.095 -0.161 0.636 0.000 -0.766 0.093 0.993 -0.000 0.104 0.049 0.614 0.000 -0.787 0.062 0.992 0.000 0.110 0.054 
-0.673 0.019 -0.047 -0.738 0.969 0.000 -0.121 -0.216 0.965 0.000 0.175 -0.196 0.989 0.000 -0.085 -0.124 0.982 -0.000 0.095 -0.161 0.636 0.000 -0.766 0.093 0.993 0.000 0.104 0.049 0.614 -0.000 -0.787 0.062 0.992 0.000 0.110 0.054 
-0.674 0.019 -0.047 -0.737 0.967 -0.000 -0.128 -0.222 0.965 -0.000 0.174 -0.195 0.988 0.000 -0.091 -0.127 0.982 0.000 0.094 -0.162 0.636 0.000 -0.766 0.093 0.993 0.000 0.104 0.049 0.614 -0.000 -0.787 0.063 0.992 0.000 0.111 0.053 
-0.674 0.019 -0.047 -0.737 0.964 0.000 -0.134 -0.229 0.965 0.000 0.173 -0.195 0.987 0.000 -0.098 -0.130 0.982 0.000 0.094 -0.161 0.637 0.000 -0.766 0.093 0.993 0.000 0.104 0.049 0.613 0.000 -0.787 0.063 0.992 0.000 0.110 0.054 
-0.675 0.019 -0.047 -0.736 0.962 0.000 -0.141 -0.235 0.966 0.000 0.172 -0.194 0.986 0.000 -0.104 -0.133 0.982 0.000 0.096 -0.161 0.637 0.000 -0.766 0.093 0.993 -0.000 0.104 0.049 0.613 0.000 -0.787 0.063 0.992 0.000 0.111 0.054 
-0.675 0.020 -0.047 -0.736 0.959 0.000 -0.148 -0.240 0.966 0.000 0.171 -0.193 0.985 0.000 -0.110 -0.136 0.983 -0.000 0.095 -0.160 0.636 0.000 -0.766 0.094 0.993 0.000 0.104 0.048 0.614 0.000 -0.787 0.064 0.992 0.000 0.111 0.053 
-0.675 0.020 -0.047 -0.736 0.957 0.000 -0.155 -0.246 0.967 0.000 0.170 -0.191 0.984 0.000 -0.117 -0.135 0.981 0.000 0.095 -0.167 0.636 0.000 -0.766 0.094 0.993 0.000 0.104 0.048 0.614 0.000 -0.787 0.064 0.992 0.000 0.111 0.053 
-0.676 0.020 -0.047 -0.735 0.954 0.000 -0.162 -0.251 0.967 0.000 0.169 -0.190 0.982 0.000 -0.124 -0.139 0.982 0.000 0.096 -0.163 0.636 0.000 -0.766 0.094 0.993 0.000 0.104 0.048 0.614 0.000 -0.787 0.064 0.992 0.000 0.111 0.053 
-0.676 0.020 -0.047 -0.735 0.952 0.000 -0.169 -0.256 0.968 -0.000 0.168 -0.188 0.981 0.000 -0.130 -0.141 0.982 0.000 0.094 -0.166 0.636 0.000 -0.766 0.094 0.993 0.000 0.104 0.048 0.614 -0.000 -0.787 0.064 0.992 0.000 0.111 0.054 
-0.677 0.020 -0.048 -0.735 0.949 0.000 -0.176 -0.261 0.968 0.000 0.166 -0.187 0.980 0.000 -0.138 -0.143 0.982 0.000 0.095 -0.163 0.636 0.000 -0.766 0.094 0.993 0.000 0.104 0.047 0.614 0.000 -0.786 0.065 0.993 0.000 0.110 0.053 
-0.676 0.020 -0.048 -0.735 0.947 0.000 -0.182 -0.265 0.969 0.000 0.166 -0.185 0.979 0.000 -0.144 -0.147 0.982 -0.000 0.095 -0.162 0.637 0.000 -0.765 0.094 0.993 -0.000 0.103 0.048 0.613 0.000 -0.787 0.064 0.992 0.000 0.111 0.054 
-0.676 0.020 -0.048 -0.735 0.945 0.000 -0.190 -0.268 0.969 0.000 0.166 -0.184 0.977 0.000 -0.152 -0.149 0.982 0.000 0.097 -0.162 0.636 0.000 -0.766 0.094 0.993 0.000 0.104 0.047 0.614 0.000 -0.787 0.064 0.992 0.000 0.111 0.054 
-0.676 0.020 -0.048 -0.735 0.942 0.000 -0.196 -0.271 0.969 -0.000 0.165 -0.184 0.976 -0.000 -0.158 -0.151 0.982 0.000 0.095 -0.163 0.637 0.000 -0.765 0.094 0.993 0.000 0.103 0.048 0.613 0.000 -0.787 0.064 0.992 0.000 0.111 0.054 
-0.676 0.021 -0.048 -0.735 0.940 0.000 -0.204 -0.272 0.969 0.000 0.165 -0.183 0.974 -0.000 -0.165 -0.154 0.982 0.000 0.096 -0.160 0.636 0.000 -0.766 0.095 0.993 0.000 0.104 0.048 0.614 0.000 -0.787 0.064 0.992 -0.000 0.111 0.054 
-0.676 0.021 -0.048 -0.735 0.938 0.000 -0.212 -0.274 0.969 0.000 0.165 -0.184 0.973 0.000 -0.172 -0.156 0.982 0.000 0.095 -0.160 0.636 0.000 -0.766 0.095 0.993 0.000 0.104 0.048 0.614 0.000 -0.786 0.065 0.992 0.000 0.110 0.054 
-0.675 0.020 -0.048 -0.736 0.936 0.000 -0.219 -0.275 0.969 0.000 0.165 -0.184 0.971 -0.000 -0.180 -0.156 0.982 0.000 0.097 -0.162 0.636 0.000 -0.766 0.094 0.993 -0.000 0.104 0.048 0.614 0.000 -0.787 0.063 0.992 0.000 0.111 0.055 
-0.675 0.020 -0.048 -0.736 0.934 0.000 -0.226 -0.275 0.969 0.000 0.165 -0.184 0.970 0.000 -0.187 -0.158 0.982 0.000 0.097 -0.162 0.636 0.000 -0.766 0.094 0.993 0.000 0.104 0.048 0.614 0.000 -0.787 0.063 0.992 0.000 0.111 0.055 
-0.675 0.020 -0.048 -0.736 0.933 0.000 -0.233 -0.276 0.969 0.000 0.165 -0.185 0.968 0.000 -0.194 -0.156 0.981 0.000 0.096 -0.167 0.636 0.000 -0.766 0.093 0.993 0.000 0.103 0.048 0.614 0.000 -0.787 0.062 0.992 0.000 0.111 0.055 
-0.674 0.020 -0.047 -0.737 0.931 0.000 -0.240 -0.275 0.969 -0.000 0.164 -0.185 0.967 0.000 -0.201 -0.159 0.982 0.000 0.095 -0.164 0.636 0.000 -0.766 0.093 0.993 0.000 0.103 0.048 0.614 0.000 -0.787 0.061 0.992 0.000 0.112 0.056 
-0.674 0.019 -0.048 -0.737 0.930 0.000 -0.246 -0.275 0.969 -0.000 0.163 -0.186 0.965 0.000 -0.208 -0.159 0.982 0.000 0.095 -0.166 0.637 0.000 -0.766 0.092 0.993 -0.000 0.103 0.049 0.613 0.000 -0.788 0.061 0.992 0.000 0.112 0.056 
-0.673 0.019 -0.048 -0.738 0.928 0.000 -0.252 -0.274 0.969 0.000 0.162 -0.186 0.964 0.000 -0.214 -0.160 0.982 0.000 0.093 -0.164 0.637 0.000 -0.766 0.092 0.993 0.000 0.103 0.049 0.613 0.000 -0.788 0.060 0.992 -0.000 0.112 0.056 
-0.673 0.020 -0.048 -0.738 0.927 0.000 -0.259 -0.272 0.969 0.000 0.160 -0.187 0.962 0.000 -0.220 -0.161 0.982 0.000 0.091 -0.164 0.637 0.000 -0.766 0.093 0.993 0.000 0.103 0.049 0.613 0.000 -0.788 0.061 0.992 -0.000 0.112 0.056 
-0.672 0.020 -0.047 -0.739 0.925 0.000 -0.266 -0.270 0.969 0.000 0.159 -0.187 0.961 0.000 -0.226 -0.161 0.982 0.000 0.091 -0.165 0.636 0.000 -0.766 0.093 0.993 0.000 0.103 0.048 0.614 -0.000 -0.787 0.060 0.992 0.000 0.112 0.056 
-0.672 0.019 -0.047 -0.739 0.924 0.000 -0.272 -0.268 0.969 -0.000 0.158 -0.188 0.959 0.000 -0.234 -0.160 0.982 0.000 0.091 -0.167 0.636 0.000 -0.766 0.092 0.993 0.000 0.103 0.049 0.613 0.000 -0.787 0.059 0.992 0.000 0.112 0.056 
-0.671 0.019 -0.046 -0.740 0.923 0.000 -0.278 -0.265 0.969 0.000 0.157 -0.189 0.958 -0.000 -0.241 -0.158 0.982 0.000 0.091 -0.168 0.636 0.000 -0.766 0.091 0.993 0.000 0.103 0.049 0.613 0.000 -0.788 0.058 0.992 0.000 0.112 0.056 
-0.670 0.019 -0.046 -0.740 0.922 0.000 -0.284 -0.262 0.969 0.000 0.156 -0.189 0.956 0.000 -0.248 -0.156 0.981 0.000 0.090 -0.169 0.636 -0.000 -0.766 0.091 0.993 0.000 0.103 0.049 0.614 0.000 -0.788 0.057 0.992 0.000 0.111 0.056 
-0.670 0.018 -0.046 -0.741 0.921 0.000 -0.290 -0.259 0.970 0.000 0.155 -0.190 0.955 0.000 -0.254 -0.155 0.981 0.000 0.090 -0.169 0.636 0.000 -0.766 0.090 0.993 0.000 0.103 0.050 0.613 0.000 -0.788 0.057 0.992 0.000 0.112 0.056 
-0.669 0.018 -0.046 -0.741 0.920 0.000 -0.296 -0.256 0.970 -0.000 0.154 -0.190 0.953 0.000 -0.261 -0.153 0.981 0.000 0.089 -0.171 0.637 0.000 -0.766 0.089 0.993 0.000 0.103 0.050 0.613 0.000 -0.788 0.055 0.992 0.000 0.112 0.057 
-0.669 0.017 -0.046 -0.742 0.919 0.000 -0.302 -0.252 0.970 0.000 0.153 -0.191 0.952 0.000 -0.267 -0.151 0.981 0.000 0.088 -0.171 0.637 -0.000 -0.766 0.088 0.993 0.000 0.103 0.050 0.613 0.000 -0.788 0.054 0.992 0.000 0.111 0.057 
-0.668 0.017 -0.046 -0.743 0.919 0.000 -0.308 -0.247 0.970 0.000 0.151 -0.191 0.950 0.000 -0.274 -0.149 0.981 0.000 0.088 -0.171 0.637 0.000 -0.766 0.088 0.993 0.000 0.102 0.050 0.613 0.000 -0.788 0.054 0.992 0.000 0.111 0.056 
-0.667 0.017 -0.046 -0.743 0.918 0.000 -0.314 -0.243 0.970 0.000 0.150 -0.190 0.949 0.000 -0.280 -0.147 0.982 0.000 0.087 -0.168 0.637 0.000 -0.766 0.088 0.993 0.000 0.102 0.050 0.613 0.000 -0.788 0.053 0.992 -0.000 0.111 0.057 
-0.667 0.017 -0.045 -0.744 0.917 -0.000 -0.320 -0.239 0.970 0.000 0.149 -0.190 0.947 0.000 -0.286 -0.144 0.982 -0.000 0.086 -0.168 0.637 0.000 -0.766 0.087 0.993 0.000 0.102 0.050 0.613 0.000 -0.788 0.053 0.992 -0.000 0.111 0.057 
-0.666 0.017 -0.045 -0.744 0.916 0.000 -0.326 -0.234 0.971 0.000 0.148 -0.189 0.946 0.000 -0.291 -0.141 0.982 0.000 0.084 -0.169 0.636 0.000 -0.767 0.088 0.993 0.000 0.103 0.050 0.613 0.000 -0.788 0.052 0.992 0.000 0.111 0.057 
-0.666 0.017 -0.045 -0.745 0.915 0.000 -0.331 -0.229 0.971 0.000 0.146 -0.189 0.945 0.000 -0.296 -0.139 0.983 0.000 0.083 -0.166 0.636 0.000 -0.767 0.088 0.993 0.000 0.103 0.050 0.613 0.000 -0.788 0.052 0.992 0.000 0.111 0.057 
-0.665 0.017 -0.045 -0.745 0.915 -0.000 -0.337 -0.224 0.971 0.000 0.145 -0.187 0.944 0.000 -0.301 -0.136 0.983 0.000 0.082 -0.167 0.636 -0.000 -0.767 0.087 0.993 -0.000 0.103 0.050 0.613 0.000 -0.788 0.052 0.992 0.000 0.111 0.057 
-0.664 0.016 -0.045 -0.746 0.914 0.000 -0.342 -0.218 0.972 0.000 0.144 -0.186 0.943 0.000 -0.306 -0.132 0.983 0.000 0.082 -0.166 0.636 0.000 -0.767 0.087 0.993 0.000 0.102 0.050 0.613 0.000 -0.788 0.051 0.992 0.000 0.111 0.057 
-0.664 0.016 -0.044 -0.746 0.913 0.000 -0.347 -0.213 0.972 -0.000 0.142 -0.185 0.942 0.000 -0.312 -0.126 0.982 0.000 0.080 -0.169 0.636 -0.000 -0.767 0.086 0.993 0.000 0.102 0.050 0.613 0.000 -0.788 0.050 0.992 0.000 0.111 0.057 
-0.664 0.016 -0.044 -0.747 0.913 0.000 -0.352 -0.207 0.973 0.000 0.141 -0.184 0.941 0.000 -0.317 -0.122 0.983 0.000 0.080 -0.168 0.636 0.000 -0.767 0.085 0.993 0.000 0.102 0.051 0.613 0.000 -0.788 0.048 0.992 0.000 0.111 0.058 
-0.663 0.015 -0.044 -0.747 0.912 -0.000 -0.356 -0.201 0.973 -0.000 0.139 -0.183 0.939 -0.000 -0.322 -0.117 0.983 0.000 0.079 -0.166 0.636 0.000 -0.767 0.084 0.993 0.000 0.102 0.051 0.613 -0.000 -0.789 0.048 0.992 0.000 0.111 0.058 
-0.663 0.015 -0.044 -0.747 0.912 -0.000 -0.361 -0.195 0.974 0.000 0.138 -0.182 0.939 0.000 -0.326 -0.114 0.984 0.000 0.078 -0.163 0.636 -0.000 -0.767 0.084 0.993 0.000 0.102 0.051 0.613 -0.000 -0.789 0.047 0.992 0.000 0.111 0.058 
-0.663 0.015 -0.044 -0.747 0.911 0.000 -0.366 -0.188 0.974 0.000 0.136 -0.180 0.938 0.000 -0.330 -0.110 0.984 0.000 0.077 -0.162 0.636 -0.000 -0.767 0.084 0.993 0.000 0.102 0.051 0.613 0.000 -0.789 0.047 0.992 0.000 0.111 0.058 
-0.663 0.014 -0.043 -0.748 0.911 0.000 -0.370 -0.182 0.975 0.000 0.135 -0.178 0.937 0.000 -0.333 -0.105 0.984 -0.000 0.075 -0.160 0.636 0.000 -0.767 0.083 0.994 0.000 0.102 0.051 0.613 0.000 -0.789 0.046 0.992 0.000 0.111 0.057 
-0.662 0.014 -0.042 -0.748 0.910 0.000 -0.375 -0.175 0.975 -0.000 0.133 -0.177 0.936 -0.000 -0.336 -0.100 0.985 -0.000 0.074 -0.158 0.636 0.000 -0.767 0.082 0.993 0.000 0.102 0.051 0.613 0.000 -0.789 0.045 0.992 0.000 0.112 0.058 
-0.662 0.014 -0.042 -0.748 0.910 0.000 -0.379 -0.168 0.976 -0.000 0.132 -0.175 0.936 0.000 -0.339 -0.095 0.985 -0.000 0.073 -0.156 0.635 0.000 -0.768 0.082 0.993 0.000 0.102 0.051 0.613 0.000 -0.789 0.044 0.992 0.000 0.112 0.058 
-0.662 0.014 -0.041 -0.748 0.909 0.000 -0.383 -0.161 0.976 -0.000 0.131 -0.173 0.936 0.000 -0.341 -0.089 0.985 0.000 0.071 -0.155 0.635 -0.000 -0.768 0.081 0.993 -0.000 0.102 0.051 0.613 0.000 -0.789 0.043 0.992 0.000 0.111 0.058 
-0.662 0.013 -0.041 -0.748 0.909 0.000 -0.386 -0.154 0.976 -0.000 0.130 -0.173 0.935 -0.000 -0.344 -0.084 0.986 0.000 0.070 -0.153 0.636 -0.000 -0.768 0.079 0.994 -0.000 0.101 0.052 0.613 0.000 -0.789 0.041 0.992 0.000 0.111 0.058 
-0.662 0.014 -0.041 -0.748 0.909 0.000 -0.390 -0.146 0.977 0.000 0.128 -0.171 0.935 0.000 -0.344 -0.081 0.987 0.000 0.067 -0.149 0.635 0.000 -0.768 0.079 0.994 0.000 0.102 0.051 0.613 0.000 -0.789 0.041 0.992 0.000 0.112 0.058 
-0.662 0.013 -0.040 -0.748 0.909 -0.000 -0.393 -0.139 0.977 0.000 0.128 -0.171 0.935 0.000 -0.346 -0.075 0.987 0.000 0.065 -0.147 0.636 0.000 -0.768 0.078 0.994 -0.000 0.101 0.051 0.613 0.000 -0.789 0.040 0.992 0.000 0.111 0.058 
-0.662 0.012 -0.040 -0.748 0.909 0.000 -0.396 -0.131 0.977 0.000 0.127 -0.170 0.935 0.000 -0.347 -0.070 0.987 0.000 0.063 -0.146 0.636 0.000 -0.768 0.077 0.994 0.000 0.101 0.051 0.613 0.000 -0.789 0.039 0.992 0.000 0.111 0.058 
-0.662 0.011 -0.039 -0.748 0.909 0.000 -0.399 -0.123 0.977 0.000 0.127 -0.170 0.935 0.000 -0.349 -0.063 0.987 0.000 0.062 -0.147 0.636 0.000 -0.768 0.075 0.994 0.000 0.101 0.052 0.613 -0.000 -0.789 0.037 0.992 0.000 0.111 0.059 
-0.662 0.011 -0.039 -0.748 0.909 -0.000 -0.402 -0.114 0.977 -0.000 0.126 -0.170 0.935 0.000 -0.349 -0.058 0.987 0.000 0.061 -0.146 0.636 -0.000 -0.768 0.074 0.994 0.000 0.101 0.052 0.613 -0.000 -0.789 0.036 0.992 0.000 0.111 0.059 
-0.662 0.011 -0.038 -0.749 0.908 0.000 -0.404 -0.106 0.977 0.000 0.126 -0.169 0.935 0.000 -0.350 -0.053 0.988 0.000 0.062 -0.144 0.635 -0.000 -0.769 0.073 0.994 0.000 0.101 0.052 0.613 0.000 -0.789 0.035 0.992 0.000 0.111 0.059 
-0.662 0.010 -0.037 -0.748 0.908 0.000 -0.406 -0.098 0.977 0.000 0.126 -0.169 0.935 0.000 -0.350 -0.047 0.988 0.000 0.061 -0.145 0.635 0.000 -0.769 0.072 0.994 0.000 0.101 0.052 0.613 0.000 -0.789 0.034 0.992 0.000 0.111 0.059 
-0.662 0.009 -0.037 -0.748 0.909 0.000 -0.408 -0.090 0.977 0.000 0.126 -0.170 0.936 0.000 -0.350 -0.040 0.988 0.000 0.060 -0.144 0.636 0.000 -0.768 0.070 0.994 0.000 0.101 0.052 0.613 -0.000 -0.790 0.032 0.992 0.000 0.111 0.059 
-0.662 0.008 -0.037 -0.748 0.909 0.000 -0.409 -0.082 0.977 0.000 0.126 -0.171 0.936 0.000 -0.351 -0.035 0.988 0.000 0.060 -0.145 0.637 0.000 -0.768 0.069 0.994 0.000 0.101 0.052 0.613 0.000 -0.790 0.031 0.992 -0.000 0.110 0.060 
-0.662 0.008 -0.037 -0.748 0.909 0.000 -0.409 -0.074 0.977 -0.000 0.126 -0.171 0.936 0.000 -0.351 -0.028 0.988 0.000 0.060 -0.144 0.637 0.000 -0.768 0.068 0.994 0.000 0.101 0.052 0.613 0.000 -0.790 0.030 0.992 0.000 0.110 0.060 
-0.662 0.008 -0.036 -0.748 0.910 0.000 -0.410 -0.066 0.977 -0.000 0.125 -0.171 0.936 -0.000 -0.350 -0.022 0.988 0.000 0.060 -0.144 0.637 0.000 -0.768 0.067 0.994 0.000 0.101 0.052 0.613 -0.000 -0.790 0.029 0.992 -0.000 0.110 0.059 
-0.662 0.007 -0.036 -0.748 0.910 -0.000 -0.410 -0.058 0.977 0.000 0.126 -0.172 0.937 0.000 -0.350 -0.015 0.988 0.000 0.061 -0.145 0.637 0.000 -0.768 0.066 0.994 0.000 0.101 0.052 0.613 -0.000 -0.790 0.028 0.992 0.000 0.110 0.059 
-0.662 0.007 -0.036 -0.748 0.911 0.000 -0.410 -0.051 0.977 0.000 0.125 -0.172 0.937 0.000 -0.349 -0.009 0.987 0.000 0.062 -0.145 0.637 0.000 -0.768 0.065 0.994 0.000 0.101 0.052 0.613 0.000 -0.790 0.028 0.992 0.000 0.109 0.059 
-0.662 0.006 -0.035 -0.748 0.911 0.000 -0.409 -0.043 0.977 0.000 0.125 -0.173 0.938 -0.000 -0.347 -0.003 0.988 0.000 0.062 -0.145 0.637 -0.000 -0.768 0.064 0.994 0.000 0.101 0.053 0.613 -0.000 -0.790 0.027 0.992 0.000 0.109 0.059 
-0.663 0.006 -0.035 -0.748 0.912 -0.000 -0.409 -0.035 0.977 0.000 0.125 -0.174 0.938 0.000 -0.346 0.003 0.987 0.000 0.063 -0.145 0.637 -0.000 -0.768 0.064 0.994 0.000 0.101 0.053 0.613 0.000 -0.790 0.026 0.992 -0.000 0.109 0.059 
-0.663 0.006 -0.035 -0.748 0.913 -0.000 -0.408 -0.028 0.977 0.000 0.125 -0.175 0.939 0.000 -0.344 0.010 0.987 0.000 0.063 -0.147 0.637 0.000 -0.769 0.063 0.994 0.000 0.101 0.053 0.613 0.000 -0.790 0.026 0.992 0.000 0.109 0.059 
-0.663 0.006 -0.034 -0.748 0.913 0.000 -0.407 -0.020 0.977 0.000 0.125 -0.175 0.939 0.000 -0.343 0.016 0.987 0.000 0.067 -0.149 0.637 -0.000 -0.769 0.062 0.994 0.000 0.101 0.053 0.613 0.000 -0.790 0.025 0.992 0.000 0.109 0.059 
-0.663 0.005 -0.034 -0.748 0.914 0.000 -0.405 -0.013 0.977 -0.000 0.125 -0.175 0.940 0.000 -0.341 0.023 0.986 0.000 0.068 -0.150 0.637 0.000 -0.769 0.061 0.994 0.000 0.100 0.053 0.613 0.000 -0.790 0.024 0.992 0.000 0.109 0.059 
-0.663 0.005 -0.034 -0.748 0.915 0.000 -0.404 -0.005 0.976 0.000 0.127 -0.176 0.940 0.000 -0.339 0.028 0.986 0.000 0.070 -0.151 0.637 0.000 -0.769 0.061 0.994 0.000 0.100 0.052 0.613 0.000 -0.790 0.024 0.992 -0.000 0.109 0.059 
-0.663 0.005 -0.034 -0.748 0.916 -0.000 -0.402 0.002 0.976 0.000 0.126 -0.177 0.940 0.000 -0.338 0.034 0.986 0.000 0.073 -0.151 0.637 0.000 -0.769 0.061 0.994 0.000 0.100 0.052 0.613 0.000 -0.790 0.024 0.992 0.000 0.109 0.059 
-0.664 0.005 -0.033 -0.747 0.916 0.000 -0.401 0.007 0.976 -0.000 0.130 -0.174 0.941 0.000 -0.335 0.040 0.986 0.000 0.074 -0.151 0.637 -0.000 -0.769 0.059 0.994 0.000 0.100 0.053 0.613 0.000 -0.790 0.023 0.992 -0.000 0.109 0.059 
-0.664 0.005 -0.033 -0.747 0.917 -0.000 -0.399 0.014 0.976 0.000 0.130 -0.174 0.942 0.000 -0.334 0.044 0.986 0.000 0.077 -0.151 0.636 0.000 -0.769 0.060 0.994 0.000 0.100 0.052 0.614 0.000 -0.789 0.023 0.992 0.000 0.109 0.059 
-0.664 0.005 -0.033 -0.747 0.918 -0.000 -0.396 0.020 0.976 0.000 0.130 -0.174 0.942 0.000 -0.331 0.049 0.986 0.000 0.078 -0.150 0.636 0.000 -0.769 0.060 0.994 0.000 0.100 0.052 0.614 -0.000 -0.789 0.023 0.992 0.000 0.109 0.059 
-0.664 0.005 -0.033 -0.747 0.919 -0.000 -0.393 0.026 0.976 0.000 0.132 -0.172 0.943 0.000 -0.329 0.053 0.986 -0.000 0.079 -0.149 0.636 0.000 -0.769 0.060 0.994 0.000 0.100 0.052 0.614 0.000 -0.789 0.022 0.992 0.000 0.109 0.059 
-0.664 0.005 -0.033 -0.747 0.920 0.000 -0.390 0.032 0.976 0.000 0.133 -0.172 0.944 0.000 -0.325 0.057 0.986 -0.000 0.080 -0.148 0.636 -0.000 -0.769 0.060 0.994 -0.000 0.100 0.052 0.614 -0.000 -0.789 0.022 0.992 0.000 0.109 0.059 
-0.664 0.005 -0.033 -0.747 0.922 0.000 -0.386 0.037 0.976 0.000 0.133 -0.171 0.945 0.000 -0.323 0.061 0.986 0.000 0.081 -0.147 0.637 0.000 -0.769 0.059 0.994 0.000 0.100 0.052 0.613 0.000 -0.790 0.022 0.992 0.000 0.109 0.059 
-0.664 0.005 -0.033 -0.747 0.923 0.000 -0.382 0.043 0.976 0.000 0.134 -0.171 0.946 -0.000 -0.319 0.065 0.986 -0.000 0.081 -0.146 0.637 0.000 -0.769 0.059 0.994 0.000 0.100 0.052 0.613 0.000 -0.790 0.022 0.992 -0.000 0.109 0.059 
-0.664 0.005 -0.033 -0.747 0.924 0.000 -0.378 0.049 0.976 0.000 0.135 -0.170 0.946 -0.000 -0.316 0.068 0.986 0.000 0.082 -0.144 0.637 0.000 -0.769 0.059 0.994 0.000 0.100 0.052 0.613 0.000 -0.790 0.022 0.992 0.000 0.109 0.059 
-0.664 0.005 -0.033 -0.747 0.925 0.000 -0.376 0.054 0.976 0.000 0.138 -0.168 0.947 0.000 -0.312 0.071 0.986 0.000 0.083 -0.143 0.637 0.000 -0.769 0.059 0.994 0.000 0.100 0.052 0.613 -0.000 -0.790 0.022 0.992 0.000 0.109 0.059 
-0.664 0.005 -0.033 -0.747 0.927 0.000 -0.370 0.060 0.976 0.000 0.136 -0.169 0.949 0.000 -0.308 0.074 0.986 0.000 0.083 -0.143 0.637 0.000 -0.769 0.059 0.994 0.000 0.100 0.052 0.613 0.000 -0.790 0.022 0.992 0.000 0.109 0.059 
-0.664 0.005 -0.033 -0.747 0.928 0.000 -0.366 0.066 0.976 0.000 0.137 -0.169 0.950 0.000 -0.303 0.077 0.986 0.000 0.083 -0.144 0.636 0.000 -0.769 0.060 0.994 0.000 0.100 0.052 0.613 0.000 -0.789 0.022 0.992 0.000 0.109 0.059 
-0.664 0.005 -0.033 -0.747 0.930 0.000 -0.361 0.071 0.976 -0.000 0.137 -0.168 0.951 0.000 -0.298 0.080 0.987 0.000 0.082 -0.141 0.637 0.000 -0.769 0.059 0.994 0.000 0.100 0.052 0.613 0.000 -0.790 0.021 0.992 0.000 0.109 0.060 
-0.663 0.005 -0.033 -0.748 0.930 0.000 -0.359 0.075 0.976 0.000 0.141 -0.165 0.952 0.000 -0.294 0.081 0.987 0.000 0.085 -0.140 0.636 -0.000 -0.769 0.060 0.994 0.000 0.100 0.052 0.613 0.000 -0.790 0.022 0.992 -0.000 0.109 0.059 
-0.663 0.004 -0.033 -0.748 0.933 0.000 -0.352 0.081 0.977 -0.000 0.138 -0.166 0.954 -0.000 -0.289 0.083 0.987 0.000 0.085 -0.139 0.637 0.000 -0.769 0.060 0.994 0.000 0.100 0.052 0.613 0.000 -0.790 0.021 0.992 -0.000 0.109 0.060 
-0.663 0.004 -0.033 -0.748 0.934 -0.000 -0.347 0.085 0.977 0.000 0.138 -0.164 0.955 0.000 -0.284 0.085 0.987 -0.000 0.084 -0.139 0.637 0.000 -0.769 0.059 0.994 0.000 0.100 0.052 0.613 0.000 -0.790 0.021 0.992 0.000 0.109 0.060 
-0.662 0.004 -0.033 -0.748 0.935 -0.000 -0.343 0.089 0.977 0.000 0.140 -0.162 0.956 0.000 -0.279 0.086 0.987 0.000 0.088 -0.137 0.637 0.000 -0.769 0.059 0.994 0.000 0.100 0.052 0.613 0.000 -0.790 0.021 0.992 0.000 0.109 0.060 
-0.662 0.004 -0.033 -0.749 0.937 0.000 -0.337 0.093 0.977 0.000 0.140 -0.161 0.958 0.000 -0.274 0.087 0.987 0.000 0.089 -0.136 0.637 0.000 -0.769 0.059 0.994 0.000 0.100 0.052 0.612 0.000 -0.790 0.021 0.992 0.000 0.109 0.060 
-0.662 0.004 -0.033 -0.749 0.939 0.000 -0.331 0.096 0.977 0.000 0.139 -0.159 0.959 -0.000 -0.269 0.089 0.987 0.000 0.091 -0.136 0.637 0.000 -0.769 0.060 0.994 0.000 0.100 0.052 0.612 -0.000 -0.790 0.021 0.992 0.000 0.109 0.060 
-0.662 0.004 -0.033 -0.749 0.940 0.000 -0.325 0.100 0.978 -0.000 0.139 -0.159 0.961 0.000 -0.264 0.089 0.987 0.000 0.094 -0.134 0.637 0.000 -0.769 0.059 0.994 0.000 0.100 0.052 0.612 0.000 -0.790 0.020 0.992 0.000 0.109 0.060 
-0.661 0.004 -0.033 -0.749 0.942 0.000 -0.319 0.103 0.978 0.000 0.138 -0.157 0.962 0.000 -0.259 0.090 0.986 0.000 0.097 -0.135 0.637 -0.000 -0.769 0.059 0.994 0.000 0.100 0.052 0.612 0.000 -0.790 0.020 0.992 0.000 0.109 0.060 
-0.661 0.004 -0.033 -0.750 0.944 0.000 -0.311 0.107 0.978 0.000 0.135 -0.158 0.963 0.000 -0.253 0.091 0.986 0.000 0.099 -0.135 0.637 0.000 -0.769 0.059 0.994 0.000 0.100 0.052 0.613 0.000 -0.790 0.020 0.992 0.000 0.109 0.060 
-0.661 0.004 -0.033 -0.750 0.946 0.000 -0.306 0.109 0.978 -0.000 0.138 -0.156 0.965 0.000 -0.247 0.092 0.986 0.000 0.101 -0.134 0.637 0.000 -0.769 0.059 0.994 0.000 0.100 0.052 0.612 0.000 -0.790 0.020 0.992 0.000 0.109 0.060 
-0.661 0.004 -0.033 -0.750 0.948 0.000 -0.300 0.112 0.978 -0.000 0.138 -0.155 0.967 0.000 -0.240 0.092 0.986 0.000 0.102 -0.135 0.637 -0.000 -0.769 0.060 0.994 0.000 0.100 0.052 0.613 0.000 -0.790 0.020 0.992 0.000 0.109 0.060 
-0.661 0.004 -0.033 -0.750 0.949 0.000 -0.292 0.114 0.978 0.000 0.138 -0.155 0.968 0.000 -0.234 0.092 0.985 0.000 0.105 -0.134 0.637 0.000 -0.769 0.060 0.994 0.000 0.100 0.051 0.612 0.000 -0.790 0.020 0.992 -0.000 0.109 0.060 
-0.660 0.004 -0.034 -0.750 0.951 0.000 -0.285 0.117 0.978 0.000 0.138 -0.154 0.969 0.000 -0.227 0.092 0.985 0.000 0.108 -0.131 0.637 0.000 -0.769 0.060 0.994 0.000 0.100 0.051 0.612 0.000 -0.790 0.020 0.992 0.000 0.109 0.060 
-0.660 0.004 -0.034 -0.750 0.953 0.000 -0.278 0.118 0.978 0.000 0.140 -0.152 0.971 0.000 -0.220 0.093 0.985 0.000 0.108 -0.133 0.637 0.000 -0.769 0.061 0.994 0.000 0.100 0.051 0.612 0.000 -0.790 0.021 0.992 0.000 0.109 0.060 
-0.660 0.004 -0.034 -0.750 0.955 0.000 -0.271 0.119 0.978 0.000 0.142 -0.152 0.973 0.000 -0.213 0.093 0.985 0.000 0.110 -0.134 0.637 -0.000 -0.769 0.061 0.994 -0.000 0.100 0.051 0.612 0.000 -0.790 0.021 0.992 0.000 0.109 0.060 
-0.660 0.004 -0.034 -0.750 0.957 0.000 -0.263 0.121 0.978 0.000 0.144 -0.151 0.974 0.000 -0.207 0.091 0.985 0.000 0.113 -0.130 0.637 0.000 -0.769 0.062 0.994 0.000 0.100 0.051 0.612 0.000 -0.790 0.021 0.992 0.000 0.109 0.060 
-0.660 0.005 -0.034 -0.750 0.959 0.000 -0.256 0.122 0.978 0.000 0.147 -0.150 0.976 0.000 -0.199 0.089 0.985 0.000 0.115 -0.130 0.637 0.000 -0.769 0.062 0.994 0.000 0.100 0.051 0.613 0.000 -0.790 0.022 0.992 0.000 0.110 0.060 
-0.660 0.005 -0.034 -0.750 0.961 0.000 -0.249 0.123 0.977 -0.000 0.151 -0.149 0.977 0.000 -0.191 0.089 0.985 0.000 0.115 -0.131 0.637 0.000 -0.769 0.063 0.994 -0.000 0.100 0.051 0.613 0.000 -0.790 0.022 0.992 0.000 0.110 0.060 
-0.660 0.005 -0.035 -0.750 0.962 0.000 -0.242 0.124 0.977 0.000 0.155 -0.147 0.979 0.000 -0.184 0.087 0.985 0.000 0.116 -0.130 0.636 -0.000 -0.769 0.064 0.994 0.000 0.100 0.050 0.613 -0.000 -0.790 0.023 0.992 0.000 0.110 0.060 
-0.660 0.005 -0.035 -0.750 0.964 0.000 -0.235 0.124 0.977 0.000 0.160 -0.145 0.980 0.000 -0.179 0.086 0.984 0.000 0.120 -0.129 0.637 0.000 -0.769 0.064 0.994 0.000 0.100 0.051 0.613 0.000 -0.790 0.024 0.992 0.000 0.110 0.060 
-0.661 0.006 -0.035 -0.750 0.966 0.000 -0.230 0.121 0.976 0.000 0.167 -0.137 0.982 0.000 -0.171 0.084 0.984 0.000 0.121 -0.129 0.636 0.000 -0.769 0.065 0.994 0.000 0.100 0.050 0.613 0.000 -0.790 0.025 0.992 0.000 0.110 0.060 
-0.661 0.006 -0.035 -0.750 0.967 0.000 -0.223 0.121 0.976 0.000 0.172 -0.135 0.983 -0.000 -0.164 0.082 0.984 0.000 0.122 -0.129 0.636 0.000 -0.769 0.066 0.994 0.000 0.100 0.050 0.613 0.000 -0.790 0.025 0.992 0.000 0.110 0.060 
-0.661 0.006 -0.036 -0.750 0.969 0.000 -0.217 0.120 0.975 0.000 0.177 -0.132 0.984 0.000 -0.157 0.080 0.984 0.000 0.123 -0.128 0.636 0.000 -0.768 0.066 0.994 0.000 0.100 0.050 0.613 0.000 -0.790 0.026 0.992 0.000 0.110 0.060 
-0.661 0.007 -0.036 -0.750 0.970 0.000 -0.210 0.119 0.975 0.000 0.181 -0.130 0.986 0.000 -0.150 0.078 0.984 0.000 0.125 -0.129 0.636 0.000 -0.768 0.067 0.994 0.000 0.100 0.050 0.613 0.000 -0.790 0.026 0.992 0.000 0.110 0.060 
-0.661 0.007 -0.036 -0.750 0.972 -0.000 -0.203 0.118 0.974 -0.000 0.185 -0.128 0.987 0.000 -0.144 0.075 0.984 0.000 0.127 -0.129 0.636 -0.000 -0.768 0.067 0.994 0.000 0.100 0.050 0.613 0.000 -0.790 0.027 0.992 0.000 0.111 0.060 
-0.661 0.007 -0.037 -0.750 0.974 0.000 -0.196 0.116 0.974 0.000 0.189 -0.125 0.988 -0.000 -0.137 0.073 0.983 -0.000 0.127 -0.129 0.637 0.000 -0.768 0.068 0.994 0.000 0.100 0.051 0.613 -0.000 -0.790 0.027 0.992 0.000 0.111 0.060 
-0.661 0.007 -0.037 -0.750 0.975 0.000 -0.189 0.114 0.974 0.000 0.192 -0.122 0.989 -0.000 -0.130 0.070 0.983 0.000 0.128 -0.129 0.637 0.000 -0.768 0.068 0.994 0.000 0.100 0.051 0.612 0.000 -0.790 0.028 0.992 0.000 0.111 0.061 
-0.661 0.008 -0.037 -0.750 0.977 -0.000 -0.182 0.112 0.974 0.000 0.194 -0.120 0.990 -0.000 -0.124 0.067 0.983 0.000 0.129 -0.129 0.637 0.000 -0.768 0.069 0.994 0.000 0.100 0.051 0.612 0.000 -0.790 0.028 0.992 0.000 0.111 0.061 
-0.661 0.008 -0.038 -0.750 0.978 0.000 -0.176 0.109 0.973 0.000 0.197 -0.118 0.991 0.000 -0.118 0.066 0.983 0.000 0.131 -0.131 0.637 0.000 -0.768 0.069 0.994 0.000 0.100 0.051 0.612 0.000 -0.790 0.028 0.992 0.000 0.111 0.061 
-0.661 0.008 -0.038 -0.750 0.980 0.000 -0.169 0.107 0.973 0.000 0.199 -0.115 0.992 0.000 -0.111 0.062 0.982 -0.000 0.132 -0.131 0.637 0.000 -0.768 0.070 0.994 0.000 0.100 0.051 0.612 0.000 -0.790 0.029 0.992 -0.000 0.111 0.061 
-0.660 0.008 -0.038 -0.750 0.981 0.000 -0.162 0.104 0.973 0.000 0.201 -0.112 0.993 0.000 -0.104 0.059 0.982 0.000 0.132 -0.131 0.637 -0.000 -0.768 0.071 0.994 0.000 0.100 0.051 0.612 0.000 -0.790 0.029 0.992 0.000 0.111 0.061 
-0.660 0.008 -0.039 -0.750 0.983 0.000 -0.156 0.102 0.973 0.000 0.203 -0.109 0.994 0.000 -0.098 0.055 0.983 0.000 0.133 -0.129 0.637 0.000 -0.768 0.071 0.994 0.000 0.100 0.051 0.612 0.000 -0.790 0.030 0.992 0.000 0.111 0.061 
-0.660 0.009 -0.039 -0.750 0.984 0.000 -0.149 0.099 0.973 0.000 0.204 -0.107 0.994 0.000 -0.092 0.051 0.982 -0.000 0.135 -0.129 0.637 0.000 -0.768 0.072 0.994 0.000 0.100 0.051 0.612 0.000 -0.790 0.030 0.992 0.000 0.111 0.061 
-0.660 0.009 -0.039 -0.750 0.985 0.000 -0.143 0.096 0.973 0.000 0.205 -0.105 0.995 0.000 -0.085 0.047 0.982 0.000 0.136 -0.128 0.637 0.000 -0.768 0.072 0.994 0.000 0.100 0.051 0.612 0.000 -0.790 0.031 0.992 0.000 0.111 0.061 
-0.660 0.009 -0.040 -0.750 0.986 0.000 -0.137 0.093 0.973 -0.000 0.206 -0.104 0.996 0.000 -0.079 0.043 0.983 0.000 0.137 -0.126 0.637 0.000 -0.768 0.073 0.994 0.000 0.101 0.051 0.612 -0.000 -0.790 0.031 0.992 0.000 0.112 0.061 
-0.660 0.010 -0.040 -0.750 0.987 0.000 -0.131 0.090 0.973 0.000 0.207 -0.103 0.997 0.000 -0.072 0.036 0.983 0.000 0.138 -0.124 0.637 0.000 -0.767 0.074 0.994 0.000 0.101 0.051 0.612 0.000 -0.790 0.033 0.992 0.000 0.112 0.061 
-0.660 0.010 -0.041 -0.750 0.988 0.000 -0.124 0.086 0.973 0.000 0.207 -0.102 0.997 0.000 -0.067 0.032 0.982 0.000 0.140 -0.124 0.637 0.000 -0.767 0.075 0.994 0.000 0.101 0.051 0.612 -0.000 -0.790 0.033 0.992 0.000 0.112 0.061 
-0.659 0.010 -0.041 -0.751 0.990 0.000 -0.118 0.083 0.973 0.000 0.207 -0.102 0.998 -0.000 -0.061 0.026 0.983 0.000 0.140 -0.122 0.637 -0.000 -0.767 0.076 0.994 0.000 0.101 0.051 0.612 0.000 -0.790 0.034 0.992 0.000 0.111 0.061 
-0.659 0.010 -0.041 -0.751 0.991 0.000 -0.112 0.079 0.973 -0.000 0.207 -0.102 0.998 0.000 -0.057 0.025 0.982 0.000 0.143 -0.122 0.637 0.000 -0.767 0.075 0.994 0.000 0.101 0.051 0.612 0.000 -0.790 0.034 0.992 0.000 0.111 0.061 
-0.659 0.010 -0.042 -0.751 0.992 0.000 -0.105 0.075 0.973 0.000 0.206 -0.104 0.999 0.000 -0.051 0.018 0.982 0.000 0.143 -0.120 0.637 0.000 -0.767 0.077 0.994 0.000 0.101 0.051 0.612 0.000 -0.790 0.035 0.992 0.000 0.111 0.060 
-0.659 0.010 -0.042 -0.751 0.993 0.000 -0.099 0.070 0.973 0.000 0.205 -0.103 0.999 0.000 -0.046 0.015 0.982 0.000 0.145 -0.121 0.637 0.000 -0.767 0.077 0.994 0.000 0.101 0.051 0.612 0.000 -0.790 0.036 0.992 0.000 0.111 0.060 
-0.659 0.011 -0.042 -0.751 0.994 0.000 -0.092 0.063 0.975 0.000 0.201 -0.097 0.999 0.000 -0.043 0.011 0.982 0.000 0.147 -0.122 0.637 0.000 -0.767 0.077 0.994 0.000 0.101 0.051 0.612 0.000 -0.790 0.036 0.992 0.000 0.111 0.060 
-0.659 0.011 -0.042 -0.751 0.994 0.000 -0.087 0.062 0.973 0.000 0.203 -0.106 0.999 -0.000 -0.038 0.006 0.981 -0.000 0.148 -0.122 0.637 0.000 -0.767 0.078 0.994 0.000 0.101 0.051 0.612 0.000 -0.790 0.038 0.992 0.000 0.111 0.059 
-0.659 0.011 -0.042 -0.750 0.995 0.000 -0.080 0.054 0.975 0.000 0.199 -0.099 0.999 0.000 -0.033 0.000 0.981 0.000 0.149 -0.122 0.637 0.000 -0.767 0.079 0.994 0.000 0.101 0.051 0.612 -0.000 -0.790 0.038 0.992 -0.000 0.111 0.060 
-0.659 0.012 -0.043 -0.750 0.996 -0.000 -0.074 0.049 0.975 0.000 0.197 -0.101 1.000 0.000 -0.028 -0.005 0.981 0.000 0.150 -0.123 0.637 0.000 -0.767 0.079 0.994 0.000 0.101 0.051 0.612 0.000 -0.790 0.039 0.992 0.000 0.111 0.059 
-0.660 0.012 -0.043 -0.750 0.997 -0.000 -0.068 0.044 0.975 0.000 0.195 -0.103 1.000 -0.000 -0.022 -0.011 0.981 0.000 0.148 -0.122 0.637 0.000 -0.767 0.080 0.994 -0.000 0.101 0.051 0.613 0.000 -0.789 0.040 0.992 0.000 0.111 0.059 
-0.660 0.012 -0.044 -0.750 0.997 0.000 -0.063 0.038 0.976 0.000 0.194 -0.104 1.000 0.000 -0.018 -0.017 0.981 0.000 0.149 -0.122 0.637 0.000 -0.767 0.081 0.994 0.000 0.101 0.051 0.613 0.000 -0.789 0.041 0.992 0.000 0.111 0.059 
-0.660 0.013 -0.044 -0.750 0.998 0.000 -0.057 0.033 0.976 0.000 0.192 -0.106 1.000 0.000 -0.014 -0.023 0.982 0.000 0.148 -0.121 0.637 -0.000 -0.767 0.081 0.994 0.000 0.101 0.051 0.613 0.000 -0.789 0.042 0.992 0.000 0.111 0.059 
-0.660 0.013 -0.045 -0.750 0.998 0.000 -0.052 0.027 0.976 0.000 0.190 -0.108 1.000 0.000 -0.007 -0.030 0.982 0.000 0.145 -0.121 0.637 0.000 -0.767 0.083 0.994 0.000 0.101 0.050 0.613 -0.000 -0.789 0.043 0.992 0.000 0.111 0.059 
-0.660 0.014 -0.045 -0.750 0.999 0.000 -0.047 0.025 0.975 0.000 0.189 -0.116 0.999 0.000 -0.003 -0.035 0.982 0.000 0.145 -0.122 0.637 0.000 -0.767 0.083 0.994 0.000 0.101 0.050 0.613 0.000 -0.789 0.044 0.992 0.000 0.111 0.058 
-0.660 0.014 -0.045 -0.750 0.999 0.000 -0.042 0.020 0.975 0.000 0.187 -0.119 0.999 0.000 0.000 -0.040 0.982 0.000 0.145 -0.124 0.637 0.000 -0.767 0.084 0.994 -0.000 0.101 0.050 0.613 0.000 -0.789 0.044 0.992 0.000 0.111 0.059 
-0.660 0.014 -0.045 -0.749 0.999 0.000 -0.037 0.015 0.975 0.000 0.186 -0.123 0.999 0.000 0.003 -0.045 0.981 0.000 0.145 -0.126 0.637 0.000 -0.767 0.084 0.994 0.000 0.101 0.050 0.613 0.000 -0.789 0.045 0.992 0.000 0.112 0.058 
-0.661 0.014 -0.046 -0.749 0.999 0.000 -0.033 0.009 0.975 0.000 0.184 -0.125 0.999 0.000 0.006 -0.050 0.981 -0.000 0.145 -0.128 0.637 0.000 -0.767 0.085 0.994 0.000 0.101 0.050 0.613 0.000 -0.789 0.046 0.992 -0.000 0.111 0.058 
-0.661 0.015 -0.046 -0.749 1.000 0.000 -0.028 0.009 0.973 0.000 0.182 -0.139 0.998 0.000 0.008 -0.055 0.981 0.000 0.146 -0.130 0.637 0.000 -0.767 0.085 0.994 0.000 0.101 0.051 0.613 -0.000 -0.789 0.046 0.992 0.000 0.111 0.058 
-0.661 0.015 -0.046 -0.749 1.000 0.000 -0.024 0.003 0.973 0.000 0.181 -0.140 0.998 0.000 0.009 -0.061 0.980 0.000 0.148 -0.134 0.637 -0.000 -0.766 0.085 0.994 -0.000 0.102 0.051 0.613 -0.000 -0.789 0.047 0.992 0.000 0.112 0.058 
-0.661 0.015 -0.047 -0.748 1.000 0.000 -0.021 -0.004 0.973 0.000 0.180 -0.142 0.998 0.000 0.011 -0.066 0.979 0.000 0.147 -0.138 0.636 0.000 -0.766 0.086 0.994 0.000 0.102 0.050 0.613 0.000 -0.789 0.048 0.992 0.000 0.112 0.058 
-0.662 0.015 -0.046 -0.748 1.000 -0.000 -0.018 -0.010 0.973 -0.000 0.179 -0.143 0.997 0.000 0.012 -0.070 0.980 0.000 0.147 -0.136 0.636 0.000 -0.767 0.085 0.994 0.000 0.102 0.051 0.613 0.000 -0.789 0.046 0.992 0.000 0.111 0.059 
-0.662 0.015 -0.046 -0.748 1.000 0.000 -0.014 -0.016 0.973 -0.000 0.177 -0.145 0.997 -0.000 0.014 -0.076 0.979 0.000 0.147 -0.139 0.637 0.000 -0.766 0.085 0.994 0.000 0.102 0.051 0.613 0.000 -0.789 0.047 0.992 0.000 0.112 0.059 
-0.662 0.016 -0.047 -0.748 1.000 0.000 -0.010 -0.023 0.973 0.000 0.174 -0.148 0.997 0.000 0.014 -0.081 0.979 -0.000 0.148 -0.142 0.636 0.000 -0.767 0.086 0.994 -0.000 0.102 0.051 0.613 0.000 -0.789 0.048 0.992 0.000 0.112 0.058 
-0.662 0.017 -0.048 -0.748 1.000 0.000 -0.008 -0.029 0.973 0.000 0.172 -0.151 0.996 0.000 0.016 -0.093 0.979 0.000 0.146 -0.140 0.636 0.000 -0.766 0.089 0.993 0.000 0.102 0.050 0.613 0.000 -0.788 0.051 0.992 0.000 0.112 0.058 
-0.662 0.017 -0.048 -0.747 0.999 -0.000 -0.006 -0.036 0.973 0.000 0.172 -0.153 0.995 0.000 0.016 -0.099 0.979 0.000 0.147 -0.143 0.636 0.000 -0.766 0.089 0.993 0.000 0.102 0.050 0.613 0.000 -0.788 0.052 0.992 -0.000 0.112 0.058 
-0.663 0.017 -0.049 -0.747 0.999 0.000 -0.004 -0.043 0.973 0.000 0.170 -0.157 0.994 0.000 0.016 -0.104 0.978 -0.000 0.147 -0.147 0.636 0.000 -0.766 0.090 0.993 0.000 0.102 0.050 0.613 0.000 -0.788 0.052 0.992 0.000 0.112 0.058 
-0.663 0.018 -0.049 -0.747 0.999 0.000 -0.003 -0.050 0.973 0.000 0.169 -0.160 0.994 0.000 0.016 -0.109 0.978 0.000 0.146 -0.151 0.636 0.000 -0.766 0.091 0.993 0.000 0.102 0.050 0.613 0.000 -0.788 0.053 0.992 0.000 0.112 0.058 
-0.663 0.019 -0.049 -0.747 0.998 0.000 -0.002 -0.056 0.972 0.000 0.167 -0.164 0.993 -0.000 0.016 -0.115 0.977 0.000 0.146 -0.153 0.636 0.000 -0.766 0.092 0.993 0.000 0.103 0.050 0.613 0.000 -0.788 0.054 0.992 0.000 0.112 0.058 
-0.663 0.019 -0.050 -0.747 0.998 -0.000 -0.001 -0.061 0.971 0.000 0.166 -0.170 0.993 0.000 0.015 -0.120 0.977 0.000 0.145 -0.157 0.636 0.000 -0.766 0.092 0.993 0.000 0.103 0.050 0.613 0.000 -0.788 0.055 0.992 -0.000 0.112 0.057 
-0.663 0.019 -0.050 -0.746 0.998 0.000 0.001 -0.067 0.971 0.000 0.164 -0.175 0.992 0.000 0.015 -0.126 0.977 0.000 0.143 -0.159 0.637 0.000 -0.766 0.093 0.993 0.000 0.102 0.050 0.613 0.000 -0.788 0.056 0.992 0.000 0.112 0.057 
-0.664 0.019 -0.051 -0.746 0.997 -0.000 0.001 -0.075 0.971 0.000 0.163 -0.176 0.991 0.000 0.013 -0.132 0.976 0.000 0.142 -0.162 0.637 0.000 -0.766 0.093 0.993 0.000 0.103 0.050 0.613 0.000 -0.788 0.056 0.992 0.000 0.112 0.057 
-0.664 0.020 -0.051 -0.746 0.997 0.000 0.001 -0.082 0.970 0.000 0.162 -0.179 0.991 0.000 0.011 -0.136 0.976 0.000 0.142 -0.168 0.637 0.000 -0.765 0.094 0.993 -0.000 0.103 0.050 0.613 0.000 -0.788 0.057 0.992 0.000 0.112 0.057 
-0.664 0.020 -0.051 -0.746 0.996 0.000 0.000 -0.088 0.969 0.000 0.162 -0.185 0.990 0.000 0.008 -0.140 0.975 0.000 0.142 -0.173 0.637 0.000 -0.765 0.095 0.994 0.000 0.103 0.049 0.613 0.000 -0.788 0.058 0.992 0.000 0.112 0.057 
-0.664 0.020 -0.052 -0.745 0.996 -0.000 0.001 -0.094 0.969 0.000 0.159 -0.190 0.989 0.000 0.006 -0.145 0.974 0.000 0.141 -0.178 0.637 0.000 -0.765 0.095 0.993 0.000 0.103 0.049 0.613 0.000 -0.788 0.058 0.992 0.000 0.112 0.057 
-0.665 0.021 -0.052 -0.745 0.995 0.000 -0.000 -0.101 0.968 0.000 0.159 -0.193 0.989 0.000 0.003 -0.149 0.973 0.000 0.140 -0.185 0.637 0.000 -0.765 0.096 0.993 0.000 0.103 0.049 0.613 0.000 -0.788 0.059 0.992 0.000 0.112 0.057 
-0.665 0.021 -0.052 -0.745 0.994 0.000 -0.002 -0.105 0.967 0.000 0.158 -0.199 0.988 -0.000 0.001 -0.153 0.972 0.000 0.139 -0.191 0.636 0.000 -0.766 0.097 0.993 0.000 0.103 0.049 0.613 0.000 -0.788 0.060 0.992 0.000 0.112 0.057 
-0.665 0.022 -0.052 -0.745 0.994 0.000 -0.004 -0.112 0.966 0.000 0.160 -0.201 0.988 0.000 -0.003 -0.157 0.971 0.000 0.139 -0.196 0.636 0.000 -0.765 0.098 0.993 -0.000 0.104 0.049 0.613 0.000 -0.788 0.061 0.992 0.000 0.112 0.057 
-0.665 0.022 -0.053 -0.744 0.993 0.000 -0.007 -0.119 0.966 0.000 0.161 -0.203 0.987 0.000 -0.006 -0.163 0.970 -0.000 0.138 -0.201 0.636 0.000 -0.765 0.099 0.993 -0.000 0.104 0.048 0.613 -0.000 -0.788 0.062 0.992 0.000 0.112 0.057 
-0.666 0.022 -0.053 -0.744 0.992 0.000 -0.011 -0.125 0.965 0.000 0.163 -0.205 0.986 0.000 -0.010 -0.166 0.968 -0.000 0.138 -0.208 0.636 0.000 -0.765 0.099 0.993 0.000 0.104 0.049 0.613 0.000 -0.788 0.062 0.992 0.000 0.112 0.057 
-0.666 0.022 -0.054 -0.744 0.991 0.000 -0.014 -0.131 0.964 0.000 0.165 -0.208 0.985 0.000 -0.015 -0.170 0.967 -0.000 0.138 -0.214 0.637 0.000 -0.765 0.099 0.993 0.000 0.104 0.049 0.613 0.000 -0.788 0.063 0.992 0.000 0.112 0.057 
-0.666 0.023 -0.054 -0.743 0.990 0.000 -0.019 -0.136 0.963 0.000 0.168 -0.211 0.985 0.000 -0.020 -0.171 0.964 0.000 0.137 -0.226 0.636 0.000 -0.765 0.099 0.993 0.000 0.104 0.049 0.613 0.000 -0.787 0.063 0.992 0.000 0.113 0.057 
-0.667 0.023 -0.054 -0.743 0.989 0.000 -0.025 -0.143 0.962 0.000 0.171 -0.213 0.984 0.000 -0.025 -0.174 0.963 0.000 0.137 -0.231 0.636 0.000 -0.765 0.100 0.993 0.000 0.104 0.048 0.613 0.000 -0.787 0.064 0.992 0.000 0.113 0.057 
-0.667 0.024 -0.054 -0.743 0.988 -0.000 -0.030 -0.149 0.961 0.000 0.174 -0.215 0.984 0.000 -0.030 -0.178 0.962 0.000 0.137 -0.236 0.636 0.000 -0.765 0.101 0.993 0.000 0.104 0.048 0.613 0.000 -0.787 0.065 0.992 0.000 0.113 0.057 
-0.668 0.024 -0.054 -0.742 0.987 0.000 -0.035 -0.155 0.960 0.000 0.175 -0.217 0.983 0.000 -0.036 -0.181 0.961 0.000 0.137 -0.241 0.636 0.000 -0.765 0.101 0.993 0.000 0.104 0.048 0.613 -0.000 -0.787 0.066 0.992 0.000 0.113 0.056 
-0.668 0.024 -0.055 -0.742 0.986 -0.000 -0.039 -0.161 0.960 0.000 0.176 -0.219 0.982 0.000 -0.041 -0.184 0.960 0.000 0.136 -0.245 0.636 0.000 -0.765 0.101 0.993 0.000 0.104 0.048 0.613 0.000 -0.787 0.066 0.992 0.000 0.113 0.056 
-0.668 0.024 -0.055 -0.741 0.985 0.000 -0.044 -0.167 0.959 0.000 0.177 -0.222 0.981 0.000 -0.047 -0.187 0.959 0.000 0.136 -0.249 0.636 0.000 -0.765 0.102 0.993 0.000 0.104 0.048 0.613 -0.000 -0.787 0.067 0.992 0.000 0.113 0.056 
-0.669 0.025 -0.055 -0.741 0.984 0.000 -0.049 -0.173 0.959 0.000 0.176 -0.224 0.980 -0.000 -0.053 -0.190 0.958 0.000 0.135 -0.252 0.636 0.000 -0.765 0.102 0.993 0.000 0.104 0.048 0.613 -0.000 -0.787 0.067 0.992 0.000 0.113 0.056 
-0.669 0.025 -0.055 -0.741 0.982 0.000 -0.054 -0.178 0.958 0.000 0.175 -0.226 0.979 0.000 -0.059 -0.193 0.957 -0.000 0.134 -0.256 0.636 0.000 -0.765 0.102 0.993 0.000 0.104 0.048 0.613 -0.000 -0.787 0.067 0.992 -0.000 0.113 0.056 
-0.669 0.025 -0.055 -0.740 0.981 0.000 -0.059 -0.184 0.958 -0.000 0.173 -0.227 0.978 0.000 -0.065 -0.196 0.957 -0.000 0.133 -0.259 0.636 0.000 -0.765 0.102 0.993 0.000 0.104 0.048 0.613 0.000 -0.787 0.068 0.992 0.000 0.113 0.056 
-0.670 0.025 -0.055 -0.740 0.980 -0.000 -0.063 -0.189 0.958 0.000 0.171 -0.229 0.977 0.000 -0.071 -0.199 0.956 0.000 0.131 -0.262 0.636 0.000 -0.765 0.103 0.993 0.000 0.104 0.048 0.613 0.000 -0.787 0.068 0.992 0.000 0.113 0.056 
-0.670 0.025 -0.055 -0.740 0.979 0.000 -0.068 -0.194 0.958 0.000 0.168 -0.231 0.976 0.000 -0.076 -0.203 0.956 0.000 0.128 -0.263 0.636 0.000 -0.765 0.103 0.993 0.000 0.104 0.048 0.613 0.000 -0.787 0.068 0.992 0.000 0.113 0.056 
-0.671 0.025 -0.055 -0.739 0.977 0.000 -0.073 -0.199 0.958 0.000 0.165 -0.233 0.975 0.000 -0.080 -0.206 0.956 0.000 0.125 -0.267 0.636 0.000 -0.765 0.102 0.993 0.000 0.104 0.048 0.613 0.000 -0.787 0.068 0.992 0.000 0.113 0.056 
-0.671 0.025 -0.055 -0.739 0.976 0.000 -0.077 -0.203 0.958 0.000 0.162 -0.235 0.974 0.000 -0.087 -0.207 0.956 0.000 0.122 -0.268 0.636 0.000 -0.765 0.102 0.993 0.000 0.104 0.047 0.613 0.000 -0.787 0.068 0.992 -0.000 0.113 0.056 
-0.671 0.025 -0.055 -0.739 0.975 0.000 -0.082 -0.207 0.959 -0.000 0.159 -0.236 0.974 0.000 -0.093 -0.209 0.955 0.000 0.119 -0.271 0.636 0.000 -0.765 0.102 0.993 0.000 0.104 0.047 0.613 -0.000 -0.787 0.068 0.992 -0.000 0.113 0.056 
-0.671 0.025 -0.055 -0.739 0.973 0.000 -0.088 -0.212 0.959 0.000 0.158 -0.236 0.973 0.000 -0.098 -0.211 0.955 0.000 0.115 -0.273 0.636 0.000 -0.765 0.103 0.993 0.000 0.104 0.047 0.613 0.000 -0.787 0.068 0.992 0.000 0.113 0.056 
-0.672 0.025 -0.055 -0.738 0.972 -0.000 -0.093 -0.216 0.959 0.000 0.156 -0.238 0.972 0.000 -0.104 -0.212 0.955 0.000 0.112 -0.276 0.636 0.000 -0.765 0.102 0.993 0.000 0.104 0.047 0.613 0.000 -0.787 0.068 0.992 -0.000 0.113 0.056 
-0.672 0.025 -0.055 -0.738 0.971 0.000 -0.098 -0.219 0.959 0.000 0.154 -0.240 0.972 0.000 -0.109 -0.210 0.954 0.000 0.106 -0.282 0.636 0.000 -0.765 0.101 0.993 -0.000 0.104 0.047 0.613 0.000 -0.787 0.067 0.992 0.000 0.113 0.056 
-0.672 0.024 -0.055 -0.738 0.970 0.000 -0.103 -0.221 0.958 0.000 0.153 -0.242 0.971 0.000 -0.116 -0.211 0.953 0.000 0.104 -0.284 0.636 0.000 -0.765 0.100 0.994 0.000 0.103 0.047 0.613 0.000 -0.787 0.066 0.992 0.000 0.113 0.056 
-0.672 0.024 -0.055 -0.738 0.969 -0.000 -0.109 -0.224 0.958 0.000 0.151 -0.244 0.970 0.000 -0.121 -0.213 0.954 0.000 0.100 -0.284 0.636 0.000 -0.765 0.100 0.994 0.000 0.103 0.047 0.613 0.000 -0.787 0.066 0.992 0.000 0.113 0.056 
-0.672 0.024 -0.054 -0.738 0.967 0.000 -0.116 -0.225 0.958 0.000 0.150 -0.246 0.969 -0.000 -0.128 -0.213 0.953 -0.000 0.099 -0.287 0.636 0.000 -0.766 0.099 0.993 0.000 0.104 0.047 0.613 0.000 -0.787 0.065 0.992 -0.000 0.113 0.057 
-0.672 0.024 -0.054 -0.738 0.966 0.000 -0.122 -0.226 0.957 0.000 0.150 -0.248 0.968 0.000 -0.134 -0.214 0.953 0.000 0.096 -0.287 0.636 0.000 -0.766 0.099 0.994 0.000 0.104 0.047 0.613 0.000 -0.787 0.064 0.992 0.000 0.113 0.057 
-0.672 0.024 -0.054 -0.738 0.965 0.000 -0.128 -0.228 0.957 -0.000 0.149 -0.250 0.967 0.000 -0.139 -0.216 0.954 0.000 0.092 -0.287 0.636 0.000 -0.766 0.099 0.994 0.000 0.103 0.047 0.613 0.000 -0.787 0.064 0.992 0.000 0.113 0.057 
-0.672 0.023 -0.053 -0.738 0.964 0.000 -0.135 -0.229 0.956 0.000 0.148 -0.252 0.966 -0.000 -0.146 -0.215 0.953 -0.000 0.090 -0.288 0.636 0.000 -0.766 0.098 0.994 0.000 0.103 0.047 0.613 0.000 -0.787 0.063 0.992 0.000 0.113 0.057 
-0.672 0.023 -0.053 -0.739 0.963 0.000 -0.141 -0.229 0.956 -0.000 0.147 -0.253 0.965 0.000 -0.151 -0.216 0.954 0.000 0.087 -0.288 0.636 0.000 -0.766 0.097 0.994 0.000 0.103 0.047 0.613 0.000 -0.787 0.062 0.992 0.000 0.113 0.057 
-0.672 0.023 -0.053 -0.739 0.962 0.000 -0.147 -0.230 0.956 0.000 0.146 -0.254 0.964 0.000 -0.159 -0.215 0.954 0.000 0.086 -0.288 0.636 0.000 -0.765 0.096 0.994 0.000 0.103 0.047 0.613 0.000 -0.788 0.061 0.992 0.000 0.113 0.058 
-0.672 0.022 -0.052 -0.739 0.961 0.000 -0.153 -0.230 0.956 0.000 0.145 -0.255 0.963 0.000 -0.164 -0.215 0.954 0.000 0.083 -0.288 0.636 -0.000 -0.766 0.095 0.994 -0.000 0.103 0.047 0.613 0.000 -0.788 0.060 0.992 0.000 0.113 0.058 
-0.671 0.022 -0.052 -0.739 0.960 0.000 -0.159 -0.230 0.956 -0.000 0.143 -0.256 0.962 0.000 -0.171 -0.213 0.954 0.000 0.082 -0.290 0.636 0.000 -0.766 0.095 0.994 0.000 0.102 0.047 0.613 -0.000 -0.788 0.059 0.992 0.000 0.113 0.058 
-0.671 0.022 -0.052 -0.739 0.959 0.000 -0.165 -0.229 0.956 0.000 0.142 -0.257 0.961 0.000 -0.177 -0.212 0.954 -0.000 0.079 -0.291 0.636 0.000 -0.766 0.094 0.994 0.000 0.102 0.047 0.613 0.000 -0.788 0.058 0.992 0.000 0.113 0.058 
-0.671 0.022 -0.051 -0.740 0.958 0.000 -0.172 -0.228 0.956 0.000 0.140 -0.258 0.960 0.000 -0.184 -0.210 0.953 -0.000 0.079 -0.291 0.635 0.000 -0.767 0.093 0.994 0.000 0.103 0.047 0.613 0.000 -0.788 0.057 0.992 0.000 0.113 0.058 
-0.670 0.021 -0.051 -0.740 0.958 0.000 -0.178 -0.227 0.956 0.000 0.138 -0.259 0.959 0.000 -0.190 -0.209 0.954 0.000 0.077 -0.291 0.635 -0.000 -0.767 0.093 0.994 -0.000 0.102 0.047 0.613 0.000 -0.788 0.056 0.992 0.000 0.113 0.058 
-0.670 0.021 -0.050 -0.740 0.957 0.000 -0.184 -0.225 0.956 0.000 0.137 -0.260 0.958 0.000 -0.198 -0.208 0.954 0.000 0.076 -0.289 0.635 0.000 -0.767 0.092 0.994 0.000 0.102 0.047 0.613 0.000 -0.788 0.055 0.992 0.000 0.113 0.058 
-0.670 0.021 -0.050 -0.741 0.956 -0.000 -0.190 -0.223 0.956 0.000 0.135 -0.261 0.957 0.000 -0.200 -0.208 0.955 -0.000 0.072 -0.286 0.635 0.000 -0.767 0.092 0.994 0.000 0.102 0.047 0.613 0.000 -0.788 0.055 0.992 0.000 0.113 0.058 
-0.669 0.020 -0.050 -0.741 0.956 0.000 -0.195 -0.221 0.956 -0.000 0.132 -0.262 0.956 0.000 -0.211 -0.203 0.954 0.000 0.074 -0.289 0.636 0.000 -0.766 0.090 0.994 0.000 0.102 0.047 0.613 0.000 -0.788 0.053 0.992 0.000 0.113 0.059 
-0.669 0.020 -0.050 -0.741 0.955 0.000 -0.201 -0.219 0.956 0.000 0.130 -0.262 0.955 0.000 -0.217 -0.202 0.955 0.000 0.072 -0.287 0.636 0.000 -0.766 0.090 0.994 0.000 0.102 0.047 0.613 0.000 -0.788 0.053 0.992 0.000 0.113 0.059 
-0.669 0.019 -0.049 -0.741 0.955 0.000 -0.206 -0.215 0.956 0.000 0.127 -0.263 0.954 0.000 -0.223 -0.199 0.955 0.000 0.073 -0.286 0.636 0.000 -0.767 0.089 0.994 0.000 0.102 0.048 0.613 -0.000 -0.788 0.051 0.992 0.000 0.113 0.059 
-0.669 0.019 -0.049 -0.742 0.954 0.000 -0.212 -0.212 0.957 0.000 0.124 -0.263 0.953 0.000 -0.228 -0.197 0.957 0.000 0.071 -0.283 0.636 0.000 -0.767 0.089 0.994 0.000 0.102 0.048 0.613 -0.000 -0.788 0.051 0.992 0.000 0.113 0.059 
-0.668 0.019 -0.049 -0.742 0.953 0.000 -0.218 -0.209 0.957 0.000 0.121 -0.263 0.952 0.000 -0.233 -0.197 0.958 0.000 0.070 -0.278 0.636 0.000 -0.767 0.089 0.994 0.000 0.102 0.047 0.613 0.000 -0.788 0.051 0.992 0.000 0.113 0.059 
-0.668 0.019 -0.049 -0.742 0.953 0.000 -0.223 -0.205 0.957 0.000 0.119 -0.263 0.952 0.000 -0.238 -0.194 0.959 -0.000 0.069 -0.276 0.636 0.000 -0.767 0.088 0.994 0.000 0.102 0.047 0.613 0.000 -0.788 0.050 0.992 0.000 0.113 0.059 
-0.668 0.018 -0.048 -0.742 0.952 0.000 -0.229 -0.202 0.958 0.000 0.116 -0.263 0.951 0.000 -0.245 -0.188 0.959 0.000 0.070 -0.275 0.635 0.000 -0.767 0.087 0.994 0.000 0.102 0.047 0.613 0.000 -0.788 0.049 0.992 0.000 0.113 0.059 
-0.668 0.018 -0.048 -0.743 0.952 0.000 -0.235 -0.198 0.958 0.000 0.114 -0.262 0.950 -0.000 -0.250 -0.185 0.959 0.000 0.070 -0.273 0.636 0.000 -0.767 0.087 0.994 0.000 0.102 0.047 0.613 0.000 -0.788 0.049 0.992 -0.000 0.113 0.059 
-0.668 0.018 -0.048 -0.743 0.951 0.000 -0.240 -0.195 0.959 -0.000 0.111 -0.261 0.950 0.000 -0.254 -0.182 0.961 0.000 0.069 -0.269 0.636 0.000 -0.767 0.087 0.994 0.000 0.102 0.048 0.613 0.000 -0.788 0.049 0.992 0.000 0.113 0.059 
-0.668 0.017 -0.048 -0.742 0.951 0.000 -0.245 -0.191 0.960 0.000 0.108 -0.260 0.949 0.000 -0.262 -0.177 0.961 -0.000 0.072 -0.266 0.636 0.000 -0.767 0.085 0.994 0.000 0.101 0.048 0.613 0.000 -0.789 0.047 0.992 -0.000 0.112 0.059 
-0.668 0.017 -0.048 -0.743 0.950 -0.000 -0.250 -0.186 0.960 0.000 0.105 -0.259 0.948 0.000 -0.266 -0.174 0.962 0.000 0.072 -0.262 0.636 -0.000 -0.767 0.086 0.994 0.000 0.102 0.048 0.613 0.000 -0.789 0.048 0.992 0.000 0.112 0.059 
-0.668 0.017 -0.047 -0.743 0.949 0.000 -0.255 -0.182 0.961 0.000 0.103 -0.257 0.948 -0.000 -0.271 -0.170 0.964 0.000 0.071 -0.256 0.636 0.000 -0.767 0.084 0.994 0.000 0.101 0.049 0.613 0.000 -0.789 0.046 0.992 0.000 0.113 0.060 
-0.668 0.016 -0.047 -0.743 0.949 0.000 -0.260 -0.178 0.962 0.000 0.101 -0.256 0.947 -0.000 -0.275 -0.164 0.965 0.000 0.071 -0.253 0.636 0.000 -0.767 0.084 0.994 0.000 0.101 0.049 0.613 0.000 -0.789 0.046 0.992 0.000 0.113 0.060 
-0.668 0.016 -0.047 -0.743 0.948 -0.000 -0.265 -0.173 0.962 0.000 0.099 -0.253 0.946 0.000 -0.281 -0.160 0.967 0.000 0.075 -0.245 0.636 0.000 -0.767 0.083 0.994 0.000 0.101 0.049 0.613 0.000 -0.789 0.045 0.992 0.000 0.113 0.060 
-0.668 0.016 -0.046 -0.743 0.948 0.000 -0.270 -0.168 0.963 0.000 0.097 -0.251 0.946 -0.000 -0.286 -0.155 0.968 0.000 0.075 -0.239 0.636 -0.000 -0.767 0.082 0.994 -0.000 0.101 0.049 0.613 0.000 -0.789 0.044 0.992 0.000 0.112 0.060 
-0.668 0.016 -0.046 -0.743 0.948 0.000 -0.275 -0.163 0.964 0.000 0.095 -0.249 0.946 0.000 -0.289 -0.150 0.970 -0.000 0.074 -0.233 0.635 0.000 -0.768 0.082 0.994 0.000 0.102 0.049 0.613 0.000 -0.789 0.044 0.992 0.000 0.113 0.060 
-0.668 0.016 -0.046 -0.743 0.947 -0.000 -0.279 -0.158 0.965 0.000 0.093 -0.246 0.945 0.000 -0.292 -0.146 0.971 0.000 0.074 -0.226 0.635 0.000 -0.768 0.082 0.994 0.000 0.102 0.049 0.613 0.000 -0.789 0.044 0.992 0.000 0.112 0.060 
-0.668 0.016 -0.045 -0.743 0.947 0.000 -0.284 -0.153 0.966 0.000 0.092 -0.243 0.945 0.000 -0.296 -0.139 0.972 0.000 0.075 -0.222 0.635 -0.000 -0.768 0.081 0.994 0.000 0.102 0.049 0.613 0.000 -0.789 0.043 0.992 0.000 0.113 0.061 
-0.668 0.015 -0.045 -0.743 0.946 0.000 -0.287 -0.148 0.967 0.000 0.090 -0.240 0.944 0.000 -0.300 -0.134 0.974 0.000 0.075 -0.213 0.636 -0.000 -0.768 0.081 0.994 -0.000 0.101 0.049 0.613 0.000 -0.789 0.042 0.992 0.000 0.112 0.061 
-0.668 0.015 -0.045 -0.742 0.946 0.000 -0.291 -0.143 0.968 -0.000 0.088 -0.237 0.945 0.000 -0.302 -0.129 0.976 0.000 0.073 -0.206 0.636 0.000 -0.768 0.080 0.994 0.000 0.101 0.050 0.613 0.000 -0.789 0.042 0.992 0.000 0.113 0.061 
-0.668 0.015 -0.045 -0.742 0.946 0.000 -0.295 -0.137 0.969 0.000 0.086 -0.233 0.945 0.000 -0.304 -0.123 0.978 0.000 0.071 -0.198 0.636 0.000 -0.768 0.079 0.994 0.000 0.101 0.050 0.613 0.000 -0.789 0.041 0.992 0.000 0.113 0.061 
-0.668 0.014 -0.044 -0.742 0.945 0.000 -0.298 -0.132 0.970 0.000 0.084 -0.229 0.945 0.000 -0.305 -0.117 0.979 0.000 0.069 -0.193 0.636 -0.000 -0.768 0.079 0.994 0.000 0.101 0.050 0.613 0.000 -0.789 0.041 0.992 0.000 0.112 0.061 
-0.668 0.014 -0.044 -0.742 0.945 -0.000 -0.301 -0.126 0.971 0.000 0.081 -0.226 0.946 0.000 -0.306 -0.109 0.979 0.000 0.066 -0.191 0.635 0.000 -0.768 0.079 0.994 0.000 0.101 0.050 0.613 0.000 -0.789 0.041 0.992 -0.000 0.112 0.061 
-0.669 0.014 -0.044 -0.742 0.945 0.000 -0.304 -0.121 0.972 0.000 0.078 -0.222 0.946 0.000 -0.308 -0.102 0.980 0.000 0.065 -0.187 0.635 0.000 -0.768 0.078 0.994 0.000 0.102 0.050 0.613 0.000 -0.789 0.040 0.992 0.000 0.112 0.061 
-0.669 0.014 -0.044 -0.742 0.945 0.000 -0.306 -0.115 0.973 0.000 0.076 -0.219 0.946 0.000 -0.309 -0.095 0.981 0.000 0.063 -0.182 0.635 -0.000 -0.768 0.077 0.994 0.000 0.102 0.050 0.613 0.000 -0.789 0.040 0.992 0.000 0.112 0.061 
-0.669 0.013 -0.043 -0.742 0.945 0.000 -0.308 -0.109 0.974 0.000 0.074 -0.215 0.947 0.000 -0.310 -0.088 0.982 0.000 0.062 -0.177 0.635 0.000 -0.768 0.077 0.994 -0.000 0.101 0.050 0.613 -0.000 -0.789 0.039 0.992 0.000 0.112 0.061 
-0.669 0.013 -0.043 -0.742 0.945 0.000 -0.310 -0.101 0.975 0.000 0.072 -0.212 0.947 0.000 -0.310 -0.082 0.983 0.000 0.061 -0.173 0.635 -0.000 -0.769 0.076 0.994 0.000 0.101 0.051 0.613 0.000 -0.789 0.038 0.992 0.000 0.112 0.062 
-0.670 0.013 -0.042 -0.741 0.945 0.000 -0.312 -0.095 0.975 0.000 0.070 -0.209 0.948 0.000 -0.309 -0.074 0.984 -0.000 0.060 -0.169 0.635 -0.000 -0.769 0.076 0.994 -0.000 0.102 0.050 0.613 0.000 -0.789 0.038 0.992 0.000 0.112 0.062 
-0.670 0.013 -0.042 -0.741 0.946 0.000 -0.313 -0.088 0.976 -0.000 0.068 -0.206 0.949 -0.000 -0.310 -0.066 0.984 0.000 0.059 -0.166 0.635 0.000 -0.768 0.075 0.994 0.000 0.101 0.051 0.613 0.000 -0.789 0.038 0.992 0.000 0.112 0.061 
-0.670 0.013 -0.042 -0.741 0.946 0.000 -0.314 -0.081 0.977 -0.000 0.066 -0.202 0.949 0.000 -0.309 -0.057 0.985 0.000 0.058 -0.165 0.636 0.000 -0.768 0.075 0.994 -0.000 0.101 0.051 0.613 -0.000 -0.789 0.038 0.992 0.000 0.112 0.061 
-0.670 0.013 -0.041 -0.741 0.946 0.000 -0.315 -0.073 0.978 -0.000 0.064 -0.199 0.950 0.000 -0.309 -0.049 0.985 0.000 0.058 -0.164 0.635 0.000 -0.769 0.074 0.994 0.000 0.101 0.051 0.613 0.000 -0.789 0.037 0.992 0.000 0.112 0.061 
-0.671 0.013 -0.041 -0.741 0.947 0.000 -0.315 -0.066 0.979 0.000 0.063 -0.195 0.950 0.000 -0.308 -0.041 0.985 0.000 0.058 -0.162 0.635 0.000 -0.769 0.074 0.994 -0.000 0.101 0.050 0.613 0.000 -0.789 0.037 0.992 -0.000 0.112 0.061 
-0.671 0.012 -0.041 -0.741 0.947 0.000 -0.314 -0.059 0.979 -0.000 0.061 -0.192 0.951 0.000 -0.309 -0.034 0.985 0.000 0.060 -0.160 0.635 -0.000 -0.769 0.074 0.994 0.000 0.101 0.050 0.613 0.000 -0.789 0.037 0.992 0.000 0.112 0.061 
-0.671 0.012 -0.041 -0.740 0.948 0.000 -0.314 -0.051 0.980 0.000 0.060 -0.189 0.952 0.000 -0.306 -0.026 0.986 -0.000 0.059 -0.158 0.635 0.000 -0.769 0.074 0.994 0.000 0.101 0.050 0.613 0.000 -0.789 0.037 0.992 0.000 0.112 0.062 
-0.671 0.011 -0.041 -0.740 0.949 0.000 -0.312 -0.043 0.981 0.000 0.059 -0.188 0.952 0.000 -0.307 -0.017 0.985 -0.000 0.062 -0.159 0.636 0.000 -0.768 0.073 0.994 0.000 0.101 0.050 0.613 0.000 -0.789 0.036 0.992 -0.000 0.112 0.062 
-0.671 0.011 -0.041 -0.740 0.950 0.000 -0.311 -0.035 0.981 0.000 0.058 -0.185 0.953 -0.000 -0.304 -0.011 0.986 0.000 0.062 -0.157 0.636 0.000 -0.768 0.073 0.994 0.000 0.101 0.050 0.613 -0.000 -0.789 0.036 0.992 0.000 0.112 0.062 
-0.671 0.011 -0.041 -0.740 0.951 0.000 -0.309 -0.028 0.981 0.000 0.058 -0.183 0.953 -0.000 -0.303 -0.002 0.986 -0.000 0.063 -0.157 0.636 0.000 -0.768 0.071 0.994 0.000 0.101 0.051 0.613 0.000 -0.790 0.035 0.992 0.000 0.112 0.062 
-0.671 0.011 -0.041 -0.740 0.951 0.000 -0.307 -0.019 0.982 0.000 0.058 -0.181 0.954 0.000 -0.301 0.005 0.986 0.000 0.065 -0.156 0.636 0.000 -0.768 0.072 0.994 0.000 0.101 0.051 0.613 0.000 -0.790 0.035 0.992 0.000 0.112 0.062 
-0.671 0.011 -0.040 -0.740 0.952 -0.000 -0.305 -0.011 0.982 0.000 0.059 -0.180 0.954 0.000 -0.298 0.013 0.985 0.000 0.065 -0.158 0.636 -0.000 -0.768 0.071 0.994 0.000 0.101 0.051 0.613 0.000 -0.790 0.034 0.992 -0.000 0.112 0.063 
-0.671 0.010 -0.040 -0.740 0.953 0.000 -0.303 -0.003 0.982 0.000 0.060 -0.179 0.954 0.000 -0.298 0.023 0.984 0.000 0.071 -0.163 0.636 0.000 -0.768 0.070 0.994 0.000 0.101 0.051 0.612 0.000 -0.790 0.033 0.992 0.000 0.112 0.063 
-0.670 0.010 -0.039 -0.741 0.954 -0.000 -0.301 0.005 0.983 0.000 0.061 -0.175 0.955 0.000 -0.296 0.030 0.984 0.000 0.073 -0.163 0.636 0.000 -0.769 0.070 0.994 0.000 0.101 0.051 0.613 0.000 -0.790 0.032 0.992 0.000 0.112 0.063 
-0.670 0.010 -0.039 -0.741 0.955 0.000 -0.298 0.014 0.982 0.000 0.062 -0.176 0.955 0.000 -0.295 0.035 0.984 0.000 0.078 -0.160 0.636 0.000 -0.769 0.070 0.994 0.000 0.101 0.051 0.613 0.000 -0.790 0.032 0.992 0.000 0.112 0.063 
-0.670 0.010 -0.039 -0.741 0.955 0.000 -0.295 0.022 0.982 0.000 0.064 -0.175 0.956 0.000 -0.291 0.041 0.984 0.000 0.078 -0.158 0.636 0.000 -0.768 0.070 0.994 0.000 0.101 0.051 0.613 0.000 -0.790 0.032 0.992 0.000 0.111 0.063 
-0.670 0.010 -0.039 -0.742 0.956 0.000 -0.292 0.030 0.982 0.000 0.066 -0.175 0.956 0.000 -0.289 0.047 0.984 0.000 0.081 -0.157 0.636 0.000 -0.768 0.070 0.994 0.000 0.101 0.051 0.613 0.000 -0.790 0.031 0.992 0.000 0.111 0.064 
-0.669 0.009 -0.039 -0.742 0.957 0.000 -0.289 0.037 0.982 0.000 0.068 -0.175 0.957 0.000 -0.285 0.052 0.985 -0.000 0.082 -0.154 0.636 0.000 -0.769 0.069 0.994 0.000 0.101 0.051 0.612 0.000 -0.790 0.030 0.992 0.000 0.112 0.064 
-0.669 0.009 -0.039 -0.742 0.958 0.000 -0.284 0.044 0.982 0.000 0.070 -0.174 0.958 -0.000 -0.282 0.058 0.985 0.000 0.083 -0.154 0.637 0.000 -0.768 0.069 0.994 0.000 0.101 0.052 0.612 0.000 -0.790 0.030 0.992 0.000 0.111 0.064 
-0.669 0.009 -0.039 -0.743 0.959 0.000 -0.280 0.051 0.982 0.000 0.072 -0.175 0.959 0.000 -0.278 0.062 0.985 0.000 0.085 -0.151 0.637 0.000 -0.768 0.069 0.994 0.000 0.101 0.052 0.612 0.000 -0.790 0.030 0.992 0.000 0.111 0.064 
-0.668 0.009 -0.039 -0.743 0.959 0.000 -0.276 0.058 0.982 0.000 0.073 -0.174 0.959 0.000 -0.274 0.067 0.985 0.000 0.086 -0.151 0.637 -0.000 -0.768 0.068 0.994 0.000 0.101 0.052 0.612 0.000 -0.790 0.029 0.992 0.000 0.111 0.065 
-0.668 0.008 -0.039 -0.743 0.960 0.000 -0.271 0.064 0.982 0.000 0.075 -0.174 0.960 0.000 -0.270 0.071 0.985 0.000 0.087 -0.148 0.637 -0.000 -0.768 0.069 0.994 0.000 0.101 0.052 0.612 0.000 -0.790 0.029 0.992 -0.000 0.111 0.065 
-0.667 0.009 -0.039 -0.744 0.961 0.000 -0.268 0.069 0.982 0.000 0.079 -0.172 0.961 0.000 -0.265 0.075 0.985 0.000 0.088 -0.148 0.636 0.000 -0.768 0.069 0.993 0.000 0.101 0.052 0.612 0.000 -0.790 0.029 0.992 -0.000 0.112 0.065 
-0.666 0.009 -0.039 -0.745 0.962 0.000 -0.263 0.074 0.982 -0.000 0.082 -0.170 0.962 -0.000 -0.261 0.079 0.985 -0.000 0.089 -0.147 0.636 0.000 -0.768 0.069 0.993 0.000 0.101 0.052 0.612 0.000 -0.790 0.028 0.992 0.000 0.111 0.065 
-0.666 0.009 -0.039 -0.745 0.963 0.000 -0.257 0.079 0.982 0.000 0.083 -0.169 0.963 -0.000 -0.256 0.083 0.985 -0.000 0.090 -0.147 0.636 -0.000 -0.768 0.069 0.993 0.000 0.101 0.052 0.612 0.000 -0.790 0.028 0.992 0.000 0.112 0.065 
-0.665 0.009 -0.039 -0.745 0.964 0.000 -0.253 0.083 0.982 0.000 0.088 -0.167 0.964 0.000 -0.251 0.086 0.985 0.000 0.090 -0.146 0.636 -0.000 -0.768 0.069 0.993 0.000 0.101 0.052 0.612 0.000 -0.791 0.028 0.992 0.000 0.112 0.065 
-0.665 0.009 -0.039 -0.746 0.965 0.000 -0.247 0.087 0.982 0.000 0.089 -0.166 0.965 0.000 -0.246 0.089 0.985 0.000 0.091 -0.144 0.636 -0.000 -0.768 0.069 0.994 0.000 0.101 0.052 0.612 0.000 -0.790 0.028 0.992 0.000 0.112 0.065 
-0.665 0.008 -0.039 -0.746 0.966 0.000 -0.241 0.091 0.982 -0.000 0.090 -0.165 0.966 0.000 -0.242 0.091 0.985 0.000 0.094 -0.143 0.637 0.000 -0.768 0.069 0.994 0.000 0.101 0.052 0.612 0.000 -0.791 0.028 0.992 0.000 0.112 0.065 
-0.664 0.008 -0.039 -0.746 0.968 0.000 -0.235 0.094 0.982 0.000 0.091 -0.164 0.967 0.000 -0.236 0.093 0.986 -0.000 0.095 -0.140 0.637 0.000 -0.768 0.070 0.994 -0.000 0.101 0.052 0.612 0.000 -0.791 0.029 0.992 0.000 0.112 0.064 
-0.664 0.008 -0.040 -0.747 0.969 -0.000 -0.228 0.098 0.982 0.000 0.092 -0.164 0.968 0.000 -0.231 0.094 0.985 0.000 0.096 -0.140 0.637 -0.000 -0.768 0.070 0.994 -0.000 0.101 0.052 0.612 0.000 -0.791 0.029 0.992 0.000 0.112 0.064 
-0.664 0.009 -0.039 -0.747 0.970 -0.000 -0.222 0.102 0.982 -0.000 0.093 -0.163 0.970 0.000 -0.225 0.096 0.986 0.000 0.097 -0.138 0.636 0.000 -0.768 0.070 0.994 0.000 0.101 0.052 0.612 -0.000 -0.790 0.028 0.992 0.000 0.112 0.064 
-0.663 0.009 -0.039 -0.747 0.971 -0.000 -0.215 0.105 0.982 0.000 0.094 -0.162 0.971 0.000 -0.220 0.098 0.986 0.000 0.099 -0.137 0.636 0.000 -0.768 0.070 0.994 0.000 0.101 0.052 0.612 0.000 -0.790 0.028 0.992 0.000 0.112 0.064 
-0.663 0.008 -0.039 -0.748 0.972 0.000 -0.209 0.108 0.982 0.000 0.095 -0.163 0.972 0.000 -0.215 0.099 0.986 0.000 0.100 -0.136 0.636 -0.000 -0.768 0.070 0.994 0.000 0.101 0.052 0.612 0.000 -0.791 0.028 0.992 0.000 0.112 0.064 
-0.663 0.008 -0.039 -0.748 0.973 0.000 -0.202 0.110 0.982 0.000 0.097 -0.162 0.973 0.000 -0.210 0.100 0.986 0.000 0.101 -0.136 0.637 0.000 -0.768 0.070 0.994 0.000 0.101 0.052 0.612 0.000 -0.791 0.028 0.992 0.000 0.112 0.064 
-0.662 0.008 -0.039 -0.748 0.974 0.000 -0.196 0.112 0.982 0.000 0.098 -0.161 0.974 0.000 -0.203 0.102 0.985 0.000 0.101 -0.137 0.637 0.000 -0.768 0.070 0.994 0.000 0.100 0.052 0.612 0.000 -0.791 0.027 0.992 0.000 0.112 0.065 
-0.662 0.008 -0.039 -0.748 0.975 0.000 -0.189 0.113 0.982 -0.000 0.099 -0.162 0.975 0.000 -0.198 0.102 0.985 -0.000 0.104 -0.136 0.636 0.000 -0.768 0.070 0.994 0.000 0.101 0.052 0.612 0.000 -0.790 0.027 0.992 -0.000 0.112 0.065 
-0.662 0.008 -0.039 -0.748 0.977 0.000 -0.183 0.114 0.982 -0.000 0.101 -0.161 0.976 0.000 -0.193 0.102 0.985 0.000 0.105 -0.135 0.637 -0.000 -0.768 0.070 0.994 -0.000 0.100 0.052 0.612 0.000 -0.791 0.027 0.992 0.000 0.112 0.065 
-0.662 0.008 -0.039 -0.748 0.978 0.000 -0.176 0.115 0.982 0.000 0.103 -0.162 0.977 0.000 -0.188 0.102 0.985 0.000 0.106 -0.135 0.637 0.000 -0.768 0.070 0.994 0.000 0.100 0.052 0.612 0.000 -0.791 0.027 0.992 0.000 0.112 0.064 
-0.662 0.008 -0.039 -0.748 0.979 0.000 -0.170 0.116 0.981 0.000 0.105 -0.161 0.978 0.000 -0.182 0.102 0.985 0.000 0.107 -0.135 0.637 0.000 -0.767 0.070 0.994 0.000 0.100 0.051 0.612 0.000 -0.791 0.027 0.992 0.000 0.112 0.065 
-0.662 0.008 -0.039 -0.748 0.980 0.000 -0.164 0.116 0.981 -0.000 0.108 -0.161 0.979 0.000 -0.177 0.102 0.985 0.000 0.109 -0.135 0.637 0.000 -0.768 0.071 0.994 0.000 0.100 0.051 0.612 0.000 -0.790 0.028 0.992 0.000 0.112 0.064 
-0.662 0.008 -0.039 -0.748 0.981 0.000 -0.159 0.116 0.981 0.000 0.111 -0.160 0.980 0.000 -0.172 0.101 0.985 -0.000 0.111 -0.135 0.637 -0.000 -0.768 0.071 0.994 0.000 0.100 0.051 0.612 0.000 -0.791 0.028 0.992 0.000 0.112 0.064 
-0.662 0.009 -0.040 -0.748 0.981 0.000 -0.153 0.116 0.981 0.000 0.113 -0.160 0.981 0.000 -0.167 0.100 0.985 0.000 0.112 -0.134 0.637 -0.000 -0.768 0.071 0.994 0.000 0.100 0.051 0.612 0.000 -0.791 0.028 0.992 0.000 0.112 0.064 
-0.662 0.009 -0.040 -0.748 0.982 0.000 -0.147 0.115 0.980 0.000 0.116 -0.159 0.982 0.000 -0.162 0.099 0.984 0.000 0.114 -0.134 0.637 0.000 -0.768 0.072 0.994 0.000 0.100 0.051 0.612 -0.000 -0.791 0.029 0.992 -0.000 0.112 0.064 
-0.662 0.009 -0.040 -0.748 0.983 0.000 -0.142 0.113 0.980 0.000 0.118 -0.158 0.983 0.000 -0.156 0.097 0.984 0.000 0.115 -0.134 0.637 -0.000 -0.768 0.072 0.994 0.000 0.100 0.050 0.612 0.000 -0.791 0.029 0.992 0.000 0.112 0.064 
-0.663 0.009 -0.040 -0.748 0.984 -0.000 -0.136 0.111 0.980 0.000 0.120 -0.158 0.984 0.000 -0.152 0.096 0.984 0.000 0.117 -0.133 0.637 0.000 -0.767 0.072 0.994 0.000 0.100 0.050 0.611 0.000 -0.791 0.029 0.992 0.000 0.112 0.064 
-0.663 0.009 -0.041 -0.748 0.986 0.000 -0.130 0.108 0.980 0.000 0.122 -0.157 0.985 0.000 -0.147 0.094 0.984 0.000 0.118 -0.133 0.637 0.000 -0.767 0.073 0.994 0.000 0.100 0.050 0.611 0.000 -0.791 0.030 0.992 0.000 0.112 0.064 
-0.663 0.009 -0.041 -0.747 0.987 0.000 -0.124 0.106 0.980 0.000 0.123 -0.156 0.986 0.000 -0.142 0.092 0.984 0.000 0.120 -0.132 0.637 0.000 -0.767 0.073 0.994 0.000 0.100 0.050 0.611 0.000 -0.791 0.031 0.992 0.000 0.112 0.064 
-0.663 0.010 -0.041 -0.747 0.988 0.000 -0.118 0.103 0.980 0.000 0.124 -0.156 0.986 0.000 -0.137 0.090 0.984 -0.000 0.121 -0.132 0.637 0.000 -0.767 0.074 0.994 0.000 0.100 0.050 0.611 0.000 -0.791 0.031 0.992 0.000 0.112 0.064 
-0.663 0.010 -0.041 -0.747 0.989 0.000 -0.112 0.100 0.980 -0.000 0.125 -0.156 0.987 0.000 -0.132 0.087 0.984 0.000 0.122 -0.132 0.637 0.000 -0.767 0.075 0.994 0.000 0.100 0.050 0.612 0.000 -0.790 0.032 0.992 0.000 0.112 0.063 
-0.664 0.010 -0.042 -0.747 0.990 -0.000 -0.106 0.096 0.980 0.000 0.126 -0.156 0.988 0.000 -0.127 0.084 0.984 0.000 0.123 -0.132 0.637 0.000 -0.767 0.075 0.994 0.000 0.100 0.050 0.612 0.000 -0.790 0.032 0.992 0.000 0.112 0.063 
-0.664 0.011 -0.042 -0.747 0.991 0.000 -0.100 0.093 0.980 0.000 0.127 -0.156 0.989 -0.000 -0.122 0.081 0.984 0.000 0.124 -0.131 0.637 0.000 -0.767 0.076 0.994 -0.000 0.100 0.049 0.612 0.000 -0.790 0.033 0.992 -0.000 0.112 0.063 
-0.664 0.011 -0.042 -0.746 0.992 -0.000 -0.094 0.088 0.980 0.000 0.128 -0.155 0.990 0.000 -0.116 0.079 0.983 -0.000 0.125 -0.132 0.637 0.000 -0.767 0.076 0.994 0.000 0.100 0.050 0.612 0.000 -0.790 0.034 0.992 0.000 0.112 0.063 
-0.664 0.011 -0.042 -0.746 0.993 0.000 -0.088 0.084 0.979 -0.000 0.128 -0.156 0.991 -0.000 -0.111 0.075 0.984 0.000 0.125 -0.130 0.637 0.000 -0.767 0.077 0.994 0.000 0.100 0.050 0.612 0.000 -0.790 0.035 0.992 -0.000 0.112 0.063 
-0.665 0.011 -0.043 -0.746 0.993 0.000 -0.081 0.080 0.979 0.000 0.129 -0.157 0.992 0.000 -0.106 0.072 0.983 0.000 0.126 -0.131 0.637 0.000 -0.767 0.076 0.994 0.000 0.100 0.050 0.612 0.000 -0.790 0.035 0.992 0.000 0.112 0.063 
-0.665 0.012 -0.043 -0.745 0.994 0.000 -0.075 0.076 0.979 -0.000 0.129 -0.158 0.993 0.000 -0.101 0.068 0.984 0.000 0.126 -0.128 0.637 0.000 -0.767 0.077 0.994 0.000 0.100 0.049 0.612 -0.000 -0.790 0.036 0.992 0.000 0.112 0.063 
-0.665 0.012 -0.043 -0.745 0.995 -0.000 -0.069 0.071 0.979 0.000 0.129 -0.158 0.993 0.000 -0.096 0.065 0.983 0.000 0.127 -0.129 0.637 0.000 -0.767 0.078 0.994 0.000 0.100 0.049 0.612 -0.000 -0.790 0.036 0.992 -0.000 0.112 0.063 
-0.666 0.012 -0.044 -0.745 0.996 -0.000 -0.064 0.066 0.979 0.000 0.130 -0.158 0.994 0.000 -0.091 0.060 0.983 0.000 0.127 -0.129 0.637 -0.000 -0.767 0.078 0.994 0.000 0.100 0.049 0.612 -0.000 -0.790 0.037 0.992 0.000 0.112 0.063 
-0.666 0.013 -0.044 -0.745 0.996 0.000 -0.058 0.062 0.978 0.000 0.131 -0.160 0.995 -0.000 -0.085 0.056 0.983 -0.000 0.128 -0.129 0.637 0.000 -0.767 0.079 0.994 0.000 0.101 0.049 0.612 0.000 -0.790 0.038 0.992 0.000 0.112 0.063 
-0.666 0.013 -0.044 -0.745 0.997 0.000 -0.053 0.057 0.978 -0.000 0.131 -0.162 0.995 0.000 -0.081 0.052 0.983 -0.000 0.129 -0.130 0.637 0.000 -0.767 0.079 0.994 0.000 0.100 0.049 0.612 0.000 -0.790 0.038 0.992 0.000 0.112 0.063 
-0.666 0.013 -0.044 -0.744 0.998 0.000 -0.048 0.052 0.978 0.000 0.132 -0.162 0.996 -0.000 -0.076 0.048 0.983 0.000 0.130 -0.130 0.637 0.000 -0.767 0.080 0.994 0.000 0.101 0.049 0.612 0.000 -0.790 0.039 0.992 0.000 0.112 0.063 
-0.666 0.014 -0.044 -0.744 0.998 0.000 -0.043 0.047 0.978 0.000 0.134 -0.163 0.996 0.000 -0.072 0.044 0.983 0.000 0.131 -0.131 0.637 0.000 -0.767 0.080 0.994 -0.000 0.101 0.049 0.612 -0.000 -0.790 0.039 0.992 0.000 0.113 0.063 
-0.667 0.013 -0.045 -0.744 0.998 0.000 -0.038 0.041 0.977 0.000 0.135 -0.164 0.997 0.000 -0.068 0.040 0.983 0.000 0.132 -0.130 0.637 0.000 -0.767 0.080 0.994 0.000 0.101 0.049 0.612 -0.000 -0.790 0.040 0.992 -0.000 0.113 0.062 
-0.667 0.014 -0.045 -0.744 0.999 0.000 -0.034 0.036 0.977 0.000 0.135 -0.165 0.997 0.000 -0.064 0.036 0.982 0.000 0.133 -0.130 0.637 0.000 -0.767 0.081 0.994 0.000 0.101 0.049 0.612 0.000 -0.790 0.040 0.992 0.000 0.113 0.063 
-0.667 0.014 -0.045 -0.743 0.999 0.000 -0.030 0.030 0.977 0.000 0.136 -0.165 0.998 0.000 -0.061 0.030 0.982 0.000 0.134 -0.131 0.637 -0.000 -0.767 0.081 0.994 0.000 0.101 0.049 0.612 -0.000 -0.790 0.041 0.992 0.000 0.113 0.063 
-0.667 0.014 -0.046 -0.743 0.999 0.000 -0.026 0.024 0.976 0.000 0.138 -0.166 0.998 0.000 -0.058 0.027 0.982 0.000 0.137 -0.133 0.637 -0.000 -0.767 0.082 0.994 0.000 0.101 0.049 0.612 0.000 -0.790 0.041 0.992 -0.000 0.113 0.063 
-0.668 0.014 -0.046 -0.743 1.000 0.000 -0.022 0.018 0.976 0.000 0.138 -0.166 0.998 0.000 -0.054 0.022 0.981 0.000 0.138 -0.135 0.637 0.000 -0.766 0.082 0.994 0.000 0.101 0.049 0.612 0.000 -0.790 0.042 0.992 0.000 0.113 0.063 
-0.668 0.014 -0.045 -0.743 1.000 0.000 -0.019 0.012 0.976 0.000 0.139 -0.167 0.999 0.000 -0.050 0.021 0.981 0.000 0.138 -0.137 0.636 0.000 -0.767 0.081 0.994 0.000 0.101 0.049 0.612 -0.000 -0.790 0.041 0.992 -0.000 0.113 0.062 
-0.668 0.015 -0.045 -0.743 1.000 0.000 -0.016 0.006 0.976 0.000 0.138 -0.166 0.999 0.000 -0.047 0.015 0.981 -0.000 0.139 -0.137 0.636 0.000 -0.767 0.081 0.994 0.000 0.101 0.049 0.612 0.000 -0.790 0.041 0.992 0.000 0.113 0.063 
-0.668 0.015 -0.046 -0.742 1.000 0.000 -0.013 -0.001 0.977 0.000 0.138 -0.166 0.999 0.000 -0.045 0.011 0.980 0.000 0.141 -0.139 0.636 0.000 -0.767 0.082 0.994 0.000 0.101 0.049 0.612 -0.000 -0.790 0.042 0.992 0.000 0.113 0.062 
-0.668 0.016 -0.046 -0.742 1.000 0.000 -0.010 -0.007 0.977 0.000 0.135 -0.168 0.999 0.000 -0.041 0.001 0.981 0.000 0.140 -0.135 0.636 0.000 -0.767 0.083 0.994 -0.000 0.101 0.049 0.612 0.000 -0.789 0.043 0.992 0.000 0.113 0.063 
-0.669 0.016 -0.047 -0.742 1.000 0.000 -0.007 -0.014 0.977 0.000 0.134 -0.167 0.999 0.000 -0.039 -0.004 0.980 0.000 0.142 -0.137 0.637 0.000 -0.766 0.083 0.994 0.000 0.101 0.049 0.612 0.000 -0.790 0.043 0.992 0.000 0.113 0.063 
-0.669 0.016 -0.047 -0.742 1.000 0.000 -0.005 -0.021 0.977 -0.000 0.133 -0.167 0.999 0.000 -0.040 -0.006 0.979 0.000 0.147 -0.142 0.637 0.000 -0.767 0.083 0.994 0.000 0.101 0.049 0.612 0.000 -0.790 0.043 0.992 0.000 0.113 0.063 
-0.669 0.016 -0.047 -0.742 1.000 0.000 -0.004 -0.028 0.977 -0.000 0.132 -0.167 0.999 -0.000 -0.038 -0.012 0.979 0.000 0.147 -0.143 0.637 0.000 -0.766 0.083 0.994 0.000 0.101 0.049 0.612 0.000 -0.790 0.044 0.992 0.000 0.113 0.063 
-0.669 0.016 -0.047 -0.742 0.999 0.000 -0.002 -0.035 0.977 0.000 0.131 -0.167 0.999 -0.000 -0.038 -0.018 0.978 0.000 0.150 -0.143 0.637 0.000 -0.767 0.083 0.994 0.000 0.101 0.050 0.612 0.000 -0.790 0.044 0.992 0.000 0.113 0.063 
-0.669 0.017 -0.048 -0.742 0.999 0.000 -0.002 -0.041 0.977 0.000 0.131 -0.168 0.999 0.000 -0.036 -0.028 0.978 0.000 0.151 -0.141 0.636 0.000 -0.767 0.085 0.994 0.000 0.102 0.049 0.612 0.000 -0.789 0.046 0.992 0.000 0.113 0.063 
-0.669 0.017 -0.048 -0.742 0.999 0.000 -0.002 -0.047 0.977 0.000 0.131 -0.169 0.999 0.000 -0.037 -0.034 0.978 0.000 0.154 -0.141 0.636 -0.000 -0.767 0.086 0.994 0.000 0.102 0.049 0.612 0.000 -0.789 0.046 0.992 0.000 0.113 0.063 
-0.668 0.018 -0.048 -0.742 0.999 0.000 -0.002 -0.053 0.977 -0.000 0.131 -0.170 0.999 0.000 -0.037 -0.039 0.976 0.000 0.157 -0.148 0.636 0.000 -0.767 0.086 0.994 0.000 0.102 0.049 0.612 0.000 -0.789 0.046 0.992 0.000 0.113 0.063 
-0.668 0.017 -0.048 -0.742 0.998 0.000 -0.002 -0.060 0.977 0.000 0.131 -0.169 0.998 0.000 -0.040 -0.043 0.975 0.000 0.163 -0.151 0.636 0.000 -0.767 0.085 0.994 0.000 0.102 0.050 0.612 0.000 -0.789 0.045 0.991 0.000 0.113 0.064 
-0.668 0.018 -0.048 -0.742 0.998 0.000 -0.002 -0.065 0.977 0.000 0.132 -0.170 0.998 0.000 -0.042 -0.050 0.975 0.000 0.167 -0.148 0.636 0.000 -0.767 0.086 0.994 0.000 0.102 0.050 0.612 0.000 -0.789 0.045 0.991 0.000 0.114 0.064 
-0.668 0.018 -0.049 -0.743 0.997 0.000 -0.003 -0.071 0.977 -0.000 0.131 -0.171 0.997 -0.000 -0.043 -0.064 0.976 0.000 0.166 -0.137 0.637 0.000 -0.766 0.087 0.994 0.000 0.101 0.050 0.612 0.000 -0.790 0.046 0.991 0.000 0.114 0.064 
-0.667 0.018 -0.050 -0.743 0.997 -0.000 -0.005 -0.076 0.976 0.000 0.133 -0.172 0.997 -0.000 -0.043 -0.071 0.976 0.000 0.168 -0.137 0.637 0.000 -0.766 0.087 0.994 0.000 0.101 0.050 0.612 -0.000 -0.789 0.046 0.991 0.000 0.114 0.064 
-0.667 0.018 -0.049 -0.743 0.997 0.000 -0.006 -0.083 0.976 0.000 0.134 -0.171 0.996 -0.000 -0.045 -0.074 0.975 0.000 0.170 -0.141 0.637 0.000 -0.766 0.086 0.994 0.000 0.101 0.051 0.612 0.000 -0.790 0.045 0.991 0.000 0.114 0.064 
-0.666 0.018 -0.050 -0.744 0.996 0.000 -0.008 -0.089 0.976 0.000 0.134 -0.170 0.996 0.000 -0.047 -0.082 0.975 0.000 0.171 -0.139 0.637 0.000 -0.766 0.086 0.994 0.000 0.102 0.051 0.612 0.000 -0.790 0.045 0.991 0.000 0.114 0.065 
-0.666 0.018 -0.049 -0.744 0.996 0.000 -0.010 -0.093 0.976 0.000 0.135 -0.173 0.995 -0.000 -0.049 -0.087 0.975 -0.000 0.173 -0.141 0.636 0.000 -0.767 0.087 0.994 0.000 0.102 0.050 0.612 0.000 -0.789 0.045 0.991 0.000 0.113 0.065 
-0.665 0.018 -0.050 -0.745 0.995 0.000 -0.011 -0.097 0.975 0.000 0.134 -0.176 0.994 0.000 -0.051 -0.094 0.975 0.000 0.174 -0.141 0.636 0.000 -0.767 0.087 0.994 0.000 0.102 0.050 0.612 0.000 -0.789 0.044 0.991 -0.000 0.113 0.065 
-0.665 0.019 -0.051 -0.745 0.995 -0.000 -0.013 -0.102 0.975 -0.000 0.134 -0.177 0.993 0.000 -0.054 -0.105 0.975 0.000 0.174 -0.136 0.637 0.000 -0.766 0.088 0.994 0.000 0.102 0.050 0.612 0.000 -0.790 0.046 0.991 0.000 0.114 0.065 
-0.665 0.018 -0.050 -0.745 0.994 0.000 -0.015 -0.107 0.975 0.000 0.134 -0.176 0.993 0.000 -0.055 -0.108 0.975 0.000 0.173 -0.140 0.637 0.000 -0.766 0.087 0.994 0.000 0.101 0.050 0.612 0.000 -0.790 0.044 0.991 0.000 0.114 0.065 
-0.664 0.019 -0.051 -0.746 0.993 0.000 -0.018 -0.113 0.975 0.000 0.134 -0.177 0.991 0.000 -0.057 -0.118 0.976 0.000 0.170 -0.134 0.637 0.000 -0.766 0.088 0.994 0.000 0.102 0.050 0.612 0.000 -0.790 0.045 0.991 0.000 0.114 0.065 
-0.664 0.019 -0.051 -0.746 0.993 -0.000 -0.021 -0.118 0.975 0.000 0.134 -0.176 0.990 0.000 -0.059 -0.125 0.976 0.000 0.170 -0.133 0.636 0.000 -0.766 0.088 0.994 0.000 0.102 0.050 0.612 0.000 -0.790 0.045 0.991 0.000 0.114 0.065 
-0.663 0.019 -0.051 -0.746 0.992 0.000 -0.024 -0.122 0.975 -0.000 0.134 -0.176 0.989 0.000 -0.062 -0.131 0.976 -0.000 0.170 -0.133 0.636 0.000 -0.766 0.088 0.994 -0.000 0.101 0.050 0.612 0.000 -0.790 0.045 0.991 0.000 0.114 0.065 
-0.663 0.019 -0.051 -0.747 0.992 0.000 -0.026 -0.126 0.975 0.000 0.132 -0.180 0.988 0.000 -0.064 -0.138 0.977 0.000 0.170 -0.133 0.636 0.000 -0.766 0.088 0.994 0.000 0.101 0.050 0.612 0.000 -0.790 0.045 0.991 0.000 0.114 0.064 
-0.663 0.019 -0.051 -0.747 0.991 0.000 -0.029 -0.131 0.975 0.000 0.132 -0.179 0.987 0.000 -0.067 -0.144 0.977 0.000 0.168 -0.133 0.636 0.000 -0.766 0.088 0.994 0.000 0.101 0.049 0.612 0.000 -0.790 0.045 0.991 0.000 0.114 0.064 
-0.662 0.019 -0.051 -0.747 0.990 0.000 -0.032 -0.135 0.975 0.000 0.132 -0.180 0.986 0.000 -0.069 -0.149 0.977 0.000 0.167 -0.134 0.636 0.000 -0.766 0.088 0.994 0.000 0.102 0.049 0.612 0.000 -0.790 0.045 0.991 0.000 0.114 0.064 
-0.662 0.019 -0.051 -0.747 0.990 0.000 -0.036 -0.139 0.975 0.000 0.132 -0.180 0.985 -0.000 -0.072 -0.155 0.977 -0.000 0.165 -0.134 0.636 0.000 -0.766 0.087 0.994 0.000 0.101 0.049 0.612 0.000 -0.790 0.044 0.991 -0.000 0.114 0.064 
-0.662 0.019 -0.050 -0.748 0.989 0.000 -0.039 -0.143 0.975 0.000 0.132 -0.181 0.984 -0.000 -0.075 -0.161 0.977 -0.000 0.163 -0.134 0.636 0.000 -0.766 0.087 0.994 0.000 0.101 0.049 0.612 0.000 -0.790 0.044 0.991 0.000 0.114 0.064 
-0.662 0.019 -0.050 -0.748 0.988 0.000 -0.043 -0.148 0.975 0.000 0.132 -0.182 0.983 0.000 -0.079 -0.163 0.976 -0.000 0.164 -0.141 0.636 0.000 -0.767 0.087 0.994 0.000 0.101 0.049 0.612 0.000 -0.790 0.043 0.991 -0.000 0.114 0.063 
-0.662 0.019 -0.050 -0.748 0.987 0.000 -0.047 -0.152 0.974 0.000 0.132 -0.182 0.982 0.000 -0.082 -0.168 0.977 0.000 0.163 -0.141 0.636 0.000 -0.767 0.086 0.994 -0.000 0.101 0.049 0.612 0.000 -0.790 0.043 0.992 0.000 0.114 0.063 
-0.662 0.018 -0.050 -0.748 0.987 0.000 -0.051 -0.156 0.974 -0.000 0.132 -0.182 0.981 0.000 -0.085 -0.173 0.977 -0.000 0.161 -0.142 0.636 -0.000 -0.767 0.086 0.994 0.000 0.101 0.049 0.612 0.000 -0.790 0.043 0.992 0.000 0.114 0.063 
-0.662 0.019 -0.050 -0.748 0.986 0.000 -0.055 -0.160 0.974 0.000 0.131 -0.182 0.980 0.000 -0.088 -0.179 0.977 0.000 0.159 -0.141 0.636 0.000 -0.767 0.086 0.994 0.000 0.101 0.049 0.612 0.000 -0.790 0.043 0.992 0.000 0.113 0.063 
-0.662 0.018 -0.050 -0.748 0.985 0.000 -0.058 -0.164 0.975 0.000 0.131 -0.182 0.979 0.000 -0.092 -0.183 0.977 0.000 0.158 -0.141 0.636 0.000 -0.767 0.085 0.994 0.000 0.101 0.049 0.612 0.000 -0.790 0.042 0.992 0.000 0.113 0.063 
-0.662 0.018 -0.050 -0.748 0.984 0.000 -0.062 -0.167 0.975 0.000 0.131 -0.182 0.977 0.000 -0.093 -0.189 0.978 0.000 0.153 -0.138 0.636 0.000 -0.767 0.084 0.994 0.000 0.101 0.049 0.612 0.000 -0.790 0.041 0.992 0.000 0.113 0.063 
-0.662 0.018 -0.049 -0.748 0.983 0.000 -0.066 -0.171 0.975 0.000 0.131 -0.182 0.977 0.000 -0.100 -0.191 0.978 -0.000 0.154 -0.141 0.637 0.000 -0.767 0.083 0.994 0.000 0.101 0.049 0.612 -0.000 -0.790 0.040 0.992 0.000 0.113 0.063 
-0.662 0.018 -0.049 -0.748 0.982 0.000 -0.071 -0.174 0.975 -0.000 0.130 -0.182 0.975 0.000 -0.104 -0.195 0.978 0.000 0.153 -0.142 0.636 0.000 -0.767 0.083 0.994 -0.000 0.101 0.049 0.613 0.000 -0.789 0.040 0.992 0.000 0.113 0.063 
-0.662 0.018 -0.049 -0.747 0.981 -0.000 -0.075 -0.178 0.975 0.000 0.130 -0.182 0.974 0.000 -0.107 -0.200 0.979 0.000 0.151 -0.140 0.637 -0.000 -0.767 0.082 0.994 0.000 0.101 0.049 0.612 0.000 -0.790 0.040 0.992 0.000 0.113 0.063 
-0.663 0.018 -0.048 -0.747 0.980 0.000 -0.081 -0.182 0.975 0.000 0.130 -0.181 0.973 0.000 -0.113 -0.201 0.978 0.000 0.152 -0.143 0.636 -0.000 -0.767 0.081 0.994 0.000 0.101 0.049 0.613 0.000 -0.790 0.039 0.992 0.000 0.113 0.063 
-0.663 0.017 -0.048 -0.747 0.979 0.000 -0.085 -0.185 0.975 -0.000 0.129 -0.181 0.972 0.000 -0.117 -0.205 0.978 0.000 0.150 -0.144 0.637 0.000 -0.767 0.081 0.994 0.000 0.101 0.050 0.612 -0.000 -0.790 0.038 0.992 0.000 0.112 0.063 
-0.663 0.017 -0.048 -0.747 0.978 0.000 -0.090 -0.188 0.975 0.000 0.128 -0.182 0.970 0.000 -0.121 -0.209 0.979 0.000 0.149 -0.142 0.637 -0.000 -0.767 0.081 0.994 0.000 0.101 0.049 0.612 0.000 -0.790 0.039 0.992 0.000 0.113 0.062 
-0.663 0.017 -0.048 -0.747 0.977 0.000 -0.095 -0.191 0.975 -0.000 0.128 -0.181 0.969 0.000 -0.128 -0.210 0.978 -0.000 0.150 -0.144 0.637 0.000 -0.767 0.079 0.994 0.000 0.101 0.049 0.612 0.000 -0.790 0.037 0.992 -0.000 0.112 0.063 
-0.664 0.016 -0.047 -0.746 0.976 0.000 -0.099 -0.194 0.975 0.000 0.126 -0.181 0.968 0.000 -0.135 -0.211 0.978 -0.000 0.152 -0.146 0.637 0.000 -0.767 0.078 0.994 -0.000 0.101 0.049 0.612 0.000 -0.790 0.036 0.992 0.000 0.112 0.062 
-0.664 0.017 -0.048 -0.746 0.975 0.000 -0.104 -0.197 0.976 0.000 0.125 -0.181 0.967 0.000 -0.138 -0.215 0.978 0.000 0.148 -0.146 0.637 0.000 -0.767 0.078 0.994 0.000 0.101 0.049 0.612 0.000 -0.790 0.036 0.992 0.000 0.112 0.063 
-0.664 0.016 -0.047 -0.746 0.974 0.000 -0.109 -0.199 0.976 0.000 0.124 -0.181 0.966 0.000 -0.145 -0.216 0.978 -0.000 0.148 -0.148 0.637 0.000 -0.767 0.077 0.994 0.000 0.101 0.049 0.612 0.000 -0.790 0.035 0.992 0.000 0.112 0.063 
-0.665 0.017 -0.047 -0.746 0.973 0.000 -0.115 -0.201 0.976 0.000 0.122 -0.181 0.964 0.000 -0.149 -0.219 0.978 0.000 0.146 -0.149 0.636 0.000 -0.768 0.078 0.994 0.000 0.101 0.049 0.613 0.000 -0.790 0.036 0.992 0.000 0.112 0.063 
-0.665 0.016 -0.047 -0.745 0.972 -0.000 -0.120 -0.203 0.976 0.000 0.120 -0.182 0.963 -0.000 -0.156 -0.220 0.978 -0.000 0.146 -0.148 0.637 0.000 -0.767 0.076 0.994 0.000 0.101 0.049 0.612 0.000 -0.790 0.035 0.992 0.000 0.112 0.063 
-0.665 0.016 -0.046 -0.745 0.971 0.000 -0.125 -0.205 0.976 0.000 0.119 -0.182 0.962 0.000 -0.164 -0.219 0.977 0.000 0.148 -0.151 0.637 -0.000 -0.767 0.075 0.994 0.000 0.101 0.049 0.612 -0.000 -0.790 0.034 0.992 0.000 0.112 0.063 
-0.666 0.016 -0.046 -0.744 0.970 -0.000 -0.131 -0.206 0.976 0.000 0.117 -0.183 0.960 0.000 -0.170 -0.221 0.978 0.000 0.147 -0.151 0.637 0.000 -0.768 0.075 0.994 0.000 0.101 0.049 0.612 0.000 -0.790 0.034 0.992 0.000 0.112 0.062 
-0.666 0.016 -0.046 -0.744 0.969 0.000 -0.137 -0.207 0.976 0.000 0.116 -0.183 0.959 0.000 -0.174 -0.223 0.978 0.000 0.144 -0.151 0.637 0.000 -0.767 0.075 0.994 0.000 0.101 0.049 0.612 0.000 -0.790 0.034 0.992 0.000 0.112 0.063 
-0.667 0.016 -0.046 -0.744 0.968 0.000 -0.143 -0.208 0.976 0.000 0.114 -0.184 0.958 0.000 -0.181 -0.221 0.977 0.000 0.145 -0.154 0.637 0.000 -0.767 0.074 0.994 -0.000 0.101 0.049 0.612 0.000 -0.790 0.034 0.992 0.000 0.112 0.062 
-0.667 0.016 -0.046 -0.744 0.966 0.000 -0.148 -0.210 0.976 0.000 0.113 -0.185 0.957 0.000 -0.190 -0.219 0.976 0.000 0.145 -0.160 0.637 -0.000 -0.768 0.073 0.994 0.000 0.101 0.049 0.612 0.000 -0.790 0.033 0.992 0.000 0.112 0.063 
-0.667 0.016 -0.045 -0.743 0.965 0.000 -0.154 -0.210 0.976 0.000 0.112 -0.186 0.956 0.000 -0.196 -0.219 0.976 0.000 0.144 -0.161 0.637 0.000 -0.768 0.072 0.994 0.000 0.101 0.050 0.612 -0.000 -0.790 0.033 0.992 0.000 0.112 0.063 
-0.667 0.016 -0.045 -0.743 0.964 0.000 -0.161 -0.210 0.976 0.000 0.111 -0.186 0.955 0.000 -0.202 -0.218 0.976 0.000 0.143 -0.162 0.636 0.000 -0.768 0.073 0.994 0.000 0.101 0.050 0.613 0.000 -0.790 0.032 0.992 0.000 0.112 0.063 
-0.668 0.016 -0.045 -0.743 0.963 0.000 -0.166 -0.211 0.976 0.000 0.111 -0.186 0.954 0.000 -0.209 -0.217 0.976 0.000 0.142 -0.163 0.637 0.000 -0.768 0.072 0.994 0.000 0.101 0.050 0.612 0.000 -0.790 0.032 0.992 -0.000 0.112 0.063 
-0.668 0.016 -0.045 -0.743 0.962 0.000 -0.173 -0.211 0.976 0.000 0.110 -0.187 0.952 0.000 -0.215 -0.216 0.977 0.000 0.141 -0.163 0.636 0.000 -0.768 0.072 0.994 0.000 0.101 0.050 0.613 0.000 -0.790 0.032 0.992 0.000 0.112 0.063 
-0.668 0.016 -0.045 -0.743 0.961 0.000 -0.179 -0.210 0.976 0.000 0.109 -0.188 0.951 -0.000 -0.221 -0.215 0.977 -0.000 0.139 -0.164 0.636 0.000 -0.768 0.071 0.994 0.000 0.101 0.050 0.613 0.000 -0.790 0.031 0.992 -0.000 0.112 0.063 
-0.668 0.015 -0.045 -0.743 0.960 0.000 -0.185 -0.209 0.976 0.000 0.109 -0.190 0.950 -0.000 -0.227 -0.214 0.977 0.000 0.138 -0.164 0.637 0.000 -0.768 0.070 0.994 0.000 0.101 0.050 0.612 0.000 -0.790 0.031 0.992 0.000 0.111 0.063 
-0.668 0.015 -0.045 -0.743 0.959 0.000 -0.191 -0.208 0.976 0.000 0.109 -0.190 0.949 0.000 -0.233 -0.213 0.977 -0.000 0.136 -0.164 0.637 0.000 -0.768 0.070 0.994 0.000 0.101 0.050 0.612 -0.000 -0.790 0.030 0.992 0.000 0.111 0.063 
-0.668 0.015 -0.045 -0.743 0.958 0.000 -0.198 -0.207 0.976 0.000 0.109 -0.190 0.948 0.000 -0.239 -0.211 0.977 0.000 0.133 -0.164 0.637 0.000 -0.768 0.070 0.994 0.000 0.101 0.050 0.612 0.000 -0.790 0.030 0.992 0.000 0.111 0.063 
-0.668 0.016 -0.044 -0.743 0.957 0.000 -0.205 -0.205 0.976 0.000 0.109 -0.191 0.947 0.000 -0.245 -0.209 0.978 0.000 0.131 -0.164 0.636 0.000 -0.768 0.070 0.994 0.000 0.101 0.050 0.612 0.000 -0.790 0.030 0.992 0.000 0.112 0.063 
-0.668 0.016 -0.044 -0.743 0.956 0.000 -0.212 -0.203 0.975 0.000 0.109 -0.191 0.946 -0.000 -0.250 -0.207 0.978 0.000 0.130 -0.164 0.636 0.000 -0.768 0.070 0.994 0.000 0.101 0.050 0.612 0.000 -0.790 0.030 0.992 0.000 0.112 0.064 
-0.668 0.016 -0.044 -0.743 0.955 0.000 -0.218 -0.201 0.975 0.000 0.109 -0.192 0.944 -0.000 -0.257 -0.206 0.979 -0.000 0.129 -0.161 0.636 0.000 -0.768 0.070 0.994 0.000 0.101 0.050 0.612 0.000 -0.790 0.029 0.992 0.000 0.112 0.064 
-0.668 0.016 -0.044 -0.743 0.954 0.000 -0.225 -0.199 0.975 -0.000 0.109 -0.193 0.943 0.000 -0.262 -0.204 0.979 0.000 0.127 -0.161 0.636 0.000 -0.768 0.069 0.994 0.000 0.101 0.051 0.612 0.000 -0.790 0.029 0.992 -0.000 0.111 0.064 
-0.667 0.015 -0.044 -0.743 0.953 0.000 -0.232 -0.196 0.975 0.000 0.109 -0.194 0.942 -0.000 -0.268 -0.201 0.979 0.000 0.125 -0.161 0.636 0.000 -0.768 0.069 0.994 0.000 0.101 0.051 0.612 0.000 -0.790 0.029 0.992 0.000 0.111 0.064 
-0.667 0.015 -0.044 -0.743 0.952 0.000 -0.239 -0.192 0.975 0.000 0.108 -0.194 0.941 -0.000 -0.274 -0.198 0.979 0.000 0.123 -0.161 0.636 0.000 -0.769 0.069 0.994 0.000 0.101 0.051 0.612 0.000 -0.790 0.029 0.992 0.000 0.112 0.064 
-0.667 0.015 -0.044 -0.744 0.951 0.000 -0.246 -0.189 0.975 0.000 0.108 -0.194 0.940 0.000 -0.280 -0.194 0.979 0.000 0.121 -0.161 0.636 0.000 -0.769 0.069 0.994 0.000 0.101 0.051 0.612 0.000 -0.790 0.028 0.992 0.000 0.112 0.064 
-0.667 0.015 -0.044 -0.744 0.950 0.000 -0.253 -0.185 0.975 0.000 0.108 -0.196 0.939 0.000 -0.286 -0.191 0.980 0.000 0.119 -0.161 0.636 0.000 -0.769 0.069 0.994 0.000 0.101 0.051 0.612 0.000 -0.790 0.028 0.992 -0.000 0.112 0.065 
-0.667 0.015 -0.044 -0.744 0.949 0.000 -0.259 -0.181 0.975 0.000 0.107 -0.196 0.938 0.000 -0.291 -0.187 0.980 0.000 0.117 -0.159 0.636 0.000 -0.769 0.068 0.994 0.000 0.101 0.051 0.612 0.000 -0.790 0.028 0.992 -0.000 0.111 0.065 
-0.667 0.015 -0.044 -0.744 0.948 0.000 -0.266 -0.177 0.975 0.000 0.106 -0.196 0.937 0.000 -0.297 -0.183 0.980 0.000 0.116 -0.159 0.636 0.000 -0.769 0.068 0.994 0.000 0.101 0.051 0.612 -0.000 -0.790 0.027 0.992 -0.000 0.112 0.065 
-0.666 0.015 -0.043 -0.744 0.947 0.000 -0.272 -0.173 0.975 0.000 0.105 -0.196 0.936 0.000 -0.304 -0.178 0.980 0.000 0.116 -0.160 0.636 0.000 -0.769 0.068 0.994 0.000 0.101 0.052 0.612 0.000 -0.790 0.027 0.992 0.000 0.112 0.066 
-0.666 0.015 -0.043 -0.744 0.946 0.000 -0.279 -0.168 0.975 0.000 0.103 -0.196 0.935 0.000 -0.308 -0.174 0.981 0.000 0.112 -0.159 0.636 0.000 -0.769 0.068 0.994 0.000 0.101 0.052 0.612 0.000 -0.790 0.027 0.992 0.000 0.112 0.066 
-0.666 0.015 -0.043 -0.744 0.944 0.000 -0.285 -0.164 0.975 0.000 0.102 -0.195 0.935 0.000 -0.313 -0.169 0.981 0.000 0.111 -0.160 0.636 0.000 -0.769 0.068 0.994 0.000 0.101 0.052 0.612 0.000 -0.790 0.026 0.992 0.000 0.112 0.066 
-0.666 0.015 -0.043 -0.745 0.943 -0.000 -0.291 -0.159 0.976 0.000 0.100 -0.195 0.934 0.000 -0.318 -0.165 0.981 0.000 0.109 -0.159 0.636 0.000 -0.769 0.068 0.994 0.000 0.101 0.052 0.612 -0.000 -0.790 0.026 0.992 -0.000 0.112 0.066 
-0.666 0.015 -0.043 -0.745 0.942 0.000 -0.297 -0.154 0.976 0.000 0.099 -0.195 0.933 0.000 -0.323 -0.161 0.982 0.000 0.107 -0.158 0.636 0.000 -0.769 0.067 0.994 0.000 0.101 0.053 0.612 0.000 -0.790 0.026 0.991 0.000 0.112 0.067 
-0.666 0.015 -0.043 -0.745 0.941 0.000 -0.303 -0.149 0.976 0.000 0.098 -0.195 0.931 -0.000 -0.329 -0.156 0.982 0.000 0.107 -0.157 0.636 0.000 -0.769 0.067 0.994 0.000 0.101 0.053 0.612 0.000 -0.790 0.026 0.991 0.000 0.112 0.067 
-0.666 0.015 -0.043 -0.745 0.940 0.000 -0.310 -0.143 0.976 -0.000 0.097 -0.194 0.931 0.000 -0.334 -0.150 0.982 0.000 0.105 -0.157 0.636 0.000 -0.769 0.067 0.993 0.000 0.101 0.053 0.612 0.000 -0.790 0.026 0.991 0.000 0.112 0.067 
-0.666 0.015 -0.043 -0.745 0.939 0.000 -0.315 -0.138 0.976 0.000 0.096 -0.194 0.930 -0.000 -0.339 -0.142 0.982 0.000 0.103 -0.161 0.636 0.000 -0.769 0.067 0.993 0.000 0.101 0.053 0.612 0.000 -0.790 0.025 0.991 0.000 0.112 0.067 
-0.666 0.015 -0.043 -0.745 0.938 -0.000 -0.321 -0.132 0.976 0.000 0.095 -0.194 0.929 0.000 -0.343 -0.135 0.982 0.000 0.102 -0.162 0.636 0.000 -0.769 0.066 0.993 0.000 0.101 0.054 0.612 0.000 -0.790 0.025 0.991 0.000 0.112 0.068 
-0.666 0.015 -0.043 -0.745 0.937 0.000 -0.327 -0.126 0.977 0.000 0.095 -0.193 0.929 0.000 -0.347 -0.130 0.982 -0.000 0.099 -0.161 0.636 0.000 -0.769 0.067 0.993 0.000 0.101 0.054 0.612 0.000 -0.790 0.025 0.991 0.000 0.112 0.068 
-0.666 0.015 -0.043 -0.744 0.935 0.000 -0.333 -0.121 0.977 0.000 0.095 -0.192 0.928 0.000 -0.351 -0.123 0.982 0.000 0.098 -0.162 0.636 0.000 -0.769 0.067 0.993 -0.000 0.101 0.054 0.612 0.000 -0.790 0.026 0.991 0.000 0.112 0.069 
-0.666 0.015 -0.043 -0.745 0.934 0.000 -0.338 -0.115 0.977 0.000 0.096 -0.192 0.927 0.000 -0.355 -0.116 0.982 0.000 0.098 -0.164 0.636 -0.000 -0.769 0.067 0.993 0.000 0.101 0.055 0.612 0.000 -0.790 0.025 0.991 0.000 0.112 0.069 
-0.666 0.015 -0.043 -0.744 0.933 0.000 -0.344 -0.109 0.977 0.000 0.096 -0.191 0.926 0.000 -0.361 -0.108 0.981 0.000 0.099 -0.165 0.636 0.000 -0.769 0.067 0.993 0.000 0.102 0.055 0.612 0.000 -0.790 0.025 0.991 0.000 0.112 0.069 
-0.666 0.015 -0.043 -0.744 0.931 0.000 -0.349 -0.102 0.977 0.000 0.097 -0.191 0.926 0.000 -0.363 -0.102 0.982 0.000 0.096 -0.164 0.636 -0.000 -0.769 0.067 0.993 0.000 0.102 0.055 0.612 0.000 -0.791 0.026 0.991 -0.000 0.113 0.069 
-0.667 0.015 -0.044 -0.744 0.930 0.000 -0.354 -0.096 0.977 0.000 0.099 -0.190 0.926 -0.000 -0.366 -0.095 0.982 0.000 0.094 -0.163 0.637 0.000 -0.768 0.067 0.993 0.000 0.101 0.056 0.612 0.000 -0.791 0.027 0.991 0.000 0.113 0.069 
-0.667 0.016 -0.043 -0.744 0.928 0.000 -0.360 -0.090 0.977 -0.000 0.100 -0.189 0.925 0.000 -0.370 -0.087 0.982 0.000 0.094 -0.163 0.635 0.000 -0.769 0.067 0.993 0.000 0.102 0.056 0.612 0.000 -0.790 0.026 0.991 0.000 0.113 0.070 
-0.667 0.016 -0.044 -0.744 0.927 0.000 -0.365 -0.083 0.977 0.000 0.101 -0.189 0.925 0.000 -0.372 -0.080 0.983 0.000 0.092 -0.161 0.636 -0.000 -0.769 0.067 0.993 0.000 0.102 0.056 0.611 0.000 -0.791 0.027 0.991 0.000 0.114 0.070 
-0.667 0.016 -0.044 -0.744 0.926 0.000 -0.369 -0.076 0.977 0.000 0.102 -0.188 0.924 0.000 -0.375 -0.073 0.983 0.000 0.090 -0.160 0.636 0.000 -0.769 0.068 0.993 0.000 0.102 0.057 0.611 0.000 -0.791 0.027 0.991 -0.000 0.114 0.070 
-0.667 0.017 -0.044 -0.744 0.925 0.000 -0.374 -0.070 0.977 0.000 0.103 -0.187 0.924 0.000 -0.377 -0.066 0.983 0.000 0.089 -0.158 0.635 0.000 -0.769 0.069 0.993 0.000 0.102 0.056 0.612 0.000 -0.791 0.027 0.991 0.000 0.114 0.071 
-0.667 0.017 -0.044 -0.744 0.924 0.000 -0.378 -0.062 0.977 0.000 0.104 -0.187 0.924 -0.000 -0.379 -0.059 0.984 0.000 0.088 -0.156 0.635 0.000 -0.769 0.069 0.993 -0.000 0.102 0.057 0.612 -0.000 -0.791 0.027 0.991 0.000 0.114 0.071 
-0.667 0.017 -0.044 -0.744 0.923 -0.000 -0.381 -0.056 0.977 0.000 0.105 -0.186 0.923 0.000 -0.381 -0.052 0.984 -0.000 0.086 -0.155 0.635 0.000 -0.769 0.069 0.993 0.000 0.102 0.057 0.611 -0.000 -0.791 0.027 0.991 0.000 0.114 0.071 
-0.667 0.017 -0.044 -0.744 0.922 0.000 -0.384 -0.048 0.977 0.000 0.105 -0.186 0.923 0.000 -0.382 -0.045 0.985 0.000 0.085 -0.153 0.635 -0.000 -0.769 0.069 0.993 0.000 0.102 0.057 0.612 0.000 -0.791 0.028 0.991 -0.000 0.114 0.071 
-0.666 0.017 -0.044 -0.744 0.922 0.000 -0.386 -0.041 0.977 0.000 0.104 -0.186 0.923 0.000 -0.384 -0.039 0.985 -0.000 0.086 -0.147 0.635 0.000 -0.769 0.070 0.993 0.000 0.102 0.057 0.611 0.000 -0.791 0.028 0.991 -0.000 0.114 0.071 
-0.666 0.017 -0.044 -0.744 0.921 0.000 -0.388 -0.034 0.977 0.000 0.103 -0.185 0.923 0.000 -0.384 -0.032 0.986 0.000 0.084 -0.146 0.635 -0.000 -0.769 0.070 0.993 0.000 0.102 0.057 0.611 0.000 -0.791 0.028 0.991 -0.000 0.114 0.072 
-0.666 0.017 -0.044 -0.744 0.921 0.000 -0.389 -0.026 0.977 0.000 0.103 -0.185 0.923 -0.000 -0.384 -0.025 0.986 0.000 0.083 -0.145 0.635 0.000 -0.769 0.070 0.993 0.000 0.102 0.057 0.611 0.000 -0.791 0.028 0.991 0.000 0.114 0.072 
-0.666 0.017 -0.044 -0.744 0.921 -0.000 -0.390 -0.020 0.978 0.000 0.102 -0.184 0.923 0.000 -0.384 -0.018 0.986 0.000 0.082 -0.143 0.635 0.000 -0.769 0.070 0.993 0.000 0.102 0.057 0.611 0.000 -0.791 0.028 0.991 0.000 0.114 0.072 
-0.666 0.016 -0.045 -0.744 0.921 0.000 -0.390 -0.012 0.978 0.000 0.101 -0.183 0.924 0.000 -0.383 -0.010 0.986 0.000 0.080 -0.143 0.636 0.000 -0.769 0.070 0.993 0.000 0.102 0.057 0.611 0.000 -0.791 0.028 0.991 0.000 0.114 0.072 
-0.666 0.016 -0.044 -0.745 0.921 0.000 -0.390 -0.005 0.978 0.000 0.100 -0.182 0.924 0.000 -0.382 -0.004 0.987 -0.000 0.080 -0.142 0.636 -0.000 -0.769 0.070 0.993 0.000 0.102 0.057 0.611 0.000 -0.791 0.028 0.991 0.000 0.114 0.072 
-0.666 0.016 -0.044 -0.745 0.921 -0.000 -0.389 0.001 0.979 0.000 0.099 -0.181 0.924 0.000 -0.381 0.003 0.987 0.000 0.081 -0.141 0.636 0.000 -0.769 0.070 0.993 0.000 0.102 0.058 0.611 -0.000 -0.791 0.028 0.991 0.000 0.114 0.072 
-0.666 0.016 -0.044 -0.745 0.921 0.000 -0.389 0.007 0.979 0.000 0.100 -0.178 0.925 0.000 -0.380 0.009 0.986 -0.000 0.083 -0.142 0.636 -0.000 -0.769 0.069 0.993 0.000 0.102 0.058 0.612 0.000 -0.791 0.028 0.991 -0.000 0.114 0.072 
-0.666 0.016 -0.044 -0.745 0.922 -0.000 -0.387 0.014 0.979 0.000 0.100 -0.176 0.926 0.000 -0.377 0.017 0.986 0.000 0.082 -0.143 0.635 0.000 -0.769 0.069 0.993 0.000 0.103 0.058 0.612 0.000 -0.791 0.028 0.991 -0.000 0.114 0.073 
-0.665 0.016 -0.044 -0.745 0.922 0.000 -0.387 0.020 0.980 0.000 0.102 -0.173 0.926 0.000 -0.376 0.026 0.985 0.000 0.085 -0.148 0.635 0.000 -0.769 0.069 0.993 0.000 0.102 0.059 0.612 0.000 -0.791 0.027 0.991 0.000 0.114 0.073 
