# T   LUA LFA RUA RFA LT  LS  RT  RS  
0.708 -0.059 0.044 0.703 0.829 0.000 -0.488 -0.273 0.717 0.000 -0.280 -0.638 0.924 -0.000 -0.287 -0.253 0.655 0.000 -0.039 -0.754 0.675 0.000 -0.166 -0.719 0.740 0.000 -0.656 0.148 0.696 0.000 -0.146 -0.703 0.693 0.000 -0.709 0.133 
0.708 -0.059 0.044 0.703 0.829 0.000 -0.488 -0.273 0.717 0.000 -0.280 -0.638 0.924 -0.000 -0.287 -0.253 0.658 0.000 -0.045 -0.752 0.675 0.000 -0.166 -0.719 0.740 0.000 -0.656 0.148 0.696 0.000 -0.146 -0.703 0.693 -0.000 -0.709 0.133 
0.708 -0.059 0.044 0.703 0.829 0.000 -0.488 -0.273 0.717 -0.000 -0.280 -0.638 0.924 0.000 -0.287 -0.253 0.660 0.000 -0.052 -0.749 0.675 0.000 -0.166 -0.719 0.740 0.000 -0.656 0.148 0.696 0.000 -0.146 -0.703 0.693 0.000 -0.709 0.133 
0.708 -0.059 0.044 0.703 0.829 0.000 -0.489 -0.272 0.717 0.000 -0.279 -0.638 0.924 0.000 -0.288 -0.253 0.663 0.000 -0.058 -0.747 0.675 0.000 -0.166 -0.719 0.740 0.000 -0.656 0.148 0.696 0.000 -0.146 -0.703 0.693 0.000 -0.709 0.133 
0.708 -0.059 0.044 0.703 0.829 0.000 -0.489 -0.272 0.717 0.000 -0.279 -0.638 0.924 -0.000 -0.288 -0.253 0.665 -0.000 -0.064 -0.744 0.675 0.000 -0.166 -0.719 0.740 0.000 -0.656 0.148 0.696 0.000 -0.146 -0.703 0.693 0.000 -0.709 0.133 
0.708 -0.059 0.044 0.703 0.829 0.000 -0.488 -0.273 0.718 0.000 -0.280 -0.638 0.924 0.000 -0.287 -0.253 0.667 0.000 -0.070 -0.742 0.675 0.000 -0.166 -0.719 0.740 -0.000 -0.656 0.147 0.696 0.000 -0.146 -0.703 0.693 0.000 -0.709 0.133 
0.708 -0.058 0.044 0.703 0.829 0.000 -0.488 -0.273 0.718 0.000 -0.279 -0.638 0.924 0.000 -0.288 -0.253 0.669 0.000 -0.077 -0.739 0.675 0.000 -0.165 -0.719 0.740 -0.000 -0.656 0.147 0.696 0.000 -0.145 -0.703 0.693 0.000 -0.709 0.133 
0.708 -0.058 0.043 0.703 0.829 0.000 -0.488 -0.273 0.718 0.000 -0.279 -0.638 0.924 0.000 -0.288 -0.253 0.671 -0.000 -0.083 -0.737 0.675 0.000 -0.165 -0.719 0.740 0.000 -0.656 0.147 0.696 0.000 -0.145 -0.703 0.693 0.000 -0.709 0.132 
0.708 -0.058 0.043 0.703 0.829 0.000 -0.488 -0.273 0.718 -0.000 -0.279 -0.638 0.923 -0.000 -0.288 -0.254 0.673 0.000 -0.090 -0.734 0.675 0.000 -0.165 -0.719 0.740 -0.000 -0.656 0.147 0.696 -0.000 -0.145 -0.703 0.693 0.000 -0.709 0.132 
0.708 -0.058 0.043 0.703 0.830 -0.000 -0.487 -0.272 0.718 0.000 -0.279 -0.638 0.923 0.000 -0.288 -0.254 0.674 -0.000 -0.096 -0.732 0.675 0.000 -0.165 -0.719 0.740 0.000 -0.656 0.147 0.696 0.000 -0.145 -0.703 0.693 -0.000 -0.709 0.132 
0.708 -0.058 0.043 0.703 0.830 0.000 -0.487 -0.273 0.718 0.000 -0.279 -0.638 0.923 0.000 -0.288 -0.253 0.676 0.000 -0.103 -0.730 0.675 0.000 -0.165 -0.719 0.740 0.000 -0.656 0.147 0.696 0.000 -0.145 -0.703 0.693 0.000 -0.709 0.132 
0.708 -0.058 0.043 0.703 0.830 0.000 -0.487 -0.272 0.718 0.000 -0.279 -0.638 0.923 0.000 -0.289 -0.253 0.677 0.000 -0.109 -0.728 0.675 0.000 -0.165 -0.719 0.740 -0.000 -0.656 0.147 0.696 0.000 -0.145 -0.703 0.693 0.000 -0.709 0.132 
0.708 -0.058 0.043 0.703 0.830 0.000 -0.487 -0.272 0.718 0.000 -0.279 -0.638 0.923 0.000 -0.289 -0.253 0.678 0.000 -0.115 -0.726 0.675 -0.000 -0.165 -0.719 0.740 -0.000 -0.656 0.146 0.696 -0.000 -0.144 -0.703 0.693 0.000 -0.709 0.131 
0.708 -0.058 0.043 0.703 0.830 0.000 -0.487 -0.272 0.718 0.000 -0.279 -0.638 0.923 0.000 -0.289 -0.252 0.678 0.000 -0.121 -0.725 0.675 0.000 -0.164 -0.719 0.740 0.000 -0.656 0.146 0.696 0.000 -0.144 -0.703 0.693 -0.000 -0.709 0.131 
0.708 -0.058 0.043 0.703 0.830 0.000 -0.487 -0.272 0.718 0.000 -0.278 -0.638 0.923 0.000 -0.289 -0.252 0.679 0.000 -0.127 -0.723 0.675 0.000 -0.164 -0.719 0.740 0.000 -0.656 0.146 0.696 -0.000 -0.144 -0.703 0.693 -0.000 -0.709 0.131 
0.708 -0.058 0.043 0.703 0.830 0.000 -0.487 -0.272 0.718 0.000 -0.278 -0.638 0.923 0.000 -0.290 -0.252 0.680 0.000 -0.133 -0.721 0.675 0.000 -0.164 -0.719 0.740 0.000 -0.656 0.146 0.696 0.000 -0.144 -0.703 0.693 0.000 -0.709 0.131 
0.708 -0.058 0.043 0.703 0.830 -0.000 -0.487 -0.272 0.718 0.000 -0.278 -0.638 0.923 0.000 -0.290 -0.251 0.680 0.000 -0.139 -0.720 0.675 0.000 -0.164 -0.719 0.740 0.000 -0.656 0.146 0.696 0.000 -0.144 -0.703 0.693 -0.000 -0.709 0.131 
0.708 -0.057 0.043 0.703 0.830 0.000 -0.487 -0.272 0.718 0.000 -0.277 -0.638 0.923 0.000 -0.291 -0.251 0.681 -0.000 -0.144 -0.718 0.675 0.000 -0.163 -0.719 0.740 -0.000 -0.656 0.146 0.696 -0.000 -0.144 -0.703 0.693 0.000 -0.709 0.130 
0.708 -0.057 0.043 0.703 0.830 0.000 -0.486 -0.272 0.718 0.000 -0.277 -0.638 0.923 0.000 -0.291 -0.250 0.681 0.000 -0.150 -0.717 0.675 0.000 -0.163 -0.719 0.740 -0.000 -0.656 0.146 0.696 0.000 -0.143 -0.703 0.693 0.000 -0.709 0.130 
0.708 -0.057 0.042 0.703 0.830 0.000 -0.486 -0.272 0.718 0.000 -0.277 -0.638 0.923 0.000 -0.292 -0.250 0.681 0.000 -0.155 -0.715 0.675 0.000 -0.163 -0.719 0.740 0.000 -0.656 0.146 0.696 0.000 -0.143 -0.703 0.693 0.000 -0.709 0.130 
0.708 -0.057 0.042 0.703 0.830 0.000 -0.486 -0.272 0.718 0.000 -0.277 -0.638 0.923 -0.000 -0.293 -0.249 0.681 -0.000 -0.160 -0.714 0.675 0.000 -0.163 -0.719 0.740 0.000 -0.656 0.145 0.696 0.000 -0.143 -0.703 0.693 0.000 -0.709 0.130 
0.708 -0.057 0.042 0.703 0.830 0.000 -0.486 -0.272 0.718 0.000 -0.277 -0.638 0.923 0.000 -0.293 -0.248 0.681 0.000 -0.165 -0.713 0.675 -0.000 -0.163 -0.719 0.740 0.000 -0.656 0.145 0.696 0.000 -0.143 -0.703 0.693 -0.000 -0.709 0.130 
0.708 -0.057 0.042 0.703 0.831 0.000 -0.486 -0.272 0.718 0.000 -0.278 -0.638 0.923 -0.000 -0.294 -0.248 0.681 0.000 -0.170 -0.712 0.675 -0.000 -0.163 -0.719 0.740 -0.000 -0.656 0.145 0.696 -0.000 -0.143 -0.703 0.693 0.000 -0.709 0.130 
0.708 -0.057 0.042 0.703 0.831 0.000 -0.486 -0.272 0.719 0.000 -0.277 -0.638 0.923 0.000 -0.295 -0.247 0.680 0.000 -0.174 -0.712 0.675 0.000 -0.163 -0.719 0.740 0.000 -0.656 0.145 0.696 0.000 -0.143 -0.703 0.693 0.000 -0.709 0.129 
0.708 -0.057 0.042 0.703 0.831 0.000 -0.486 -0.272 0.719 0.000 -0.277 -0.638 0.923 -0.000 -0.295 -0.247 0.680 -0.000 -0.178 -0.711 0.675 0.000 -0.163 -0.719 0.740 -0.000 -0.656 0.145 0.696 -0.000 -0.143 -0.704 0.693 0.000 -0.709 0.129 
0.708 -0.057 0.042 0.703 0.831 0.000 -0.486 -0.272 0.719 -0.000 -0.277 -0.638 0.923 0.000 -0.296 -0.246 0.679 0.000 -0.183 -0.711 0.675 0.000 -0.162 -0.720 0.740 0.000 -0.657 0.145 0.696 0.000 -0.143 -0.704 0.693 0.000 -0.709 0.129 
0.708 -0.057 0.042 0.703 0.831 0.000 -0.486 -0.272 0.719 0.000 -0.278 -0.638 0.923 0.000 -0.296 -0.245 0.679 0.000 -0.188 -0.710 0.675 0.000 -0.162 -0.719 0.740 0.000 -0.657 0.145 0.696 0.000 -0.142 -0.704 0.693 0.000 -0.709 0.129 
0.708 -0.057 0.042 0.703 0.831 0.000 -0.486 -0.272 0.719 0.000 -0.278 -0.638 0.923 0.000 -0.296 -0.245 0.678 -0.000 -0.191 -0.710 0.675 0.000 -0.162 -0.720 0.740 0.000 -0.657 0.145 0.696 0.000 -0.142 -0.704 0.693 0.000 -0.709 0.129 
0.708 -0.057 0.042 0.703 0.831 0.000 -0.485 -0.271 0.719 0.000 -0.278 -0.638 0.923 0.000 -0.297 -0.244 0.676 0.000 -0.195 -0.710 0.675 -0.000 -0.162 -0.720 0.740 0.000 -0.657 0.144 0.696 -0.000 -0.142 -0.704 0.693 0.000 -0.709 0.128 
0.708 -0.057 0.042 0.703 0.831 0.000 -0.485 -0.271 0.719 -0.000 -0.278 -0.637 0.923 0.000 -0.297 -0.244 0.675 0.000 -0.198 -0.710 0.675 0.000 -0.162 -0.720 0.740 0.000 -0.657 0.144 0.696 0.000 -0.142 -0.704 0.693 0.000 -0.709 0.128 
0.708 -0.057 0.042 0.703 0.831 -0.000 -0.485 -0.271 0.719 -0.000 -0.277 -0.637 0.923 -0.000 -0.298 -0.243 0.674 0.000 -0.202 -0.711 0.675 0.000 -0.162 -0.720 0.740 -0.000 -0.657 0.144 0.696 0.000 -0.142 -0.704 0.693 0.000 -0.709 0.128 
0.708 -0.056 0.042 0.703 0.832 -0.000 -0.485 -0.271 0.719 -0.000 -0.278 -0.638 0.923 0.000 -0.298 -0.242 0.672 0.000 -0.205 -0.711 0.675 0.000 -0.162 -0.720 0.740 0.000 -0.657 0.144 0.696 0.000 -0.142 -0.704 0.693 0.000 -0.709 0.128 
0.708 -0.056 0.041 0.703 0.832 0.000 -0.485 -0.271 0.719 0.000 -0.278 -0.637 0.923 0.000 -0.298 -0.242 0.671 -0.000 -0.207 -0.712 0.675 0.000 -0.161 -0.720 0.740 -0.000 -0.657 0.144 0.696 0.000 -0.142 -0.704 0.693 0.000 -0.709 0.128 
0.708 -0.056 0.041 0.703 0.832 -0.000 -0.484 -0.271 0.719 0.000 -0.278 -0.637 0.924 0.000 -0.298 -0.241 0.668 0.000 -0.210 -0.714 0.675 0.000 -0.161 -0.720 0.740 0.000 -0.657 0.144 0.696 0.000 -0.141 -0.704 0.693 0.000 -0.709 0.128 
0.708 -0.056 0.041 0.703 0.832 0.000 -0.484 -0.271 0.719 -0.000 -0.278 -0.637 0.924 0.000 -0.299 -0.240 0.666 0.000 -0.212 -0.715 0.675 -0.000 -0.161 -0.720 0.740 0.000 -0.657 0.144 0.696 0.000 -0.141 -0.704 0.693 -0.000 -0.709 0.127 
0.708 -0.056 0.041 0.703 0.832 0.000 -0.484 -0.272 0.719 0.000 -0.278 -0.637 0.924 0.000 -0.299 -0.239 0.664 0.000 -0.214 -0.717 0.675 0.000 -0.161 -0.720 0.740 -0.000 -0.657 0.144 0.696 0.000 -0.141 -0.704 0.693 -0.000 -0.709 0.127 
0.708 -0.056 0.041 0.703 0.832 0.000 -0.484 -0.272 0.719 0.000 -0.278 -0.637 0.924 0.000 -0.299 -0.239 0.661 0.000 -0.215 -0.719 0.675 0.000 -0.161 -0.720 0.740 0.000 -0.657 0.144 0.696 0.000 -0.141 -0.704 0.693 0.000 -0.709 0.127 
0.708 -0.056 0.041 0.703 0.832 0.000 -0.483 -0.272 0.719 0.000 -0.278 -0.637 0.924 0.000 -0.299 -0.238 0.658 0.000 -0.217 -0.721 0.675 0.000 -0.161 -0.720 0.740 0.000 -0.657 0.144 0.696 0.000 -0.141 -0.704 0.693 0.000 -0.709 0.127 
0.708 -0.056 0.041 0.703 0.832 0.000 -0.483 -0.272 0.719 0.000 -0.279 -0.637 0.924 0.000 -0.299 -0.238 0.656 0.000 -0.218 -0.723 0.675 0.000 -0.160 -0.720 0.740 -0.000 -0.657 0.143 0.696 0.000 -0.141 -0.704 0.693 0.000 -0.709 0.127 
0.708 -0.056 0.041 0.703 0.833 0.000 -0.483 -0.272 0.718 0.000 -0.279 -0.637 0.924 0.000 -0.299 -0.237 0.652 0.000 -0.220 -0.726 0.675 -0.000 -0.160 -0.720 0.740 -0.000 -0.657 0.143 0.696 -0.000 -0.140 -0.704 0.693 0.000 -0.709 0.127 
0.708 -0.056 0.041 0.703 0.833 0.000 -0.483 -0.272 0.718 0.000 -0.280 -0.637 0.924 -0.000 -0.299 -0.237 0.649 0.000 -0.220 -0.728 0.675 -0.000 -0.160 -0.720 0.740 0.000 -0.657 0.143 0.696 -0.000 -0.140 -0.704 0.693 0.000 -0.709 0.127 
0.708 -0.056 0.041 0.703 0.833 -0.000 -0.482 -0.272 0.718 -0.000 -0.281 -0.637 0.925 0.000 -0.299 -0.236 0.646 0.000 -0.221 -0.731 0.675 0.000 -0.160 -0.720 0.740 0.000 -0.657 0.143 0.696 -0.000 -0.140 -0.704 0.693 0.000 -0.709 0.126 
0.708 -0.055 0.041 0.703 0.833 0.000 -0.482 -0.272 0.718 -0.000 -0.281 -0.637 0.925 0.000 -0.299 -0.236 0.642 -0.000 -0.222 -0.734 0.675 0.000 -0.160 -0.720 0.740 -0.000 -0.657 0.143 0.696 0.000 -0.140 -0.704 0.693 -0.000 -0.709 0.126 
0.708 -0.055 0.041 0.703 0.833 0.000 -0.482 -0.272 0.718 -0.000 -0.281 -0.637 0.925 0.000 -0.299 -0.236 0.639 0.000 -0.222 -0.737 0.675 0.000 -0.160 -0.720 0.740 -0.000 -0.657 0.143 0.696 0.000 -0.140 -0.704 0.693 -0.000 -0.709 0.126 
0.708 -0.055 0.041 0.703 0.833 0.000 -0.482 -0.272 0.718 -0.000 -0.281 -0.636 0.925 0.000 -0.298 -0.235 0.635 0.000 -0.223 -0.740 0.675 0.000 -0.160 -0.720 0.740 0.000 -0.657 0.143 0.696 0.000 -0.140 -0.704 0.693 -0.000 -0.709 0.126 
0.708 -0.055 0.041 0.703 0.833 0.000 -0.482 -0.272 0.718 0.000 -0.282 -0.637 0.925 0.000 -0.298 -0.235 0.631 0.000 -0.223 -0.743 0.675 0.000 -0.159 -0.720 0.740 0.000 -0.657 0.142 0.696 0.000 -0.140 -0.704 0.693 0.000 -0.709 0.126 
0.708 -0.055 0.041 0.703 0.833 0.000 -0.482 -0.272 0.718 0.000 -0.282 -0.637 0.925 0.000 -0.298 -0.235 0.626 0.000 -0.224 -0.747 0.675 0.000 -0.160 -0.720 0.740 0.000 -0.657 0.143 0.696 0.000 -0.140 -0.704 0.694 0.000 -0.709 0.126 
0.708 -0.055 0.041 0.703 0.833 0.000 -0.481 -0.272 0.718 0.000 -0.282 -0.636 0.925 0.000 -0.298 -0.235 0.623 0.000 -0.224 -0.750 0.675 0.000 -0.160 -0.720 0.740 -0.000 -0.657 0.143 0.696 0.000 -0.140 -0.704 0.694 -0.000 -0.709 0.126 
0.708 -0.055 0.040 0.703 0.833 0.000 -0.482 -0.272 0.718 0.000 -0.282 -0.636 0.926 0.000 -0.297 -0.235 0.617 -0.000 -0.225 -0.754 0.675 0.000 -0.159 -0.720 0.740 0.000 -0.657 0.142 0.696 -0.000 -0.140 -0.704 0.693 0.000 -0.709 0.126 
0.708 -0.055 0.040 0.703 0.833 0.000 -0.481 -0.272 0.718 0.000 -0.282 -0.636 0.926 0.000 -0.297 -0.234 0.613 -0.000 -0.225 -0.758 0.675 0.000 -0.159 -0.720 0.740 0.000 -0.657 0.142 0.696 0.000 -0.140 -0.704 0.693 0.000 -0.709 0.126 
0.708 -0.055 0.040 0.703 0.833 0.000 -0.481 -0.272 0.718 -0.000 -0.282 -0.636 0.926 0.000 -0.296 -0.234 0.608 -0.000 -0.225 -0.762 0.675 -0.000 -0.159 -0.720 0.740 0.000 -0.657 0.142 0.696 -0.000 -0.139 -0.704 0.693 -0.000 -0.709 0.126 
0.708 -0.055 0.040 0.703 0.833 0.000 -0.481 -0.273 0.718 0.000 -0.282 -0.636 0.926 0.000 -0.296 -0.234 0.603 -0.000 -0.225 -0.765 0.675 -0.000 -0.159 -0.720 0.740 0.000 -0.657 0.142 0.696 0.000 -0.139 -0.704 0.693 0.000 -0.710 0.126 
0.708 -0.055 0.040 0.703 0.833 0.000 -0.481 -0.273 0.718 0.000 -0.282 -0.636 0.926 0.000 -0.295 -0.235 0.598 0.000 -0.224 -0.769 0.675 0.000 -0.159 -0.720 0.740 0.000 -0.657 0.142 0.696 -0.000 -0.139 -0.704 0.693 0.000 -0.709 0.126 
0.708 -0.055 0.040 0.703 0.833 0.000 -0.481 -0.273 0.718 0.000 -0.282 -0.636 0.926 0.000 -0.295 -0.235 0.593 0.000 -0.224 -0.773 0.675 0.000 -0.159 -0.720 0.740 0.000 -0.657 0.142 0.696 0.000 -0.139 -0.704 0.693 0.000 -0.709 0.126 
0.708 -0.055 0.040 0.703 0.833 0.000 -0.481 -0.273 0.718 0.000 -0.282 -0.636 0.926 0.000 -0.294 -0.235 0.588 0.000 -0.224 -0.777 0.675 0.000 -0.159 -0.720 0.740 -0.000 -0.657 0.142 0.696 -0.000 -0.139 -0.704 0.693 -0.000 -0.710 0.126 
0.708 -0.055 0.040 0.703 0.833 -0.000 -0.481 -0.273 0.718 0.000 -0.282 -0.636 0.926 -0.000 -0.294 -0.235 0.583 0.000 -0.224 -0.781 0.675 0.000 -0.159 -0.720 0.740 0.000 -0.657 0.142 0.696 0.000 -0.139 -0.704 0.693 0.000 -0.710 0.126 
0.708 -0.055 0.040 0.703 0.833 0.000 -0.482 -0.273 0.718 0.000 -0.282 -0.636 0.927 0.000 -0.293 -0.235 0.578 0.000 -0.224 -0.785 0.675 0.000 -0.159 -0.720 0.740 -0.000 -0.657 0.142 0.696 0.000 -0.139 -0.705 0.693 0.000 -0.710 0.125 
0.708 -0.055 0.040 0.703 0.833 -0.000 -0.482 -0.273 0.718 0.000 -0.282 -0.636 0.927 -0.000 -0.293 -0.236 0.572 0.000 -0.224 -0.789 0.675 -0.000 -0.159 -0.720 0.740 0.000 -0.657 0.142 0.696 0.000 -0.139 -0.705 0.694 -0.000 -0.709 0.126 
0.708 -0.055 0.040 0.703 0.833 0.000 -0.482 -0.273 0.718 0.000 -0.282 -0.636 0.927 0.000 -0.293 -0.236 0.568 0.000 -0.222 -0.793 0.675 0.000 -0.159 -0.720 0.740 0.000 -0.657 0.142 0.696 0.000 -0.139 -0.705 0.693 -0.000 -0.710 0.125 
0.708 -0.055 0.040 0.703 0.832 0.000 -0.482 -0.273 0.718 0.000 -0.282 -0.636 0.927 0.000 -0.292 -0.236 0.563 -0.000 -0.222 -0.796 0.675 -0.000 -0.159 -0.720 0.740 0.000 -0.657 0.142 0.696 -0.000 -0.139 -0.705 0.693 0.000 -0.710 0.125 
0.708 -0.055 0.040 0.703 0.833 0.000 -0.482 -0.273 0.718 0.000 -0.283 -0.636 0.927 0.000 -0.292 -0.237 0.557 -0.000 -0.222 -0.800 0.675 -0.000 -0.159 -0.721 0.740 0.000 -0.657 0.142 0.696 0.000 -0.139 -0.705 0.693 0.000 -0.710 0.125 
0.708 -0.055 0.040 0.703 0.832 0.000 -0.483 -0.273 0.718 0.000 -0.282 -0.636 0.927 -0.000 -0.291 -0.237 0.553 0.000 -0.220 -0.804 0.675 0.000 -0.158 -0.721 0.740 0.000 -0.657 0.142 0.696 0.000 -0.138 -0.705 0.693 0.000 -0.710 0.125 
0.708 -0.055 0.040 0.703 0.832 0.000 -0.483 -0.273 0.718 0.000 -0.282 -0.636 0.927 0.000 -0.291 -0.237 0.547 0.000 -0.222 -0.807 0.675 0.000 -0.159 -0.721 0.740 0.000 -0.657 0.142 0.696 0.000 -0.138 -0.705 0.693 0.000 -0.710 0.125 
0.708 -0.055 0.040 0.703 0.832 0.000 -0.483 -0.273 0.718 0.000 -0.282 -0.636 0.927 -0.000 -0.290 -0.238 0.542 0.000 -0.221 -0.811 0.675 -0.000 -0.158 -0.721 0.740 0.000 -0.657 0.142 0.696 0.000 -0.138 -0.705 0.693 0.000 -0.710 0.125 
0.708 -0.055 0.040 0.703 0.832 0.000 -0.483 -0.273 0.718 -0.000 -0.282 -0.636 0.927 0.000 -0.290 -0.238 0.537 0.000 -0.220 -0.814 0.675 -0.000 -0.158 -0.720 0.740 0.000 -0.657 0.142 0.696 -0.000 -0.138 -0.705 0.693 0.000 -0.710 0.125 
0.708 -0.055 0.040 0.703 0.832 0.000 -0.484 -0.272 0.718 0.000 -0.282 -0.636 0.927 0.000 -0.289 -0.238 0.531 0.000 -0.220 -0.818 0.675 0.000 -0.158 -0.721 0.740 0.000 -0.657 0.142 0.696 0.000 -0.138 -0.705 0.693 0.000 -0.710 0.125 
0.708 -0.055 0.039 0.703 0.832 0.000 -0.484 -0.272 0.718 0.000 -0.282 -0.636 0.927 0.000 -0.289 -0.239 0.526 0.000 -0.219 -0.822 0.675 0.000 -0.158 -0.721 0.740 0.000 -0.657 0.142 0.696 0.000 -0.138 -0.705 0.693 0.000 -0.710 0.125 
0.708 -0.054 0.039 0.703 0.832 0.000 -0.484 -0.273 0.718 0.000 -0.281 -0.637 0.927 -0.000 -0.288 -0.238 0.520 0.000 -0.218 -0.826 0.675 -0.000 -0.158 -0.721 0.740 0.000 -0.657 0.141 0.696 -0.000 -0.138 -0.705 0.693 0.000 -0.710 0.125 
0.708 -0.055 0.039 0.703 0.832 0.000 -0.484 -0.272 0.718 0.000 -0.282 -0.637 0.927 0.000 -0.288 -0.240 0.516 -0.000 -0.215 -0.829 0.675 -0.000 -0.158 -0.721 0.740 0.000 -0.657 0.142 0.696 0.000 -0.138 -0.705 0.693 0.000 -0.710 0.125 
0.708 -0.055 0.039 0.703 0.831 0.000 -0.484 -0.272 0.718 0.000 -0.282 -0.637 0.927 0.000 -0.287 -0.240 0.511 0.000 -0.214 -0.833 0.675 0.000 -0.158 -0.721 0.740 -0.000 -0.657 0.142 0.696 0.000 -0.138 -0.705 0.693 0.000 -0.710 0.125 
0.708 -0.055 0.039 0.703 0.831 0.000 -0.485 -0.272 0.718 0.000 -0.282 -0.636 0.927 0.000 -0.286 -0.241 0.506 0.000 -0.211 -0.836 0.675 0.000 -0.158 -0.721 0.740 0.000 -0.657 0.142 0.696 0.000 -0.138 -0.705 0.693 0.000 -0.710 0.125 
0.708 -0.055 0.039 0.703 0.831 0.000 -0.485 -0.272 0.718 0.000 -0.282 -0.636 0.927 0.000 -0.286 -0.241 0.501 0.000 -0.209 -0.840 0.675 0.000 -0.158 -0.721 0.740 -0.000 -0.657 0.142 0.696 0.000 -0.138 -0.705 0.693 0.000 -0.710 0.125 
0.708 -0.055 0.039 0.703 0.831 0.000 -0.485 -0.272 0.718 0.000 -0.282 -0.636 0.928 -0.000 -0.285 -0.241 0.497 0.000 -0.206 -0.843 0.675 -0.000 -0.158 -0.721 0.740 0.000 -0.657 0.142 0.695 0.000 -0.138 -0.705 0.693 0.000 -0.710 0.125 
0.708 -0.055 0.039 0.703 0.831 0.000 -0.485 -0.272 0.718 0.000 -0.283 -0.636 0.928 -0.000 -0.285 -0.242 0.492 0.000 -0.203 -0.847 0.675 -0.000 -0.158 -0.721 0.740 0.000 -0.657 0.142 0.696 0.000 -0.138 -0.705 0.693 0.000 -0.710 0.125 
0.708 -0.055 0.039 0.703 0.831 0.000 -0.485 -0.272 0.718 -0.000 -0.283 -0.636 0.928 0.000 -0.284 -0.242 0.487 0.000 -0.200 -0.850 0.675 0.000 -0.158 -0.721 0.740 -0.000 -0.657 0.142 0.695 0.000 -0.138 -0.705 0.693 0.000 -0.710 0.125 
0.708 -0.055 0.039 0.703 0.831 0.000 -0.486 -0.272 0.718 0.000 -0.283 -0.636 0.928 0.000 -0.283 -0.242 0.482 0.000 -0.196 -0.854 0.675 0.000 -0.158 -0.721 0.740 0.000 -0.657 0.142 0.695 0.000 -0.138 -0.705 0.693 -0.000 -0.710 0.125 
0.708 -0.054 0.039 0.703 0.831 0.000 -0.485 -0.272 0.718 0.000 -0.282 -0.636 0.928 0.000 -0.283 -0.241 0.477 0.000 -0.193 -0.858 0.675 0.000 -0.158 -0.721 0.740 0.000 -0.657 0.141 0.696 0.000 -0.137 -0.705 0.693 0.000 -0.710 0.125 
0.708 -0.054 0.039 0.704 0.831 0.000 -0.486 -0.272 0.718 0.000 -0.283 -0.636 0.928 0.000 -0.283 -0.241 0.472 0.000 -0.188 -0.861 0.675 0.000 -0.158 -0.721 0.740 0.000 -0.657 0.141 0.696 0.000 -0.137 -0.705 0.693 0.000 -0.710 0.124 
0.708 -0.054 0.039 0.704 0.830 0.000 -0.486 -0.273 0.718 0.000 -0.282 -0.636 0.929 0.000 -0.282 -0.241 0.468 0.000 -0.180 -0.865 0.675 0.000 -0.158 -0.721 0.740 0.000 -0.657 0.142 0.696 0.000 -0.137 -0.705 0.693 0.000 -0.710 0.124 
0.707 -0.055 0.039 0.704 0.830 0.000 -0.486 -0.272 0.718 0.000 -0.283 -0.636 0.929 0.000 -0.281 -0.242 0.465 0.000 -0.172 -0.868 0.675 0.000 -0.159 -0.721 0.740 0.000 -0.657 0.142 0.695 0.000 -0.138 -0.705 0.693 0.000 -0.710 0.125 
0.707 -0.055 0.039 0.704 0.830 0.000 -0.486 -0.272 0.718 0.000 -0.283 -0.636 0.929 0.000 -0.281 -0.241 0.460 0.000 -0.166 -0.872 0.675 0.000 -0.158 -0.721 0.740 0.000 -0.657 0.142 0.695 0.000 -0.137 -0.705 0.693 0.000 -0.710 0.125 
0.707 -0.055 0.039 0.703 0.830 0.000 -0.487 -0.272 0.718 0.000 -0.283 -0.636 0.929 0.000 -0.280 -0.243 0.457 0.000 -0.158 -0.875 0.675 0.000 -0.159 -0.721 0.740 -0.000 -0.657 0.143 0.696 0.000 -0.138 -0.705 0.693 0.000 -0.710 0.125 
0.707 -0.055 0.039 0.704 0.830 0.000 -0.487 -0.272 0.718 0.000 -0.283 -0.636 0.929 -0.000 -0.280 -0.243 0.452 0.000 -0.150 -0.879 0.675 0.000 -0.159 -0.721 0.740 0.000 -0.657 0.143 0.695 -0.000 -0.138 -0.705 0.693 0.000 -0.710 0.125 
0.707 -0.055 0.039 0.704 0.830 0.000 -0.487 -0.272 0.718 0.000 -0.283 -0.635 0.929 0.000 -0.280 -0.243 0.449 -0.000 -0.144 -0.882 0.675 0.000 -0.159 -0.721 0.740 0.000 -0.657 0.143 0.696 0.000 -0.138 -0.705 0.693 0.000 -0.710 0.125 
0.707 -0.055 0.039 0.704 0.830 0.000 -0.487 -0.272 0.718 -0.000 -0.283 -0.635 0.929 0.000 -0.279 -0.242 0.444 -0.000 -0.132 -0.886 0.675 0.000 -0.159 -0.721 0.740 0.000 -0.657 0.143 0.696 0.000 -0.138 -0.705 0.693 0.000 -0.710 0.125 
0.707 -0.055 0.039 0.704 0.830 0.000 -0.487 -0.272 0.718 -0.000 -0.283 -0.635 0.930 -0.000 -0.278 -0.242 0.439 0.000 -0.124 -0.890 0.675 0.000 -0.159 -0.721 0.740 0.000 -0.657 0.143 0.696 0.000 -0.138 -0.705 0.693 -0.000 -0.710 0.125 
0.707 -0.055 0.039 0.704 0.830 0.000 -0.487 -0.272 0.718 0.000 -0.284 -0.635 0.929 0.000 -0.278 -0.242 0.437 -0.000 -0.116 -0.892 0.675 0.000 -0.159 -0.721 0.740 0.000 -0.657 0.143 0.696 0.000 -0.138 -0.705 0.693 0.000 -0.710 0.125 
0.707 -0.055 0.039 0.704 0.830 0.000 -0.487 -0.271 0.718 0.000 -0.283 -0.635 0.930 0.000 -0.277 -0.241 0.432 0.000 -0.106 -0.896 0.675 0.000 -0.159 -0.721 0.740 -0.000 -0.657 0.143 0.696 -0.000 -0.138 -0.705 0.693 -0.000 -0.710 0.125 
0.707 -0.055 0.039 0.704 0.830 0.000 -0.488 -0.272 0.719 -0.000 -0.283 -0.635 0.930 0.000 -0.277 -0.241 0.428 0.000 -0.097 -0.899 0.675 -0.000 -0.159 -0.721 0.740 -0.000 -0.657 0.143 0.696 0.000 -0.139 -0.705 0.693 -0.000 -0.710 0.126 
0.707 -0.055 0.040 0.704 0.830 0.000 -0.488 -0.271 0.718 -0.000 -0.284 -0.635 0.930 0.000 -0.277 -0.242 0.425 0.000 -0.087 -0.901 0.675 0.000 -0.160 -0.721 0.740 0.000 -0.657 0.143 0.696 0.000 -0.139 -0.705 0.693 0.000 -0.710 0.126 
0.707 -0.055 0.040 0.704 0.830 0.000 -0.488 -0.271 0.718 0.000 -0.284 -0.635 0.930 0.000 -0.276 -0.242 0.422 0.000 -0.077 -0.903 0.675 0.000 -0.160 -0.721 0.740 0.000 -0.657 0.144 0.696 -0.000 -0.139 -0.705 0.693 0.000 -0.709 0.126 
0.707 -0.055 0.040 0.704 0.830 0.000 -0.488 -0.271 0.718 0.000 -0.284 -0.635 0.930 0.000 -0.276 -0.242 0.418 0.000 -0.064 -0.906 0.675 0.000 -0.160 -0.721 0.740 -0.000 -0.657 0.144 0.696 -0.000 -0.139 -0.705 0.693 0.000 -0.709 0.126 
0.707 -0.055 0.040 0.704 0.830 0.000 -0.488 -0.271 0.719 -0.000 -0.283 -0.635 0.931 0.000 -0.276 -0.241 0.414 0.000 -0.055 -0.909 0.675 0.000 -0.160 -0.721 0.740 0.000 -0.657 0.144 0.696 0.000 -0.139 -0.705 0.693 0.000 -0.709 0.126 
0.707 -0.055 0.040 0.704 0.830 0.000 -0.488 -0.270 0.718 0.000 -0.284 -0.635 0.931 0.000 -0.275 -0.241 0.410 -0.000 -0.045 -0.911 0.675 0.000 -0.160 -0.720 0.740 0.000 -0.657 0.144 0.696 -0.000 -0.139 -0.705 0.693 0.000 -0.709 0.126 
0.707 -0.056 0.040 0.704 0.830 0.000 -0.489 -0.270 0.718 0.000 -0.284 -0.635 0.931 0.000 -0.275 -0.241 0.407 0.000 -0.037 -0.913 0.675 0.000 -0.160 -0.720 0.740 0.000 -0.657 0.144 0.696 -0.000 -0.140 -0.705 0.693 -0.000 -0.709 0.126 
0.707 -0.056 0.040 0.703 0.830 0.000 -0.489 -0.270 0.718 0.000 -0.284 -0.635 0.931 -0.000 -0.274 -0.240 0.404 -0.000 -0.027 -0.914 0.675 0.000 -0.160 -0.720 0.740 0.000 -0.657 0.144 0.696 0.000 -0.140 -0.705 0.693 -0.000 -0.709 0.127 
0.707 -0.056 0.040 0.703 0.829 0.000 -0.489 -0.270 0.718 -0.000 -0.284 -0.635 0.931 0.000 -0.274 -0.240 0.400 0.000 -0.017 -0.916 0.675 0.000 -0.161 -0.720 0.740 0.000 -0.656 0.144 0.696 0.000 -0.140 -0.705 0.694 0.000 -0.709 0.127 
0.707 -0.056 0.040 0.703 0.829 0.000 -0.489 -0.270 0.718 0.000 -0.284 -0.635 0.932 -0.000 -0.273 -0.240 0.397 0.000 -0.009 -0.918 0.675 0.000 -0.161 -0.720 0.740 0.000 -0.657 0.144 0.696 0.000 -0.140 -0.705 0.693 -0.000 -0.709 0.127 
0.707 -0.056 0.040 0.703 0.829 0.000 -0.489 -0.270 0.718 0.000 -0.284 -0.635 0.932 0.000 -0.273 -0.240 0.394 0.000 -0.001 -0.919 0.675 0.000 -0.161 -0.720 0.740 0.000 -0.657 0.145 0.696 -0.000 -0.140 -0.704 0.694 -0.000 -0.709 0.127 
0.707 -0.056 0.041 0.703 0.829 0.000 -0.489 -0.270 0.718 -0.000 -0.284 -0.635 0.932 -0.000 -0.272 -0.239 0.391 -0.000 0.006 -0.920 0.675 0.000 -0.161 -0.720 0.740 0.000 -0.657 0.145 0.696 0.000 -0.141 -0.704 0.693 0.000 -0.709 0.127 
0.707 -0.056 0.041 0.703 0.829 0.000 -0.489 -0.270 0.718 0.000 -0.284 -0.635 0.932 -0.000 -0.271 -0.239 0.388 0.000 0.012 -0.921 0.675 0.000 -0.161 -0.720 0.740 -0.000 -0.656 0.145 0.696 0.000 -0.141 -0.704 0.693 0.000 -0.709 0.128 
0.707 -0.056 0.041 0.703 0.829 -0.000 -0.489 -0.270 0.718 0.000 -0.284 -0.635 0.932 0.000 -0.271 -0.239 0.386 0.000 0.019 -0.922 0.675 -0.000 -0.162 -0.720 0.740 0.000 -0.656 0.145 0.696 -0.000 -0.141 -0.704 0.694 -0.000 -0.709 0.128 
0.707 -0.056 0.041 0.703 0.829 0.000 -0.490 -0.270 0.719 -0.000 -0.284 -0.635 0.932 0.000 -0.271 -0.239 0.384 -0.000 0.025 -0.923 0.675 0.000 -0.162 -0.720 0.740 0.000 -0.656 0.145 0.696 -0.000 -0.141 -0.704 0.693 -0.000 -0.709 0.128 
0.707 -0.056 0.041 0.703 0.829 0.000 -0.490 -0.270 0.718 0.000 -0.284 -0.635 0.933 0.000 -0.269 -0.240 0.383 0.000 0.031 -0.923 0.675 0.000 -0.162 -0.720 0.740 0.000 -0.656 0.145 0.696 -0.000 -0.141 -0.704 0.693 0.000 -0.709 0.128 
0.707 -0.056 0.041 0.703 0.829 0.000 -0.490 -0.270 0.719 -0.000 -0.284 -0.635 0.933 0.000 -0.269 -0.240 0.381 0.000 0.036 -0.924 0.675 0.000 -0.162 -0.720 0.740 0.000 -0.656 0.145 0.696 0.000 -0.142 -0.704 0.693 0.000 -0.709 0.129 
0.707 -0.056 0.041 0.703 0.829 0.000 -0.490 -0.270 0.719 0.000 -0.285 -0.635 0.933 0.000 -0.269 -0.239 0.380 0.000 0.040 -0.924 0.675 0.000 -0.162 -0.720 0.740 0.000 -0.656 0.146 0.696 -0.000 -0.142 -0.704 0.693 0.000 -0.709 0.129 
0.707 -0.056 0.041 0.703 0.829 0.000 -0.490 -0.270 0.719 0.000 -0.284 -0.635 0.933 -0.000 -0.270 -0.238 0.379 -0.000 0.044 -0.924 0.675 0.000 -0.162 -0.720 0.740 0.000 -0.656 0.146 0.696 0.000 -0.142 -0.704 0.693 0.000 -0.709 0.129 
0.707 -0.056 0.042 0.703 0.829 0.000 -0.490 -0.270 0.719 0.000 -0.284 -0.635 0.933 0.000 -0.270 -0.238 0.378 0.000 0.047 -0.924 0.675 0.000 -0.162 -0.720 0.740 0.000 -0.656 0.146 0.695 0.000 -0.142 -0.704 0.693 0.000 -0.709 0.129 
0.707 -0.057 0.042 0.703 0.829 0.000 -0.490 -0.270 0.719 -0.000 -0.285 -0.635 0.933 0.000 -0.269 -0.237 0.378 -0.000 0.049 -0.924 0.675 0.000 -0.163 -0.720 0.740 0.000 -0.656 0.146 0.695 0.000 -0.142 -0.704 0.693 0.000 -0.709 0.130 
0.707 -0.057 0.042 0.703 0.829 0.000 -0.490 -0.270 0.719 0.000 -0.284 -0.635 0.934 0.000 -0.269 -0.237 0.379 0.000 0.051 -0.924 0.675 -0.000 -0.163 -0.720 0.740 0.000 -0.656 0.146 0.695 0.000 -0.142 -0.704 0.693 0.000 -0.709 0.130 
0.708 -0.057 0.042 0.703 0.829 0.000 -0.490 -0.270 0.719 0.000 -0.284 -0.635 0.933 0.000 -0.270 -0.237 0.380 0.000 0.053 -0.924 0.675 -0.000 -0.163 -0.719 0.740 -0.000 -0.656 0.146 0.695 0.000 -0.143 -0.704 0.693 -0.000 -0.709 0.130 
0.707 -0.057 0.042 0.703 0.829 0.000 -0.490 -0.270 0.719 0.000 -0.284 -0.635 0.933 -0.000 -0.269 -0.237 0.381 0.000 0.054 -0.923 0.675 0.000 -0.163 -0.720 0.740 0.000 -0.656 0.146 0.695 -0.000 -0.143 -0.704 0.693 0.000 -0.709 0.130 
0.708 -0.057 0.042 0.703 0.829 -0.000 -0.491 -0.270 0.719 0.000 -0.284 -0.635 0.934 0.000 -0.269 -0.236 0.382 0.000 0.055 -0.923 0.675 0.000 -0.163 -0.720 0.740 0.000 -0.656 0.147 0.695 0.000 -0.143 -0.704 0.694 0.000 -0.709 0.130 
0.708 -0.057 0.042 0.703 0.828 -0.000 -0.491 -0.270 0.719 0.000 -0.284 -0.635 0.934 0.000 -0.268 -0.238 0.384 0.000 0.057 -0.922 0.675 0.000 -0.163 -0.719 0.740 0.000 -0.656 0.147 0.695 -0.000 -0.143 -0.704 0.693 0.000 -0.709 0.131 
0.708 -0.057 0.042 0.703 0.829 0.000 -0.491 -0.270 0.718 0.000 -0.285 -0.635 0.934 0.000 -0.268 -0.237 0.385 0.000 0.058 -0.921 0.675 0.000 -0.164 -0.719 0.740 0.000 -0.656 0.147 0.695 0.000 -0.143 -0.704 0.693 0.000 -0.709 0.131 
0.707 -0.057 0.042 0.703 0.828 0.000 -0.491 -0.270 0.718 0.000 -0.284 -0.635 0.934 0.000 -0.268 -0.237 0.388 0.000 0.059 -0.920 0.675 0.000 -0.163 -0.720 0.740 -0.000 -0.656 0.147 0.695 0.000 -0.144 -0.704 0.693 0.000 -0.709 0.131 
0.707 -0.057 0.042 0.703 0.828 -0.000 -0.491 -0.270 0.718 0.000 -0.284 -0.635 0.934 0.000 -0.268 -0.237 0.390 0.000 0.059 -0.919 0.675 -0.000 -0.164 -0.720 0.740 0.000 -0.656 0.147 0.695 0.000 -0.144 -0.704 0.693 -0.000 -0.708 0.131 
0.707 -0.057 0.042 0.703 0.828 0.000 -0.491 -0.270 0.718 0.000 -0.284 -0.635 0.934 -0.000 -0.268 -0.237 0.392 0.000 0.060 -0.918 0.675 0.000 -0.164 -0.719 0.740 0.000 -0.656 0.147 0.695 0.000 -0.144 -0.704 0.694 0.000 -0.708 0.131 
0.708 -0.057 0.043 0.703 0.828 0.000 -0.491 -0.270 0.718 0.000 -0.284 -0.635 0.934 0.000 -0.269 -0.235 0.394 0.000 0.059 -0.917 0.675 0.000 -0.164 -0.720 0.740 0.000 -0.656 0.147 0.695 0.000 -0.144 -0.704 0.694 -0.000 -0.708 0.131 
0.707 -0.057 0.043 0.703 0.828 0.000 -0.491 -0.270 0.718 0.000 -0.284 -0.635 0.934 0.000 -0.269 -0.235 0.396 0.000 0.059 -0.916 0.675 0.000 -0.164 -0.719 0.740 -0.000 -0.656 0.147 0.695 0.000 -0.144 -0.704 0.694 0.000 -0.708 0.131 
0.707 -0.057 0.043 0.703 0.828 0.000 -0.491 -0.270 0.718 0.000 -0.284 -0.635 0.934 0.000 -0.269 -0.235 0.400 0.000 0.059 -0.915 0.675 0.000 -0.164 -0.720 0.740 0.000 -0.656 0.148 0.695 -0.000 -0.144 -0.704 0.694 0.000 -0.708 0.131 
0.708 -0.057 0.043 0.703 0.828 0.000 -0.491 -0.270 0.718 0.000 -0.285 -0.635 0.934 0.000 -0.270 -0.235 0.403 -0.000 0.059 -0.913 0.675 -0.000 -0.164 -0.719 0.740 0.000 -0.656 0.148 0.695 0.000 -0.144 -0.704 0.694 -0.000 -0.708 0.131 
0.707 -0.057 0.043 0.703 0.828 0.000 -0.491 -0.270 0.718 0.000 -0.284 -0.635 0.934 0.000 -0.270 -0.235 0.406 0.000 0.058 -0.912 0.675 0.000 -0.164 -0.720 0.740 0.000 -0.656 0.148 0.695 0.000 -0.144 -0.704 0.694 -0.000 -0.708 0.131 
0.707 -0.057 0.043 0.703 0.828 0.000 -0.491 -0.270 0.718 -0.000 -0.284 -0.635 0.934 -0.000 -0.271 -0.234 0.410 0.000 0.057 -0.910 0.675 -0.000 -0.164 -0.719 0.740 0.000 -0.656 0.148 0.695 0.000 -0.145 -0.704 0.694 0.000 -0.708 0.132 
0.707 -0.057 0.043 0.703 0.828 0.000 -0.491 -0.270 0.718 0.000 -0.284 -0.635 0.934 0.000 -0.271 -0.235 0.414 0.000 0.055 -0.909 0.675 0.000 -0.164 -0.719 0.740 -0.000 -0.656 0.148 0.695 0.000 -0.145 -0.704 0.694 0.000 -0.708 0.132 
0.707 -0.057 0.043 0.703 0.828 0.000 -0.491 -0.270 0.718 0.000 -0.285 -0.635 0.933 0.000 -0.271 -0.234 0.418 0.000 0.054 -0.907 0.675 0.000 -0.164 -0.719 0.740 0.000 -0.656 0.148 0.695 0.000 -0.145 -0.704 0.694 -0.000 -0.708 0.132 
0.707 -0.057 0.043 0.703 0.828 0.000 -0.491 -0.270 0.718 -0.000 -0.285 -0.635 0.933 -0.000 -0.272 -0.235 0.423 0.000 0.053 -0.905 0.675 0.000 -0.164 -0.719 0.740 0.000 -0.656 0.148 0.695 0.000 -0.145 -0.704 0.694 0.000 -0.708 0.132 
0.707 -0.057 0.043 0.703 0.828 0.000 -0.491 -0.270 0.718 0.000 -0.285 -0.635 0.933 -0.000 -0.272 -0.234 0.428 0.000 0.051 -0.902 0.675 0.000 -0.164 -0.719 0.740 0.000 -0.656 0.148 0.695 0.000 -0.145 -0.704 0.694 -0.000 -0.708 0.132 
0.707 -0.057 0.043 0.703 0.828 0.000 -0.491 -0.270 0.718 -0.000 -0.285 -0.635 0.933 -0.000 -0.273 -0.235 0.433 0.000 0.050 -0.900 0.675 -0.000 -0.165 -0.719 0.740 0.000 -0.656 0.149 0.695 0.000 -0.145 -0.704 0.694 0.000 -0.708 0.132 
0.707 -0.057 0.043 0.703 0.828 -0.000 -0.491 -0.270 0.718 0.000 -0.284 -0.635 0.933 -0.000 -0.273 -0.235 0.438 0.000 0.048 -0.898 0.675 -0.000 -0.165 -0.719 0.740 0.000 -0.656 0.149 0.695 0.000 -0.145 -0.704 0.694 0.000 -0.708 0.132 
0.707 -0.057 0.043 0.703 0.828 0.000 -0.491 -0.270 0.718 0.000 -0.285 -0.635 0.933 0.000 -0.274 -0.235 0.443 0.000 0.047 -0.896 0.675 0.000 -0.165 -0.719 0.740 0.000 -0.656 0.149 0.695 0.000 -0.146 -0.704 0.694 -0.000 -0.708 0.132 
0.707 -0.058 0.044 0.703 0.828 0.000 -0.491 -0.270 0.718 0.000 -0.285 -0.635 0.933 -0.000 -0.274 -0.235 0.447 0.000 0.045 -0.893 0.675 0.000 -0.165 -0.719 0.740 0.000 -0.656 0.149 0.695 -0.000 -0.146 -0.704 0.694 -0.000 -0.708 0.132 
0.707 -0.058 0.044 0.703 0.828 -0.000 -0.491 -0.269 0.718 0.000 -0.285 -0.635 0.933 0.000 -0.274 -0.235 0.452 0.000 0.042 -0.891 0.675 -0.000 -0.165 -0.719 0.740 0.000 -0.656 0.149 0.695 0.000 -0.146 -0.704 0.694 -0.000 -0.708 0.132 
0.707 -0.058 0.044 0.703 0.828 0.000 -0.491 -0.270 0.718 -0.000 -0.285 -0.635 0.932 0.000 -0.275 -0.235 0.457 0.000 0.039 -0.889 0.675 0.000 -0.165 -0.719 0.740 -0.000 -0.656 0.149 0.696 0.000 -0.146 -0.704 0.694 0.000 -0.708 0.132 
0.707 -0.058 0.044 0.703 0.828 -0.000 -0.491 -0.269 0.718 -0.000 -0.285 -0.635 0.932 0.000 -0.275 -0.235 0.462 0.000 0.037 -0.886 0.675 0.000 -0.165 -0.719 0.740 0.000 -0.656 0.149 0.695 0.000 -0.146 -0.704 0.694 0.000 -0.708 0.132 
0.707 -0.058 0.044 0.703 0.828 0.000 -0.491 -0.269 0.718 0.000 -0.285 -0.635 0.932 0.000 -0.276 -0.235 0.467 0.000 0.035 -0.884 0.675 -0.000 -0.165 -0.719 0.740 0.000 -0.656 0.149 0.696 0.000 -0.146 -0.703 0.694 0.000 -0.708 0.132 
0.707 -0.058 0.044 0.703 0.828 0.000 -0.491 -0.269 0.718 0.000 -0.285 -0.635 0.932 0.000 -0.276 -0.235 0.471 0.000 0.031 -0.881 0.675 -0.000 -0.165 -0.719 0.740 0.000 -0.656 0.149 0.696 0.000 -0.146 -0.704 0.694 0.000 -0.708 0.132 
0.707 -0.058 0.044 0.703 0.828 -0.000 -0.491 -0.269 0.718 -0.000 -0.285 -0.635 0.932 0.000 -0.277 -0.235 0.477 0.000 0.027 -0.879 0.675 0.000 -0.166 -0.719 0.740 0.000 -0.656 0.149 0.695 0.000 -0.146 -0.704 0.694 0.000 -0.708 0.132 
0.707 -0.058 0.044 0.703 0.828 0.000 -0.491 -0.269 0.718 0.000 -0.285 -0.635 0.931 0.000 -0.277 -0.235 0.482 0.000 0.024 -0.876 0.675 0.000 -0.165 -0.719 0.740 0.000 -0.656 0.149 0.696 -0.000 -0.146 -0.703 0.694 0.000 -0.708 0.132 
0.707 -0.058 0.044 0.703 0.828 0.000 -0.491 -0.269 0.718 0.000 -0.285 -0.635 0.931 0.000 -0.278 -0.236 0.487 0.000 0.019 -0.873 0.675 0.000 -0.166 -0.719 0.740 0.000 -0.656 0.150 0.696 -0.000 -0.146 -0.703 0.694 0.000 -0.708 0.132 
0.707 -0.058 0.044 0.703 0.828 0.000 -0.491 -0.269 0.718 0.000 -0.285 -0.635 0.931 -0.000 -0.278 -0.236 0.493 -0.000 0.015 -0.870 0.675 0.000 -0.166 -0.719 0.740 0.000 -0.656 0.150 0.696 0.000 -0.146 -0.703 0.694 0.000 -0.708 0.132 
0.707 -0.058 0.044 0.703 0.828 0.000 -0.491 -0.269 0.718 -0.000 -0.285 -0.635 0.931 0.000 -0.278 -0.236 0.499 0.000 0.010 -0.867 0.675 0.000 -0.166 -0.719 0.740 0.000 -0.656 0.150 0.696 0.000 -0.146 -0.703 0.694 -0.000 -0.708 0.132 
0.707 -0.058 0.044 0.703 0.828 -0.000 -0.491 -0.269 0.718 0.000 -0.285 -0.635 0.931 0.000 -0.279 -0.237 0.504 0.000 0.005 -0.863 0.675 -0.000 -0.166 -0.719 0.740 0.000 -0.656 0.150 0.696 -0.000 -0.147 -0.703 0.694 0.000 -0.708 0.132 
0.707 -0.058 0.044 0.703 0.828 -0.000 -0.491 -0.269 0.718 0.000 -0.285 -0.635 0.930 0.000 -0.278 -0.238 0.510 0.000 -0.000 -0.860 0.675 0.000 -0.166 -0.719 0.740 0.000 -0.656 0.149 0.696 0.000 -0.147 -0.703 0.694 0.000 -0.708 0.132 
0.707 -0.058 0.044 0.703 0.829 0.000 -0.491 -0.268 0.718 0.000 -0.285 -0.635 0.930 0.000 -0.280 -0.238 0.516 0.000 -0.006 -0.857 0.675 0.000 -0.166 -0.719 0.740 -0.000 -0.656 0.150 0.696 0.000 -0.147 -0.703 0.694 -0.000 -0.708 0.133 
0.707 -0.058 0.044 0.703 0.829 0.000 -0.491 -0.268 0.718 0.000 -0.285 -0.635 0.930 0.000 -0.280 -0.238 0.521 0.000 -0.012 -0.853 0.675 -0.000 -0.166 -0.719 0.740 0.000 -0.656 0.150 0.696 0.000 -0.147 -0.703 0.694 0.000 -0.708 0.133 
0.707 -0.058 0.044 0.703 0.829 0.000 -0.491 -0.269 0.718 0.000 -0.285 -0.635 0.930 0.000 -0.280 -0.238 0.528 0.000 -0.019 -0.849 0.675 0.000 -0.166 -0.719 0.740 -0.000 -0.656 0.150 0.696 0.000 -0.147 -0.703 0.694 0.000 -0.708 0.133 
0.707 -0.058 0.044 0.703 0.829 -0.000 -0.491 -0.268 0.718 0.000 -0.285 -0.635 0.930 -0.000 -0.281 -0.239 0.533 -0.000 -0.025 -0.846 0.675 0.000 -0.166 -0.719 0.740 0.000 -0.655 0.150 0.696 0.000 -0.147 -0.703 0.694 0.000 -0.708 0.133 
0.707 -0.058 0.044 0.703 0.828 0.000 -0.492 -0.268 0.718 0.000 -0.285 -0.635 0.929 0.000 -0.281 -0.239 0.538 0.000 -0.031 -0.842 0.675 0.000 -0.166 -0.719 0.740 0.000 -0.656 0.150 0.696 0.000 -0.147 -0.703 0.694 0.000 -0.708 0.133 
0.707 -0.058 0.044 0.703 0.828 0.000 -0.492 -0.268 0.718 0.000 -0.285 -0.635 0.929 0.000 -0.282 -0.239 0.544 0.000 -0.039 -0.838 0.675 0.000 -0.167 -0.719 0.740 0.000 -0.655 0.150 0.696 0.000 -0.147 -0.703 0.694 -0.000 -0.708 0.133 
0.707 -0.058 0.044 0.703 0.828 0.000 -0.492 -0.268 0.718 0.000 -0.285 -0.635 0.929 0.000 -0.282 -0.240 0.549 0.000 -0.045 -0.835 0.675 0.000 -0.166 -0.719 0.740 0.000 -0.656 0.150 0.696 0.000 -0.147 -0.703 0.694 -0.000 -0.708 0.133 
0.707 -0.058 0.044 0.703 0.829 0.000 -0.492 -0.268 0.718 0.000 -0.285 -0.635 0.929 -0.000 -0.283 -0.240 0.554 0.000 -0.051 -0.831 0.675 -0.000 -0.167 -0.719 0.740 0.000 -0.655 0.150 0.696 0.000 -0.147 -0.703 0.694 0.000 -0.708 0.133 
0.707 -0.058 0.044 0.703 0.828 0.000 -0.492 -0.268 0.718 0.000 -0.285 -0.635 0.929 0.000 -0.283 -0.240 0.559 0.000 -0.058 -0.827 0.675 0.000 -0.167 -0.719 0.740 0.000 -0.655 0.150 0.696 0.000 -0.147 -0.703 0.694 0.000 -0.708 0.133 
0.707 -0.058 0.044 0.703 0.829 0.000 -0.492 -0.268 0.718 0.000 -0.285 -0.635 0.928 0.000 -0.283 -0.241 0.564 0.000 -0.065 -0.824 0.675 0.000 -0.167 -0.719 0.740 -0.000 -0.655 0.150 0.696 0.000 -0.147 -0.703 0.694 0.000 -0.708 0.133 
0.707 -0.058 0.044 0.703 0.829 0.000 -0.492 -0.268 0.718 0.000 -0.285 -0.635 0.928 0.000 -0.283 -0.241 0.569 0.000 -0.071 -0.819 0.675 0.000 -0.167 -0.719 0.740 -0.000 -0.655 0.150 0.696 0.000 -0.147 -0.703 0.694 0.000 -0.708 0.133 
0.707 -0.059 0.044 0.703 0.829 0.000 -0.492 -0.268 0.718 0.000 -0.284 -0.635 0.928 0.000 -0.284 -0.241 0.573 0.000 -0.079 -0.815 0.675 -0.000 -0.167 -0.719 0.740 0.000 -0.655 0.150 0.696 -0.000 -0.147 -0.703 0.694 0.000 -0.708 0.133 
0.707 -0.059 0.044 0.703 0.829 0.000 -0.492 -0.268 0.718 0.000 -0.285 -0.635 0.928 0.000 -0.284 -0.241 0.578 0.000 -0.087 -0.812 0.675 -0.000 -0.167 -0.718 0.740 0.000 -0.655 0.149 0.696 -0.000 -0.147 -0.703 0.694 0.000 -0.708 0.133 
0.707 -0.059 0.044 0.703 0.829 0.000 -0.492 -0.268 0.718 0.000 -0.286 -0.635 0.928 0.000 -0.284 -0.241 0.582 -0.000 -0.094 -0.808 0.675 0.000 -0.167 -0.718 0.740 0.000 -0.655 0.149 0.696 0.000 -0.147 -0.703 0.694 -0.000 -0.708 0.133 
0.707 -0.059 0.044 0.703 0.829 0.000 -0.492 -0.267 0.718 0.000 -0.286 -0.635 0.928 0.000 -0.285 -0.241 0.586 -0.000 -0.101 -0.804 0.675 0.000 -0.167 -0.718 0.740 0.000 -0.655 0.149 0.696 0.000 -0.147 -0.703 0.694 0.000 -0.708 0.133 
0.707 -0.059 0.044 0.703 0.829 0.000 -0.491 -0.267 0.718 0.000 -0.286 -0.635 0.928 -0.000 -0.285 -0.241 0.589 0.000 -0.108 -0.801 0.675 0.000 -0.167 -0.718 0.740 0.000 -0.655 0.149 0.696 0.000 -0.147 -0.703 0.694 0.000 -0.708 0.133 
0.707 -0.059 0.044 0.703 0.829 0.000 -0.491 -0.267 0.718 0.000 -0.286 -0.635 0.927 0.000 -0.286 -0.242 0.593 0.000 -0.114 -0.797 0.675 0.000 -0.167 -0.718 0.740 -0.000 -0.655 0.149 0.696 -0.000 -0.147 -0.703 0.693 -0.000 -0.708 0.133 
0.707 -0.059 0.044 0.703 0.829 0.000 -0.491 -0.267 0.717 -0.000 -0.285 -0.635 0.927 -0.000 -0.286 -0.242 0.596 -0.000 -0.120 -0.794 0.675 -0.000 -0.167 -0.718 0.740 0.000 -0.655 0.149 0.696 0.000 -0.147 -0.703 0.694 0.000 -0.708 0.133 
0.708 -0.059 0.044 0.703 0.829 -0.000 -0.491 -0.267 0.717 0.000 -0.286 -0.635 0.927 0.000 -0.287 -0.242 0.599 0.000 -0.125 -0.791 0.675 0.000 -0.167 -0.718 0.740 0.000 -0.655 0.149 0.696 -0.000 -0.147 -0.703 0.693 0.000 -0.708 0.133 
0.708 -0.059 0.044 0.703 0.829 -0.000 -0.492 -0.267 0.717 0.000 -0.285 -0.635 0.927 -0.000 -0.287 -0.242 0.601 0.000 -0.130 -0.788 0.675 -0.000 -0.166 -0.718 0.740 -0.000 -0.655 0.149 0.696 0.000 -0.147 -0.703 0.694 -0.000 -0.708 0.133 
0.708 -0.059 0.044 0.703 0.829 0.000 -0.492 -0.266 0.717 -0.000 -0.285 -0.636 0.927 0.000 -0.288 -0.242 0.604 0.000 -0.136 -0.785 0.675 -0.000 -0.166 -0.719 0.740 0.000 -0.656 0.149 0.696 0.000 -0.147 -0.703 0.693 0.000 -0.708 0.133 
0.708 -0.058 0.044 0.703 0.829 0.000 -0.491 -0.267 0.718 0.000 -0.285 -0.636 0.926 0.000 -0.289 -0.242 0.607 0.000 -0.141 -0.782 0.676 -0.000 -0.166 -0.718 0.740 0.000 -0.655 0.148 0.696 0.000 -0.146 -0.703 0.693 0.000 -0.708 0.133 
0.708 -0.058 0.044 0.703 0.829 0.000 -0.491 -0.267 0.717 0.000 -0.285 -0.636 0.926 0.000 -0.290 -0.241 0.609 0.000 -0.147 -0.779 0.676 0.000 -0.166 -0.718 0.741 -0.000 -0.655 0.148 0.696 0.000 -0.146 -0.703 0.693 0.000 -0.708 0.133 
0.708 -0.058 0.044 0.703 0.829 0.000 -0.491 -0.267 0.718 0.000 -0.285 -0.636 0.926 0.000 -0.290 -0.241 0.612 0.000 -0.152 -0.776 0.676 0.000 -0.166 -0.718 0.741 -0.000 -0.656 0.148 0.696 0.000 -0.146 -0.703 0.694 0.000 -0.708 0.133 
0.708 -0.058 0.044 0.703 0.829 0.000 -0.491 -0.267 0.718 0.000 -0.285 -0.636 0.926 -0.000 -0.291 -0.241 0.614 0.000 -0.159 -0.773 0.676 0.000 -0.166 -0.718 0.741 0.000 -0.656 0.148 0.696 -0.000 -0.146 -0.703 0.693 0.000 -0.708 0.133 
0.708 -0.058 0.044 0.703 0.829 -0.000 -0.491 -0.266 0.718 0.000 -0.285 -0.636 0.926 0.000 -0.292 -0.241 0.616 0.000 -0.165 -0.771 0.676 0.000 -0.166 -0.718 0.741 0.000 -0.656 0.148 0.696 0.000 -0.146 -0.703 0.693 0.000 -0.708 0.133 
0.708 -0.058 0.043 0.703 0.830 0.000 -0.491 -0.266 0.718 0.000 -0.285 -0.636 0.926 0.000 -0.292 -0.240 0.617 0.000 -0.170 -0.769 0.676 0.000 -0.166 -0.718 0.741 0.000 -0.656 0.148 0.696 -0.000 -0.146 -0.703 0.693 0.000 -0.708 0.132 
0.708 -0.058 0.043 0.703 0.830 0.000 -0.491 -0.267 0.718 0.000 -0.285 -0.636 0.926 0.000 -0.292 -0.240 0.618 -0.000 -0.175 -0.766 0.676 0.000 -0.165 -0.718 0.741 -0.000 -0.656 0.147 0.696 -0.000 -0.146 -0.703 0.693 0.000 -0.708 0.132 
0.708 -0.058 0.043 0.703 0.830 -0.000 -0.490 -0.267 0.718 -0.000 -0.285 -0.636 0.926 0.000 -0.293 -0.240 0.619 -0.000 -0.180 -0.764 0.676 -0.000 -0.166 -0.718 0.741 0.000 -0.656 0.147 0.696 0.000 -0.146 -0.703 0.693 0.000 -0.708 0.132 
0.708 -0.058 0.043 0.703 0.830 0.000 -0.490 -0.266 0.718 0.000 -0.284 -0.636 0.925 0.000 -0.294 -0.239 0.620 0.000 -0.185 -0.763 0.676 0.000 -0.165 -0.718 0.741 -0.000 -0.656 0.147 0.696 0.000 -0.145 -0.703 0.693 -0.000 -0.708 0.132 
0.708 -0.058 0.043 0.703 0.830 0.000 -0.490 -0.266 0.718 0.000 -0.283 -0.636 0.925 0.000 -0.294 -0.239 0.621 0.000 -0.190 -0.761 0.676 0.000 -0.165 -0.719 0.741 0.000 -0.656 0.147 0.696 0.000 -0.145 -0.703 0.693 0.000 -0.708 0.132 
0.708 -0.058 0.043 0.703 0.830 0.000 -0.490 -0.266 0.718 0.000 -0.283 -0.636 0.925 0.000 -0.295 -0.239 0.621 -0.000 -0.195 -0.759 0.676 0.000 -0.165 -0.718 0.741 0.000 -0.656 0.147 0.696 -0.000 -0.145 -0.703 0.693 0.000 -0.708 0.132 
0.708 -0.058 0.043 0.703 0.830 0.000 -0.491 -0.265 0.718 0.000 -0.283 -0.636 0.925 0.000 -0.296 -0.239 0.622 0.000 -0.199 -0.758 0.676 0.000 -0.165 -0.719 0.741 0.000 -0.656 0.147 0.696 0.000 -0.145 -0.703 0.693 0.000 -0.708 0.132 
0.708 -0.058 0.043 0.703 0.830 0.000 -0.490 -0.266 0.718 0.000 -0.284 -0.636 0.925 0.000 -0.297 -0.239 0.621 0.000 -0.203 -0.757 0.676 0.000 -0.165 -0.719 0.741 0.000 -0.656 0.147 0.696 -0.000 -0.145 -0.703 0.693 -0.000 -0.708 0.132 
0.708 -0.058 0.043 0.703 0.830 0.000 -0.490 -0.266 0.718 0.000 -0.283 -0.636 0.924 0.000 -0.298 -0.239 0.621 -0.000 -0.206 -0.756 0.676 -0.000 -0.165 -0.719 0.741 0.000 -0.656 0.147 0.696 0.000 -0.145 -0.703 0.694 -0.000 -0.708 0.132 
0.708 -0.058 0.043 0.703 0.831 0.000 -0.489 -0.266 0.718 0.000 -0.283 -0.636 0.924 0.000 -0.299 -0.239 0.621 0.000 -0.210 -0.755 0.676 0.000 -0.165 -0.719 0.741 0.000 -0.656 0.147 0.696 0.000 -0.145 -0.703 0.694 0.000 -0.708 0.132 
0.708 -0.058 0.043 0.703 0.831 0.000 -0.489 -0.266 0.718 -0.000 -0.283 -0.636 0.924 0.000 -0.299 -0.238 0.620 0.000 -0.213 -0.755 0.676 0.000 -0.165 -0.719 0.741 0.000 -0.656 0.147 0.696 0.000 -0.145 -0.703 0.694 0.000 -0.708 0.131 
0.708 -0.058 0.043 0.703 0.831 0.000 -0.490 -0.265 0.718 0.000 -0.283 -0.636 0.924 0.000 -0.300 -0.238 0.620 0.000 -0.217 -0.754 0.676 0.000 -0.165 -0.719 0.740 0.000 -0.656 0.147 0.696 0.000 -0.145 -0.703 0.693 0.000 -0.708 0.131 
0.708 -0.058 0.043 0.703 0.830 -0.000 -0.490 -0.265 0.718 0.000 -0.283 -0.636 0.924 0.000 -0.300 -0.238 0.619 0.000 -0.220 -0.754 0.676 0.000 -0.164 -0.719 0.741 -0.000 -0.656 0.146 0.696 -0.000 -0.145 -0.703 0.694 0.000 -0.708 0.131 
0.708 -0.058 0.043 0.703 0.831 0.000 -0.489 -0.266 0.718 0.000 -0.283 -0.636 0.924 0.000 -0.301 -0.237 0.618 0.000 -0.224 -0.753 0.676 0.000 -0.164 -0.719 0.741 0.000 -0.656 0.147 0.696 -0.000 -0.145 -0.703 0.694 -0.000 -0.708 0.131 
0.708 -0.057 0.043 0.703 0.831 0.000 -0.489 -0.266 0.718 -0.000 -0.284 -0.636 0.924 0.000 -0.301 -0.237 0.618 0.000 -0.227 -0.753 0.676 0.000 -0.164 -0.719 0.741 -0.000 -0.656 0.146 0.696 0.000 -0.145 -0.703 0.694 0.000 -0.708 0.131 
0.708 -0.057 0.043 0.703 0.831 0.000 -0.490 -0.265 0.718 0.000 -0.283 -0.636 0.923 0.000 -0.302 -0.237 0.617 -0.000 -0.229 -0.753 0.675 0.000 -0.164 -0.719 0.741 0.000 -0.656 0.146 0.696 -0.000 -0.144 -0.703 0.693 -0.000 -0.709 0.131 
0.708 -0.057 0.043 0.703 0.831 -0.000 -0.489 -0.265 0.718 0.000 -0.283 -0.636 0.923 -0.000 -0.302 -0.237 0.615 0.000 -0.232 -0.753 0.675 -0.000 -0.164 -0.719 0.740 0.000 -0.656 0.146 0.696 0.000 -0.144 -0.703 0.694 0.000 -0.708 0.131 
0.708 -0.057 0.043 0.703 0.831 -0.000 -0.489 -0.265 0.718 0.000 -0.283 -0.636 0.923 0.000 -0.303 -0.236 0.614 -0.000 -0.234 -0.754 0.675 0.000 -0.164 -0.719 0.741 0.000 -0.656 0.146 0.696 -0.000 -0.144 -0.703 0.694 0.000 -0.708 0.131 
0.708 -0.057 0.043 0.703 0.831 0.000 -0.489 -0.265 0.718 0.000 -0.283 -0.636 0.923 0.000 -0.303 -0.236 0.613 0.000 -0.236 -0.754 0.675 -0.000 -0.164 -0.719 0.741 0.000 -0.656 0.146 0.696 0.000 -0.144 -0.703 0.694 0.000 -0.708 0.131 
0.708 -0.057 0.043 0.703 0.831 0.000 -0.489 -0.265 0.718 0.000 -0.283 -0.636 0.923 -0.000 -0.303 -0.236 0.610 0.000 -0.240 -0.755 0.675 0.000 -0.164 -0.719 0.741 0.000 -0.656 0.147 0.696 0.000 -0.144 -0.703 0.694 0.000 -0.709 0.131 
0.708 -0.057 0.043 0.703 0.831 0.000 -0.489 -0.264 0.718 0.000 -0.283 -0.636 0.923 -0.000 -0.304 -0.236 0.609 0.000 -0.240 -0.756 0.675 0.000 -0.164 -0.719 0.740 0.000 -0.656 0.146 0.696 0.000 -0.144 -0.703 0.694 0.000 -0.708 0.130 
0.708 -0.057 0.043 0.703 0.831 0.000 -0.489 -0.265 0.718 0.000 -0.283 -0.636 0.923 -0.000 -0.305 -0.236 0.606 0.000 -0.242 -0.758 0.675 0.000 -0.164 -0.719 0.740 -0.000 -0.656 0.146 0.696 0.000 -0.144 -0.703 0.694 0.000 -0.708 0.131 
0.708 -0.057 0.043 0.703 0.831 0.000 -0.489 -0.265 0.718 0.000 -0.283 -0.636 0.923 0.000 -0.304 -0.235 0.604 0.000 -0.243 -0.759 0.675 0.000 -0.164 -0.719 0.740 0.000 -0.656 0.146 0.696 0.000 -0.144 -0.703 0.694 0.000 -0.708 0.130 
0.708 -0.057 0.043 0.703 0.831 0.000 -0.489 -0.264 0.718 0.000 -0.283 -0.636 0.923 -0.000 -0.305 -0.236 0.601 0.000 -0.243 -0.761 0.675 0.000 -0.164 -0.719 0.740 0.000 -0.656 0.146 0.696 0.000 -0.144 -0.703 0.694 0.000 -0.709 0.130 
0.708 -0.057 0.043 0.703 0.831 0.000 -0.489 -0.264 0.718 0.000 -0.284 -0.636 0.923 0.000 -0.305 -0.236 0.599 0.000 -0.244 -0.763 0.675 -0.000 -0.164 -0.719 0.740 0.000 -0.656 0.146 0.696 0.000 -0.144 -0.703 0.694 0.000 -0.708 0.130 
0.708 -0.057 0.043 0.703 0.831 0.000 -0.489 -0.264 0.718 0.000 -0.283 -0.636 0.923 0.000 -0.305 -0.236 0.596 0.000 -0.244 -0.765 0.675 0.000 -0.164 -0.719 0.740 -0.000 -0.656 0.146 0.696 0.000 -0.144 -0.703 0.694 0.000 -0.708 0.130 
0.708 -0.057 0.043 0.703 0.831 0.000 -0.489 -0.265 0.718 0.000 -0.284 -0.636 0.923 0.000 -0.306 -0.235 0.593 0.000 -0.245 -0.767 0.675 -0.000 -0.164 -0.719 0.740 0.000 -0.656 0.146 0.696 0.000 -0.144 -0.703 0.694 0.000 -0.709 0.130 
0.708 -0.057 0.043 0.703 0.831 0.000 -0.489 -0.264 0.718 0.000 -0.284 -0.636 0.923 0.000 -0.306 -0.235 0.590 0.000 -0.245 -0.770 0.675 0.000 -0.164 -0.719 0.740 -0.000 -0.656 0.146 0.696 -0.000 -0.144 -0.703 0.694 -0.000 -0.709 0.130 
0.708 -0.057 0.043 0.703 0.831 0.000 -0.489 -0.264 0.718 0.000 -0.284 -0.636 0.923 0.000 -0.306 -0.235 0.587 0.000 -0.245 -0.772 0.675 -0.000 -0.164 -0.719 0.740 0.000 -0.656 0.146 0.696 0.000 -0.144 -0.703 0.694 0.000 -0.708 0.130 
0.708 -0.057 0.043 0.703 0.831 -0.000 -0.490 -0.264 0.718 0.000 -0.284 -0.636 0.922 -0.000 -0.306 -0.236 0.584 0.000 -0.245 -0.774 0.675 0.000 -0.164 -0.719 0.740 0.000 -0.656 0.147 0.696 0.000 -0.144 -0.703 0.694 0.000 -0.708 0.131 
0.708 -0.057 0.043 0.703 0.831 -0.000 -0.490 -0.264 0.718 0.000 -0.284 -0.636 0.922 0.000 -0.307 -0.236 0.580 0.000 -0.244 -0.777 0.675 0.000 -0.164 -0.719 0.740 -0.000 -0.656 0.147 0.696 0.000 -0.144 -0.703 0.694 0.000 -0.708 0.131 
0.708 -0.057 0.043 0.703 0.831 0.000 -0.489 -0.264 0.718 0.000 -0.284 -0.636 0.923 0.000 -0.306 -0.235 0.576 0.000 -0.244 -0.781 0.675 -0.000 -0.164 -0.719 0.740 0.000 -0.656 0.147 0.696 0.000 -0.144 -0.703 0.693 0.000 -0.709 0.130 
0.708 -0.057 0.043 0.703 0.831 0.000 -0.490 -0.264 0.718 0.000 -0.284 -0.636 0.922 0.000 -0.307 -0.235 0.572 0.000 -0.245 -0.783 0.675 -0.000 -0.164 -0.719 0.740 0.000 -0.656 0.147 0.696 0.000 -0.144 -0.703 0.694 0.000 -0.708 0.130 
0.708 -0.057 0.043 0.703 0.831 0.000 -0.490 -0.264 0.717 0.000 -0.286 -0.635 0.923 0.000 -0.306 -0.235 0.567 0.000 -0.243 -0.787 0.675 0.000 -0.164 -0.719 0.740 0.000 -0.656 0.147 0.696 0.000 -0.144 -0.703 0.694 0.000 -0.709 0.130 
0.708 -0.057 0.043 0.703 0.831 -0.000 -0.489 -0.264 0.718 0.000 -0.285 -0.635 0.923 0.000 -0.306 -0.235 0.562 0.000 -0.241 -0.791 0.675 -0.000 -0.164 -0.719 0.740 0.000 -0.656 0.147 0.696 0.000 -0.144 -0.703 0.694 0.000 -0.708 0.130 
0.707 -0.057 0.043 0.703 0.831 0.000 -0.489 -0.264 0.717 0.000 -0.286 -0.635 0.923 -0.000 -0.306 -0.235 0.558 0.000 -0.240 -0.794 0.675 0.000 -0.163 -0.719 0.740 0.000 -0.656 0.147 0.696 0.000 -0.144 -0.703 0.694 -0.000 -0.709 0.130 
0.708 -0.057 0.043 0.703 0.831 0.000 -0.489 -0.264 0.718 0.000 -0.285 -0.635 0.923 0.000 -0.306 -0.235 0.553 -0.000 -0.238 -0.798 0.675 0.000 -0.164 -0.719 0.740 0.000 -0.656 0.147 0.696 0.000 -0.144 -0.703 0.694 0.000 -0.709 0.130 
0.707 -0.057 0.043 0.703 0.831 0.000 -0.489 -0.264 0.718 -0.000 -0.285 -0.635 0.923 0.000 -0.306 -0.235 0.548 0.000 -0.237 -0.802 0.675 0.000 -0.163 -0.719 0.740 0.000 -0.656 0.147 0.696 0.000 -0.144 -0.703 0.694 0.000 -0.709 0.130 
0.707 -0.057 0.043 0.703 0.831 0.000 -0.489 -0.264 0.718 0.000 -0.285 -0.635 0.923 -0.000 -0.306 -0.235 0.543 0.000 -0.235 -0.806 0.675 -0.000 -0.164 -0.719 0.740 -0.000 -0.656 0.147 0.696 0.000 -0.144 -0.703 0.694 0.000 -0.708 0.130 
0.707 -0.057 0.043 0.703 0.831 0.000 -0.490 -0.264 0.717 0.000 -0.285 -0.635 0.923 0.000 -0.305 -0.235 0.538 0.000 -0.233 -0.810 0.675 0.000 -0.163 -0.719 0.740 0.000 -0.656 0.147 0.696 0.000 -0.144 -0.703 0.694 0.000 -0.709 0.130 
0.707 -0.057 0.043 0.703 0.831 0.000 -0.490 -0.264 0.718 0.000 -0.285 -0.635 0.923 0.000 -0.305 -0.236 0.533 0.000 -0.230 -0.814 0.675 0.000 -0.163 -0.719 0.740 0.000 -0.656 0.147 0.696 0.000 -0.144 -0.704 0.693 -0.000 -0.709 0.130 
0.707 -0.057 0.043 0.703 0.831 -0.000 -0.490 -0.264 0.717 0.000 -0.286 -0.635 0.923 0.000 -0.305 -0.236 0.528 0.000 -0.228 -0.818 0.675 0.000 -0.163 -0.719 0.740 0.000 -0.656 0.147 0.696 -0.000 -0.144 -0.704 0.694 0.000 -0.709 0.130 
0.707 -0.057 0.043 0.703 0.831 0.000 -0.490 -0.264 0.717 0.000 -0.286 -0.635 0.923 0.000 -0.305 -0.235 0.522 0.000 -0.226 -0.822 0.675 -0.000 -0.164 -0.719 0.740 0.000 -0.656 0.147 0.696 0.000 -0.144 -0.704 0.693 0.000 -0.709 0.130 
0.708 -0.057 0.043 0.703 0.831 0.000 -0.490 -0.264 0.717 0.000 -0.286 -0.635 0.923 0.000 -0.305 -0.236 0.517 0.000 -0.223 -0.826 0.675 -0.000 -0.164 -0.719 0.740 0.000 -0.656 0.147 0.696 0.000 -0.144 -0.703 0.693 0.000 -0.709 0.130 
0.707 -0.057 0.043 0.703 0.831 0.000 -0.490 -0.264 0.717 0.000 -0.286 -0.635 0.923 0.000 -0.305 -0.236 0.512 0.000 -0.220 -0.830 0.675 0.000 -0.164 -0.719 0.740 0.000 -0.656 0.147 0.696 0.000 -0.144 -0.704 0.693 0.000 -0.709 0.130 
0.707 -0.057 0.043 0.703 0.830 0.000 -0.490 -0.264 0.717 0.000 -0.286 -0.635 0.923 0.000 -0.305 -0.236 0.507 0.000 -0.217 -0.834 0.675 0.000 -0.163 -0.719 0.740 0.000 -0.656 0.147 0.696 0.000 -0.144 -0.704 0.693 0.000 -0.709 0.130 
0.708 -0.057 0.043 0.703 0.830 0.000 -0.491 -0.264 0.717 0.000 -0.286 -0.635 0.923 0.000 -0.304 -0.237 0.501 0.000 -0.214 -0.838 0.675 0.000 -0.164 -0.719 0.740 0.000 -0.656 0.147 0.696 0.000 -0.144 -0.704 0.693 0.000 -0.709 0.130 
0.707 -0.057 0.043 0.703 0.830 0.000 -0.491 -0.264 0.718 -0.000 -0.286 -0.635 0.923 0.000 -0.304 -0.237 0.496 0.000 -0.210 -0.842 0.675 -0.000 -0.164 -0.719 0.740 -0.000 -0.656 0.147 0.696 0.000 -0.144 -0.704 0.693 0.000 -0.709 0.130 
0.707 -0.057 0.043 0.703 0.830 0.000 -0.491 -0.264 0.718 0.000 -0.286 -0.635 0.923 0.000 -0.304 -0.237 0.491 0.000 -0.207 -0.846 0.675 0.000 -0.164 -0.719 0.740 0.000 -0.656 0.147 0.696 -0.000 -0.144 -0.704 0.693 -0.000 -0.709 0.130 
0.708 -0.057 0.043 0.703 0.830 0.000 -0.491 -0.264 0.718 0.000 -0.286 -0.635 0.923 0.000 -0.304 -0.237 0.486 0.000 -0.204 -0.850 0.675 0.000 -0.164 -0.719 0.740 0.000 -0.656 0.147 0.696 0.000 -0.144 -0.703 0.693 0.000 -0.709 0.130 
0.708 -0.057 0.042 0.703 0.830 0.000 -0.491 -0.265 0.717 0.000 -0.286 -0.635 0.923 0.000 -0.304 -0.236 0.480 0.000 -0.201 -0.854 0.675 0.000 -0.163 -0.719 0.740 0.000 -0.656 0.146 0.696 0.000 -0.143 -0.704 0.693 -0.000 -0.709 0.130 
0.707 -0.057 0.043 0.703 0.829 -0.000 -0.492 -0.264 0.718 0.000 -0.286 -0.635 0.923 0.000 -0.303 -0.238 0.476 0.000 -0.194 -0.858 0.675 -0.000 -0.164 -0.719 0.740 0.000 -0.656 0.147 0.696 0.000 -0.144 -0.704 0.693 0.000 -0.709 0.131 
0.707 -0.058 0.043 0.703 0.829 0.000 -0.492 -0.264 0.717 0.000 -0.286 -0.635 0.923 0.000 -0.303 -0.238 0.471 0.000 -0.191 -0.861 0.675 0.000 -0.164 -0.719 0.740 0.000 -0.656 0.147 0.696 0.000 -0.144 -0.704 0.693 0.000 -0.709 0.131 
0.707 -0.058 0.043 0.703 0.829 0.000 -0.492 -0.264 0.717 0.000 -0.286 -0.635 0.923 0.000 -0.303 -0.238 0.466 0.000 -0.187 -0.865 0.675 0.000 -0.164 -0.719 0.740 0.000 -0.656 0.147 0.696 -0.000 -0.144 -0.704 0.693 0.000 -0.709 0.131 
0.707 -0.058 0.043 0.703 0.829 0.000 -0.493 -0.264 0.717 0.000 -0.286 -0.635 0.923 0.000 -0.303 -0.238 0.461 0.000 -0.183 -0.868 0.675 0.000 -0.164 -0.719 0.740 0.000 -0.656 0.147 0.696 0.000 -0.144 -0.704 0.693 0.000 -0.709 0.131 
0.708 -0.058 0.043 0.703 0.829 -0.000 -0.494 -0.263 0.717 -0.000 -0.286 -0.635 0.923 0.000 -0.303 -0.238 0.456 -0.000 -0.178 -0.872 0.675 -0.000 -0.164 -0.719 0.740 0.000 -0.656 0.147 0.696 0.000 -0.144 -0.704 0.693 0.000 -0.709 0.131 
0.707 -0.058 0.043 0.703 0.829 0.000 -0.493 -0.264 0.717 0.000 -0.287 -0.635 0.923 0.000 -0.303 -0.238 0.451 0.000 -0.175 -0.875 0.675 0.000 -0.164 -0.719 0.740 0.000 -0.656 0.147 0.696 -0.000 -0.144 -0.704 0.693 0.000 -0.709 0.131 
0.707 -0.058 0.043 0.703 0.828 0.000 -0.495 -0.263 0.717 0.000 -0.286 -0.636 0.923 0.000 -0.303 -0.239 0.447 -0.000 -0.170 -0.878 0.675 0.000 -0.164 -0.719 0.740 0.000 -0.656 0.147 0.696 0.000 -0.144 -0.704 0.693 0.000 -0.709 0.131 
0.707 -0.057 0.043 0.703 0.829 -0.000 -0.494 -0.264 0.717 0.000 -0.286 -0.636 0.923 0.000 -0.303 -0.238 0.441 -0.000 -0.167 -0.882 0.675 0.000 -0.164 -0.719 0.740 0.000 -0.656 0.147 0.696 0.000 -0.144 -0.704 0.693 -0.000 -0.709 0.130 
0.707 -0.058 0.043 0.703 0.828 0.000 -0.494 -0.264 0.717 0.000 -0.288 -0.635 0.923 0.000 -0.303 -0.239 0.438 -0.000 -0.161 -0.884 0.675 0.000 -0.164 -0.719 0.740 0.000 -0.656 0.147 0.696 -0.000 -0.144 -0.704 0.693 -0.000 -0.709 0.131 
0.707 -0.058 0.043 0.703 0.828 0.000 -0.495 -0.264 0.717 -0.000 -0.287 -0.635 0.923 0.000 -0.303 -0.239 0.434 0.000 -0.157 -0.887 0.675 0.000 -0.164 -0.719 0.740 -0.000 -0.656 0.148 0.696 0.000 -0.144 -0.704 0.693 0.000 -0.709 0.131 
0.707 -0.058 0.043 0.703 0.828 0.000 -0.496 -0.263 0.717 0.000 -0.287 -0.635 0.922 0.000 -0.303 -0.239 0.429 0.000 -0.152 -0.890 0.675 0.000 -0.164 -0.719 0.740 0.000 -0.656 0.147 0.696 0.000 -0.144 -0.704 0.693 0.000 -0.709 0.131 
0.707 -0.058 0.043 0.703 0.828 -0.000 -0.495 -0.264 0.717 0.000 -0.287 -0.635 0.923 -0.000 -0.303 -0.240 0.425 0.000 -0.147 -0.893 0.675 0.000 -0.164 -0.719 0.740 -0.000 -0.656 0.147 0.696 -0.000 -0.144 -0.704 0.693 0.000 -0.709 0.131 
0.707 -0.058 0.043 0.703 0.828 0.000 -0.495 -0.264 0.717 -0.000 -0.287 -0.635 0.923 0.000 -0.302 -0.240 0.420 -0.000 -0.142 -0.896 0.675 -0.000 -0.165 -0.719 0.740 0.000 -0.656 0.148 0.696 -0.000 -0.144 -0.704 0.693 -0.000 -0.709 0.131 
0.707 -0.058 0.043 0.703 0.828 0.000 -0.495 -0.264 0.717 0.000 -0.287 -0.635 0.923 0.000 -0.302 -0.240 0.417 -0.000 -0.137 -0.898 0.675 0.000 -0.165 -0.719 0.740 -0.000 -0.656 0.148 0.696 0.000 -0.145 -0.704 0.693 -0.000 -0.709 0.131 
0.707 -0.058 0.043 0.703 0.828 0.000 -0.496 -0.264 0.717 0.000 -0.287 -0.635 0.923 0.000 -0.302 -0.240 0.412 0.000 -0.131 -0.902 0.675 0.000 -0.165 -0.719 0.740 0.000 -0.656 0.148 0.696 -0.000 -0.145 -0.704 0.693 0.000 -0.709 0.131 
0.707 -0.058 0.043 0.703 0.827 0.000 -0.496 -0.264 0.718 0.000 -0.287 -0.635 0.923 0.000 -0.302 -0.240 0.409 0.000 -0.124 -0.904 0.675 0.000 -0.165 -0.719 0.740 0.000 -0.656 0.148 0.696 0.000 -0.145 -0.704 0.693 0.000 -0.708 0.131 
0.707 -0.058 0.043 0.703 0.827 0.000 -0.496 -0.264 0.717 -0.000 -0.287 -0.635 0.923 0.000 -0.302 -0.240 0.405 0.000 -0.118 -0.907 0.675 0.000 -0.165 -0.719 0.740 0.000 -0.656 0.148 0.696 0.000 -0.145 -0.704 0.693 0.000 -0.708 0.131 
0.707 -0.058 0.043 0.703 0.827 0.000 -0.496 -0.264 0.717 0.000 -0.287 -0.635 0.923 0.000 -0.301 -0.240 0.402 0.000 -0.112 -0.909 0.675 -0.000 -0.165 -0.719 0.740 0.000 -0.656 0.148 0.696 -0.000 -0.145 -0.704 0.693 0.000 -0.709 0.132 
0.707 -0.058 0.043 0.703 0.827 0.000 -0.497 -0.263 0.717 0.000 -0.287 -0.635 0.923 0.000 -0.301 -0.240 0.399 0.000 -0.106 -0.911 0.675 0.000 -0.165 -0.719 0.740 0.000 -0.656 0.148 0.696 -0.000 -0.145 -0.704 0.693 0.000 -0.709 0.132 
0.707 -0.058 0.043 0.703 0.827 -0.000 -0.496 -0.264 0.717 0.000 -0.287 -0.635 0.923 0.000 -0.301 -0.240 0.396 0.000 -0.101 -0.913 0.675 0.000 -0.165 -0.719 0.740 0.000 -0.656 0.148 0.696 0.000 -0.145 -0.704 0.693 0.000 -0.708 0.132 
0.707 -0.058 0.043 0.703 0.827 0.000 -0.497 -0.262 0.717 0.000 -0.287 -0.635 0.923 0.000 -0.301 -0.240 0.393 0.000 -0.095 -0.915 0.675 0.000 -0.165 -0.719 0.740 0.000 -0.656 0.148 0.696 0.000 -0.145 -0.704 0.693 0.000 -0.708 0.132 
0.707 -0.058 0.044 0.703 0.827 0.000 -0.498 -0.262 0.717 -0.000 -0.287 -0.635 0.923 -0.000 -0.301 -0.241 0.391 0.000 -0.090 -0.916 0.675 0.000 -0.165 -0.719 0.740 0.000 -0.656 0.148 0.696 0.000 -0.145 -0.704 0.693 0.000 -0.708 0.132 
0.707 -0.058 0.043 0.703 0.827 0.000 -0.497 -0.263 0.717 0.000 -0.287 -0.635 0.923 0.000 -0.300 -0.239 0.388 0.000 -0.082 -0.918 0.675 0.000 -0.165 -0.719 0.740 0.000 -0.656 0.149 0.696 0.000 -0.145 -0.704 0.693 0.000 -0.708 0.132 
0.707 -0.058 0.044 0.703 0.827 0.000 -0.498 -0.262 0.717 0.000 -0.287 -0.635 0.923 0.000 -0.300 -0.240 0.386 -0.000 -0.076 -0.919 0.675 0.000 -0.166 -0.719 0.740 0.000 -0.656 0.149 0.696 0.000 -0.146 -0.703 0.693 -0.000 -0.708 0.132 
0.707 -0.058 0.044 0.703 0.827 0.000 -0.498 -0.262 0.717 0.000 -0.288 -0.635 0.923 -0.000 -0.300 -0.240 0.384 0.000 -0.069 -0.921 0.675 0.000 -0.166 -0.719 0.740 0.000 -0.656 0.149 0.696 0.000 -0.146 -0.703 0.693 0.000 -0.708 0.133 
0.707 -0.059 0.044 0.703 0.827 0.000 -0.498 -0.262 0.717 0.000 -0.288 -0.635 0.924 0.000 -0.299 -0.240 0.381 0.000 -0.059 -0.923 0.675 0.000 -0.166 -0.719 0.740 0.000 -0.656 0.149 0.696 0.000 -0.146 -0.703 0.693 0.000 -0.708 0.133 
0.707 -0.059 0.044 0.703 0.827 0.000 -0.498 -0.262 0.717 0.000 -0.288 -0.635 0.924 0.000 -0.299 -0.240 0.379 -0.000 -0.052 -0.924 0.675 0.000 -0.166 -0.719 0.740 0.000 -0.656 0.149 0.696 -0.000 -0.146 -0.703 0.693 0.000 -0.708 0.133 
0.707 -0.059 0.044 0.703 0.827 0.000 -0.498 -0.262 0.717 0.000 -0.288 -0.635 0.924 -0.000 -0.298 -0.239 0.376 0.000 -0.044 -0.925 0.675 0.000 -0.166 -0.719 0.740 0.000 -0.656 0.149 0.696 0.000 -0.146 -0.703 0.693 0.000 -0.708 0.133 
0.707 -0.059 0.044 0.703 0.827 0.000 -0.497 -0.262 0.717 -0.000 -0.288 -0.635 0.924 0.000 -0.298 -0.239 0.375 -0.000 -0.034 -0.926 0.675 0.000 -0.166 -0.719 0.740 0.000 -0.656 0.150 0.696 0.000 -0.146 -0.703 0.693 0.000 -0.708 0.133 
0.707 -0.059 0.044 0.703 0.827 0.000 -0.497 -0.262 0.717 0.000 -0.288 -0.635 0.924 0.000 -0.298 -0.239 0.372 0.000 -0.029 -0.928 0.675 0.000 -0.166 -0.719 0.740 0.000 -0.656 0.149 0.696 0.000 -0.146 -0.703 0.693 -0.000 -0.708 0.133 
0.707 -0.059 0.044 0.703 0.827 0.000 -0.497 -0.262 0.717 0.000 -0.288 -0.635 0.925 0.000 -0.297 -0.238 0.369 0.000 -0.022 -0.929 0.675 0.000 -0.166 -0.719 0.740 -0.000 -0.656 0.149 0.696 0.000 -0.146 -0.703 0.693 0.000 -0.708 0.133 
0.707 -0.059 0.044 0.703 0.827 0.000 -0.497 -0.262 0.717 0.000 -0.288 -0.634 0.925 -0.000 -0.297 -0.238 0.367 -0.000 -0.014 -0.930 0.675 0.000 -0.167 -0.719 0.740 0.000 -0.656 0.150 0.696 0.000 -0.147 -0.703 0.693 -0.000 -0.708 0.133 
0.707 -0.059 0.044 0.703 0.827 0.000 -0.496 -0.262 0.717 0.000 -0.289 -0.634 0.925 -0.000 -0.297 -0.237 0.365 0.000 -0.006 -0.931 0.675 0.000 -0.167 -0.719 0.740 0.000 -0.656 0.150 0.696 0.000 -0.147 -0.703 0.693 0.000 -0.708 0.133 
0.707 -0.059 0.044 0.703 0.827 0.000 -0.497 -0.262 0.717 0.000 -0.289 -0.634 0.925 0.000 -0.296 -0.237 0.363 0.000 0.003 -0.932 0.675 -0.000 -0.167 -0.718 0.740 0.000 -0.656 0.150 0.696 0.000 -0.147 -0.703 0.693 0.000 -0.708 0.134 
0.707 -0.059 0.045 0.703 0.828 -0.000 -0.496 -0.263 0.717 0.000 -0.289 -0.634 0.925 0.000 -0.296 -0.237 0.361 0.000 0.010 -0.932 0.675 0.000 -0.167 -0.719 0.740 0.000 -0.656 0.150 0.696 -0.000 -0.147 -0.703 0.693 -0.000 -0.708 0.134 
0.707 -0.059 0.045 0.703 0.828 0.000 -0.496 -0.262 0.717 -0.000 -0.290 -0.634 0.926 0.000 -0.296 -0.236 0.360 0.000 0.017 -0.933 0.675 -0.000 -0.167 -0.719 0.740 0.000 -0.656 0.150 0.696 0.000 -0.147 -0.703 0.693 0.000 -0.708 0.134 
0.707 -0.059 0.045 0.703 0.827 0.000 -0.497 -0.262 0.717 0.000 -0.289 -0.634 0.926 0.000 -0.295 -0.236 0.359 0.000 0.023 -0.933 0.675 0.000 -0.167 -0.718 0.740 -0.000 -0.655 0.150 0.696 0.000 -0.147 -0.703 0.693 0.000 -0.708 0.134 
0.707 -0.059 0.045 0.703 0.827 -0.000 -0.497 -0.262 0.717 0.000 -0.289 -0.634 0.926 0.000 -0.295 -0.236 0.358 0.000 0.029 -0.933 0.675 0.000 -0.168 -0.718 0.740 0.000 -0.655 0.151 0.696 -0.000 -0.148 -0.703 0.693 0.000 -0.708 0.134 
0.707 -0.060 0.045 0.703 0.828 0.000 -0.496 -0.262 0.717 0.000 -0.290 -0.634 0.926 0.000 -0.295 -0.235 0.357 0.000 0.034 -0.933 0.675 -0.000 -0.168 -0.718 0.740 0.000 -0.655 0.151 0.696 0.000 -0.148 -0.703 0.693 0.000 -0.708 0.134 
0.707 -0.060 0.045 0.703 0.828 -0.000 -0.496 -0.262 0.717 0.000 -0.290 -0.634 0.926 0.000 -0.294 -0.235 0.356 0.000 0.040 -0.933 0.675 0.000 -0.168 -0.718 0.740 0.000 -0.655 0.151 0.696 0.000 -0.148 -0.703 0.693 0.000 -0.708 0.135 
0.707 -0.060 0.045 0.703 0.828 0.000 -0.496 -0.262 0.717 0.000 -0.290 -0.634 0.927 0.000 -0.294 -0.234 0.356 0.000 0.044 -0.933 0.675 0.000 -0.168 -0.718 0.740 -0.000 -0.655 0.151 0.696 0.000 -0.148 -0.703 0.693 0.000 -0.708 0.135 
0.707 -0.060 0.045 0.703 0.828 0.000 -0.496 -0.262 0.717 0.000 -0.290 -0.634 0.927 -0.000 -0.294 -0.234 0.356 0.000 0.049 -0.933 0.675 0.000 -0.168 -0.718 0.740 0.000 -0.655 0.151 0.696 0.000 -0.148 -0.703 0.693 0.000 -0.708 0.135 
0.707 -0.060 0.045 0.703 0.828 0.000 -0.496 -0.262 0.717 -0.000 -0.290 -0.634 0.927 -0.000 -0.294 -0.234 0.355 0.000 0.053 -0.933 0.675 -0.000 -0.168 -0.718 0.740 0.000 -0.655 0.151 0.696 0.000 -0.148 -0.703 0.693 0.000 -0.708 0.135 
0.707 -0.060 0.045 0.703 0.828 0.000 -0.496 -0.262 0.717 -0.000 -0.290 -0.634 0.927 0.000 -0.294 -0.233 0.356 0.000 0.057 -0.933 0.675 -0.000 -0.168 -0.718 0.740 0.000 -0.655 0.151 0.696 0.000 -0.148 -0.703 0.693 0.000 -0.708 0.135 
0.707 -0.060 0.045 0.703 0.828 0.000 -0.496 -0.262 0.717 0.000 -0.290 -0.634 0.927 0.000 -0.293 -0.233 0.356 0.000 0.061 -0.932 0.675 -0.000 -0.169 -0.718 0.740 0.000 -0.655 0.151 0.696 -0.000 -0.148 -0.703 0.693 0.000 -0.708 0.135 
0.707 -0.060 0.045 0.703 0.828 -0.000 -0.497 -0.261 0.717 0.000 -0.289 -0.634 0.927 0.000 -0.293 -0.233 0.357 0.000 0.065 -0.932 0.675 0.000 -0.169 -0.718 0.740 0.000 -0.655 0.152 0.696 0.000 -0.149 -0.703 0.693 0.000 -0.708 0.135 
0.707 -0.060 0.045 0.703 0.828 -0.000 -0.497 -0.261 0.717 0.000 -0.289 -0.634 0.928 0.000 -0.293 -0.232 0.359 0.000 0.067 -0.931 0.675 0.000 -0.169 -0.718 0.740 0.000 -0.655 0.152 0.696 0.000 -0.149 -0.703 0.693 0.000 -0.708 0.136 
0.707 -0.060 0.045 0.703 0.828 0.000 -0.497 -0.261 0.717 0.000 -0.289 -0.634 0.928 0.000 -0.293 -0.232 0.361 -0.000 0.070 -0.930 0.675 0.000 -0.169 -0.718 0.740 0.000 -0.655 0.152 0.696 -0.000 -0.149 -0.703 0.693 -0.000 -0.708 0.136 
0.707 -0.060 0.045 0.703 0.828 0.000 -0.496 -0.262 0.718 0.000 -0.289 -0.634 0.928 0.000 -0.292 -0.233 0.363 0.000 0.073 -0.929 0.675 0.000 -0.169 -0.718 0.740 0.000 -0.655 0.152 0.696 0.000 -0.149 -0.703 0.693 0.000 -0.708 0.136 
0.707 -0.060 0.046 0.703 0.828 0.000 -0.496 -0.262 0.717 0.000 -0.290 -0.634 0.928 0.000 -0.292 -0.233 0.365 0.000 0.074 -0.928 0.675 -0.000 -0.169 -0.718 0.740 0.000 -0.655 0.152 0.696 -0.000 -0.149 -0.703 0.693 0.000 -0.708 0.136 
0.707 -0.060 0.046 0.703 0.828 0.000 -0.496 -0.262 0.717 0.000 -0.290 -0.634 0.928 0.000 -0.292 -0.233 0.367 0.000 0.075 -0.927 0.675 0.000 -0.169 -0.718 0.740 -0.000 -0.655 0.152 0.696 0.000 -0.149 -0.703 0.693 -0.000 -0.708 0.136 
0.707 -0.060 0.046 0.703 0.827 0.000 -0.497 -0.261 0.718 0.000 -0.289 -0.634 0.928 0.000 -0.291 -0.232 0.370 -0.000 0.077 -0.926 0.675 0.000 -0.169 -0.718 0.740 0.000 -0.655 0.152 0.696 0.000 -0.149 -0.703 0.693 -0.000 -0.708 0.136 
0.707 -0.061 0.046 0.703 0.827 0.000 -0.497 -0.261 0.718 -0.000 -0.289 -0.634 0.928 0.000 -0.293 -0.231 0.372 -0.000 0.077 -0.925 0.675 0.000 -0.170 -0.718 0.740 0.000 -0.655 0.153 0.696 -0.000 -0.149 -0.703 0.693 0.000 -0.708 0.136 
0.707 -0.061 0.046 0.703 0.828 0.000 -0.496 -0.262 0.717 0.000 -0.290 -0.634 0.928 0.000 -0.293 -0.230 0.375 0.000 0.077 -0.924 0.675 0.000 -0.170 -0.718 0.740 0.000 -0.655 0.153 0.696 0.000 -0.150 -0.703 0.693 0.000 -0.708 0.136 
0.707 -0.061 0.046 0.703 0.827 0.000 -0.497 -0.261 0.717 0.000 -0.289 -0.634 0.928 0.000 -0.292 -0.230 0.378 0.000 0.077 -0.922 0.675 -0.000 -0.170 -0.718 0.740 0.000 -0.655 0.153 0.696 0.000 -0.149 -0.703 0.693 0.000 -0.708 0.136 
0.707 -0.061 0.046 0.703 0.827 0.000 -0.497 -0.261 0.717 0.000 -0.289 -0.634 0.928 -0.000 -0.292 -0.230 0.382 0.000 0.076 -0.921 0.675 0.000 -0.170 -0.718 0.740 0.000 -0.655 0.153 0.696 0.000 -0.150 -0.703 0.693 0.000 -0.708 0.136 
0.707 -0.061 0.046 0.703 0.827 0.000 -0.497 -0.261 0.717 0.000 -0.290 -0.634 0.928 0.000 -0.292 -0.230 0.385 0.000 0.076 -0.920 0.675 0.000 -0.170 -0.718 0.740 0.000 -0.655 0.153 0.696 -0.000 -0.150 -0.702 0.693 0.000 -0.708 0.137 
0.707 -0.061 0.046 0.703 0.827 0.000 -0.497 -0.261 0.717 -0.000 -0.290 -0.634 0.928 0.000 -0.292 -0.230 0.389 0.000 0.074 -0.918 0.675 0.000 -0.170 -0.718 0.740 0.000 -0.655 0.153 0.696 0.000 -0.150 -0.703 0.693 0.000 -0.708 0.137 
0.707 -0.061 0.046 0.703 0.827 0.000 -0.497 -0.261 0.717 0.000 -0.290 -0.634 0.928 0.000 -0.292 -0.230 0.392 0.000 0.072 -0.917 0.675 0.000 -0.170 -0.718 0.740 0.000 -0.655 0.153 0.696 0.000 -0.150 -0.703 0.693 0.000 -0.708 0.137 
0.707 -0.061 0.046 0.703 0.828 0.000 -0.497 -0.262 0.718 0.000 -0.290 -0.633 0.928 0.000 -0.292 -0.230 0.396 -0.000 0.071 -0.916 0.675 0.000 -0.170 -0.718 0.740 0.000 -0.655 0.153 0.696 -0.000 -0.150 -0.703 0.693 -0.000 -0.708 0.137 
0.707 -0.061 0.046 0.703 0.828 0.000 -0.497 -0.262 0.717 0.000 -0.290 -0.633 0.928 0.000 -0.292 -0.230 0.400 -0.000 0.069 -0.914 0.675 0.000 -0.170 -0.718 0.740 0.000 -0.655 0.153 0.696 0.000 -0.150 -0.703 0.693 0.000 -0.708 0.137 
0.707 -0.061 0.046 0.703 0.828 0.000 -0.497 -0.262 0.717 0.000 -0.291 -0.633 0.928 0.000 -0.292 -0.230 0.404 0.000 0.067 -0.912 0.675 -0.000 -0.170 -0.718 0.740 0.000 -0.655 0.153 0.696 0.000 -0.150 -0.703 0.693 0.000 -0.708 0.137 
0.707 -0.061 0.046 0.703 0.827 0.000 -0.497 -0.261 0.717 0.000 -0.290 -0.633 0.928 0.000 -0.292 -0.230 0.409 0.000 0.064 -0.910 0.675 0.000 -0.170 -0.718 0.740 0.000 -0.655 0.153 0.696 0.000 -0.150 -0.702 0.693 0.000 -0.708 0.137 
0.707 -0.061 0.046 0.703 0.828 0.000 -0.497 -0.262 0.717 0.000 -0.291 -0.633 0.928 0.000 -0.292 -0.230 0.413 0.000 0.062 -0.909 0.675 0.000 -0.170 -0.718 0.740 -0.000 -0.655 0.153 0.696 0.000 -0.150 -0.703 0.693 0.000 -0.707 0.137 
0.707 -0.061 0.046 0.703 0.828 0.000 -0.497 -0.262 0.717 0.000 -0.291 -0.633 0.928 -0.000 -0.292 -0.230 0.418 0.000 0.059 -0.907 0.675 0.000 -0.171 -0.718 0.740 0.000 -0.655 0.154 0.696 0.000 -0.151 -0.702 0.693 -0.000 -0.707 0.137 
0.707 -0.061 0.046 0.703 0.827 0.000 -0.497 -0.262 0.717 0.000 -0.291 -0.633 0.928 0.000 -0.292 -0.230 0.423 0.000 0.057 -0.905 0.675 0.000 -0.171 -0.718 0.740 0.000 -0.655 0.154 0.696 0.000 -0.151 -0.702 0.693 0.000 -0.707 0.137 
0.707 -0.061 0.046 0.703 0.828 0.000 -0.497 -0.262 0.717 0.000 -0.291 -0.633 0.928 0.000 -0.293 -0.230 0.427 -0.000 0.054 -0.903 0.675 0.000 -0.171 -0.718 0.740 -0.000 -0.655 0.154 0.696 0.000 -0.151 -0.702 0.693 0.000 -0.707 0.137 
0.707 -0.061 0.046 0.703 0.827 0.000 -0.497 -0.262 0.717 0.000 -0.291 -0.633 0.928 0.000 -0.293 -0.231 0.432 -0.000 0.051 -0.901 0.675 0.000 -0.171 -0.718 0.740 0.000 -0.655 0.154 0.696 -0.000 -0.151 -0.702 0.693 -0.000 -0.708 0.137 
0.707 -0.061 0.046 0.703 0.827 0.000 -0.497 -0.262 0.717 -0.000 -0.291 -0.633 0.928 0.000 -0.293 -0.231 0.436 0.000 0.048 -0.899 0.675 -0.000 -0.171 -0.718 0.740 0.000 -0.655 0.154 0.696 0.000 -0.151 -0.702 0.693 0.000 -0.708 0.137 
0.707 -0.061 0.046 0.703 0.827 0.000 -0.497 -0.262 0.717 0.000 -0.291 -0.633 0.928 0.000 -0.293 -0.231 0.441 0.000 0.045 -0.896 0.675 0.000 -0.171 -0.718 0.740 0.000 -0.655 0.154 0.696 0.000 -0.151 -0.702 0.693 0.000 -0.708 0.137 
0.707 -0.061 0.047 0.703 0.827 0.000 -0.498 -0.261 0.717 0.000 -0.291 -0.633 0.928 -0.000 -0.293 -0.231 0.445 0.000 0.041 -0.894 0.675 0.000 -0.171 -0.718 0.740 0.000 -0.655 0.154 0.696 -0.000 -0.151 -0.702 0.693 -0.000 -0.708 0.137 
0.707 -0.061 0.047 0.703 0.827 0.000 -0.497 -0.262 0.717 -0.000 -0.291 -0.633 0.928 0.000 -0.293 -0.231 0.450 -0.000 0.039 -0.892 0.675 0.000 -0.171 -0.718 0.740 0.000 -0.655 0.154 0.696 0.000 -0.151 -0.702 0.693 -0.000 -0.708 0.137 
0.707 -0.061 0.047 0.703 0.827 0.000 -0.498 -0.261 0.717 0.000 -0.291 -0.633 0.928 0.000 -0.293 -0.232 0.455 0.000 0.036 -0.890 0.675 0.000 -0.171 -0.718 0.740 0.000 -0.655 0.154 0.696 -0.000 -0.151 -0.702 0.693 0.000 -0.707 0.138 
0.707 -0.061 0.047 0.703 0.827 0.000 -0.497 -0.262 0.717 0.000 -0.291 -0.633 0.927 0.000 -0.294 -0.232 0.460 0.000 0.032 -0.887 0.675 0.000 -0.171 -0.718 0.740 0.000 -0.655 0.154 0.696 -0.000 -0.151 -0.702 0.693 0.000 -0.708 0.138 
0.707 -0.061 0.047 0.703 0.827 0.000 -0.497 -0.262 0.717 -0.000 -0.291 -0.633 0.927 0.000 -0.294 -0.232 0.465 0.000 0.029 -0.885 0.675 -0.000 -0.171 -0.718 0.740 0.000 -0.655 0.154 0.696 0.000 -0.151 -0.702 0.693 0.000 -0.707 0.138 
0.707 -0.061 0.047 0.703 0.827 0.000 -0.497 -0.262 0.717 0.000 -0.291 -0.633 0.927 0.000 -0.294 -0.232 0.470 0.000 0.026 -0.882 0.675 0.000 -0.171 -0.718 0.740 0.000 -0.655 0.154 0.696 0.000 -0.151 -0.702 0.693 0.000 -0.708 0.138 
0.707 -0.062 0.047 0.703 0.827 0.000 -0.497 -0.262 0.717 0.000 -0.291 -0.633 0.927 0.000 -0.294 -0.232 0.475 0.000 0.023 -0.880 0.675 0.000 -0.171 -0.718 0.740 0.000 -0.655 0.154 0.696 0.000 -0.151 -0.702 0.693 0.000 -0.707 0.138 
0.707 -0.062 0.047 0.703 0.827 0.000 -0.497 -0.262 0.717 0.000 -0.291 -0.633 0.927 0.000 -0.294 -0.233 0.480 0.000 0.019 -0.877 0.675 0.000 -0.171 -0.718 0.740 0.000 -0.655 0.154 0.696 0.000 -0.151 -0.702 0.693 -0.000 -0.708 0.138 
0.707 -0.062 0.047 0.703 0.827 0.000 -0.497 -0.262 0.717 0.000 -0.291 -0.633 0.927 0.000 -0.294 -0.233 0.485 -0.000 0.016 -0.874 0.675 -0.000 -0.171 -0.718 0.740 -0.000 -0.655 0.154 0.696 0.000 -0.151 -0.702 0.693 0.000 -0.707 0.138 
0.707 -0.062 0.047 0.703 0.827 0.000 -0.497 -0.262 0.717 -0.000 -0.291 -0.633 0.927 0.000 -0.294 -0.233 0.490 0.000 0.012 -0.871 0.675 0.000 -0.171 -0.718 0.740 0.000 -0.655 0.154 0.696 0.000 -0.151 -0.702 0.693 0.000 -0.707 0.138 
0.707 -0.062 0.047 0.703 0.827 0.000 -0.497 -0.262 0.717 0.000 -0.291 -0.633 0.927 -0.000 -0.294 -0.234 0.495 0.000 0.009 -0.869 0.675 0.000 -0.171 -0.717 0.740 0.000 -0.655 0.154 0.696 0.000 -0.151 -0.702 0.693 0.000 -0.707 0.138 
0.707 -0.062 0.047 0.703 0.827 0.000 -0.497 -0.262 0.717 0.000 -0.291 -0.633 0.927 -0.000 -0.294 -0.234 0.500 0.000 0.005 -0.866 0.675 0.000 -0.171 -0.718 0.740 -0.000 -0.655 0.154 0.696 0.000 -0.151 -0.702 0.693 0.000 -0.708 0.138 
0.707 -0.062 0.047 0.703 0.828 0.000 -0.497 -0.262 0.717 0.000 -0.291 -0.634 0.926 0.000 -0.294 -0.235 0.505 0.000 0.001 -0.863 0.675 0.000 -0.171 -0.717 0.740 0.000 -0.655 0.154 0.696 0.000 -0.151 -0.702 0.693 0.000 -0.708 0.138 
0.707 -0.062 0.047 0.703 0.827 0.000 -0.497 -0.262 0.717 -0.000 -0.290 -0.633 0.926 0.000 -0.295 -0.235 0.510 0.000 -0.004 -0.860 0.675 0.000 -0.172 -0.717 0.740 0.000 -0.655 0.154 0.696 0.000 -0.151 -0.702 0.693 0.000 -0.707 0.138 
0.707 -0.062 0.047 0.703 0.828 0.000 -0.497 -0.261 0.717 0.000 -0.291 -0.634 0.926 0.000 -0.295 -0.235 0.514 0.000 -0.008 -0.858 0.675 0.000 -0.172 -0.718 0.740 0.000 -0.655 0.154 0.696 0.000 -0.151 -0.702 0.693 0.000 -0.707 0.138 
0.707 -0.062 0.047 0.703 0.828 0.000 -0.496 -0.262 0.717 0.000 -0.291 -0.634 0.926 0.000 -0.295 -0.235 0.518 0.000 -0.012 -0.855 0.675 0.000 -0.172 -0.718 0.740 0.000 -0.655 0.154 0.696 -0.000 -0.151 -0.702 0.693 0.000 -0.707 0.138 
0.707 -0.062 0.047 0.703 0.828 0.000 -0.496 -0.262 0.717 0.000 -0.291 -0.633 0.926 0.000 -0.295 -0.235 0.523 0.000 -0.017 -0.852 0.675 0.000 -0.172 -0.718 0.740 0.000 -0.655 0.154 0.696 0.000 -0.151 -0.702 0.693 0.000 -0.707 0.138 
0.707 -0.062 0.047 0.703 0.828 0.000 -0.496 -0.262 0.717 -0.000 -0.291 -0.634 0.926 0.000 -0.295 -0.235 0.526 0.000 -0.020 -0.850 0.675 0.000 -0.172 -0.717 0.740 0.000 -0.655 0.154 0.696 0.000 -0.152 -0.702 0.693 0.000 -0.707 0.138 
0.707 -0.062 0.047 0.703 0.828 0.000 -0.496 -0.261 0.717 0.000 -0.291 -0.634 0.926 0.000 -0.295 -0.235 0.530 0.000 -0.025 -0.848 0.675 -0.000 -0.172 -0.717 0.740 0.000 -0.655 0.154 0.696 0.000 -0.152 -0.702 0.693 -0.000 -0.707 0.138 
0.707 -0.062 0.047 0.703 0.828 0.000 -0.496 -0.261 0.717 -0.000 -0.291 -0.634 0.926 0.000 -0.295 -0.235 0.534 0.000 -0.029 -0.845 0.675 0.000 -0.172 -0.717 0.740 0.000 -0.655 0.154 0.696 0.000 -0.152 -0.702 0.693 -0.000 -0.707 0.138 
0.707 -0.062 0.047 0.703 0.828 0.000 -0.496 -0.261 0.717 0.000 -0.290 -0.634 0.926 0.000 -0.295 -0.236 0.537 0.000 -0.034 -0.843 0.675 0.000 -0.172 -0.717 0.740 0.000 -0.655 0.154 0.696 0.000 -0.152 -0.702 0.693 0.000 -0.707 0.139 
0.707 -0.062 0.047 0.703 0.828 0.000 -0.496 -0.261 0.717 0.000 -0.290 -0.634 0.926 0.000 -0.295 -0.235 0.541 0.000 -0.039 -0.840 0.675 -0.000 -0.172 -0.717 0.740 0.000 -0.654 0.154 0.696 0.000 -0.152 -0.702 0.693 0.000 -0.707 0.139 
0.707 -0.062 0.047 0.703 0.828 -0.000 -0.496 -0.261 0.717 0.000 -0.290 -0.634 0.926 0.000 -0.295 -0.236 0.545 0.000 -0.043 -0.837 0.675 0.000 -0.172 -0.717 0.740 0.000 -0.655 0.154 0.696 -0.000 -0.152 -0.702 0.693 0.000 -0.707 0.139 
0.707 -0.062 0.047 0.703 0.828 0.000 -0.496 -0.261 0.717 0.000 -0.290 -0.634 0.926 0.000 -0.296 -0.236 0.549 0.000 -0.048 -0.835 0.675 0.000 -0.172 -0.717 0.740 0.000 -0.655 0.154 0.696 0.000 -0.152 -0.702 0.693 -0.000 -0.707 0.139 
0.707 -0.062 0.047 0.703 0.828 0.000 -0.496 -0.261 0.717 -0.000 -0.290 -0.634 0.926 0.000 -0.296 -0.236 0.552 0.000 -0.052 -0.832 0.675 0.000 -0.172 -0.717 0.740 0.000 -0.654 0.154 0.696 0.000 -0.152 -0.702 0.693 0.000 -0.707 0.139 
0.707 -0.062 0.047 0.703 0.828 -0.000 -0.496 -0.261 0.717 0.000 -0.290 -0.634 0.926 0.000 -0.296 -0.235 0.555 0.000 -0.056 -0.830 0.675 -0.000 -0.172 -0.717 0.740 0.000 -0.655 0.154 0.696 0.000 -0.152 -0.702 0.693 0.000 -0.707 0.139 
0.707 -0.062 0.047 0.703 0.828 0.000 -0.496 -0.261 0.717 0.000 -0.290 -0.634 0.926 -0.000 -0.296 -0.235 0.559 0.000 -0.061 -0.827 0.676 0.000 -0.172 -0.717 0.740 0.000 -0.655 0.154 0.696 0.000 -0.152 -0.702 0.693 0.000 -0.707 0.139 
0.707 -0.062 0.047 0.703 0.828 0.000 -0.496 -0.260 0.717 -0.000 -0.290 -0.634 0.926 0.000 -0.296 -0.235 0.562 0.000 -0.066 -0.825 0.675 0.000 -0.173 -0.717 0.740 0.000 -0.654 0.154 0.696 0.000 -0.152 -0.702 0.693 0.000 -0.707 0.139 
0.707 -0.062 0.047 0.703 0.829 0.000 -0.496 -0.260 0.717 0.000 -0.290 -0.634 0.926 0.000 -0.297 -0.235 0.565 0.000 -0.070 -0.822 0.676 0.000 -0.172 -0.717 0.740 0.000 -0.655 0.154 0.696 0.000 -0.152 -0.702 0.693 -0.000 -0.707 0.139 
0.707 -0.062 0.047 0.703 0.829 0.000 -0.496 -0.260 0.717 0.000 -0.290 -0.634 0.926 0.000 -0.297 -0.235 0.568 0.000 -0.073 -0.820 0.676 0.000 -0.172 -0.717 0.740 0.000 -0.654 0.154 0.696 -0.000 -0.152 -0.702 0.693 0.000 -0.707 0.139 
0.707 -0.062 0.047 0.703 0.829 0.000 -0.496 -0.260 0.717 0.000 -0.291 -0.634 0.925 0.000 -0.297 -0.235 0.571 -0.000 -0.077 -0.817 0.676 -0.000 -0.172 -0.717 0.740 0.000 -0.655 0.154 0.696 -0.000 -0.152 -0.702 0.693 0.000 -0.708 0.139 
0.707 -0.062 0.047 0.703 0.829 0.000 -0.495 -0.260 0.717 0.000 -0.291 -0.634 0.925 0.000 -0.298 -0.235 0.573 0.000 -0.081 -0.815 0.676 -0.000 -0.173 -0.717 0.740 0.000 -0.655 0.154 0.696 0.000 -0.152 -0.702 0.693 0.000 -0.708 0.139 
0.707 -0.062 0.047 0.703 0.829 0.000 -0.496 -0.260 0.717 0.000 -0.291 -0.633 0.925 0.000 -0.298 -0.235 0.576 -0.000 -0.085 -0.813 0.676 -0.000 -0.172 -0.717 0.740 0.000 -0.655 0.153 0.696 0.000 -0.152 -0.702 0.693 0.000 -0.707 0.139 
0.707 -0.062 0.047 0.703 0.829 0.000 -0.495 -0.260 0.717 0.000 -0.291 -0.634 0.925 -0.000 -0.299 -0.234 0.579 -0.000 -0.088 -0.811 0.676 0.000 -0.172 -0.717 0.740 0.000 -0.655 0.153 0.696 0.000 -0.152 -0.702 0.693 0.000 -0.708 0.139 
0.707 -0.062 0.047 0.703 0.829 0.000 -0.495 -0.259 0.717 0.000 -0.291 -0.634 0.925 0.000 -0.299 -0.234 0.581 0.000 -0.092 -0.808 0.676 -0.000 -0.172 -0.717 0.740 0.000 -0.655 0.153 0.696 0.000 -0.152 -0.702 0.693 0.000 -0.707 0.139 
0.707 -0.062 0.047 0.703 0.829 0.000 -0.495 -0.259 0.717 0.000 -0.291 -0.634 0.925 0.000 -0.300 -0.234 0.584 0.000 -0.095 -0.806 0.676 -0.000 -0.172 -0.717 0.740 0.000 -0.655 0.153 0.696 0.000 -0.152 -0.702 0.693 0.000 -0.708 0.139 
0.707 -0.062 0.047 0.703 0.829 0.000 -0.496 -0.259 0.717 0.000 -0.291 -0.634 0.925 0.000 -0.301 -0.234 0.586 0.000 -0.098 -0.804 0.676 0.000 -0.172 -0.717 0.740 0.000 -0.655 0.153 0.696 0.000 -0.152 -0.702 0.693 0.000 -0.707 0.139 
0.707 -0.062 0.047 0.703 0.829 0.000 -0.495 -0.259 0.717 0.000 -0.291 -0.634 0.925 0.000 -0.301 -0.233 0.589 0.000 -0.102 -0.802 0.676 0.000 -0.172 -0.717 0.740 0.000 -0.655 0.153 0.696 0.000 -0.152 -0.702 0.693 -0.000 -0.708 0.139 
0.707 -0.062 0.047 0.703 0.829 -0.000 -0.495 -0.259 0.717 0.000 -0.291 -0.634 0.925 -0.000 -0.301 -0.233 0.591 0.000 -0.106 -0.800 0.676 -0.000 -0.172 -0.717 0.740 -0.000 -0.655 0.153 0.696 0.000 -0.152 -0.702 0.693 0.000 -0.708 0.139 
0.707 -0.062 0.047 0.703 0.829 0.000 -0.495 -0.259 0.717 0.000 -0.291 -0.633 0.925 -0.000 -0.302 -0.233 0.593 0.000 -0.110 -0.797 0.676 0.000 -0.172 -0.717 0.740 0.000 -0.655 0.153 0.696 0.000 -0.152 -0.702 0.693 0.000 -0.707 0.139 
0.707 -0.062 0.047 0.703 0.830 0.000 -0.495 -0.259 0.717 0.000 -0.291 -0.634 0.925 0.000 -0.302 -0.232 0.596 0.000 -0.113 -0.795 0.676 0.000 -0.172 -0.717 0.740 0.000 -0.655 0.153 0.696 0.000 -0.152 -0.702 0.693 0.000 -0.707 0.139 
0.707 -0.062 0.047 0.703 0.830 0.000 -0.494 -0.259 0.717 0.000 -0.291 -0.634 0.925 0.000 -0.302 -0.231 0.597 0.000 -0.117 -0.794 0.676 0.000 -0.172 -0.717 0.740 0.000 -0.655 0.153 0.696 -0.000 -0.151 -0.702 0.693 -0.000 -0.707 0.139 
0.707 -0.062 0.047 0.702 0.830 0.000 -0.494 -0.259 0.717 0.000 -0.291 -0.633 0.924 0.000 -0.303 -0.232 0.601 0.000 -0.121 -0.790 0.676 0.000 -0.172 -0.717 0.740 0.000 -0.655 0.153 0.696 0.000 -0.152 -0.702 0.693 0.000 -0.707 0.139 
0.707 -0.062 0.047 0.702 0.830 -0.000 -0.494 -0.259 0.717 0.000 -0.291 -0.633 0.924 0.000 -0.304 -0.231 0.603 0.000 -0.125 -0.788 0.676 0.000 -0.172 -0.717 0.740 -0.000 -0.655 0.153 0.696 0.000 -0.151 -0.702 0.693 -0.000 -0.707 0.139 
0.707 -0.062 0.047 0.702 0.830 0.000 -0.494 -0.259 0.717 0.000 -0.291 -0.633 0.924 0.000 -0.304 -0.231 0.605 0.000 -0.129 -0.786 0.675 0.000 -0.172 -0.717 0.740 0.000 -0.655 0.153 0.696 -0.000 -0.151 -0.702 0.693 -0.000 -0.707 0.139 
0.707 -0.062 0.047 0.703 0.830 0.000 -0.494 -0.259 0.717 0.000 -0.291 -0.633 0.924 0.000 -0.304 -0.231 0.606 0.000 -0.133 -0.784 0.676 0.000 -0.172 -0.717 0.740 0.000 -0.655 0.153 0.696 0.000 -0.151 -0.702 0.693 0.000 -0.707 0.139 
0.707 -0.062 0.047 0.703 0.830 0.000 -0.494 -0.258 0.717 -0.000 -0.292 -0.633 0.924 0.000 -0.305 -0.231 0.608 0.000 -0.136 -0.782 0.676 0.000 -0.171 -0.717 0.740 0.000 -0.655 0.153 0.696 0.000 -0.151 -0.702 0.693 0.000 -0.707 0.139 
0.707 -0.062 0.047 0.703 0.830 -0.000 -0.494 -0.258 0.717 0.000 -0.292 -0.633 0.924 -0.000 -0.306 -0.230 0.609 0.000 -0.140 -0.781 0.676 0.000 -0.172 -0.717 0.740 0.000 -0.655 0.153 0.696 0.000 -0.151 -0.702 0.693 0.000 -0.707 0.139 
0.707 -0.062 0.047 0.702 0.830 -0.000 -0.494 -0.258 0.717 0.000 -0.292 -0.633 0.924 0.000 -0.306 -0.230 0.610 0.000 -0.143 -0.779 0.675 0.000 -0.171 -0.717 0.740 0.000 -0.655 0.153 0.696 0.000 -0.151 -0.702 0.693 0.000 -0.707 0.139 
0.707 -0.061 0.047 0.703 0.830 0.000 -0.494 -0.258 0.717 0.000 -0.292 -0.633 0.924 -0.000 -0.306 -0.229 0.611 -0.000 -0.145 -0.778 0.675 0.000 -0.171 -0.718 0.740 0.000 -0.655 0.153 0.696 0.000 -0.151 -0.702 0.693 -0.000 -0.707 0.138 
0.707 -0.062 0.047 0.703 0.831 0.000 -0.494 -0.258 0.717 0.000 -0.292 -0.633 0.924 0.000 -0.307 -0.229 0.612 0.000 -0.149 -0.777 0.675 0.000 -0.171 -0.717 0.740 0.000 -0.655 0.153 0.696 0.000 -0.151 -0.702 0.693 -0.000 -0.707 0.139 
0.707 -0.061 0.047 0.703 0.831 0.000 -0.493 -0.258 0.717 0.000 -0.290 -0.633 0.924 0.000 -0.307 -0.229 0.613 0.000 -0.151 -0.776 0.675 -0.000 -0.171 -0.717 0.740 0.000 -0.655 0.153 0.696 0.000 -0.151 -0.702 0.693 0.000 -0.707 0.138 
0.707 -0.061 0.047 0.703 0.831 0.000 -0.493 -0.258 0.717 0.000 -0.290 -0.633 0.924 0.000 -0.307 -0.228 0.614 -0.000 -0.154 -0.774 0.675 0.000 -0.171 -0.717 0.740 0.000 -0.655 0.153 0.696 0.000 -0.151 -0.702 0.693 0.000 -0.707 0.138 
0.708 -0.061 0.047 0.703 0.831 0.000 -0.493 -0.258 0.717 0.000 -0.291 -0.633 0.924 -0.000 -0.308 -0.228 0.614 -0.000 -0.157 -0.773 0.675 0.000 -0.171 -0.718 0.740 0.000 -0.655 0.152 0.696 -0.000 -0.151 -0.702 0.693 0.000 -0.707 0.138 
0.707 -0.061 0.047 0.703 0.831 -0.000 -0.493 -0.259 0.718 0.000 -0.291 -0.633 0.924 0.000 -0.308 -0.228 0.615 0.000 -0.160 -0.772 0.675 -0.000 -0.171 -0.718 0.740 0.000 -0.655 0.153 0.696 0.000 -0.151 -0.702 0.693 0.000 -0.707 0.138 
0.707 -0.061 0.047 0.703 0.831 -0.000 -0.493 -0.258 0.717 0.000 -0.291 -0.633 0.924 -0.000 -0.309 -0.228 0.616 0.000 -0.164 -0.770 0.675 0.000 -0.171 -0.717 0.740 -0.000 -0.655 0.153 0.696 0.000 -0.151 -0.702 0.693 -0.000 -0.707 0.138 
0.707 -0.061 0.047 0.703 0.831 0.000 -0.493 -0.258 0.717 -0.000 -0.291 -0.633 0.923 0.000 -0.309 -0.228 0.617 -0.000 -0.167 -0.769 0.675 -0.000 -0.171 -0.718 0.740 0.000 -0.655 0.153 0.696 0.000 -0.151 -0.702 0.693 0.000 -0.708 0.138 
0.707 -0.061 0.047 0.703 0.831 0.000 -0.493 -0.258 0.717 0.000 -0.291 -0.633 0.923 0.000 -0.309 -0.227 0.617 0.000 -0.173 -0.768 0.675 0.000 -0.171 -0.717 0.740 0.000 -0.655 0.153 0.696 0.000 -0.151 -0.702 0.693 0.000 -0.707 0.138 
0.707 -0.061 0.047 0.703 0.831 0.000 -0.493 -0.258 0.717 0.000 -0.292 -0.633 0.923 0.000 -0.309 -0.227 0.618 0.000 -0.177 -0.766 0.675 0.000 -0.171 -0.718 0.740 -0.000 -0.655 0.153 0.696 0.000 -0.151 -0.702 0.693 0.000 -0.708 0.138 
0.707 -0.061 0.047 0.703 0.831 0.000 -0.492 -0.258 0.717 0.000 -0.291 -0.633 0.923 0.000 -0.310 -0.227 0.618 0.000 -0.181 -0.765 0.675 0.000 -0.171 -0.717 0.740 0.000 -0.655 0.153 0.696 0.000 -0.151 -0.702 0.693 0.000 -0.708 0.138 
0.707 -0.061 0.047 0.703 0.831 0.000 -0.492 -0.258 0.717 0.000 -0.291 -0.633 0.923 0.000 -0.310 -0.227 0.619 0.000 -0.184 -0.764 0.675 -0.000 -0.171 -0.718 0.740 0.000 -0.655 0.153 0.696 0.000 -0.151 -0.702 0.693 0.000 -0.707 0.138 
0.707 -0.061 0.047 0.703 0.831 0.000 -0.492 -0.259 0.718 0.000 -0.291 -0.633 0.923 -0.000 -0.310 -0.227 0.619 0.000 -0.187 -0.762 0.675 0.000 -0.171 -0.717 0.740 0.000 -0.655 0.153 0.696 -0.000 -0.151 -0.702 0.693 0.000 -0.708 0.138 
0.707 -0.061 0.047 0.703 0.831 0.000 -0.492 -0.259 0.718 0.000 -0.291 -0.633 0.923 0.000 -0.310 -0.227 0.620 0.000 -0.190 -0.761 0.675 0.000 -0.171 -0.717 0.740 0.000 -0.655 0.153 0.696 0.000 -0.151 -0.702 0.693 0.000 -0.708 0.138 
0.707 -0.061 0.047 0.703 0.831 0.000 -0.492 -0.259 0.717 0.000 -0.291 -0.633 0.923 0.000 -0.311 -0.227 0.619 0.000 -0.194 -0.761 0.675 0.000 -0.171 -0.717 0.740 0.000 -0.655 0.153 0.696 0.000 -0.151 -0.702 0.693 0.000 -0.708 0.138 
0.707 -0.061 0.047 0.703 0.831 -0.000 -0.492 -0.259 0.718 0.000 -0.291 -0.633 0.923 0.000 -0.311 -0.227 0.619 0.000 -0.197 -0.760 0.675 -0.000 -0.171 -0.717 0.740 0.000 -0.655 0.153 0.696 0.000 -0.151 -0.702 0.693 -0.000 -0.708 0.138 
0.707 -0.061 0.047 0.703 0.831 0.000 -0.492 -0.259 0.718 0.000 -0.291 -0.633 0.923 0.000 -0.311 -0.228 0.619 0.000 -0.200 -0.759 0.675 0.000 -0.171 -0.717 0.740 0.000 -0.655 0.153 0.696 0.000 -0.151 -0.702 0.693 0.000 -0.708 0.137 
0.707 -0.061 0.046 0.703 0.831 0.000 -0.492 -0.259 0.718 0.000 -0.290 -0.633 0.923 0.000 -0.311 -0.228 0.618 0.000 -0.203 -0.759 0.675 0.000 -0.170 -0.718 0.740 0.000 -0.655 0.153 0.696 0.000 -0.150 -0.702 0.693 0.000 -0.708 0.137 
0.707 -0.061 0.046 0.703 0.831 0.000 -0.492 -0.259 0.718 -0.000 -0.290 -0.633 0.923 0.000 -0.311 -0.228 0.618 0.000 -0.206 -0.759 0.675 -0.000 -0.170 -0.717 0.740 0.000 -0.655 0.153 0.696 0.000 -0.150 -0.702 0.693 0.000 -0.708 0.137 
0.707 -0.061 0.046 0.703 0.831 0.000 -0.492 -0.259 0.718 -0.000 -0.290 -0.633 0.923 0.000 -0.311 -0.228 0.617 0.000 -0.211 -0.758 0.675 0.000 -0.171 -0.718 0.740 0.000 -0.655 0.153 0.696 0.000 -0.150 -0.702 0.693 0.000 -0.708 0.137 
0.707 -0.061 0.046 0.703 0.831 0.000 -0.493 -0.259 0.718 0.000 -0.290 -0.633 0.922 0.000 -0.311 -0.228 0.616 0.000 -0.214 -0.758 0.675 0.000 -0.170 -0.718 0.740 0.000 -0.655 0.153 0.696 0.000 -0.150 -0.702 0.693 0.000 -0.708 0.137 
0.707 -0.061 0.046 0.703 0.831 -0.000 -0.492 -0.259 0.718 0.000 -0.290 -0.633 0.922 0.000 -0.312 -0.228 0.616 -0.000 -0.217 -0.757 0.675 0.000 -0.170 -0.718 0.740 0.000 -0.655 0.153 0.696 0.000 -0.150 -0.702 0.693 0.000 -0.708 0.137 
0.707 -0.061 0.046 0.703 0.831 0.000 -0.493 -0.260 0.718 0.000 -0.290 -0.633 0.922 0.000 -0.312 -0.228 0.615 0.000 -0.220 -0.757 0.675 0.000 -0.170 -0.718 0.740 0.000 -0.655 0.153 0.696 0.000 -0.150 -0.702 0.693 0.000 -0.708 0.137 
0.707 -0.061 0.046 0.703 0.831 0.000 -0.493 -0.259 0.717 0.000 -0.291 -0.633 0.922 0.000 -0.312 -0.228 0.614 0.000 -0.224 -0.757 0.675 0.000 -0.170 -0.718 0.740 0.000 -0.655 0.153 0.696 0.000 -0.150 -0.702 0.693 0.000 -0.708 0.137 
0.707 -0.061 0.046 0.703 0.831 0.000 -0.492 -0.260 0.717 0.000 -0.290 -0.633 0.923 0.000 -0.312 -0.227 0.612 0.000 -0.227 -0.758 0.675 0.000 -0.169 -0.718 0.740 0.000 -0.655 0.152 0.696 0.000 -0.149 -0.702 0.693 0.000 -0.708 0.136 
0.707 -0.061 0.046 0.703 0.830 0.000 -0.493 -0.260 0.717 0.000 -0.291 -0.633 0.922 -0.000 -0.311 -0.229 0.611 -0.000 -0.229 -0.757 0.675 0.000 -0.170 -0.718 0.740 0.000 -0.655 0.152 0.696 0.000 -0.150 -0.702 0.693 0.000 -0.708 0.137 
0.707 -0.061 0.046 0.703 0.830 0.000 -0.493 -0.260 0.717 0.000 -0.290 -0.633 0.922 0.000 -0.311 -0.229 0.610 0.000 -0.233 -0.758 0.675 0.000 -0.170 -0.718 0.740 0.000 -0.655 0.152 0.696 0.000 -0.150 -0.702 0.693 0.000 -0.708 0.137 
0.707 -0.061 0.046 0.703 0.830 0.000 -0.493 -0.260 0.717 0.000 -0.291 -0.633 0.922 -0.000 -0.311 -0.229 0.608 0.000 -0.235 -0.758 0.675 0.000 -0.170 -0.718 0.740 0.000 -0.655 0.152 0.696 -0.000 -0.150 -0.702 0.693 0.000 -0.708 0.136 
0.707 -0.061 0.046 0.703 0.830 0.000 -0.494 -0.259 0.717 0.000 -0.290 -0.634 0.922 0.000 -0.311 -0.229 0.607 0.000 -0.238 -0.759 0.675 0.000 -0.170 -0.718 0.740 0.000 -0.655 0.152 0.696 -0.000 -0.149 -0.702 0.693 -0.000 -0.708 0.136 
0.707 -0.061 0.046 0.703 0.830 0.000 -0.493 -0.260 0.717 0.000 -0.291 -0.634 0.922 0.000 -0.311 -0.229 0.605 0.000 -0.241 -0.759 0.675 -0.000 -0.170 -0.718 0.740 0.000 -0.655 0.152 0.696 0.000 -0.149 -0.702 0.693 -0.000 -0.708 0.136 
0.707 -0.061 0.046 0.703 0.830 0.000 -0.494 -0.259 0.717 0.000 -0.290 -0.634 0.922 0.000 -0.311 -0.229 0.603 0.000 -0.243 -0.760 0.675 0.000 -0.170 -0.718 0.740 0.000 -0.655 0.152 0.696 0.000 -0.149 -0.702 0.693 0.000 -0.708 0.136 
0.707 -0.061 0.046 0.703 0.830 0.000 -0.493 -0.260 0.717 0.000 -0.291 -0.634 0.923 0.000 -0.311 -0.229 0.600 0.000 -0.245 -0.761 0.675 0.000 -0.170 -0.718 0.740 -0.000 -0.655 0.152 0.696 -0.000 -0.149 -0.703 0.693 0.000 -0.708 0.136 
0.707 -0.061 0.046 0.703 0.830 -0.000 -0.493 -0.260 0.717 0.000 -0.291 -0.634 0.922 0.000 -0.311 -0.229 0.598 0.000 -0.247 -0.763 0.675 0.000 -0.170 -0.718 0.740 0.000 -0.655 0.152 0.696 0.000 -0.149 -0.702 0.693 0.000 -0.708 0.136 
0.707 -0.061 0.046 0.703 0.830 0.000 -0.494 -0.260 0.717 0.000 -0.291 -0.634 0.922 0.000 -0.311 -0.229 0.595 0.000 -0.248 -0.764 0.675 0.000 -0.170 -0.718 0.740 0.000 -0.655 0.152 0.696 0.000 -0.149 -0.703 0.693 -0.000 -0.708 0.136 
0.707 -0.061 0.046 0.703 0.830 0.000 -0.493 -0.260 0.717 0.000 -0.291 -0.634 0.922 0.000 -0.311 -0.229 0.592 0.000 -0.250 -0.766 0.675 0.000 -0.170 -0.718 0.740 0.000 -0.655 0.151 0.696 0.000 -0.149 -0.703 0.693 0.000 -0.708 0.136 
0.707 -0.061 0.046 0.703 0.830 0.000 -0.493 -0.260 0.716 0.000 -0.291 -0.634 0.922 0.000 -0.311 -0.229 0.589 0.000 -0.251 -0.768 0.675 0.000 -0.169 -0.718 0.740 0.000 -0.655 0.151 0.696 0.000 -0.149 -0.703 0.693 0.000 -0.708 0.136 
0.707 -0.061 0.046 0.703 0.830 -0.000 -0.494 -0.260 0.716 0.000 -0.291 -0.634 0.923 0.000 -0.311 -0.229 0.586 0.000 -0.255 -0.769 0.675 0.000 -0.169 -0.718 0.740 0.000 -0.655 0.151 0.696 0.000 -0.149 -0.703 0.693 -0.000 -0.708 0.136 
0.707 -0.061 0.045 0.703 0.830 0.000 -0.494 -0.260 0.717 0.000 -0.291 -0.634 0.923 0.000 -0.310 -0.229 0.583 -0.000 -0.256 -0.772 0.675 0.000 -0.169 -0.718 0.740 0.000 -0.655 0.151 0.696 0.000 -0.149 -0.703 0.693 -0.000 -0.708 0.136 
0.707 -0.061 0.045 0.703 0.830 0.000 -0.494 -0.260 0.716 -0.000 -0.292 -0.634 0.923 0.000 -0.310 -0.229 0.579 0.000 -0.256 -0.774 0.675 0.000 -0.169 -0.718 0.740 0.000 -0.655 0.151 0.696 0.000 -0.149 -0.703 0.693 0.000 -0.708 0.136 
0.707 -0.061 0.045 0.703 0.830 0.000 -0.494 -0.260 0.716 0.000 -0.292 -0.634 0.923 0.000 -0.310 -0.229 0.576 0.000 -0.257 -0.776 0.675 0.000 -0.169 -0.718 0.740 0.000 -0.655 0.151 0.696 0.000 -0.149 -0.703 0.693 0.000 -0.708 0.136 
0.707 -0.061 0.045 0.703 0.830 0.000 -0.494 -0.260 0.717 0.000 -0.291 -0.634 0.923 0.000 -0.310 -0.229 0.572 -0.000 -0.258 -0.779 0.675 0.000 -0.169 -0.718 0.740 0.000 -0.655 0.151 0.696 0.000 -0.149 -0.703 0.693 0.000 -0.708 0.136 
0.707 -0.061 0.045 0.703 0.830 -0.000 -0.494 -0.260 0.717 0.000 -0.292 -0.634 0.923 0.000 -0.309 -0.229 0.568 0.000 -0.259 -0.781 0.675 0.000 -0.169 -0.718 0.740 -0.000 -0.655 0.151 0.696 0.000 -0.148 -0.703 0.693 -0.000 -0.708 0.136 
0.707 -0.061 0.045 0.703 0.830 -0.000 -0.494 -0.260 0.717 -0.000 -0.292 -0.634 0.923 0.000 -0.309 -0.229 0.564 -0.000 -0.259 -0.784 0.675 0.000 -0.169 -0.718 0.740 0.000 -0.655 0.151 0.696 0.000 -0.148 -0.703 0.693 -0.000 -0.708 0.136 
0.707 -0.061 0.045 0.703 0.830 0.000 -0.494 -0.260 0.716 0.000 -0.292 -0.634 0.923 0.000 -0.309 -0.229 0.560 0.000 -0.260 -0.787 0.675 0.000 -0.169 -0.718 0.740 -0.000 -0.655 0.151 0.696 0.000 -0.148 -0.703 0.693 -0.000 -0.708 0.136 
0.707 -0.061 0.045 0.703 0.829 0.000 -0.495 -0.260 0.716 0.000 -0.294 -0.633 0.923 -0.000 -0.309 -0.229 0.556 0.000 -0.260 -0.790 0.675 -0.000 -0.169 -0.718 0.740 0.000 -0.655 0.151 0.696 0.000 -0.148 -0.703 0.693 -0.000 -0.708 0.136 
0.707 -0.061 0.045 0.703 0.829 0.000 -0.495 -0.260 0.716 0.000 -0.294 -0.633 0.923 0.000 -0.309 -0.229 0.552 0.000 -0.260 -0.792 0.675 -0.000 -0.169 -0.718 0.740 0.000 -0.655 0.151 0.696 0.000 -0.148 -0.703 0.693 0.000 -0.708 0.136 
0.707 -0.061 0.045 0.703 0.829 0.000 -0.495 -0.259 0.717 0.000 -0.292 -0.633 0.923 0.000 -0.308 -0.229 0.548 0.000 -0.260 -0.795 0.675 -0.000 -0.169 -0.718 0.740 0.000 -0.655 0.151 0.696 -0.000 -0.148 -0.703 0.693 -0.000 -0.708 0.136 
0.707 -0.061 0.045 0.703 0.829 0.000 -0.495 -0.259 0.717 0.000 -0.292 -0.633 0.924 0.000 -0.308 -0.228 0.543 0.000 -0.260 -0.798 0.675 -0.000 -0.169 -0.718 0.740 0.000 -0.655 0.151 0.696 0.000 -0.148 -0.703 0.693 0.000 -0.708 0.136 
0.707 -0.061 0.045 0.703 0.829 0.000 -0.495 -0.260 0.717 0.000 -0.292 -0.633 0.924 0.000 -0.308 -0.229 0.539 0.000 -0.259 -0.801 0.675 0.000 -0.169 -0.718 0.740 0.000 -0.655 0.151 0.696 0.000 -0.148 -0.703 0.693 0.000 -0.708 0.136 
0.707 -0.061 0.045 0.703 0.829 0.000 -0.495 -0.259 0.717 -0.000 -0.292 -0.633 0.924 0.000 -0.307 -0.229 0.535 0.000 -0.259 -0.804 0.675 0.000 -0.169 -0.718 0.740 0.000 -0.655 0.151 0.696 0.000 -0.148 -0.703 0.693 -0.000 -0.708 0.136 
0.707 -0.061 0.045 0.703 0.829 0.000 -0.495 -0.260 0.717 0.000 -0.292 -0.633 0.924 0.000 -0.307 -0.229 0.531 0.000 -0.258 -0.807 0.675 -0.000 -0.169 -0.718 0.740 0.000 -0.655 0.151 0.696 0.000 -0.148 -0.703 0.693 0.000 -0.708 0.136 
0.707 -0.061 0.045 0.703 0.829 0.000 -0.495 -0.259 0.717 0.000 -0.292 -0.633 0.924 0.000 -0.307 -0.229 0.526 0.000 -0.258 -0.810 0.675 0.000 -0.169 -0.718 0.740 0.000 -0.655 0.150 0.695 0.000 -0.148 -0.703 0.693 -0.000 -0.708 0.136 
0.707 -0.060 0.045 0.703 0.829 -0.000 -0.495 -0.259 0.717 0.000 -0.293 -0.633 0.924 0.000 -0.307 -0.228 0.522 -0.000 -0.257 -0.813 0.675 0.000 -0.168 -0.718 0.740 0.000 -0.655 0.150 0.696 0.000 -0.148 -0.703 0.693 0.000 -0.708 0.136 
0.707 -0.060 0.045 0.703 0.829 -0.000 -0.496 -0.259 0.717 0.000 -0.292 -0.633 0.924 -0.000 -0.306 -0.229 0.518 0.000 -0.255 -0.816 0.675 0.000 -0.169 -0.718 0.740 0.000 -0.655 0.151 0.695 0.000 -0.148 -0.703 0.693 0.000 -0.708 0.136 
0.707 -0.060 0.045 0.703 0.829 0.000 -0.495 -0.259 0.717 -0.000 -0.293 -0.633 0.924 0.000 -0.306 -0.229 0.514 -0.000 -0.255 -0.819 0.675 0.000 -0.169 -0.718 0.740 0.000 -0.655 0.151 0.695 0.000 -0.148 -0.703 0.693 0.000 -0.708 0.136 
0.707 -0.060 0.045 0.703 0.829 0.000 -0.496 -0.259 0.717 -0.000 -0.293 -0.632 0.924 0.000 -0.306 -0.229 0.509 0.000 -0.255 -0.822 0.675 0.000 -0.169 -0.718 0.740 0.000 -0.655 0.150 0.695 0.000 -0.148 -0.703 0.693 0.000 -0.708 0.136 
0.707 -0.060 0.045 0.703 0.829 0.000 -0.496 -0.259 0.717 0.000 -0.293 -0.632 0.924 0.000 -0.305 -0.229 0.505 0.000 -0.254 -0.825 0.675 0.000 -0.169 -0.718 0.740 0.000 -0.655 0.150 0.695 -0.000 -0.148 -0.703 0.693 0.000 -0.708 0.136 
0.707 -0.060 0.045 0.703 0.829 0.000 -0.495 -0.259 0.717 0.000 -0.293 -0.632 0.924 0.000 -0.305 -0.229 0.501 0.000 -0.253 -0.827 0.675 0.000 -0.169 -0.718 0.740 0.000 -0.655 0.150 0.695 0.000 -0.148 -0.703 0.693 -0.000 -0.708 0.136 
0.707 -0.060 0.045 0.703 0.829 0.000 -0.496 -0.259 0.717 0.000 -0.293 -0.632 0.924 0.000 -0.305 -0.229 0.498 -0.000 -0.252 -0.830 0.675 -0.000 -0.168 -0.718 0.740 -0.000 -0.655 0.150 0.695 0.000 -0.148 -0.703 0.693 0.000 -0.708 0.136 
0.707 -0.060 0.045 0.703 0.829 0.000 -0.496 -0.259 0.717 0.000 -0.293 -0.632 0.925 0.000 -0.304 -0.229 0.494 0.000 -0.250 -0.833 0.675 0.000 -0.168 -0.718 0.740 0.000 -0.655 0.151 0.695 0.000 -0.148 -0.703 0.693 0.000 -0.708 0.136 
0.707 -0.060 0.045 0.703 0.829 0.000 -0.496 -0.259 0.718 0.000 -0.293 -0.632 0.925 -0.000 -0.304 -0.230 0.490 0.000 -0.249 -0.835 0.675 0.000 -0.168 -0.718 0.740 0.000 -0.655 0.150 0.695 0.000 -0.148 -0.703 0.693 -0.000 -0.708 0.136 
0.707 -0.060 0.045 0.703 0.829 0.000 -0.496 -0.259 0.718 -0.000 -0.293 -0.632 0.925 0.000 -0.303 -0.230 0.486 0.000 -0.248 -0.838 0.675 0.000 -0.168 -0.718 0.740 0.000 -0.655 0.151 0.695 0.000 -0.148 -0.703 0.693 0.000 -0.708 0.136 
0.707 -0.060 0.045 0.703 0.829 0.000 -0.496 -0.259 0.718 0.000 -0.294 -0.632 0.925 -0.000 -0.303 -0.230 0.483 0.000 -0.246 -0.841 0.675 0.000 -0.168 -0.718 0.740 0.000 -0.655 0.151 0.695 0.000 -0.148 -0.703 0.693 0.000 -0.708 0.135 
0.707 -0.060 0.045 0.703 0.829 0.000 -0.496 -0.259 0.718 -0.000 -0.294 -0.631 0.925 0.000 -0.302 -0.230 0.479 0.000 -0.244 -0.843 0.675 0.000 -0.168 -0.718 0.740 -0.000 -0.656 0.151 0.695 -0.000 -0.148 -0.703 0.693 0.000 -0.708 0.136 
0.707 -0.060 0.045 0.703 0.829 0.000 -0.496 -0.259 0.718 0.000 -0.294 -0.631 0.925 0.000 -0.302 -0.230 0.475 0.000 -0.243 -0.846 0.675 -0.000 -0.168 -0.718 0.740 0.000 -0.655 0.151 0.695 -0.000 -0.148 -0.703 0.693 0.000 -0.708 0.136 
0.707 -0.060 0.045 0.703 0.829 0.000 -0.496 -0.259 0.718 -0.000 -0.294 -0.631 0.925 0.000 -0.301 -0.231 0.472 0.000 -0.240 -0.848 0.675 0.000 -0.168 -0.718 0.740 0.000 -0.655 0.151 0.695 0.000 -0.148 -0.703 0.693 0.000 -0.708 0.136 
0.707 -0.060 0.045 0.703 0.829 0.000 -0.496 -0.259 0.718 0.000 -0.294 -0.631 0.925 0.000 -0.301 -0.231 0.469 0.000 -0.238 -0.850 0.675 0.000 -0.168 -0.718 0.740 0.000 -0.655 0.151 0.695 -0.000 -0.148 -0.703 0.693 0.000 -0.708 0.136 
0.707 -0.060 0.045 0.703 0.829 0.000 -0.495 -0.260 0.717 0.000 -0.295 -0.631 0.925 0.000 -0.301 -0.231 0.466 0.000 -0.235 -0.853 0.675 0.000 -0.169 -0.718 0.740 0.000 -0.655 0.151 0.695 0.000 -0.148 -0.703 0.693 -0.000 -0.708 0.136 
0.707 -0.060 0.045 0.703 0.829 0.000 -0.496 -0.259 0.717 0.000 -0.295 -0.631 0.925 0.000 -0.300 -0.232 0.463 0.000 -0.232 -0.855 0.675 -0.000 -0.168 -0.718 0.740 0.000 -0.655 0.151 0.695 0.000 -0.148 -0.703 0.693 -0.000 -0.708 0.135 
0.707 -0.060 0.045 0.703 0.829 0.000 -0.496 -0.260 0.718 0.000 -0.295 -0.631 0.925 0.000 -0.299 -0.232 0.459 0.000 -0.229 -0.858 0.675 0.000 -0.168 -0.718 0.740 0.000 -0.655 0.151 0.695 0.000 -0.148 -0.703 0.693 -0.000 -0.708 0.136 
0.707 -0.060 0.045 0.703 0.829 0.000 -0.496 -0.260 0.717 0.000 -0.295 -0.631 0.926 0.000 -0.299 -0.232 0.457 0.000 -0.226 -0.860 0.675 0.000 -0.168 -0.718 0.740 0.000 -0.655 0.151 0.695 0.000 -0.148 -0.703 0.693 0.000 -0.708 0.136 
0.707 -0.060 0.045 0.703 0.829 0.000 -0.495 -0.260 0.717 0.000 -0.296 -0.631 0.926 0.000 -0.298 -0.232 0.454 0.000 -0.223 -0.863 0.675 0.000 -0.169 -0.718 0.740 0.000 -0.655 0.151 0.695 0.000 -0.148 -0.703 0.693 -0.000 -0.708 0.136 
0.707 -0.060 0.045 0.703 0.829 0.000 -0.496 -0.260 0.717 0.000 -0.296 -0.631 0.926 0.000 -0.298 -0.233 0.452 0.000 -0.219 -0.865 0.675 0.000 -0.169 -0.718 0.740 0.000 -0.655 0.152 0.695 0.000 -0.148 -0.703 0.693 0.000 -0.708 0.136 
0.707 -0.060 0.045 0.703 0.829 0.000 -0.495 -0.260 0.717 0.000 -0.296 -0.631 0.926 -0.000 -0.297 -0.233 0.449 0.000 -0.216 -0.867 0.675 0.000 -0.169 -0.718 0.740 0.000 -0.655 0.152 0.695 0.000 -0.148 -0.703 0.693 -0.000 -0.708 0.136 
0.707 -0.060 0.046 0.703 0.829 0.000 -0.496 -0.260 0.717 0.000 -0.296 -0.631 0.926 0.000 -0.297 -0.234 0.448 -0.000 -0.212 -0.868 0.675 0.000 -0.169 -0.718 0.740 0.000 -0.655 0.152 0.695 0.000 -0.149 -0.703 0.693 0.000 -0.708 0.136 
0.707 -0.060 0.045 0.703 0.829 0.000 -0.495 -0.260 0.717 -0.000 -0.296 -0.631 0.926 0.000 -0.296 -0.233 0.445 0.000 -0.207 -0.871 0.675 0.000 -0.169 -0.718 0.740 -0.000 -0.655 0.152 0.695 0.000 -0.148 -0.703 0.693 0.000 -0.708 0.136 
0.707 -0.061 0.046 0.703 0.829 0.000 -0.496 -0.260 0.717 -0.000 -0.296 -0.631 0.926 0.000 -0.296 -0.234 0.444 0.000 -0.203 -0.873 0.675 0.000 -0.169 -0.718 0.740 0.000 -0.655 0.152 0.695 -0.000 -0.149 -0.703 0.693 0.000 -0.708 0.136 
0.707 -0.060 0.045 0.703 0.829 0.000 -0.495 -0.260 0.717 0.000 -0.296 -0.631 0.927 0.000 -0.295 -0.234 0.441 0.000 -0.198 -0.876 0.675 -0.000 -0.169 -0.718 0.740 -0.000 -0.655 0.152 0.695 -0.000 -0.149 -0.703 0.693 0.000 -0.708 0.136 
0.707 -0.060 0.045 0.703 0.829 0.000 -0.495 -0.260 0.717 0.000 -0.296 -0.631 0.927 0.000 -0.294 -0.234 0.439 -0.000 -0.193 -0.878 0.675 0.000 -0.169 -0.718 0.740 0.000 -0.655 0.152 0.695 0.000 -0.149 -0.703 0.693 0.000 -0.708 0.136 
0.707 -0.060 0.045 0.703 0.829 0.000 -0.495 -0.260 0.717 0.000 -0.296 -0.631 0.927 0.000 -0.293 -0.234 0.436 0.000 -0.188 -0.880 0.675 0.000 -0.169 -0.718 0.740 0.000 -0.655 0.152 0.695 -0.000 -0.149 -0.703 0.693 -0.000 -0.708 0.136 
0.707 -0.061 0.046 0.703 0.829 0.000 -0.496 -0.260 0.717 0.000 -0.296 -0.631 0.927 0.000 -0.293 -0.235 0.436 0.000 -0.183 -0.881 0.675 -0.000 -0.169 -0.718 0.740 0.000 -0.655 0.152 0.695 0.000 -0.149 -0.703 0.693 0.000 -0.708 0.136 
0.707 -0.060 0.046 0.703 0.829 0.000 -0.495 -0.261 0.717 0.000 -0.296 -0.631 0.927 0.000 -0.292 -0.235 0.433 -0.000 -0.177 -0.884 0.675 0.000 -0.169 -0.718 0.740 0.000 -0.655 0.152 0.695 0.000 -0.149 -0.703 0.693 0.000 -0.708 0.136 
0.707 -0.061 0.046 0.703 0.829 0.000 -0.496 -0.261 0.717 -0.000 -0.296 -0.631 0.927 0.000 -0.291 -0.235 0.431 0.000 -0.171 -0.886 0.675 0.000 -0.169 -0.718 0.740 0.000 -0.655 0.152 0.695 0.000 -0.149 -0.703 0.693 0.000 -0.708 0.136 
0.707 -0.061 0.046 0.703 0.829 0.000 -0.495 -0.260 0.717 0.000 -0.296 -0.631 0.927 0.000 -0.291 -0.236 0.430 0.000 -0.167 -0.887 0.675 0.000 -0.170 -0.718 0.740 0.000 -0.655 0.152 0.695 0.000 -0.149 -0.703 0.693 0.000 -0.708 0.136 
