# T   LUA LFA RUA RFA LT  LS  RT  RS  
0.712 -0.004 0.073 0.698 0.828 0.000 -0.495 -0.262 0.388 0.000 -0.325 -0.862 0.798 0.000 -0.511 -0.320 0.430 0.000 -0.148 -0.891 0.702 0.000 -0.703 0.117 0.991 0.000 0.128 -0.031 0.646 0.000 -0.741 0.183 0.995 0.000 0.085 -0.057 
0.712 -0.004 0.073 0.698 0.828 0.000 -0.494 -0.264 0.387 0.000 -0.327 -0.862 0.798 -0.000 -0.510 -0.321 0.429 0.000 -0.149 -0.891 0.702 0.000 -0.703 0.117 0.991 -0.000 0.128 -0.031 0.646 0.000 -0.741 0.183 0.995 0.000 0.085 -0.057 
0.713 -0.005 0.073 0.698 0.828 0.000 -0.494 -0.266 0.386 0.000 -0.330 -0.862 0.798 0.000 -0.509 -0.323 0.427 0.000 -0.149 -0.892 0.702 -0.000 -0.703 0.117 0.991 0.000 0.128 -0.032 0.646 0.000 -0.741 0.183 0.995 0.000 0.085 -0.057 
0.713 -0.005 0.073 0.698 0.828 0.000 -0.493 -0.267 0.385 0.000 -0.332 -0.861 0.798 -0.000 -0.508 -0.323 0.427 0.000 -0.147 -0.892 0.702 0.000 -0.703 0.117 0.991 0.000 0.128 -0.032 0.646 0.000 -0.741 0.184 0.995 -0.000 0.085 -0.057 
0.713 -0.005 0.073 0.698 0.828 0.000 -0.493 -0.268 0.385 -0.000 -0.332 -0.861 0.799 0.000 -0.507 -0.324 0.426 0.000 -0.147 -0.893 0.702 0.000 -0.703 0.117 0.991 0.000 0.128 -0.032 0.646 0.000 -0.741 0.184 0.995 0.000 0.085 -0.057 
0.713 -0.005 0.073 0.697 0.828 0.000 -0.492 -0.270 0.384 -0.000 -0.329 -0.863 0.799 0.000 -0.506 -0.324 0.426 -0.000 -0.147 -0.893 0.702 0.000 -0.703 0.117 0.991 0.000 0.128 -0.032 0.646 0.000 -0.741 0.184 0.995 0.000 0.084 -0.058 
0.713 -0.005 0.073 0.697 0.828 0.000 -0.491 -0.271 0.385 0.000 -0.332 -0.861 0.800 0.000 -0.505 -0.325 0.426 0.000 -0.146 -0.893 0.702 0.000 -0.703 0.117 0.991 0.000 0.128 -0.032 0.646 -0.000 -0.741 0.184 0.995 -0.000 0.084 -0.057 
0.713 -0.005 0.073 0.697 0.828 0.000 -0.490 -0.271 0.385 0.000 -0.332 -0.861 0.800 0.000 -0.504 -0.325 0.426 0.000 -0.145 -0.893 0.702 0.000 -0.703 0.118 0.991 0.000 0.128 -0.032 0.646 0.000 -0.741 0.185 0.995 0.000 0.084 -0.058 
0.713 -0.005 0.072 0.698 0.829 0.000 -0.489 -0.272 0.385 0.000 -0.331 -0.861 0.800 0.000 -0.504 -0.325 0.426 0.000 -0.145 -0.893 0.701 0.000 -0.703 0.117 0.991 0.000 0.128 -0.032 0.646 0.000 -0.741 0.183 0.995 0.000 0.086 -0.057 
0.713 -0.006 0.072 0.698 0.829 -0.000 -0.489 -0.273 0.386 0.000 -0.329 -0.862 0.801 0.000 -0.503 -0.325 0.427 0.000 -0.144 -0.893 0.700 -0.000 -0.704 0.117 0.991 -0.000 0.129 -0.032 0.647 0.000 -0.740 0.184 0.995 0.000 0.084 -0.058 
0.713 -0.006 0.072 0.697 0.829 0.000 -0.488 -0.273 0.387 0.000 -0.328 -0.862 0.801 0.000 -0.503 -0.325 0.428 0.000 -0.144 -0.892 0.700 0.000 -0.704 0.118 0.991 0.000 0.129 -0.032 0.647 0.000 -0.740 0.184 0.995 0.000 0.085 -0.058 
0.713 -0.005 0.073 0.697 0.830 -0.000 -0.486 -0.274 0.387 0.000 -0.328 -0.862 0.801 0.000 -0.503 -0.324 0.428 0.000 -0.142 -0.893 0.701 -0.000 -0.703 0.117 0.991 0.000 0.128 -0.032 0.646 -0.000 -0.740 0.185 0.995 0.000 0.084 -0.058 
0.713 -0.005 0.073 0.697 0.830 -0.000 -0.485 -0.274 0.386 0.000 -0.323 -0.864 0.801 -0.000 -0.503 -0.323 0.429 0.000 -0.139 -0.893 0.702 0.000 -0.703 0.117 0.991 0.000 0.128 -0.032 0.646 0.000 -0.740 0.185 0.995 0.000 0.084 -0.058 
0.713 -0.006 0.072 0.697 0.831 0.000 -0.484 -0.275 0.387 0.000 -0.321 -0.865 0.802 0.000 -0.503 -0.322 0.429 0.000 -0.138 -0.893 0.701 0.000 -0.704 0.118 0.991 0.000 0.128 -0.032 0.647 0.000 -0.740 0.185 0.995 0.000 0.084 -0.058 
0.713 -0.006 0.072 0.697 0.831 0.000 -0.483 -0.275 0.387 0.000 -0.321 -0.865 0.802 0.000 -0.503 -0.321 0.429 0.000 -0.136 -0.893 0.701 0.000 -0.704 0.118 0.991 0.000 0.128 -0.032 0.646 0.000 -0.740 0.184 0.995 0.000 0.085 -0.058 
0.714 -0.006 0.072 0.697 0.831 -0.000 -0.482 -0.276 0.386 0.000 -0.315 -0.867 0.802 0.000 -0.504 -0.320 0.429 0.000 -0.136 -0.893 0.701 0.000 -0.704 0.117 0.991 -0.000 0.129 -0.032 0.647 -0.000 -0.740 0.185 0.995 0.000 0.084 -0.058 
0.714 -0.006 0.073 0.697 0.832 0.000 -0.481 -0.277 0.386 -0.000 -0.313 -0.868 0.802 0.000 -0.505 -0.320 0.429 0.000 -0.135 -0.893 0.701 0.000 -0.704 0.118 0.991 0.000 0.128 -0.032 0.646 0.000 -0.740 0.185 0.995 0.000 0.085 -0.058 
0.714 -0.006 0.072 0.697 0.832 0.000 -0.480 -0.277 0.386 -0.000 -0.311 -0.868 0.803 0.000 -0.504 -0.318 0.428 0.000 -0.132 -0.894 0.701 0.000 -0.704 0.117 0.991 0.000 0.128 -0.032 0.646 0.000 -0.741 0.185 0.995 0.000 0.085 -0.058 
0.714 -0.006 0.072 0.697 0.832 0.000 -0.480 -0.277 0.385 0.000 -0.309 -0.870 0.803 0.000 -0.505 -0.318 0.427 0.000 -0.131 -0.895 0.701 0.000 -0.704 0.117 0.991 0.000 0.128 -0.032 0.647 0.000 -0.740 0.184 0.995 0.000 0.084 -0.057 
0.714 -0.006 0.072 0.696 0.833 0.000 -0.479 -0.278 0.384 0.000 -0.305 -0.871 0.803 0.000 -0.505 -0.317 0.426 0.000 -0.129 -0.895 0.701 0.000 -0.704 0.117 0.991 -0.000 0.128 -0.032 0.646 0.000 -0.741 0.184 0.995 0.000 0.085 -0.057 
0.714 -0.006 0.073 0.696 0.833 0.000 -0.478 -0.278 0.383 0.000 -0.302 -0.873 0.803 0.000 -0.505 -0.316 0.426 0.000 -0.129 -0.896 0.701 0.000 -0.704 0.117 0.991 0.000 0.128 -0.033 0.646 0.000 -0.741 0.184 0.995 0.000 0.085 -0.057 
0.714 -0.006 0.073 0.696 0.833 0.000 -0.478 -0.279 0.382 0.000 -0.298 -0.875 0.803 0.000 -0.506 -0.315 0.425 0.000 -0.128 -0.896 0.701 0.000 -0.704 0.117 0.991 0.000 0.128 -0.033 0.646 0.000 -0.741 0.184 0.995 0.000 0.085 -0.057 
0.714 -0.006 0.073 0.696 0.833 0.000 -0.477 -0.279 0.381 0.000 -0.295 -0.876 0.803 0.000 -0.506 -0.315 0.424 0.000 -0.127 -0.897 0.701 0.000 -0.703 0.117 0.991 0.000 0.128 -0.033 0.646 0.000 -0.741 0.185 0.995 0.000 0.085 -0.058 
0.714 -0.006 0.073 0.696 0.833 0.000 -0.477 -0.280 0.380 0.000 -0.292 -0.878 0.803 0.000 -0.506 -0.315 0.424 -0.000 -0.126 -0.897 0.701 0.000 -0.703 0.118 0.991 -0.000 0.128 -0.033 0.646 0.000 -0.741 0.185 0.995 0.000 0.085 -0.058 
0.714 -0.006 0.073 0.696 0.834 -0.000 -0.476 -0.280 0.378 0.000 -0.290 -0.879 0.803 0.000 -0.506 -0.314 0.423 -0.000 -0.125 -0.897 0.702 0.000 -0.703 0.118 0.991 -0.000 0.127 -0.033 0.646 -0.000 -0.741 0.185 0.995 -0.000 0.085 -0.057 
0.714 -0.006 0.073 0.696 0.834 -0.000 -0.475 -0.280 0.377 0.000 -0.288 -0.880 0.803 0.000 -0.506 -0.314 0.422 0.000 -0.125 -0.898 0.701 -0.000 -0.703 0.118 0.991 -0.000 0.128 -0.034 0.646 0.000 -0.741 0.185 0.995 0.000 0.085 -0.057 
0.715 -0.006 0.073 0.696 0.834 0.000 -0.474 -0.281 0.375 0.000 -0.287 -0.881 0.803 0.000 -0.507 -0.314 0.421 0.000 -0.124 -0.899 0.702 0.000 -0.702 0.118 0.991 0.000 0.127 -0.034 0.646 0.000 -0.741 0.185 0.995 0.000 0.084 -0.057 
0.715 -0.005 0.073 0.696 0.835 0.000 -0.474 -0.281 0.374 0.000 -0.286 -0.882 0.803 0.000 -0.507 -0.315 0.420 0.000 -0.124 -0.899 0.702 0.000 -0.702 0.118 0.991 0.000 0.127 -0.034 0.645 0.000 -0.741 0.185 0.995 0.000 0.085 -0.058 
0.714 -0.006 0.073 0.696 0.835 0.000 -0.474 -0.281 0.372 0.000 -0.286 -0.883 0.802 0.000 -0.507 -0.315 0.419 0.000 -0.124 -0.899 0.702 0.000 -0.702 0.118 0.991 -0.000 0.127 -0.035 0.646 0.000 -0.741 0.184 0.995 0.000 0.085 -0.057 
0.715 -0.005 0.073 0.696 0.835 0.000 -0.473 -0.282 0.370 -0.000 -0.284 -0.884 0.802 0.000 -0.507 -0.315 0.417 -0.000 -0.125 -0.900 0.702 0.000 -0.702 0.119 0.991 0.000 0.127 -0.036 0.645 0.000 -0.741 0.186 0.995 0.000 0.084 -0.058 
0.715 -0.005 0.073 0.695 0.835 0.000 -0.473 -0.282 0.368 0.000 -0.286 -0.885 0.802 -0.000 -0.507 -0.316 0.416 -0.000 -0.125 -0.901 0.702 0.000 -0.702 0.119 0.991 0.000 0.127 -0.036 0.645 0.000 -0.741 0.186 0.995 0.000 0.084 -0.058 
0.715 -0.005 0.073 0.695 0.835 0.000 -0.472 -0.282 0.367 0.000 -0.288 -0.885 0.802 0.000 -0.507 -0.316 0.415 -0.000 -0.126 -0.901 0.703 0.000 -0.702 0.119 0.991 0.000 0.127 -0.037 0.645 0.000 -0.741 0.186 0.995 -0.000 0.084 -0.058 
0.715 -0.005 0.073 0.695 0.835 0.000 -0.472 -0.283 0.365 0.000 -0.290 -0.885 0.802 0.000 -0.507 -0.316 0.415 -0.000 -0.127 -0.901 0.703 0.000 -0.701 0.120 0.991 0.000 0.126 -0.037 0.645 0.000 -0.741 0.186 0.995 0.000 0.084 -0.058 
0.715 -0.005 0.074 0.695 0.836 0.000 -0.471 -0.283 0.364 0.000 -0.294 -0.884 0.801 0.000 -0.508 -0.317 0.414 0.000 -0.128 -0.901 0.703 0.000 -0.701 0.120 0.991 0.000 0.126 -0.038 0.645 0.000 -0.741 0.186 0.995 -0.000 0.084 -0.059 
0.715 -0.005 0.074 0.695 0.835 0.000 -0.471 -0.283 0.362 0.000 -0.297 -0.884 0.801 0.000 -0.508 -0.317 0.413 -0.000 -0.130 -0.902 0.703 0.000 -0.701 0.121 0.991 0.000 0.126 -0.038 0.645 0.000 -0.741 0.186 0.995 0.000 0.084 -0.059 
0.715 -0.005 0.073 0.696 0.835 0.000 -0.471 -0.283 0.361 0.000 -0.300 -0.883 0.801 -0.000 -0.508 -0.317 0.412 0.000 -0.129 -0.902 0.703 0.000 -0.701 0.121 0.991 0.000 0.126 -0.039 0.645 0.000 -0.741 0.185 0.995 0.000 0.084 -0.058 
0.715 -0.005 0.074 0.695 0.836 0.000 -0.470 -0.284 0.360 0.000 -0.305 -0.882 0.801 0.000 -0.508 -0.317 0.411 0.000 -0.132 -0.902 0.703 0.000 -0.700 0.121 0.991 0.000 0.126 -0.039 0.645 0.000 -0.741 0.186 0.995 0.000 0.084 -0.059 
0.715 -0.005 0.074 0.695 0.836 0.000 -0.470 -0.284 0.359 0.000 -0.306 -0.882 0.800 -0.000 -0.510 -0.317 0.412 0.000 -0.132 -0.902 0.704 0.000 -0.700 0.122 0.991 0.000 0.125 -0.040 0.645 0.000 -0.741 0.187 0.995 -0.000 0.084 -0.059 
0.715 -0.005 0.074 0.695 0.836 -0.000 -0.470 -0.284 0.358 0.000 -0.315 -0.879 0.800 0.000 -0.510 -0.317 0.411 0.000 -0.133 -0.902 0.704 0.000 -0.700 0.122 0.991 0.000 0.125 -0.040 0.645 0.000 -0.741 0.187 0.995 0.000 0.084 -0.059 
0.715 -0.005 0.074 0.696 0.836 0.000 -0.470 -0.284 0.357 0.000 -0.318 -0.878 0.800 0.000 -0.510 -0.317 0.410 -0.000 -0.137 -0.902 0.703 0.000 -0.700 0.122 0.991 0.000 0.125 -0.040 0.645 0.000 -0.741 0.186 0.995 0.000 0.084 -0.059 
0.715 -0.005 0.074 0.695 0.836 -0.000 -0.469 -0.283 0.356 0.000 -0.321 -0.877 0.799 0.000 -0.511 -0.317 0.410 0.000 -0.138 -0.902 0.704 0.000 -0.700 0.123 0.991 0.000 0.125 -0.041 0.644 0.000 -0.741 0.187 0.995 0.000 0.084 -0.059 
0.715 -0.005 0.074 0.695 0.836 0.000 -0.469 -0.283 0.356 -0.000 -0.328 -0.875 0.799 0.000 -0.511 -0.316 0.409 0.000 -0.139 -0.902 0.704 0.000 -0.700 0.123 0.991 0.000 0.125 -0.041 0.644 -0.000 -0.741 0.187 0.995 0.000 0.084 -0.059 
0.715 -0.005 0.074 0.695 0.837 -0.000 -0.469 -0.283 0.356 0.000 -0.333 -0.873 0.799 0.000 -0.512 -0.315 0.409 0.000 -0.137 -0.902 0.704 0.000 -0.700 0.123 0.991 0.000 0.125 -0.041 0.644 0.000 -0.741 0.188 0.995 0.000 0.084 -0.059 
0.715 -0.005 0.074 0.695 0.836 0.000 -0.470 -0.283 0.357 0.000 -0.336 -0.872 0.799 0.000 -0.512 -0.314 0.409 0.000 -0.138 -0.902 0.704 0.000 -0.699 0.124 0.991 0.000 0.125 -0.041 0.644 -0.000 -0.741 0.188 0.995 0.000 0.084 -0.059 
0.715 -0.005 0.075 0.695 0.837 -0.000 -0.469 -0.282 0.357 0.000 -0.342 -0.869 0.799 0.000 -0.513 -0.313 0.409 0.000 -0.140 -0.902 0.704 0.000 -0.699 0.124 0.991 -0.000 0.125 -0.041 0.644 0.000 -0.741 0.188 0.995 0.000 0.084 -0.059 
0.715 -0.005 0.075 0.695 0.837 -0.000 -0.469 -0.282 0.358 -0.000 -0.346 -0.867 0.799 -0.000 -0.514 -0.312 0.410 0.000 -0.141 -0.901 0.704 0.000 -0.699 0.124 0.991 0.000 0.125 -0.042 0.644 -0.000 -0.741 0.188 0.995 -0.000 0.084 -0.060 
0.715 -0.005 0.075 0.696 0.837 0.000 -0.469 -0.281 0.359 0.000 -0.351 -0.865 0.800 0.000 -0.514 -0.310 0.410 0.000 -0.142 -0.901 0.704 0.000 -0.699 0.125 0.991 0.000 0.125 -0.042 0.644 0.000 -0.741 0.188 0.995 0.000 0.084 -0.059 
0.715 -0.005 0.075 0.696 0.838 0.000 -0.468 -0.280 0.359 0.000 -0.351 -0.865 0.800 -0.000 -0.515 -0.309 0.410 0.000 -0.143 -0.901 0.704 0.000 -0.699 0.125 0.991 0.000 0.124 -0.042 0.644 0.000 -0.741 0.189 0.995 0.000 0.084 -0.059 
0.715 -0.005 0.075 0.696 0.839 0.000 -0.468 -0.278 0.360 0.000 -0.358 -0.861 0.800 0.000 -0.515 -0.307 0.411 0.000 -0.144 -0.900 0.704 0.000 -0.699 0.126 0.991 0.000 0.125 -0.042 0.644 0.000 -0.741 0.189 0.995 0.000 0.084 -0.059 
0.714 -0.005 0.075 0.696 0.839 0.000 -0.468 -0.277 0.362 0.000 -0.362 -0.859 0.801 0.000 -0.516 -0.304 0.411 0.000 -0.145 -0.900 0.704 0.000 -0.699 0.126 0.991 0.000 0.124 -0.042 0.644 0.000 -0.741 0.189 0.995 0.000 0.084 -0.059 
0.714 -0.006 0.075 0.696 0.840 0.000 -0.467 -0.275 0.363 0.000 -0.366 -0.857 0.801 0.000 -0.517 -0.303 0.413 0.000 -0.146 -0.899 0.704 0.000 -0.699 0.127 0.991 0.000 0.124 -0.043 0.644 0.000 -0.741 0.190 0.995 0.000 0.084 -0.059 
0.714 -0.006 0.075 0.696 0.841 0.000 -0.467 -0.274 0.365 0.000 -0.369 -0.855 0.801 -0.000 -0.518 -0.301 0.413 0.000 -0.147 -0.899 0.704 -0.000 -0.699 0.127 0.991 -0.000 0.124 -0.043 0.644 0.000 -0.741 0.190 0.995 0.000 0.084 -0.059 
0.714 -0.006 0.075 0.696 0.842 0.000 -0.467 -0.271 0.367 0.000 -0.373 -0.852 0.802 0.000 -0.518 -0.297 0.414 0.000 -0.148 -0.898 0.704 0.000 -0.699 0.127 0.991 0.000 0.124 -0.043 0.644 0.000 -0.741 0.190 0.995 -0.000 0.084 -0.059 
0.714 -0.006 0.075 0.696 0.843 0.000 -0.467 -0.268 0.369 0.000 -0.379 -0.849 0.803 0.000 -0.518 -0.295 0.415 -0.000 -0.150 -0.898 0.704 0.000 -0.699 0.127 0.991 0.000 0.124 -0.043 0.644 0.000 -0.741 0.190 0.995 -0.000 0.084 -0.059 
0.714 -0.006 0.075 0.696 0.844 0.000 -0.467 -0.265 0.372 0.000 -0.382 -0.846 0.804 0.000 -0.518 -0.292 0.415 0.000 -0.151 -0.897 0.704 -0.000 -0.699 0.127 0.991 0.000 0.124 -0.043 0.644 0.000 -0.741 0.190 0.995 -0.000 0.084 -0.059 
0.714 -0.006 0.075 0.696 0.845 0.000 -0.466 -0.262 0.374 0.000 -0.384 -0.844 0.804 -0.000 -0.519 -0.289 0.418 0.000 -0.153 -0.896 0.704 0.000 -0.699 0.128 0.991 0.000 0.124 -0.043 0.644 0.000 -0.741 0.190 0.995 0.000 0.084 -0.059 
0.714 -0.006 0.075 0.696 0.846 0.000 -0.466 -0.258 0.377 -0.000 -0.388 -0.841 0.805 0.000 -0.520 -0.286 0.419 0.000 -0.154 -0.895 0.704 0.000 -0.699 0.128 0.991 0.000 0.124 -0.043 0.645 0.000 -0.740 0.191 0.995 0.000 0.083 -0.060 
0.714 -0.006 0.075 0.696 0.847 0.000 -0.466 -0.255 0.381 0.000 -0.392 -0.837 0.806 0.000 -0.521 -0.283 0.421 0.000 -0.156 -0.894 0.704 0.000 -0.699 0.128 0.991 0.000 0.124 -0.043 0.644 0.000 -0.741 0.190 0.995 -0.000 0.084 -0.059 
0.714 -0.006 0.075 0.696 0.849 0.000 -0.466 -0.251 0.384 -0.000 -0.396 -0.834 0.807 0.000 -0.520 -0.279 0.422 0.000 -0.158 -0.893 0.704 0.000 -0.699 0.128 0.991 0.000 0.124 -0.043 0.644 0.000 -0.741 0.190 0.995 -0.000 0.084 -0.059 
0.714 -0.006 0.075 0.696 0.850 0.000 -0.466 -0.246 0.389 0.000 -0.402 -0.829 0.808 0.000 -0.521 -0.276 0.425 0.000 -0.160 -0.891 0.704 -0.000 -0.699 0.128 0.991 0.000 0.124 -0.044 0.644 0.000 -0.741 0.191 0.995 0.000 0.084 -0.059 
0.714 -0.006 0.076 0.696 0.851 0.000 -0.466 -0.241 0.393 0.000 -0.406 -0.825 0.809 0.000 -0.521 -0.272 0.428 0.000 -0.163 -0.889 0.704 0.000 -0.699 0.129 0.991 -0.000 0.124 -0.044 0.645 0.000 -0.740 0.191 0.995 0.000 0.083 -0.060 
0.714 -0.006 0.076 0.696 0.853 0.000 -0.466 -0.237 0.398 0.000 -0.410 -0.821 0.810 -0.000 -0.522 -0.268 0.433 -0.000 -0.164 -0.886 0.704 0.000 -0.699 0.129 0.991 0.000 0.124 -0.044 0.645 -0.000 -0.740 0.191 0.995 -0.000 0.084 -0.059 
0.714 -0.007 0.075 0.696 0.854 -0.000 -0.466 -0.231 0.403 0.000 -0.414 -0.816 0.811 0.000 -0.522 -0.264 0.437 0.000 -0.167 -0.884 0.703 -0.000 -0.699 0.129 0.991 0.000 0.124 -0.044 0.645 0.000 -0.740 0.191 0.995 0.000 0.084 -0.059 
0.714 -0.007 0.076 0.696 0.855 0.000 -0.466 -0.227 0.409 -0.000 -0.420 -0.810 0.812 -0.000 -0.522 -0.259 0.441 0.000 -0.170 -0.881 0.704 0.000 -0.699 0.130 0.991 0.000 0.124 -0.044 0.645 0.000 -0.740 0.192 0.995 0.000 0.084 -0.059 
0.714 -0.007 0.076 0.696 0.857 0.000 -0.465 -0.222 0.415 0.000 -0.423 -0.805 0.814 0.000 -0.522 -0.255 0.445 0.000 -0.173 -0.879 0.703 0.000 -0.699 0.131 0.991 0.000 0.124 -0.044 0.645 0.000 -0.740 0.193 0.995 0.000 0.084 -0.059 
0.714 -0.007 0.077 0.696 0.858 -0.000 -0.466 -0.217 0.421 0.000 -0.425 -0.801 0.815 0.000 -0.522 -0.250 0.449 0.000 -0.175 -0.876 0.703 0.000 -0.699 0.131 0.991 0.000 0.124 -0.044 0.645 -0.000 -0.740 0.193 0.995 0.000 0.084 -0.060 
0.714 -0.008 0.077 0.696 0.860 0.000 -0.465 -0.211 0.427 0.000 -0.428 -0.797 0.819 0.000 -0.518 -0.247 0.454 -0.000 -0.170 -0.875 0.703 0.000 -0.699 0.133 0.991 0.000 0.123 -0.045 0.645 -0.000 -0.739 0.194 0.995 -0.000 0.084 -0.059 
0.714 -0.009 0.078 0.696 0.861 0.000 -0.465 -0.206 0.433 0.000 -0.431 -0.791 0.820 0.000 -0.519 -0.242 0.459 0.000 -0.174 -0.871 0.703 0.000 -0.698 0.134 0.991 0.000 0.123 -0.045 0.645 0.000 -0.739 0.196 0.995 0.000 0.083 -0.060 
0.714 -0.009 0.078 0.696 0.862 0.000 -0.465 -0.201 0.440 0.000 -0.433 -0.787 0.821 0.000 -0.519 -0.237 0.465 0.000 -0.178 -0.867 0.703 0.000 -0.698 0.135 0.991 0.000 0.123 -0.045 0.645 0.000 -0.739 0.197 0.995 -0.000 0.083 -0.060 
0.714 -0.009 0.078 0.696 0.863 0.000 -0.465 -0.196 0.447 0.000 -0.434 -0.783 0.822 0.000 -0.519 -0.233 0.470 0.000 -0.180 -0.864 0.703 0.000 -0.698 0.136 0.991 0.000 0.123 -0.045 0.645 0.000 -0.738 0.197 0.995 -0.000 0.083 -0.060 
0.714 -0.010 0.079 0.696 0.864 0.000 -0.465 -0.192 0.453 0.000 -0.435 -0.778 0.824 -0.000 -0.519 -0.229 0.476 -0.000 -0.184 -0.860 0.703 0.000 -0.698 0.137 0.991 -0.000 0.123 -0.046 0.645 0.000 -0.738 0.199 0.995 0.000 0.083 -0.061 
0.714 -0.010 0.079 0.696 0.865 -0.000 -0.465 -0.186 0.460 0.000 -0.436 -0.774 0.825 0.000 -0.519 -0.225 0.482 0.000 -0.188 -0.856 0.703 0.000 -0.697 0.137 0.991 0.000 0.123 -0.046 0.645 0.000 -0.738 0.199 0.995 0.000 0.083 -0.060 
0.713 -0.011 0.079 0.696 0.866 0.000 -0.466 -0.181 0.466 -0.000 -0.436 -0.770 0.826 0.000 -0.519 -0.220 0.487 0.000 -0.193 -0.852 0.702 0.000 -0.698 0.139 0.991 0.000 0.124 -0.046 0.645 0.000 -0.737 0.200 0.995 0.000 0.083 -0.060 
0.713 -0.011 0.079 0.696 0.868 0.000 -0.465 -0.177 0.473 0.000 -0.437 -0.766 0.827 0.000 -0.519 -0.216 0.493 0.000 -0.197 -0.847 0.703 0.000 -0.698 0.139 0.991 0.000 0.123 -0.046 0.645 0.000 -0.738 0.199 0.995 0.000 0.083 -0.060 
0.713 -0.011 0.080 0.696 0.869 0.000 -0.465 -0.172 0.479 0.000 -0.440 -0.760 0.828 0.000 -0.519 -0.211 0.499 0.000 -0.202 -0.843 0.703 0.000 -0.697 0.140 0.991 0.000 0.123 -0.046 0.645 0.000 -0.737 0.201 0.995 0.000 0.083 -0.061 
0.713 -0.011 0.080 0.696 0.870 0.000 -0.465 -0.167 0.485 0.000 -0.441 -0.755 0.829 0.000 -0.519 -0.207 0.504 0.000 -0.206 -0.838 0.703 -0.000 -0.697 0.140 0.991 -0.000 0.123 -0.046 0.645 0.000 -0.737 0.201 0.995 0.000 0.083 -0.061 
0.713 -0.012 0.080 0.697 0.870 0.000 -0.465 -0.163 0.491 0.000 -0.441 -0.751 0.830 -0.000 -0.519 -0.203 0.510 0.000 -0.212 -0.833 0.703 0.000 -0.698 0.140 0.991 -0.000 0.123 -0.046 0.645 0.000 -0.737 0.200 0.995 -0.000 0.083 -0.060 
0.713 -0.012 0.081 0.697 0.871 0.000 -0.464 -0.158 0.498 -0.000 -0.443 -0.746 0.831 0.000 -0.520 -0.198 0.516 0.000 -0.218 -0.828 0.703 0.000 -0.697 0.141 0.991 0.000 0.123 -0.046 0.645 -0.000 -0.737 0.202 0.995 -0.000 0.082 -0.061 
0.712 -0.012 0.081 0.697 0.873 0.000 -0.464 -0.153 0.504 0.000 -0.443 -0.742 0.832 0.000 -0.520 -0.193 0.522 0.000 -0.224 -0.823 0.703 0.000 -0.697 0.141 0.991 0.000 0.123 -0.046 0.645 0.000 -0.737 0.202 0.995 -0.000 0.083 -0.060 
0.712 -0.012 0.081 0.697 0.874 0.000 -0.463 -0.148 0.510 0.000 -0.445 -0.736 0.833 0.000 -0.520 -0.189 0.528 0.000 -0.229 -0.817 0.703 0.000 -0.697 0.141 0.991 0.000 0.123 -0.046 0.645 0.000 -0.737 0.201 0.995 0.000 0.083 -0.061 
0.712 -0.012 0.081 0.697 0.875 0.000 -0.463 -0.144 0.516 0.000 -0.446 -0.732 0.834 -0.000 -0.521 -0.184 0.534 0.000 -0.236 -0.812 0.703 0.000 -0.697 0.141 0.991 0.000 0.123 -0.046 0.645 0.000 -0.737 0.201 0.995 0.000 0.083 -0.060 
0.712 -0.012 0.081 0.698 0.876 0.000 -0.463 -0.139 0.522 0.000 -0.447 -0.726 0.835 0.000 -0.521 -0.179 0.541 0.000 -0.243 -0.805 0.703 0.000 -0.697 0.141 0.991 0.000 0.122 -0.046 0.645 0.000 -0.737 0.201 0.995 0.000 0.083 -0.060 
0.712 -0.012 0.081 0.698 0.877 0.000 -0.462 -0.135 0.528 0.000 -0.449 -0.721 0.833 0.000 -0.525 -0.175 0.548 0.000 -0.253 -0.797 0.703 0.000 -0.697 0.141 0.991 0.000 0.123 -0.046 0.645 0.000 -0.737 0.201 0.995 0.000 0.083 -0.060 
0.712 -0.012 0.081 0.698 0.877 0.000 -0.462 -0.130 0.533 0.000 -0.452 -0.715 0.835 0.000 -0.523 -0.172 0.555 0.000 -0.255 -0.792 0.703 0.000 -0.697 0.142 0.991 0.000 0.122 -0.045 0.645 0.000 -0.737 0.201 0.995 0.000 0.083 -0.060 
0.711 -0.012 0.081 0.698 0.878 -0.000 -0.461 -0.126 0.538 0.000 -0.454 -0.710 0.836 0.000 -0.522 -0.168 0.561 0.000 -0.260 -0.786 0.703 -0.000 -0.697 0.142 0.991 0.000 0.123 -0.045 0.645 0.000 -0.737 0.201 0.995 0.000 0.083 -0.060 
0.711 -0.012 0.081 0.698 0.879 0.000 -0.461 -0.122 0.543 0.000 -0.457 -0.704 0.837 -0.000 -0.522 -0.165 0.567 0.000 -0.266 -0.779 0.703 0.000 -0.697 0.142 0.991 0.000 0.123 -0.045 0.645 0.000 -0.737 0.201 0.995 0.000 0.084 -0.060 
0.711 -0.012 0.081 0.698 0.880 0.000 -0.460 -0.118 0.548 0.000 -0.461 -0.698 0.837 0.000 -0.522 -0.162 0.573 0.000 -0.272 -0.773 0.703 0.000 -0.697 0.142 0.991 0.000 0.123 -0.045 0.645 0.000 -0.737 0.201 0.995 0.000 0.083 -0.060 
0.711 -0.012 0.081 0.698 0.881 0.000 -0.460 -0.114 0.553 0.000 -0.464 -0.692 0.838 -0.000 -0.522 -0.159 0.579 0.000 -0.278 -0.767 0.703 0.000 -0.697 0.142 0.991 -0.000 0.123 -0.045 0.645 0.000 -0.737 0.201 0.995 -0.000 0.083 -0.060 
0.711 -0.012 0.081 0.699 0.881 0.000 -0.459 -0.110 0.557 0.000 -0.468 -0.686 0.839 0.000 -0.522 -0.155 0.584 0.000 -0.284 -0.761 0.703 0.000 -0.697 0.142 0.991 0.000 0.123 -0.045 0.645 0.000 -0.737 0.201 0.995 0.000 0.083 -0.060 
0.711 -0.012 0.081 0.699 0.882 0.000 -0.459 -0.106 0.562 -0.000 -0.472 -0.680 0.839 0.000 -0.522 -0.152 0.588 0.000 -0.290 -0.755 0.703 -0.000 -0.697 0.142 0.991 0.000 0.123 -0.045 0.645 0.000 -0.737 0.201 0.995 0.000 0.083 -0.061 
0.710 -0.012 0.081 0.699 0.883 -0.000 -0.458 -0.103 0.566 0.000 -0.475 -0.674 0.840 0.000 -0.522 -0.149 0.593 0.000 -0.297 -0.748 0.703 0.000 -0.697 0.141 0.991 0.000 0.123 -0.045 0.645 0.000 -0.737 0.200 0.995 0.000 0.084 -0.061 
0.710 -0.012 0.081 0.699 0.883 0.000 -0.458 -0.099 0.570 0.000 -0.480 -0.667 0.841 0.000 -0.522 -0.146 0.598 0.000 -0.303 -0.742 0.703 0.000 -0.697 0.141 0.991 0.000 0.123 -0.044 0.645 0.000 -0.737 0.200 0.995 0.000 0.083 -0.061 
0.710 -0.012 0.081 0.699 0.884 0.000 -0.457 -0.096 0.574 0.000 -0.484 -0.660 0.841 -0.000 -0.522 -0.143 0.602 0.000 -0.310 -0.736 0.703 0.000 -0.697 0.141 0.991 0.000 0.123 -0.044 0.645 0.000 -0.737 0.201 0.995 0.000 0.082 -0.061 
0.710 -0.012 0.081 0.699 0.885 0.000 -0.457 -0.093 0.578 0.000 -0.489 -0.653 0.842 -0.000 -0.521 -0.140 0.607 0.000 -0.317 -0.729 0.703 -0.000 -0.697 0.141 0.991 0.000 0.123 -0.044 0.645 -0.000 -0.737 0.201 0.995 0.000 0.083 -0.061 
0.710 -0.011 0.081 0.699 0.885 0.000 -0.456 -0.090 0.581 -0.000 -0.494 -0.646 0.842 0.000 -0.521 -0.138 0.611 0.000 -0.324 -0.722 0.703 0.000 -0.697 0.141 0.991 0.000 0.123 -0.044 0.645 0.000 -0.738 0.200 0.995 0.000 0.083 -0.061 
0.710 -0.011 0.081 0.699 0.886 0.000 -0.455 -0.088 0.584 0.000 -0.499 -0.640 0.843 0.000 -0.521 -0.135 0.615 -0.000 -0.332 -0.715 0.703 -0.000 -0.697 0.140 0.991 0.000 0.123 -0.044 0.645 -0.000 -0.738 0.200 0.995 0.000 0.083 -0.061 
0.710 -0.011 0.081 0.700 0.887 0.000 -0.454 -0.085 0.587 0.000 -0.505 -0.633 0.843 -0.000 -0.521 -0.132 0.619 0.000 -0.340 -0.708 0.703 0.000 -0.697 0.140 0.991 0.000 0.123 -0.044 0.645 0.000 -0.738 0.199 0.995 0.000 0.083 -0.061 
0.710 -0.011 0.081 0.700 0.887 0.000 -0.454 -0.082 0.590 0.000 -0.511 -0.625 0.844 0.000 -0.521 -0.129 0.622 0.000 -0.348 -0.701 0.703 -0.000 -0.697 0.140 0.991 0.000 0.123 -0.044 0.645 0.000 -0.737 0.200 0.995 0.000 0.082 -0.062 
0.710 -0.011 0.081 0.700 0.888 -0.000 -0.453 -0.080 0.592 0.000 -0.517 -0.619 0.844 0.000 -0.520 -0.127 0.625 0.000 -0.356 -0.694 0.703 0.000 -0.697 0.139 0.991 0.000 0.123 -0.043 0.645 0.000 -0.737 0.199 0.995 -0.000 0.082 -0.062 
0.710 -0.011 0.080 0.700 0.889 0.000 -0.452 -0.077 0.594 0.000 -0.523 -0.611 0.845 -0.000 -0.520 -0.124 0.628 0.000 -0.363 -0.688 0.703 0.000 -0.697 0.139 0.991 0.000 0.123 -0.043 0.646 0.000 -0.737 0.199 0.995 0.000 0.082 -0.062 
0.710 -0.010 0.080 0.700 0.889 0.000 -0.452 -0.075 0.596 -0.000 -0.528 -0.605 0.845 -0.000 -0.520 -0.122 0.631 0.000 -0.371 -0.682 0.703 -0.000 -0.698 0.138 0.991 0.000 0.123 -0.043 0.645 0.000 -0.738 0.198 0.995 0.000 0.083 -0.062 
0.710 -0.010 0.080 0.700 0.890 0.000 -0.451 -0.073 0.598 -0.000 -0.534 -0.597 0.846 -0.000 -0.520 -0.120 0.634 0.000 -0.378 -0.675 0.703 0.000 -0.698 0.137 0.991 0.000 0.124 -0.043 0.646 0.000 -0.738 0.198 0.995 0.000 0.082 -0.062 
0.710 -0.010 0.080 0.700 0.890 0.000 -0.450 -0.071 0.600 -0.000 -0.539 -0.591 0.846 0.000 -0.520 -0.118 0.636 0.000 -0.386 -0.668 0.703 -0.000 -0.698 0.137 0.991 0.000 0.124 -0.042 0.646 0.000 -0.738 0.198 0.995 0.000 0.082 -0.062 
0.710 -0.010 0.079 0.700 0.891 0.000 -0.450 -0.069 0.602 -0.000 -0.545 -0.583 0.846 -0.000 -0.520 -0.116 0.639 0.000 -0.393 -0.662 0.703 0.000 -0.698 0.137 0.991 0.000 0.123 -0.043 0.646 0.000 -0.738 0.197 0.995 0.000 0.082 -0.062 
0.710 -0.009 0.079 0.700 0.891 0.000 -0.449 -0.067 0.603 0.000 -0.550 -0.577 0.845 -0.000 -0.522 -0.114 0.641 0.000 -0.401 -0.654 0.703 -0.000 -0.698 0.136 0.991 0.000 0.124 -0.042 0.646 0.000 -0.738 0.196 0.995 0.000 0.082 -0.062 
0.709 -0.009 0.078 0.700 0.891 0.000 -0.449 -0.065 0.605 0.000 -0.555 -0.572 0.846 0.000 -0.521 -0.114 0.643 0.000 -0.409 -0.647 0.703 0.000 -0.698 0.135 0.991 0.000 0.124 -0.042 0.646 0.000 -0.738 0.195 0.995 -0.000 0.082 -0.062 
0.710 -0.009 0.078 0.700 0.892 0.000 -0.448 -0.063 0.606 -0.000 -0.560 -0.565 0.846 0.000 -0.521 -0.113 0.645 0.000 -0.415 -0.641 0.703 0.000 -0.698 0.135 0.991 0.000 0.124 -0.042 0.646 0.000 -0.738 0.195 0.995 0.000 0.082 -0.062 
0.710 -0.009 0.078 0.700 0.892 0.000 -0.448 -0.061 0.607 0.000 -0.564 -0.559 0.846 0.000 -0.520 -0.113 0.647 0.000 -0.422 -0.635 0.703 0.000 -0.698 0.135 0.991 0.000 0.124 -0.042 0.646 0.000 -0.738 0.195 0.995 0.000 0.083 -0.062 
0.710 -0.009 0.079 0.700 0.892 0.000 -0.448 -0.060 0.608 0.000 -0.570 -0.553 0.847 0.000 -0.520 -0.112 0.648 0.000 -0.429 -0.629 0.703 0.000 -0.698 0.135 0.991 0.000 0.124 -0.042 0.645 0.000 -0.739 0.195 0.995 0.000 0.084 -0.061 
0.710 -0.009 0.078 0.700 0.892 0.000 -0.447 -0.058 0.609 0.000 -0.575 -0.547 0.847 0.000 -0.520 -0.111 0.650 -0.000 -0.436 -0.622 0.703 0.000 -0.698 0.134 0.991 0.000 0.124 -0.042 0.645 0.000 -0.739 0.194 0.995 0.000 0.084 -0.061 
0.710 -0.009 0.078 0.700 0.893 -0.000 -0.447 -0.057 0.609 0.000 -0.579 -0.542 0.847 -0.000 -0.520 -0.111 0.651 0.000 -0.442 -0.617 0.703 0.000 -0.698 0.134 0.991 0.000 0.124 -0.042 0.645 -0.000 -0.739 0.194 0.995 0.000 0.083 -0.061 
0.710 -0.009 0.078 0.700 0.893 0.000 -0.447 -0.056 0.610 -0.000 -0.583 -0.537 0.847 -0.000 -0.519 -0.111 0.652 -0.000 -0.449 -0.611 0.703 0.000 -0.698 0.134 0.991 0.000 0.124 -0.042 0.645 0.000 -0.739 0.194 0.995 0.000 0.084 -0.061 
0.710 -0.009 0.078 0.700 0.893 -0.000 -0.447 -0.056 0.610 0.000 -0.586 -0.533 0.848 0.000 -0.519 -0.112 0.653 0.000 -0.456 -0.605 0.703 -0.000 -0.699 0.134 0.991 0.000 0.124 -0.042 0.646 0.000 -0.739 0.193 0.995 0.000 0.084 -0.060 
0.710 -0.009 0.078 0.700 0.893 -0.000 -0.447 -0.055 0.611 -0.000 -0.590 -0.528 0.848 0.000 -0.518 -0.112 0.654 0.000 -0.462 -0.599 0.703 0.000 -0.699 0.133 0.991 0.000 0.124 -0.042 0.646 -0.000 -0.739 0.192 0.995 0.000 0.084 -0.060 
0.710 -0.009 0.078 0.700 0.893 -0.000 -0.447 -0.055 0.611 0.000 -0.594 -0.524 0.848 -0.000 -0.518 -0.113 0.654 0.000 -0.468 -0.594 0.703 0.000 -0.699 0.133 0.991 0.000 0.124 -0.042 0.646 0.000 -0.739 0.192 0.995 0.000 0.084 -0.060 
0.710 -0.008 0.078 0.700 0.893 0.000 -0.447 -0.055 0.611 -0.000 -0.597 -0.519 0.848 0.000 -0.518 -0.113 0.655 0.000 -0.474 -0.588 0.703 0.000 -0.699 0.133 0.991 0.000 0.124 -0.042 0.646 0.000 -0.739 0.193 0.995 0.000 0.083 -0.061 
0.710 -0.008 0.078 0.700 0.892 0.000 -0.448 -0.055 0.612 -0.000 -0.600 -0.516 0.848 0.000 -0.518 -0.113 0.656 0.000 -0.480 -0.583 0.703 -0.000 -0.699 0.133 0.991 0.000 0.124 -0.041 0.645 0.000 -0.739 0.192 0.995 0.000 0.084 -0.061 
0.710 -0.008 0.078 0.700 0.892 0.000 -0.448 -0.055 0.612 -0.000 -0.601 -0.515 0.847 0.000 -0.519 -0.113 0.656 -0.000 -0.486 -0.577 0.703 0.000 -0.699 0.132 0.991 0.000 0.124 -0.041 0.645 -0.000 -0.740 0.192 0.995 0.000 0.084 -0.061 
0.710 -0.008 0.078 0.700 0.892 0.000 -0.449 -0.055 0.612 0.000 -0.603 -0.512 0.847 0.000 -0.519 -0.113 0.657 0.000 -0.491 -0.572 0.703 0.000 -0.699 0.132 0.991 0.000 0.124 -0.041 0.645 0.000 -0.739 0.192 0.995 0.000 0.084 -0.060 
0.710 -0.008 0.078 0.700 0.892 0.000 -0.450 -0.055 0.612 0.000 -0.605 -0.509 0.847 0.000 -0.519 -0.114 0.657 0.000 -0.496 -0.567 0.703 0.000 -0.699 0.132 0.991 0.000 0.124 -0.041 0.645 0.000 -0.739 0.192 0.995 0.000 0.084 -0.060 
0.710 -0.008 0.077 0.700 0.891 0.000 -0.451 -0.055 0.612 0.000 -0.606 -0.508 0.847 -0.000 -0.520 -0.114 0.658 0.000 -0.501 -0.562 0.703 0.000 -0.699 0.131 0.991 0.000 0.124 -0.041 0.645 0.000 -0.740 0.191 0.995 0.000 0.084 -0.060 
0.710 -0.008 0.077 0.700 0.891 0.000 -0.452 -0.055 0.613 -0.000 -0.607 -0.506 0.846 0.000 -0.520 -0.114 0.658 0.000 -0.505 -0.558 0.703 0.000 -0.699 0.131 0.991 0.000 0.124 -0.041 0.645 0.000 -0.740 0.191 0.995 0.000 0.084 -0.060 
0.710 -0.008 0.077 0.700 0.890 0.000 -0.453 -0.055 0.614 0.000 -0.609 -0.502 0.846 0.000 -0.521 -0.114 0.659 0.000 -0.509 -0.554 0.703 0.000 -0.699 0.131 0.991 0.000 0.124 -0.041 0.645 0.000 -0.740 0.191 0.995 0.000 0.084 -0.060 
0.710 -0.008 0.077 0.700 0.889 -0.000 -0.454 -0.055 0.614 0.000 -0.610 -0.501 0.845 0.000 -0.522 -0.115 0.659 0.000 -0.512 -0.551 0.703 0.000 -0.700 0.130 0.991 -0.000 0.124 -0.040 0.645 -0.000 -0.740 0.190 0.995 0.000 0.084 -0.060 
0.710 -0.008 0.077 0.700 0.889 0.000 -0.455 -0.055 0.615 0.000 -0.610 -0.500 0.845 0.000 -0.523 -0.114 0.660 0.000 -0.515 -0.547 0.703 0.000 -0.700 0.130 0.991 0.000 0.124 -0.040 0.646 0.000 -0.739 0.191 0.995 0.000 0.083 -0.061 
0.710 -0.007 0.077 0.700 0.888 -0.000 -0.457 -0.055 0.616 0.000 -0.609 -0.500 0.844 0.000 -0.524 -0.114 0.660 0.000 -0.518 -0.544 0.703 0.000 -0.700 0.129 0.991 0.000 0.125 -0.040 0.645 0.000 -0.740 0.189 0.995 0.000 0.084 -0.060 
0.710 -0.007 0.076 0.700 0.887 0.000 -0.458 -0.054 0.615 0.000 -0.610 -0.500 0.843 0.000 -0.525 -0.114 0.661 0.000 -0.519 -0.542 0.702 -0.000 -0.700 0.129 0.991 0.000 0.125 -0.040 0.645 0.000 -0.740 0.189 0.995 0.000 0.085 -0.060 
0.710 -0.007 0.076 0.700 0.886 0.000 -0.460 -0.053 0.615 0.000 -0.609 -0.500 0.843 0.000 -0.526 -0.114 0.661 0.000 -0.521 -0.540 0.702 0.000 -0.700 0.129 0.991 0.000 0.125 -0.040 0.645 0.000 -0.740 0.189 0.995 0.000 0.085 -0.060 
0.710 -0.007 0.076 0.700 0.886 -0.000 -0.461 -0.053 0.615 0.000 -0.609 -0.500 0.842 0.000 -0.528 -0.114 0.662 -0.000 -0.521 -0.539 0.702 0.000 -0.700 0.128 0.991 0.000 0.125 -0.039 0.646 0.000 -0.740 0.188 0.995 0.000 0.085 -0.060 
0.710 -0.007 0.076 0.700 0.884 0.000 -0.464 -0.052 0.616 0.000 -0.608 -0.501 0.841 0.000 -0.529 -0.114 0.662 0.000 -0.523 -0.537 0.702 0.000 -0.700 0.128 0.991 0.000 0.125 -0.039 0.646 0.000 -0.740 0.189 0.995 0.000 0.084 -0.060 
0.710 -0.007 0.076 0.700 0.884 -0.000 -0.465 -0.051 0.615 0.000 -0.608 -0.502 0.840 0.000 -0.531 -0.114 0.663 -0.000 -0.523 -0.535 0.702 0.000 -0.700 0.128 0.991 0.000 0.125 -0.039 0.646 0.000 -0.740 0.188 0.995 0.000 0.085 -0.060 
0.710 -0.007 0.076 0.700 0.883 0.000 -0.467 -0.050 0.615 0.000 -0.607 -0.504 0.839 0.000 -0.532 -0.113 0.664 -0.000 -0.524 -0.534 0.702 -0.000 -0.700 0.128 0.991 0.000 0.125 -0.039 0.646 0.000 -0.740 0.188 0.995 0.000 0.084 -0.060 
0.710 -0.007 0.076 0.700 0.881 0.000 -0.470 -0.050 0.615 -0.000 -0.605 -0.505 0.839 -0.000 -0.533 -0.113 0.664 0.000 -0.525 -0.532 0.702 0.000 -0.701 0.128 0.991 0.000 0.125 -0.039 0.646 -0.000 -0.740 0.188 0.995 0.000 0.084 -0.060 
0.710 -0.007 0.076 0.700 0.881 0.000 -0.471 -0.049 0.614 0.000 -0.606 -0.506 0.838 0.000 -0.535 -0.113 0.665 -0.000 -0.525 -0.532 0.702 0.000 -0.700 0.128 0.991 0.000 0.125 -0.039 0.646 0.000 -0.740 0.188 0.995 -0.000 0.085 -0.059 
0.710 -0.007 0.076 0.700 0.880 0.000 -0.473 -0.048 0.614 0.000 -0.605 -0.507 0.837 -0.000 -0.536 -0.113 0.665 -0.000 -0.525 -0.531 0.702 0.000 -0.700 0.128 0.991 0.000 0.125 -0.039 0.646 0.000 -0.740 0.189 0.995 0.000 0.084 -0.060 
0.710 -0.007 0.076 0.700 0.879 0.000 -0.474 -0.047 0.614 0.000 -0.605 -0.508 0.836 0.000 -0.537 -0.113 0.666 -0.000 -0.525 -0.530 0.702 -0.000 -0.700 0.128 0.991 -0.000 0.125 -0.039 0.646 0.000 -0.740 0.188 0.995 0.000 0.085 -0.059 
0.710 -0.007 0.076 0.700 0.878 0.000 -0.476 -0.046 0.613 -0.000 -0.605 -0.508 0.835 0.000 -0.539 -0.113 0.666 -0.000 -0.525 -0.530 0.702 0.000 -0.700 0.128 0.991 0.000 0.125 -0.039 0.646 0.000 -0.740 0.188 0.995 0.000 0.085 -0.059 
0.710 -0.007 0.076 0.700 0.878 -0.000 -0.477 -0.045 0.613 -0.000 -0.604 -0.509 0.834 0.000 -0.540 -0.112 0.666 0.000 -0.524 -0.530 0.702 0.000 -0.701 0.128 0.991 -0.000 0.125 -0.039 0.646 -0.000 -0.740 0.188 0.995 0.000 0.085 -0.059 
0.710 -0.007 0.076 0.700 0.877 0.000 -0.479 -0.044 0.613 -0.000 -0.604 -0.510 0.833 0.000 -0.542 -0.112 0.666 -0.000 -0.524 -0.530 0.702 0.000 -0.701 0.128 0.991 0.000 0.125 -0.039 0.646 0.000 -0.740 0.189 0.995 0.000 0.084 -0.060 
0.710 -0.007 0.076 0.700 0.876 0.000 -0.480 -0.043 0.612 0.000 -0.604 -0.510 0.832 0.000 -0.543 -0.112 0.666 0.000 -0.523 -0.531 0.702 0.000 -0.701 0.128 0.991 0.000 0.125 -0.039 0.646 0.000 -0.740 0.188 0.995 0.000 0.085 -0.059 
0.710 -0.007 0.076 0.700 0.876 0.000 -0.481 -0.043 0.612 0.000 -0.604 -0.511 0.831 0.000 -0.544 -0.111 0.667 0.000 -0.523 -0.532 0.702 0.000 -0.701 0.128 0.991 0.000 0.125 -0.039 0.646 -0.000 -0.740 0.188 0.995 0.000 0.085 -0.059 
0.710 -0.007 0.076 0.700 0.875 0.000 -0.482 -0.042 0.612 -0.000 -0.603 -0.512 0.831 0.000 -0.546 -0.111 0.667 0.000 -0.522 -0.532 0.702 0.000 -0.701 0.128 0.991 0.000 0.125 -0.039 0.646 0.000 -0.740 0.189 0.995 0.000 0.084 -0.060 
0.710 -0.007 0.076 0.700 0.874 0.000 -0.484 -0.041 0.611 0.000 -0.603 -0.513 0.830 0.000 -0.547 -0.110 0.667 -0.000 -0.521 -0.533 0.702 0.000 -0.701 0.128 0.991 0.000 0.125 -0.039 0.646 0.000 -0.740 0.189 0.995 0.000 0.085 -0.060 
0.710 -0.007 0.076 0.700 0.874 -0.000 -0.484 -0.040 0.611 -0.000 -0.602 -0.515 0.830 0.000 -0.547 -0.110 0.667 0.000 -0.520 -0.534 0.702 0.000 -0.701 0.128 0.991 0.000 0.125 -0.039 0.646 0.000 -0.740 0.189 0.995 -0.000 0.085 -0.059 
0.710 -0.007 0.076 0.700 0.874 0.000 -0.485 -0.039 0.610 0.000 -0.601 -0.516 0.829 -0.000 -0.548 -0.110 0.667 0.000 -0.519 -0.535 0.702 0.000 -0.701 0.128 0.991 0.000 0.125 -0.039 0.646 0.000 -0.740 0.189 0.995 0.000 0.085 -0.059 
0.710 -0.007 0.076 0.700 0.873 0.000 -0.485 -0.038 0.610 0.000 -0.601 -0.517 0.828 -0.000 -0.549 -0.109 0.667 0.000 -0.518 -0.535 0.702 0.000 -0.701 0.128 0.991 0.000 0.125 -0.039 0.646 0.000 -0.740 0.189 0.995 0.000 0.085 -0.059 
0.710 -0.007 0.076 0.700 0.873 0.000 -0.486 -0.037 0.609 -0.000 -0.600 -0.519 0.828 0.000 -0.550 -0.109 0.668 0.000 -0.517 -0.536 0.702 0.000 -0.701 0.128 0.991 0.000 0.125 -0.039 0.646 0.000 -0.740 0.189 0.995 0.000 0.085 -0.060 
0.710 -0.007 0.076 0.700 0.873 0.000 -0.486 -0.037 0.609 0.000 -0.599 -0.520 0.827 -0.000 -0.551 -0.108 0.668 0.000 -0.515 -0.536 0.702 0.000 -0.701 0.128 0.991 0.000 0.125 -0.039 0.646 -0.000 -0.740 0.189 0.995 0.000 0.085 -0.059 
0.710 -0.008 0.076 0.700 0.873 0.000 -0.486 -0.036 0.609 0.000 -0.598 -0.522 0.827 0.000 -0.552 -0.108 0.669 -0.000 -0.514 -0.537 0.702 -0.000 -0.701 0.129 0.991 0.000 0.125 -0.039 0.646 -0.000 -0.740 0.189 0.995 0.000 0.085 -0.060 
0.710 -0.007 0.076 0.700 0.873 -0.000 -0.486 -0.036 0.608 0.000 -0.596 -0.524 0.827 0.000 -0.552 -0.108 0.669 0.000 -0.513 -0.538 0.702 0.000 -0.701 0.128 0.991 0.000 0.125 -0.039 0.646 0.000 -0.740 0.188 0.995 0.000 0.085 -0.060 
0.710 -0.008 0.076 0.700 0.873 0.000 -0.486 -0.037 0.608 0.000 -0.595 -0.526 0.826 0.000 -0.553 -0.108 0.670 -0.000 -0.511 -0.539 0.702 0.000 -0.701 0.128 0.991 0.000 0.125 -0.039 0.646 0.000 -0.740 0.189 0.995 0.000 0.085 -0.060 
0.711 -0.008 0.076 0.700 0.874 0.000 -0.485 -0.037 0.608 0.000 -0.593 -0.528 0.826 -0.000 -0.553 -0.107 0.670 0.000 -0.510 -0.539 0.702 0.000 -0.701 0.129 0.991 0.000 0.125 -0.040 0.646 0.000 -0.739 0.189 0.995 0.000 0.085 -0.060 
0.710 -0.008 0.075 0.700 0.874 0.000 -0.485 -0.038 0.608 0.000 -0.591 -0.531 0.826 0.000 -0.553 -0.108 0.670 0.000 -0.509 -0.540 0.701 0.000 -0.701 0.128 0.991 0.000 0.125 -0.040 0.647 0.000 -0.739 0.188 0.995 0.000 0.085 -0.059 
0.711 -0.008 0.076 0.699 0.874 0.000 -0.484 -0.039 0.608 0.000 -0.589 -0.532 0.826 0.000 -0.554 -0.107 0.671 0.000 -0.508 -0.541 0.701 0.000 -0.701 0.129 0.991 0.000 0.125 -0.040 0.646 0.000 -0.739 0.189 0.995 0.000 0.085 -0.060 
0.711 -0.008 0.076 0.699 0.875 0.000 -0.483 -0.040 0.607 0.000 -0.588 -0.534 0.826 0.000 -0.553 -0.107 0.671 0.000 -0.507 -0.541 0.701 0.000 -0.701 0.129 0.991 0.000 0.125 -0.040 0.647 0.000 -0.739 0.189 0.995 0.000 0.084 -0.060 
0.711 -0.008 0.076 0.699 0.875 0.000 -0.482 -0.041 0.607 0.000 -0.586 -0.536 0.826 0.000 -0.553 -0.107 0.671 -0.000 -0.506 -0.542 0.701 0.000 -0.701 0.129 0.991 0.000 0.124 -0.040 0.646 -0.000 -0.739 0.190 0.995 0.000 0.085 -0.060 
0.711 -0.008 0.076 0.699 0.876 -0.000 -0.481 -0.043 0.607 0.000 -0.585 -0.538 0.826 0.000 -0.553 -0.107 0.671 0.000 -0.506 -0.542 0.701 -0.000 -0.701 0.129 0.991 0.000 0.125 -0.040 0.647 0.000 -0.739 0.190 0.995 0.000 0.085 -0.060 
0.711 -0.008 0.076 0.699 0.876 0.000 -0.480 -0.044 0.607 0.000 -0.582 -0.540 0.827 -0.000 -0.553 -0.107 0.672 -0.000 -0.505 -0.542 0.701 -0.000 -0.701 0.129 0.991 0.000 0.125 -0.040 0.647 0.000 -0.739 0.190 0.995 0.000 0.084 -0.060 
0.712 -0.008 0.076 0.699 0.877 0.000 -0.479 -0.045 0.607 0.000 -0.580 -0.543 0.827 0.000 -0.552 -0.107 0.672 0.000 -0.503 -0.543 0.701 0.000 -0.701 0.129 0.991 0.000 0.124 -0.041 0.647 0.000 -0.739 0.190 0.995 0.000 0.084 -0.060 
0.712 -0.008 0.076 0.698 0.877 -0.000 -0.478 -0.047 0.607 -0.000 -0.579 -0.544 0.827 -0.000 -0.552 -0.108 0.672 0.000 -0.502 -0.544 0.701 0.000 -0.701 0.129 0.991 -0.000 0.124 -0.041 0.647 0.000 -0.739 0.190 0.995 0.000 0.084 -0.060 
0.712 -0.008 0.076 0.698 0.878 0.000 -0.477 -0.049 0.608 0.000 -0.577 -0.546 0.827 0.000 -0.551 -0.108 0.673 0.000 -0.501 -0.544 0.701 0.000 -0.701 0.129 0.991 0.000 0.124 -0.041 0.647 0.000 -0.739 0.190 0.995 0.000 0.084 -0.060 
0.712 -0.008 0.076 0.698 0.878 -0.000 -0.475 -0.051 0.608 0.000 -0.576 -0.546 0.827 0.000 -0.551 -0.108 0.673 0.000 -0.501 -0.545 0.701 0.000 -0.701 0.128 0.991 0.000 0.124 -0.041 0.647 0.000 -0.739 0.190 0.995 0.000 0.085 -0.060 
0.712 -0.008 0.076 0.698 0.879 -0.000 -0.474 -0.053 0.609 0.000 -0.575 -0.547 0.828 0.000 -0.551 -0.109 0.674 0.000 -0.500 -0.545 0.701 0.000 -0.701 0.128 0.991 0.000 0.124 -0.041 0.647 0.000 -0.739 0.190 0.995 0.000 0.084 -0.060 
0.713 -0.008 0.076 0.698 0.880 0.000 -0.473 -0.055 0.610 0.000 -0.573 -0.547 0.828 -0.000 -0.550 -0.109 0.674 -0.000 -0.499 -0.545 0.701 0.000 -0.701 0.128 0.991 -0.000 0.124 -0.041 0.647 0.000 -0.739 0.190 0.995 0.000 0.085 -0.060 
0.713 -0.008 0.076 0.697 0.880 0.000 -0.471 -0.057 0.611 -0.000 -0.572 -0.548 0.828 0.000 -0.550 -0.109 0.675 0.000 -0.498 -0.545 0.701 0.000 -0.701 0.128 0.991 0.000 0.124 -0.041 0.647 0.000 -0.739 0.190 0.995 0.000 0.084 -0.060 
0.713 -0.008 0.076 0.697 0.881 0.000 -0.470 -0.059 0.612 0.000 -0.571 -0.548 0.828 -0.000 -0.549 -0.110 0.675 0.000 -0.497 -0.545 0.701 0.000 -0.701 0.128 0.991 0.000 0.124 -0.041 0.646 0.000 -0.739 0.190 0.995 0.000 0.085 -0.060 
0.713 -0.008 0.075 0.697 0.881 0.000 -0.469 -0.061 0.612 0.000 -0.571 -0.547 0.829 0.000 -0.549 -0.110 0.676 0.000 -0.496 -0.545 0.701 0.000 -0.701 0.128 0.991 0.000 0.124 -0.041 0.647 0.000 -0.739 0.190 0.995 0.000 0.085 -0.060 
0.713 -0.008 0.075 0.697 0.882 0.000 -0.468 -0.063 0.613 0.000 -0.570 -0.547 0.829 0.000 -0.548 -0.111 0.676 0.000 -0.495 -0.545 0.701 0.000 -0.701 0.127 0.991 0.000 0.124 -0.041 0.647 -0.000 -0.739 0.190 0.995 0.000 0.084 -0.060 
0.713 -0.008 0.075 0.697 0.882 0.000 -0.467 -0.064 0.614 0.000 -0.569 -0.547 0.829 0.000 -0.548 -0.111 0.677 0.000 -0.494 -0.545 0.701 0.000 -0.701 0.127 0.991 0.000 0.124 -0.041 0.646 0.000 -0.739 0.190 0.995 0.000 0.085 -0.060 
0.714 -0.008 0.075 0.696 0.882 0.000 -0.466 -0.066 0.615 0.000 -0.569 -0.547 0.829 0.000 -0.548 -0.112 0.678 0.000 -0.494 -0.545 0.701 0.000 -0.701 0.127 0.991 0.000 0.124 -0.041 0.646 0.000 -0.739 0.190 0.995 0.000 0.084 -0.060 
0.714 -0.008 0.075 0.696 0.883 0.000 -0.465 -0.068 0.615 0.000 -0.568 -0.546 0.829 0.000 -0.548 -0.112 0.679 0.000 -0.493 -0.544 0.701 -0.000 -0.701 0.127 0.991 0.000 0.124 -0.041 0.646 0.000 -0.739 0.190 0.995 0.000 0.084 -0.060 
0.714 -0.008 0.075 0.696 0.883 0.000 -0.464 -0.070 0.616 0.000 -0.568 -0.546 0.829 0.000 -0.547 -0.113 0.680 0.000 -0.492 -0.544 0.701 0.000 -0.701 0.127 0.991 0.000 0.124 -0.041 0.646 0.000 -0.739 0.190 0.995 0.000 0.084 -0.060 
0.714 -0.008 0.075 0.696 0.883 0.000 -0.464 -0.071 0.617 0.000 -0.568 -0.545 0.829 -0.000 -0.547 -0.113 0.680 0.000 -0.492 -0.543 0.702 0.000 -0.701 0.126 0.991 0.000 0.124 -0.041 0.647 0.000 -0.739 0.190 0.995 0.000 0.084 -0.060 
0.714 -0.008 0.075 0.696 0.883 -0.000 -0.463 -0.072 0.618 0.000 -0.568 -0.544 0.829 0.000 -0.547 -0.113 0.681 0.000 -0.491 -0.543 0.701 -0.000 -0.701 0.126 0.991 0.000 0.124 -0.041 0.646 0.000 -0.739 0.190 0.995 0.000 0.084 -0.060 
0.714 -0.007 0.075 0.696 0.884 0.000 -0.463 -0.073 0.619 -0.000 -0.567 -0.543 0.829 0.000 -0.547 -0.113 0.682 0.000 -0.490 -0.542 0.702 0.000 -0.701 0.126 0.991 0.000 0.124 -0.041 0.646 0.000 -0.739 0.189 0.995 0.000 0.084 -0.060 
0.715 -0.007 0.075 0.696 0.884 0.000 -0.462 -0.074 0.620 -0.000 -0.567 -0.542 0.829 0.000 -0.547 -0.114 0.683 -0.000 -0.490 -0.542 0.702 0.000 -0.702 0.125 0.991 0.000 0.124 -0.041 0.646 0.000 -0.739 0.189 0.995 0.000 0.084 -0.060 
0.715 -0.007 0.075 0.695 0.884 0.000 -0.462 -0.075 0.621 0.000 -0.566 -0.541 0.829 0.000 -0.547 -0.114 0.684 0.000 -0.489 -0.541 0.702 0.000 -0.702 0.125 0.991 0.000 0.124 -0.041 0.647 0.000 -0.739 0.189 0.995 0.000 0.083 -0.061 
0.715 -0.007 0.074 0.695 0.884 -0.000 -0.462 -0.075 0.622 0.000 -0.566 -0.541 0.829 0.000 -0.547 -0.114 0.686 0.000 -0.488 -0.540 0.702 0.000 -0.702 0.125 0.991 0.000 0.124 -0.041 0.647 0.000 -0.739 0.189 0.995 0.000 0.083 -0.061 
0.715 -0.007 0.074 0.695 0.884 0.000 -0.462 -0.076 0.622 0.000 -0.566 -0.541 0.829 0.000 -0.547 -0.115 0.687 0.000 -0.488 -0.539 0.702 0.000 -0.702 0.124 0.991 0.000 0.125 -0.041 0.646 0.000 -0.739 0.188 0.995 -0.000 0.084 -0.060 
0.715 -0.007 0.074 0.695 0.884 0.000 -0.462 -0.076 0.623 0.000 -0.565 -0.540 0.829 0.000 -0.547 -0.115 0.688 0.000 -0.487 -0.538 0.702 0.000 -0.702 0.124 0.991 0.000 0.125 -0.041 0.646 0.000 -0.740 0.188 0.995 0.000 0.084 -0.060 
0.715 -0.006 0.074 0.695 0.884 0.000 -0.462 -0.077 0.624 0.000 -0.565 -0.540 0.829 0.000 -0.548 -0.115 0.689 0.000 -0.486 -0.537 0.702 0.000 -0.702 0.123 0.991 0.000 0.125 -0.041 0.647 0.000 -0.739 0.188 0.995 0.000 0.083 -0.060 
0.715 -0.006 0.074 0.695 0.884 0.000 -0.462 -0.078 0.625 0.000 -0.564 -0.540 0.828 0.000 -0.548 -0.115 0.690 0.000 -0.486 -0.536 0.702 0.000 -0.702 0.123 0.991 0.000 0.125 -0.041 0.646 0.000 -0.740 0.187 0.995 -0.000 0.084 -0.060 
0.715 -0.006 0.074 0.695 0.884 0.000 -0.462 -0.079 0.626 0.000 -0.563 -0.540 0.828 0.000 -0.548 -0.115 0.692 -0.000 -0.485 -0.535 0.702 0.000 -0.702 0.123 0.991 0.000 0.125 -0.041 0.647 0.000 -0.739 0.188 0.995 0.000 0.083 -0.060 
0.715 -0.006 0.074 0.695 0.884 0.000 -0.462 -0.079 0.627 -0.000 -0.562 -0.540 0.828 -0.000 -0.549 -0.115 0.693 -0.000 -0.485 -0.533 0.702 0.000 -0.702 0.123 0.991 0.000 0.125 -0.041 0.647 0.000 -0.739 0.188 0.995 0.000 0.083 -0.061 
0.715 -0.006 0.074 0.695 0.883 0.000 -0.462 -0.079 0.628 0.000 -0.560 -0.540 0.828 -0.000 -0.549 -0.115 0.695 0.000 -0.484 -0.532 0.702 0.000 -0.702 0.123 0.991 0.000 0.124 -0.041 0.647 0.000 -0.739 0.188 0.995 0.000 0.082 -0.062 
0.715 -0.006 0.073 0.695 0.883 0.000 -0.462 -0.079 0.628 0.000 -0.560 -0.541 0.827 -0.000 -0.550 -0.115 0.696 0.000 -0.483 -0.531 0.702 0.000 -0.702 0.122 0.991 0.000 0.125 -0.041 0.647 0.000 -0.739 0.188 0.995 -0.000 0.082 -0.062 
0.715 -0.006 0.073 0.695 0.883 0.000 -0.463 -0.079 0.629 0.000 -0.559 -0.541 0.827 0.000 -0.550 -0.115 0.698 -0.000 -0.482 -0.530 0.702 0.000 -0.702 0.122 0.991 0.000 0.125 -0.041 0.647 0.000 -0.739 0.188 0.995 0.000 0.082 -0.062 
0.715 -0.006 0.073 0.695 0.883 0.000 -0.463 -0.079 0.629 -0.000 -0.557 -0.541 0.827 0.000 -0.551 -0.114 0.699 0.000 -0.482 -0.529 0.702 -0.000 -0.702 0.122 0.991 0.000 0.125 -0.041 0.647 0.000 -0.739 0.188 0.995 0.000 0.082 -0.062 
0.715 -0.006 0.073 0.695 0.882 0.000 -0.464 -0.079 0.630 0.000 -0.556 -0.542 0.827 -0.000 -0.551 -0.114 0.700 0.000 -0.481 -0.528 0.702 0.000 -0.702 0.122 0.991 0.000 0.125 -0.041 0.646 0.000 -0.740 0.186 0.995 0.000 0.084 -0.060 
0.715 -0.006 0.073 0.695 0.882 0.000 -0.465 -0.079 0.631 0.000 -0.554 -0.543 0.826 0.000 -0.552 -0.114 0.701 0.000 -0.480 -0.527 0.702 0.000 -0.702 0.122 0.991 0.000 0.125 -0.041 0.646 0.000 -0.740 0.186 0.995 0.000 0.084 -0.060 
0.715 -0.006 0.073 0.695 0.881 0.000 -0.466 -0.079 0.632 0.000 -0.552 -0.544 0.826 0.000 -0.552 -0.114 0.703 0.000 -0.479 -0.526 0.702 0.000 -0.702 0.122 0.991 0.000 0.124 -0.041 0.647 0.000 -0.740 0.187 0.995 0.000 0.083 -0.060 
0.715 -0.006 0.073 0.696 0.881 0.000 -0.467 -0.079 0.633 0.000 -0.550 -0.545 0.826 0.000 -0.552 -0.114 0.704 0.000 -0.478 -0.525 0.701 0.000 -0.702 0.122 0.991 0.000 0.125 -0.041 0.647 -0.000 -0.740 0.185 0.995 0.000 0.085 -0.060 
0.715 -0.006 0.073 0.695 0.880 0.000 -0.468 -0.080 0.635 -0.000 -0.548 -0.545 0.825 0.000 -0.553 -0.113 0.706 0.000 -0.477 -0.523 0.702 0.000 -0.702 0.122 0.991 0.000 0.124 -0.041 0.646 -0.000 -0.740 0.186 0.995 0.000 0.084 -0.060 
0.715 -0.006 0.073 0.695 0.880 0.000 -0.469 -0.080 0.636 0.000 -0.547 -0.545 0.825 0.000 -0.554 -0.113 0.708 -0.000 -0.476 -0.522 0.702 0.000 -0.702 0.122 0.991 0.000 0.125 -0.041 0.646 0.000 -0.740 0.186 0.995 0.000 0.084 -0.060 
0.715 -0.006 0.073 0.695 0.879 0.000 -0.470 -0.080 0.638 0.000 -0.545 -0.545 0.825 0.000 -0.554 -0.113 0.710 0.000 -0.475 -0.521 0.702 0.000 -0.702 0.122 0.991 0.000 0.125 -0.041 0.646 0.000 -0.740 0.186 0.995 0.000 0.084 -0.060 
0.715 -0.006 0.073 0.696 0.879 0.000 -0.471 -0.080 0.639 0.000 -0.542 -0.545 0.824 0.000 -0.555 -0.113 0.712 0.000 -0.473 -0.519 0.702 0.000 -0.702 0.122 0.991 0.000 0.125 -0.041 0.646 0.000 -0.740 0.186 0.995 0.000 0.084 -0.060 
0.715 -0.006 0.074 0.696 0.878 0.000 -0.472 -0.080 0.641 0.000 -0.540 -0.545 0.824 0.000 -0.556 -0.113 0.715 0.000 -0.471 -0.517 0.702 0.000 -0.702 0.123 0.991 -0.000 0.125 -0.041 0.646 0.000 -0.740 0.186 0.995 0.000 0.085 -0.060 
0.715 -0.006 0.074 0.696 0.877 0.000 -0.473 -0.080 0.643 -0.000 -0.538 -0.545 0.823 0.000 -0.557 -0.114 0.717 0.000 -0.469 -0.515 0.702 0.000 -0.702 0.123 0.991 -0.000 0.124 -0.041 0.646 0.000 -0.740 0.187 0.995 0.000 0.085 -0.060 
0.714 -0.006 0.073 0.696 0.876 0.000 -0.475 -0.080 0.645 0.000 -0.535 -0.545 0.823 0.000 -0.557 -0.114 0.720 -0.000 -0.468 -0.513 0.701 0.000 -0.702 0.123 0.991 0.000 0.125 -0.041 0.647 0.000 -0.740 0.186 0.995 -0.000 0.085 -0.060 
0.714 -0.006 0.074 0.696 0.876 0.000 -0.476 -0.080 0.647 0.000 -0.534 -0.544 0.822 0.000 -0.558 -0.114 0.723 0.000 -0.466 -0.511 0.702 0.000 -0.702 0.123 0.991 0.000 0.124 -0.041 0.646 0.000 -0.740 0.187 0.995 0.000 0.084 -0.060 
0.714 -0.006 0.074 0.696 0.875 0.000 -0.477 -0.080 0.650 0.000 -0.532 -0.543 0.822 0.000 -0.559 -0.115 0.726 0.000 -0.463 -0.509 0.702 0.000 -0.702 0.124 0.991 0.000 0.125 -0.041 0.646 0.000 -0.740 0.187 0.995 0.000 0.085 -0.060 
0.714 -0.006 0.074 0.696 0.874 -0.000 -0.479 -0.080 0.652 0.000 -0.530 -0.543 0.821 -0.000 -0.559 -0.115 0.729 0.000 -0.461 -0.507 0.702 0.000 -0.702 0.124 0.991 0.000 0.125 -0.041 0.646 0.000 -0.740 0.187 0.995 0.000 0.084 -0.060 
0.714 -0.006 0.074 0.696 0.874 0.000 -0.480 -0.078 0.654 0.000 -0.528 -0.542 0.821 -0.000 -0.560 -0.116 0.732 0.000 -0.459 -0.504 0.702 0.000 -0.702 0.124 0.991 -0.000 0.125 -0.041 0.646 0.000 -0.740 0.187 0.995 0.000 0.084 -0.060 
0.714 -0.006 0.074 0.696 0.873 0.000 -0.482 -0.078 0.656 0.000 -0.527 -0.541 0.820 0.000 -0.560 -0.116 0.735 -0.000 -0.457 -0.501 0.702 0.000 -0.702 0.124 0.991 0.000 0.124 -0.041 0.646 0.000 -0.740 0.187 0.995 0.000 0.085 -0.060 
0.713 -0.006 0.074 0.697 0.872 0.000 -0.483 -0.078 0.658 0.000 -0.525 -0.540 0.820 -0.000 -0.561 -0.117 0.738 0.000 -0.455 -0.498 0.701 -0.000 -0.702 0.124 0.991 -0.000 0.125 -0.041 0.646 -0.000 -0.740 0.186 0.995 0.000 0.085 -0.060 
0.714 -0.006 0.074 0.697 0.871 0.000 -0.484 -0.077 0.661 0.000 -0.524 -0.538 0.819 0.000 -0.562 -0.118 0.742 -0.000 -0.452 -0.495 0.702 0.000 -0.702 0.125 0.991 0.000 0.125 -0.042 0.646 0.000 -0.740 0.187 0.995 0.000 0.085 -0.060 
0.714 -0.006 0.074 0.697 0.871 0.000 -0.486 -0.077 0.663 0.000 -0.522 -0.536 0.818 -0.000 -0.562 -0.119 0.746 0.000 -0.450 -0.492 0.702 0.000 -0.701 0.125 0.991 0.000 0.124 -0.042 0.646 0.000 -0.740 0.187 0.995 -0.000 0.085 -0.060 
0.713 -0.006 0.074 0.697 0.870 -0.000 -0.488 -0.077 0.666 0.000 -0.521 -0.534 0.818 0.000 -0.563 -0.119 0.749 -0.000 -0.447 -0.489 0.702 0.000 -0.701 0.125 0.991 0.000 0.124 -0.042 0.646 0.000 -0.740 0.187 0.995 0.000 0.085 -0.060 
0.713 -0.006 0.074 0.697 0.869 0.000 -0.489 -0.076 0.669 0.000 -0.520 -0.531 0.817 -0.000 -0.564 -0.120 0.753 0.000 -0.443 -0.486 0.702 -0.000 -0.701 0.125 0.991 0.000 0.124 -0.042 0.646 0.000 -0.740 0.187 0.995 0.000 0.085 -0.060 
0.713 -0.006 0.074 0.697 0.868 0.000 -0.491 -0.075 0.671 0.000 -0.518 -0.530 0.816 0.000 -0.565 -0.121 0.757 0.000 -0.440 -0.483 0.702 0.000 -0.701 0.125 0.991 -0.000 0.124 -0.042 0.646 0.000 -0.740 0.187 0.995 0.000 0.085 -0.060 
0.713 -0.006 0.074 0.697 0.867 0.000 -0.493 -0.075 0.673 0.000 -0.517 -0.528 0.815 0.000 -0.566 -0.121 0.760 0.000 -0.436 -0.481 0.702 0.000 -0.701 0.125 0.991 0.000 0.124 -0.042 0.646 0.000 -0.740 0.187 0.995 0.000 0.085 -0.060 
0.713 -0.006 0.074 0.697 0.866 0.000 -0.495 -0.074 0.676 0.000 -0.516 -0.526 0.815 0.000 -0.567 -0.122 0.764 0.000 -0.433 -0.477 0.702 0.000 -0.701 0.125 0.991 -0.000 0.124 -0.042 0.646 -0.000 -0.740 0.187 0.995 0.000 0.085 -0.060 
0.713 -0.006 0.074 0.697 0.865 0.000 -0.496 -0.073 0.678 -0.000 -0.515 -0.524 0.814 -0.000 -0.568 -0.122 0.768 0.000 -0.429 -0.474 0.702 0.000 -0.701 0.125 0.991 0.000 0.124 -0.042 0.646 0.000 -0.740 0.187 0.995 0.000 0.085 -0.060 
0.713 -0.006 0.074 0.697 0.864 0.000 -0.499 -0.072 0.681 0.000 -0.513 -0.522 0.813 0.000 -0.569 -0.123 0.772 0.000 -0.426 -0.472 0.702 0.000 -0.701 0.126 0.991 0.000 0.124 -0.042 0.646 0.000 -0.740 0.187 0.995 0.000 0.085 -0.060 
0.713 -0.006 0.074 0.698 0.863 0.000 -0.500 -0.071 0.684 0.000 -0.512 -0.520 0.812 -0.000 -0.570 -0.124 0.776 0.000 -0.422 -0.468 0.702 0.000 -0.701 0.126 0.991 0.000 0.124 -0.042 0.646 0.000 -0.740 0.187 0.995 0.000 0.085 -0.060 
0.712 -0.006 0.074 0.698 0.862 0.000 -0.502 -0.069 0.686 0.000 -0.511 -0.518 0.811 0.000 -0.571 -0.125 0.780 0.000 -0.419 -0.464 0.702 0.000 -0.701 0.126 0.991 0.000 0.124 -0.042 0.646 0.000 -0.740 0.187 0.995 0.000 0.085 -0.060 
0.712 -0.006 0.074 0.698 0.861 0.000 -0.504 -0.067 0.689 -0.000 -0.509 -0.516 0.811 0.000 -0.572 -0.126 0.784 0.000 -0.415 -0.461 0.702 0.000 -0.701 0.126 0.991 0.000 0.124 -0.042 0.646 0.000 -0.740 0.187 0.995 0.000 0.085 -0.060 
0.712 -0.006 0.074 0.698 0.859 0.000 -0.507 -0.065 0.691 0.000 -0.508 -0.514 0.810 0.000 -0.573 -0.127 0.788 -0.000 -0.411 -0.458 0.701 0.000 -0.701 0.126 0.991 0.000 0.124 -0.042 0.646 0.000 -0.740 0.187 0.995 0.000 0.085 -0.060 
0.712 -0.006 0.074 0.698 0.858 0.000 -0.509 -0.063 0.693 0.000 -0.507 -0.512 0.809 0.000 -0.574 -0.128 0.792 0.000 -0.408 -0.454 0.702 0.000 -0.701 0.126 0.991 0.000 0.124 -0.042 0.646 0.000 -0.740 0.186 0.995 0.000 0.085 -0.060 
0.712 -0.006 0.074 0.698 0.857 -0.000 -0.511 -0.061 0.696 0.000 -0.505 -0.511 0.808 0.000 -0.575 -0.130 0.796 -0.000 -0.402 -0.452 0.701 0.000 -0.702 0.126 0.991 0.000 0.124 -0.042 0.646 0.000 -0.740 0.186 0.995 0.000 0.085 -0.060 
0.712 -0.006 0.074 0.698 0.856 0.000 -0.514 -0.059 0.699 0.000 -0.504 -0.508 0.807 0.000 -0.576 -0.131 0.800 0.000 -0.399 -0.448 0.701 0.000 -0.702 0.126 0.991 -0.000 0.124 -0.042 0.646 0.000 -0.740 0.186 0.995 0.000 0.085 -0.060 
0.712 -0.006 0.074 0.698 0.855 0.000 -0.516 -0.057 0.701 -0.000 -0.502 -0.507 0.806 0.000 -0.577 -0.132 0.803 0.000 -0.396 -0.445 0.701 0.000 -0.702 0.126 0.991 0.000 0.124 -0.042 0.647 0.000 -0.740 0.186 0.995 0.000 0.085 -0.060 
0.712 -0.006 0.074 0.698 0.854 0.000 -0.518 -0.055 0.704 0.000 -0.500 -0.505 0.805 0.000 -0.578 -0.133 0.807 0.000 -0.393 -0.440 0.701 0.000 -0.702 0.126 0.991 0.000 0.124 -0.042 0.647 0.000 -0.740 0.186 0.995 0.000 0.085 -0.060 
0.712 -0.006 0.074 0.698 0.852 0.000 -0.521 -0.053 0.707 -0.000 -0.497 -0.503 0.804 -0.000 -0.579 -0.134 0.811 0.000 -0.390 -0.436 0.701 -0.000 -0.702 0.126 0.991 0.000 0.124 -0.042 0.647 0.000 -0.740 0.185 0.995 0.000 0.085 -0.060 
0.712 -0.006 0.074 0.699 0.851 0.000 -0.523 -0.051 0.710 -0.000 -0.495 -0.501 0.804 -0.000 -0.579 -0.136 0.815 0.000 -0.387 -0.431 0.701 0.000 -0.702 0.126 0.991 0.000 0.124 -0.042 0.647 0.000 -0.740 0.185 0.995 0.000 0.085 -0.060 
0.712 -0.006 0.074 0.699 0.850 0.000 -0.525 -0.048 0.713 0.000 -0.493 -0.499 0.803 0.000 -0.580 -0.137 0.819 0.000 -0.384 -0.427 0.701 0.000 -0.702 0.126 0.991 0.000 0.124 -0.042 0.647 -0.000 -0.740 0.185 0.995 0.000 0.085 -0.060 
0.711 -0.006 0.074 0.699 0.848 0.000 -0.527 -0.047 0.716 0.000 -0.491 -0.496 0.802 0.000 -0.582 -0.138 0.823 0.000 -0.381 -0.422 0.701 0.000 -0.702 0.126 0.991 0.000 0.124 -0.042 0.647 0.000 -0.740 0.185 0.995 0.000 0.085 -0.060 
0.711 -0.006 0.074 0.699 0.847 0.000 -0.529 -0.044 0.719 0.000 -0.488 -0.494 0.801 -0.000 -0.582 -0.139 0.826 0.000 -0.379 -0.417 0.701 0.000 -0.702 0.126 0.991 0.000 0.124 -0.043 0.647 -0.000 -0.740 0.185 0.995 -0.000 0.085 -0.060 
0.711 -0.006 0.073 0.700 0.846 0.000 -0.532 -0.042 0.722 0.000 -0.485 -0.493 0.800 0.000 -0.583 -0.141 0.830 0.000 -0.376 -0.411 0.701 0.000 -0.702 0.126 0.991 0.000 0.124 -0.042 0.647 0.000 -0.740 0.184 0.995 0.000 0.085 -0.059 
0.711 -0.006 0.074 0.699 0.845 0.000 -0.534 -0.041 0.726 0.000 -0.482 -0.491 0.799 0.000 -0.584 -0.142 0.834 0.000 -0.374 -0.406 0.701 0.000 -0.702 0.127 0.991 0.000 0.124 -0.043 0.647 0.000 -0.740 0.185 0.995 0.000 0.085 -0.060 
0.711 -0.006 0.074 0.700 0.843 0.000 -0.536 -0.039 0.729 0.000 -0.479 -0.489 0.798 0.000 -0.585 -0.143 0.837 0.000 -0.372 -0.401 0.701 0.000 -0.702 0.127 0.991 0.000 0.124 -0.043 0.647 0.000 -0.740 0.185 0.995 0.000 0.085 -0.060 
0.710 -0.006 0.074 0.700 0.842 -0.000 -0.538 -0.037 0.732 0.000 -0.476 -0.487 0.797 0.000 -0.586 -0.144 0.841 0.000 -0.369 -0.395 0.701 -0.000 -0.702 0.127 0.991 0.000 0.124 -0.043 0.647 0.000 -0.740 0.185 0.995 0.000 0.085 -0.060 
0.710 -0.006 0.074 0.700 0.841 0.000 -0.540 -0.036 0.736 0.000 -0.472 -0.485 0.796 0.000 -0.587 -0.144 0.844 -0.000 -0.368 -0.391 0.701 0.000 -0.702 0.127 0.991 0.000 0.124 -0.043 0.647 0.000 -0.740 0.185 0.995 0.000 0.085 -0.060 
0.710 -0.006 0.074 0.700 0.840 -0.000 -0.542 -0.035 0.740 -0.000 -0.468 -0.483 0.795 0.000 -0.589 -0.145 0.847 0.000 -0.366 -0.386 0.701 -0.000 -0.702 0.128 0.991 0.000 0.124 -0.043 0.647 0.000 -0.740 0.185 0.995 0.000 0.085 -0.060 
0.710 -0.006 0.074 0.700 0.839 0.000 -0.544 -0.034 0.744 0.000 -0.465 -0.481 0.794 -0.000 -0.590 -0.146 0.850 -0.000 -0.364 -0.381 0.701 0.000 -0.702 0.128 0.991 0.000 0.124 -0.043 0.647 -0.000 -0.740 0.185 0.995 0.000 0.085 -0.060 
0.710 -0.006 0.074 0.701 0.837 0.000 -0.545 -0.034 0.748 0.000 -0.461 -0.477 0.793 0.000 -0.591 -0.147 0.853 0.000 -0.362 -0.375 0.701 0.000 -0.702 0.128 0.991 -0.000 0.124 -0.043 0.647 0.000 -0.740 0.185 0.995 0.000 0.085 -0.060 
0.710 -0.006 0.074 0.701 0.836 0.000 -0.547 -0.034 0.753 0.000 -0.457 -0.473 0.793 0.000 -0.592 -0.148 0.856 0.000 -0.361 -0.370 0.701 0.000 -0.702 0.129 0.991 -0.000 0.124 -0.043 0.647 0.000 -0.740 0.185 0.995 0.000 0.085 -0.060 
0.709 -0.006 0.074 0.701 0.835 0.000 -0.549 -0.034 0.758 0.000 -0.454 -0.469 0.791 0.000 -0.593 -0.149 0.859 0.000 -0.358 -0.366 0.701 0.000 -0.702 0.129 0.991 0.000 0.124 -0.043 0.647 0.000 -0.740 0.185 0.995 0.000 0.085 -0.060 
0.709 -0.006 0.074 0.701 0.834 0.000 -0.550 -0.035 0.762 0.000 -0.450 -0.466 0.790 0.000 -0.594 -0.150 0.862 0.000 -0.356 -0.360 0.701 0.000 -0.702 0.128 0.991 0.000 0.124 -0.043 0.648 0.000 -0.739 0.184 0.995 -0.000 0.084 -0.059 
0.709 -0.006 0.073 0.702 0.833 0.000 -0.552 -0.035 0.767 -0.000 -0.446 -0.462 0.790 0.000 -0.595 -0.151 0.865 0.000 -0.355 -0.356 0.700 0.000 -0.702 0.128 0.991 0.000 0.124 -0.043 0.649 0.000 -0.739 0.183 0.995 0.000 0.084 -0.059 
0.708 -0.006 0.074 0.702 0.832 0.000 -0.553 -0.035 0.771 0.000 -0.443 -0.457 0.788 -0.000 -0.596 -0.152 0.867 0.000 -0.353 -0.351 0.700 -0.000 -0.702 0.129 0.991 0.000 0.124 -0.043 0.649 0.000 -0.739 0.183 0.995 0.000 0.084 -0.059 
0.708 -0.006 0.074 0.702 0.832 -0.000 -0.554 -0.037 0.776 0.000 -0.440 -0.452 0.787 0.000 -0.597 -0.153 0.870 0.000 -0.351 -0.347 0.700 0.000 -0.702 0.129 0.991 0.000 0.124 -0.043 0.649 0.000 -0.739 0.183 0.995 0.000 0.084 -0.059 
0.708 -0.006 0.073 0.702 0.831 0.000 -0.555 -0.038 0.780 0.000 -0.438 -0.447 0.787 0.000 -0.597 -0.154 0.871 0.000 -0.351 -0.344 0.700 -0.000 -0.702 0.128 0.991 0.000 0.124 -0.043 0.649 0.000 -0.739 0.182 0.995 -0.000 0.084 -0.059 
0.708 -0.005 0.074 0.702 0.830 0.000 -0.556 -0.039 0.784 0.000 -0.436 -0.442 0.786 -0.000 -0.599 -0.153 0.872 -0.000 -0.350 -0.341 0.701 0.000 -0.702 0.128 0.991 -0.000 0.124 -0.043 0.648 0.000 -0.739 0.183 0.995 -0.000 0.084 -0.059 
0.708 -0.005 0.073 0.702 0.830 0.000 -0.557 -0.041 0.788 0.000 -0.433 -0.438 0.786 -0.000 -0.599 -0.153 0.873 0.000 -0.350 -0.339 0.700 -0.000 -0.702 0.128 0.991 0.000 0.124 -0.043 0.649 -0.000 -0.739 0.181 0.995 0.000 0.084 -0.059 
0.708 -0.005 0.073 0.702 0.829 0.000 -0.557 -0.042 0.792 0.000 -0.431 -0.433 0.785 0.000 -0.600 -0.153 0.874 0.000 -0.350 -0.337 0.700 0.000 -0.702 0.128 0.991 0.000 0.124 -0.043 0.649 0.000 -0.739 0.181 0.995 0.000 0.084 -0.059 
0.708 -0.005 0.073 0.702 0.829 0.000 -0.558 -0.044 0.795 -0.000 -0.430 -0.428 0.785 0.000 -0.601 -0.153 0.875 0.000 -0.350 -0.335 0.700 0.000 -0.702 0.127 0.991 -0.000 0.124 -0.043 0.649 0.000 -0.739 0.181 0.995 0.000 0.084 -0.059 
0.708 -0.005 0.073 0.702 0.828 0.000 -0.558 -0.046 0.798 0.000 -0.430 -0.423 0.784 0.000 -0.602 -0.153 0.876 0.000 -0.350 -0.333 0.700 0.000 -0.702 0.127 0.991 0.000 0.124 -0.043 0.649 0.000 -0.739 0.181 0.995 0.000 0.084 -0.059 
0.708 -0.005 0.072 0.702 0.828 0.000 -0.559 -0.048 0.800 0.000 -0.430 -0.419 0.784 0.000 -0.602 -0.152 0.876 0.000 -0.350 -0.331 0.700 0.000 -0.703 0.127 0.991 0.000 0.124 -0.043 0.649 0.000 -0.739 0.180 0.995 0.000 0.084 -0.059 
0.708 -0.005 0.072 0.702 0.828 0.000 -0.559 -0.050 0.802 0.000 -0.431 -0.414 0.784 -0.000 -0.602 -0.152 0.877 -0.000 -0.350 -0.329 0.700 0.000 -0.703 0.126 0.991 0.000 0.124 -0.042 0.649 0.000 -0.739 0.180 0.995 0.000 0.084 -0.059 
0.708 -0.005 0.072 0.702 0.828 0.000 -0.558 -0.052 0.804 0.000 -0.433 -0.409 0.784 0.000 -0.603 -0.152 0.878 0.000 -0.350 -0.327 0.700 0.000 -0.703 0.126 0.991 0.000 0.124 -0.042 0.649 -0.000 -0.739 0.180 0.995 0.000 0.084 -0.059 
0.708 -0.005 0.072 0.702 0.828 0.000 -0.558 -0.055 0.806 0.000 -0.434 -0.403 0.783 0.000 -0.603 -0.152 0.879 0.000 -0.350 -0.325 0.700 0.000 -0.703 0.126 0.991 0.000 0.124 -0.042 0.649 0.000 -0.739 0.181 0.995 0.000 0.084 -0.059 
0.708 -0.005 0.072 0.702 0.827 0.000 -0.559 -0.058 0.808 0.000 -0.435 -0.397 0.783 0.000 -0.603 -0.152 0.879 -0.000 -0.351 -0.323 0.700 0.000 -0.703 0.126 0.991 0.000 0.124 -0.042 0.649 0.000 -0.740 0.180 0.995 0.000 0.084 -0.059 
0.709 -0.005 0.072 0.702 0.827 0.000 -0.558 -0.062 0.811 0.000 -0.437 -0.390 0.783 0.000 -0.602 -0.153 0.880 0.000 -0.351 -0.320 0.700 0.000 -0.703 0.126 0.991 0.000 0.124 -0.042 0.649 0.000 -0.739 0.181 0.995 0.000 0.084 -0.059 
0.709 -0.005 0.072 0.702 0.827 0.000 -0.558 -0.065 0.813 -0.000 -0.438 -0.383 0.784 0.000 -0.602 -0.152 0.880 0.000 -0.352 -0.318 0.700 0.000 -0.703 0.125 0.991 0.000 0.124 -0.042 0.649 0.000 -0.739 0.181 0.995 -0.000 0.084 -0.059 
0.709 -0.005 0.072 0.701 0.827 0.000 -0.557 -0.069 0.816 -0.000 -0.439 -0.376 0.784 -0.000 -0.602 -0.152 0.881 0.000 -0.353 -0.316 0.700 0.000 -0.703 0.125 0.991 0.000 0.124 -0.042 0.649 0.000 -0.739 0.181 0.995 0.000 0.084 -0.059 
0.709 -0.005 0.072 0.701 0.827 0.000 -0.557 -0.072 0.819 0.000 -0.440 -0.369 0.784 0.000 -0.601 -0.152 0.881 0.000 -0.354 -0.314 0.700 -0.000 -0.703 0.125 0.991 0.000 0.124 -0.042 0.649 0.000 -0.739 0.181 0.995 0.000 0.084 -0.059 
0.710 -0.005 0.072 0.701 0.828 0.000 -0.556 -0.076 0.821 0.000 -0.441 -0.362 0.785 0.000 -0.601 -0.152 0.881 0.000 -0.356 -0.311 0.700 0.000 -0.703 0.125 0.991 0.000 0.125 -0.042 0.649 0.000 -0.739 0.181 0.995 0.000 0.084 -0.059 
0.710 -0.005 0.072 0.701 0.827 0.000 -0.556 -0.078 0.824 0.000 -0.442 -0.356 0.785 -0.000 -0.600 -0.152 0.881 0.000 -0.357 -0.310 0.700 0.000 -0.703 0.125 0.991 0.000 0.124 -0.042 0.648 0.000 -0.739 0.181 0.995 0.000 0.084 -0.059 
0.710 -0.004 0.072 0.700 0.828 0.000 -0.555 -0.081 0.826 0.000 -0.443 -0.349 0.785 0.000 -0.600 -0.152 0.881 0.000 -0.358 -0.308 0.701 -0.000 -0.703 0.124 0.991 0.000 0.124 -0.041 0.648 0.000 -0.739 0.182 0.995 -0.000 0.084 -0.059 
0.711 -0.005 0.072 0.700 0.828 0.000 -0.555 -0.084 0.828 0.000 -0.444 -0.343 0.786 0.000 -0.600 -0.152 0.881 0.000 -0.360 -0.307 0.700 0.000 -0.703 0.124 0.991 0.000 0.125 -0.041 0.648 0.000 -0.739 0.181 0.995 0.000 0.084 -0.059 
0.711 -0.005 0.072 0.700 0.828 0.000 -0.554 -0.087 0.830 0.000 -0.445 -0.337 0.786 0.000 -0.599 -0.152 0.881 0.000 -0.361 -0.305 0.700 0.000 -0.703 0.123 0.991 0.000 0.125 -0.041 0.648 -0.000 -0.739 0.182 0.995 0.000 0.084 -0.059 
0.711 -0.004 0.072 0.699 0.828 0.000 -0.554 -0.089 0.832 0.000 -0.446 -0.331 0.786 0.000 -0.599 -0.152 0.881 0.000 -0.362 -0.303 0.700 -0.000 -0.703 0.122 0.991 0.000 0.125 -0.041 0.648 0.000 -0.739 0.181 0.995 0.000 0.084 -0.059 
0.712 -0.004 0.071 0.699 0.828 0.000 -0.554 -0.091 0.833 0.000 -0.447 -0.326 0.787 0.000 -0.599 -0.152 0.882 0.000 -0.362 -0.302 0.700 0.000 -0.703 0.122 0.991 0.000 0.125 -0.040 0.648 0.000 -0.740 0.181 0.995 0.000 0.084 -0.059 
0.712 -0.004 0.072 0.698 0.828 0.000 -0.553 -0.093 0.834 0.000 -0.448 -0.321 0.786 0.000 -0.599 -0.152 0.882 0.000 -0.363 -0.300 0.701 -0.000 -0.703 0.121 0.991 0.000 0.125 -0.041 0.648 0.000 -0.740 0.182 0.995 0.000 0.084 -0.059 
0.713 -0.004 0.071 0.698 0.828 0.000 -0.552 -0.095 0.836 -0.000 -0.449 -0.316 0.787 0.000 -0.598 -0.152 0.882 0.000 -0.364 -0.299 0.701 0.000 -0.703 0.120 0.991 0.000 0.125 -0.040 0.648 0.000 -0.739 0.182 0.995 0.000 0.083 -0.060 
0.713 -0.004 0.071 0.698 0.828 0.000 -0.552 -0.097 0.837 0.000 -0.450 -0.311 0.787 0.000 -0.598 -0.153 0.883 0.000 -0.364 -0.297 0.701 0.000 -0.703 0.120 0.991 0.000 0.125 -0.040 0.648 0.000 -0.739 0.182 0.995 0.000 0.083 -0.060 
0.713 -0.003 0.071 0.697 0.828 0.000 -0.551 -0.099 0.838 0.000 -0.450 -0.307 0.787 0.000 -0.598 -0.153 0.883 -0.000 -0.365 -0.295 0.701 0.000 -0.704 0.119 0.991 0.000 0.125 -0.040 0.648 0.000 -0.739 0.181 0.995 0.000 0.083 -0.060 
0.713 -0.003 0.070 0.697 0.828 0.000 -0.551 -0.100 0.840 0.000 -0.450 -0.304 0.787 0.000 -0.598 -0.153 0.883 -0.000 -0.366 -0.294 0.700 0.000 -0.704 0.119 0.991 0.000 0.126 -0.040 0.649 0.000 -0.739 0.181 0.995 0.000 0.083 -0.060 
0.714 -0.003 0.070 0.697 0.828 -0.000 -0.551 -0.102 0.841 -0.000 -0.451 -0.300 0.786 0.000 -0.599 -0.153 0.883 0.000 -0.366 -0.293 0.701 -0.000 -0.704 0.118 0.991 0.000 0.125 -0.040 0.647 0.000 -0.740 0.181 0.995 0.000 0.084 -0.061 
0.714 -0.003 0.070 0.697 0.829 0.000 -0.550 -0.103 0.842 0.000 -0.451 -0.297 0.786 0.000 -0.599 -0.154 0.883 0.000 -0.366 -0.293 0.701 0.000 -0.704 0.117 0.991 -0.000 0.125 -0.040 0.647 0.000 -0.741 0.181 0.995 0.000 0.084 -0.060 
0.714 -0.002 0.070 0.696 0.829 0.000 -0.550 -0.104 0.843 0.000 -0.451 -0.294 0.785 0.000 -0.599 -0.154 0.884 0.000 -0.366 -0.292 0.701 0.000 -0.704 0.116 0.991 0.000 0.125 -0.040 0.647 0.000 -0.741 0.179 0.995 0.000 0.085 -0.059 
0.714 -0.002 0.070 0.697 0.828 0.000 -0.550 -0.105 0.844 0.000 -0.450 -0.293 0.785 -0.000 -0.600 -0.154 0.884 0.000 -0.367 -0.291 0.700 -0.000 -0.704 0.116 0.991 0.000 0.126 -0.040 0.647 0.000 -0.741 0.179 0.995 0.000 0.085 -0.059 
0.714 -0.002 0.070 0.697 0.829 0.000 -0.550 -0.105 0.844 0.000 -0.450 -0.291 0.784 -0.000 -0.601 -0.155 0.884 0.000 -0.367 -0.291 0.701 0.000 -0.704 0.115 0.991 -0.000 0.125 -0.039 0.647 0.000 -0.742 0.178 0.995 0.000 0.085 -0.059 
0.714 -0.001 0.069 0.697 0.829 0.000 -0.549 -0.105 0.844 0.000 -0.451 -0.291 0.784 0.000 -0.601 -0.156 0.884 0.000 -0.367 -0.290 0.701 -0.000 -0.704 0.115 0.991 0.000 0.126 -0.039 0.647 0.000 -0.741 0.178 0.995 0.000 0.084 -0.060 
0.714 -0.001 0.069 0.697 0.829 -0.000 -0.549 -0.105 0.844 0.000 -0.451 -0.291 0.783 0.000 -0.602 -0.157 0.884 0.000 -0.368 -0.290 0.701 0.000 -0.704 0.114 0.991 -0.000 0.126 -0.039 0.647 0.000 -0.742 0.177 0.995 0.000 0.084 -0.060 
0.714 -0.001 0.069 0.697 0.830 0.000 -0.548 -0.104 0.843 0.000 -0.452 -0.292 0.783 0.000 -0.602 -0.158 0.884 0.000 -0.368 -0.289 0.702 0.000 -0.704 0.113 0.991 0.000 0.125 -0.039 0.647 -0.000 -0.742 0.176 0.995 0.000 0.084 -0.060 
0.714 -0.000 0.069 0.697 0.830 0.000 -0.548 -0.104 0.842 0.000 -0.452 -0.293 0.782 0.000 -0.603 -0.159 0.884 0.000 -0.369 -0.289 0.702 0.000 -0.704 0.113 0.991 0.000 0.125 -0.039 0.647 0.000 -0.742 0.176 0.995 0.000 0.084 -0.060 
0.713 0.000 0.069 0.697 0.830 0.000 -0.547 -0.103 0.841 0.000 -0.453 -0.295 0.781 0.000 -0.604 -0.159 0.883 0.000 -0.369 -0.289 0.702 0.000 -0.704 0.113 0.991 0.000 0.125 -0.039 0.647 0.000 -0.743 0.175 0.995 0.000 0.084 -0.060 
0.713 0.001 0.068 0.698 0.831 0.000 -0.547 -0.102 0.840 0.000 -0.454 -0.297 0.780 0.000 -0.604 -0.161 0.883 0.000 -0.370 -0.290 0.702 0.000 -0.704 0.112 0.991 0.000 0.126 -0.039 0.647 0.000 -0.743 0.174 0.995 0.000 0.084 -0.060 
0.713 0.001 0.068 0.698 0.831 -0.000 -0.547 -0.101 0.839 0.000 -0.455 -0.299 0.780 0.000 -0.605 -0.161 0.882 0.000 -0.371 -0.291 0.702 -0.000 -0.704 0.112 0.991 -0.000 0.126 -0.039 0.646 0.000 -0.743 0.173 0.995 -0.000 0.084 -0.059 
0.712 0.001 0.068 0.699 0.832 0.000 -0.546 -0.099 0.837 0.000 -0.456 -0.302 0.779 0.000 -0.606 -0.162 0.882 -0.000 -0.371 -0.291 0.702 0.000 -0.703 0.111 0.991 -0.000 0.126 -0.039 0.646 -0.000 -0.743 0.172 0.995 0.000 0.084 -0.059 
0.712 0.002 0.068 0.699 0.832 0.000 -0.546 -0.097 0.836 0.000 -0.456 -0.306 0.778 0.000 -0.607 -0.162 0.881 0.000 -0.371 -0.293 0.702 -0.000 -0.703 0.111 0.991 0.000 0.126 -0.039 0.646 0.000 -0.744 0.172 0.995 0.000 0.084 -0.059 
0.711 0.002 0.068 0.699 0.833 -0.000 -0.545 -0.095 0.834 0.000 -0.457 -0.309 0.777 0.000 -0.608 -0.163 0.881 0.000 -0.372 -0.294 0.702 0.000 -0.703 0.111 0.991 0.000 0.126 -0.039 0.646 0.000 -0.744 0.171 0.995 0.000 0.084 -0.059 
0.711 0.002 0.068 0.700 0.833 0.000 -0.545 -0.093 0.833 0.000 -0.457 -0.313 0.776 0.000 -0.609 -0.164 0.880 0.000 -0.372 -0.294 0.702 0.000 -0.703 0.111 0.991 0.000 0.126 -0.039 0.646 0.000 -0.744 0.170 0.995 0.000 0.084 -0.059 
0.710 0.003 0.068 0.701 0.834 0.000 -0.545 -0.091 0.831 -0.000 -0.457 -0.316 0.775 -0.000 -0.609 -0.165 0.880 0.000 -0.373 -0.295 0.703 0.000 -0.703 0.111 0.991 0.000 0.126 -0.039 0.646 0.000 -0.744 0.170 0.995 0.000 0.084 -0.060 
0.710 0.003 0.068 0.701 0.834 0.000 -0.544 -0.089 0.830 0.000 -0.457 -0.321 0.775 -0.000 -0.610 -0.166 0.879 0.000 -0.374 -0.296 0.703 0.000 -0.703 0.111 0.991 0.000 0.126 -0.039 0.646 0.000 -0.745 0.169 0.995 0.000 0.084 -0.059 
0.709 0.003 0.068 0.702 0.835 0.000 -0.543 -0.087 0.828 0.000 -0.457 -0.324 0.774 -0.000 -0.611 -0.166 0.878 0.000 -0.375 -0.297 0.703 0.000 -0.703 0.111 0.991 0.000 0.126 -0.039 0.645 0.000 -0.745 0.169 0.995 0.000 0.084 -0.059 
0.709 0.003 0.068 0.702 0.835 0.000 -0.543 -0.084 0.826 0.000 -0.457 -0.329 0.773 -0.000 -0.612 -0.167 0.877 0.000 -0.376 -0.298 0.703 0.000 -0.703 0.111 0.991 -0.000 0.126 -0.039 0.645 0.000 -0.745 0.168 0.995 -0.000 0.084 -0.059 
0.708 0.003 0.068 0.703 0.836 0.000 -0.542 -0.082 0.825 0.000 -0.457 -0.333 0.772 -0.000 -0.613 -0.167 0.876 0.000 -0.377 -0.300 0.703 0.000 -0.702 0.111 0.991 0.000 0.126 -0.039 0.645 0.000 -0.745 0.168 0.995 0.000 0.084 -0.059 
-0.707 -0.003 -0.068 -0.704 0.836 0.000 -0.542 -0.080 0.823 0.000 -0.457 -0.337 0.772 0.000 -0.613 -0.168 0.876 0.000 -0.378 -0.301 0.703 0.000 -0.702 0.111 0.991 0.000 0.126 -0.039 0.647 0.000 -0.744 0.166 0.995 0.000 0.083 -0.059 
-0.707 -0.004 -0.068 -0.704 0.837 0.000 -0.542 -0.078 0.822 0.000 -0.457 -0.341 0.771 0.000 -0.614 -0.168 0.875 0.000 -0.379 -0.302 0.703 0.000 -0.702 0.112 0.991 -0.000 0.126 -0.039 0.645 0.000 -0.746 0.167 0.995 0.000 0.085 -0.059 
-0.706 -0.004 -0.068 -0.705 0.837 0.000 -0.541 -0.076 0.820 0.000 -0.456 -0.345 0.770 -0.000 -0.615 -0.169 0.874 0.000 -0.380 -0.303 0.703 0.000 -0.702 0.112 0.991 -0.000 0.126 -0.039 0.646 0.000 -0.745 0.165 0.995 0.000 0.083 -0.058 
-0.705 -0.004 -0.068 -0.706 0.838 0.000 -0.541 -0.073 0.819 0.000 -0.455 -0.349 0.770 0.000 -0.616 -0.169 0.873 0.000 -0.381 -0.305 0.703 0.000 -0.702 0.112 0.991 0.000 0.126 -0.039 0.646 -0.000 -0.745 0.165 0.995 0.000 0.083 -0.058 
-0.704 -0.004 -0.068 -0.707 0.838 0.000 -0.541 -0.071 0.818 0.000 -0.455 -0.354 0.769 0.000 -0.616 -0.170 0.872 0.000 -0.382 -0.306 0.703 -0.000 -0.702 0.113 0.991 0.000 0.127 -0.039 0.646 0.000 -0.745 0.164 0.995 0.000 0.083 -0.058 
-0.704 -0.004 -0.068 -0.707 0.839 0.000 -0.541 -0.069 0.816 -0.000 -0.454 -0.358 0.769 0.000 -0.617 -0.170 0.871 -0.000 -0.383 -0.308 0.703 0.000 -0.702 0.113 0.991 0.000 0.127 -0.039 0.646 0.000 -0.745 0.164 0.995 0.000 0.083 -0.058 
-0.703 -0.004 -0.068 -0.708 0.839 0.000 -0.540 -0.066 0.815 0.000 -0.453 -0.362 0.768 0.000 -0.617 -0.171 0.871 0.000 -0.383 -0.309 0.703 0.000 -0.702 0.113 0.991 0.000 0.127 -0.039 0.646 0.000 -0.746 0.164 0.995 0.000 0.083 -0.058 
-0.703 -0.004 -0.068 -0.708 0.839 0.000 -0.540 -0.064 0.814 -0.000 -0.452 -0.365 0.768 0.000 -0.618 -0.171 0.870 0.000 -0.384 -0.310 0.703 -0.000 -0.702 0.114 0.991 -0.000 0.127 -0.039 0.646 -0.000 -0.746 0.164 0.995 -0.000 0.083 -0.058 
-0.702 -0.004 -0.069 -0.709 0.839 -0.000 -0.540 -0.061 0.812 0.000 -0.452 -0.369 0.766 0.000 -0.619 -0.173 0.870 0.000 -0.383 -0.310 0.704 0.000 -0.701 0.115 0.991 -0.000 0.127 -0.039 0.646 0.000 -0.746 0.164 0.995 0.000 0.083 -0.058 
-0.701 -0.004 -0.069 -0.709 0.840 0.000 -0.540 -0.059 0.811 0.000 -0.451 -0.373 0.767 0.000 -0.619 -0.172 0.869 0.000 -0.384 -0.312 0.704 0.000 -0.701 0.115 0.991 0.000 0.127 -0.039 0.646 0.000 -0.746 0.163 0.995 0.000 0.083 -0.058 
-0.701 -0.004 -0.069 -0.710 0.840 0.000 -0.540 -0.058 0.810 0.000 -0.450 -0.376 0.766 0.000 -0.619 -0.172 0.868 0.000 -0.384 -0.313 0.704 0.000 -0.701 0.115 0.991 0.000 0.126 -0.039 0.646 0.000 -0.746 0.163 0.995 0.000 0.083 -0.058 
-0.701 -0.004 -0.069 -0.710 0.840 -0.000 -0.540 -0.055 0.809 -0.000 -0.449 -0.380 0.766 0.000 -0.619 -0.172 0.868 -0.000 -0.385 -0.314 0.704 0.000 -0.701 0.115 0.991 -0.000 0.127 -0.039 0.645 0.000 -0.747 0.162 0.995 0.000 0.084 -0.057 
-0.700 -0.004 -0.069 -0.711 0.840 0.000 -0.540 -0.053 0.808 0.000 -0.448 -0.383 0.766 0.000 -0.620 -0.172 0.868 0.000 -0.385 -0.315 0.704 0.000 -0.701 0.115 0.991 0.000 0.126 -0.039 0.645 0.000 -0.747 0.162 0.995 -0.000 0.084 -0.057 
-0.700 -0.004 -0.069 -0.711 0.840 0.000 -0.540 -0.051 0.807 0.000 -0.448 -0.386 0.766 0.000 -0.620 -0.172 0.867 0.000 -0.385 -0.316 0.704 0.000 -0.701 0.116 0.991 0.000 0.127 -0.039 0.646 0.000 -0.746 0.162 0.995 0.000 0.083 -0.058 
-0.699 -0.004 -0.069 -0.711 0.841 -0.000 -0.539 -0.049 0.806 0.000 -0.447 -0.388 0.766 0.000 -0.620 -0.172 0.867 0.000 -0.385 -0.317 0.704 0.000 -0.701 0.116 0.991 0.000 0.126 -0.039 0.646 0.000 -0.746 0.162 0.995 0.000 0.083 -0.058 
-0.699 -0.004 -0.069 -0.712 0.841 0.000 -0.539 -0.048 0.805 0.000 -0.447 -0.390 0.766 0.000 -0.620 -0.172 0.866 0.000 -0.385 -0.318 0.704 0.000 -0.701 0.116 0.991 0.000 0.126 -0.040 0.645 0.000 -0.747 0.161 0.995 0.000 0.084 -0.057 
-0.699 -0.004 -0.069 -0.712 0.841 0.000 -0.539 -0.046 0.805 0.000 -0.446 -0.392 0.766 0.000 -0.620 -0.171 0.866 0.000 -0.385 -0.319 0.704 -0.000 -0.701 0.116 0.991 0.000 0.126 -0.040 0.645 0.000 -0.747 0.161 0.995 0.000 0.084 -0.057 
-0.699 -0.004 -0.069 -0.712 0.841 0.000 -0.539 -0.045 0.804 0.000 -0.445 -0.394 0.766 0.000 -0.620 -0.173 0.867 0.000 -0.384 -0.318 0.704 -0.000 -0.700 0.117 0.991 0.000 0.127 -0.040 0.646 -0.000 -0.746 0.162 0.995 -0.000 0.083 -0.058 
-0.698 -0.004 -0.069 -0.712 0.841 0.000 -0.539 -0.043 0.804 0.000 -0.445 -0.395 0.766 0.000 -0.620 -0.170 0.866 0.000 -0.385 -0.320 0.704 0.000 -0.700 0.117 0.991 0.000 0.126 -0.040 0.645 0.000 -0.747 0.161 0.995 0.000 0.084 -0.057 
-0.698 -0.004 -0.069 -0.712 0.841 -0.000 -0.539 -0.042 0.804 0.000 -0.445 -0.396 0.766 0.000 -0.620 -0.170 0.866 0.000 -0.384 -0.321 0.704 0.000 -0.700 0.117 0.991 0.000 0.126 -0.040 0.645 0.000 -0.747 0.161 0.995 0.000 0.084 -0.057 
-0.698 -0.004 -0.069 -0.713 0.841 0.000 -0.539 -0.041 0.804 0.000 -0.444 -0.396 0.766 -0.000 -0.620 -0.169 0.866 0.000 -0.384 -0.321 0.704 -0.000 -0.700 0.117 0.991 0.000 0.126 -0.039 0.645 0.000 -0.747 0.161 0.995 0.000 0.084 -0.057 
-0.698 -0.004 -0.070 -0.713 0.841 0.000 -0.540 -0.040 0.804 0.000 -0.444 -0.396 0.767 0.000 -0.620 -0.169 0.866 0.000 -0.383 -0.321 0.704 -0.000 -0.700 0.117 0.991 0.000 0.126 -0.040 0.645 -0.000 -0.747 0.161 0.995 0.000 0.084 -0.057 
-0.698 -0.004 -0.070 -0.713 0.841 0.000 -0.540 -0.040 0.804 0.000 -0.443 -0.396 0.767 0.000 -0.619 -0.168 0.866 0.000 -0.383 -0.322 0.704 0.000 -0.700 0.117 0.991 0.000 0.126 -0.040 0.645 -0.000 -0.747 0.162 0.995 0.000 0.084 -0.057 
-0.698 -0.004 -0.070 -0.713 0.841 0.000 -0.540 -0.039 0.804 0.000 -0.443 -0.396 0.768 0.000 -0.619 -0.167 0.866 -0.000 -0.383 -0.323 0.704 0.000 -0.700 0.118 0.991 -0.000 0.126 -0.040 0.645 0.000 -0.747 0.162 0.995 -0.000 0.084 -0.057 
-0.698 -0.004 -0.070 -0.713 0.841 -0.000 -0.540 -0.039 0.805 0.000 -0.443 -0.395 0.768 0.000 -0.619 -0.166 0.865 0.000 -0.383 -0.323 0.704 0.000 -0.700 0.118 0.991 -0.000 0.126 -0.040 0.645 0.000 -0.747 0.162 0.995 0.000 0.084 -0.058 
-0.698 -0.004 -0.070 -0.713 0.841 0.000 -0.540 -0.038 0.805 0.000 -0.444 -0.393 0.768 -0.000 -0.618 -0.167 0.866 0.000 -0.382 -0.322 0.704 0.000 -0.700 0.118 0.991 0.000 0.126 -0.040 0.646 0.000 -0.746 0.163 0.995 0.000 0.083 -0.059 
-0.698 -0.004 -0.070 -0.712 0.840 0.000 -0.541 -0.038 0.806 0.000 -0.443 -0.393 0.769 -0.000 -0.618 -0.164 0.866 -0.000 -0.382 -0.324 0.704 0.000 -0.700 0.118 0.991 0.000 0.126 -0.040 0.645 -0.000 -0.746 0.163 0.995 0.000 0.084 -0.057 
-0.698 -0.004 -0.070 -0.712 0.840 0.000 -0.541 -0.038 0.807 0.000 -0.443 -0.391 0.769 0.000 -0.618 -0.163 0.866 0.000 -0.381 -0.324 0.704 0.000 -0.700 0.118 0.991 -0.000 0.126 -0.039 0.646 0.000 -0.746 0.164 0.995 0.000 0.083 -0.059 
-0.699 -0.003 -0.071 -0.712 0.840 0.000 -0.541 -0.038 0.808 -0.000 -0.443 -0.389 0.770 0.000 -0.618 -0.163 0.866 0.000 -0.380 -0.324 0.704 -0.000 -0.700 0.119 0.991 0.000 0.126 -0.040 0.646 0.000 -0.746 0.164 0.995 0.000 0.082 -0.058 
-0.699 -0.003 -0.071 -0.712 0.840 0.000 -0.542 -0.039 0.809 0.000 -0.443 -0.387 0.770 0.000 -0.617 -0.161 0.867 0.000 -0.379 -0.325 0.704 -0.000 -0.700 0.119 0.991 0.000 0.126 -0.040 0.645 -0.000 -0.746 0.164 0.995 0.000 0.084 -0.058 
-0.699 -0.003 -0.071 -0.712 0.839 0.000 -0.542 -0.039 0.810 0.000 -0.444 -0.383 0.771 0.000 -0.616 -0.162 0.868 0.000 -0.378 -0.323 0.704 0.000 -0.700 0.119 0.991 -0.000 0.126 -0.040 0.646 0.000 -0.746 0.165 0.995 0.000 0.083 -0.059 
-0.699 -0.003 -0.071 -0.711 0.839 0.000 -0.542 -0.040 0.811 0.000 -0.444 -0.381 0.771 0.000 -0.616 -0.161 0.868 0.000 -0.377 -0.323 0.704 0.000 -0.700 0.119 0.991 0.000 0.126 -0.040 0.645 0.000 -0.746 0.165 0.995 0.000 0.083 -0.058 
-0.699 -0.003 -0.071 -0.711 0.839 0.000 -0.543 -0.040 0.812 0.000 -0.444 -0.378 0.772 0.000 -0.615 -0.160 0.868 -0.000 -0.376 -0.324 0.704 0.000 -0.700 0.119 0.991 0.000 0.126 -0.040 0.646 0.000 -0.745 0.166 0.995 0.000 0.082 -0.059 
-0.700 -0.002 -0.071 -0.711 0.839 -0.000 -0.543 -0.040 0.813 0.000 -0.445 -0.375 0.773 0.000 -0.615 -0.159 0.869 0.000 -0.375 -0.324 0.704 0.000 -0.700 0.119 0.991 -0.000 0.126 -0.040 0.646 0.000 -0.745 0.167 0.995 0.000 0.082 -0.059 
-0.700 -0.002 -0.071 -0.711 0.838 0.000 -0.544 -0.041 0.814 0.000 -0.446 -0.371 0.773 -0.000 -0.614 -0.158 0.869 0.000 -0.375 -0.324 0.704 0.000 -0.700 0.120 0.991 0.000 0.126 -0.040 0.646 0.000 -0.745 0.167 0.995 -0.000 0.083 -0.059 
-0.700 -0.002 -0.071 -0.710 0.838 -0.000 -0.544 -0.041 0.815 0.000 -0.447 -0.369 0.774 0.000 -0.613 -0.157 0.869 0.000 -0.374 -0.324 0.704 0.000 -0.700 0.120 0.991 0.000 0.126 -0.040 0.645 0.000 -0.746 0.167 0.995 0.000 0.084 -0.058 
-0.701 -0.002 -0.071 -0.710 0.837 -0.000 -0.545 -0.042 0.816 0.000 -0.447 -0.366 0.775 0.000 -0.613 -0.156 0.869 0.000 -0.373 -0.325 0.704 0.000 -0.700 0.120 0.991 0.000 0.126 -0.040 0.646 0.000 -0.745 0.168 0.995 0.000 0.082 -0.059 
-0.701 -0.002 -0.071 -0.710 0.837 0.000 -0.545 -0.042 0.817 0.000 -0.448 -0.363 0.776 0.000 -0.612 -0.155 0.869 -0.000 -0.373 -0.325 0.704 0.000 -0.700 0.120 0.991 0.000 0.126 -0.040 0.646 0.000 -0.745 0.169 0.995 0.000 0.082 -0.059 
-0.701 -0.002 -0.071 -0.709 0.837 -0.000 -0.546 -0.043 0.818 0.000 -0.449 -0.360 0.776 -0.000 -0.611 -0.154 0.869 0.000 -0.372 -0.325 0.704 0.000 -0.700 0.120 0.991 0.000 0.126 -0.040 0.645 0.000 -0.745 0.168 0.995 -0.000 0.084 -0.058 
-0.701 -0.001 -0.071 -0.709 0.836 0.000 -0.547 -0.043 0.819 0.000 -0.450 -0.357 0.777 0.000 -0.611 -0.153 0.869 0.000 -0.371 -0.326 0.704 0.000 -0.700 0.120 0.991 0.000 0.126 -0.040 0.645 0.000 -0.745 0.168 0.995 -0.000 0.084 -0.058 
-0.702 -0.001 -0.072 -0.709 0.836 0.000 -0.547 -0.044 0.819 0.000 -0.451 -0.354 0.778 0.000 -0.610 -0.152 0.869 -0.000 -0.371 -0.326 0.704 -0.000 -0.700 0.120 0.991 0.000 0.126 -0.040 0.645 0.000 -0.745 0.169 0.995 0.000 0.084 -0.058 
-0.702 -0.001 -0.072 -0.708 0.835 0.000 -0.548 -0.044 0.820 0.000 -0.452 -0.351 0.779 0.000 -0.609 -0.151 0.869 0.000 -0.370 -0.327 0.704 0.000 -0.700 0.120 0.991 -0.000 0.126 -0.040 0.646 0.000 -0.744 0.170 0.995 0.000 0.082 -0.059 
-0.702 -0.001 -0.072 -0.708 0.835 -0.000 -0.549 -0.045 0.821 -0.000 -0.452 -0.349 0.780 0.000 -0.608 -0.150 0.869 0.000 -0.370 -0.327 0.704 0.000 -0.700 0.120 0.991 0.000 0.126 -0.040 0.646 0.000 -0.744 0.170 0.995 0.000 0.083 -0.059 
-0.703 -0.001 -0.072 -0.708 0.834 0.000 -0.549 -0.045 0.822 0.000 -0.452 -0.346 0.780 0.000 -0.607 -0.149 0.869 0.000 -0.370 -0.328 0.704 0.000 -0.700 0.120 0.991 0.000 0.126 -0.040 0.646 0.000 -0.744 0.170 0.995 -0.000 0.083 -0.059 
-0.703 -0.001 -0.072 -0.708 0.834 0.000 -0.550 -0.046 0.823 0.000 -0.452 -0.344 0.781 0.000 -0.606 -0.148 0.869 0.000 -0.370 -0.329 0.704 0.000 -0.701 0.119 0.991 -0.000 0.126 -0.040 0.646 0.000 -0.744 0.171 0.995 -0.000 0.083 -0.059 
-0.703 -0.001 -0.072 -0.707 0.833 0.000 -0.551 -0.046 0.823 0.000 -0.452 -0.343 0.782 0.000 -0.605 -0.148 0.869 0.000 -0.369 -0.330 0.703 0.000 -0.701 0.119 0.991 0.000 0.126 -0.039 0.646 -0.000 -0.744 0.171 0.995 0.000 0.083 -0.059 
-0.703 -0.001 -0.072 -0.707 0.833 0.000 -0.552 -0.046 0.824 0.000 -0.452 -0.342 0.783 0.000 -0.605 -0.147 0.868 0.000 -0.369 -0.331 0.703 0.000 -0.701 0.119 0.991 0.000 0.126 -0.039 0.646 0.000 -0.744 0.171 0.995 0.000 0.083 -0.059 
-0.704 -0.000 -0.072 -0.707 0.832 0.000 -0.552 -0.046 0.824 0.000 -0.452 -0.342 0.784 0.000 -0.604 -0.146 0.868 0.000 -0.369 -0.333 0.703 -0.000 -0.701 0.119 0.991 0.000 0.126 -0.039 0.646 -0.000 -0.744 0.171 0.995 -0.000 0.083 -0.059 
-0.704 -0.000 -0.072 -0.707 0.832 -0.000 -0.553 -0.046 0.824 0.000 -0.451 -0.342 0.785 -0.000 -0.603 -0.144 0.867 0.000 -0.369 -0.335 0.703 0.000 -0.701 0.119 0.991 0.000 0.126 -0.039 0.646 0.000 -0.744 0.171 0.995 0.000 0.083 -0.059 
-0.704 -0.000 -0.072 -0.706 0.831 0.000 -0.554 -0.046 0.824 -0.000 -0.450 -0.343 0.785 0.000 -0.602 -0.143 0.866 0.000 -0.369 -0.338 0.703 0.000 -0.701 0.119 0.991 0.000 0.126 -0.039 0.646 0.000 -0.744 0.171 0.995 0.000 0.083 -0.059 
-0.704 -0.000 -0.071 -0.706 0.831 0.000 -0.554 -0.045 0.824 0.000 -0.449 -0.345 0.786 0.000 -0.601 -0.142 0.865 0.000 -0.369 -0.340 0.703 0.000 -0.701 0.119 0.991 0.000 0.126 -0.039 0.646 -0.000 -0.744 0.172 0.995 0.000 0.083 -0.059 
