# T   LUA LFA RUA RFA LT  LS  RT  RS  
-0.662 0.144 -0.194 -0.710 0.816 0.000 -0.561 0.139 0.745 0.000 -0.108 -0.658 0.791 0.000 -0.610 0.042 0.822 0.000 -0.172 -0.544 0.698 0.000 -0.389 -0.601 0.674 0.000 -0.529 0.516 0.654 0.000 -0.447 -0.610 0.690 0.000 -0.578 0.435 
-0.662 0.144 -0.194 -0.710 0.816 0.000 -0.561 0.139 0.745 0.000 -0.108 -0.658 0.791 0.000 -0.610 0.042 0.822 0.000 -0.171 -0.544 0.698 0.000 -0.388 -0.602 0.674 0.000 -0.529 0.516 0.654 0.000 -0.447 -0.611 0.690 0.000 -0.578 0.435 
-0.662 0.144 -0.194 -0.710 0.816 -0.000 -0.561 0.139 0.746 0.000 -0.108 -0.658 0.791 0.000 -0.610 0.041 0.822 0.000 -0.171 -0.544 0.698 -0.000 -0.388 -0.602 0.674 0.000 -0.529 0.516 0.654 0.000 -0.446 -0.611 0.690 0.000 -0.578 0.435 
-0.662 0.144 -0.194 -0.710 0.816 -0.000 -0.561 0.139 0.746 0.000 -0.109 -0.657 0.791 0.000 -0.610 0.041 0.822 0.000 -0.171 -0.543 0.698 0.000 -0.388 -0.602 0.674 0.000 -0.529 0.516 0.654 0.000 -0.446 -0.611 0.690 0.000 -0.578 0.435 
-0.662 0.143 -0.194 -0.710 0.816 -0.000 -0.561 0.139 0.746 -0.000 -0.109 -0.657 0.791 0.000 -0.610 0.041 0.822 0.000 -0.171 -0.543 0.698 -0.000 -0.388 -0.602 0.674 0.000 -0.529 0.516 0.654 0.000 -0.446 -0.611 0.690 0.000 -0.579 0.435 
-0.662 0.143 -0.194 -0.710 0.816 0.000 -0.561 0.139 0.746 0.000 -0.109 -0.657 0.791 -0.000 -0.610 0.041 0.822 0.000 -0.171 -0.543 0.698 0.000 -0.388 -0.602 0.674 -0.000 -0.529 0.515 0.654 0.000 -0.446 -0.611 0.690 0.000 -0.579 0.435 
-0.662 0.143 -0.194 -0.710 0.816 0.000 -0.561 0.139 0.746 0.000 -0.109 -0.657 0.791 0.000 -0.610 0.041 0.822 0.000 -0.171 -0.543 0.698 0.000 -0.388 -0.602 0.674 -0.000 -0.529 0.516 0.654 0.000 -0.446 -0.611 0.690 0.000 -0.579 0.435 
-0.662 0.143 -0.194 -0.710 0.816 0.000 -0.561 0.139 0.746 0.000 -0.109 -0.657 0.791 0.000 -0.610 0.041 0.822 0.000 -0.170 -0.543 0.698 0.000 -0.388 -0.602 0.674 0.000 -0.529 0.515 0.654 0.000 -0.446 -0.611 0.690 0.000 -0.579 0.434 
-0.662 0.143 -0.194 -0.710 0.816 0.000 -0.561 0.139 0.746 0.000 -0.109 -0.657 0.791 0.000 -0.610 0.041 0.822 0.000 -0.170 -0.543 0.698 0.000 -0.388 -0.602 0.674 0.000 -0.529 0.516 0.654 0.000 -0.446 -0.611 0.690 -0.000 -0.578 0.435 
-0.662 0.143 -0.194 -0.710 0.816 0.000 -0.561 0.139 0.746 -0.000 -0.109 -0.657 0.791 0.000 -0.610 0.041 0.822 0.000 -0.170 -0.543 0.698 0.000 -0.388 -0.602 0.674 0.000 -0.529 0.516 0.654 0.000 -0.446 -0.611 0.690 0.000 -0.579 0.435 
-0.662 0.143 -0.194 -0.710 0.816 0.000 -0.561 0.139 0.746 0.000 -0.109 -0.657 0.791 -0.000 -0.610 0.041 0.822 0.000 -0.169 -0.543 0.698 0.000 -0.388 -0.602 0.674 0.000 -0.529 0.516 0.654 0.000 -0.446 -0.611 0.690 0.000 -0.579 0.435 
-0.662 0.143 -0.194 -0.710 0.816 -0.000 -0.561 0.139 0.746 0.000 -0.109 -0.657 0.791 -0.000 -0.610 0.041 0.822 -0.000 -0.169 -0.543 0.698 0.000 -0.388 -0.602 0.674 -0.000 -0.529 0.516 0.654 0.000 -0.446 -0.611 0.690 0.000 -0.578 0.435 
-0.662 0.143 -0.194 -0.710 0.816 0.000 -0.562 0.138 0.746 0.000 -0.109 -0.657 0.791 0.000 -0.610 0.042 0.822 0.000 -0.169 -0.543 0.698 0.000 -0.388 -0.602 0.674 0.000 -0.529 0.516 0.654 0.000 -0.446 -0.611 0.690 -0.000 -0.579 0.434 
-0.662 0.143 -0.194 -0.710 0.816 -0.000 -0.562 0.139 0.746 0.000 -0.109 -0.657 0.791 0.000 -0.610 0.041 0.822 0.000 -0.169 -0.543 0.698 0.000 -0.388 -0.602 0.674 0.000 -0.529 0.516 0.654 0.000 -0.446 -0.611 0.690 0.000 -0.579 0.435 
-0.662 0.143 -0.194 -0.710 0.816 0.000 -0.562 0.138 0.746 0.000 -0.109 -0.657 0.791 0.000 -0.610 0.041 0.822 0.000 -0.169 -0.543 0.698 0.000 -0.388 -0.602 0.674 -0.000 -0.529 0.516 0.654 0.000 -0.446 -0.611 0.690 0.000 -0.579 0.435 
-0.662 0.143 -0.194 -0.710 0.816 -0.000 -0.562 0.138 0.746 0.000 -0.109 -0.657 0.791 0.000 -0.610 0.042 0.822 0.000 -0.169 -0.544 0.698 0.000 -0.388 -0.602 0.674 -0.000 -0.529 0.516 0.654 0.000 -0.446 -0.611 0.690 0.000 -0.579 0.435 
-0.662 0.143 -0.194 -0.710 0.815 0.000 -0.562 0.138 0.746 -0.000 -0.109 -0.657 0.791 0.000 -0.610 0.042 0.822 0.000 -0.169 -0.544 0.698 0.000 -0.388 -0.602 0.674 0.000 -0.529 0.516 0.654 0.000 -0.446 -0.611 0.690 0.000 -0.579 0.435 
-0.662 0.143 -0.194 -0.710 0.815 0.000 -0.562 0.138 0.746 0.000 -0.109 -0.657 0.791 0.000 -0.610 0.042 0.822 0.000 -0.169 -0.544 0.698 0.000 -0.388 -0.602 0.674 0.000 -0.529 0.516 0.654 0.000 -0.446 -0.611 0.690 0.000 -0.578 0.435 
-0.662 0.143 -0.194 -0.710 0.815 -0.000 -0.563 0.139 0.745 -0.000 -0.109 -0.658 0.791 0.000 -0.610 0.042 0.822 0.000 -0.169 -0.544 0.698 0.000 -0.388 -0.602 0.674 0.000 -0.529 0.516 0.654 -0.000 -0.446 -0.611 0.690 0.000 -0.578 0.435 
-0.662 0.143 -0.194 -0.710 0.815 0.000 -0.563 0.138 0.745 -0.000 -0.109 -0.658 0.791 -0.000 -0.610 0.043 0.822 0.000 -0.168 -0.544 0.698 0.000 -0.388 -0.602 0.674 -0.000 -0.529 0.516 0.654 0.000 -0.446 -0.611 0.690 0.000 -0.578 0.435 
-0.662 0.143 -0.194 -0.710 0.815 0.000 -0.563 0.138 0.745 0.000 -0.109 -0.658 0.791 0.000 -0.610 0.043 0.822 0.000 -0.169 -0.544 0.698 0.000 -0.388 -0.602 0.674 -0.000 -0.529 0.516 0.654 -0.000 -0.446 -0.611 0.690 0.000 -0.578 0.435 
-0.662 0.143 -0.194 -0.710 0.815 0.000 -0.563 0.138 0.745 0.000 -0.110 -0.658 0.791 -0.000 -0.610 0.043 0.822 0.000 -0.168 -0.545 0.698 0.000 -0.388 -0.602 0.674 0.000 -0.529 0.516 0.654 0.000 -0.447 -0.611 0.690 0.000 -0.578 0.435 
-0.662 0.143 -0.194 -0.710 0.815 0.000 -0.563 0.139 0.745 0.000 -0.110 -0.658 0.791 0.000 -0.610 0.043 0.822 0.000 -0.169 -0.545 0.698 0.000 -0.388 -0.602 0.674 0.000 -0.529 0.516 0.654 0.000 -0.447 -0.611 0.690 0.000 -0.578 0.435 
-0.662 0.143 -0.194 -0.710 0.815 0.000 -0.563 0.139 0.745 0.000 -0.110 -0.658 0.791 0.000 -0.610 0.043 0.821 0.000 -0.169 -0.545 0.698 0.000 -0.388 -0.602 0.674 0.000 -0.529 0.516 0.654 -0.000 -0.446 -0.611 0.690 0.000 -0.578 0.435 
-0.662 0.143 -0.194 -0.710 0.815 0.000 -0.563 0.139 0.745 0.000 -0.111 -0.658 0.791 0.000 -0.610 0.044 0.821 0.000 -0.169 -0.545 0.698 0.000 -0.388 -0.602 0.674 0.000 -0.529 0.516 0.654 -0.000 -0.446 -0.611 0.690 0.000 -0.578 0.435 
-0.662 0.143 -0.194 -0.710 0.815 0.000 -0.563 0.139 0.745 -0.000 -0.111 -0.658 0.791 -0.000 -0.610 0.044 0.821 0.000 -0.169 -0.545 0.698 0.000 -0.388 -0.602 0.674 -0.000 -0.529 0.516 0.654 -0.000 -0.446 -0.611 0.690 0.000 -0.578 0.435 
-0.662 0.143 -0.194 -0.710 0.815 0.000 -0.563 0.139 0.744 0.000 -0.111 -0.658 0.791 0.000 -0.610 0.044 0.821 0.000 -0.169 -0.545 0.698 0.000 -0.388 -0.602 0.674 0.000 -0.529 0.516 0.654 0.000 -0.446 -0.611 0.690 0.000 -0.578 0.435 
-0.662 0.143 -0.194 -0.710 0.815 0.000 -0.563 0.139 0.744 0.000 -0.112 -0.658 0.791 0.000 -0.610 0.044 0.821 0.000 -0.169 -0.545 0.698 0.000 -0.388 -0.602 0.674 0.000 -0.529 0.516 0.654 0.000 -0.446 -0.611 0.690 0.000 -0.579 0.435 
-0.662 0.143 -0.194 -0.710 0.815 -0.000 -0.563 0.139 0.744 0.000 -0.112 -0.658 0.791 0.000 -0.610 0.044 0.821 0.000 -0.169 -0.545 0.698 0.000 -0.388 -0.602 0.674 0.000 -0.529 0.515 0.654 0.000 -0.446 -0.611 0.690 0.000 -0.579 0.434 
-0.662 0.143 -0.194 -0.710 0.815 0.000 -0.563 0.139 0.745 0.000 -0.112 -0.658 0.791 -0.000 -0.610 0.044 0.822 0.000 -0.169 -0.544 0.698 0.000 -0.388 -0.602 0.674 0.000 -0.529 0.516 0.654 0.000 -0.446 -0.611 0.690 0.000 -0.578 0.434 
-0.662 0.143 -0.194 -0.710 0.815 0.000 -0.563 0.139 0.745 0.000 -0.113 -0.658 0.791 0.000 -0.610 0.044 0.822 0.000 -0.169 -0.544 0.698 0.000 -0.388 -0.602 0.674 0.000 -0.529 0.515 0.654 0.000 -0.446 -0.611 0.690 0.000 -0.579 0.434 
-0.662 0.143 -0.194 -0.710 0.815 0.000 -0.563 0.139 0.745 0.000 -0.113 -0.658 0.791 0.000 -0.611 0.044 0.822 0.000 -0.169 -0.544 0.698 0.000 -0.388 -0.602 0.674 0.000 -0.530 0.515 0.654 0.000 -0.446 -0.611 0.690 -0.000 -0.579 0.434 
-0.662 0.143 -0.194 -0.710 0.815 0.000 -0.563 0.139 0.745 0.000 -0.113 -0.658 0.791 0.000 -0.610 0.044 0.822 0.000 -0.169 -0.544 0.698 0.000 -0.388 -0.602 0.674 0.000 -0.529 0.515 0.654 0.000 -0.446 -0.611 0.690 0.000 -0.579 0.434 
-0.662 0.143 -0.194 -0.710 0.815 0.000 -0.563 0.139 0.745 0.000 -0.113 -0.657 0.791 0.000 -0.611 0.044 0.822 0.000 -0.169 -0.544 0.698 0.000 -0.388 -0.602 0.674 0.000 -0.529 0.515 0.654 0.000 -0.446 -0.611 0.690 0.000 -0.579 0.434 
-0.662 0.143 -0.194 -0.710 0.815 0.000 -0.563 0.139 0.745 -0.000 -0.114 -0.657 0.791 -0.000 -0.611 0.045 0.822 0.000 -0.170 -0.544 0.698 0.000 -0.388 -0.602 0.674 0.000 -0.529 0.515 0.654 0.000 -0.446 -0.611 0.690 0.000 -0.579 0.434 
-0.662 0.143 -0.194 -0.710 0.815 -0.000 -0.563 0.139 0.745 0.000 -0.114 -0.657 0.791 0.000 -0.611 0.045 0.822 0.000 -0.170 -0.544 0.698 0.000 -0.387 -0.602 0.674 0.000 -0.530 0.515 0.654 0.000 -0.446 -0.611 0.690 0.000 -0.579 0.434 
-0.662 0.143 -0.194 -0.710 0.815 0.000 -0.563 0.139 0.746 0.000 -0.114 -0.657 0.791 -0.000 -0.611 0.045 0.822 0.000 -0.170 -0.544 0.698 0.000 -0.388 -0.602 0.674 0.000 -0.530 0.515 0.654 0.000 -0.446 -0.611 0.690 -0.000 -0.579 0.434 
-0.662 0.143 -0.194 -0.710 0.815 0.000 -0.563 0.139 0.746 0.000 -0.115 -0.656 0.790 -0.000 -0.611 0.045 0.822 0.000 -0.170 -0.544 0.698 0.000 -0.387 -0.602 0.674 -0.000 -0.530 0.515 0.654 0.000 -0.446 -0.611 0.690 0.000 -0.579 0.434 
-0.662 0.143 -0.194 -0.710 0.815 0.000 -0.563 0.139 0.746 0.000 -0.115 -0.656 0.790 0.000 -0.611 0.045 0.822 0.000 -0.171 -0.543 0.698 0.000 -0.387 -0.602 0.674 0.000 -0.529 0.515 0.654 0.000 -0.446 -0.611 0.690 0.000 -0.579 0.434 
-0.662 0.143 -0.194 -0.710 0.815 0.000 -0.563 0.140 0.746 0.000 -0.116 -0.656 0.790 -0.000 -0.611 0.046 0.822 0.000 -0.171 -0.544 0.698 0.000 -0.388 -0.602 0.674 -0.000 -0.529 0.516 0.654 0.000 -0.446 -0.611 0.690 0.000 -0.579 0.434 
-0.662 0.143 -0.194 -0.710 0.815 0.000 -0.562 0.140 0.746 0.000 -0.116 -0.656 0.790 0.000 -0.611 0.046 0.822 0.000 -0.171 -0.544 0.698 0.000 -0.388 -0.602 0.674 0.000 -0.530 0.515 0.654 0.000 -0.446 -0.611 0.690 0.000 -0.579 0.434 
-0.662 0.143 -0.194 -0.710 0.815 -0.000 -0.562 0.140 0.746 0.000 -0.116 -0.656 0.790 0.000 -0.611 0.046 0.822 -0.000 -0.171 -0.544 0.698 0.000 -0.388 -0.602 0.674 0.000 -0.529 0.515 0.654 0.000 -0.446 -0.611 0.690 0.000 -0.579 0.434 
-0.662 0.143 -0.194 -0.710 0.815 0.000 -0.562 0.140 0.746 -0.000 -0.117 -0.655 0.790 0.000 -0.611 0.046 0.822 0.000 -0.171 -0.544 0.698 0.000 -0.388 -0.602 0.674 -0.000 -0.529 0.516 0.654 0.000 -0.446 -0.611 0.690 0.000 -0.579 0.434 
-0.662 0.143 -0.194 -0.710 0.815 0.000 -0.562 0.141 0.746 0.000 -0.117 -0.656 0.790 0.000 -0.611 0.046 0.822 0.000 -0.171 -0.544 0.698 0.000 -0.388 -0.602 0.674 0.000 -0.529 0.515 0.654 0.000 -0.446 -0.611 0.690 0.000 -0.579 0.434 
-0.662 0.143 -0.194 -0.710 0.815 0.000 -0.562 0.141 0.746 -0.000 -0.117 -0.656 0.790 0.000 -0.612 0.046 0.822 0.000 -0.171 -0.544 0.698 0.000 -0.388 -0.602 0.674 0.000 -0.529 0.515 0.654 -0.000 -0.446 -0.611 0.690 -0.000 -0.579 0.435 
-0.662 0.143 -0.194 -0.710 0.815 -0.000 -0.562 0.141 0.746 -0.000 -0.118 -0.655 0.790 0.000 -0.612 0.046 0.822 0.000 -0.171 -0.544 0.698 -0.000 -0.388 -0.602 0.674 0.000 -0.529 0.515 0.654 0.000 -0.446 -0.611 0.690 0.000 -0.579 0.434 
-0.662 0.143 -0.194 -0.710 0.815 0.000 -0.562 0.141 0.746 -0.000 -0.118 -0.656 0.790 0.000 -0.612 0.046 0.822 0.000 -0.171 -0.544 0.698 0.000 -0.387 -0.602 0.674 0.000 -0.530 0.515 0.654 -0.000 -0.446 -0.611 0.690 0.000 -0.579 0.435 
-0.662 0.143 -0.194 -0.710 0.815 0.000 -0.562 0.142 0.746 0.000 -0.118 -0.656 0.790 0.000 -0.612 0.046 0.822 0.000 -0.171 -0.544 0.698 -0.000 -0.388 -0.602 0.674 0.000 -0.530 0.515 0.654 0.000 -0.446 -0.611 0.690 0.000 -0.579 0.435 
-0.662 0.143 -0.194 -0.710 0.815 0.000 -0.562 0.142 0.746 0.000 -0.118 -0.656 0.789 0.000 -0.612 0.046 0.821 0.000 -0.171 -0.544 0.698 0.000 -0.387 -0.602 0.674 0.000 -0.530 0.515 0.654 -0.000 -0.446 -0.611 0.690 0.000 -0.579 0.434 
-0.662 0.143 -0.194 -0.710 0.815 0.000 -0.561 0.142 0.746 0.000 -0.118 -0.656 0.789 0.000 -0.612 0.047 0.821 0.000 -0.171 -0.544 0.698 0.000 -0.388 -0.602 0.674 0.000 -0.529 0.515 0.654 0.000 -0.446 -0.611 0.690 0.000 -0.579 0.434 
-0.662 0.143 -0.194 -0.710 0.815 0.000 -0.561 0.142 0.745 0.000 -0.118 -0.656 0.789 0.000 -0.612 0.046 0.822 0.000 -0.171 -0.544 0.698 0.000 -0.388 -0.602 0.674 0.000 -0.529 0.515 0.654 0.000 -0.446 -0.611 0.690 0.000 -0.579 0.434 
-0.662 0.143 -0.194 -0.710 0.815 0.000 -0.561 0.142 0.745 0.000 -0.118 -0.656 0.789 0.000 -0.612 0.047 0.822 0.000 -0.171 -0.544 0.698 0.000 -0.388 -0.602 0.674 0.000 -0.529 0.515 0.654 -0.000 -0.446 -0.611 0.690 0.000 -0.579 0.434 
-0.662 0.143 -0.194 -0.710 0.815 0.000 -0.561 0.142 0.745 0.000 -0.118 -0.656 0.789 -0.000 -0.613 0.047 0.822 0.000 -0.171 -0.544 0.698 0.000 -0.388 -0.602 0.674 0.000 -0.529 0.516 0.654 0.000 -0.446 -0.611 0.690 0.000 -0.579 0.434 
-0.662 0.143 -0.194 -0.710 0.815 0.000 -0.561 0.142 0.745 0.000 -0.118 -0.656 0.789 0.000 -0.613 0.047 0.822 0.000 -0.171 -0.544 0.698 0.000 -0.388 -0.602 0.674 0.000 -0.529 0.515 0.654 0.000 -0.446 -0.611 0.690 0.000 -0.579 0.435 
-0.662 0.143 -0.194 -0.710 0.815 0.000 -0.562 0.142 0.745 -0.000 -0.117 -0.656 0.789 0.000 -0.613 0.047 0.822 0.000 -0.172 -0.544 0.698 0.000 -0.388 -0.602 0.674 0.000 -0.530 0.515 0.654 -0.000 -0.446 -0.611 0.690 0.000 -0.579 0.435 
-0.662 0.143 -0.194 -0.710 0.815 0.000 -0.561 0.142 0.745 0.000 -0.117 -0.657 0.789 -0.000 -0.613 0.047 0.821 -0.000 -0.172 -0.544 0.698 0.000 -0.388 -0.602 0.674 0.000 -0.530 0.515 0.654 0.000 -0.446 -0.611 0.690 0.000 -0.579 0.435 
-0.662 0.143 -0.194 -0.710 0.815 0.000 -0.562 0.142 0.745 0.000 -0.117 -0.657 0.789 -0.000 -0.613 0.047 0.822 0.000 -0.172 -0.544 0.698 0.000 -0.388 -0.602 0.674 0.000 -0.529 0.515 0.654 0.000 -0.446 -0.611 0.690 -0.000 -0.579 0.435 
-0.662 0.143 -0.194 -0.710 0.815 0.000 -0.562 0.142 0.745 -0.000 -0.116 -0.657 0.789 -0.000 -0.613 0.047 0.821 0.000 -0.172 -0.544 0.698 0.000 -0.388 -0.602 0.674 -0.000 -0.529 0.515 0.654 0.000 -0.446 -0.611 0.690 0.000 -0.579 0.435 
-0.662 0.144 -0.194 -0.710 0.815 -0.000 -0.562 0.142 0.745 -0.000 -0.116 -0.657 0.789 0.000 -0.613 0.047 0.821 -0.000 -0.172 -0.544 0.698 -0.000 -0.388 -0.602 0.674 0.000 -0.529 0.516 0.654 0.000 -0.446 -0.611 0.690 0.000 -0.579 0.435 
-0.662 0.144 -0.194 -0.710 0.815 0.000 -0.562 0.141 0.745 -0.000 -0.116 -0.657 0.789 0.000 -0.613 0.048 0.821 0.000 -0.172 -0.544 0.698 0.000 -0.388 -0.602 0.674 0.000 -0.529 0.516 0.654 0.000 -0.446 -0.611 0.690 0.000 -0.578 0.435 
-0.662 0.144 -0.194 -0.710 0.815 0.000 -0.562 0.141 0.745 0.000 -0.115 -0.658 0.789 0.000 -0.613 0.048 0.821 0.000 -0.172 -0.544 0.698 0.000 -0.388 -0.602 0.674 0.000 -0.529 0.516 0.654 0.000 -0.446 -0.611 0.690 0.000 -0.579 0.435 
-0.662 0.144 -0.194 -0.710 0.815 0.000 -0.562 0.141 0.744 0.000 -0.115 -0.658 0.789 0.000 -0.613 0.048 0.821 0.000 -0.172 -0.544 0.698 -0.000 -0.388 -0.602 0.674 0.000 -0.529 0.516 0.654 0.000 -0.446 -0.611 0.690 0.000 -0.579 0.435 
-0.662 0.144 -0.194 -0.710 0.815 0.000 -0.562 0.141 0.744 0.000 -0.114 -0.658 0.789 0.000 -0.613 0.047 0.821 0.000 -0.172 -0.544 0.698 0.000 -0.388 -0.602 0.674 0.000 -0.529 0.516 0.654 0.000 -0.446 -0.611 0.690 0.000 -0.578 0.435 
-0.662 0.144 -0.194 -0.710 0.815 0.000 -0.562 0.141 0.744 -0.000 -0.114 -0.658 0.789 0.000 -0.613 0.047 0.821 -0.000 -0.172 -0.544 0.698 -0.000 -0.388 -0.602 0.674 0.000 -0.529 0.516 0.654 0.000 -0.446 -0.611 0.690 -0.000 -0.578 0.435 
-0.662 0.144 -0.194 -0.710 0.815 0.000 -0.562 0.140 0.744 -0.000 -0.113 -0.658 0.789 0.000 -0.613 0.047 0.821 -0.000 -0.173 -0.544 0.698 0.000 -0.388 -0.602 0.674 0.000 -0.529 0.516 0.654 -0.000 -0.446 -0.611 0.690 0.000 -0.579 0.435 
-0.662 0.144 -0.194 -0.710 0.815 0.000 -0.562 0.140 0.744 -0.000 -0.113 -0.658 0.789 0.000 -0.613 0.047 0.821 0.000 -0.173 -0.544 0.698 0.000 -0.388 -0.602 0.674 -0.000 -0.529 0.516 0.654 0.000 -0.447 -0.611 0.690 0.000 -0.578 0.435 
-0.662 0.144 -0.194 -0.710 0.815 0.000 -0.562 0.140 0.744 0.000 -0.113 -0.658 0.789 0.000 -0.613 0.048 0.821 0.000 -0.173 -0.544 0.698 0.000 -0.388 -0.602 0.674 0.000 -0.529 0.516 0.654 0.000 -0.447 -0.611 0.690 0.000 -0.578 0.435 
-0.662 0.144 -0.194 -0.709 0.815 0.000 -0.562 0.140 0.744 0.000 -0.112 -0.659 0.789 0.000 -0.613 0.048 0.821 0.000 -0.173 -0.544 0.698 -0.000 -0.388 -0.602 0.674 0.000 -0.529 0.516 0.654 0.000 -0.447 -0.611 0.690 0.000 -0.578 0.435 
-0.662 0.144 -0.194 -0.710 0.815 0.000 -0.562 0.140 0.744 0.000 -0.112 -0.659 0.789 0.000 -0.613 0.048 0.821 0.000 -0.173 -0.544 0.698 0.000 -0.388 -0.602 0.674 0.000 -0.529 0.516 0.654 0.000 -0.447 -0.611 0.690 0.000 -0.578 0.435 
-0.662 0.144 -0.194 -0.710 0.815 0.000 -0.562 0.140 0.744 0.000 -0.111 -0.659 0.789 0.000 -0.612 0.048 0.821 -0.000 -0.173 -0.544 0.698 0.000 -0.389 -0.601 0.674 0.000 -0.529 0.516 0.654 0.000 -0.447 -0.610 0.690 0.000 -0.578 0.435 
-0.662 0.144 -0.194 -0.709 0.815 0.000 -0.563 0.139 0.744 -0.000 -0.111 -0.659 0.789 0.000 -0.613 0.048 0.821 0.000 -0.173 -0.544 0.698 -0.000 -0.389 -0.601 0.674 0.000 -0.529 0.516 0.654 0.000 -0.447 -0.610 0.690 0.000 -0.578 0.435 
-0.662 0.144 -0.194 -0.710 0.815 0.000 -0.563 0.139 0.744 0.000 -0.111 -0.659 0.789 0.000 -0.613 0.048 0.821 0.000 -0.173 -0.544 0.698 0.000 -0.389 -0.601 0.674 -0.000 -0.529 0.516 0.654 -0.000 -0.447 -0.610 0.690 0.000 -0.578 0.436 
-0.662 0.144 -0.195 -0.709 0.815 0.000 -0.563 0.139 0.744 0.000 -0.110 -0.659 0.789 0.000 -0.613 0.048 0.821 0.000 -0.173 -0.544 0.698 0.000 -0.389 -0.601 0.674 0.000 -0.529 0.516 0.654 0.000 -0.447 -0.610 0.690 0.000 -0.578 0.436 
-0.662 0.144 -0.195 -0.709 0.815 -0.000 -0.563 0.139 0.744 0.000 -0.110 -0.659 0.789 0.000 -0.613 0.048 0.821 -0.000 -0.173 -0.544 0.698 0.000 -0.389 -0.601 0.674 0.000 -0.528 0.517 0.654 0.000 -0.447 -0.610 0.690 0.000 -0.578 0.435 
-0.662 0.144 -0.195 -0.710 0.815 0.000 -0.563 0.139 0.744 0.000 -0.110 -0.659 0.789 0.000 -0.613 0.048 0.821 0.000 -0.173 -0.544 0.698 -0.000 -0.389 -0.601 0.674 0.000 -0.529 0.516 0.654 -0.000 -0.447 -0.610 0.690 0.000 -0.578 0.436 
-0.662 0.144 -0.195 -0.709 0.815 0.000 -0.563 0.139 0.744 0.000 -0.110 -0.659 0.789 0.000 -0.613 0.048 0.821 0.000 -0.173 -0.544 0.698 0.000 -0.389 -0.601 0.674 0.000 -0.529 0.517 0.654 0.000 -0.447 -0.610 0.690 0.000 -0.578 0.436 
-0.662 0.144 -0.195 -0.709 0.815 0.000 -0.563 0.138 0.744 -0.000 -0.110 -0.659 0.789 0.000 -0.613 0.048 0.821 0.000 -0.173 -0.545 0.698 0.000 -0.389 -0.601 0.674 0.000 -0.529 0.517 0.654 0.000 -0.447 -0.610 0.690 0.000 -0.578 0.436 
-0.662 0.144 -0.195 -0.709 0.815 0.000 -0.563 0.138 0.744 0.000 -0.110 -0.659 0.789 0.000 -0.613 0.048 0.821 0.000 -0.173 -0.545 0.698 0.000 -0.389 -0.601 0.674 0.000 -0.529 0.516 0.654 0.000 -0.447 -0.610 0.690 -0.000 -0.578 0.436 
-0.662 0.144 -0.195 -0.710 0.815 0.000 -0.563 0.138 0.744 0.000 -0.110 -0.659 0.789 0.000 -0.613 0.048 0.821 0.000 -0.173 -0.545 0.698 0.000 -0.389 -0.601 0.674 0.000 -0.528 0.517 0.654 -0.000 -0.447 -0.610 0.690 -0.000 -0.578 0.436 
-0.662 0.144 -0.195 -0.709 0.815 0.000 -0.563 0.138 0.744 0.000 -0.110 -0.659 0.789 0.000 -0.613 0.049 0.820 0.000 -0.173 -0.545 0.698 0.000 -0.389 -0.601 0.674 0.000 -0.529 0.517 0.654 0.000 -0.447 -0.610 0.690 0.000 -0.578 0.436 
-0.662 0.144 -0.195 -0.710 0.815 0.000 -0.563 0.138 0.744 -0.000 -0.109 -0.659 0.789 0.000 -0.613 0.049 0.820 0.000 -0.173 -0.545 0.698 0.000 -0.389 -0.601 0.674 0.000 -0.529 0.516 0.654 -0.000 -0.447 -0.610 0.690 0.000 -0.578 0.436 
-0.662 0.144 -0.195 -0.709 0.815 0.000 -0.563 0.138 0.744 0.000 -0.110 -0.659 0.789 0.000 -0.613 0.049 0.820 0.000 -0.172 -0.545 0.698 0.000 -0.389 -0.601 0.674 0.000 -0.529 0.517 0.654 0.000 -0.447 -0.610 0.690 0.000 -0.578 0.436 
-0.662 0.144 -0.194 -0.710 0.815 -0.000 -0.563 0.138 0.744 0.000 -0.110 -0.659 0.789 -0.000 -0.613 0.048 0.820 0.000 -0.172 -0.545 0.698 -0.000 -0.389 -0.601 0.674 -0.000 -0.529 0.516 0.654 0.000 -0.447 -0.610 0.690 0.000 -0.578 0.436 
-0.662 0.144 -0.194 -0.710 0.815 0.000 -0.563 0.138 0.744 0.000 -0.111 -0.659 0.788 0.000 -0.613 0.048 0.820 0.000 -0.172 -0.545 0.698 0.000 -0.388 -0.602 0.674 0.000 -0.529 0.516 0.654 0.000 -0.447 -0.610 0.690 0.000 -0.578 0.435 
-0.662 0.144 -0.194 -0.710 0.815 -0.000 -0.563 0.138 0.744 0.000 -0.110 -0.659 0.788 0.000 -0.613 0.048 0.820 0.000 -0.172 -0.545 0.698 0.000 -0.389 -0.602 0.674 -0.000 -0.529 0.516 0.654 0.000 -0.447 -0.610 0.690 0.000 -0.578 0.435 
-0.662 0.144 -0.195 -0.710 0.815 -0.000 -0.562 0.138 0.744 0.000 -0.112 -0.659 0.788 0.000 -0.613 0.048 0.820 -0.000 -0.172 -0.545 0.698 0.000 -0.389 -0.601 0.674 0.000 -0.529 0.516 0.654 -0.000 -0.447 -0.610 0.690 0.000 -0.578 0.435 
-0.662 0.144 -0.194 -0.709 0.815 0.000 -0.563 0.138 0.744 -0.000 -0.112 -0.659 0.788 0.000 -0.613 0.049 0.820 0.000 -0.172 -0.546 0.698 0.000 -0.389 -0.602 0.674 -0.000 -0.529 0.516 0.654 0.000 -0.447 -0.610 0.690 -0.000 -0.578 0.435 
-0.662 0.144 -0.194 -0.710 0.815 0.000 -0.562 0.138 0.743 0.000 -0.113 -0.659 0.788 0.000 -0.614 0.048 0.820 0.000 -0.172 -0.546 0.698 0.000 -0.388 -0.602 0.674 -0.000 -0.529 0.516 0.654 -0.000 -0.447 -0.611 0.690 0.000 -0.578 0.435 
-0.662 0.144 -0.194 -0.709 0.815 0.000 -0.562 0.137 0.744 -0.000 -0.114 -0.659 0.788 0.000 -0.614 0.048 0.820 0.000 -0.172 -0.546 0.698 0.000 -0.388 -0.602 0.674 -0.000 -0.529 0.516 0.654 0.000 -0.447 -0.611 0.690 0.000 -0.578 0.435 
-0.662 0.144 -0.194 -0.710 0.816 0.000 -0.562 0.138 0.744 0.000 -0.115 -0.659 0.788 0.000 -0.614 0.048 0.820 0.000 -0.172 -0.546 0.698 0.000 -0.388 -0.602 0.674 0.000 -0.529 0.516 0.654 0.000 -0.447 -0.611 0.690 -0.000 -0.578 0.435 
-0.662 0.144 -0.194 -0.709 0.816 0.000 -0.562 0.138 0.744 0.000 -0.116 -0.659 0.788 -0.000 -0.614 0.048 0.820 0.000 -0.171 -0.546 0.698 0.000 -0.388 -0.602 0.674 0.000 -0.529 0.516 0.654 -0.000 -0.446 -0.611 0.690 0.000 -0.579 0.435 
-0.662 0.144 -0.194 -0.710 0.816 0.000 -0.562 0.138 0.744 0.000 -0.117 -0.658 0.788 -0.000 -0.614 0.048 0.820 0.000 -0.171 -0.546 0.698 0.000 -0.388 -0.602 0.674 -0.000 -0.529 0.516 0.654 0.000 -0.446 -0.611 0.690 0.000 -0.579 0.435 
-0.662 0.144 -0.194 -0.710 0.816 0.000 -0.562 0.138 0.744 0.000 -0.117 -0.658 0.788 0.000 -0.614 0.048 0.820 0.000 -0.171 -0.546 0.698 -0.000 -0.388 -0.602 0.674 0.000 -0.529 0.516 0.654 0.000 -0.446 -0.611 0.690 0.000 -0.579 0.435 
-0.662 0.144 -0.194 -0.709 0.816 0.000 -0.562 0.138 0.744 0.000 -0.118 -0.658 0.788 0.000 -0.614 0.048 0.820 0.000 -0.171 -0.546 0.698 -0.000 -0.388 -0.602 0.674 -0.000 -0.529 0.516 0.654 0.000 -0.446 -0.611 0.690 0.000 -0.579 0.435 
-0.662 0.144 -0.194 -0.710 0.816 0.000 -0.562 0.138 0.744 0.000 -0.119 -0.658 0.788 0.000 -0.614 0.048 0.820 0.000 -0.171 -0.546 0.698 0.000 -0.388 -0.602 0.674 0.000 -0.530 0.516 0.654 0.000 -0.446 -0.611 0.690 0.000 -0.579 0.435 
-0.662 0.144 -0.194 -0.710 0.816 -0.000 -0.562 0.138 0.744 0.000 -0.119 -0.658 0.788 0.000 -0.614 0.048 0.820 0.000 -0.171 -0.546 0.698 0.000 -0.388 -0.602 0.674 0.000 -0.530 0.515 0.654 0.000 -0.446 -0.611 0.690 0.000 -0.579 0.435 
-0.662 0.144 -0.194 -0.710 0.816 0.000 -0.561 0.138 0.744 0.000 -0.120 -0.657 0.787 0.000 -0.615 0.048 0.820 0.000 -0.171 -0.546 0.698 0.000 -0.388 -0.602 0.674 -0.000 -0.530 0.515 0.654 0.000 -0.446 -0.611 0.690 -0.000 -0.579 0.435 
-0.662 0.144 -0.194 -0.710 0.816 0.000 -0.562 0.138 0.744 0.000 -0.121 -0.657 0.787 0.000 -0.615 0.047 0.820 0.000 -0.170 -0.546 0.698 0.000 -0.388 -0.602 0.674 0.000 -0.530 0.516 0.654 0.000 -0.446 -0.611 0.690 0.000 -0.579 0.435 
-0.662 0.144 -0.194 -0.709 0.816 0.000 -0.561 0.138 0.744 -0.000 -0.122 -0.657 0.787 0.000 -0.615 0.047 0.820 0.000 -0.170 -0.546 0.698 0.000 -0.388 -0.602 0.674 0.000 -0.529 0.516 0.654 0.000 -0.446 -0.611 0.690 0.000 -0.579 0.435 
-0.662 0.143 -0.194 -0.710 0.816 0.000 -0.561 0.139 0.744 0.000 -0.123 -0.657 0.787 0.000 -0.615 0.047 0.820 0.000 -0.170 -0.546 0.698 0.000 -0.388 -0.602 0.674 0.000 -0.530 0.515 0.654 0.000 -0.446 -0.611 0.690 -0.000 -0.579 0.435 
-0.662 0.143 -0.194 -0.710 0.816 0.000 -0.561 0.139 0.744 0.000 -0.123 -0.657 0.787 0.000 -0.615 0.047 0.820 -0.000 -0.170 -0.546 0.698 0.000 -0.388 -0.602 0.674 0.000 -0.529 0.516 0.654 0.000 -0.446 -0.611 0.690 0.000 -0.579 0.435 
-0.662 0.143 -0.194 -0.710 0.816 0.000 -0.561 0.139 0.744 0.000 -0.123 -0.657 0.787 0.000 -0.615 0.047 0.820 0.000 -0.170 -0.546 0.698 0.000 -0.388 -0.602 0.674 0.000 -0.530 0.515 0.654 -0.000 -0.446 -0.611 0.690 0.000 -0.579 0.434 
-0.662 0.143 -0.194 -0.710 0.816 0.000 -0.561 0.139 0.744 0.000 -0.124 -0.657 0.787 0.000 -0.616 0.047 0.820 0.000 -0.170 -0.546 0.698 0.000 -0.388 -0.602 0.674 0.000 -0.530 0.515 0.654 0.000 -0.446 -0.611 0.690 0.000 -0.579 0.434 
-0.662 0.144 -0.194 -0.710 0.816 0.000 -0.561 0.139 0.744 0.000 -0.125 -0.656 0.787 0.000 -0.616 0.047 0.820 0.000 -0.170 -0.546 0.698 0.000 -0.388 -0.602 0.674 0.000 -0.530 0.515 0.654 0.000 -0.446 -0.611 0.690 0.000 -0.579 0.435 
-0.662 0.143 -0.194 -0.710 0.816 0.000 -0.561 0.139 0.744 0.000 -0.125 -0.656 0.786 0.000 -0.616 0.047 0.820 -0.000 -0.170 -0.546 0.698 0.000 -0.388 -0.602 0.674 -0.000 -0.530 0.515 0.654 0.000 -0.446 -0.611 0.690 0.000 -0.579 0.435 
-0.662 0.143 -0.194 -0.709 0.816 0.000 -0.561 0.139 0.744 0.000 -0.125 -0.656 0.786 0.000 -0.616 0.047 0.820 0.000 -0.170 -0.546 0.698 0.000 -0.388 -0.602 0.674 0.000 -0.530 0.515 0.654 -0.000 -0.446 -0.611 0.690 0.000 -0.579 0.435 
-0.662 0.143 -0.194 -0.710 0.816 0.000 -0.561 0.139 0.744 -0.000 -0.125 -0.656 0.786 0.000 -0.616 0.046 0.820 0.000 -0.169 -0.546 0.698 0.000 -0.388 -0.602 0.674 0.000 -0.530 0.515 0.654 0.000 -0.446 -0.611 0.690 -0.000 -0.579 0.435 
-0.662 0.143 -0.194 -0.710 0.816 -0.000 -0.562 0.139 0.744 0.000 -0.126 -0.656 0.786 -0.000 -0.616 0.046 0.820 0.000 -0.169 -0.546 0.698 0.000 -0.388 -0.602 0.674 0.000 -0.530 0.515 0.654 0.000 -0.446 -0.611 0.690 0.000 -0.579 0.435 
-0.662 0.143 -0.194 -0.710 0.816 0.000 -0.562 0.140 0.744 0.000 -0.126 -0.656 0.786 0.000 -0.616 0.046 0.820 0.000 -0.169 -0.546 0.698 0.000 -0.388 -0.602 0.674 0.000 -0.530 0.515 0.654 0.000 -0.446 -0.611 0.690 0.000 -0.579 0.435 
-0.662 0.143 -0.194 -0.709 0.816 -0.000 -0.562 0.140 0.744 0.000 -0.126 -0.656 0.786 -0.000 -0.616 0.046 0.820 0.000 -0.169 -0.547 0.698 0.000 -0.388 -0.602 0.674 0.000 -0.530 0.515 0.654 0.000 -0.446 -0.611 0.690 0.000 -0.579 0.435 
-0.662 0.143 -0.194 -0.710 0.815 0.000 -0.562 0.140 0.744 0.000 -0.126 -0.656 0.786 0.000 -0.617 0.046 0.820 0.000 -0.169 -0.547 0.698 0.000 -0.388 -0.602 0.674 0.000 -0.530 0.515 0.654 0.000 -0.446 -0.611 0.690 0.000 -0.579 0.435 
-0.662 0.143 -0.194 -0.710 0.815 0.000 -0.562 0.140 0.744 0.000 -0.126 -0.656 0.786 0.000 -0.617 0.046 0.820 -0.000 -0.169 -0.547 0.698 0.000 -0.388 -0.602 0.674 -0.000 -0.530 0.515 0.654 0.000 -0.446 -0.611 0.690 0.000 -0.579 0.435 
-0.662 0.143 -0.194 -0.710 0.815 0.000 -0.562 0.140 0.744 0.000 -0.126 -0.656 0.786 0.000 -0.617 0.046 0.820 0.000 -0.169 -0.547 0.698 0.000 -0.387 -0.602 0.674 0.000 -0.530 0.515 0.654 0.000 -0.446 -0.611 0.690 0.000 -0.579 0.435 
-0.662 0.143 -0.194 -0.710 0.815 0.000 -0.562 0.139 0.744 0.000 -0.127 -0.656 0.786 0.000 -0.617 0.046 0.820 -0.000 -0.169 -0.547 0.698 -0.000 -0.387 -0.602 0.674 0.000 -0.530 0.515 0.654 0.000 -0.446 -0.611 0.690 0.000 -0.579 0.435 
-0.662 0.144 -0.194 -0.710 0.815 0.000 -0.562 0.139 0.744 0.000 -0.127 -0.656 0.786 0.000 -0.617 0.046 0.820 0.000 -0.169 -0.547 0.698 0.000 -0.388 -0.602 0.674 0.000 -0.530 0.515 0.654 0.000 -0.446 -0.611 0.690 0.000 -0.579 0.435 
-0.662 0.144 -0.194 -0.710 0.815 -0.000 -0.562 0.140 0.744 0.000 -0.127 -0.656 0.786 0.000 -0.617 0.046 0.820 0.000 -0.169 -0.547 0.698 0.000 -0.387 -0.602 0.674 0.000 -0.530 0.515 0.654 0.000 -0.446 -0.611 0.690 -0.000 -0.579 0.435 
-0.662 0.143 -0.194 -0.710 0.815 -0.000 -0.563 0.140 0.744 0.000 -0.127 -0.656 0.786 0.000 -0.617 0.046 0.820 -0.000 -0.169 -0.547 0.698 0.000 -0.388 -0.602 0.674 0.000 -0.530 0.515 0.654 0.000 -0.446 -0.611 0.690 0.000 -0.579 0.435 
-0.662 0.144 -0.194 -0.710 0.815 0.000 -0.563 0.139 0.744 0.000 -0.126 -0.656 0.786 0.000 -0.617 0.046 0.820 0.000 -0.168 -0.547 0.698 0.000 -0.388 -0.602 0.674 0.000 -0.530 0.515 0.654 0.000 -0.446 -0.611 0.690 0.000 -0.579 0.435 
-0.662 0.143 -0.194 -0.710 0.815 0.000 -0.563 0.139 0.744 0.000 -0.127 -0.656 0.786 0.000 -0.617 0.046 0.820 0.000 -0.168 -0.547 0.698 0.000 -0.388 -0.602 0.674 0.000 -0.530 0.515 0.654 0.000 -0.446 -0.612 0.690 0.000 -0.579 0.435 
-0.662 0.143 -0.194 -0.710 0.815 0.000 -0.563 0.139 0.744 0.000 -0.126 -0.656 0.786 -0.000 -0.617 0.046 0.820 0.000 -0.168 -0.547 0.698 0.000 -0.388 -0.602 0.674 -0.000 -0.530 0.515 0.654 -0.000 -0.446 -0.612 0.690 0.000 -0.579 0.435 
-0.662 0.143 -0.194 -0.710 0.815 -0.000 -0.563 0.139 0.744 0.000 -0.126 -0.656 0.786 0.000 -0.617 0.046 0.820 0.000 -0.168 -0.547 0.698 0.000 -0.388 -0.602 0.674 0.000 -0.530 0.515 0.654 0.000 -0.446 -0.612 0.690 0.000 -0.579 0.435 
-0.662 0.144 -0.194 -0.710 0.815 0.000 -0.563 0.139 0.744 0.000 -0.127 -0.656 0.786 0.000 -0.617 0.046 0.820 0.000 -0.168 -0.547 0.698 0.000 -0.388 -0.602 0.674 -0.000 -0.530 0.515 0.654 0.000 -0.446 -0.612 0.690 -0.000 -0.579 0.435 
-0.662 0.144 -0.194 -0.710 0.815 0.000 -0.563 0.139 0.744 0.000 -0.127 -0.656 0.786 0.000 -0.617 0.046 0.820 -0.000 -0.168 -0.547 0.698 0.000 -0.388 -0.602 0.674 0.000 -0.530 0.515 0.654 0.000 -0.446 -0.612 0.690 0.000 -0.579 0.435 
-0.662 0.144 -0.194 -0.710 0.815 0.000 -0.563 0.139 0.744 0.000 -0.127 -0.656 0.786 0.000 -0.617 0.046 0.820 0.000 -0.167 -0.548 0.698 0.000 -0.388 -0.602 0.674 0.000 -0.530 0.515 0.654 0.000 -0.446 -0.612 0.690 -0.000 -0.579 0.435 
-0.662 0.144 -0.194 -0.710 0.815 -0.000 -0.563 0.139 0.744 0.000 -0.127 -0.656 0.786 0.000 -0.617 0.046 0.820 0.000 -0.167 -0.548 0.698 0.000 -0.388 -0.602 0.674 0.000 -0.530 0.515 0.654 0.000 -0.446 -0.612 0.690 0.000 -0.579 0.435 
-0.662 0.144 -0.194 -0.710 0.815 -0.000 -0.563 0.139 0.744 0.000 -0.127 -0.656 0.785 0.000 -0.617 0.047 0.820 0.000 -0.167 -0.548 0.698 0.000 -0.388 -0.602 0.674 -0.000 -0.530 0.515 0.654 0.000 -0.446 -0.612 0.690 -0.000 -0.579 0.435 
-0.662 0.144 -0.194 -0.710 0.815 0.000 -0.563 0.139 0.744 0.000 -0.127 -0.656 0.786 0.000 -0.617 0.047 0.820 0.000 -0.168 -0.548 0.698 0.000 -0.388 -0.602 0.674 0.000 -0.530 0.515 0.654 0.000 -0.446 -0.612 0.690 0.000 -0.579 0.435 
-0.662 0.144 -0.194 -0.710 0.815 0.000 -0.563 0.139 0.744 0.000 -0.127 -0.656 0.785 0.000 -0.617 0.047 0.820 0.000 -0.167 -0.548 0.698 0.000 -0.388 -0.602 0.674 -0.000 -0.530 0.515 0.654 0.000 -0.446 -0.611 0.690 0.000 -0.579 0.434 
-0.662 0.144 -0.194 -0.710 0.815 0.000 -0.563 0.138 0.744 0.000 -0.128 -0.656 0.785 0.000 -0.617 0.047 0.820 0.000 -0.167 -0.548 0.698 0.000 -0.388 -0.602 0.674 0.000 -0.530 0.515 0.654 0.000 -0.446 -0.611 0.690 0.000 -0.579 0.435 
-0.662 0.144 -0.194 -0.710 0.815 0.000 -0.563 0.138 0.744 0.000 -0.128 -0.656 0.785 0.000 -0.617 0.047 0.820 0.000 -0.167 -0.548 0.698 0.000 -0.388 -0.602 0.674 0.000 -0.530 0.515 0.654 0.000 -0.446 -0.611 0.690 0.000 -0.579 0.435 
-0.662 0.144 -0.194 -0.710 0.815 -0.000 -0.563 0.138 0.744 0.000 -0.128 -0.656 0.785 0.000 -0.617 0.047 0.820 0.000 -0.167 -0.548 0.698 -0.000 -0.388 -0.602 0.674 0.000 -0.530 0.515 0.654 0.000 -0.446 -0.611 0.690 0.000 -0.579 0.435 
-0.662 0.144 -0.194 -0.710 0.815 0.000 -0.563 0.138 0.744 0.000 -0.128 -0.656 0.785 0.000 -0.618 0.048 0.820 0.000 -0.166 -0.548 0.698 -0.000 -0.388 -0.602 0.674 0.000 -0.529 0.516 0.654 0.000 -0.446 -0.611 0.690 0.000 -0.579 0.435 
-0.662 0.144 -0.194 -0.710 0.815 0.000 -0.563 0.138 0.744 0.000 -0.128 -0.656 0.785 -0.000 -0.618 0.048 0.820 0.000 -0.166 -0.548 0.698 0.000 -0.388 -0.602 0.674 0.000 -0.530 0.515 0.654 0.000 -0.446 -0.611 0.690 0.000 -0.579 0.435 
-0.662 0.144 -0.194 -0.710 0.815 -0.000 -0.563 0.138 0.744 0.000 -0.128 -0.656 0.785 0.000 -0.618 0.048 0.820 0.000 -0.166 -0.548 0.698 0.000 -0.388 -0.602 0.674 -0.000 -0.529 0.516 0.654 0.000 -0.446 -0.611 0.690 -0.000 -0.579 0.435 
-0.662 0.144 -0.194 -0.710 0.815 0.000 -0.563 0.138 0.744 0.000 -0.128 -0.656 0.785 0.000 -0.618 0.048 0.820 0.000 -0.166 -0.548 0.698 -0.000 -0.388 -0.602 0.674 0.000 -0.529 0.516 0.654 0.000 -0.446 -0.611 0.690 0.000 -0.579 0.434 
-0.662 0.144 -0.194 -0.710 0.815 -0.000 -0.563 0.138 0.744 -0.000 -0.128 -0.656 0.785 0.000 -0.618 0.048 0.820 0.000 -0.166 -0.548 0.698 0.000 -0.388 -0.602 0.674 0.000 -0.529 0.516 0.654 0.000 -0.446 -0.611 0.690 -0.000 -0.579 0.435 
-0.662 0.144 -0.194 -0.710 0.815 0.000 -0.563 0.138 0.744 0.000 -0.128 -0.656 0.784 -0.000 -0.618 0.048 0.820 0.000 -0.166 -0.548 0.698 0.000 -0.388 -0.602 0.674 0.000 -0.529 0.516 0.654 0.000 -0.446 -0.611 0.690 0.000 -0.579 0.435 
-0.662 0.144 -0.194 -0.710 0.815 0.000 -0.563 0.137 0.744 0.000 -0.127 -0.656 0.784 0.000 -0.618 0.048 0.820 -0.000 -0.166 -0.548 0.698 0.000 -0.388 -0.602 0.674 0.000 -0.529 0.516 0.654 0.000 -0.446 -0.611 0.690 0.000 -0.579 0.435 
-0.662 0.144 -0.194 -0.710 0.815 0.000 -0.563 0.137 0.744 -0.000 -0.127 -0.656 0.784 -0.000 -0.619 0.048 0.820 0.000 -0.166 -0.548 0.698 0.000 -0.388 -0.602 0.674 -0.000 -0.529 0.516 0.654 0.000 -0.446 -0.611 0.690 0.000 -0.579 0.435 
-0.662 0.144 -0.194 -0.710 0.815 0.000 -0.563 0.137 0.744 0.000 -0.127 -0.656 0.784 0.000 -0.619 0.048 0.820 0.000 -0.166 -0.548 0.698 0.000 -0.388 -0.602 0.674 0.000 -0.529 0.516 0.654 0.000 -0.446 -0.611 0.690 0.000 -0.579 0.435 
-0.662 0.144 -0.194 -0.710 0.815 0.000 -0.563 0.137 0.744 0.000 -0.127 -0.656 0.784 -0.000 -0.619 0.049 0.820 -0.000 -0.166 -0.548 0.698 0.000 -0.388 -0.602 0.674 0.000 -0.529 0.516 0.654 0.000 -0.446 -0.611 0.690 -0.000 -0.579 0.435 
-0.662 0.144 -0.194 -0.710 0.815 0.000 -0.563 0.136 0.744 0.000 -0.127 -0.656 0.784 -0.000 -0.619 0.049 0.820 0.000 -0.166 -0.548 0.698 -0.000 -0.388 -0.602 0.674 0.000 -0.529 0.516 0.654 0.000 -0.446 -0.611 0.690 0.000 -0.579 0.434 
-0.662 0.144 -0.194 -0.710 0.815 0.000 -0.563 0.136 0.744 0.000 -0.126 -0.656 0.784 0.000 -0.619 0.049 0.820 0.000 -0.166 -0.548 0.698 0.000 -0.388 -0.602 0.674 0.000 -0.529 0.516 0.654 0.000 -0.446 -0.611 0.690 0.000 -0.579 0.434 
-0.662 0.144 -0.194 -0.710 0.815 0.000 -0.563 0.136 0.744 0.000 -0.126 -0.656 0.784 0.000 -0.619 0.049 0.820 0.000 -0.166 -0.548 0.698 0.000 -0.388 -0.602 0.674 0.000 -0.529 0.516 0.654 0.000 -0.446 -0.611 0.690 0.000 -0.579 0.434 
-0.662 0.144 -0.194 -0.710 0.815 0.000 -0.563 0.136 0.744 0.000 -0.126 -0.656 0.784 -0.000 -0.619 0.049 0.820 0.000 -0.166 -0.548 0.698 0.000 -0.388 -0.602 0.674 0.000 -0.529 0.516 0.654 0.000 -0.446 -0.611 0.690 0.000 -0.579 0.434 
-0.662 0.144 -0.194 -0.710 0.815 -0.000 -0.563 0.135 0.744 0.000 -0.125 -0.656 0.784 -0.000 -0.619 0.049 0.820 0.000 -0.166 -0.548 0.698 0.000 -0.388 -0.602 0.674 0.000 -0.529 0.516 0.654 0.000 -0.446 -0.611 0.690 0.000 -0.579 0.434 
-0.662 0.144 -0.194 -0.710 0.815 0.000 -0.563 0.135 0.744 0.000 -0.125 -0.656 0.784 0.000 -0.619 0.049 0.820 0.000 -0.166 -0.548 0.698 0.000 -0.388 -0.602 0.674 -0.000 -0.529 0.516 0.654 0.000 -0.446 -0.611 0.690 0.000 -0.579 0.434 
-0.662 0.144 -0.194 -0.710 0.815 0.000 -0.563 0.135 0.744 0.000 -0.125 -0.657 0.784 0.000 -0.619 0.049 0.820 -0.000 -0.166 -0.548 0.698 0.000 -0.388 -0.602 0.674 0.000 -0.529 0.516 0.654 0.000 -0.446 -0.611 0.690 0.000 -0.579 0.435 
-0.662 0.144 -0.194 -0.710 0.815 0.000 -0.563 0.135 0.744 0.000 -0.124 -0.657 0.784 0.000 -0.619 0.049 0.820 0.000 -0.166 -0.547 0.698 0.000 -0.388 -0.602 0.674 0.000 -0.529 0.516 0.654 0.000 -0.446 -0.611 0.690 0.000 -0.579 0.435 
-0.662 0.144 -0.194 -0.710 0.816 0.000 -0.563 0.134 0.744 0.000 -0.124 -0.657 0.784 0.000 -0.619 0.049 0.820 -0.000 -0.166 -0.548 0.698 0.000 -0.388 -0.602 0.674 0.000 -0.529 0.516 0.654 0.000 -0.446 -0.611 0.690 0.000 -0.579 0.435 
-0.662 0.144 -0.194 -0.710 0.816 0.000 -0.563 0.134 0.744 -0.000 -0.124 -0.657 0.784 0.000 -0.619 0.049 0.820 -0.000 -0.166 -0.548 0.698 0.000 -0.388 -0.602 0.674 0.000 -0.529 0.516 0.654 0.000 -0.446 -0.611 0.690 0.000 -0.579 0.435 
-0.662 0.144 -0.194 -0.710 0.816 0.000 -0.563 0.134 0.744 0.000 -0.124 -0.657 0.783 0.000 -0.620 0.049 0.820 0.000 -0.166 -0.548 0.698 0.000 -0.388 -0.602 0.674 -0.000 -0.529 0.516 0.654 -0.000 -0.446 -0.611 0.690 0.000 -0.579 0.435 
-0.662 0.144 -0.194 -0.710 0.816 0.000 -0.563 0.134 0.744 0.000 -0.124 -0.657 0.783 0.000 -0.619 0.049 0.820 -0.000 -0.166 -0.548 0.698 0.000 -0.388 -0.602 0.674 0.000 -0.529 0.516 0.654 0.000 -0.446 -0.611 0.690 0.000 -0.579 0.435 
-0.662 0.144 -0.194 -0.710 0.816 0.000 -0.563 0.133 0.744 -0.000 -0.123 -0.657 0.783 0.000 -0.620 0.049 0.820 0.000 -0.166 -0.548 0.698 0.000 -0.388 -0.602 0.674 0.000 -0.529 0.516 0.654 0.000 -0.446 -0.611 0.690 -0.000 -0.579 0.435 
-0.662 0.144 -0.194 -0.710 0.816 0.000 -0.563 0.133 0.744 0.000 -0.123 -0.657 0.783 -0.000 -0.620 0.049 0.820 -0.000 -0.166 -0.548 0.698 0.000 -0.388 -0.602 0.674 0.000 -0.529 0.516 0.654 0.000 -0.446 -0.611 0.690 0.000 -0.579 0.435 
-0.662 0.144 -0.194 -0.710 0.816 0.000 -0.563 0.133 0.744 0.000 -0.123 -0.657 0.783 0.000 -0.620 0.049 0.820 0.000 -0.166 -0.548 0.698 0.000 -0.389 -0.602 0.674 -0.000 -0.529 0.516 0.654 0.000 -0.446 -0.611 0.690 0.000 -0.579 0.435 
-0.662 0.144 -0.194 -0.710 0.816 0.000 -0.563 0.133 0.744 0.000 -0.123 -0.657 0.783 0.000 -0.620 0.049 0.820 0.000 -0.166 -0.548 0.698 0.000 -0.388 -0.602 0.674 -0.000 -0.529 0.516 0.654 0.000 -0.446 -0.611 0.690 0.000 -0.579 0.435 
-0.662 0.144 -0.194 -0.710 0.816 0.000 -0.563 0.133 0.744 0.000 -0.123 -0.656 0.783 0.000 -0.620 0.049 0.820 0.000 -0.166 -0.548 0.698 0.000 -0.388 -0.602 0.674 -0.000 -0.529 0.516 0.654 0.000 -0.446 -0.611 0.690 0.000 -0.579 0.435 
-0.662 0.144 -0.194 -0.710 0.816 0.000 -0.563 0.133 0.744 -0.000 -0.123 -0.657 0.783 0.000 -0.620 0.049 0.820 0.000 -0.166 -0.548 0.698 -0.000 -0.388 -0.602 0.674 -0.000 -0.529 0.516 0.654 0.000 -0.446 -0.611 0.690 0.000 -0.579 0.435 
-0.662 0.144 -0.194 -0.710 0.816 0.000 -0.563 0.133 0.744 0.000 -0.123 -0.657 0.783 0.000 -0.620 0.049 0.820 -0.000 -0.166 -0.548 0.698 0.000 -0.388 -0.602 0.674 0.000 -0.529 0.516 0.654 0.000 -0.446 -0.611 0.690 0.000 -0.579 0.435 
-0.662 0.144 -0.194 -0.710 0.816 -0.000 -0.562 0.133 0.744 0.000 -0.123 -0.657 0.783 0.000 -0.621 0.050 0.820 0.000 -0.166 -0.548 0.698 0.000 -0.388 -0.602 0.674 -0.000 -0.529 0.516 0.654 0.000 -0.446 -0.611 0.690 0.000 -0.579 0.435 
-0.662 0.144 -0.194 -0.710 0.816 0.000 -0.562 0.133 0.744 0.000 -0.123 -0.657 0.782 0.000 -0.621 0.049 0.820 0.000 -0.166 -0.548 0.698 0.000 -0.388 -0.602 0.674 0.000 -0.529 0.516 0.654 0.000 -0.446 -0.611 0.690 0.000 -0.579 0.435 
-0.662 0.144 -0.194 -0.710 0.816 0.000 -0.562 0.133 0.744 -0.000 -0.123 -0.657 0.782 -0.000 -0.621 0.049 0.820 0.000 -0.166 -0.548 0.698 0.000 -0.388 -0.602 0.674 0.000 -0.529 0.516 0.654 0.000 -0.446 -0.611 0.690 -0.000 -0.579 0.435 
-0.662 0.144 -0.194 -0.710 0.816 0.000 -0.562 0.133 0.744 0.000 -0.123 -0.657 0.782 -0.000 -0.621 0.049 0.820 0.000 -0.166 -0.548 0.698 0.000 -0.388 -0.602 0.674 0.000 -0.529 0.516 0.654 0.000 -0.446 -0.611 0.690 0.000 -0.579 0.435 
-0.662 0.144 -0.194 -0.710 0.816 0.000 -0.562 0.133 0.744 0.000 -0.123 -0.657 0.782 0.000 -0.621 0.049 0.820 0.000 -0.166 -0.548 0.698 -0.000 -0.388 -0.602 0.674 0.000 -0.529 0.516 0.654 0.000 -0.446 -0.611 0.690 0.000 -0.579 0.435 
-0.662 0.144 -0.194 -0.710 0.816 -0.000 -0.562 0.133 0.744 0.000 -0.123 -0.657 0.782 -0.000 -0.621 0.050 0.820 -0.000 -0.166 -0.548 0.698 0.000 -0.388 -0.602 0.674 -0.000 -0.529 0.516 0.654 0.000 -0.446 -0.611 0.690 0.000 -0.579 0.435 
-0.662 0.144 -0.194 -0.710 0.816 -0.000 -0.562 0.133 0.744 -0.000 -0.122 -0.657 0.782 -0.000 -0.621 0.050 0.820 0.000 -0.166 -0.548 0.698 0.000 -0.388 -0.602 0.674 -0.000 -0.529 0.516 0.654 -0.000 -0.446 -0.611 0.690 0.000 -0.579 0.435 
-0.662 0.144 -0.194 -0.710 0.816 0.000 -0.562 0.133 0.744 0.000 -0.122 -0.657 0.782 0.000 -0.621 0.050 0.820 0.000 -0.166 -0.548 0.698 0.000 -0.388 -0.602 0.674 0.000 -0.529 0.516 0.654 0.000 -0.446 -0.611 0.690 0.000 -0.579 0.435 
-0.662 0.144 -0.194 -0.710 0.816 0.000 -0.562 0.133 0.743 0.000 -0.122 -0.657 0.782 0.000 -0.621 0.050 0.820 0.000 -0.167 -0.548 0.698 0.000 -0.388 -0.602 0.674 0.000 -0.529 0.516 0.654 -0.000 -0.446 -0.611 0.690 0.000 -0.579 0.435 
-0.662 0.144 -0.194 -0.710 0.816 -0.000 -0.562 0.133 0.743 0.000 -0.122 -0.658 0.782 0.000 -0.621 0.050 0.820 0.000 -0.167 -0.548 0.698 0.000 -0.388 -0.602 0.674 0.000 -0.529 0.516 0.654 0.000 -0.446 -0.611 0.690 0.000 -0.579 0.435 
-0.662 0.144 -0.194 -0.710 0.816 0.000 -0.562 0.133 0.743 -0.000 -0.122 -0.658 0.782 0.000 -0.621 0.050 0.820 0.000 -0.167 -0.548 0.698 0.000 -0.388 -0.602 0.674 0.000 -0.529 0.516 0.654 -0.000 -0.446 -0.611 0.690 0.000 -0.579 0.435 
-0.662 0.144 -0.194 -0.710 0.816 0.000 -0.562 0.133 0.743 0.000 -0.122 -0.658 0.782 0.000 -0.621 0.050 0.820 0.000 -0.167 -0.548 0.698 0.000 -0.388 -0.602 0.674 0.000 -0.529 0.516 0.654 0.000 -0.446 -0.611 0.690 0.000 -0.579 0.435 
-0.662 0.144 -0.194 -0.710 0.816 0.000 -0.562 0.133 0.743 0.000 -0.122 -0.658 0.782 0.000 -0.621 0.050 0.820 0.000 -0.167 -0.548 0.698 -0.000 -0.388 -0.602 0.674 0.000 -0.529 0.516 0.654 0.000 -0.446 -0.611 0.690 0.000 -0.579 0.435 
-0.662 0.144 -0.194 -0.710 0.816 0.000 -0.562 0.133 0.743 -0.000 -0.122 -0.658 0.782 0.000 -0.621 0.050 0.820 0.000 -0.167 -0.548 0.698 0.000 -0.388 -0.602 0.674 0.000 -0.529 0.516 0.654 0.000 -0.446 -0.611 0.690 0.000 -0.579 0.435 
-0.662 0.144 -0.194 -0.710 0.816 0.000 -0.562 0.133 0.744 0.000 -0.122 -0.658 0.782 -0.000 -0.621 0.050 0.820 0.000 -0.167 -0.548 0.698 -0.000 -0.388 -0.602 0.674 0.000 -0.529 0.516 0.654 0.000 -0.446 -0.611 0.690 -0.000 -0.579 0.435 
-0.662 0.144 -0.194 -0.709 0.816 0.000 -0.562 0.133 0.743 -0.000 -0.122 -0.658 0.782 0.000 -0.621 0.050 0.820 0.000 -0.168 -0.548 0.698 -0.000 -0.388 -0.602 0.674 -0.000 -0.530 0.516 0.654 0.000 -0.446 -0.611 0.690 0.000 -0.579 0.435 
-0.662 0.144 -0.194 -0.710 0.816 0.000 -0.562 0.134 0.743 -0.000 -0.122 -0.658 0.782 0.000 -0.621 0.050 0.820 0.000 -0.168 -0.548 0.698 0.000 -0.388 -0.602 0.674 0.000 -0.529 0.516 0.654 0.000 -0.446 -0.611 0.690 0.000 -0.579 0.435 
-0.662 0.144 -0.194 -0.710 0.816 0.000 -0.562 0.134 0.744 -0.000 -0.122 -0.657 0.782 -0.000 -0.621 0.050 0.820 0.000 -0.168 -0.548 0.698 0.000 -0.388 -0.602 0.674 -0.000 -0.529 0.516 0.654 0.000 -0.446 -0.611 0.690 0.000 -0.579 0.435 
-0.662 0.144 -0.194 -0.710 0.816 0.000 -0.562 0.134 0.744 0.000 -0.122 -0.657 0.782 0.000 -0.621 0.050 0.820 0.000 -0.168 -0.548 0.698 0.000 -0.388 -0.602 0.674 -0.000 -0.529 0.516 0.654 0.000 -0.446 -0.611 0.690 0.000 -0.579 0.435 
-0.662 0.144 -0.194 -0.710 0.816 0.000 -0.562 0.134 0.744 0.000 -0.122 -0.657 0.782 -0.000 -0.621 0.050 0.820 0.000 -0.168 -0.548 0.698 -0.000 -0.388 -0.602 0.674 -0.000 -0.529 0.516 0.654 0.000 -0.446 -0.612 0.690 0.000 -0.579 0.435 
-0.662 0.144 -0.194 -0.710 0.816 0.000 -0.562 0.134 0.744 0.000 -0.122 -0.657 0.782 0.000 -0.621 0.050 0.820 0.000 -0.168 -0.548 0.698 0.000 -0.388 -0.602 0.674 0.000 -0.530 0.516 0.654 0.000 -0.446 -0.611 0.690 0.000 -0.579 0.435 
-0.662 0.144 -0.194 -0.710 0.816 -0.000 -0.562 0.134 0.744 -0.000 -0.122 -0.657 0.782 0.000 -0.621 0.050 0.820 0.000 -0.169 -0.548 0.698 -0.000 -0.388 -0.602 0.674 -0.000 -0.529 0.516 0.654 0.000 -0.446 -0.612 0.690 0.000 -0.579 0.435 
-0.662 0.144 -0.194 -0.710 0.816 0.000 -0.562 0.135 0.744 0.000 -0.123 -0.657 0.782 -0.000 -0.621 0.050 0.820 0.000 -0.169 -0.547 0.698 0.000 -0.388 -0.602 0.674 0.000 -0.530 0.515 0.654 0.000 -0.446 -0.611 0.690 -0.000 -0.579 0.435 
-0.662 0.143 -0.194 -0.710 0.816 0.000 -0.562 0.135 0.744 0.000 -0.123 -0.657 0.782 -0.000 -0.621 0.050 0.820 -0.000 -0.169 -0.547 0.698 0.000 -0.388 -0.602 0.674 0.000 -0.530 0.515 0.654 0.000 -0.446 -0.612 0.690 0.000 -0.579 0.435 
-0.662 0.143 -0.194 -0.710 0.816 -0.000 -0.561 0.135 0.744 0.000 -0.123 -0.657 0.782 0.000 -0.621 0.050 0.820 0.000 -0.169 -0.547 0.698 0.000 -0.388 -0.602 0.674 0.000 -0.530 0.515 0.654 -0.000 -0.446 -0.612 0.690 0.000 -0.579 0.434 
-0.662 0.143 -0.194 -0.710 0.816 0.000 -0.561 0.135 0.744 -0.000 -0.123 -0.657 0.782 0.000 -0.621 0.050 0.820 0.000 -0.169 -0.547 0.698 0.000 -0.388 -0.602 0.674 0.000 -0.530 0.516 0.654 0.000 -0.446 -0.612 0.690 -0.000 -0.579 0.434 
-0.662 0.143 -0.194 -0.710 0.817 -0.000 -0.561 0.135 0.744 0.000 -0.123 -0.657 0.782 0.000 -0.621 0.050 0.820 0.000 -0.169 -0.547 0.698 0.000 -0.388 -0.602 0.674 0.000 -0.530 0.516 0.654 0.000 -0.446 -0.612 0.690 0.000 -0.579 0.434 
-0.662 0.143 -0.194 -0.710 0.817 0.000 -0.561 0.135 0.744 -0.000 -0.123 -0.657 0.782 0.000 -0.621 0.050 0.820 0.000 -0.169 -0.547 0.698 -0.000 -0.388 -0.602 0.674 0.000 -0.530 0.516 0.654 0.000 -0.446 -0.611 0.690 0.000 -0.579 0.434 
-0.662 0.143 -0.194 -0.710 0.817 0.000 -0.561 0.135 0.744 0.000 -0.123 -0.656 0.782 -0.000 -0.621 0.050 0.820 0.000 -0.169 -0.547 0.698 0.000 -0.388 -0.602 0.674 -0.000 -0.530 0.516 0.654 0.000 -0.446 -0.611 0.690 0.000 -0.579 0.435 
-0.662 0.143 -0.194 -0.710 0.817 0.000 -0.561 0.135 0.744 0.000 -0.124 -0.656 0.782 0.000 -0.621 0.050 0.820 -0.000 -0.169 -0.547 0.698 0.000 -0.388 -0.602 0.674 0.000 -0.530 0.515 0.654 0.000 -0.446 -0.611 0.690 -0.000 -0.579 0.434 
-0.662 0.143 -0.194 -0.710 0.817 0.000 -0.561 0.135 0.745 0.000 -0.123 -0.656 0.783 0.000 -0.620 0.050 0.820 -0.000 -0.169 -0.547 0.698 0.000 -0.388 -0.602 0.674 0.000 -0.529 0.516 0.654 -0.000 -0.446 -0.611 0.690 0.000 -0.579 0.435 
-0.662 0.144 -0.194 -0.710 0.817 0.000 -0.561 0.136 0.745 0.000 -0.124 -0.656 0.783 0.000 -0.620 0.050 0.820 0.000 -0.169 -0.546 0.698 0.000 -0.388 -0.602 0.674 0.000 -0.529 0.516 0.654 0.000 -0.446 -0.611 0.690 0.000 -0.579 0.435 
-0.662 0.144 -0.194 -0.709 0.817 0.000 -0.561 0.136 0.745 0.000 -0.124 -0.656 0.783 0.000 -0.620 0.050 0.820 -0.000 -0.169 -0.546 0.698 -0.000 -0.388 -0.602 0.674 0.000 -0.529 0.516 0.654 -0.000 -0.446 -0.611 0.690 0.000 -0.579 0.435 
-0.662 0.143 -0.194 -0.710 0.817 0.000 -0.561 0.136 0.745 0.000 -0.124 -0.656 0.783 0.000 -0.620 0.050 0.820 0.000 -0.169 -0.546 0.698 0.000 -0.388 -0.602 0.674 0.000 -0.530 0.516 0.654 -0.000 -0.446 -0.611 0.690 0.000 -0.579 0.435 
-0.662 0.144 -0.194 -0.710 0.817 -0.000 -0.561 0.136 0.745 0.000 -0.124 -0.656 0.783 0.000 -0.620 0.050 0.820 -0.000 -0.170 -0.546 0.698 0.000 -0.388 -0.602 0.674 0.000 -0.529 0.516 0.654 0.000 -0.446 -0.611 0.690 0.000 -0.579 0.435 
-0.662 0.144 -0.194 -0.710 0.817 0.000 -0.560 0.136 0.745 0.000 -0.124 -0.655 0.783 0.000 -0.620 0.051 0.820 -0.000 -0.170 -0.546 0.698 0.000 -0.388 -0.602 0.674 -0.000 -0.529 0.516 0.654 0.000 -0.446 -0.611 0.690 0.000 -0.579 0.435 
-0.662 0.144 -0.194 -0.710 0.817 0.000 -0.561 0.136 0.745 0.000 -0.124 -0.655 0.783 0.000 -0.620 0.051 0.820 0.000 -0.170 -0.546 0.698 0.000 -0.388 -0.602 0.674 0.000 -0.529 0.516 0.654 -0.000 -0.446 -0.611 0.690 0.000 -0.579 0.435 
-0.662 0.143 -0.194 -0.710 0.817 0.000 -0.560 0.136 0.745 -0.000 -0.124 -0.655 0.783 0.000 -0.620 0.050 0.820 0.000 -0.170 -0.546 0.698 -0.000 -0.388 -0.602 0.674 0.000 -0.529 0.516 0.654 0.000 -0.446 -0.611 0.690 0.000 -0.579 0.435 
-0.662 0.144 -0.194 -0.710 0.817 0.000 -0.560 0.137 0.745 0.000 -0.125 -0.655 0.783 -0.000 -0.620 0.051 0.820 0.000 -0.170 -0.546 0.698 0.000 -0.388 -0.602 0.674 0.000 -0.529 0.516 0.654 0.000 -0.446 -0.611 0.690 0.000 -0.579 0.435 
-0.662 0.144 -0.194 -0.710 0.817 0.000 -0.560 0.137 0.745 -0.000 -0.125 -0.655 0.783 0.000 -0.620 0.050 0.820 0.000 -0.170 -0.546 0.698 0.000 -0.388 -0.602 0.674 0.000 -0.529 0.516 0.654 0.000 -0.446 -0.611 0.690 0.000 -0.579 0.435 
-0.662 0.143 -0.194 -0.710 0.817 0.000 -0.560 0.137 0.745 0.000 -0.126 -0.655 0.783 0.000 -0.620 0.051 0.820 0.000 -0.170 -0.546 0.698 0.000 -0.388 -0.602 0.674 0.000 -0.529 0.516 0.654 0.000 -0.446 -0.611 0.690 -0.000 -0.579 0.435 
-0.662 0.144 -0.194 -0.710 0.817 -0.000 -0.560 0.137 0.745 0.000 -0.126 -0.655 0.783 0.000 -0.620 0.051 0.820 0.000 -0.170 -0.546 0.698 0.000 -0.388 -0.602 0.674 0.000 -0.529 0.516 0.654 0.000 -0.446 -0.611 0.690 0.000 -0.579 0.435 
-0.662 0.143 -0.194 -0.710 0.817 0.000 -0.560 0.137 0.745 0.000 -0.126 -0.655 0.783 0.000 -0.619 0.051 0.820 0.000 -0.170 -0.546 0.698 0.000 -0.388 -0.602 0.674 0.000 -0.529 0.516 0.654 0.000 -0.446 -0.611 0.690 0.000 -0.579 0.435 
-0.662 0.143 -0.194 -0.710 0.817 0.000 -0.560 0.137 0.745 0.000 -0.126 -0.655 0.783 -0.000 -0.619 0.051 0.820 0.000 -0.170 -0.546 0.698 -0.000 -0.388 -0.602 0.674 -0.000 -0.529 0.516 0.654 0.000 -0.446 -0.611 0.690 0.000 -0.579 0.434 
-0.662 0.144 -0.194 -0.710 0.817 0.000 -0.560 0.137 0.745 0.000 -0.126 -0.655 0.784 -0.000 -0.619 0.051 0.820 0.000 -0.170 -0.546 0.698 0.000 -0.388 -0.602 0.674 0.000 -0.529 0.516 0.654 -0.000 -0.446 -0.611 0.690 0.000 -0.579 0.435 
-0.662 0.144 -0.194 -0.710 0.817 0.000 -0.560 0.137 0.745 -0.000 -0.126 -0.655 0.784 0.000 -0.619 0.051 0.820 -0.000 -0.170 -0.546 0.698 0.000 -0.388 -0.602 0.674 0.000 -0.529 0.516 0.654 0.000 -0.446 -0.611 0.690 0.000 -0.579 0.435 
-0.662 0.144 -0.194 -0.710 0.817 0.000 -0.560 0.138 0.745 0.000 -0.125 -0.655 0.784 0.000 -0.619 0.051 0.820 -0.000 -0.170 -0.546 0.698 -0.000 -0.388 -0.602 0.674 0.000 -0.529 0.516 0.654 0.000 -0.446 -0.611 0.690 0.000 -0.579 0.435 
-0.662 0.144 -0.194 -0.710 0.817 0.000 -0.560 0.137 0.745 -0.000 -0.125 -0.655 0.784 0.000 -0.619 0.050 0.820 0.000 -0.170 -0.546 0.698 0.000 -0.388 -0.602 0.674 0.000 -0.529 0.516 0.654 0.000 -0.446 -0.611 0.690 -0.000 -0.579 0.435 
-0.662 0.144 -0.194 -0.710 0.817 0.000 -0.560 0.137 0.745 0.000 -0.125 -0.656 0.784 0.000 -0.619 0.050 0.820 0.000 -0.170 -0.546 0.698 0.000 -0.388 -0.602 0.674 0.000 -0.529 0.516 0.654 0.000 -0.446 -0.611 0.690 -0.000 -0.579 0.435 
-0.662 0.144 -0.194 -0.710 0.817 0.000 -0.560 0.137 0.745 0.000 -0.125 -0.656 0.784 0.000 -0.619 0.050 0.821 0.000 -0.169 -0.546 0.698 0.000 -0.388 -0.602 0.674 -0.000 -0.529 0.516 0.654 0.000 -0.446 -0.611 0.690 0.000 -0.579 0.435 
-0.662 0.144 -0.194 -0.710 0.817 -0.000 -0.560 0.137 0.745 0.000 -0.125 -0.656 0.784 0.000 -0.619 0.050 0.821 0.000 -0.170 -0.546 0.698 0.000 -0.388 -0.602 0.674 0.000 -0.529 0.516 0.654 0.000 -0.446 -0.611 0.690 0.000 -0.579 0.435 
-0.662 0.144 -0.194 -0.710 0.817 0.000 -0.560 0.137 0.744 0.000 -0.125 -0.656 0.784 -0.000 -0.618 0.050 0.821 0.000 -0.170 -0.546 0.698 0.000 -0.388 -0.602 0.674 0.000 -0.529 0.516 0.654 0.000 -0.446 -0.611 0.690 -0.000 -0.579 0.435 
-0.662 0.144 -0.194 -0.710 0.817 0.000 -0.560 0.137 0.744 0.000 -0.124 -0.656 0.784 0.000 -0.618 0.050 0.821 0.000 -0.170 -0.546 0.698 0.000 -0.388 -0.602 0.674 0.000 -0.529 0.516 0.654 0.000 -0.446 -0.611 0.690 0.000 -0.579 0.435 
-0.662 0.144 -0.194 -0.710 0.817 0.000 -0.560 0.137 0.744 0.000 -0.124 -0.656 0.785 0.000 -0.618 0.050 0.821 0.000 -0.170 -0.546 0.698 0.000 -0.388 -0.602 0.674 0.000 -0.529 0.516 0.654 0.000 -0.446 -0.611 0.690 0.000 -0.579 0.435 
-0.662 0.144 -0.194 -0.710 0.817 0.000 -0.560 0.137 0.744 0.000 -0.124 -0.656 0.785 0.000 -0.618 0.050 0.821 0.000 -0.170 -0.545 0.698 0.000 -0.388 -0.602 0.674 0.000 -0.529 0.516 0.654 -0.000 -0.446 -0.611 0.690 0.000 -0.579 0.435 
-0.662 0.144 -0.194 -0.710 0.817 0.000 -0.560 0.137 0.744 0.000 -0.124 -0.657 0.785 0.000 -0.618 0.050 0.821 0.000 -0.170 -0.545 0.698 0.000 -0.388 -0.602 0.674 0.000 -0.529 0.516 0.654 0.000 -0.446 -0.611 0.690 0.000 -0.579 0.435 
-0.662 0.144 -0.194 -0.710 0.817 0.000 -0.560 0.137 0.744 0.000 -0.125 -0.657 0.785 0.000 -0.618 0.050 0.821 0.000 -0.170 -0.545 0.698 0.000 -0.388 -0.602 0.674 -0.000 -0.529 0.516 0.654 0.000 -0.446 -0.611 0.690 0.000 -0.579 0.435 
-0.662 0.143 -0.194 -0.710 0.817 0.000 -0.560 0.137 0.744 0.000 -0.125 -0.657 0.785 0.000 -0.618 0.050 0.821 -0.000 -0.170 -0.545 0.698 0.000 -0.388 -0.602 0.674 0.000 -0.529 0.516 0.654 0.000 -0.446 -0.611 0.690 -0.000 -0.579 0.434 
-0.662 0.143 -0.194 -0.710 0.817 -0.000 -0.560 0.136 0.744 0.000 -0.125 -0.657 0.785 0.000 -0.618 0.050 0.821 0.000 -0.170 -0.545 0.698 0.000 -0.388 -0.602 0.674 0.000 -0.529 0.516 0.654 0.000 -0.446 -0.611 0.690 0.000 -0.579 0.434 
-0.662 0.144 -0.194 -0.710 0.817 0.000 -0.560 0.136 0.744 0.000 -0.125 -0.657 0.785 0.000 -0.617 0.050 0.821 -0.000 -0.170 -0.545 0.698 0.000 -0.388 -0.602 0.674 0.000 -0.529 0.516 0.654 0.000 -0.446 -0.611 0.690 0.000 -0.579 0.435 
-0.662 0.143 -0.194 -0.710 0.817 0.000 -0.560 0.136 0.744 0.000 -0.125 -0.656 0.785 -0.000 -0.617 0.049 0.821 0.000 -0.170 -0.545 0.698 0.000 -0.388 -0.602 0.674 -0.000 -0.529 0.516 0.654 0.000 -0.446 -0.611 0.690 0.000 -0.579 0.434 
-0.662 0.144 -0.194 -0.710 0.817 0.000 -0.560 0.136 0.744 0.000 -0.125 -0.656 0.785 0.000 -0.617 0.049 0.821 0.000 -0.169 -0.545 0.698 0.000 -0.388 -0.602 0.674 0.000 -0.529 0.516 0.654 -0.000 -0.446 -0.611 0.690 0.000 -0.579 0.434 
-0.662 0.144 -0.194 -0.710 0.817 0.000 -0.560 0.135 0.744 0.000 -0.125 -0.656 0.785 0.000 -0.617 0.049 0.821 -0.000 -0.170 -0.545 0.698 0.000 -0.388 -0.602 0.674 0.000 -0.529 0.516 0.654 0.000 -0.446 -0.611 0.690 0.000 -0.579 0.434 
-0.662 0.144 -0.194 -0.710 0.817 0.000 -0.560 0.135 0.744 0.000 -0.125 -0.656 0.785 0.000 -0.617 0.049 0.822 0.000 -0.169 -0.544 0.698 -0.000 -0.388 -0.602 0.674 -0.000 -0.529 0.516 0.654 0.000 -0.446 -0.611 0.690 -0.000 -0.579 0.435 
-0.662 0.144 -0.194 -0.710 0.817 0.000 -0.560 0.135 0.744 0.000 -0.125 -0.656 0.785 -0.000 -0.617 0.049 0.822 0.000 -0.169 -0.544 0.698 0.000 -0.388 -0.602 0.674 0.000 -0.529 0.516 0.654 0.000 -0.446 -0.611 0.690 0.000 -0.579 0.434 
-0.662 0.144 -0.194 -0.710 0.817 -0.000 -0.560 0.135 0.744 0.000 -0.125 -0.656 0.786 0.000 -0.617 0.049 0.822 -0.000 -0.170 -0.544 0.698 -0.000 -0.388 -0.602 0.674 -0.000 -0.529 0.516 0.654 0.000 -0.446 -0.611 0.690 0.000 -0.579 0.434 
-0.662 0.144 -0.194 -0.710 0.817 0.000 -0.560 0.135 0.744 0.000 -0.125 -0.656 0.786 -0.000 -0.617 0.049 0.822 0.000 -0.170 -0.544 0.698 0.000 -0.388 -0.602 0.674 0.000 -0.529 0.516 0.654 0.000 -0.446 -0.611 0.690 0.000 -0.579 0.434 
-0.662 0.144 -0.194 -0.710 0.817 -0.000 -0.560 0.135 0.745 0.000 -0.125 -0.656 0.786 0.000 -0.617 0.049 0.822 0.000 -0.170 -0.544 0.698 0.000 -0.388 -0.602 0.674 0.000 -0.529 0.516 0.654 0.000 -0.446 -0.611 0.690 0.000 -0.579 0.434 
-0.662 0.144 -0.194 -0.710 0.818 0.000 -0.560 0.134 0.745 0.000 -0.125 -0.656 0.786 0.000 -0.617 0.049 0.822 -0.000 -0.170 -0.544 0.698 0.000 -0.388 -0.602 0.674 -0.000 -0.529 0.516 0.654 0.000 -0.446 -0.611 0.690 0.000 -0.579 0.434 
-0.662 0.143 -0.194 -0.710 0.818 0.000 -0.560 0.134 0.745 0.000 -0.125 -0.656 0.786 0.000 -0.617 0.048 0.822 0.000 -0.170 -0.544 0.698 -0.000 -0.388 -0.602 0.674 0.000 -0.529 0.516 0.654 0.000 -0.446 -0.611 0.690 0.000 -0.579 0.434 
-0.662 0.143 -0.194 -0.710 0.818 0.000 -0.560 0.134 0.745 0.000 -0.125 -0.656 0.786 0.000 -0.617 0.048 0.822 0.000 -0.170 -0.544 0.698 0.000 -0.388 -0.602 0.674 0.000 -0.529 0.516 0.654 0.000 -0.446 -0.611 0.690 -0.000 -0.579 0.434 
-0.662 0.143 -0.194 -0.710 0.818 0.000 -0.560 0.134 0.745 0.000 -0.125 -0.656 0.786 0.000 -0.617 0.048 0.822 0.000 -0.170 -0.544 0.698 0.000 -0.388 -0.602 0.674 0.000 -0.529 0.516 0.654 -0.000 -0.446 -0.611 0.690 0.000 -0.579 0.434 
-0.662 0.143 -0.194 -0.710 0.818 0.000 -0.560 0.134 0.745 -0.000 -0.125 -0.655 0.786 0.000 -0.617 0.048 0.822 0.000 -0.170 -0.544 0.698 0.000 -0.388 -0.602 0.674 0.000 -0.529 0.516 0.654 -0.000 -0.446 -0.611 0.690 0.000 -0.579 0.434 
-0.662 0.143 -0.194 -0.710 0.818 0.000 -0.560 0.134 0.745 0.000 -0.125 -0.655 0.786 0.000 -0.617 0.048 0.822 0.000 -0.170 -0.544 0.698 -0.000 -0.388 -0.602 0.674 0.000 -0.529 0.516 0.654 0.000 -0.446 -0.611 0.690 0.000 -0.579 0.434 
-0.662 0.143 -0.194 -0.710 0.818 0.000 -0.560 0.134 0.745 0.000 -0.125 -0.655 0.786 0.000 -0.617 0.048 0.822 0.000 -0.170 -0.544 0.698 0.000 -0.388 -0.602 0.674 0.000 -0.529 0.516 0.654 0.000 -0.446 -0.611 0.690 0.000 -0.579 0.434 
-0.662 0.143 -0.194 -0.710 0.818 0.000 -0.560 0.134 0.745 0.000 -0.125 -0.655 0.786 0.000 -0.616 0.048 0.822 0.000 -0.170 -0.544 0.698 0.000 -0.388 -0.602 0.674 0.000 -0.529 0.516 0.654 -0.000 -0.446 -0.611 0.690 0.000 -0.579 0.434 
-0.662 0.143 -0.194 -0.710 0.818 0.000 -0.560 0.134 0.745 0.000 -0.125 -0.656 0.786 -0.000 -0.617 0.048 0.822 0.000 -0.170 -0.544 0.698 0.000 -0.388 -0.602 0.674 0.000 -0.529 0.516 0.654 0.000 -0.446 -0.611 0.690 0.000 -0.579 0.434 
-0.662 0.143 -0.194 -0.710 0.818 0.000 -0.560 0.134 0.745 0.000 -0.125 -0.655 0.786 0.000 -0.617 0.048 0.822 0.000 -0.169 -0.544 0.698 0.000 -0.388 -0.602 0.674 0.000 -0.529 0.516 0.654 0.000 -0.446 -0.611 0.690 0.000 -0.579 0.434 
-0.662 0.143 -0.194 -0.710 0.818 0.000 -0.560 0.133 0.745 -0.000 -0.124 -0.655 0.786 0.000 -0.617 0.048 0.822 0.000 -0.169 -0.544 0.698 0.000 -0.388 -0.602 0.674 0.000 -0.529 0.516 0.654 0.000 -0.446 -0.611 0.690 0.000 -0.579 0.434 
-0.662 0.143 -0.194 -0.710 0.818 0.000 -0.560 0.133 0.745 0.000 -0.124 -0.655 0.786 0.000 -0.617 0.047 0.822 -0.000 -0.169 -0.544 0.698 0.000 -0.388 -0.602 0.674 0.000 -0.529 0.516 0.654 0.000 -0.446 -0.611 0.690 -0.000 -0.579 0.434 
-0.662 0.143 -0.194 -0.710 0.818 0.000 -0.560 0.133 0.745 0.000 -0.124 -0.655 0.786 0.000 -0.617 0.047 0.822 0.000 -0.169 -0.544 0.698 0.000 -0.388 -0.602 0.674 0.000 -0.529 0.516 0.654 0.000 -0.446 -0.611 0.690 0.000 -0.579 0.434 
-0.662 0.143 -0.194 -0.710 0.818 0.000 -0.560 0.134 0.745 0.000 -0.124 -0.655 0.786 0.000 -0.617 0.047 0.822 0.000 -0.169 -0.544 0.698 0.000 -0.388 -0.602 0.674 -0.000 -0.529 0.516 0.654 0.000 -0.446 -0.611 0.690 0.000 -0.579 0.434 
-0.662 0.143 -0.194 -0.710 0.818 0.000 -0.560 0.133 0.745 0.000 -0.124 -0.655 0.786 0.000 -0.616 0.047 0.822 0.000 -0.169 -0.544 0.698 0.000 -0.388 -0.602 0.674 0.000 -0.529 0.516 0.654 0.000 -0.445 -0.611 0.690 0.000 -0.579 0.434 
-0.662 0.143 -0.194 -0.710 0.818 0.000 -0.560 0.133 0.745 0.000 -0.124 -0.655 0.786 0.000 -0.616 0.047 0.822 0.000 -0.169 -0.544 0.698 0.000 -0.388 -0.602 0.674 -0.000 -0.530 0.515 0.654 0.000 -0.445 -0.611 0.690 0.000 -0.579 0.434 
-0.662 0.143 -0.194 -0.710 0.818 -0.000 -0.560 0.134 0.745 0.000 -0.124 -0.655 0.786 0.000 -0.616 0.046 0.822 0.000 -0.169 -0.544 0.698 0.000 -0.388 -0.602 0.674 -0.000 -0.529 0.516 0.654 -0.000 -0.445 -0.611 0.690 0.000 -0.579 0.434 
-0.662 0.143 -0.194 -0.710 0.818 0.000 -0.560 0.134 0.745 0.000 -0.124 -0.655 0.786 0.000 -0.616 0.046 0.822 -0.000 -0.169 -0.544 0.698 0.000 -0.388 -0.602 0.674 0.000 -0.529 0.516 0.654 0.000 -0.445 -0.611 0.690 0.000 -0.579 0.434 
-0.662 0.143 -0.194 -0.710 0.818 0.000 -0.560 0.134 0.745 0.000 -0.124 -0.656 0.786 0.000 -0.616 0.046 0.822 0.000 -0.169 -0.544 0.698 -0.000 -0.388 -0.602 0.674 -0.000 -0.530 0.515 0.654 0.000 -0.445 -0.611 0.690 0.000 -0.579 0.433 
-0.662 0.143 -0.194 -0.710 0.818 0.000 -0.560 0.134 0.745 0.000 -0.124 -0.656 0.786 0.000 -0.616 0.046 0.822 0.000 -0.169 -0.544 0.698 0.000 -0.388 -0.602 0.674 -0.000 -0.530 0.515 0.654 0.000 -0.445 -0.611 0.690 0.000 -0.579 0.433 
-0.662 0.143 -0.194 -0.710 0.818 -0.000 -0.560 0.134 0.745 0.000 -0.123 -0.656 0.786 0.000 -0.616 0.046 0.822 0.000 -0.169 -0.544 0.698 -0.000 -0.388 -0.602 0.674 0.000 -0.530 0.515 0.654 0.000 -0.445 -0.611 0.690 0.000 -0.580 0.433 
-0.662 0.143 -0.194 -0.710 0.818 0.000 -0.559 0.134 0.745 0.000 -0.123 -0.656 0.786 0.000 -0.616 0.045 0.822 0.000 -0.169 -0.544 0.698 0.000 -0.388 -0.602 0.674 0.000 -0.530 0.515 0.654 0.000 -0.445 -0.611 0.690 0.000 -0.580 0.433 
-0.662 0.143 -0.193 -0.710 0.818 0.000 -0.559 0.134 0.745 0.000 -0.123 -0.656 0.786 0.000 -0.616 0.045 0.822 0.000 -0.169 -0.544 0.698 0.000 -0.388 -0.602 0.674 0.000 -0.530 0.515 0.654 0.000 -0.445 -0.611 0.690 0.000 -0.580 0.433 
-0.662 0.143 -0.193 -0.710 0.818 0.000 -0.559 0.134 0.745 0.000 -0.123 -0.655 0.787 0.000 -0.616 0.045 0.822 0.000 -0.169 -0.544 0.698 0.000 -0.388 -0.602 0.674 -0.000 -0.530 0.515 0.654 0.000 -0.445 -0.611 0.690 0.000 -0.579 0.433 
-0.662 0.143 -0.193 -0.710 0.818 0.000 -0.559 0.134 0.745 -0.000 -0.123 -0.655 0.787 0.000 -0.616 0.044 0.822 0.000 -0.169 -0.543 0.698 -0.000 -0.388 -0.602 0.674 0.000 -0.530 0.515 0.654 0.000 -0.445 -0.611 0.690 0.000 -0.579 0.433 
-0.662 0.143 -0.194 -0.710 0.818 0.000 -0.559 0.134 0.745 0.000 -0.123 -0.655 0.787 0.000 -0.616 0.044 0.822 -0.000 -0.169 -0.543 0.698 0.000 -0.387 -0.602 0.674 0.000 -0.530 0.515 0.654 0.000 -0.445 -0.611 0.690 0.000 -0.579 0.433 
-0.662 0.143 -0.193 -0.710 0.818 -0.000 -0.559 0.134 0.746 0.000 -0.123 -0.655 0.787 0.000 -0.616 0.044 0.822 0.000 -0.170 -0.543 0.698 0.000 -0.388 -0.602 0.674 0.000 -0.530 0.515 0.654 -0.000 -0.445 -0.611 0.690 0.000 -0.579 0.433 
-0.662 0.143 -0.193 -0.710 0.818 0.000 -0.559 0.134 0.746 0.000 -0.123 -0.655 0.787 0.000 -0.616 0.043 0.823 -0.000 -0.169 -0.543 0.698 0.000 -0.387 -0.602 0.674 -0.000 -0.530 0.515 0.654 -0.000 -0.445 -0.611 0.690 0.000 -0.580 0.433 
-0.662 0.143 -0.193 -0.710 0.819 -0.000 -0.559 0.133 0.746 0.000 -0.123 -0.655 0.787 0.000 -0.616 0.043 0.823 0.000 -0.169 -0.542 0.698 0.000 -0.387 -0.602 0.674 0.000 -0.530 0.515 0.654 0.000 -0.445 -0.611 0.690 0.000 -0.580 0.433 
-0.662 0.143 -0.193 -0.710 0.819 0.000 -0.559 0.133 0.746 -0.000 -0.123 -0.654 0.787 0.000 -0.616 0.043 0.823 0.000 -0.170 -0.542 0.698 0.000 -0.387 -0.602 0.674 0.000 -0.530 0.515 0.654 0.000 -0.445 -0.611 0.690 0.000 -0.580 0.433 
-0.662 0.143 -0.193 -0.710 0.819 0.000 -0.558 0.133 0.746 0.000 -0.124 -0.654 0.787 0.000 -0.615 0.043 0.823 0.000 -0.170 -0.542 0.698 0.000 -0.387 -0.602 0.674 0.000 -0.530 0.515 0.654 0.000 -0.445 -0.611 0.690 0.000 -0.580 0.433 
-0.662 0.143 -0.193 -0.710 0.819 0.000 -0.558 0.133 0.747 0.000 -0.123 -0.654 0.787 0.000 -0.616 0.042 0.823 0.000 -0.170 -0.542 0.698 0.000 -0.387 -0.602 0.674 0.000 -0.530 0.515 0.654 0.000 -0.445 -0.611 0.690 0.000 -0.579 0.433 
-0.662 0.143 -0.193 -0.710 0.819 0.000 -0.558 0.133 0.747 0.000 -0.124 -0.653 0.787 0.000 -0.615 0.042 0.823 -0.000 -0.170 -0.542 0.698 0.000 -0.387 -0.602 0.674 0.000 -0.530 0.515 0.655 0.000 -0.445 -0.611 0.690 0.000 -0.580 0.433 
-0.662 0.143 -0.193 -0.710 0.819 0.000 -0.558 0.133 0.747 0.000 -0.124 -0.653 0.787 -0.000 -0.615 0.042 0.823 -0.000 -0.170 -0.542 0.698 0.000 -0.387 -0.602 0.674 0.000 -0.530 0.515 0.654 0.000 -0.445 -0.611 0.690 -0.000 -0.580 0.433 
-0.662 0.143 -0.193 -0.710 0.819 0.000 -0.558 0.133 0.747 0.000 -0.124 -0.653 0.787 0.000 -0.615 0.042 0.823 0.000 -0.170 -0.542 0.698 0.000 -0.387 -0.602 0.674 0.000 -0.530 0.515 0.654 0.000 -0.445 -0.611 0.690 0.000 -0.580 0.433 
-0.662 0.143 -0.193 -0.710 0.819 0.000 -0.558 0.133 0.747 0.000 -0.123 -0.653 0.787 0.000 -0.615 0.042 0.823 0.000 -0.170 -0.541 0.698 -0.000 -0.387 -0.602 0.674 0.000 -0.530 0.515 0.654 0.000 -0.445 -0.611 0.690 0.000 -0.580 0.433 
-0.662 0.143 -0.193 -0.710 0.819 0.000 -0.558 0.133 0.748 0.000 -0.124 -0.653 0.787 0.000 -0.616 0.042 0.823 0.000 -0.171 -0.541 0.698 -0.000 -0.387 -0.602 0.674 -0.000 -0.530 0.515 0.654 0.000 -0.445 -0.611 0.690 0.000 -0.580 0.433 
-0.662 0.143 -0.193 -0.710 0.819 0.000 -0.558 0.133 0.748 0.000 -0.123 -0.652 0.787 -0.000 -0.616 0.042 0.823 0.000 -0.171 -0.541 0.698 0.000 -0.387 -0.602 0.674 -0.000 -0.530 0.515 0.654 0.000 -0.445 -0.611 0.690 0.000 -0.580 0.433 
-0.662 0.143 -0.193 -0.710 0.819 0.000 -0.558 0.133 0.748 -0.000 -0.123 -0.652 0.787 0.000 -0.616 0.042 0.823 0.000 -0.171 -0.541 0.698 0.000 -0.387 -0.602 0.674 0.000 -0.530 0.515 0.654 0.000 -0.445 -0.611 0.690 0.000 -0.580 0.433 
-0.662 0.143 -0.193 -0.710 0.819 0.000 -0.558 0.133 0.748 0.000 -0.123 -0.652 0.787 0.000 -0.616 0.042 0.824 0.000 -0.171 -0.541 0.698 0.000 -0.387 -0.602 0.674 0.000 -0.530 0.515 0.654 0.000 -0.445 -0.611 0.690 -0.000 -0.580 0.433 
-0.662 0.143 -0.193 -0.710 0.819 0.000 -0.558 0.133 0.748 0.000 -0.123 -0.652 0.787 -0.000 -0.616 0.042 0.824 0.000 -0.171 -0.541 0.698 0.000 -0.387 -0.602 0.674 0.000 -0.530 0.515 0.654 0.000 -0.445 -0.611 0.690 0.000 -0.580 0.433 
-0.662 0.143 -0.193 -0.710 0.819 0.000 -0.558 0.133 0.748 0.000 -0.123 -0.652 0.787 0.000 -0.616 0.042 0.824 -0.000 -0.171 -0.540 0.698 -0.000 -0.387 -0.603 0.674 0.000 -0.530 0.515 0.654 0.000 -0.445 -0.611 0.690 0.000 -0.580 0.433 
-0.662 0.143 -0.193 -0.710 0.819 0.000 -0.558 0.133 0.748 0.000 -0.123 -0.652 0.787 0.000 -0.616 0.042 0.824 0.000 -0.171 -0.540 0.698 -0.000 -0.387 -0.602 0.674 0.000 -0.530 0.515 0.654 0.000 -0.445 -0.611 0.690 0.000 -0.580 0.433 
-0.662 0.143 -0.193 -0.710 0.819 -0.000 -0.558 0.133 0.748 -0.000 -0.123 -0.652 0.787 0.000 -0.616 0.042 0.825 0.000 -0.171 -0.539 0.698 0.000 -0.387 -0.602 0.674 0.000 -0.530 0.515 0.654 0.000 -0.445 -0.611 0.690 0.000 -0.580 0.433 
-0.662 0.143 -0.193 -0.710 0.819 0.000 -0.558 0.133 0.749 0.000 -0.123 -0.652 0.787 -0.000 -0.616 0.042 0.825 0.000 -0.171 -0.539 0.698 0.000 -0.387 -0.602 0.674 0.000 -0.530 0.515 0.654 0.000 -0.445 -0.611 0.690 0.000 -0.580 0.433 
-0.662 0.143 -0.193 -0.710 0.819 0.000 -0.558 0.133 0.749 0.000 -0.122 -0.652 0.786 0.000 -0.616 0.042 0.825 -0.000 -0.171 -0.539 0.698 -0.000 -0.387 -0.602 0.674 0.000 -0.530 0.515 0.654 0.000 -0.445 -0.611 0.690 0.000 -0.580 0.433 
-0.662 0.143 -0.193 -0.710 0.819 0.000 -0.558 0.133 0.749 0.000 -0.122 -0.651 0.786 0.000 -0.616 0.043 0.824 0.000 -0.171 -0.540 0.698 0.000 -0.387 -0.602 0.674 0.000 -0.530 0.515 0.654 0.000 -0.445 -0.611 0.690 0.000 -0.580 0.433 
-0.662 0.143 -0.193 -0.710 0.819 0.000 -0.557 0.133 0.749 0.000 -0.122 -0.651 0.786 0.000 -0.617 0.043 0.824 0.000 -0.171 -0.540 0.698 0.000 -0.387 -0.602 0.674 0.000 -0.530 0.515 0.654 -0.000 -0.445 -0.611 0.690 0.000 -0.580 0.433 
-0.662 0.143 -0.193 -0.710 0.819 0.000 -0.558 0.133 0.749 0.000 -0.121 -0.651 0.786 0.000 -0.617 0.043 0.824 0.000 -0.171 -0.541 0.698 0.000 -0.387 -0.602 0.674 0.000 -0.530 0.515 0.654 0.000 -0.445 -0.611 0.690 0.000 -0.580 0.433 
-0.662 0.143 -0.193 -0.710 0.819 0.000 -0.558 0.134 0.749 0.000 -0.121 -0.652 0.786 0.000 -0.617 0.043 0.824 0.000 -0.171 -0.541 0.698 0.000 -0.387 -0.602 0.674 0.000 -0.530 0.515 0.654 0.000 -0.445 -0.611 0.690 0.000 -0.580 0.433 
-0.662 0.143 -0.193 -0.710 0.819 0.000 -0.557 0.134 0.749 0.000 -0.121 -0.652 0.786 0.000 -0.617 0.044 0.823 0.000 -0.171 -0.541 0.698 -0.000 -0.387 -0.602 0.674 0.000 -0.530 0.515 0.654 0.000 -0.445 -0.611 0.690 0.000 -0.580 0.433 
-0.662 0.143 -0.193 -0.710 0.819 0.000 -0.557 0.134 0.748 -0.000 -0.122 -0.652 0.786 0.000 -0.617 0.043 0.823 0.000 -0.171 -0.541 0.698 0.000 -0.387 -0.602 0.674 -0.000 -0.530 0.515 0.654 0.000 -0.445 -0.611 0.690 0.000 -0.580 0.433 
-0.662 0.143 -0.193 -0.710 0.819 0.000 -0.557 0.134 0.748 -0.000 -0.122 -0.652 0.786 0.000 -0.617 0.044 0.823 -0.000 -0.171 -0.541 0.698 0.000 -0.387 -0.602 0.674 0.000 -0.530 0.515 0.654 0.000 -0.445 -0.611 0.690 0.000 -0.580 0.433 
-0.662 0.143 -0.193 -0.710 0.819 0.000 -0.557 0.134 0.748 0.000 -0.122 -0.652 0.786 0.000 -0.617 0.043 0.823 0.000 -0.171 -0.541 0.698 0.000 -0.387 -0.602 0.674 0.000 -0.530 0.515 0.654 0.000 -0.445 -0.611 0.690 0.000 -0.580 0.433 
-0.662 0.143 -0.193 -0.710 0.819 0.000 -0.557 0.134 0.748 0.000 -0.123 -0.653 0.786 0.000 -0.617 0.043 0.824 0.000 -0.170 -0.541 0.698 0.000 -0.387 -0.602 0.674 0.000 -0.530 0.515 0.654 0.000 -0.445 -0.611 0.690 0.000 -0.580 0.433 
-0.662 0.143 -0.193 -0.710 0.819 -0.000 -0.557 0.134 0.747 -0.000 -0.123 -0.653 0.786 -0.000 -0.617 0.043 0.823 0.000 -0.170 -0.541 0.698 0.000 -0.387 -0.602 0.674 0.000 -0.530 0.515 0.654 0.000 -0.445 -0.611 0.690 0.000 -0.580 0.433 
-0.662 0.143 -0.193 -0.710 0.819 0.000 -0.557 0.134 0.747 -0.000 -0.123 -0.653 0.786 -0.000 -0.617 0.043 0.824 0.000 -0.170 -0.541 0.698 0.000 -0.387 -0.602 0.674 0.000 -0.530 0.515 0.654 -0.000 -0.445 -0.611 0.690 0.000 -0.580 0.433 
-0.662 0.143 -0.194 -0.710 0.819 0.000 -0.557 0.134 0.747 0.000 -0.123 -0.653 0.786 0.000 -0.617 0.043 0.824 0.000 -0.170 -0.541 0.698 0.000 -0.387 -0.602 0.674 -0.000 -0.530 0.515 0.654 0.000 -0.445 -0.611 0.690 0.000 -0.580 0.433 
-0.662 0.143 -0.193 -0.710 0.819 0.000 -0.558 0.134 0.747 0.000 -0.124 -0.653 0.786 0.000 -0.617 0.043 0.823 0.000 -0.170 -0.541 0.698 0.000 -0.387 -0.602 0.674 -0.000 -0.530 0.515 0.654 0.000 -0.445 -0.611 0.690 0.000 -0.580 0.433 
-0.662 0.143 -0.194 -0.710 0.819 -0.000 -0.558 0.134 0.747 -0.000 -0.123 -0.653 0.786 0.000 -0.617 0.043 0.823 0.000 -0.171 -0.541 0.698 0.000 -0.387 -0.602 0.674 0.000 -0.530 0.515 0.654 0.000 -0.445 -0.611 0.690 0.000 -0.580 0.433 
-0.662 0.143 -0.194 -0.710 0.819 0.000 -0.558 0.134 0.747 0.000 -0.123 -0.653 0.786 -0.000 -0.617 0.043 0.823 0.000 -0.171 -0.541 0.698 0.000 -0.387 -0.602 0.674 0.000 -0.530 0.515 0.654 -0.000 -0.445 -0.611 0.690 -0.000 -0.580 0.433 
-0.662 0.143 -0.194 -0.710 0.819 0.000 -0.558 0.134 0.747 0.000 -0.123 -0.653 0.786 0.000 -0.617 0.043 0.823 0.000 -0.171 -0.541 0.698 -0.000 -0.387 -0.602 0.674 0.000 -0.530 0.515 0.655 0.000 -0.445 -0.611 0.690 0.000 -0.580 0.433 
-0.662 0.143 -0.194 -0.710 0.819 0.000 -0.558 0.134 0.747 0.000 -0.123 -0.653 0.786 0.000 -0.617 0.043 0.823 0.000 -0.171 -0.541 0.698 0.000 -0.387 -0.602 0.674 0.000 -0.530 0.515 0.655 0.000 -0.445 -0.611 0.690 0.000 -0.580 0.433 
-0.662 0.143 -0.194 -0.710 0.819 0.000 -0.558 0.134 0.747 0.000 -0.123 -0.653 0.786 -0.000 -0.617 0.043 0.823 -0.000 -0.171 -0.541 0.698 0.000 -0.387 -0.602 0.674 -0.000 -0.530 0.515 0.654 0.000 -0.445 -0.611 0.690 -0.000 -0.580 0.433 
-0.662 0.143 -0.193 -0.710 0.819 0.000 -0.558 0.134 0.747 0.000 -0.123 -0.653 0.786 0.000 -0.616 0.043 0.823 0.000 -0.171 -0.541 0.698 0.000 -0.387 -0.602 0.674 0.000 -0.530 0.515 0.655 0.000 -0.445 -0.611 0.690 0.000 -0.580 0.433 
-0.662 0.143 -0.193 -0.710 0.819 0.000 -0.558 0.134 0.747 0.000 -0.123 -0.653 0.786 0.000 -0.616 0.043 0.823 0.000 -0.171 -0.541 0.698 -0.000 -0.387 -0.602 0.674 0.000 -0.530 0.515 0.654 0.000 -0.445 -0.611 0.690 0.000 -0.580 0.433 
-0.662 0.143 -0.193 -0.710 0.819 0.000 -0.558 0.135 0.747 0.000 -0.123 -0.653 0.786 0.000 -0.616 0.042 0.823 0.000 -0.171 -0.541 0.698 0.000 -0.387 -0.602 0.674 0.000 -0.530 0.515 0.654 -0.000 -0.445 -0.611 0.690 -0.000 -0.580 0.433 
-0.662 0.143 -0.193 -0.710 0.819 0.000 -0.558 0.135 0.747 0.000 -0.122 -0.654 0.786 0.000 -0.616 0.043 0.823 0.000 -0.171 -0.541 0.698 0.000 -0.387 -0.602 0.674 0.000 -0.530 0.515 0.654 0.000 -0.445 -0.611 0.690 0.000 -0.580 0.433 
-0.662 0.143 -0.193 -0.710 0.819 0.000 -0.558 0.135 0.747 -0.000 -0.122 -0.654 0.786 -0.000 -0.616 0.043 0.823 0.000 -0.171 -0.542 0.698 0.000 -0.387 -0.602 0.674 -0.000 -0.530 0.515 0.654 0.000 -0.445 -0.611 0.690 0.000 -0.580 0.433 
-0.662 0.143 -0.193 -0.710 0.819 0.000 -0.558 0.135 0.746 0.000 -0.122 -0.654 0.787 0.000 -0.616 0.043 0.823 -0.000 -0.170 -0.542 0.698 0.000 -0.387 -0.602 0.674 0.000 -0.530 0.515 0.654 0.000 -0.445 -0.611 0.690 -0.000 -0.580 0.433 
-0.662 0.143 -0.193 -0.710 0.819 0.000 -0.558 0.135 0.746 -0.000 -0.122 -0.654 0.787 0.000 -0.616 0.043 0.823 0.000 -0.170 -0.542 0.698 0.000 -0.387 -0.602 0.674 0.000 -0.530 0.515 0.655 0.000 -0.445 -0.611 0.690 -0.000 -0.580 0.433 
-0.662 0.143 -0.193 -0.710 0.818 0.000 -0.558 0.135 0.746 -0.000 -0.121 -0.654 0.787 0.000 -0.616 0.043 0.823 -0.000 -0.170 -0.542 0.698 0.000 -0.387 -0.602 0.674 0.000 -0.530 0.515 0.654 -0.000 -0.445 -0.612 0.690 0.000 -0.580 0.433 
-0.662 0.143 -0.193 -0.710 0.819 0.000 -0.558 0.135 0.746 0.000 -0.122 -0.655 0.787 0.000 -0.616 0.043 0.822 0.000 -0.170 -0.543 0.698 -0.000 -0.387 -0.603 0.674 0.000 -0.530 0.515 0.654 0.000 -0.445 -0.612 0.690 0.000 -0.580 0.433 
-0.662 0.143 -0.193 -0.710 0.819 0.000 -0.558 0.135 0.746 0.000 -0.122 -0.655 0.787 0.000 -0.616 0.043 0.822 0.000 -0.170 -0.543 0.698 0.000 -0.387 -0.603 0.674 0.000 -0.530 0.515 0.654 0.000 -0.445 -0.611 0.690 0.000 -0.580 0.433 
-0.662 0.143 -0.193 -0.710 0.818 0.000 -0.558 0.135 0.746 0.000 -0.121 -0.655 0.787 0.000 -0.616 0.043 0.822 0.000 -0.171 -0.543 0.698 -0.000 -0.387 -0.602 0.674 0.000 -0.530 0.515 0.654 0.000 -0.445 -0.611 0.690 0.000 -0.580 0.433 
-0.662 0.143 -0.193 -0.710 0.818 0.000 -0.558 0.135 0.746 -0.000 -0.122 -0.655 0.787 0.000 -0.616 0.043 0.822 0.000 -0.171 -0.543 0.698 0.000 -0.387 -0.602 0.674 0.000 -0.530 0.515 0.654 0.000 -0.445 -0.612 0.690 0.000 -0.580 0.433 
-0.662 0.143 -0.193 -0.710 0.818 -0.000 -0.559 0.135 0.746 0.000 -0.121 -0.655 0.787 0.000 -0.615 0.043 0.822 0.000 -0.171 -0.543 0.698 0.000 -0.387 -0.603 0.674 -0.000 -0.530 0.515 0.654 -0.000 -0.445 -0.612 0.690 0.000 -0.580 0.433 
-0.662 0.143 -0.193 -0.710 0.818 -0.000 -0.559 0.135 0.746 0.000 -0.121 -0.655 0.787 -0.000 -0.615 0.043 0.822 -0.000 -0.171 -0.543 0.698 0.000 -0.387 -0.603 0.674 0.000 -0.530 0.515 0.654 0.000 -0.445 -0.611 0.690 0.000 -0.580 0.433 
-0.662 0.143 -0.193 -0.710 0.818 0.000 -0.558 0.135 0.746 0.000 -0.121 -0.655 0.787 0.000 -0.615 0.043 0.822 0.000 -0.171 -0.543 0.698 0.000 -0.387 -0.602 0.674 0.000 -0.530 0.515 0.654 0.000 -0.445 -0.612 0.690 0.000 -0.580 0.433 
-0.662 0.143 -0.193 -0.710 0.818 -0.000 -0.559 0.135 0.746 0.000 -0.121 -0.655 0.787 0.000 -0.615 0.042 0.823 0.000 -0.171 -0.542 0.698 0.000 -0.387 -0.602 0.674 0.000 -0.530 0.515 0.654 0.000 -0.445 -0.611 0.690 0.000 -0.580 0.433 
-0.662 0.143 -0.193 -0.710 0.818 0.000 -0.559 0.135 0.746 0.000 -0.121 -0.655 0.787 0.000 -0.615 0.042 0.823 -0.000 -0.171 -0.542 0.698 0.000 -0.387 -0.602 0.674 0.000 -0.530 0.515 0.654 0.000 -0.445 -0.611 0.690 0.000 -0.580 0.433 
-0.662 0.143 -0.193 -0.710 0.818 -0.000 -0.559 0.135 0.746 0.000 -0.121 -0.655 0.787 -0.000 -0.615 0.042 0.823 0.000 -0.171 -0.542 0.698 0.000 -0.387 -0.603 0.674 0.000 -0.530 0.515 0.654 0.000 -0.445 -0.612 0.690 0.000 -0.580 0.433 
-0.662 0.143 -0.193 -0.710 0.818 0.000 -0.559 0.135 0.746 -0.000 -0.121 -0.655 0.787 -0.000 -0.615 0.042 0.823 0.000 -0.171 -0.542 0.698 0.000 -0.387 -0.603 0.674 0.000 -0.530 0.515 0.654 0.000 -0.445 -0.612 0.690 0.000 -0.580 0.433 
-0.662 0.143 -0.193 -0.710 0.818 -0.000 -0.559 0.135 0.746 0.000 -0.121 -0.655 0.787 0.000 -0.615 0.042 0.823 0.000 -0.171 -0.541 0.698 0.000 -0.387 -0.602 0.674 -0.000 -0.530 0.515 0.654 0.000 -0.445 -0.612 0.690 0.000 -0.580 0.433 
-0.662 0.143 -0.193 -0.710 0.818 0.000 -0.559 0.135 0.746 0.000 -0.121 -0.655 0.787 -0.000 -0.615 0.042 0.823 0.000 -0.171 -0.541 0.698 0.000 -0.387 -0.603 0.674 0.000 -0.530 0.515 0.654 0.000 -0.445 -0.611 0.690 -0.000 -0.580 0.433 
-0.662 0.143 -0.193 -0.710 0.818 0.000 -0.559 0.135 0.746 0.000 -0.121 -0.655 0.787 -0.000 -0.615 0.042 0.823 0.000 -0.171 -0.541 0.698 0.000 -0.387 -0.603 0.674 0.000 -0.530 0.515 0.654 0.000 -0.445 -0.612 0.690 0.000 -0.580 0.433 
-0.662 0.143 -0.193 -0.710 0.818 0.000 -0.559 0.135 0.746 -0.000 -0.121 -0.655 0.787 0.000 -0.615 0.043 0.823 0.000 -0.172 -0.541 0.698 -0.000 -0.387 -0.603 0.674 -0.000 -0.530 0.515 0.654 0.000 -0.445 -0.612 0.690 0.000 -0.580 0.432 
-0.662 0.143 -0.193 -0.710 0.818 0.000 -0.559 0.135 0.746 0.000 -0.121 -0.655 0.787 0.000 -0.615 0.043 0.823 0.000 -0.172 -0.541 0.698 0.000 -0.387 -0.603 0.674 0.000 -0.530 0.515 0.654 0.000 -0.445 -0.612 0.690 0.000 -0.580 0.433 
-0.662 0.143 -0.193 -0.710 0.818 0.000 -0.559 0.135 0.746 0.000 -0.121 -0.655 0.787 -0.000 -0.615 0.043 0.823 0.000 -0.172 -0.541 0.698 0.000 -0.387 -0.603 0.674 0.000 -0.530 0.515 0.654 -0.000 -0.445 -0.611 0.690 0.000 -0.580 0.433 
-0.662 0.143 -0.193 -0.710 0.818 0.000 -0.559 0.135 0.745 0.000 -0.121 -0.655 0.787 0.000 -0.615 0.043 0.823 0.000 -0.172 -0.541 0.698 0.000 -0.387 -0.603 0.674 0.000 -0.530 0.515 0.654 0.000 -0.445 -0.612 0.690 0.000 -0.580 0.433 
-0.662 0.143 -0.193 -0.710 0.818 0.000 -0.559 0.135 0.745 0.000 -0.121 -0.656 0.787 0.000 -0.615 0.043 0.823 0.000 -0.173 -0.541 0.698 0.000 -0.387 -0.603 0.674 0.000 -0.530 0.515 0.654 0.000 -0.445 -0.612 0.690 0.000 -0.580 0.433 
-0.662 0.143 -0.193 -0.710 0.818 0.000 -0.559 0.135 0.745 0.000 -0.121 -0.656 0.787 -0.000 -0.615 0.043 0.823 0.000 -0.173 -0.541 0.698 0.000 -0.387 -0.603 0.674 0.000 -0.530 0.515 0.654 -0.000 -0.445 -0.611 0.690 0.000 -0.580 0.433 
-0.662 0.143 -0.193 -0.710 0.818 0.000 -0.559 0.135 0.745 0.000 -0.120 -0.656 0.787 0.000 -0.616 0.044 0.823 0.000 -0.173 -0.541 0.698 0.000 -0.387 -0.603 0.673 -0.000 -0.530 0.515 0.654 0.000 -0.445 -0.612 0.690 -0.000 -0.580 0.432 
-0.662 0.143 -0.193 -0.710 0.818 0.000 -0.559 0.135 0.745 0.000 -0.120 -0.656 0.787 0.000 -0.615 0.044 0.823 -0.000 -0.173 -0.541 0.698 0.000 -0.387 -0.603 0.674 0.000 -0.530 0.515 0.654 0.000 -0.445 -0.612 0.690 0.000 -0.580 0.433 
-0.662 0.143 -0.193 -0.710 0.818 0.000 -0.559 0.135 0.745 0.000 -0.120 -0.656 0.787 0.000 -0.616 0.044 0.823 0.000 -0.173 -0.540 0.698 0.000 -0.387 -0.602 0.674 -0.000 -0.530 0.515 0.654 0.000 -0.445 -0.611 0.690 0.000 -0.580 0.433 
-0.662 0.143 -0.193 -0.710 0.818 0.000 -0.559 0.134 0.745 0.000 -0.120 -0.656 0.787 0.000 -0.616 0.044 0.823 0.000 -0.173 -0.541 0.698 0.000 -0.387 -0.602 0.674 -0.000 -0.530 0.515 0.654 0.000 -0.445 -0.611 0.690 0.000 -0.580 0.433 
-0.662 0.143 -0.193 -0.710 0.818 0.000 -0.559 0.135 0.745 0.000 -0.120 -0.656 0.787 0.000 -0.616 0.044 0.823 0.000 -0.173 -0.540 0.698 0.000 -0.387 -0.603 0.674 0.000 -0.530 0.515 0.654 0.000 -0.445 -0.611 0.690 0.000 -0.580 0.433 
-0.662 0.143 -0.193 -0.710 0.818 -0.000 -0.559 0.135 0.745 0.000 -0.120 -0.656 0.787 0.000 -0.616 0.044 0.824 0.000 -0.173 -0.540 0.698 0.000 -0.387 -0.602 0.674 0.000 -0.530 0.515 0.654 0.000 -0.445 -0.611 0.690 0.000 -0.580 0.433 
-0.662 0.143 -0.194 -0.710 0.818 0.000 -0.559 0.135 0.745 0.000 -0.120 -0.656 0.787 0.000 -0.616 0.044 0.824 0.000 -0.174 -0.540 0.698 0.000 -0.387 -0.602 0.674 0.000 -0.530 0.515 0.654 0.000 -0.445 -0.611 0.690 0.000 -0.580 0.433 
-0.662 0.143 -0.194 -0.710 0.818 0.000 -0.559 0.135 0.745 0.000 -0.120 -0.656 0.787 0.000 -0.616 0.045 0.824 0.000 -0.174 -0.540 0.698 -0.000 -0.387 -0.602 0.674 0.000 -0.530 0.515 0.654 0.000 -0.445 -0.611 0.690 0.000 -0.580 0.433 
-0.662 0.143 -0.194 -0.710 0.818 -0.000 -0.559 0.135 0.745 0.000 -0.120 -0.656 0.787 0.000 -0.616 0.045 0.824 0.000 -0.174 -0.540 0.698 0.000 -0.387 -0.602 0.674 0.000 -0.530 0.515 0.654 0.000 -0.445 -0.611 0.690 0.000 -0.580 0.433 
-0.662 0.143 -0.194 -0.710 0.818 0.000 -0.559 0.135 0.745 0.000 -0.120 -0.656 0.787 0.000 -0.616 0.045 0.824 0.000 -0.175 -0.540 0.698 0.000 -0.387 -0.602 0.674 0.000 -0.530 0.515 0.654 0.000 -0.445 -0.611 0.690 0.000 -0.580 0.433 
-0.662 0.143 -0.194 -0.710 0.818 0.000 -0.559 0.135 0.745 0.000 -0.120 -0.656 0.787 -0.000 -0.616 0.045 0.824 0.000 -0.175 -0.540 0.698 -0.000 -0.387 -0.602 0.674 0.000 -0.530 0.515 0.654 0.000 -0.445 -0.611 0.690 0.000 -0.580 0.433 
-0.662 0.143 -0.194 -0.710 0.818 0.000 -0.560 0.135 0.745 0.000 -0.119 -0.656 0.787 0.000 -0.616 0.045 0.823 0.000 -0.175 -0.540 0.698 0.000 -0.387 -0.602 0.674 0.000 -0.530 0.515 0.654 0.000 -0.445 -0.611 0.690 0.000 -0.580 0.433 
-0.662 0.143 -0.194 -0.710 0.818 0.000 -0.560 0.135 0.745 0.000 -0.119 -0.656 0.786 0.000 -0.616 0.046 0.823 0.000 -0.175 -0.540 0.698 -0.000 -0.387 -0.602 0.674 0.000 -0.530 0.515 0.654 0.000 -0.445 -0.611 0.690 0.000 -0.580 0.433 
-0.662 0.143 -0.194 -0.710 0.818 -0.000 -0.560 0.135 0.745 0.000 -0.119 -0.657 0.786 0.000 -0.616 0.046 0.823 0.000 -0.175 -0.540 0.698 0.000 -0.387 -0.602 0.674 -0.000 -0.530 0.515 0.654 -0.000 -0.445 -0.611 0.690 0.000 -0.580 0.433 
-0.662 0.143 -0.194 -0.710 0.818 0.000 -0.559 0.135 0.745 -0.000 -0.120 -0.656 0.786 0.000 -0.616 0.046 0.823 -0.000 -0.175 -0.540 0.698 0.000 -0.387 -0.602 0.674 0.000 -0.530 0.515 0.654 0.000 -0.445 -0.611 0.690 0.000 -0.580 0.433 
-0.662 0.143 -0.193 -0.710 0.818 0.000 -0.560 0.135 0.745 0.000 -0.119 -0.656 0.786 0.000 -0.616 0.046 0.823 0.000 -0.175 -0.540 0.698 -0.000 -0.387 -0.602 0.674 -0.000 -0.530 0.515 0.654 0.000 -0.445 -0.611 0.690 0.000 -0.580 0.433 
-0.662 0.143 -0.193 -0.710 0.818 0.000 -0.559 0.134 0.745 -0.000 -0.120 -0.656 0.786 -0.000 -0.616 0.046 0.823 0.000 -0.175 -0.540 0.698 0.000 -0.387 -0.602 0.674 0.000 -0.530 0.515 0.654 0.000 -0.445 -0.611 0.690 0.000 -0.580 0.433 
-0.662 0.143 -0.193 -0.710 0.818 0.000 -0.559 0.135 0.745 -0.000 -0.120 -0.656 0.786 0.000 -0.616 0.046 0.823 0.000 -0.175 -0.540 0.698 0.000 -0.387 -0.602 0.674 0.000 -0.530 0.515 0.654 0.000 -0.445 -0.611 0.690 -0.000 -0.580 0.433 
-0.662 0.143 -0.193 -0.710 0.818 0.000 -0.559 0.135 0.745 0.000 -0.120 -0.656 0.786 0.000 -0.616 0.046 0.823 0.000 -0.175 -0.540 0.698 0.000 -0.387 -0.602 0.674 -0.000 -0.530 0.515 0.654 -0.000 -0.445 -0.611 0.690 -0.000 -0.580 0.433 
-0.662 0.143 -0.193 -0.710 0.818 0.000 -0.559 0.135 0.745 0.000 -0.120 -0.656 0.786 0.000 -0.616 0.046 0.823 0.000 -0.175 -0.540 0.698 -0.000 -0.387 -0.602 0.674 0.000 -0.530 0.515 0.654 -0.000 -0.445 -0.612 0.690 0.000 -0.580 0.433 
-0.662 0.143 -0.193 -0.710 0.818 0.000 -0.559 0.135 0.745 -0.000 -0.120 -0.656 0.786 0.000 -0.616 0.046 0.823 0.000 -0.176 -0.540 0.698 0.000 -0.387 -0.602 0.674 0.000 -0.530 0.515 0.654 -0.000 -0.445 -0.612 0.690 0.000 -0.580 0.433 
-0.662 0.143 -0.193 -0.710 0.818 0.000 -0.559 0.135 0.745 0.000 -0.120 -0.656 0.786 -0.000 -0.616 0.046 0.823 0.000 -0.175 -0.540 0.698 0.000 -0.387 -0.603 0.674 0.000 -0.530 0.515 0.654 0.000 -0.445 -0.611 0.690 0.000 -0.580 0.433 
-0.662 0.143 -0.193 -0.710 0.818 0.000 -0.559 0.135 0.745 0.000 -0.120 -0.656 0.786 0.000 -0.616 0.046 0.823 0.000 -0.175 -0.540 0.698 0.000 -0.387 -0.603 0.674 0.000 -0.530 0.515 0.654 0.000 -0.445 -0.612 0.690 0.000 -0.580 0.433 
-0.662 0.143 -0.193 -0.710 0.818 -0.000 -0.559 0.135 0.745 0.000 -0.119 -0.656 0.786 0.000 -0.616 0.046 0.823 0.000 -0.175 -0.540 0.698 0.000 -0.387 -0.603 0.673 -0.000 -0.531 0.515 0.654 -0.000 -0.445 -0.612 0.690 0.000 -0.580 0.433 
-0.662 0.143 -0.193 -0.710 0.818 0.000 -0.559 0.135 0.745 0.000 -0.120 -0.656 0.786 0.000 -0.616 0.046 0.823 0.000 -0.176 -0.540 0.698 -0.000 -0.387 -0.603 0.674 -0.000 -0.530 0.515 0.654 -0.000 -0.445 -0.612 0.690 0.000 -0.580 0.433 
-0.662 0.143 -0.193 -0.710 0.818 0.000 -0.559 0.135 0.745 0.000 -0.120 -0.656 0.786 0.000 -0.616 0.046 0.823 -0.000 -0.175 -0.540 0.698 0.000 -0.387 -0.603 0.674 -0.000 -0.530 0.515 0.654 0.000 -0.445 -0.612 0.690 0.000 -0.580 0.433 
-0.662 0.143 -0.193 -0.710 0.818 0.000 -0.559 0.135 0.745 0.000 -0.120 -0.656 0.786 -0.000 -0.616 0.046 0.823 0.000 -0.175 -0.540 0.698 0.000 -0.387 -0.603 0.674 0.000 -0.530 0.515 0.654 0.000 -0.445 -0.612 0.690 0.000 -0.580 0.433 
-0.662 0.143 -0.193 -0.710 0.818 0.000 -0.559 0.135 0.745 0.000 -0.120 -0.656 0.786 -0.000 -0.616 0.046 0.823 0.000 -0.175 -0.540 0.698 0.000 -0.387 -0.603 0.674 0.000 -0.530 0.515 0.654 0.000 -0.445 -0.612 0.690 0.000 -0.580 0.433 
-0.662 0.143 -0.193 -0.710 0.818 0.000 -0.559 0.135 0.745 0.000 -0.120 -0.656 0.786 0.000 -0.616 0.046 0.823 0.000 -0.175 -0.540 0.698 0.000 -0.387 -0.603 0.674 0.000 -0.530 0.515 0.654 0.000 -0.445 -0.612 0.690 0.000 -0.580 0.433 
-0.662 0.143 -0.193 -0.710 0.818 0.000 -0.559 0.135 0.745 0.000 -0.120 -0.656 0.786 -0.000 -0.616 0.046 0.823 0.000 -0.175 -0.540 0.698 0.000 -0.387 -0.603 0.674 0.000 -0.530 0.515 0.654 0.000 -0.445 -0.612 0.690 0.000 -0.580 0.433 
-0.662 0.143 -0.193 -0.710 0.818 0.000 -0.559 0.135 0.745 0.000 -0.120 -0.656 0.786 0.000 -0.617 0.047 0.823 -0.000 -0.175 -0.540 0.698 0.000 -0.387 -0.603 0.673 -0.000 -0.531 0.515 0.654 0.000 -0.445 -0.612 0.690 0.000 -0.580 0.433 
-0.662 0.143 -0.193 -0.710 0.818 0.000 -0.559 0.135 0.745 0.000 -0.120 -0.656 0.786 0.000 -0.616 0.047 0.823 0.000 -0.175 -0.540 0.698 0.000 -0.387 -0.603 0.674 0.000 -0.530 0.515 0.654 0.000 -0.445 -0.611 0.690 0.000 -0.580 0.433 
-0.662 0.143 -0.193 -0.710 0.818 0.000 -0.559 0.136 0.745 -0.000 -0.120 -0.656 0.786 0.000 -0.617 0.047 0.823 0.000 -0.175 -0.540 0.698 0.000 -0.387 -0.603 0.674 -0.000 -0.530 0.515 0.654 0.000 -0.445 -0.612 0.690 0.000 -0.580 0.433 
-0.662 0.143 -0.193 -0.710 0.818 0.000 -0.560 0.136 0.745 0.000 -0.120 -0.656 0.786 0.000 -0.616 0.046 0.823 0.000 -0.175 -0.540 0.698 0.000 -0.387 -0.603 0.674 0.000 -0.530 0.515 0.654 0.000 -0.445 -0.612 0.690 0.000 -0.580 0.433 
-0.662 0.143 -0.193 -0.710 0.818 -0.000 -0.560 0.136 0.745 0.000 -0.120 -0.656 0.786 0.000 -0.617 0.047 0.823 0.000 -0.175 -0.540 0.698 0.000 -0.387 -0.603 0.673 0.000 -0.530 0.515 0.654 0.000 -0.445 -0.611 0.690 0.000 -0.580 0.433 
-0.662 0.143 -0.193 -0.710 0.818 -0.000 -0.560 0.136 0.745 0.000 -0.120 -0.656 0.786 -0.000 -0.617 0.047 0.823 0.000 -0.175 -0.540 0.698 0.000 -0.387 -0.603 0.673 0.000 -0.530 0.515 0.654 0.000 -0.445 -0.612 0.690 0.000 -0.580 0.433 
-0.662 0.143 -0.193 -0.710 0.817 0.000 -0.560 0.136 0.745 0.000 -0.120 -0.656 0.786 0.000 -0.617 0.047 0.823 0.000 -0.175 -0.540 0.698 0.000 -0.387 -0.602 0.673 0.000 -0.530 0.515 0.654 0.000 -0.445 -0.611 0.690 -0.000 -0.580 0.433 
-0.662 0.143 -0.194 -0.710 0.817 0.000 -0.560 0.136 0.745 -0.000 -0.120 -0.656 0.786 0.000 -0.617 0.047 0.823 0.000 -0.175 -0.540 0.698 0.000 -0.387 -0.602 0.674 0.000 -0.530 0.515 0.654 0.000 -0.445 -0.611 0.690 0.000 -0.580 0.433 
-0.662 0.143 -0.194 -0.710 0.817 0.000 -0.560 0.136 0.745 0.000 -0.120 -0.656 0.786 0.000 -0.617 0.047 0.823 0.000 -0.175 -0.540 0.698 -0.000 -0.387 -0.602 0.673 0.000 -0.530 0.515 0.654 0.000 -0.445 -0.612 0.690 0.000 -0.580 0.433 
-0.662 0.143 -0.193 -0.710 0.817 -0.000 -0.560 0.137 0.745 -0.000 -0.120 -0.656 0.786 0.000 -0.617 0.047 0.823 0.000 -0.175 -0.540 0.698 0.000 -0.387 -0.603 0.673 0.000 -0.530 0.515 0.654 0.000 -0.445 -0.612 0.690 0.000 -0.580 0.433 
-0.662 0.143 -0.194 -0.710 0.817 0.000 -0.560 0.137 0.745 0.000 -0.120 -0.656 0.786 0.000 -0.617 0.047 0.823 -0.000 -0.175 -0.540 0.698 0.000 -0.387 -0.603 0.673 0.000 -0.530 0.515 0.654 0.000 -0.445 -0.612 0.690 0.000 -0.580 0.433 
-0.662 0.143 -0.193 -0.710 0.817 0.000 -0.560 0.137 0.745 0.000 -0.121 -0.656 0.786 -0.000 -0.617 0.048 0.823 -0.000 -0.175 -0.540 0.698 0.000 -0.387 -0.602 0.674 0.000 -0.530 0.515 0.654 0.000 -0.445 -0.612 0.690 0.000 -0.580 0.433 
-0.662 0.143 -0.193 -0.710 0.817 0.000 -0.560 0.138 0.745 0.000 -0.121 -0.656 0.786 0.000 -0.617 0.048 0.823 0.000 -0.175 -0.540 0.698 0.000 -0.387 -0.602 0.674 0.000 -0.530 0.515 0.654 0.000 -0.445 -0.612 0.690 0.000 -0.580 0.433 
-0.662 0.143 -0.193 -0.710 0.817 0.000 -0.560 0.138 0.745 0.000 -0.121 -0.656 0.786 -0.000 -0.617 0.048 0.823 0.000 -0.176 -0.540 0.698 0.000 -0.387 -0.602 0.674 0.000 -0.530 0.515 0.654 -0.000 -0.445 -0.612 0.690 0.000 -0.580 0.433 
-0.662 0.143 -0.193 -0.710 0.817 0.000 -0.560 0.138 0.745 -0.000 -0.121 -0.656 0.786 0.000 -0.617 0.048 0.823 -0.000 -0.176 -0.540 0.698 0.000 -0.387 -0.603 0.674 -0.000 -0.530 0.515 0.654 0.000 -0.445 -0.612 0.690 0.000 -0.580 0.433 
-0.662 0.143 -0.193 -0.710 0.817 0.000 -0.560 0.138 0.745 0.000 -0.122 -0.655 0.786 0.000 -0.617 0.048 0.823 0.000 -0.176 -0.540 0.698 0.000 -0.387 -0.602 0.674 0.000 -0.530 0.515 0.654 0.000 -0.445 -0.612 0.690 -0.000 -0.580 0.433 
-0.662 0.143 -0.193 -0.710 0.817 0.000 -0.560 0.138 0.746 -0.000 -0.122 -0.655 0.786 -0.000 -0.616 0.049 0.823 0.000 -0.177 -0.540 0.698 0.000 -0.387 -0.603 0.674 0.000 -0.530 0.515 0.654 0.000 -0.445 -0.612 0.690 -0.000 -0.580 0.433 
-0.662 0.143 -0.193 -0.710 0.817 0.000 -0.560 0.139 0.746 0.000 -0.122 -0.655 0.786 0.000 -0.616 0.049 0.823 0.000 -0.177 -0.540 0.698 -0.000 -0.387 -0.603 0.674 0.000 -0.530 0.515 0.654 0.000 -0.445 -0.611 0.690 0.000 -0.580 0.433 
-0.662 0.143 -0.194 -0.710 0.817 0.000 -0.560 0.139 0.746 0.000 -0.123 -0.655 0.786 0.000 -0.616 0.049 0.823 0.000 -0.177 -0.540 0.698 0.000 -0.387 -0.602 0.674 0.000 -0.530 0.515 0.654 0.000 -0.445 -0.612 0.690 0.000 -0.580 0.433 
