# T   LUA LFA RUA RFA LT  LS  RT  RS  
0.994 0.107 0.011 0.001 0.828 0.000 -0.428 -0.363 0.624 0.000 0.174 -0.762 0.771 0.000 -0.585 -0.253 0.654 0.000 0.076 -0.752 0.752 -0.000 0.017 -0.658 0.838 0.000 -0.524 -0.149 0.734 0.000 -0.053 -0.677 0.930 0.000 -0.367 0.013 
0.994 0.107 0.010 0.002 0.828 0.000 -0.428 -0.363 0.623 -0.000 0.178 -0.761 0.771 0.000 -0.584 -0.254 0.655 0.000 0.075 -0.752 0.753 0.000 0.017 -0.658 0.839 0.000 -0.524 -0.150 0.733 0.000 -0.051 -0.678 0.925 0.000 -0.379 0.014 
0.994 0.107 0.010 0.003 0.828 0.000 -0.426 -0.364 0.623 0.000 0.185 -0.760 0.772 0.000 -0.583 -0.254 0.656 0.000 0.074 -0.751 0.753 0.000 0.017 -0.657 0.839 0.000 -0.523 -0.151 0.734 0.000 -0.049 -0.678 0.929 -0.000 -0.369 0.011 
0.994 0.108 0.009 0.005 0.828 -0.000 -0.426 -0.364 0.622 -0.000 0.190 -0.759 0.773 -0.000 -0.581 -0.256 0.656 0.000 0.073 -0.751 0.754 -0.000 0.018 -0.656 0.839 0.000 -0.523 -0.153 0.733 0.000 -0.046 -0.679 0.924 0.000 -0.381 0.011 
0.994 0.109 0.008 0.006 0.827 0.000 -0.429 -0.364 0.621 0.000 0.193 -0.759 0.773 0.000 -0.580 -0.258 0.657 0.000 0.072 -0.751 0.755 0.000 0.019 -0.655 0.839 0.000 -0.522 -0.155 0.732 -0.000 -0.043 -0.680 0.928 0.000 -0.371 0.011 
0.994 0.109 0.007 0.008 0.826 0.000 -0.430 -0.363 0.621 0.000 0.198 -0.759 0.775 0.000 -0.577 -0.258 0.656 0.000 0.068 -0.752 0.756 0.000 0.019 -0.654 0.839 0.000 -0.521 -0.156 0.731 0.000 -0.041 -0.681 0.924 0.000 -0.383 0.010 
0.994 0.110 0.006 0.009 0.826 0.000 -0.432 -0.363 0.620 0.000 0.202 -0.758 0.775 0.000 -0.576 -0.261 0.657 0.000 0.071 -0.751 0.757 0.000 0.019 -0.653 0.839 0.000 -0.521 -0.157 0.731 0.000 -0.039 -0.682 0.928 0.000 -0.373 0.010 
0.994 0.110 0.005 0.010 0.825 0.000 -0.433 -0.363 0.620 0.000 0.204 -0.758 0.777 0.000 -0.573 -0.261 0.656 0.000 0.069 -0.752 0.757 0.000 0.019 -0.653 0.839 0.000 -0.521 -0.158 0.730 -0.000 -0.038 -0.683 0.923 0.000 -0.386 0.011 
0.994 0.110 0.006 0.009 0.824 0.000 -0.435 -0.362 0.619 0.000 0.205 -0.758 0.777 0.000 -0.573 -0.263 0.656 -0.000 0.073 -0.751 0.757 0.000 0.019 -0.653 0.839 0.000 -0.522 -0.157 0.730 0.000 -0.039 -0.682 0.928 0.000 -0.373 0.010 
0.994 0.109 0.006 0.008 0.823 0.000 -0.437 -0.362 0.619 -0.000 0.204 -0.759 0.777 0.000 -0.571 -0.263 0.656 -0.000 0.076 -0.751 0.757 0.000 0.018 -0.653 0.838 0.000 -0.522 -0.156 0.731 0.000 -0.041 -0.681 0.924 0.000 -0.383 0.011 
0.994 0.108 0.008 0.006 0.823 -0.000 -0.439 -0.361 0.618 0.000 0.199 -0.760 0.778 0.000 -0.571 -0.263 0.656 0.000 0.081 -0.751 0.755 0.000 0.017 -0.655 0.839 0.000 -0.522 -0.154 0.732 0.000 -0.045 -0.680 0.928 -0.000 -0.372 0.012 
0.994 0.107 0.010 0.003 0.822 0.000 -0.442 -0.360 0.619 0.000 0.193 -0.762 0.778 0.000 -0.571 -0.263 0.655 -0.000 0.085 -0.750 0.754 -0.000 0.016 -0.657 0.839 -0.000 -0.524 -0.150 0.733 0.000 -0.051 -0.678 0.925 0.000 -0.379 0.013 
0.994 0.106 0.012 0.001 0.820 0.000 -0.445 -0.359 0.619 -0.000 0.188 -0.763 0.779 0.000 -0.570 -0.262 0.655 0.000 0.090 -0.751 0.752 0.000 0.015 -0.659 0.838 0.000 -0.525 -0.147 0.733 0.000 -0.056 -0.677 0.930 0.000 -0.366 0.015 
0.994 0.105 0.012 -0.000 0.819 0.000 -0.448 -0.358 0.619 0.000 0.185 -0.764 0.780 -0.000 -0.568 -0.263 0.654 0.000 0.095 -0.750 0.752 0.000 0.014 -0.659 0.839 0.000 -0.525 -0.146 0.733 -0.000 -0.057 -0.678 0.926 0.000 -0.377 0.017 
0.994 0.105 0.012 0.000 0.818 0.000 -0.451 -0.357 0.619 0.000 0.185 -0.764 0.782 0.000 -0.565 -0.265 0.654 0.000 0.096 -0.751 0.752 0.000 0.014 -0.659 0.838 0.000 -0.525 -0.146 0.733 0.000 -0.057 -0.678 0.931 0.000 -0.365 0.016 
0.994 0.106 0.011 0.001 0.816 0.000 -0.455 -0.356 0.619 0.000 0.185 -0.763 0.783 -0.000 -0.561 -0.267 0.653 0.000 0.099 -0.751 0.753 0.000 0.015 -0.658 0.839 -0.000 -0.524 -0.147 0.732 0.000 -0.056 -0.679 0.926 0.000 -0.377 0.016 
0.994 0.106 0.010 0.003 0.815 0.000 -0.458 -0.354 0.619 0.000 0.184 -0.764 0.785 0.000 -0.557 -0.269 0.653 0.000 0.103 -0.750 0.754 0.000 0.014 -0.657 0.839 0.000 -0.524 -0.149 0.732 -0.000 -0.053 -0.679 0.930 0.000 -0.367 0.016 
0.994 0.106 0.009 0.004 0.814 0.000 -0.462 -0.352 0.619 0.000 0.183 -0.764 0.787 -0.000 -0.554 -0.272 0.652 -0.000 0.105 -0.751 0.755 0.000 0.015 -0.656 0.838 0.000 -0.524 -0.149 0.731 0.000 -0.052 -0.680 0.925 0.000 -0.379 0.016 
0.994 0.106 0.009 0.004 0.812 0.000 -0.466 -0.351 0.619 0.000 0.181 -0.764 0.789 0.000 -0.550 -0.273 0.651 0.000 0.107 -0.751 0.755 0.000 0.015 -0.655 0.838 0.000 -0.524 -0.150 0.731 0.000 -0.051 -0.681 0.929 0.000 -0.369 0.016 
0.994 0.106 0.010 0.003 0.811 0.000 -0.470 -0.350 0.620 0.000 0.176 -0.764 0.791 -0.000 -0.547 -0.274 0.651 -0.000 0.111 -0.751 0.754 0.000 0.014 -0.656 0.838 -0.000 -0.524 -0.149 0.731 0.000 -0.052 -0.680 0.925 0.000 -0.379 0.016 
0.994 0.105 0.012 0.001 0.808 -0.000 -0.475 -0.348 0.621 0.000 0.168 -0.766 0.792 0.000 -0.545 -0.275 0.651 -0.000 0.119 -0.750 0.753 0.000 0.014 -0.658 0.839 0.000 -0.525 -0.146 0.732 0.000 -0.058 -0.679 0.931 0.000 -0.365 0.017 
0.994 0.105 0.011 0.001 0.807 0.000 -0.479 -0.346 0.621 -0.000 0.165 -0.766 0.794 0.000 -0.541 -0.276 0.651 0.000 0.132 -0.747 0.753 -0.000 0.013 -0.658 0.839 -0.000 -0.525 -0.146 0.733 0.000 -0.056 -0.678 0.926 0.000 -0.377 0.016 
0.994 0.105 0.010 0.001 0.804 -0.000 -0.484 -0.345 0.622 0.000 0.162 -0.766 0.796 0.000 -0.538 -0.278 0.650 0.000 0.129 -0.749 0.753 0.000 0.013 -0.658 0.839 0.000 -0.524 -0.146 0.733 -0.000 -0.056 -0.678 0.928 -0.000 -0.372 0.021 
0.994 0.105 0.010 0.001 0.802 0.000 -0.489 -0.344 0.623 -0.000 0.158 -0.766 0.798 0.000 -0.534 -0.279 0.650 0.000 0.132 -0.749 0.753 0.000 0.013 -0.658 0.839 0.000 -0.524 -0.146 0.732 0.000 -0.056 -0.679 0.930 0.000 -0.367 0.017 
0.994 0.105 0.010 0.001 0.800 0.000 -0.493 -0.343 0.624 0.000 0.154 -0.766 0.800 -0.000 -0.530 -0.280 0.649 -0.000 0.136 -0.748 0.753 0.000 0.013 -0.658 0.839 -0.000 -0.524 -0.146 0.732 0.000 -0.055 -0.679 0.926 0.000 -0.378 0.017 
0.994 0.105 0.009 0.003 0.798 0.000 -0.497 -0.341 0.625 0.000 0.150 -0.766 0.802 0.000 -0.527 -0.283 0.649 0.000 0.136 -0.748 0.754 0.000 0.013 -0.657 0.839 -0.000 -0.524 -0.148 0.732 0.000 -0.054 -0.679 0.930 0.000 -0.367 0.016 
0.994 0.105 0.009 0.003 0.796 0.000 -0.502 -0.339 0.625 -0.000 0.147 -0.767 0.804 0.000 -0.522 -0.284 0.649 0.000 0.145 -0.747 0.754 -0.000 0.013 -0.657 0.839 0.000 -0.524 -0.148 0.732 0.000 -0.053 -0.679 0.925 0.000 -0.380 0.017 
0.994 0.106 0.009 0.003 0.794 -0.000 -0.507 -0.337 0.626 0.000 0.142 -0.767 0.807 0.000 -0.518 -0.284 0.648 0.000 0.145 -0.748 0.754 -0.000 0.013 -0.657 0.839 -0.000 -0.523 -0.147 0.732 0.000 -0.053 -0.679 0.930 -0.000 -0.368 0.016 
0.994 0.106 0.009 0.003 0.791 0.000 -0.511 -0.335 0.626 0.000 0.137 -0.768 0.808 -0.000 -0.515 -0.286 0.649 0.000 0.149 -0.747 0.754 0.000 0.013 -0.656 0.839 0.000 -0.524 -0.148 0.732 0.000 -0.053 -0.679 0.926 0.000 -0.378 0.015 
0.994 0.106 0.009 0.003 0.790 0.000 -0.515 -0.333 0.626 0.000 0.133 -0.768 0.810 0.000 -0.511 -0.288 0.648 0.000 0.151 -0.746 0.754 0.000 0.013 -0.656 0.839 0.000 -0.523 -0.148 0.732 0.000 -0.052 -0.679 0.930 0.000 -0.368 0.015 
0.994 0.106 0.008 0.004 0.787 0.000 -0.521 -0.330 0.626 -0.000 0.125 -0.770 0.813 0.000 -0.506 -0.288 0.647 0.000 0.149 -0.748 0.755 0.000 0.014 -0.656 0.839 0.000 -0.523 -0.149 0.732 0.000 -0.052 -0.679 0.925 0.000 -0.379 0.015 
0.994 0.106 0.008 0.004 0.784 0.000 -0.526 -0.329 0.627 0.000 0.122 -0.770 0.813 0.000 -0.505 -0.290 0.648 -0.000 0.154 -0.746 0.754 0.000 0.013 -0.657 0.839 -0.000 -0.523 -0.147 0.732 0.000 -0.052 -0.679 0.930 0.000 -0.368 0.014 
0.994 0.106 0.008 0.004 0.782 0.000 -0.531 -0.327 0.627 0.000 0.117 -0.770 0.816 0.000 -0.500 -0.291 0.647 -0.000 0.154 -0.747 0.755 0.000 0.014 -0.656 0.839 0.000 -0.524 -0.149 0.732 0.000 -0.051 -0.680 0.925 0.000 -0.380 0.015 
0.994 0.106 0.008 0.004 0.780 0.000 -0.536 -0.324 0.626 0.000 0.111 -0.771 0.817 0.000 -0.497 -0.292 0.647 0.000 0.156 -0.746 0.755 0.000 0.014 -0.656 0.839 0.000 -0.524 -0.149 0.732 -0.000 -0.052 -0.679 0.930 0.000 -0.368 0.014 
0.994 0.106 0.008 0.004 0.777 -0.000 -0.540 -0.322 0.627 -0.000 0.106 -0.772 0.818 0.000 -0.495 -0.292 0.647 0.000 0.157 -0.746 0.755 0.000 0.014 -0.656 0.839 0.000 -0.523 -0.149 0.732 -0.000 -0.051 -0.679 0.925 -0.000 -0.379 0.014 
0.994 0.106 0.008 0.004 0.775 0.000 -0.545 -0.320 0.627 0.000 0.100 -0.773 0.820 0.000 -0.492 -0.293 0.647 0.000 0.158 -0.746 0.755 0.000 0.014 -0.656 0.839 -0.000 -0.523 -0.150 0.732 0.000 -0.051 -0.679 0.930 0.000 -0.368 0.014 
0.994 0.106 0.008 0.004 0.773 0.000 -0.549 -0.317 0.627 0.000 0.095 -0.774 0.820 0.000 -0.491 -0.293 0.647 0.000 0.158 -0.746 0.755 0.000 0.014 -0.655 0.839 0.000 -0.523 -0.150 0.732 -0.000 -0.050 -0.680 0.925 0.000 -0.380 0.015 
0.994 0.107 0.008 0.004 0.772 0.000 -0.552 -0.315 0.627 -0.000 0.089 -0.774 0.822 0.000 -0.489 -0.294 0.647 0.000 0.159 -0.746 0.755 0.000 0.014 -0.655 0.839 0.000 -0.523 -0.150 0.732 0.000 -0.050 -0.680 0.929 0.000 -0.369 0.014 
0.994 0.106 0.008 0.004 0.770 0.000 -0.556 -0.313 0.627 0.000 0.084 -0.775 0.823 0.000 -0.487 -0.294 0.647 0.000 0.160 -0.746 0.755 -0.000 0.014 -0.655 0.839 0.000 -0.523 -0.150 0.732 0.000 -0.050 -0.680 0.925 0.000 -0.380 0.014 
0.994 0.107 0.008 0.004 0.768 0.000 -0.559 -0.311 0.627 0.000 0.080 -0.775 0.824 0.000 -0.485 -0.294 0.647 0.000 0.160 -0.746 0.755 0.000 0.014 -0.656 0.839 0.000 -0.523 -0.149 0.732 0.000 -0.050 -0.679 0.930 0.000 -0.368 0.013 
0.994 0.107 0.008 0.004 0.767 0.000 -0.562 -0.308 0.627 0.000 0.074 -0.775 0.824 0.000 -0.483 -0.295 0.646 0.000 0.160 -0.746 0.755 0.000 0.014 -0.655 0.840 0.000 -0.522 -0.149 0.732 0.000 -0.049 -0.680 0.925 0.000 -0.380 0.014 
0.994 0.107 0.007 0.004 0.766 0.000 -0.565 -0.307 0.628 0.000 0.070 -0.775 0.825 0.000 -0.482 -0.295 0.647 0.000 0.161 -0.746 0.756 -0.000 0.015 -0.655 0.839 -0.000 -0.524 -0.150 0.732 0.000 -0.049 -0.680 0.929 0.000 -0.369 0.014 
0.994 0.107 0.008 0.004 0.765 0.000 -0.567 -0.306 0.628 0.000 0.066 -0.775 0.826 -0.000 -0.481 -0.295 0.647 0.000 0.162 -0.745 0.756 -0.000 0.015 -0.655 0.839 0.000 -0.523 -0.151 0.732 0.000 -0.050 -0.680 0.925 0.000 -0.379 0.014 
0.994 0.107 0.008 0.004 0.764 0.000 -0.569 -0.305 0.629 0.000 0.062 -0.775 0.826 -0.000 -0.480 -0.296 0.647 -0.000 0.159 -0.746 0.756 0.000 0.015 -0.655 0.839 0.000 -0.523 -0.151 0.732 0.000 -0.049 -0.680 0.929 0.000 -0.369 0.014 
0.994 0.106 0.007 0.004 0.763 0.000 -0.570 -0.304 0.629 0.000 0.059 -0.775 0.827 -0.000 -0.479 -0.296 0.647 0.000 0.159 -0.746 0.756 0.000 0.014 -0.655 0.839 0.000 -0.523 -0.151 0.732 0.000 -0.049 -0.680 0.925 0.000 -0.380 0.014 
0.994 0.106 0.007 0.004 0.763 0.000 -0.571 -0.304 0.630 0.000 0.056 -0.775 0.827 -0.000 -0.478 -0.296 0.647 0.000 0.160 -0.746 0.756 0.000 0.014 -0.654 0.839 0.000 -0.524 -0.151 0.731 0.000 -0.050 -0.680 0.929 0.000 -0.369 0.014 
0.994 0.106 0.007 0.004 0.762 0.000 -0.571 -0.303 0.631 0.000 0.054 -0.774 0.827 0.000 -0.478 -0.296 0.647 -0.000 0.160 -0.745 0.756 0.000 0.014 -0.654 0.839 0.000 -0.523 -0.151 0.731 -0.000 -0.050 -0.680 0.925 -0.000 -0.381 0.015 
0.994 0.106 0.007 0.004 0.762 0.000 -0.572 -0.303 0.631 -0.000 0.052 -0.774 0.827 0.000 -0.478 -0.296 0.647 0.000 0.161 -0.745 0.756 0.000 0.014 -0.654 0.839 0.000 -0.523 -0.151 0.731 0.000 -0.050 -0.680 0.929 0.000 -0.370 0.014 
0.994 0.106 0.007 0.004 0.764 0.000 -0.570 -0.303 0.631 0.000 0.052 -0.774 0.827 0.000 -0.477 -0.296 0.647 0.000 0.161 -0.745 0.756 0.000 0.014 -0.654 0.839 -0.000 -0.523 -0.151 0.732 0.000 -0.051 -0.680 0.925 0.000 -0.380 0.014 
0.994 0.106 0.007 0.004 0.763 0.000 -0.571 -0.304 0.632 0.000 0.051 -0.774 0.827 0.000 -0.478 -0.296 0.647 0.000 0.161 -0.745 0.756 -0.000 0.014 -0.654 0.839 -0.000 -0.523 -0.151 0.731 0.000 -0.050 -0.680 0.929 0.000 -0.369 0.014 
0.994 0.106 0.008 0.004 0.763 -0.000 -0.570 -0.304 0.632 0.000 0.051 -0.774 0.827 0.000 -0.478 -0.296 0.647 0.000 0.161 -0.745 0.756 0.000 0.014 -0.654 0.839 0.000 -0.523 -0.151 0.731 0.000 -0.050 -0.680 0.925 0.000 -0.380 0.015 
0.994 0.106 0.008 0.004 0.764 -0.000 -0.569 -0.305 0.632 0.000 0.051 -0.773 0.827 0.000 -0.479 -0.296 0.648 0.000 0.161 -0.745 0.756 0.000 0.014 -0.654 0.839 -0.000 -0.523 -0.150 0.732 0.000 -0.051 -0.680 0.929 0.000 -0.369 0.014 
0.994 0.106 0.007 0.004 0.765 0.000 -0.567 -0.306 0.632 0.000 0.052 -0.773 0.826 0.000 -0.480 -0.296 0.648 0.000 0.161 -0.745 0.756 0.000 0.014 -0.655 0.839 -0.000 -0.523 -0.150 0.731 0.000 -0.051 -0.680 0.925 0.000 -0.380 0.015 
0.994 0.106 0.007 0.004 0.766 0.000 -0.565 -0.307 0.632 0.000 0.054 -0.773 0.826 0.000 -0.481 -0.296 0.647 0.000 0.161 -0.745 0.756 0.000 0.013 -0.655 0.839 0.000 -0.523 -0.150 0.731 0.000 -0.051 -0.680 0.929 0.000 -0.369 0.015 
0.994 0.106 0.008 0.004 0.767 0.000 -0.562 -0.310 0.632 0.000 0.056 -0.773 0.825 0.000 -0.482 -0.296 0.647 0.000 0.161 -0.745 0.756 -0.000 0.014 -0.655 0.839 -0.000 -0.524 -0.150 0.731 0.000 -0.051 -0.680 0.925 0.000 -0.380 0.016 
0.994 0.106 0.008 0.004 0.768 0.000 -0.560 -0.311 0.632 0.000 0.058 -0.773 0.824 0.000 -0.484 -0.295 0.647 0.000 0.164 -0.744 0.756 0.000 0.013 -0.655 0.839 0.000 -0.523 -0.150 0.731 0.000 -0.051 -0.680 0.929 0.000 -0.369 0.015 
0.994 0.105 0.008 0.004 0.769 0.000 -0.557 -0.313 0.632 0.000 0.061 -0.773 0.823 -0.000 -0.486 -0.295 0.647 0.000 0.161 -0.745 0.755 0.000 0.013 -0.655 0.839 0.000 -0.523 -0.149 0.732 0.000 -0.052 -0.680 0.925 0.000 -0.379 0.015 
0.994 0.105 0.008 0.004 0.771 0.000 -0.554 -0.315 0.632 0.000 0.064 -0.772 0.822 0.000 -0.487 -0.295 0.647 0.000 0.160 -0.745 0.756 -0.000 0.013 -0.655 0.839 -0.000 -0.524 -0.149 0.732 0.000 -0.052 -0.680 0.930 0.000 -0.368 0.015 
0.994 0.105 0.008 0.004 0.772 -0.000 -0.551 -0.316 0.632 0.000 0.067 -0.772 0.821 0.000 -0.489 -0.294 0.648 0.000 0.161 -0.745 0.755 0.000 0.013 -0.655 0.839 0.000 -0.524 -0.148 0.732 0.000 -0.053 -0.680 0.925 0.000 -0.379 0.015 
0.994 0.105 0.008 0.004 0.774 -0.000 -0.547 -0.318 0.631 0.000 0.071 -0.772 0.819 0.000 -0.493 -0.294 0.648 0.000 0.166 -0.744 0.755 0.000 0.013 -0.655 0.839 0.000 -0.524 -0.148 0.732 0.000 -0.053 -0.680 0.930 0.000 -0.368 0.015 
0.994 0.105 0.008 0.004 0.776 0.000 -0.544 -0.320 0.631 0.000 0.075 -0.772 0.818 0.000 -0.495 -0.293 0.648 0.000 0.165 -0.744 0.755 0.000 0.012 -0.656 0.839 0.000 -0.524 -0.148 0.732 0.000 -0.053 -0.679 0.925 0.000 -0.379 0.015 
0.994 0.104 0.008 0.004 0.777 0.000 -0.540 -0.323 0.632 -0.000 0.079 -0.771 0.817 0.000 -0.497 -0.293 0.648 0.000 0.165 -0.744 0.755 0.000 0.012 -0.656 0.838 0.000 -0.525 -0.147 0.732 0.000 -0.054 -0.679 0.930 0.000 -0.368 0.015 
0.995 0.104 0.008 0.004 0.779 0.000 -0.537 -0.324 0.631 0.000 0.083 -0.771 0.816 0.000 -0.499 -0.292 0.648 0.000 0.166 -0.743 0.755 0.000 0.012 -0.656 0.839 0.000 -0.524 -0.147 0.732 0.000 -0.054 -0.679 0.925 0.000 -0.379 0.016 
0.995 0.104 0.008 0.004 0.781 0.000 -0.533 -0.326 0.631 0.000 0.086 -0.771 0.814 0.000 -0.501 -0.292 0.648 0.000 0.165 -0.743 0.755 0.000 0.011 -0.656 0.839 0.000 -0.525 -0.146 0.732 -0.000 -0.055 -0.679 0.930 0.000 -0.367 0.015 
0.995 0.104 0.008 0.004 0.782 0.000 -0.530 -0.327 0.630 0.000 0.090 -0.771 0.812 -0.000 -0.504 -0.293 0.649 0.000 0.166 -0.742 0.754 -0.000 0.011 -0.656 0.839 0.000 -0.524 -0.146 0.732 0.000 -0.055 -0.679 0.925 0.000 -0.379 0.016 
0.995 0.104 0.008 0.004 0.785 -0.000 -0.526 -0.328 0.630 0.000 0.093 -0.771 0.811 0.000 -0.506 -0.292 0.649 0.000 0.166 -0.742 0.754 0.000 0.011 -0.656 0.839 0.000 -0.524 -0.146 0.732 0.000 -0.055 -0.679 0.929 0.000 -0.368 0.016 
0.995 0.103 0.009 0.004 0.786 0.000 -0.522 -0.331 0.630 0.000 0.098 -0.771 0.810 0.000 -0.509 -0.292 0.649 0.000 0.166 -0.742 0.754 0.000 0.011 -0.656 0.839 0.000 -0.525 -0.145 0.732 0.000 -0.056 -0.679 0.926 0.000 -0.378 0.016 
0.995 0.103 0.009 0.004 0.788 0.000 -0.518 -0.332 0.630 0.000 0.105 -0.770 0.808 0.000 -0.512 -0.292 0.650 0.000 0.167 -0.742 0.754 0.000 0.010 -0.656 0.839 0.000 -0.525 -0.145 0.732 -0.000 -0.056 -0.679 0.930 -0.000 -0.368 0.016 
0.995 0.103 0.009 0.004 0.790 0.000 -0.515 -0.334 0.629 0.000 0.109 -0.770 0.806 -0.000 -0.515 -0.292 0.650 0.000 0.167 -0.741 0.754 0.000 0.010 -0.656 0.839 0.000 -0.525 -0.145 0.732 0.000 -0.057 -0.679 0.926 -0.000 -0.378 0.017 
0.995 0.103 0.009 0.003 0.793 0.000 -0.509 -0.335 0.628 0.000 0.111 -0.770 0.805 0.000 -0.518 -0.291 0.650 -0.000 0.166 -0.742 0.754 0.000 0.010 -0.657 0.839 0.000 -0.525 -0.144 0.732 0.000 -0.056 -0.679 0.930 0.000 -0.368 0.017 
0.995 0.103 0.009 0.003 0.794 0.000 -0.506 -0.337 0.628 0.000 0.111 -0.770 0.803 0.000 -0.520 -0.290 0.650 0.000 0.165 -0.742 0.754 0.000 0.010 -0.657 0.839 -0.000 -0.525 -0.145 0.732 0.000 -0.057 -0.678 0.926 0.000 -0.378 0.017 
0.995 0.103 0.009 0.003 0.795 0.000 -0.503 -0.339 0.628 0.000 0.113 -0.770 0.802 0.000 -0.522 -0.289 0.649 0.000 0.163 -0.743 0.754 -0.000 0.010 -0.657 0.839 -0.000 -0.525 -0.144 0.732 0.000 -0.058 -0.678 0.930 0.000 -0.367 0.016 
0.995 0.103 0.010 0.003 0.797 0.000 -0.499 -0.340 0.627 0.000 0.116 -0.770 0.800 0.000 -0.526 -0.290 0.650 0.000 0.163 -0.742 0.754 0.000 0.010 -0.657 0.839 0.000 -0.525 -0.145 0.732 0.000 -0.057 -0.679 0.925 0.000 -0.379 0.018 
0.995 0.103 0.010 0.003 0.799 0.000 -0.495 -0.341 0.628 0.000 0.119 -0.769 0.798 0.000 -0.529 -0.289 0.650 0.000 0.163 -0.742 0.754 0.000 0.010 -0.657 0.839 0.000 -0.525 -0.144 0.732 0.000 -0.058 -0.679 0.930 0.000 -0.368 0.017 
0.995 0.103 0.010 0.003 0.801 0.000 -0.491 -0.343 0.628 0.000 0.120 -0.769 0.797 0.000 -0.531 -0.288 0.650 0.000 0.163 -0.742 0.754 -0.000 0.011 -0.657 0.839 0.000 -0.525 -0.144 0.733 0.000 -0.058 -0.678 0.926 0.000 -0.378 0.017 
0.995 0.103 0.010 0.003 0.803 0.000 -0.487 -0.344 0.628 0.000 0.122 -0.769 0.795 0.000 -0.534 -0.288 0.650 0.000 0.161 -0.743 0.754 0.000 0.011 -0.657 0.839 0.000 -0.525 -0.144 0.732 0.000 -0.058 -0.678 0.930 -0.000 -0.367 0.017 
0.995 0.103 0.011 0.003 0.805 0.000 -0.483 -0.345 0.627 0.000 0.124 -0.769 0.793 0.000 -0.537 -0.287 0.650 0.000 0.158 -0.743 0.754 0.000 0.011 -0.657 0.838 0.000 -0.526 -0.144 0.733 -0.000 -0.058 -0.678 0.926 0.000 -0.377 0.017 
0.995 0.103 0.011 0.002 0.806 -0.000 -0.480 -0.346 0.628 0.000 0.126 -0.768 0.792 0.000 -0.540 -0.286 0.651 -0.000 0.158 -0.743 0.755 0.000 0.012 -0.655 0.838 -0.000 -0.527 -0.146 0.733 0.000 -0.058 -0.678 0.930 0.000 -0.368 0.016 
0.995 0.103 0.011 0.003 0.808 0.000 -0.476 -0.347 0.627 0.000 0.127 -0.768 0.790 0.000 -0.542 -0.285 0.652 0.000 0.158 -0.742 0.754 0.000 0.012 -0.657 0.838 -0.000 -0.526 -0.144 0.733 0.000 -0.059 -0.678 0.926 0.000 -0.377 0.016 
0.995 0.103 0.012 0.002 0.810 0.000 -0.472 -0.348 0.627 0.000 0.128 -0.768 0.789 0.000 -0.545 -0.285 0.651 0.000 0.150 -0.744 0.755 0.000 0.013 -0.656 0.838 -0.000 -0.526 -0.146 0.733 -0.000 -0.058 -0.677 0.930 0.000 -0.367 0.015 
0.995 0.102 0.011 0.002 0.810 -0.000 -0.471 -0.348 0.628 -0.000 0.130 -0.768 0.787 0.000 -0.547 -0.285 0.653 0.000 0.146 -0.744 0.753 0.000 0.012 -0.657 0.838 0.000 -0.527 -0.144 0.733 0.000 -0.059 -0.678 0.926 0.000 -0.378 0.016 
0.995 0.103 0.012 0.002 0.813 0.000 -0.466 -0.349 0.627 0.000 0.132 -0.767 0.787 -0.000 -0.549 -0.283 0.652 -0.000 0.143 -0.745 0.753 0.000 0.012 -0.658 0.838 -0.000 -0.526 -0.145 0.733 0.000 -0.058 -0.678 0.930 0.000 -0.367 0.016 
0.995 0.103 0.012 0.002 0.813 -0.000 -0.464 -0.350 0.627 -0.000 0.131 -0.768 0.785 -0.000 -0.551 -0.282 0.652 0.000 0.140 -0.745 0.753 0.000 0.012 -0.658 0.838 0.000 -0.526 -0.145 0.733 0.000 -0.058 -0.678 0.926 -0.000 -0.378 0.016 
0.995 0.103 0.012 0.001 0.814 0.000 -0.462 -0.352 0.628 -0.000 0.132 -0.767 0.784 0.000 -0.553 -0.282 0.653 0.000 0.139 -0.744 0.754 0.000 0.014 -0.657 0.838 -0.000 -0.526 -0.146 0.733 -0.000 -0.058 -0.677 0.930 0.000 -0.367 0.015 
0.995 0.103 0.012 0.002 0.815 0.000 -0.460 -0.352 0.628 0.000 0.134 -0.767 0.783 0.000 -0.554 -0.281 0.653 0.000 0.129 -0.746 0.753 0.000 0.013 -0.658 0.838 -0.000 -0.526 -0.145 0.733 0.000 -0.059 -0.677 0.926 0.000 -0.377 0.016 
0.995 0.103 0.012 0.002 0.816 0.000 -0.458 -0.353 0.628 -0.000 0.135 -0.766 0.782 0.000 -0.556 -0.281 0.655 0.000 0.128 -0.745 0.752 0.000 0.012 -0.659 0.838 0.000 -0.526 -0.144 0.733 -0.000 -0.059 -0.677 0.930 0.000 -0.366 0.015 
0.995 0.103 0.012 0.002 0.816 0.000 -0.456 -0.354 0.629 0.000 0.137 -0.766 0.782 0.000 -0.557 -0.279 0.655 0.000 0.124 -0.746 0.752 0.000 0.013 -0.659 0.838 0.000 -0.526 -0.145 0.733 0.000 -0.058 -0.678 0.926 0.000 -0.378 0.016 
0.995 0.103 0.012 0.002 0.817 0.000 -0.455 -0.355 0.629 0.000 0.138 -0.765 0.781 0.000 -0.559 -0.278 0.655 0.000 0.121 -0.746 0.752 0.000 0.013 -0.659 0.838 0.000 -0.526 -0.145 0.733 0.000 -0.058 -0.677 0.930 0.000 -0.367 0.015 
0.995 0.102 0.012 0.002 0.818 -0.000 -0.453 -0.354 0.629 0.000 0.138 -0.765 0.780 0.000 -0.560 -0.279 0.657 0.000 0.119 -0.744 0.752 0.000 0.013 -0.659 0.838 0.000 -0.526 -0.144 0.733 -0.000 -0.059 -0.677 0.926 0.000 -0.377 0.016 
0.995 0.103 0.012 0.001 0.818 -0.000 -0.452 -0.355 0.629 0.000 0.139 -0.765 0.780 -0.000 -0.560 -0.278 0.657 0.000 0.117 -0.745 0.752 0.000 0.013 -0.659 0.838 0.000 -0.526 -0.145 0.734 0.000 -0.059 -0.677 0.930 0.000 -0.366 0.015 
0.995 0.102 0.012 0.001 0.819 -0.000 -0.451 -0.355 0.629 0.000 0.140 -0.765 0.780 -0.000 -0.561 -0.277 0.658 0.000 0.112 -0.745 0.752 0.000 0.013 -0.659 0.838 0.000 -0.527 -0.144 0.733 0.000 -0.059 -0.677 0.926 0.000 -0.378 0.016 
0.995 0.102 0.012 0.002 0.819 0.000 -0.451 -0.355 0.629 -0.000 0.140 -0.765 0.780 0.000 -0.562 -0.277 0.658 0.000 0.110 -0.745 0.752 0.000 0.013 -0.659 0.838 0.000 -0.526 -0.144 0.734 0.000 -0.059 -0.677 0.930 -0.000 -0.366 0.015 
0.995 0.102 0.012 0.001 0.819 -0.000 -0.450 -0.356 0.629 0.000 0.141 -0.764 0.780 0.000 -0.562 -0.276 0.659 0.000 0.109 -0.744 0.752 0.000 0.012 -0.659 0.838 0.000 -0.526 -0.144 0.734 0.000 -0.060 -0.677 0.926 0.000 -0.377 0.016 
0.995 0.102 0.012 0.001 0.819 0.000 -0.450 -0.356 0.629 0.000 0.142 -0.764 0.779 0.000 -0.562 -0.276 0.659 0.000 0.108 -0.744 0.752 0.000 0.012 -0.659 0.838 0.000 -0.526 -0.144 0.733 -0.000 -0.059 -0.677 0.930 0.000 -0.367 0.016 
0.995 0.102 0.012 0.001 0.819 -0.000 -0.450 -0.356 0.629 0.000 0.143 -0.764 0.780 0.000 -0.563 -0.274 0.659 0.000 0.105 -0.745 0.752 0.000 0.012 -0.659 0.838 0.000 -0.526 -0.145 0.734 0.000 -0.059 -0.677 0.926 0.000 -0.378 0.016 
0.995 0.102 0.012 0.001 0.819 0.000 -0.450 -0.355 0.629 0.000 0.144 -0.764 0.779 0.000 -0.563 -0.274 0.659 0.000 0.104 -0.745 0.752 0.000 0.012 -0.659 0.838 -0.000 -0.526 -0.145 0.733 0.000 -0.059 -0.677 0.930 -0.000 -0.367 0.016 
0.995 0.102 0.012 0.002 0.819 0.000 -0.451 -0.355 0.629 0.000 0.144 -0.764 0.780 -0.000 -0.563 -0.275 0.660 0.000 0.103 -0.744 0.753 0.000 0.012 -0.658 0.838 0.000 -0.526 -0.144 0.733 0.000 -0.060 -0.677 0.926 0.000 -0.377 0.016 
0.995 0.101 0.012 0.002 0.820 0.000 -0.451 -0.353 0.629 0.000 0.144 -0.764 0.780 0.000 -0.561 -0.276 0.661 0.000 0.103 -0.743 0.753 0.000 0.011 -0.658 0.838 0.000 -0.526 -0.144 0.733 0.000 -0.060 -0.677 0.930 0.000 -0.367 0.017 
0.995 0.101 0.012 0.002 0.818 0.000 -0.453 -0.353 0.629 0.000 0.145 -0.763 0.781 0.000 -0.561 -0.276 0.661 0.000 0.100 -0.743 0.753 0.000 0.011 -0.658 0.838 0.000 -0.526 -0.144 0.734 -0.000 -0.061 -0.677 0.926 -0.000 -0.377 0.017 
0.995 0.101 0.012 0.002 0.820 0.000 -0.452 -0.350 0.628 0.000 0.144 -0.765 0.781 0.000 -0.560 -0.276 0.662 0.000 0.100 -0.743 0.753 0.000 0.010 -0.658 0.838 0.000 -0.526 -0.144 0.733 0.000 -0.061 -0.677 0.930 0.000 -0.367 0.016 
0.995 0.101 0.012 0.002 0.818 0.000 -0.456 -0.350 0.629 0.000 0.143 -0.764 0.782 0.000 -0.559 -0.276 0.662 0.000 0.100 -0.743 0.753 0.000 0.010 -0.658 0.838 -0.000 -0.526 -0.144 0.733 0.000 -0.061 -0.677 0.926 0.000 -0.378 0.017 
0.995 0.101 0.012 0.001 0.817 0.000 -0.458 -0.350 0.629 0.000 0.142 -0.764 0.783 0.000 -0.558 -0.276 0.662 -0.000 0.102 -0.743 0.754 0.000 0.011 -0.656 0.837 0.000 -0.527 -0.145 0.734 0.000 -0.061 -0.677 0.930 0.000 -0.367 0.016 
0.995 0.101 0.012 0.001 0.817 0.000 -0.459 -0.348 0.629 0.000 0.142 -0.765 0.784 0.000 -0.556 -0.276 0.662 0.000 0.102 -0.743 0.754 0.000 0.011 -0.656 0.838 0.000 -0.527 -0.145 0.733 0.000 -0.061 -0.677 0.926 0.000 -0.377 0.017 
0.995 0.100 0.011 0.002 0.817 -0.000 -0.462 -0.346 0.628 0.000 0.141 -0.765 0.785 0.000 -0.554 -0.277 0.662 0.000 0.101 -0.743 0.753 -0.000 0.009 -0.658 0.838 0.000 -0.526 -0.143 0.733 -0.000 -0.061 -0.677 0.930 0.000 -0.367 0.017 
0.995 0.100 0.011 0.002 0.816 0.000 -0.464 -0.345 0.629 0.000 0.140 -0.765 0.786 0.000 -0.552 -0.278 0.662 0.000 0.100 -0.743 0.754 0.000 0.009 -0.657 0.838 0.000 -0.526 -0.143 0.733 0.000 -0.061 -0.677 0.926 0.000 -0.378 0.018 
0.995 0.100 0.012 0.002 0.815 0.000 -0.467 -0.344 0.629 0.000 0.138 -0.765 0.788 0.000 -0.548 -0.279 0.663 -0.000 0.103 -0.742 0.754 0.000 0.009 -0.657 0.838 -0.000 -0.526 -0.142 0.733 0.000 -0.061 -0.677 0.930 0.000 -0.367 0.017 
0.995 0.100 0.011 0.002 0.814 0.000 -0.470 -0.342 0.629 0.000 0.135 -0.766 0.789 0.000 -0.547 -0.280 0.663 0.000 0.106 -0.741 0.755 0.000 0.009 -0.656 0.838 -0.000 -0.527 -0.144 0.733 0.000 -0.062 -0.677 0.926 -0.000 -0.378 0.018 
0.995 0.099 0.011 0.002 0.813 -0.000 -0.474 -0.339 0.630 0.000 0.132 -0.766 0.792 0.000 -0.542 -0.283 0.664 0.000 0.107 -0.740 0.755 0.000 0.008 -0.656 0.837 0.000 -0.527 -0.143 0.733 0.000 -0.062 -0.677 0.930 0.000 -0.367 0.018 
0.995 0.099 0.011 0.002 0.812 0.000 -0.477 -0.337 0.630 0.000 0.129 -0.766 0.793 0.000 -0.538 -0.284 0.664 0.000 0.106 -0.740 0.754 0.000 0.007 -0.656 0.838 -0.000 -0.527 -0.142 0.733 -0.000 -0.063 -0.677 0.926 0.000 -0.378 0.019 
0.995 0.099 0.011 0.002 0.810 0.000 -0.481 -0.335 0.631 0.000 0.126 -0.766 0.796 0.000 -0.535 -0.284 0.663 -0.000 0.107 -0.741 0.753 0.000 0.007 -0.658 0.838 0.000 -0.526 -0.141 0.733 0.000 -0.062 -0.678 0.930 0.000 -0.368 0.019 
0.995 0.099 0.011 0.002 0.809 -0.000 -0.484 -0.333 0.631 0.000 0.124 -0.766 0.796 0.000 -0.532 -0.288 0.665 0.000 0.112 -0.738 0.754 0.000 0.007 -0.657 0.839 0.000 -0.526 -0.141 0.733 0.000 -0.063 -0.677 0.926 0.000 -0.378 0.019 
0.995 0.099 0.011 0.002 0.808 0.000 -0.487 -0.332 0.632 0.000 0.121 -0.765 0.798 0.000 -0.529 -0.290 0.665 0.000 0.115 -0.738 0.755 0.000 0.007 -0.656 0.838 0.000 -0.527 -0.142 0.733 0.000 -0.062 -0.678 0.930 0.000 -0.368 0.019 
0.995 0.099 0.011 0.002 0.807 0.000 -0.491 -0.329 0.633 0.000 0.116 -0.766 0.800 0.000 -0.524 -0.291 0.665 0.000 0.121 -0.736 0.754 0.000 0.007 -0.656 0.838 0.000 -0.527 -0.142 0.732 0.000 -0.063 -0.678 0.925 0.000 -0.379 0.020 
0.995 0.099 0.011 0.002 0.805 0.000 -0.495 -0.326 0.634 0.000 0.111 -0.766 0.802 0.000 -0.520 -0.293 0.666 0.000 0.125 -0.736 0.755 0.000 0.007 -0.655 0.838 -0.000 -0.527 -0.142 0.733 0.000 -0.063 -0.677 0.930 -0.000 -0.367 0.019 
0.995 0.099 0.010 0.003 0.804 0.000 -0.499 -0.324 0.634 0.000 0.107 -0.766 0.804 0.000 -0.517 -0.294 0.665 0.000 0.126 -0.736 0.754 0.000 0.006 -0.657 0.839 0.000 -0.526 -0.141 0.733 0.000 -0.063 -0.678 0.926 0.000 -0.378 0.020 
0.995 0.099 0.010 0.003 0.802 -0.000 -0.503 -0.321 0.635 0.000 0.101 -0.766 0.806 0.000 -0.513 -0.295 0.665 0.000 0.127 -0.736 0.753 0.000 0.005 -0.658 0.839 0.000 -0.526 -0.139 0.732 0.000 -0.062 -0.678 0.930 -0.000 -0.368 0.020 
0.995 0.099 0.010 0.003 0.800 0.000 -0.507 -0.319 0.636 0.000 0.096 -0.766 0.808 0.000 -0.509 -0.297 0.665 0.000 0.129 -0.735 0.754 -0.000 0.005 -0.657 0.838 0.000 -0.527 -0.141 0.732 0.000 -0.063 -0.678 0.926 0.000 -0.378 0.020 
0.995 0.099 0.010 0.003 0.801 -0.000 -0.510 -0.315 0.635 0.000 0.091 -0.767 0.810 0.000 -0.505 -0.298 0.666 0.000 0.137 -0.733 0.754 0.000 0.005 -0.657 0.839 0.000 -0.526 -0.141 0.733 -0.000 -0.063 -0.678 0.930 0.000 -0.367 0.019 
0.995 0.099 0.010 0.003 0.798 0.000 -0.515 -0.313 0.637 -0.000 0.080 -0.767 0.812 0.000 -0.501 -0.299 0.666 0.000 0.139 -0.733 0.754 0.000 0.006 -0.657 0.838 0.000 -0.526 -0.141 0.732 -0.000 -0.063 -0.678 0.925 0.000 -0.379 0.020 
0.995 0.099 0.009 0.003 0.796 -0.000 -0.520 -0.310 0.637 0.000 0.073 -0.767 0.814 0.000 -0.497 -0.301 0.666 -0.000 0.139 -0.733 0.754 0.000 0.005 -0.657 0.838 0.000 -0.527 -0.141 0.732 -0.000 -0.062 -0.679 0.930 0.000 -0.368 0.020 
0.995 0.099 0.009 0.003 0.794 0.000 -0.524 -0.308 0.638 0.000 0.067 -0.767 0.816 0.000 -0.493 -0.302 0.666 0.000 0.140 -0.732 0.753 0.000 0.005 -0.658 0.839 0.000 -0.526 -0.140 0.732 0.000 -0.062 -0.678 0.925 0.000 -0.380 0.021 
0.995 0.099 0.009 0.003 0.793 0.000 -0.528 -0.305 0.639 0.000 0.061 -0.767 0.818 0.000 -0.489 -0.304 0.666 0.000 0.142 -0.732 0.754 0.000 0.006 -0.656 0.838 0.000 -0.526 -0.142 0.732 0.000 -0.061 -0.679 0.929 0.000 -0.369 0.020 
0.995 0.099 0.009 0.003 0.791 0.000 -0.532 -0.302 0.640 0.000 0.055 -0.766 0.820 0.000 -0.484 -0.305 0.666 0.000 0.142 -0.732 0.754 -0.000 0.006 -0.656 0.838 -0.000 -0.526 -0.142 0.732 0.000 -0.062 -0.678 0.925 -0.000 -0.379 0.020 
0.995 0.099 0.009 0.003 0.790 0.000 -0.536 -0.299 0.640 0.000 0.048 -0.767 0.822 0.000 -0.480 -0.306 0.667 0.000 0.144 -0.731 0.754 0.000 0.005 -0.657 0.839 -0.000 -0.526 -0.142 0.732 -0.000 -0.061 -0.678 0.930 0.000 -0.368 0.019 
0.995 0.099 0.009 0.003 0.787 0.000 -0.540 -0.296 0.641 0.000 0.041 -0.767 0.824 0.000 -0.476 -0.307 0.666 0.000 0.140 -0.732 0.754 -0.000 0.005 -0.657 0.839 -0.000 -0.525 -0.141 0.732 0.000 -0.061 -0.678 0.925 0.000 -0.379 0.020 
0.995 0.099 0.008 0.003 0.786 -0.000 -0.544 -0.294 0.641 0.000 0.034 -0.766 0.825 0.000 -0.473 -0.309 0.667 0.000 0.141 -0.732 0.754 0.000 0.005 -0.656 0.838 0.000 -0.526 -0.143 0.732 0.000 -0.060 -0.679 0.929 0.000 -0.369 0.020 
0.995 0.099 0.008 0.003 0.784 0.000 -0.548 -0.291 0.642 -0.000 0.028 -0.766 0.827 0.000 -0.469 -0.309 0.666 -0.000 0.142 -0.732 0.755 0.000 0.006 -0.656 0.838 0.000 -0.526 -0.143 0.732 0.000 -0.059 -0.679 0.925 0.000 -0.380 0.020 
0.995 0.099 0.008 0.004 0.782 0.000 -0.552 -0.290 0.643 0.000 0.024 -0.766 0.829 0.000 -0.466 -0.310 0.666 0.000 0.143 -0.732 0.754 0.000 0.005 -0.657 0.839 0.000 -0.525 -0.142 0.732 0.000 -0.060 -0.678 0.929 -0.000 -0.369 0.019 
0.995 0.099 0.008 0.004 0.781 -0.000 -0.555 -0.287 0.643 0.000 0.019 -0.765 0.831 -0.000 -0.462 -0.310 0.666 0.000 0.143 -0.732 0.755 0.000 0.006 -0.656 0.839 -0.000 -0.526 -0.144 0.732 0.000 -0.059 -0.679 0.925 -0.000 -0.380 0.020 
0.995 0.099 0.008 0.004 0.779 0.000 -0.558 -0.284 0.644 -0.000 0.013 -0.765 0.832 0.000 -0.459 -0.311 0.666 0.000 0.144 -0.732 0.755 0.000 0.006 -0.656 0.839 -0.000 -0.525 -0.144 0.732 0.000 -0.059 -0.679 0.929 0.000 -0.370 0.020 
0.995 0.099 0.008 0.004 0.778 0.000 -0.561 -0.283 0.644 0.000 0.009 -0.765 0.834 0.000 -0.456 -0.311 0.666 0.000 0.144 -0.732 0.755 0.000 0.006 -0.656 0.839 0.000 -0.525 -0.144 0.732 0.000 -0.059 -0.679 0.925 0.000 -0.380 0.020 
0.995 0.099 0.008 0.004 0.776 0.000 -0.564 -0.281 0.645 0.000 0.005 -0.764 0.835 0.000 -0.454 -0.311 0.666 0.000 0.144 -0.732 0.755 0.000 0.006 -0.656 0.839 0.000 -0.525 -0.144 0.732 0.000 -0.058 -0.679 0.929 0.000 -0.370 0.020 
0.995 0.099 0.007 0.004 0.775 0.000 -0.567 -0.280 0.645 0.000 0.001 -0.764 0.836 0.000 -0.451 -0.312 0.666 0.000 0.144 -0.732 0.755 0.000 0.006 -0.656 0.839 0.000 -0.525 -0.144 0.731 0.000 -0.058 -0.679 0.924 0.000 -0.381 0.021 
0.995 0.099 0.007 0.004 0.774 -0.000 -0.569 -0.278 0.645 0.000 -0.003 -0.764 0.837 -0.000 -0.449 -0.312 0.666 0.000 0.143 -0.732 0.755 0.000 0.005 -0.656 0.839 0.000 -0.525 -0.144 0.732 0.000 -0.059 -0.679 0.929 0.000 -0.369 0.019 
0.995 0.099 0.007 0.004 0.773 -0.000 -0.571 -0.277 0.646 -0.000 -0.005 -0.763 0.839 0.000 -0.447 -0.312 0.666 0.000 0.143 -0.732 0.755 0.000 0.006 -0.656 0.839 0.000 -0.525 -0.145 0.731 0.000 -0.058 -0.679 0.924 0.000 -0.381 0.020 
0.995 0.099 0.007 0.004 0.771 -0.000 -0.574 -0.276 0.646 0.000 -0.008 -0.763 0.840 0.000 -0.445 -0.312 0.666 0.000 0.143 -0.733 0.755 0.000 0.005 -0.655 0.839 0.000 -0.525 -0.145 0.731 0.000 -0.058 -0.680 0.929 0.000 -0.370 0.020 
0.995 0.099 0.007 0.004 0.770 0.000 -0.575 -0.275 0.647 0.000 -0.011 -0.763 0.840 0.000 -0.443 -0.311 0.665 -0.000 0.143 -0.733 0.755 -0.000 0.006 -0.655 0.839 0.000 -0.525 -0.145 0.731 0.000 -0.057 -0.680 0.924 0.000 -0.381 0.020 
0.995 0.099 0.006 0.004 0.769 -0.000 -0.577 -0.274 0.647 0.000 -0.014 -0.763 0.841 0.000 -0.442 -0.311 0.665 0.000 0.142 -0.733 0.755 -0.000 0.006 -0.655 0.839 0.000 -0.525 -0.145 0.731 0.000 -0.058 -0.679 0.929 0.000 -0.370 0.019 
0.995 0.099 0.006 0.005 0.769 -0.000 -0.579 -0.273 0.647 0.000 -0.016 -0.762 0.842 0.000 -0.441 -0.311 0.665 0.000 0.142 -0.733 0.756 0.000 0.005 -0.655 0.839 0.000 -0.525 -0.145 0.731 0.000 -0.058 -0.680 0.925 -0.000 -0.381 0.020 
0.995 0.100 0.006 0.005 0.768 0.000 -0.580 -0.273 0.647 0.000 -0.018 -0.762 0.842 0.000 -0.440 -0.311 0.665 0.000 0.141 -0.733 0.756 0.000 0.005 -0.655 0.839 -0.000 -0.525 -0.145 0.731 0.000 -0.057 -0.680 0.929 0.000 -0.370 0.019 
0.995 0.099 0.006 0.005 0.768 0.000 -0.580 -0.272 0.647 0.000 -0.019 -0.762 0.843 0.000 -0.439 -0.311 0.665 0.000 0.141 -0.733 0.756 0.000 0.005 -0.655 0.839 0.000 -0.524 -0.145 0.731 0.000 -0.057 -0.680 0.924 0.000 -0.382 0.020 
0.995 0.099 0.006 0.005 0.767 0.000 -0.581 -0.272 0.647 0.000 -0.020 -0.762 0.843 -0.000 -0.439 -0.310 0.665 0.000 0.140 -0.733 0.756 0.000 0.005 -0.654 0.839 -0.000 -0.524 -0.146 0.731 0.000 -0.057 -0.680 0.929 0.000 -0.370 0.019 
0.995 0.099 0.005 0.005 0.767 -0.000 -0.581 -0.272 0.647 0.000 -0.021 -0.762 0.843 -0.000 -0.439 -0.310 0.666 0.000 0.140 -0.733 0.756 0.000 0.005 -0.654 0.839 0.000 -0.525 -0.146 0.731 0.000 -0.057 -0.680 0.924 0.000 -0.381 0.020 
0.995 0.100 0.005 0.005 0.767 -0.000 -0.581 -0.272 0.647 0.000 -0.021 -0.762 0.843 -0.000 -0.439 -0.310 0.665 -0.000 0.140 -0.733 0.756 0.000 0.005 -0.654 0.839 0.000 -0.524 -0.146 0.731 0.000 -0.057 -0.680 0.929 0.000 -0.370 0.019 
0.995 0.100 0.005 0.005 0.767 -0.000 -0.580 -0.273 0.647 0.000 -0.021 -0.762 0.843 0.000 -0.440 -0.310 0.666 0.000 0.140 -0.733 0.756 -0.000 0.005 -0.654 0.839 0.000 -0.524 -0.146 0.731 0.000 -0.056 -0.680 0.924 0.000 -0.381 0.020 
0.995 0.100 0.005 0.005 0.767 0.000 -0.580 -0.274 0.647 0.000 -0.019 -0.762 0.843 0.000 -0.441 -0.309 0.666 0.000 0.140 -0.733 0.756 0.000 0.005 -0.654 0.839 -0.000 -0.524 -0.146 0.731 0.000 -0.056 -0.680 0.929 0.000 -0.370 0.019 
0.995 0.100 0.005 0.005 0.768 -0.000 -0.578 -0.275 0.647 -0.000 -0.018 -0.762 0.842 0.000 -0.442 -0.308 0.665 0.000 0.140 -0.733 0.757 0.000 0.005 -0.654 0.839 0.000 -0.524 -0.146 0.731 0.000 -0.056 -0.680 0.924 -0.000 -0.381 0.020 
0.995 0.100 0.005 0.006 0.768 0.000 -0.577 -0.276 0.647 0.000 -0.017 -0.763 0.841 -0.000 -0.444 -0.308 0.665 0.000 0.139 -0.734 0.757 0.000 0.005 -0.654 0.839 0.000 -0.524 -0.145 0.731 0.000 -0.056 -0.680 0.929 0.000 -0.370 0.019 
0.995 0.100 0.005 0.006 0.769 0.000 -0.576 -0.278 0.647 0.000 -0.014 -0.763 0.841 0.000 -0.446 -0.307 0.665 0.000 0.140 -0.734 0.757 -0.000 0.005 -0.654 0.839 0.000 -0.525 -0.146 0.730 0.000 -0.056 -0.681 0.924 0.000 -0.382 0.020 
0.995 0.100 0.005 0.006 0.769 0.000 -0.575 -0.280 0.647 -0.000 -0.012 -0.763 0.840 0.000 -0.448 -0.307 0.665 0.000 0.140 -0.734 0.757 -0.000 0.005 -0.654 0.839 0.000 -0.525 -0.146 0.731 0.000 -0.056 -0.680 0.929 0.000 -0.370 0.019 
0.995 0.100 0.005 0.006 0.770 0.000 -0.572 -0.281 0.646 0.000 -0.009 -0.763 0.839 0.000 -0.450 -0.306 0.664 -0.000 0.140 -0.734 0.757 -0.000 0.005 -0.654 0.839 -0.000 -0.524 -0.146 0.731 0.000 -0.056 -0.680 0.924 0.000 -0.381 0.020 
0.995 0.100 0.004 0.006 0.771 -0.000 -0.570 -0.283 0.646 0.000 -0.006 -0.763 0.838 -0.000 -0.452 -0.305 0.664 -0.000 0.139 -0.735 0.757 0.000 0.005 -0.654 0.839 0.000 -0.524 -0.146 0.731 0.000 -0.056 -0.680 0.929 0.000 -0.370 0.017 
0.995 0.100 0.004 0.006 0.772 0.000 -0.568 -0.285 0.646 0.000 -0.003 -0.764 0.837 0.000 -0.454 -0.304 0.663 0.000 0.139 -0.735 0.756 0.000 0.005 -0.654 0.839 0.000 -0.524 -0.145 0.731 0.000 -0.056 -0.680 0.924 0.000 -0.381 0.020 
0.995 0.100 0.004 0.006 0.773 0.000 -0.565 -0.288 0.646 -0.000 0.001 -0.764 0.836 0.000 -0.457 -0.303 0.663 0.000 0.139 -0.736 0.756 0.000 0.005 -0.654 0.839 0.000 -0.525 -0.145 0.731 -0.000 -0.056 -0.680 0.929 0.000 -0.370 0.019 
0.995 0.100 0.004 0.006 0.775 0.000 -0.562 -0.289 0.645 0.000 0.004 -0.764 0.835 0.000 -0.460 -0.303 0.663 -0.000 0.139 -0.736 0.756 0.000 0.005 -0.654 0.839 0.000 -0.524 -0.145 0.732 0.000 -0.056 -0.679 0.925 0.000 -0.379 0.018 
0.995 0.101 0.004 0.006 0.777 0.000 -0.558 -0.292 0.644 0.000 0.007 -0.765 0.833 0.000 -0.463 -0.302 0.663 0.000 0.143 -0.735 0.756 -0.000 0.006 -0.654 0.839 0.000 -0.524 -0.146 0.731 0.000 -0.055 -0.680 0.929 0.000 -0.369 0.018 
0.995 0.101 0.004 0.006 0.778 -0.000 -0.555 -0.294 0.643 -0.000 0.011 -0.765 0.832 -0.000 -0.466 -0.301 0.663 0.000 0.142 -0.735 0.756 0.000 0.006 -0.654 0.839 0.000 -0.524 -0.146 0.731 0.000 -0.055 -0.681 0.924 0.000 -0.382 0.020 
0.995 0.101 0.005 0.006 0.780 0.000 -0.552 -0.296 0.643 0.000 0.015 -0.766 0.830 0.000 -0.470 -0.301 0.663 0.000 0.142 -0.735 0.756 -0.000 0.006 -0.654 0.839 0.000 -0.524 -0.146 0.731 -0.000 -0.055 -0.681 0.929 0.000 -0.370 0.019 
0.995 0.101 0.005 0.006 0.781 0.000 -0.548 -0.299 0.643 0.000 0.020 -0.766 0.828 0.000 -0.474 -0.300 0.663 0.000 0.142 -0.735 0.756 0.000 0.006 -0.655 0.839 0.000 -0.524 -0.146 0.731 -0.000 -0.055 -0.680 0.925 0.000 -0.380 0.019 
0.995 0.101 0.005 0.006 0.783 0.000 -0.545 -0.301 0.642 0.000 0.023 -0.766 0.826 -0.000 -0.478 -0.299 0.663 0.000 0.142 -0.735 0.756 0.000 0.006 -0.655 0.839 0.000 -0.524 -0.146 0.731 0.000 -0.054 -0.680 0.929 -0.000 -0.370 0.018 
0.995 0.101 0.005 0.006 0.784 0.000 -0.541 -0.304 0.642 0.000 0.027 -0.766 0.824 -0.000 -0.482 -0.298 0.663 0.000 0.141 -0.736 0.756 0.000 0.007 -0.655 0.839 -0.000 -0.524 -0.146 0.732 0.000 -0.056 -0.679 0.925 0.000 -0.379 0.017 
0.995 0.101 0.005 0.006 0.786 0.000 -0.537 -0.306 0.641 0.000 0.032 -0.767 0.822 0.000 -0.486 -0.297 0.662 0.000 0.136 -0.737 0.756 0.000 0.007 -0.655 0.839 -0.000 -0.524 -0.146 0.731 0.000 -0.054 -0.680 0.929 0.000 -0.370 0.018 
0.995 0.102 0.005 0.005 0.788 0.000 -0.533 -0.309 0.641 0.000 0.036 -0.767 0.821 0.000 -0.489 -0.295 0.661 0.000 0.136 -0.738 0.756 -0.000 0.007 -0.655 0.839 0.000 -0.524 -0.146 0.732 0.000 -0.055 -0.680 0.925 -0.000 -0.381 0.018 
0.995 0.102 0.005 0.005 0.790 0.000 -0.529 -0.311 0.640 0.000 0.040 -0.767 0.818 0.000 -0.495 -0.295 0.661 0.000 0.132 -0.739 0.755 -0.000 0.007 -0.655 0.839 0.000 -0.524 -0.146 0.731 0.000 -0.055 -0.680 0.929 0.000 -0.369 0.017 
0.995 0.102 0.005 0.005 0.791 0.000 -0.525 -0.314 0.639 0.000 0.044 -0.768 0.815 0.000 -0.498 -0.295 0.661 0.000 0.131 -0.739 0.755 0.000 0.007 -0.655 0.839 -0.000 -0.524 -0.146 0.731 0.000 -0.054 -0.680 0.924 -0.000 -0.381 0.019 
0.995 0.102 0.006 0.005 0.794 0.000 -0.520 -0.315 0.638 0.000 0.048 -0.768 0.813 0.000 -0.504 -0.293 0.660 -0.000 0.129 -0.740 0.755 -0.000 0.008 -0.655 0.839 0.000 -0.524 -0.146 0.732 0.000 -0.054 -0.679 0.929 0.000 -0.369 0.017 
0.995 0.102 0.006 0.005 0.795 -0.000 -0.516 -0.319 0.638 0.000 0.053 -0.768 0.812 0.000 -0.507 -0.290 0.658 -0.000 0.122 -0.743 0.755 -0.000 0.008 -0.655 0.839 0.000 -0.525 -0.146 0.732 0.000 -0.054 -0.679 0.925 0.000 -0.380 0.017 
0.995 0.102 0.006 0.005 0.797 0.000 -0.512 -0.321 0.637 -0.000 0.057 -0.768 0.808 0.000 -0.512 -0.290 0.659 0.000 0.122 -0.742 0.755 0.000 0.009 -0.656 0.839 0.000 -0.524 -0.146 0.732 0.000 -0.054 -0.679 0.929 0.000 -0.369 0.016 
0.995 0.102 0.006 0.005 0.798 -0.000 -0.508 -0.323 0.637 0.000 0.061 -0.769 0.806 0.000 -0.517 -0.288 0.659 0.000 0.121 -0.743 0.755 -0.000 0.009 -0.656 0.839 0.000 -0.524 -0.147 0.732 0.000 -0.054 -0.679 0.925 -0.000 -0.380 0.017 
0.995 0.103 0.007 0.005 0.800 0.000 -0.504 -0.325 0.636 0.000 0.066 -0.769 0.804 0.000 -0.521 -0.287 0.658 0.000 0.112 -0.745 0.755 -0.000 0.009 -0.656 0.839 0.000 -0.524 -0.146 0.732 0.000 -0.055 -0.679 0.929 0.000 -0.369 0.017 
0.995 0.103 0.007 0.004 0.802 -0.000 -0.500 -0.327 0.635 0.000 0.070 -0.769 0.802 0.000 -0.525 -0.284 0.656 0.000 0.106 -0.747 0.755 0.000 0.009 -0.656 0.839 0.000 -0.524 -0.147 0.732 0.000 -0.054 -0.679 0.925 0.000 -0.379 0.017 
0.995 0.102 0.007 0.004 0.803 -0.000 -0.497 -0.330 0.636 0.000 0.073 -0.768 0.799 0.000 -0.529 -0.285 0.659 -0.000 0.106 -0.745 0.754 0.000 0.008 -0.657 0.840 0.000 -0.524 -0.145 0.732 0.000 -0.055 -0.679 0.930 0.000 -0.368 0.017 
0.995 0.103 0.007 0.004 0.804 0.000 -0.493 -0.333 0.636 0.000 0.078 -0.768 0.796 0.000 -0.535 -0.284 0.659 -0.000 0.104 -0.745 0.755 0.000 0.009 -0.656 0.839 0.000 -0.524 -0.146 0.732 0.000 -0.055 -0.679 0.925 0.000 -0.379 0.018 
0.995 0.103 0.007 0.004 0.806 0.000 -0.489 -0.335 0.635 -0.000 0.083 -0.768 0.794 0.000 -0.539 -0.282 0.657 -0.000 0.098 -0.747 0.754 0.000 0.010 -0.657 0.840 0.000 -0.523 -0.145 0.732 0.000 -0.055 -0.679 0.930 0.000 -0.368 0.016 
0.995 0.103 0.008 0.004 0.808 -0.000 -0.483 -0.337 0.635 0.000 0.088 -0.767 0.793 0.000 -0.541 -0.281 0.658 0.000 0.095 -0.747 0.754 0.000 0.010 -0.657 0.839 0.000 -0.524 -0.145 0.732 -0.000 -0.055 -0.679 0.925 0.000 -0.379 0.017 
0.995 0.103 0.008 0.004 0.808 0.000 -0.481 -0.340 0.636 0.000 0.092 -0.766 0.790 0.000 -0.545 -0.279 0.658 0.000 0.093 -0.748 0.754 0.000 0.011 -0.656 0.839 0.000 -0.525 -0.147 0.731 0.000 -0.054 -0.680 0.929 0.000 -0.369 0.017 
0.995 0.103 0.008 0.004 0.809 0.000 -0.478 -0.342 0.636 0.000 0.095 -0.766 0.790 -0.000 -0.547 -0.278 0.658 0.000 0.085 -0.748 0.754 0.000 0.011 -0.656 0.839 0.000 -0.524 -0.147 0.731 0.000 -0.054 -0.680 0.925 0.000 -0.380 0.018 
0.995 0.103 0.009 0.004 0.810 -0.000 -0.474 -0.344 0.635 0.000 0.100 -0.766 0.787 0.000 -0.551 -0.277 0.658 0.000 0.083 -0.748 0.754 -0.000 0.011 -0.657 0.839 0.000 -0.524 -0.146 0.732 0.000 -0.054 -0.680 0.929 -0.000 -0.369 0.017 
0.995 0.104 0.008 0.003 0.812 0.000 -0.471 -0.346 0.635 0.000 0.104 -0.765 0.787 0.000 -0.551 -0.276 0.658 0.000 0.078 -0.749 0.754 0.000 0.012 -0.657 0.838 0.000 -0.525 -0.147 0.732 -0.000 -0.054 -0.679 0.925 0.000 -0.380 0.018 
0.995 0.104 0.009 0.003 0.813 -0.000 -0.467 -0.348 0.635 0.000 0.109 -0.765 0.786 -0.000 -0.553 -0.276 0.658 0.000 0.067 -0.750 0.754 0.000 0.012 -0.657 0.838 0.000 -0.525 -0.148 0.732 0.000 -0.054 -0.679 0.929 0.000 -0.369 0.017 
0.995 0.104 0.009 0.003 0.814 0.000 -0.464 -0.350 0.635 0.000 0.113 -0.764 0.785 -0.000 -0.556 -0.275 0.659 -0.000 0.072 -0.748 0.754 0.000 0.012 -0.657 0.838 0.000 -0.525 -0.148 0.732 0.000 -0.055 -0.679 0.925 0.000 -0.378 0.017 
0.995 0.104 0.009 0.003 0.815 0.000 -0.461 -0.352 0.635 0.000 0.123 -0.763 0.783 0.000 -0.558 -0.275 0.661 0.000 0.068 -0.748 0.754 0.000 0.013 -0.657 0.838 0.000 -0.525 -0.148 0.732 -0.000 -0.055 -0.679 0.930 0.000 -0.368 0.016 
0.995 0.104 0.009 0.003 0.815 0.000 -0.459 -0.354 0.635 -0.000 0.126 -0.762 0.783 0.000 -0.558 -0.275 0.661 0.000 0.066 -0.747 0.754 -0.000 0.013 -0.657 0.838 0.000 -0.525 -0.148 0.732 0.000 -0.055 -0.679 0.926 0.000 -0.378 0.017 
0.995 0.104 0.010 0.002 0.816 0.000 -0.457 -0.355 0.634 0.000 0.124 -0.764 0.783 0.000 -0.559 -0.275 0.662 0.000 0.065 -0.747 0.754 0.000 0.013 -0.657 0.838 0.000 -0.525 -0.148 0.732 0.000 -0.054 -0.679 0.929 0.000 -0.369 0.017 
0.995 0.104 0.010 0.002 0.816 0.000 -0.454 -0.357 0.634 0.000 0.134 -0.762 0.783 -0.000 -0.559 -0.274 0.662 0.000 0.067 -0.746 0.754 0.000 0.013 -0.657 0.838 0.000 -0.525 -0.148 0.733 0.000 -0.055 -0.678 0.926 0.000 -0.378 0.016 
0.995 0.104 0.010 0.002 0.817 0.000 -0.452 -0.358 0.634 0.000 0.138 -0.761 0.782 0.000 -0.560 -0.275 0.663 -0.000 0.060 -0.746 0.753 -0.000 0.013 -0.658 0.838 -0.000 -0.524 -0.148 0.733 0.000 -0.055 -0.678 0.930 0.000 -0.368 0.016 
0.995 0.104 0.010 0.002 0.818 0.000 -0.450 -0.359 0.633 0.000 0.140 -0.761 0.782 0.000 -0.559 -0.276 0.665 0.000 0.059 -0.745 0.754 0.000 0.013 -0.657 0.838 0.000 -0.524 -0.148 0.733 -0.000 -0.055 -0.678 0.926 0.000 -0.378 0.016 
0.995 0.104 0.010 0.002 0.818 0.000 -0.449 -0.360 0.633 0.000 0.143 -0.761 0.782 0.000 -0.559 -0.276 0.666 0.000 0.057 -0.744 0.754 0.000 0.013 -0.657 0.838 0.000 -0.525 -0.148 0.733 0.000 -0.055 -0.678 0.930 0.000 -0.368 0.016 
0.995 0.104 0.010 0.002 0.818 0.000 -0.448 -0.361 0.632 0.000 0.147 -0.761 0.782 0.000 -0.559 -0.276 0.666 -0.000 0.057 -0.744 0.753 0.000 0.013 -0.658 0.838 0.000 -0.525 -0.148 0.733 0.000 -0.055 -0.678 0.926 0.000 -0.378 0.016 
0.995 0.104 0.010 0.002 0.818 0.000 -0.447 -0.362 0.632 0.000 0.145 -0.761 0.782 -0.000 -0.558 -0.277 0.667 0.000 0.056 -0.743 0.753 0.000 0.013 -0.658 0.838 -0.000 -0.525 -0.148 0.733 0.000 -0.055 -0.678 0.930 0.000 -0.368 0.016 
0.995 0.104 0.010 0.002 0.818 0.000 -0.447 -0.362 0.631 0.000 0.148 -0.761 0.783 0.000 -0.557 -0.277 0.667 0.000 0.055 -0.743 0.753 0.000 0.013 -0.658 0.838 0.000 -0.525 -0.148 0.734 -0.000 -0.056 -0.677 0.926 0.000 -0.377 0.015 
0.995 0.104 0.010 0.002 0.818 0.000 -0.446 -0.363 0.631 0.000 0.151 -0.761 0.783 0.000 -0.557 -0.277 0.667 0.000 0.053 -0.743 0.753 0.000 0.013 -0.658 0.838 0.000 -0.525 -0.148 0.734 0.000 -0.056 -0.677 0.930 0.000 -0.366 0.014 
0.995 0.104 0.010 0.002 0.818 0.000 -0.446 -0.363 0.631 -0.000 0.153 -0.761 0.784 0.000 -0.556 -0.277 0.667 0.000 0.053 -0.743 0.753 0.000 0.013 -0.658 0.839 0.000 -0.524 -0.148 0.733 0.000 -0.055 -0.678 0.926 0.000 -0.378 0.016 
0.995 0.104 0.010 0.002 0.818 -0.000 -0.446 -0.363 0.630 0.000 0.155 -0.761 0.784 0.000 -0.554 -0.278 0.667 -0.000 0.053 -0.743 0.753 0.000 0.013 -0.658 0.838 -0.000 -0.525 -0.148 0.733 0.000 -0.056 -0.678 0.930 0.000 -0.368 0.016 
0.995 0.104 0.010 0.002 0.817 0.000 -0.447 -0.364 0.630 0.000 0.157 -0.761 0.786 -0.000 -0.553 -0.278 0.667 -0.000 0.054 -0.743 0.753 0.000 0.013 -0.658 0.838 0.000 -0.525 -0.148 0.733 -0.000 -0.055 -0.678 0.925 0.000 -0.379 0.016 
0.995 0.104 0.010 0.002 0.817 0.000 -0.447 -0.363 0.630 0.000 0.158 -0.761 0.786 0.000 -0.551 -0.279 0.667 0.000 0.054 -0.743 0.753 0.000 0.013 -0.657 0.839 0.000 -0.524 -0.148 0.733 0.000 -0.056 -0.678 0.930 0.000 -0.368 0.016 
0.995 0.104 0.010 0.002 0.817 0.000 -0.448 -0.363 0.629 0.000 0.159 -0.761 0.788 0.000 -0.549 -0.280 0.667 -0.000 0.055 -0.743 0.753 -0.000 0.012 -0.658 0.839 -0.000 -0.524 -0.148 0.733 0.000 -0.055 -0.678 0.925 -0.000 -0.379 0.017 
0.995 0.103 0.010 0.002 0.817 0.000 -0.450 -0.362 0.629 0.000 0.161 -0.760 0.789 -0.000 -0.547 -0.281 0.667 0.000 0.057 -0.743 0.753 0.000 0.012 -0.657 0.838 -0.000 -0.525 -0.147 0.734 0.000 -0.057 -0.677 0.930 0.000 -0.366 0.014 
0.995 0.103 0.010 0.002 0.816 0.000 -0.451 -0.361 0.628 0.000 0.160 -0.761 0.790 0.000 -0.544 -0.282 0.666 0.000 0.051 -0.744 0.753 0.000 0.012 -0.657 0.838 0.000 -0.525 -0.148 0.733 0.000 -0.056 -0.678 0.925 0.000 -0.379 0.017 
0.995 0.103 0.010 0.002 0.815 0.000 -0.454 -0.360 0.629 0.000 0.160 -0.761 0.791 0.000 -0.542 -0.285 0.668 0.000 0.061 -0.741 0.753 -0.000 0.011 -0.657 0.839 0.000 -0.525 -0.147 0.733 0.000 -0.056 -0.678 0.929 -0.000 -0.369 0.017 
0.995 0.103 0.010 0.002 0.815 0.000 -0.455 -0.359 0.628 0.000 0.160 -0.761 0.793 0.000 -0.539 -0.284 0.667 0.000 0.062 -0.743 0.754 0.000 0.012 -0.657 0.838 -0.000 -0.525 -0.147 0.733 0.000 -0.056 -0.678 0.925 0.000 -0.379 0.018 
0.995 0.103 0.010 0.002 0.814 0.000 -0.458 -0.358 0.628 0.000 0.160 -0.762 0.794 0.000 -0.536 -0.285 0.666 0.000 0.064 -0.743 0.754 0.000 0.011 -0.657 0.838 -0.000 -0.525 -0.147 0.732 0.000 -0.056 -0.679 0.929 0.000 -0.369 0.017 
0.995 0.103 0.010 0.002 0.814 0.000 -0.459 -0.356 0.627 0.000 0.157 -0.763 0.796 -0.000 -0.533 -0.286 0.666 0.000 0.066 -0.743 0.754 0.000 0.011 -0.657 0.838 0.000 -0.525 -0.148 0.732 0.000 -0.056 -0.679 0.925 0.000 -0.379 0.018 
0.995 0.103 0.009 0.002 0.813 -0.000 -0.462 -0.355 0.628 0.000 0.156 -0.763 0.798 0.000 -0.530 -0.288 0.666 0.000 0.069 -0.743 0.754 0.000 0.011 -0.657 0.838 0.000 -0.525 -0.147 0.732 0.000 -0.056 -0.679 0.929 0.000 -0.369 0.018 
0.995 0.103 0.009 0.002 0.811 0.000 -0.467 -0.353 0.628 -0.000 0.154 -0.763 0.799 0.000 -0.527 -0.290 0.666 -0.000 0.072 -0.743 0.754 0.000 0.011 -0.657 0.838 0.000 -0.525 -0.147 0.732 0.000 -0.056 -0.679 0.925 0.000 -0.380 0.018 
0.995 0.103 0.009 0.003 0.810 0.000 -0.469 -0.352 0.628 0.000 0.151 -0.763 0.801 0.000 -0.524 -0.291 0.665 0.000 0.075 -0.743 0.754 0.000 0.011 -0.657 0.839 0.000 -0.525 -0.147 0.732 -0.000 -0.056 -0.679 0.929 0.000 -0.369 0.018 
0.995 0.103 0.009 0.003 0.809 0.000 -0.473 -0.350 0.628 0.000 0.149 -0.764 0.802 0.000 -0.521 -0.292 0.665 0.000 0.077 -0.743 0.755 0.000 0.010 -0.656 0.838 0.000 -0.525 -0.147 0.732 0.000 -0.056 -0.679 0.925 0.000 -0.379 0.018 
0.995 0.103 0.009 0.003 0.807 0.000 -0.477 -0.348 0.629 0.000 0.147 -0.763 0.804 0.000 -0.517 -0.293 0.665 -0.000 0.080 -0.743 0.754 0.000 0.010 -0.657 0.839 -0.000 -0.524 -0.147 0.732 0.000 -0.056 -0.679 0.930 0.000 -0.368 0.017 
0.995 0.103 0.008 0.003 0.806 0.000 -0.480 -0.347 0.630 0.000 0.143 -0.764 0.806 -0.000 -0.513 -0.294 0.664 0.000 0.083 -0.743 0.754 0.000 0.010 -0.656 0.839 0.000 -0.525 -0.147 0.732 0.000 -0.055 -0.679 0.925 0.000 -0.380 0.019 
0.995 0.103 0.009 0.003 0.804 0.000 -0.485 -0.345 0.630 0.000 0.141 -0.763 0.808 0.000 -0.510 -0.295 0.664 0.000 0.085 -0.743 0.755 0.000 0.010 -0.656 0.839 -0.000 -0.524 -0.147 0.732 0.000 -0.055 -0.679 0.929 0.000 -0.369 0.018 
0.995 0.103 0.008 0.003 0.803 -0.000 -0.488 -0.343 0.630 0.000 0.136 -0.764 0.810 -0.000 -0.506 -0.297 0.664 0.000 0.094 -0.742 0.754 -0.000 0.009 -0.657 0.839 0.000 -0.524 -0.145 0.732 0.000 -0.055 -0.679 0.925 0.000 -0.380 0.019 
0.995 0.103 0.008 0.003 0.801 0.000 -0.492 -0.341 0.631 0.000 0.133 -0.764 0.812 0.000 -0.502 -0.299 0.664 0.000 0.098 -0.741 0.755 0.000 0.009 -0.656 0.839 0.000 -0.524 -0.147 0.732 0.000 -0.056 -0.679 0.930 0.000 -0.368 0.018 
0.995 0.103 0.008 0.003 0.799 0.000 -0.497 -0.338 0.632 0.000 0.129 -0.764 0.814 0.000 -0.499 -0.299 0.664 0.000 0.101 -0.741 0.754 -0.000 0.009 -0.656 0.839 -0.000 -0.524 -0.147 0.732 0.000 -0.056 -0.679 0.931 0.000 -0.365 0.015 
0.995 0.103 0.008 0.003 0.798 0.000 -0.500 -0.336 0.632 0.000 0.124 -0.765 0.815 0.000 -0.495 -0.301 0.664 0.000 0.104 -0.741 0.755 0.000 0.009 -0.656 0.839 -0.000 -0.524 -0.146 0.732 0.000 -0.056 -0.679 0.925 0.000 -0.379 0.018 
0.995 0.103 0.008 0.004 0.797 0.000 -0.504 -0.334 0.632 0.000 0.119 -0.766 0.817 0.000 -0.490 -0.302 0.663 0.000 0.105 -0.741 0.755 -0.000 0.009 -0.656 0.839 -0.000 -0.524 -0.147 0.732 0.000 -0.055 -0.680 0.929 0.000 -0.369 0.018 
0.995 0.103 0.008 0.004 0.795 0.000 -0.508 -0.332 0.633 0.000 0.115 -0.766 0.819 0.000 -0.487 -0.304 0.664 0.000 0.108 -0.740 0.754 -0.000 0.009 -0.657 0.840 0.000 -0.524 -0.145 0.731 0.000 -0.055 -0.680 0.925 0.000 -0.380 0.019 
0.995 0.103 0.007 0.004 0.795 0.000 -0.509 -0.329 0.633 -0.000 0.111 -0.766 0.821 0.000 -0.482 -0.305 0.665 0.000 0.116 -0.738 0.755 -0.000 0.009 -0.656 0.839 0.000 -0.525 -0.147 0.731 -0.000 -0.055 -0.680 0.929 0.000 -0.369 0.018 
0.995 0.103 0.007 0.004 0.792 0.000 -0.515 -0.327 0.634 -0.000 0.105 -0.766 0.823 0.000 -0.478 -0.306 0.665 -0.000 0.118 -0.738 0.754 0.000 0.009 -0.657 0.840 -0.000 -0.523 -0.145 0.732 0.000 -0.055 -0.679 0.925 0.000 -0.380 0.018 
0.995 0.102 0.007 0.004 0.791 0.000 -0.519 -0.325 0.634 -0.000 0.099 -0.767 0.825 -0.000 -0.474 -0.307 0.664 0.000 0.120 -0.738 0.755 0.000 0.009 -0.656 0.839 0.000 -0.524 -0.147 0.731 0.000 -0.055 -0.680 0.929 0.000 -0.369 0.018 
0.995 0.102 0.007 0.004 0.789 -0.000 -0.523 -0.324 0.634 0.000 0.096 -0.767 0.827 0.000 -0.470 -0.308 0.664 0.000 0.121 -0.738 0.754 0.000 0.008 -0.656 0.839 0.000 -0.524 -0.145 0.732 0.000 -0.055 -0.679 0.925 0.000 -0.380 0.017 
0.995 0.102 0.007 0.004 0.787 0.000 -0.527 -0.321 0.635 0.000 0.090 -0.767 0.830 0.000 -0.465 -0.309 0.664 0.000 0.122 -0.738 0.755 -0.000 0.009 -0.656 0.839 0.000 -0.524 -0.147 0.732 0.000 -0.055 -0.680 0.929 0.000 -0.369 0.018 
0.995 0.102 0.007 0.004 0.786 0.000 -0.530 -0.319 0.635 0.000 0.085 -0.768 0.832 0.000 -0.461 -0.310 0.664 0.000 0.122 -0.738 0.755 -0.000 0.009 -0.656 0.839 0.000 -0.524 -0.147 0.732 0.000 -0.054 -0.680 0.925 0.000 -0.380 0.018 
0.995 0.102 0.007 0.004 0.785 0.000 -0.533 -0.316 0.635 0.000 0.080 -0.768 0.833 0.000 -0.457 -0.311 0.663 0.000 0.120 -0.739 0.755 0.000 0.009 -0.656 0.839 -0.000 -0.524 -0.147 0.732 0.000 -0.054 -0.679 0.929 0.000 -0.369 0.017 
0.995 0.102 0.007 0.004 0.783 0.000 -0.537 -0.314 0.636 -0.000 0.074 -0.769 0.835 0.000 -0.453 -0.312 0.663 0.000 0.120 -0.739 0.755 0.000 0.008 -0.656 0.840 0.000 -0.524 -0.145 0.732 0.000 -0.054 -0.679 0.925 0.000 -0.380 0.018 
0.995 0.102 0.006 0.004 0.782 0.000 -0.540 -0.312 0.636 0.000 0.069 -0.769 0.837 -0.000 -0.449 -0.312 0.663 0.000 0.120 -0.739 0.755 0.000 0.009 -0.655 0.839 0.000 -0.524 -0.147 0.732 0.000 -0.054 -0.679 0.929 0.000 -0.370 0.017 
0.995 0.102 0.006 0.004 0.780 -0.000 -0.543 -0.310 0.637 0.000 0.065 -0.768 0.839 -0.000 -0.445 -0.313 0.663 0.000 0.122 -0.739 0.755 -0.000 0.008 -0.655 0.839 -0.000 -0.524 -0.147 0.732 0.000 -0.055 -0.679 0.924 0.000 -0.381 0.018 
0.995 0.102 0.006 0.004 0.779 0.000 -0.546 -0.308 0.637 0.000 0.058 -0.769 0.841 -0.000 -0.442 -0.313 0.663 0.000 0.123 -0.739 0.755 0.000 0.007 -0.656 0.839 0.000 -0.524 -0.145 0.732 0.000 -0.055 -0.679 0.929 -0.000 -0.370 0.017 
0.995 0.102 0.006 0.004 0.779 -0.000 -0.548 -0.307 0.638 0.000 0.054 -0.768 0.842 0.000 -0.439 -0.313 0.663 0.000 0.124 -0.738 0.755 -0.000 0.008 -0.655 0.839 -0.000 -0.524 -0.147 0.732 -0.000 -0.055 -0.679 0.925 0.000 -0.380 0.018 
0.995 0.101 0.006 0.005 0.777 -0.000 -0.550 -0.305 0.638 0.000 0.050 -0.769 0.844 0.000 -0.436 -0.314 0.663 -0.000 0.124 -0.738 0.755 0.000 0.007 -0.655 0.839 0.000 -0.524 -0.146 0.732 0.000 -0.056 -0.679 0.929 0.000 -0.369 0.017 
0.995 0.101 0.006 0.005 0.777 -0.000 -0.552 -0.303 0.639 0.000 0.045 -0.768 0.845 -0.000 -0.433 -0.314 0.663 0.000 0.125 -0.738 0.756 0.000 0.007 -0.655 0.839 0.000 -0.525 -0.146 0.732 0.000 -0.056 -0.679 0.924 0.000 -0.381 0.019 
0.995 0.101 0.006 0.005 0.775 0.000 -0.555 -0.302 0.639 0.000 0.040 -0.768 0.846 0.000 -0.430 -0.314 0.663 0.000 0.126 -0.738 0.755 0.000 0.007 -0.655 0.839 0.000 -0.524 -0.146 0.732 0.000 -0.056 -0.679 0.929 0.000 -0.370 0.018 
0.995 0.101 0.006 0.005 0.775 -0.000 -0.556 -0.301 0.639 0.000 0.037 -0.768 0.848 0.000 -0.428 -0.313 0.662 0.000 0.126 -0.739 0.756 0.000 0.007 -0.655 0.839 0.000 -0.524 -0.146 0.732 -0.000 -0.056 -0.679 0.924 0.000 -0.381 0.019 
0.995 0.100 0.006 0.005 0.774 0.000 -0.558 -0.300 0.640 0.000 0.033 -0.768 0.849 0.000 -0.426 -0.313 0.662 0.000 0.127 -0.739 0.756 0.000 0.006 -0.655 0.839 0.000 -0.524 -0.146 0.732 0.000 -0.056 -0.679 0.929 -0.000 -0.370 0.018 
0.995 0.100 0.006 0.005 0.773 0.000 -0.559 -0.300 0.640 0.000 0.031 -0.768 0.850 0.000 -0.424 -0.312 0.662 -0.000 0.127 -0.739 0.756 0.000 0.006 -0.655 0.839 0.000 -0.524 -0.146 0.732 0.000 -0.057 -0.679 0.925 0.000 -0.380 0.019 
0.995 0.100 0.006 0.005 0.773 0.000 -0.560 -0.299 0.640 0.000 0.028 -0.768 0.851 0.000 -0.423 -0.311 0.662 0.000 0.127 -0.739 0.756 0.000 0.006 -0.655 0.839 0.000 -0.524 -0.146 0.732 0.000 -0.057 -0.679 0.929 0.000 -0.369 0.018 
0.995 0.100 0.006 0.005 0.772 -0.000 -0.560 -0.299 0.640 0.000 0.026 -0.768 0.852 -0.000 -0.421 -0.310 0.660 0.000 0.127 -0.740 0.756 0.000 0.006 -0.655 0.839 0.000 -0.525 -0.145 0.732 -0.000 -0.057 -0.679 0.925 0.000 -0.380 0.020 
0.995 0.100 0.006 0.005 0.772 0.000 -0.561 -0.299 0.641 0.000 0.025 -0.767 0.852 -0.000 -0.421 -0.310 0.661 0.000 0.128 -0.739 0.756 -0.000 0.006 -0.654 0.839 0.000 -0.524 -0.146 0.731 0.000 -0.057 -0.680 0.929 0.000 -0.370 0.019 
0.995 0.100 0.006 0.005 0.772 0.000 -0.561 -0.299 0.641 0.000 0.024 -0.767 0.853 0.000 -0.421 -0.308 0.660 0.000 0.128 -0.740 0.756 0.000 0.005 -0.654 0.839 0.000 -0.524 -0.146 0.731 0.000 -0.057 -0.680 0.925 -0.000 -0.381 0.020 
0.995 0.100 0.006 0.005 0.772 0.000 -0.561 -0.299 0.641 0.000 0.023 -0.767 0.854 0.000 -0.420 -0.307 0.659 0.000 0.127 -0.741 0.756 0.000 0.005 -0.654 0.839 0.000 -0.524 -0.146 0.731 -0.000 -0.058 -0.680 0.929 0.000 -0.369 0.019 
0.995 0.100 0.006 0.005 0.772 0.000 -0.561 -0.300 0.641 0.000 0.022 -0.767 0.854 -0.000 -0.421 -0.306 0.659 0.000 0.128 -0.741 0.756 0.000 0.005 -0.654 0.839 -0.000 -0.524 -0.145 0.732 0.000 -0.058 -0.679 0.925 -0.000 -0.379 0.019 
0.995 0.099 0.006 0.005 0.772 0.000 -0.560 -0.300 0.641 -0.000 0.023 -0.767 0.854 0.000 -0.421 -0.305 0.658 0.000 0.127 -0.742 0.756 0.000 0.005 -0.654 0.839 0.000 -0.525 -0.146 0.731 0.000 -0.058 -0.680 0.929 0.000 -0.370 0.019 
0.995 0.099 0.006 0.005 0.772 0.000 -0.559 -0.302 0.641 0.000 0.024 -0.767 0.854 0.000 -0.422 -0.304 0.658 0.000 0.128 -0.742 0.756 0.000 0.005 -0.654 0.839 0.000 -0.524 -0.145 0.731 -0.000 -0.059 -0.679 0.925 0.000 -0.380 0.019 
0.995 0.099 0.006 0.005 0.772 -0.000 -0.559 -0.303 0.642 0.000 0.025 -0.767 0.854 0.000 -0.424 -0.303 0.658 0.000 0.128 -0.742 0.756 0.000 0.005 -0.654 0.839 0.000 -0.525 -0.145 0.731 -0.000 -0.058 -0.680 0.929 0.000 -0.369 0.019 
0.995 0.099 0.006 0.005 0.773 -0.000 -0.557 -0.304 0.641 0.000 0.026 -0.767 0.853 0.000 -0.425 -0.302 0.657 0.000 0.129 -0.742 0.756 -0.000 0.005 -0.654 0.839 0.000 -0.525 -0.145 0.731 0.000 -0.058 -0.680 0.925 0.000 -0.380 0.020 
0.995 0.099 0.006 0.005 0.773 0.000 -0.556 -0.305 0.641 -0.000 0.028 -0.767 0.853 0.000 -0.427 -0.301 0.657 0.000 0.133 -0.742 0.757 0.000 0.005 -0.654 0.839 0.000 -0.525 -0.145 0.731 0.000 -0.059 -0.679 0.930 -0.000 -0.368 0.019 
0.995 0.099 0.006 0.005 0.774 0.000 -0.554 -0.307 0.641 0.000 0.030 -0.767 0.852 -0.000 -0.429 -0.300 0.657 0.000 0.134 -0.742 0.757 0.000 0.005 -0.654 0.839 0.000 -0.525 -0.145 0.731 -0.000 -0.059 -0.679 0.925 0.000 -0.379 0.020 
0.995 0.099 0.007 0.005 0.775 0.000 -0.551 -0.308 0.641 0.000 0.032 -0.767 0.851 0.000 -0.431 -0.299 0.657 0.000 0.134 -0.742 0.756 0.000 0.005 -0.654 0.839 -0.000 -0.525 -0.145 0.731 0.000 -0.059 -0.680 0.929 0.000 -0.369 0.019 
0.995 0.099 0.007 0.005 0.776 0.000 -0.549 -0.310 0.640 0.000 0.035 -0.768 0.850 0.000 -0.434 -0.299 0.657 0.000 0.134 -0.742 0.756 -0.000 0.005 -0.654 0.839 0.000 -0.524 -0.145 0.732 -0.000 -0.059 -0.679 0.925 0.000 -0.379 0.019 
0.995 0.099 0.007 0.005 0.777 0.000 -0.547 -0.311 0.640 0.000 0.037 -0.768 0.849 0.000 -0.436 -0.298 0.657 0.000 0.135 -0.742 0.756 0.000 0.005 -0.654 0.839 0.000 -0.525 -0.144 0.732 0.000 -0.059 -0.679 0.930 0.000 -0.368 0.019 
0.995 0.099 0.007 0.005 0.778 0.000 -0.544 -0.313 0.640 0.000 0.040 -0.768 0.848 -0.000 -0.438 -0.298 0.656 0.000 0.132 -0.743 0.756 0.000 0.005 -0.654 0.839 0.000 -0.524 -0.144 0.732 0.000 -0.059 -0.679 0.925 0.000 -0.379 0.019 
0.995 0.099 0.007 0.005 0.779 0.000 -0.541 -0.316 0.640 0.000 0.043 -0.767 0.847 -0.000 -0.441 -0.296 0.656 0.000 0.132 -0.743 0.756 0.000 0.005 -0.655 0.839 0.000 -0.525 -0.144 0.732 0.000 -0.059 -0.679 0.927 -0.000 -0.374 0.024 
0.995 0.099 0.007 0.005 0.780 -0.000 -0.539 -0.318 0.640 -0.000 0.046 -0.767 0.846 0.000 -0.444 -0.297 0.656 0.000 0.132 -0.743 0.756 0.000 0.005 -0.655 0.839 0.000 -0.525 -0.144 0.731 -0.000 -0.059 -0.679 0.930 0.000 -0.366 0.019 
0.995 0.099 0.007 0.005 0.782 0.000 -0.535 -0.320 0.640 0.000 0.050 -0.767 0.844 0.000 -0.447 -0.296 0.656 -0.000 0.132 -0.743 0.756 0.000 0.005 -0.655 0.839 -0.000 -0.525 -0.144 0.732 0.000 -0.059 -0.679 0.925 0.000 -0.379 0.019 
0.995 0.100 0.007 0.005 0.785 -0.000 -0.529 -0.321 0.639 0.000 0.054 -0.767 0.843 0.000 -0.450 -0.295 0.655 0.000 0.131 -0.744 0.755 0.000 0.005 -0.655 0.839 -0.000 -0.525 -0.144 0.732 0.000 -0.059 -0.679 0.929 0.000 -0.369 0.019 
0.995 0.100 0.007 0.005 0.785 0.000 -0.527 -0.325 0.639 -0.000 0.056 -0.767 0.841 -0.000 -0.453 -0.295 0.656 0.000 0.131 -0.743 0.755 0.000 0.005 -0.655 0.839 0.000 -0.525 -0.144 0.732 0.000 -0.059 -0.679 0.925 0.000 -0.379 0.019 
0.995 0.100 0.007 0.005 0.787 0.000 -0.524 -0.326 0.640 0.000 0.060 -0.766 0.839 -0.000 -0.456 -0.295 0.656 0.000 0.131 -0.744 0.755 0.000 0.005 -0.655 0.839 -0.000 -0.525 -0.143 0.732 0.000 -0.059 -0.679 0.929 0.000 -0.369 0.018 
0.995 0.100 0.007 0.005 0.788 0.000 -0.521 -0.328 0.639 0.000 0.063 -0.766 0.838 0.000 -0.460 -0.295 0.656 0.000 0.130 -0.744 0.755 0.000 0.006 -0.656 0.839 0.000 -0.525 -0.143 0.732 0.000 -0.058 -0.679 0.925 0.000 -0.379 0.019 
0.995 0.100 0.007 0.005 0.790 0.000 -0.517 -0.331 0.640 -0.000 0.066 -0.766 0.836 -0.000 -0.463 -0.295 0.656 0.000 0.130 -0.744 0.755 0.000 0.006 -0.655 0.839 -0.000 -0.525 -0.144 0.732 0.000 -0.059 -0.678 0.930 0.000 -0.368 0.017 
0.995 0.100 0.007 0.005 0.792 0.000 -0.511 -0.334 0.640 -0.000 0.069 -0.766 0.834 0.000 -0.467 -0.294 0.656 0.000 0.129 -0.744 0.755 0.000 0.006 -0.656 0.839 0.000 -0.525 -0.144 0.732 0.000 -0.058 -0.679 0.925 0.000 -0.379 0.019 
0.995 0.100 0.008 0.004 0.793 0.000 -0.508 -0.336 0.640 0.000 0.073 -0.765 0.832 0.000 -0.471 -0.294 0.656 0.000 0.129 -0.744 0.755 0.000 0.007 -0.656 0.839 -0.000 -0.525 -0.144 0.733 0.000 -0.059 -0.677 0.930 0.000 -0.368 0.015 
0.995 0.100 0.008 0.004 0.796 -0.000 -0.503 -0.338 0.640 0.000 0.076 -0.765 0.830 0.000 -0.475 -0.294 0.656 0.000 0.128 -0.744 0.755 0.000 0.007 -0.656 0.839 0.000 -0.526 -0.144 0.732 0.000 -0.058 -0.678 0.925 0.000 -0.379 0.018 
0.995 0.100 0.008 0.004 0.798 0.000 -0.499 -0.340 0.640 0.000 0.078 -0.765 0.827 0.000 -0.478 -0.295 0.658 0.000 0.133 -0.742 0.755 0.000 0.007 -0.656 0.839 0.000 -0.525 -0.143 0.732 0.000 -0.059 -0.678 0.930 0.000 -0.368 0.017 
0.995 0.100 0.008 0.004 0.799 -0.000 -0.495 -0.342 0.640 0.000 0.082 -0.764 0.826 0.000 -0.482 -0.294 0.657 0.000 0.131 -0.742 0.754 0.000 0.006 -0.657 0.839 0.000 -0.525 -0.141 0.732 0.000 -0.059 -0.678 0.925 0.000 -0.379 0.019 
0.995 0.100 0.008 0.004 0.801 0.000 -0.490 -0.345 0.640 -0.000 0.086 -0.764 0.823 0.000 -0.486 -0.293 0.657 0.000 0.130 -0.742 0.755 0.000 0.007 -0.656 0.838 -0.000 -0.526 -0.143 0.733 0.000 -0.059 -0.678 0.930 0.000 -0.367 0.016 
0.995 0.100 0.008 0.004 0.802 0.000 -0.486 -0.347 0.640 0.000 0.090 -0.763 0.821 0.000 -0.490 -0.293 0.657 0.000 0.129 -0.742 0.755 -0.000 0.007 -0.656 0.839 -0.000 -0.526 -0.143 0.733 0.000 -0.059 -0.678 0.925 0.000 -0.379 0.018 
0.995 0.100 0.008 0.004 0.804 0.000 -0.481 -0.350 0.640 0.000 0.094 -0.763 0.818 0.000 -0.495 -0.292 0.657 0.000 0.128 -0.743 0.755 0.000 0.007 -0.656 0.839 0.000 -0.526 -0.144 0.733 0.000 -0.059 -0.678 0.930 -0.000 -0.368 0.017 
0.995 0.101 0.008 0.004 0.805 0.000 -0.477 -0.353 0.640 0.000 0.099 -0.762 0.817 0.000 -0.499 -0.290 0.656 0.000 0.125 -0.744 0.755 0.000 0.008 -0.656 0.839 0.000 -0.525 -0.144 0.733 0.000 -0.058 -0.678 0.925 0.000 -0.379 0.017 
0.995 0.101 0.008 0.004 0.807 -0.000 -0.473 -0.355 0.640 0.000 0.109 -0.760 0.815 -0.000 -0.502 -0.289 0.656 0.000 0.125 -0.744 0.754 0.000 0.008 -0.656 0.839 -0.000 -0.525 -0.144 0.733 0.000 -0.058 -0.678 0.930 0.000 -0.368 0.017 
0.995 0.101 0.009 0.004 0.808 0.000 -0.468 -0.357 0.640 0.000 0.113 -0.760 0.813 0.000 -0.507 -0.288 0.656 -0.000 0.122 -0.745 0.755 0.000 0.008 -0.656 0.838 0.000 -0.526 -0.144 0.733 0.000 -0.058 -0.678 0.925 0.000 -0.379 0.018 
0.995 0.101 0.009 0.004 0.811 0.000 -0.463 -0.359 0.640 0.000 0.118 -0.760 0.810 0.000 -0.511 -0.287 0.656 0.000 0.121 -0.745 0.755 -0.000 0.008 -0.656 0.838 0.000 -0.526 -0.144 0.733 0.000 -0.058 -0.678 0.930 0.000 -0.368 0.017 
0.995 0.101 0.009 0.004 0.811 0.000 -0.460 -0.362 0.640 -0.000 0.120 -0.759 0.808 0.000 -0.516 -0.285 0.655 0.000 0.119 -0.746 0.754 0.000 0.008 -0.657 0.839 0.000 -0.525 -0.143 0.733 -0.000 -0.058 -0.678 0.926 0.000 -0.378 0.017 
0.995 0.101 0.009 0.004 0.812 0.000 -0.455 -0.364 0.639 0.000 0.126 -0.759 0.806 0.000 -0.520 -0.284 0.654 0.000 0.117 -0.747 0.755 -0.000 0.009 -0.656 0.838 -0.000 -0.525 -0.145 0.733 0.000 -0.058 -0.678 0.930 0.000 -0.367 0.016 
0.995 0.101 0.009 0.003 0.814 0.000 -0.452 -0.366 0.639 -0.000 0.128 -0.758 0.803 0.000 -0.524 -0.283 0.654 0.000 0.110 -0.748 0.754 0.000 0.008 -0.656 0.839 -0.000 -0.525 -0.145 0.733 0.000 -0.059 -0.678 0.926 0.000 -0.378 0.017 
0.995 0.102 0.009 0.003 0.815 0.000 -0.447 -0.368 0.639 0.000 0.132 -0.758 0.801 0.000 -0.528 -0.281 0.653 -0.000 0.107 -0.750 0.755 0.000 0.009 -0.656 0.839 0.000 -0.525 -0.146 0.733 0.000 -0.058 -0.678 0.930 0.000 -0.367 0.016 
0.995 0.102 0.009 0.003 0.816 0.000 -0.444 -0.370 0.638 0.000 0.133 -0.758 0.799 -0.000 -0.533 -0.280 0.653 0.000 0.108 -0.750 0.755 0.000 0.009 -0.656 0.838 0.000 -0.526 -0.145 0.733 0.000 -0.058 -0.678 0.926 0.000 -0.378 0.017 
0.995 0.102 0.009 0.003 0.818 0.000 -0.440 -0.372 0.638 0.000 0.141 -0.757 0.797 0.000 -0.536 -0.279 0.653 0.000 0.104 -0.750 0.754 -0.000 0.009 -0.657 0.839 0.000 -0.524 -0.144 0.732 0.000 -0.058 -0.679 0.930 0.000 -0.368 0.017 
0.995 0.102 0.009 0.003 0.819 0.000 -0.436 -0.373 0.638 0.000 0.146 -0.756 0.795 0.000 -0.539 -0.278 0.655 0.000 0.110 -0.748 0.755 0.000 0.009 -0.656 0.839 0.000 -0.525 -0.146 0.733 0.000 -0.058 -0.678 0.926 -0.000 -0.378 0.017 
0.995 0.101 0.009 0.003 0.820 0.000 -0.432 -0.375 0.637 -0.000 0.150 -0.756 0.794 0.000 -0.542 -0.277 0.654 0.000 0.098 -0.750 0.754 0.000 0.008 -0.656 0.839 0.000 -0.524 -0.144 0.733 0.000 -0.058 -0.678 0.930 0.000 -0.367 0.017 
0.995 0.102 0.009 0.003 0.821 0.000 -0.430 -0.375 0.636 0.000 0.153 -0.756 0.793 0.000 -0.544 -0.276 0.654 0.000 0.090 -0.751 0.755 -0.000 0.009 -0.656 0.838 0.000 -0.525 -0.146 0.733 0.000 -0.058 -0.678 0.926 0.000 -0.378 0.017 
0.995 0.102 0.009 0.003 0.822 0.000 -0.426 -0.377 0.636 0.000 0.158 -0.755 0.793 0.000 -0.543 -0.275 0.654 0.000 0.084 -0.752 0.755 -0.000 0.009 -0.656 0.839 0.000 -0.525 -0.146 0.732 0.000 -0.058 -0.678 0.930 0.000 -0.368 0.017 
0.995 0.101 0.009 0.003 0.823 0.000 -0.423 -0.378 0.635 0.000 0.161 -0.755 0.790 0.000 -0.547 -0.277 0.657 0.000 0.085 -0.749 0.755 0.000 0.008 -0.656 0.839 0.000 -0.525 -0.146 0.733 0.000 -0.059 -0.678 0.926 0.000 -0.377 0.018 
0.995 0.102 0.009 0.003 0.824 -0.000 -0.420 -0.379 0.635 0.000 0.166 -0.755 0.790 0.000 -0.547 -0.275 0.656 0.000 0.081 -0.751 0.754 -0.000 0.009 -0.656 0.839 0.000 -0.525 -0.146 0.732 0.000 -0.058 -0.678 0.930 -0.000 -0.368 0.017 
0.995 0.102 0.009 0.003 0.825 0.000 -0.418 -0.380 0.634 0.000 0.169 -0.755 0.790 0.000 -0.549 -0.275 0.657 0.000 0.079 -0.750 0.754 0.000 0.009 -0.656 0.839 0.000 -0.525 -0.146 0.732 0.000 -0.058 -0.679 0.925 0.000 -0.378 0.018 
0.995 0.102 0.009 0.003 0.826 0.000 -0.416 -0.380 0.633 0.000 0.172 -0.755 0.789 0.000 -0.549 -0.275 0.657 0.000 0.076 -0.750 0.755 0.000 0.009 -0.656 0.838 0.000 -0.525 -0.146 0.732 0.000 -0.058 -0.679 0.930 -0.000 -0.368 0.018 
0.995 0.102 0.009 0.003 0.827 -0.000 -0.415 -0.380 0.632 0.000 0.175 -0.755 0.789 0.000 -0.549 -0.275 0.658 0.000 0.074 -0.749 0.754 0.000 0.009 -0.657 0.839 0.000 -0.524 -0.144 0.732 -0.000 -0.057 -0.679 0.925 0.000 -0.379 0.019 
0.995 0.102 0.009 0.003 0.828 0.000 -0.413 -0.381 0.631 -0.000 0.178 -0.755 0.789 0.000 -0.549 -0.275 0.659 0.000 0.073 -0.749 0.754 0.000 0.009 -0.656 0.839 0.000 -0.524 -0.146 0.732 0.000 -0.057 -0.679 0.930 0.000 -0.368 0.017 
0.995 0.102 0.009 0.003 0.828 0.000 -0.411 -0.381 0.630 0.000 0.180 -0.755 0.789 -0.000 -0.549 -0.275 0.658 0.000 0.063 -0.750 0.754 0.000 0.009 -0.656 0.839 0.000 -0.525 -0.146 0.732 0.000 -0.058 -0.678 0.925 -0.000 -0.378 0.018 
0.995 0.102 0.009 0.003 0.829 0.000 -0.410 -0.381 0.630 0.000 0.183 -0.755 0.789 0.000 -0.549 -0.275 0.659 -0.000 0.062 -0.750 0.754 0.000 0.009 -0.656 0.839 -0.000 -0.525 -0.146 0.732 0.000 -0.057 -0.679 0.930 0.000 -0.368 0.018 
0.995 0.102 0.009 0.003 0.829 0.000 -0.409 -0.381 0.629 0.000 0.186 -0.755 0.790 0.000 -0.548 -0.276 0.660 -0.000 0.069 -0.748 0.754 0.000 0.009 -0.656 0.839 0.000 -0.525 -0.146 0.732 0.000 -0.057 -0.679 0.925 0.000 -0.379 0.019 
0.995 0.102 0.009 0.003 0.830 0.000 -0.407 -0.382 0.629 0.000 0.188 -0.755 0.790 0.000 -0.547 -0.276 0.661 0.000 0.068 -0.748 0.755 0.000 0.009 -0.656 0.838 -0.000 -0.525 -0.147 0.732 0.000 -0.057 -0.679 0.930 -0.000 -0.368 0.018 
0.995 0.101 0.010 0.004 0.831 0.000 -0.407 -0.380 0.628 0.000 0.189 -0.755 0.790 0.000 -0.547 -0.276 0.661 0.000 0.066 -0.747 0.757 0.000 0.010 -0.653 0.838 0.000 -0.526 -0.148 0.731 0.000 -0.058 -0.679 0.925 0.000 -0.379 0.019 
0.995 0.101 0.009 0.004 0.830 0.000 -0.408 -0.379 0.627 0.000 0.190 -0.756 0.791 0.000 -0.545 -0.276 0.661 -0.000 0.066 -0.747 0.757 0.000 0.009 -0.654 0.838 -0.000 -0.526 -0.147 0.731 0.000 -0.058 -0.679 0.930 0.000 -0.368 0.018 
0.995 0.101 0.009 0.004 0.831 0.000 -0.408 -0.379 0.626 0.000 0.192 -0.756 0.792 0.000 -0.544 -0.276 0.662 0.000 0.072 -0.746 0.757 0.000 0.009 -0.653 0.838 0.000 -0.526 -0.147 0.731 0.000 -0.058 -0.680 0.925 0.000 -0.379 0.019 
0.995 0.101 0.009 0.004 0.831 0.000 -0.408 -0.379 0.626 0.000 0.194 -0.755 0.793 -0.000 -0.542 -0.277 0.663 0.000 0.073 -0.746 0.757 0.000 0.009 -0.654 0.838 0.000 -0.525 -0.147 0.732 0.000 -0.059 -0.679 0.930 -0.000 -0.367 0.018 
0.995 0.101 0.009 0.004 0.831 -0.000 -0.408 -0.379 0.625 -0.000 0.191 -0.757 0.795 0.000 -0.540 -0.277 0.661 0.000 0.066 -0.747 0.757 0.000 0.009 -0.653 0.838 -0.000 -0.526 -0.147 0.732 0.000 -0.058 -0.679 0.925 0.000 -0.379 0.019 
0.995 0.101 0.009 0.004 0.830 0.000 -0.409 -0.378 0.625 0.000 0.191 -0.757 0.796 0.000 -0.539 -0.277 0.662 0.000 0.069 -0.746 0.757 0.000 0.008 -0.653 0.838 0.000 -0.525 -0.147 0.732 -0.000 -0.059 -0.679 0.930 0.000 -0.367 0.018 
0.995 0.101 0.009 0.004 0.830 0.000 -0.412 -0.377 0.624 0.000 0.190 -0.758 0.797 0.000 -0.537 -0.278 0.662 0.000 0.070 -0.746 0.757 0.000 0.008 -0.654 0.839 0.000 -0.525 -0.145 0.732 0.000 -0.059 -0.679 0.926 0.000 -0.378 0.019 
0.995 0.102 0.010 0.003 0.829 0.000 -0.413 -0.376 0.624 0.000 0.189 -0.758 0.798 0.000 -0.534 -0.279 0.662 -0.000 0.072 -0.746 0.758 0.000 0.011 -0.652 0.838 0.000 -0.526 -0.148 0.732 -0.000 -0.058 -0.679 0.930 0.000 -0.368 0.017 
0.995 0.102 0.009 0.003 0.828 0.000 -0.416 -0.376 0.624 0.000 0.190 -0.758 0.800 -0.000 -0.531 -0.279 0.662 0.000 0.074 -0.746 0.755 0.000 0.008 -0.656 0.839 -0.000 -0.524 -0.146 0.732 -0.000 -0.058 -0.678 0.926 0.000 -0.378 0.019 
0.995 0.102 0.009 0.003 0.828 0.000 -0.418 -0.375 0.624 0.000 0.189 -0.758 0.803 0.000 -0.527 -0.279 0.661 0.000 0.075 -0.746 0.755 -0.000 0.008 -0.655 0.839 0.000 -0.524 -0.147 0.733 0.000 -0.058 -0.678 0.930 0.000 -0.367 0.018 
0.995 0.102 0.008 0.003 0.827 0.000 -0.420 -0.375 0.625 0.000 0.189 -0.757 0.804 0.000 -0.525 -0.281 0.663 0.000 0.078 -0.745 0.755 -0.000 0.008 -0.656 0.839 -0.000 -0.524 -0.146 0.732 -0.000 -0.058 -0.678 0.925 0.000 -0.378 0.019 
0.995 0.101 0.008 0.003 0.826 -0.000 -0.423 -0.373 0.625 0.000 0.187 -0.758 0.805 0.000 -0.522 -0.281 0.663 0.000 0.081 -0.745 0.755 0.000 0.008 -0.656 0.839 0.000 -0.525 -0.146 0.732 0.000 -0.058 -0.679 0.930 0.000 -0.368 0.019 
0.995 0.101 0.008 0.003 0.825 -0.000 -0.424 -0.373 0.625 0.000 0.186 -0.758 0.807 0.000 -0.519 -0.282 0.662 -0.000 0.082 -0.745 0.755 -0.000 0.007 -0.656 0.839 -0.000 -0.524 -0.146 0.732 -0.000 -0.058 -0.679 0.925 0.000 -0.379 0.020 
0.995 0.101 0.008 0.003 0.823 0.000 -0.429 -0.372 0.625 0.000 0.184 -0.759 0.809 0.000 -0.516 -0.282 0.662 0.000 0.085 -0.744 0.755 -0.000 0.007 -0.656 0.839 0.000 -0.524 -0.145 0.732 0.000 -0.058 -0.679 0.930 0.000 -0.368 0.019 
0.995 0.101 0.008 0.003 0.823 0.000 -0.431 -0.371 0.625 0.000 0.182 -0.759 0.811 0.000 -0.512 -0.283 0.663 0.000 0.088 -0.744 0.755 -0.000 0.007 -0.656 0.839 0.000 -0.524 -0.145 0.733 0.000 -0.059 -0.678 0.926 0.000 -0.378 0.019 
0.995 0.101 0.008 0.003 0.821 0.000 -0.434 -0.372 0.627 0.000 0.184 -0.757 0.813 0.000 -0.509 -0.284 0.663 -0.000 0.093 -0.743 0.755 0.000 0.006 -0.656 0.839 -0.000 -0.524 -0.145 0.733 0.000 -0.059 -0.678 0.930 -0.000 -0.367 0.019 
0.995 0.101 0.008 0.003 0.820 0.000 -0.437 -0.369 0.626 0.000 0.178 -0.759 0.815 -0.000 -0.505 -0.285 0.663 0.000 0.093 -0.743 0.755 0.000 0.006 -0.656 0.839 0.000 -0.525 -0.145 0.733 0.000 -0.059 -0.678 0.925 0.000 -0.379 0.019 
0.995 0.101 0.008 0.003 0.819 -0.000 -0.441 -0.368 0.626 -0.000 0.174 -0.760 0.817 -0.000 -0.501 -0.285 0.663 0.000 0.099 -0.742 0.755 0.000 0.006 -0.656 0.839 -0.000 -0.524 -0.144 0.733 -0.000 -0.059 -0.678 0.930 0.000 -0.367 0.018 
0.995 0.100 0.008 0.003 0.817 0.000 -0.445 -0.366 0.626 0.000 0.171 -0.761 0.819 0.000 -0.497 -0.286 0.663 -0.000 0.107 -0.741 0.755 0.000 0.006 -0.656 0.839 0.000 -0.525 -0.144 0.733 0.000 -0.059 -0.678 0.926 0.000 -0.378 0.020 
0.995 0.100 0.008 0.003 0.816 0.000 -0.449 -0.364 0.626 0.000 0.168 -0.761 0.821 0.000 -0.494 -0.287 0.663 0.000 0.110 -0.741 0.755 0.000 0.005 -0.656 0.839 -0.000 -0.525 -0.144 0.732 -0.000 -0.059 -0.679 0.929 0.000 -0.368 0.020 
0.995 0.100 0.007 0.003 0.814 0.000 -0.452 -0.363 0.627 0.000 0.165 -0.761 0.823 0.000 -0.490 -0.287 0.664 0.000 0.117 -0.739 0.755 0.000 0.005 -0.656 0.839 0.000 -0.525 -0.144 0.732 0.000 -0.059 -0.678 0.932 0.000 -0.362 0.017 
0.995 0.099 0.008 0.003 0.814 0.000 -0.455 -0.362 0.627 0.000 0.163 -0.761 0.825 0.000 -0.486 -0.289 0.664 -0.000 0.115 -0.738 0.755 -0.000 0.004 -0.656 0.839 -0.000 -0.525 -0.143 0.733 0.000 -0.061 -0.678 0.925 0.000 -0.379 0.020 
0.995 0.100 0.007 0.003 0.812 0.000 -0.460 -0.360 0.627 -0.000 0.157 -0.763 0.827 0.000 -0.482 -0.288 0.663 0.000 0.118 -0.740 0.755 0.000 0.004 -0.656 0.839 0.000 -0.525 -0.143 0.733 0.000 -0.060 -0.678 0.930 0.000 -0.368 0.019 
0.995 0.099 0.008 0.003 0.810 -0.000 -0.464 -0.359 0.627 -0.000 0.155 -0.763 0.830 -0.000 -0.478 -0.288 0.662 -0.000 0.120 -0.740 0.754 0.000 0.004 -0.657 0.840 0.000 -0.524 -0.141 0.733 0.000 -0.060 -0.678 0.925 -0.000 -0.378 0.020 
0.995 0.099 0.008 0.003 0.808 -0.000 -0.468 -0.357 0.627 0.000 0.151 -0.764 0.832 0.000 -0.474 -0.289 0.663 -0.000 0.122 -0.739 0.754 0.000 0.003 -0.657 0.840 0.000 -0.525 -0.140 0.732 0.000 -0.061 -0.678 0.930 -0.000 -0.368 0.020 
0.995 0.099 0.008 0.003 0.807 0.000 -0.471 -0.356 0.627 0.000 0.147 -0.765 0.834 0.000 -0.470 -0.289 0.662 0.000 0.124 -0.739 0.754 0.000 0.004 -0.656 0.839 0.000 -0.525 -0.142 0.732 0.000 -0.061 -0.678 0.925 0.000 -0.379 0.021 
0.995 0.099 0.008 0.004 0.806 0.000 -0.475 -0.353 0.627 0.000 0.143 -0.766 0.836 0.000 -0.466 -0.290 0.663 0.000 0.126 -0.738 0.754 0.000 0.003 -0.657 0.840 0.000 -0.525 -0.139 0.732 0.000 -0.061 -0.678 0.930 0.000 -0.368 0.020 
0.995 0.099 0.008 0.003 0.804 0.000 -0.480 -0.351 0.626 0.000 0.138 -0.767 0.838 0.000 -0.462 -0.290 0.663 0.000 0.129 -0.738 0.754 0.000 0.003 -0.657 0.840 0.000 -0.525 -0.140 0.733 0.000 -0.062 -0.678 0.926 0.000 -0.378 0.020 
0.995 0.098 0.008 0.003 0.802 0.000 -0.484 -0.349 0.626 0.000 0.135 -0.768 0.840 0.000 -0.458 -0.290 0.662 0.000 0.130 -0.738 0.754 0.000 0.003 -0.656 0.839 0.000 -0.525 -0.141 0.733 -0.000 -0.062 -0.678 0.930 -0.000 -0.368 0.020 
0.995 0.098 0.007 0.004 0.801 0.000 -0.489 -0.347 0.626 0.000 0.132 -0.769 0.842 0.000 -0.454 -0.290 0.663 0.000 0.132 -0.737 0.754 -0.000 0.002 -0.657 0.839 0.000 -0.525 -0.139 0.733 0.000 -0.062 -0.678 0.925 0.000 -0.379 0.021 
0.995 0.098 0.007 0.003 0.798 -0.000 -0.493 -0.345 0.627 0.000 0.129 -0.769 0.844 0.000 -0.451 -0.290 0.664 0.000 0.139 -0.735 0.754 0.000 0.002 -0.657 0.840 0.000 -0.525 -0.139 0.733 0.000 -0.063 -0.677 0.930 0.000 -0.367 0.020 
0.995 0.098 0.007 0.003 0.797 0.000 -0.498 -0.342 0.626 -0.000 0.124 -0.770 0.847 0.000 -0.446 -0.290 0.663 0.000 0.139 -0.735 0.754 0.000 0.002 -0.657 0.839 0.000 -0.526 -0.140 0.733 0.000 -0.063 -0.677 0.925 0.000 -0.379 0.021 
0.995 0.097 0.007 0.004 0.795 0.000 -0.502 -0.340 0.627 0.000 0.120 -0.770 0.848 -0.000 -0.443 -0.290 0.664 -0.000 0.139 -0.735 0.754 0.000 0.001 -0.656 0.839 0.000 -0.526 -0.140 0.733 0.000 -0.063 -0.677 0.930 0.000 -0.368 0.020 
0.995 0.097 0.007 0.004 0.793 0.000 -0.506 -0.339 0.627 -0.000 0.116 -0.770 0.850 -0.000 -0.438 -0.291 0.664 0.000 0.139 -0.734 0.754 0.000 0.001 -0.657 0.840 0.000 -0.525 -0.138 0.732 0.000 -0.063 -0.678 0.925 -0.000 -0.379 0.022 
0.995 0.097 0.007 0.004 0.791 0.000 -0.510 -0.337 0.627 -0.000 0.112 -0.771 0.852 -0.000 -0.435 -0.291 0.665 0.000 0.139 -0.734 0.754 -0.000 0.000 -0.657 0.840 0.000 -0.525 -0.138 0.733 0.000 -0.063 -0.678 0.929 0.000 -0.368 0.021 
0.995 0.096 0.007 0.004 0.790 0.000 -0.514 -0.334 0.627 0.000 0.109 -0.771 0.854 0.000 -0.431 -0.291 0.666 0.000 0.138 -0.733 0.755 0.000 0.000 -0.656 0.839 0.000 -0.526 -0.140 0.733 -0.000 -0.063 -0.678 0.925 0.000 -0.379 0.022 
0.995 0.096 0.007 0.004 0.788 0.000 -0.517 -0.334 0.628 0.000 0.106 -0.771 0.856 0.000 -0.428 -0.291 0.666 0.000 0.138 -0.733 0.755 0.000 0.000 -0.656 0.839 -0.000 -0.526 -0.140 0.733 -0.000 -0.064 -0.677 0.930 0.000 -0.368 0.021 
0.995 0.096 0.007 0.004 0.787 0.000 -0.520 -0.332 0.628 -0.000 0.101 -0.772 0.857 -0.000 -0.425 -0.290 0.666 0.000 0.136 -0.734 0.755 0.000 -0.000 -0.656 0.839 -0.000 -0.525 -0.140 0.732 0.000 -0.064 -0.678 0.925 0.000 -0.380 0.023 
0.995 0.096 0.007 0.004 0.785 0.000 -0.524 -0.331 0.629 -0.000 0.098 -0.771 0.859 -0.000 -0.422 -0.290 0.666 0.000 0.136 -0.734 0.755 0.000 -0.001 -0.656 0.840 0.000 -0.525 -0.138 0.732 0.000 -0.064 -0.678 0.929 0.000 -0.369 0.022 
0.995 0.096 0.007 0.004 0.784 -0.000 -0.527 -0.329 0.630 -0.000 0.094 -0.771 0.860 0.000 -0.420 -0.290 0.665 0.000 0.132 -0.735 0.755 0.000 -0.001 -0.655 0.839 0.000 -0.525 -0.140 0.732 0.000 -0.064 -0.678 0.925 0.000 -0.380 0.023 
0.995 0.095 0.007 0.004 0.782 0.000 -0.529 -0.328 0.630 0.000 0.090 -0.771 0.861 0.000 -0.418 -0.289 0.665 0.000 0.133 -0.735 0.756 0.000 -0.001 -0.655 0.839 0.000 -0.526 -0.140 0.732 0.000 -0.064 -0.678 0.929 0.000 -0.369 0.022 
0.995 0.095 0.006 0.004 0.781 0.000 -0.532 -0.327 0.630 0.000 0.086 -0.772 0.862 0.000 -0.416 -0.290 0.666 0.000 0.133 -0.734 0.756 0.000 -0.001 -0.655 0.839 0.000 -0.526 -0.141 0.732 0.000 -0.064 -0.678 0.925 0.000 -0.380 0.023 
0.995 0.095 0.006 0.004 0.780 0.000 -0.535 -0.326 0.631 0.000 0.082 -0.771 0.864 0.000 -0.414 -0.288 0.664 0.000 0.133 -0.736 0.756 -0.000 -0.001 -0.655 0.839 -0.000 -0.525 -0.141 0.732 -0.000 -0.065 -0.678 0.930 -0.000 -0.368 0.022 
0.995 0.095 0.006 0.004 0.779 0.000 -0.536 -0.325 0.632 0.000 0.079 -0.771 0.864 0.000 -0.412 -0.288 0.664 0.000 0.138 -0.735 0.756 0.000 -0.001 -0.654 0.839 0.000 -0.525 -0.141 0.732 0.000 -0.065 -0.678 0.925 -0.000 -0.379 0.023 
0.995 0.095 0.006 0.004 0.778 -0.000 -0.537 -0.324 0.632 0.000 0.076 -0.771 0.865 0.000 -0.411 -0.287 0.663 0.000 0.134 -0.736 0.756 0.000 -0.001 -0.654 0.839 0.000 -0.525 -0.141 0.732 0.000 -0.064 -0.678 0.929 0.000 -0.368 0.022 
0.995 0.095 0.006 0.004 0.778 -0.000 -0.538 -0.324 0.633 -0.000 0.073 -0.771 0.866 0.000 -0.411 -0.287 0.663 0.000 0.135 -0.736 0.757 0.000 -0.002 -0.654 0.839 0.000 -0.525 -0.141 0.732 0.000 -0.065 -0.679 0.925 0.000 -0.379 0.023 
0.995 0.095 0.006 0.004 0.777 -0.000 -0.539 -0.323 0.633 0.000 0.070 -0.771 0.866 0.000 -0.410 -0.286 0.663 0.000 0.140 -0.735 0.757 -0.000 -0.002 -0.654 0.839 -0.000 -0.525 -0.141 0.732 0.000 -0.065 -0.679 0.929 0.000 -0.368 0.022 
0.995 0.095 0.006 0.005 0.777 0.000 -0.540 -0.323 0.634 0.000 0.068 -0.770 0.866 0.000 -0.410 -0.286 0.662 0.000 0.140 -0.736 0.757 0.000 -0.002 -0.654 0.839 0.000 -0.525 -0.141 0.731 0.000 -0.064 -0.679 0.925 0.000 -0.380 0.024 
0.995 0.095 0.006 0.005 0.777 0.000 -0.540 -0.323 0.634 0.000 0.066 -0.770 0.866 0.000 -0.410 -0.285 0.662 0.000 0.141 -0.736 0.757 0.000 -0.002 -0.653 0.839 0.000 -0.525 -0.141 0.731 0.000 -0.064 -0.679 0.929 0.000 -0.368 0.022 
0.995 0.095 0.006 0.005 0.777 -0.000 -0.540 -0.324 0.635 0.000 0.064 -0.770 0.866 0.000 -0.411 -0.284 0.661 -0.000 0.140 -0.737 0.757 0.000 -0.002 -0.653 0.839 0.000 -0.525 -0.141 0.731 0.000 -0.064 -0.679 0.925 0.000 -0.379 0.023 
0.995 0.095 0.005 0.005 0.777 0.000 -0.539 -0.324 0.635 0.000 0.063 -0.770 0.866 0.000 -0.411 -0.284 0.660 -0.000 0.140 -0.738 0.757 0.000 -0.002 -0.654 0.839 0.000 -0.525 -0.141 0.731 0.000 -0.064 -0.679 0.929 0.000 -0.368 0.022 
0.995 0.095 0.005 0.005 0.778 -0.000 -0.538 -0.325 0.636 -0.000 0.063 -0.769 0.866 0.000 -0.412 -0.284 0.660 -0.000 0.143 -0.737 0.757 -0.000 -0.002 -0.653 0.839 0.000 -0.525 -0.142 0.731 0.000 -0.064 -0.679 0.925 0.000 -0.379 0.024 
0.995 0.095 0.005 0.005 0.778 0.000 -0.537 -0.327 0.637 0.000 0.063 -0.769 0.865 0.000 -0.414 -0.283 0.659 0.000 0.144 -0.738 0.757 0.000 -0.002 -0.653 0.839 0.000 -0.525 -0.141 0.731 0.000 -0.064 -0.679 0.929 0.000 -0.368 0.023 
0.995 0.095 0.005 0.005 0.779 0.000 -0.536 -0.327 0.637 0.000 0.062 -0.769 0.865 -0.000 -0.415 -0.282 0.659 0.000 0.145 -0.738 0.757 0.000 -0.001 -0.653 0.839 0.000 -0.525 -0.141 0.731 0.000 -0.063 -0.679 0.925 0.000 -0.380 0.024 
0.995 0.095 0.005 0.005 0.779 0.000 -0.534 -0.328 0.637 0.000 0.063 -0.768 0.864 0.000 -0.417 -0.282 0.658 0.000 0.142 -0.740 0.757 0.000 -0.002 -0.653 0.839 -0.000 -0.525 -0.141 0.731 -0.000 -0.064 -0.679 0.929 0.000 -0.368 0.022 
0.995 0.095 0.005 0.005 0.780 0.000 -0.532 -0.329 0.637 0.000 0.064 -0.769 0.863 0.000 -0.419 -0.282 0.657 0.000 0.146 -0.739 0.757 0.000 -0.001 -0.653 0.839 0.000 -0.526 -0.141 0.731 0.000 -0.064 -0.679 0.925 0.000 -0.379 0.023 
0.995 0.095 0.005 0.005 0.781 0.000 -0.530 -0.331 0.637 0.000 0.066 -0.768 0.862 0.000 -0.421 -0.281 0.657 0.000 0.143 -0.740 0.757 0.000 -0.002 -0.654 0.839 -0.000 -0.525 -0.141 0.731 -0.000 -0.064 -0.679 0.929 -0.000 -0.368 0.022 
0.995 0.096 0.006 0.005 0.782 0.000 -0.528 -0.331 0.636 0.000 0.067 -0.769 0.861 0.000 -0.424 -0.280 0.656 0.000 0.143 -0.741 0.757 -0.000 -0.001 -0.654 0.839 -0.000 -0.525 -0.141 0.732 -0.000 -0.064 -0.679 0.925 0.000 -0.379 0.023 
0.995 0.096 0.006 0.005 0.783 0.000 -0.525 -0.334 0.636 0.000 0.071 -0.768 0.860 0.000 -0.427 -0.280 0.656 -0.000 0.147 -0.741 0.756 0.000 -0.001 -0.654 0.839 0.000 -0.525 -0.141 0.732 0.000 -0.064 -0.679 0.930 -0.000 -0.368 0.022 
0.995 0.096 0.006 0.005 0.784 0.000 -0.522 -0.336 0.636 -0.000 0.073 -0.768 0.859 0.000 -0.430 -0.280 0.655 0.000 0.143 -0.742 0.756 0.000 -0.001 -0.654 0.839 -0.000 -0.526 -0.140 0.732 0.000 -0.064 -0.678 0.925 0.000 -0.379 0.022 
0.995 0.096 0.006 0.005 0.785 0.000 -0.520 -0.336 0.636 0.000 0.075 -0.768 0.857 0.000 -0.433 -0.280 0.656 0.000 0.145 -0.741 0.756 0.000 -0.001 -0.654 0.839 0.000 -0.526 -0.140 0.732 0.000 -0.064 -0.678 0.930 0.000 -0.368 0.021 
0.995 0.096 0.006 0.005 0.787 0.000 -0.517 -0.337 0.635 0.000 0.078 -0.769 0.856 0.000 -0.436 -0.279 0.654 0.000 0.142 -0.743 0.756 -0.000 -0.000 -0.655 0.839 -0.000 -0.526 -0.140 0.732 0.000 -0.063 -0.679 0.925 0.000 -0.380 0.022 
0.995 0.096 0.006 0.005 0.788 0.000 -0.514 -0.339 0.635 0.000 0.082 -0.768 0.854 0.000 -0.439 -0.278 0.655 -0.000 0.146 -0.742 0.756 0.000 -0.000 -0.655 0.839 0.000 -0.525 -0.140 0.732 0.000 -0.063 -0.678 0.929 -0.000 -0.369 0.021 
0.995 0.096 0.006 0.005 0.789 0.000 -0.510 -0.341 0.634 0.000 0.085 -0.768 0.853 0.000 -0.443 -0.278 0.655 0.000 0.146 -0.742 0.756 0.000 -0.000 -0.655 0.839 0.000 -0.526 -0.140 0.732 0.000 -0.063 -0.678 0.925 0.000 -0.379 0.022 
0.995 0.096 0.006 0.004 0.791 0.000 -0.506 -0.343 0.634 0.000 0.088 -0.768 0.851 0.000 -0.446 -0.277 0.654 0.000 0.145 -0.742 0.755 0.000 -0.000 -0.655 0.839 0.000 -0.526 -0.140 0.732 0.000 -0.063 -0.678 0.929 -0.000 -0.369 0.021 
0.995 0.096 0.006 0.004 0.792 0.000 -0.504 -0.344 0.633 0.000 0.090 -0.768 0.849 -0.000 -0.450 -0.276 0.654 -0.000 0.144 -0.743 0.755 0.000 0.000 -0.655 0.839 0.000 -0.525 -0.140 0.732 0.000 -0.063 -0.678 0.925 0.000 -0.380 0.022 
