# T   LUA LFA RUA RFA LT  LS  RT  RS  
-0.651 0.026 -0.036 -0.758 0.706 0.000 -0.700 0.108 0.969 0.000 0.013 -0.247 0.978 0.000 -0.158 -0.134 0.730 0.000 0.627 -0.273 0.638 0.000 -0.767 0.072 0.993 0.000 0.109 0.050 0.629 0.000 -0.772 0.090 0.992 0.000 0.112 0.056 
-0.651 0.026 -0.036 -0.758 0.706 0.000 -0.700 0.108 0.969 -0.000 0.013 -0.247 0.978 0.000 -0.158 -0.133 0.730 0.000 0.626 -0.275 0.638 0.000 -0.767 0.073 0.993 0.000 0.109 0.050 0.629 0.000 -0.772 0.090 0.992 0.000 0.112 0.056 
-0.651 0.026 -0.036 -0.758 0.706 0.000 -0.700 0.108 0.969 -0.000 0.013 -0.247 0.979 0.000 -0.157 -0.132 0.730 0.000 0.624 -0.278 0.638 0.000 -0.767 0.073 0.993 0.000 0.109 0.050 0.629 0.000 -0.772 0.090 0.992 0.000 0.112 0.056 
-0.651 0.026 -0.036 -0.758 0.706 -0.000 -0.700 0.108 0.969 -0.000 0.013 -0.247 0.979 0.000 -0.157 -0.131 0.731 -0.000 0.622 -0.281 0.638 -0.000 -0.767 0.072 0.993 0.000 0.109 0.051 0.629 0.000 -0.772 0.090 0.992 0.000 0.112 0.057 
-0.651 0.026 -0.036 -0.758 0.706 0.000 -0.700 0.108 0.969 0.000 0.013 -0.247 0.979 0.000 -0.157 -0.131 0.731 0.000 0.620 -0.285 0.638 -0.000 -0.766 0.073 0.993 0.000 0.108 0.050 0.629 0.000 -0.772 0.090 0.992 0.000 0.112 0.056 
-0.651 0.026 -0.036 -0.758 0.706 0.000 -0.700 0.108 0.969 0.000 0.013 -0.246 0.979 -0.000 -0.156 -0.130 0.731 -0.000 0.618 -0.288 0.638 0.000 -0.766 0.073 0.993 0.000 0.108 0.050 0.629 0.000 -0.772 0.090 0.992 0.000 0.112 0.056 
-0.651 0.026 -0.036 -0.757 0.706 0.000 -0.700 0.108 0.969 0.000 0.013 -0.246 0.979 -0.000 -0.155 -0.129 0.732 0.000 0.616 -0.291 0.638 0.000 -0.767 0.072 0.993 0.000 0.109 0.051 0.629 -0.000 -0.772 0.090 0.992 0.000 0.112 0.057 
-0.651 0.026 -0.036 -0.758 0.706 0.000 -0.700 0.108 0.969 0.000 0.013 -0.246 0.980 0.000 -0.155 -0.128 0.732 0.000 0.614 -0.295 0.638 0.000 -0.767 0.073 0.993 0.000 0.109 0.050 0.629 0.000 -0.772 0.090 0.992 0.000 0.112 0.056 
-0.651 0.026 -0.036 -0.758 0.706 0.000 -0.700 0.109 0.969 0.000 0.012 -0.246 0.980 0.000 -0.154 -0.127 0.733 0.000 0.612 -0.299 0.638 0.000 -0.767 0.073 0.993 0.000 0.109 0.051 0.629 0.000 -0.772 0.090 0.992 0.000 0.112 0.057 
-0.651 0.026 -0.036 -0.758 0.706 0.000 -0.700 0.109 0.969 0.000 0.012 -0.246 0.980 0.000 -0.153 -0.126 0.733 0.000 0.608 -0.304 0.638 0.000 -0.767 0.073 0.993 0.000 0.109 0.051 0.629 0.000 -0.772 0.090 0.992 -0.000 0.112 0.056 
-0.651 0.026 -0.036 -0.758 0.706 0.000 -0.700 0.109 0.969 0.000 0.012 -0.247 0.980 0.000 -0.153 -0.126 0.734 0.000 0.605 -0.307 0.638 0.000 -0.767 0.073 0.993 0.000 0.109 0.050 0.629 -0.000 -0.772 0.090 0.992 0.000 0.112 0.056 
-0.651 0.026 -0.036 -0.758 0.706 0.000 -0.700 0.109 0.969 -0.000 0.012 -0.246 0.980 0.000 -0.152 -0.126 0.735 0.000 0.601 -0.313 0.638 0.000 -0.767 0.072 0.993 0.000 0.109 0.051 0.629 0.000 -0.772 0.090 0.992 0.000 0.112 0.057 
-0.650 0.025 -0.036 -0.758 0.706 0.000 -0.700 0.110 0.969 0.000 0.011 -0.247 0.981 -0.000 -0.151 -0.125 0.736 0.000 0.598 -0.318 0.638 0.000 -0.766 0.073 0.993 0.000 0.108 0.050 0.629 0.000 -0.772 0.090 0.992 -0.000 0.112 0.056 
-0.650 0.025 -0.036 -0.759 0.706 0.000 -0.700 0.110 0.969 0.000 0.011 -0.246 0.981 0.000 -0.150 -0.125 0.737 -0.000 0.593 -0.324 0.638 -0.000 -0.766 0.073 0.993 -0.000 0.108 0.051 0.629 0.000 -0.772 0.090 0.992 0.000 0.112 0.056 
-0.650 0.025 -0.035 -0.758 0.706 0.000 -0.700 0.110 0.969 0.000 0.011 -0.246 0.981 0.000 -0.149 -0.123 0.737 0.000 0.590 -0.330 0.638 -0.000 -0.767 0.072 0.993 0.000 0.108 0.051 0.629 0.000 -0.772 0.090 0.992 0.000 0.112 0.056 
-0.650 0.025 -0.035 -0.759 0.706 0.000 -0.700 0.110 0.969 0.000 0.010 -0.246 0.981 0.000 -0.148 -0.122 0.738 -0.000 0.585 -0.337 0.638 0.000 -0.767 0.072 0.993 0.000 0.109 0.051 0.629 0.000 -0.772 0.089 0.992 0.000 0.112 0.056 
-0.650 0.025 -0.035 -0.759 0.706 0.000 -0.700 0.110 0.969 -0.000 0.010 -0.246 0.982 0.000 -0.147 -0.122 0.738 0.000 0.581 -0.343 0.638 -0.000 -0.767 0.072 0.993 0.000 0.109 0.051 0.629 0.000 -0.772 0.089 0.992 0.000 0.112 0.057 
-0.649 0.025 -0.035 -0.759 0.706 0.000 -0.699 0.111 0.969 0.000 0.010 -0.246 0.982 0.000 -0.145 -0.121 0.739 0.000 0.576 -0.349 0.638 0.000 -0.767 0.072 0.993 0.000 0.109 0.051 0.629 0.000 -0.772 0.089 0.992 0.000 0.112 0.056 
-0.649 0.025 -0.035 -0.759 0.706 0.000 -0.699 0.111 0.969 0.000 0.009 -0.246 0.982 0.000 -0.144 -0.121 0.740 0.000 0.572 -0.354 0.638 0.000 -0.767 0.072 0.993 0.000 0.109 0.051 0.629 0.000 -0.772 0.089 0.992 0.000 0.112 0.056 
-0.649 0.025 -0.035 -0.760 0.706 -0.000 -0.699 0.111 0.969 0.000 0.010 -0.245 0.982 0.000 -0.143 -0.121 0.741 0.000 0.567 -0.361 0.638 0.000 -0.767 0.072 0.993 0.000 0.109 0.051 0.629 0.000 -0.773 0.089 0.992 0.000 0.112 0.057 
-0.649 0.025 -0.035 -0.760 0.706 0.000 -0.699 0.111 0.969 0.000 0.009 -0.245 0.983 0.000 -0.142 -0.120 0.742 -0.000 0.561 -0.367 0.638 -0.000 -0.767 0.072 0.993 0.000 0.109 0.051 0.629 -0.000 -0.772 0.089 0.992 0.000 0.112 0.056 
-0.648 0.025 -0.035 -0.760 0.706 -0.000 -0.699 0.111 0.969 0.000 0.009 -0.245 0.983 -0.000 -0.141 -0.120 0.743 0.000 0.556 -0.372 0.638 0.000 -0.767 0.072 0.993 0.000 0.109 0.051 0.629 0.000 -0.773 0.088 0.992 0.000 0.112 0.056 
-0.648 0.025 -0.035 -0.760 0.707 0.000 -0.699 0.111 0.970 0.000 0.009 -0.245 0.983 0.000 -0.140 -0.120 0.744 0.000 0.550 -0.379 0.638 0.000 -0.767 0.072 0.993 0.000 0.109 0.051 0.629 0.000 -0.773 0.088 0.992 -0.000 0.112 0.056 
-0.648 0.024 -0.035 -0.761 0.707 -0.000 -0.699 0.111 0.969 0.000 0.009 -0.245 0.983 -0.000 -0.139 -0.120 0.745 0.000 0.545 -0.385 0.638 0.000 -0.767 0.072 0.993 0.000 0.109 0.051 0.629 -0.000 -0.773 0.088 0.992 0.000 0.112 0.057 
-0.647 0.024 -0.035 -0.761 0.707 0.000 -0.699 0.111 0.970 0.000 0.009 -0.245 0.983 0.000 -0.138 -0.119 0.746 -0.000 0.539 -0.392 0.638 0.000 -0.767 0.072 0.993 0.000 0.109 0.051 0.629 0.000 -0.773 0.087 0.992 0.000 0.113 0.057 
-0.647 0.024 -0.035 -0.761 0.707 0.000 -0.699 0.111 0.969 0.000 0.009 -0.245 0.983 0.000 -0.137 -0.119 0.747 0.000 0.533 -0.398 0.638 0.000 -0.767 0.072 0.993 0.000 0.109 0.051 0.629 0.000 -0.773 0.087 0.992 0.000 0.113 0.057 
-0.647 0.024 -0.035 -0.761 0.707 0.000 -0.699 0.111 0.970 0.000 0.009 -0.245 0.984 0.000 -0.136 -0.119 0.747 0.000 0.527 -0.404 0.638 0.000 -0.767 0.071 0.993 0.000 0.109 0.051 0.629 0.000 -0.773 0.086 0.992 0.000 0.113 0.057 
-0.646 0.024 -0.035 -0.762 0.707 0.000 -0.699 0.111 0.970 0.000 0.009 -0.245 0.984 0.000 -0.135 -0.119 0.748 -0.000 0.521 -0.411 0.638 -0.000 -0.767 0.071 0.993 0.000 0.109 0.051 0.629 0.000 -0.773 0.086 0.992 0.000 0.113 0.057 
-0.646 0.024 -0.035 -0.762 0.707 0.000 -0.699 0.111 0.970 0.000 0.009 -0.245 0.984 0.000 -0.134 -0.119 0.749 0.000 0.516 -0.416 0.638 0.000 -0.767 0.071 0.993 -0.000 0.108 0.051 0.629 0.000 -0.773 0.086 0.992 0.000 0.113 0.057 
-0.646 0.024 -0.035 -0.762 0.707 0.000 -0.699 0.111 0.970 -0.000 0.010 -0.245 0.984 0.000 -0.133 -0.119 0.749 0.000 0.511 -0.422 0.638 0.000 -0.767 0.071 0.993 -0.000 0.109 0.051 0.629 0.000 -0.773 0.086 0.992 0.000 0.113 0.057 
-0.646 0.024 -0.035 -0.762 0.707 0.000 -0.698 0.111 0.970 0.000 0.009 -0.245 0.984 0.000 -0.133 -0.119 0.749 0.000 0.506 -0.428 0.638 0.000 -0.767 0.071 0.993 0.000 0.108 0.051 0.629 0.000 -0.773 0.086 0.992 -0.000 0.113 0.057 
-0.645 0.024 -0.035 -0.763 0.707 0.000 -0.699 0.111 0.970 0.000 0.010 -0.245 0.984 0.000 -0.132 -0.119 0.749 0.000 0.501 -0.434 0.638 0.000 -0.767 0.071 0.993 0.000 0.109 0.051 0.629 0.000 -0.773 0.085 0.992 0.000 0.113 0.057 
-0.645 0.024 -0.035 -0.763 0.707 0.000 -0.699 0.111 0.969 0.000 0.010 -0.245 0.984 0.000 -0.131 -0.119 0.750 0.000 0.495 -0.439 0.638 0.000 -0.767 0.071 0.993 0.000 0.108 0.051 0.629 -0.000 -0.773 0.085 0.992 0.000 0.113 0.057 
-0.645 0.024 -0.035 -0.763 0.707 0.000 -0.698 0.111 0.970 0.000 0.010 -0.245 0.984 0.000 -0.131 -0.120 0.751 0.000 0.490 -0.444 0.638 0.000 -0.767 0.071 0.993 0.000 0.108 0.051 0.629 0.000 -0.773 0.085 0.992 0.000 0.113 0.057 
-0.645 0.023 -0.035 -0.763 0.707 0.000 -0.698 0.111 0.969 0.000 0.010 -0.245 0.984 0.000 -0.130 -0.120 0.751 0.000 0.484 -0.449 0.638 0.000 -0.767 0.071 0.993 0.000 0.108 0.051 0.629 0.000 -0.773 0.085 0.992 0.000 0.113 0.057 
-0.645 0.023 -0.035 -0.763 0.707 0.000 -0.698 0.111 0.969 0.000 0.010 -0.245 0.984 0.000 -0.129 -0.120 0.752 0.000 0.478 -0.454 0.638 0.000 -0.767 0.070 0.993 0.000 0.108 0.051 0.629 0.000 -0.773 0.084 0.992 0.000 0.113 0.057 
-0.645 0.023 -0.035 -0.763 0.707 0.000 -0.698 0.111 0.969 -0.000 0.010 -0.245 0.984 -0.000 -0.129 -0.121 0.752 0.000 0.473 -0.459 0.638 0.000 -0.767 0.070 0.993 0.000 0.108 0.051 0.629 0.000 -0.773 0.084 0.992 -0.000 0.113 0.057 
-0.645 0.023 -0.035 -0.763 0.707 0.000 -0.698 0.110 0.970 0.000 0.010 -0.245 0.984 -0.000 -0.128 -0.121 0.753 0.000 0.467 -0.464 0.638 0.000 -0.767 0.070 0.993 0.000 0.108 0.051 0.629 -0.000 -0.773 0.084 0.992 0.000 0.113 0.057 
-0.644 0.023 -0.034 -0.764 0.707 0.000 -0.698 0.110 0.970 0.000 0.010 -0.245 0.984 0.000 -0.128 -0.121 0.753 0.000 0.461 -0.469 0.638 0.000 -0.767 0.070 0.993 0.000 0.108 0.051 0.629 0.000 -0.773 0.084 0.992 0.000 0.113 0.057 
-0.644 0.023 -0.034 -0.764 0.707 0.000 -0.698 0.110 0.969 0.000 0.010 -0.245 0.984 0.000 -0.128 -0.121 0.753 0.000 0.456 -0.474 0.638 -0.000 -0.767 0.070 0.993 0.000 0.108 0.051 0.629 0.000 -0.773 0.084 0.992 0.000 0.113 0.057 
-0.644 0.023 -0.034 -0.764 0.707 0.000 -0.698 0.110 0.969 0.000 0.010 -0.245 0.984 0.000 -0.128 -0.122 0.753 0.000 0.451 -0.479 0.638 0.000 -0.767 0.070 0.993 0.000 0.108 0.051 0.629 0.000 -0.773 0.084 0.992 -0.000 0.113 0.057 
-0.644 0.023 -0.034 -0.764 0.707 0.000 -0.698 0.110 0.969 0.000 0.010 -0.245 0.984 0.000 -0.127 -0.122 0.753 0.000 0.445 -0.484 0.638 0.000 -0.767 0.070 0.993 0.000 0.108 0.051 0.629 0.000 -0.773 0.084 0.992 0.000 0.113 0.057 
-0.644 0.023 -0.034 -0.764 0.708 0.000 -0.698 0.109 0.969 0.000 0.010 -0.245 0.984 0.000 -0.127 -0.122 0.753 -0.000 0.440 -0.489 0.638 -0.000 -0.767 0.070 0.993 0.000 0.108 0.051 0.628 0.000 -0.773 0.083 0.992 0.000 0.113 0.057 
-0.644 0.023 -0.034 -0.764 0.708 0.000 -0.698 0.109 0.970 0.000 0.010 -0.245 0.984 -0.000 -0.127 -0.121 0.753 0.000 0.434 -0.495 0.638 0.000 -0.767 0.069 0.993 0.000 0.108 0.051 0.628 0.000 -0.773 0.083 0.992 -0.000 0.113 0.057 
-0.644 0.023 -0.034 -0.764 0.708 0.000 -0.698 0.109 0.969 0.000 0.010 -0.245 0.984 0.000 -0.127 -0.122 0.753 -0.000 0.429 -0.499 0.638 0.000 -0.767 0.069 0.993 0.000 0.108 0.051 0.628 0.000 -0.773 0.083 0.992 0.000 0.112 0.057 
-0.644 0.022 -0.034 -0.764 0.708 0.000 -0.698 0.109 0.969 0.000 0.010 -0.245 0.984 0.000 -0.127 -0.122 0.753 0.000 0.423 -0.504 0.638 0.000 -0.767 0.069 0.993 0.000 0.108 0.051 0.628 0.000 -0.773 0.083 0.992 0.000 0.112 0.057 
-0.644 0.022 -0.034 -0.764 0.708 0.000 -0.698 0.108 0.969 -0.000 0.010 -0.246 0.984 -0.000 -0.126 -0.123 0.753 0.000 0.418 -0.508 0.638 0.000 -0.767 0.069 0.993 0.000 0.108 0.051 0.628 0.000 -0.773 0.083 0.992 0.000 0.112 0.057 
-0.644 0.022 -0.034 -0.764 0.708 0.000 -0.698 0.108 0.969 0.000 0.010 -0.246 0.984 0.000 -0.126 -0.123 0.754 -0.000 0.412 -0.512 0.638 -0.000 -0.767 0.069 0.993 0.000 0.108 0.051 0.628 0.000 -0.774 0.082 0.992 0.000 0.112 0.057 
-0.644 0.022 -0.034 -0.764 0.708 0.000 -0.698 0.108 0.969 0.000 0.010 -0.246 0.984 0.000 -0.126 -0.123 0.754 0.000 0.407 -0.516 0.638 0.000 -0.767 0.068 0.993 0.000 0.108 0.051 0.628 0.000 -0.774 0.082 0.992 -0.000 0.113 0.057 
-0.644 0.022 -0.034 -0.764 0.708 0.000 -0.698 0.107 0.969 -0.000 0.010 -0.246 0.984 0.000 -0.125 -0.124 0.754 0.000 0.401 -0.520 0.638 0.000 -0.767 0.068 0.993 0.000 0.107 0.052 0.628 0.000 -0.774 0.081 0.992 0.000 0.112 0.057 
-0.643 0.022 -0.034 -0.764 0.708 0.000 -0.698 0.107 0.969 -0.000 0.010 -0.246 0.984 0.000 -0.125 -0.125 0.755 0.000 0.396 -0.523 0.638 0.000 -0.767 0.068 0.993 0.000 0.108 0.051 0.628 0.000 -0.774 0.081 0.992 -0.000 0.113 0.057 
-0.644 0.022 -0.033 -0.764 0.708 0.000 -0.699 0.107 0.969 0.000 0.010 -0.247 0.984 0.000 -0.124 -0.125 0.756 0.000 0.391 -0.525 0.638 0.000 -0.767 0.066 0.993 0.000 0.109 0.052 0.629 0.000 -0.774 0.080 0.992 -0.000 0.112 0.057 
-0.644 0.022 -0.033 -0.764 0.708 0.000 -0.699 0.106 0.969 0.000 0.010 -0.246 0.984 0.000 -0.124 -0.126 0.756 0.000 0.385 -0.529 0.638 0.000 -0.767 0.066 0.993 0.000 0.109 0.052 0.628 0.000 -0.774 0.080 0.992 0.000 0.112 0.057 
-0.644 0.022 -0.033 -0.764 0.707 0.000 -0.699 0.106 0.969 0.000 0.010 -0.247 0.984 -0.000 -0.123 -0.127 0.757 0.000 0.379 -0.532 0.638 0.000 -0.767 0.066 0.993 0.000 0.108 0.052 0.629 0.000 -0.774 0.079 0.992 0.000 0.112 0.058 
-0.644 0.022 -0.033 -0.764 0.707 0.000 -0.699 0.106 0.969 0.000 0.010 -0.247 0.984 0.000 -0.123 -0.127 0.757 0.000 0.374 -0.536 0.638 0.000 -0.767 0.065 0.993 0.000 0.108 0.053 0.628 0.000 -0.774 0.079 0.992 0.000 0.112 0.058 
-0.643 0.021 -0.033 -0.765 0.707 0.000 -0.699 0.106 0.969 0.000 0.010 -0.247 0.984 0.000 -0.122 -0.128 0.757 -0.000 0.368 -0.540 0.638 0.000 -0.768 0.065 0.993 0.000 0.108 0.052 0.629 0.000 -0.774 0.078 0.992 0.000 0.112 0.058 
-0.643 0.021 -0.033 -0.765 0.708 0.000 -0.699 0.105 0.969 0.000 0.010 -0.247 0.984 -0.000 -0.122 -0.128 0.758 0.000 0.362 -0.543 0.638 0.000 -0.768 0.064 0.993 0.000 0.108 0.053 0.628 0.000 -0.774 0.078 0.992 0.000 0.112 0.058 
-0.643 0.021 -0.033 -0.765 0.708 0.000 -0.699 0.105 0.969 0.000 0.010 -0.247 0.984 0.000 -0.121 -0.129 0.759 0.000 0.356 -0.546 0.638 0.000 -0.768 0.064 0.993 0.000 0.108 0.052 0.629 0.000 -0.774 0.077 0.992 0.000 0.112 0.058 
-0.643 0.021 -0.033 -0.765 0.708 0.000 -0.699 0.105 0.969 -0.000 0.010 -0.247 0.984 0.000 -0.121 -0.130 0.759 -0.000 0.349 -0.549 0.638 -0.000 -0.767 0.064 0.993 0.000 0.107 0.053 0.628 0.000 -0.774 0.077 0.992 0.000 0.112 0.058 
-0.643 0.021 -0.033 -0.765 0.707 0.000 -0.699 0.105 0.969 -0.000 0.010 -0.247 0.984 0.000 -0.120 -0.131 0.760 0.000 0.342 -0.553 0.638 0.000 -0.767 0.064 0.993 0.000 0.107 0.052 0.629 0.000 -0.774 0.077 0.992 0.000 0.112 0.058 
-0.643 0.021 -0.032 -0.765 0.708 0.000 -0.699 0.104 0.969 0.000 0.010 -0.247 0.984 0.000 -0.119 -0.131 0.761 0.000 0.335 -0.556 0.638 -0.000 -0.767 0.063 0.993 0.000 0.108 0.053 0.629 -0.000 -0.774 0.076 0.992 0.000 0.112 0.058 
-0.643 0.021 -0.032 -0.765 0.708 0.000 -0.699 0.104 0.969 0.000 0.010 -0.247 0.984 0.000 -0.119 -0.132 0.762 0.000 0.327 -0.559 0.638 0.000 -0.767 0.064 0.993 0.000 0.108 0.053 0.629 0.000 -0.774 0.077 0.992 0.000 0.112 0.058 
-0.643 0.021 -0.032 -0.765 0.708 0.000 -0.699 0.104 0.969 -0.000 0.010 -0.247 0.984 0.000 -0.118 -0.133 0.763 0.000 0.320 -0.562 0.638 0.000 -0.768 0.063 0.993 0.000 0.108 0.053 0.629 -0.000 -0.774 0.076 0.992 0.000 0.112 0.058 
-0.643 0.021 -0.032 -0.765 0.708 0.000 -0.699 0.104 0.969 0.000 0.010 -0.247 0.984 -0.000 -0.117 -0.133 0.764 -0.000 0.311 -0.566 0.638 0.000 -0.768 0.063 0.993 0.000 0.108 0.053 0.629 0.000 -0.774 0.076 0.992 0.000 0.112 0.058 
-0.643 0.021 -0.032 -0.765 0.708 0.000 -0.699 0.104 0.969 -0.000 0.010 -0.247 0.984 -0.000 -0.116 -0.134 0.765 0.000 0.304 -0.568 0.638 -0.000 -0.768 0.063 0.993 0.000 0.107 0.053 0.629 0.000 -0.774 0.075 0.992 0.000 0.112 0.058 
-0.643 0.021 -0.032 -0.765 0.708 0.000 -0.699 0.104 0.969 0.000 0.010 -0.247 0.984 0.000 -0.115 -0.134 0.766 0.000 0.295 -0.572 0.638 -0.000 -0.768 0.063 0.993 0.000 0.108 0.053 0.629 0.000 -0.774 0.075 0.992 0.000 0.112 0.058 
-0.643 0.021 -0.032 -0.765 0.708 0.000 -0.699 0.104 0.969 0.000 0.010 -0.248 0.984 0.000 -0.114 -0.135 0.768 -0.000 0.286 -0.574 0.638 -0.000 -0.768 0.063 0.993 0.000 0.108 0.052 0.629 -0.000 -0.774 0.075 0.992 0.000 0.112 0.058 
-0.642 0.020 -0.032 -0.765 0.708 0.000 -0.699 0.104 0.969 0.000 0.010 -0.248 0.984 0.000 -0.113 -0.136 0.769 0.000 0.278 -0.576 0.638 0.000 -0.768 0.062 0.993 0.000 0.108 0.052 0.629 0.000 -0.774 0.075 0.992 0.000 0.112 0.058 
-0.642 0.021 -0.032 -0.765 0.708 0.000 -0.699 0.103 0.969 0.000 0.011 -0.247 0.984 0.000 -0.112 -0.136 0.769 0.000 0.269 -0.579 0.638 0.000 -0.768 0.062 0.993 0.000 0.108 0.052 0.629 0.000 -0.774 0.075 0.992 0.000 0.112 0.058 
-0.642 0.020 -0.032 -0.765 0.707 -0.000 -0.699 0.103 0.969 0.000 0.011 -0.247 0.984 0.000 -0.110 -0.137 0.771 -0.000 0.259 -0.582 0.638 0.000 -0.768 0.062 0.993 0.000 0.107 0.053 0.629 0.000 -0.774 0.075 0.992 0.000 0.112 0.058 
-0.642 0.020 -0.032 -0.766 0.708 0.000 -0.699 0.103 0.969 0.000 0.011 -0.248 0.984 0.000 -0.109 -0.138 0.772 0.000 0.250 -0.585 0.638 0.000 -0.768 0.062 0.993 0.000 0.108 0.052 0.629 -0.000 -0.774 0.075 0.992 0.000 0.112 0.058 
-0.642 0.020 -0.032 -0.766 0.708 0.000 -0.699 0.104 0.969 0.000 0.011 -0.248 0.984 0.000 -0.107 -0.139 0.773 0.000 0.240 -0.587 0.638 0.000 -0.768 0.062 0.993 0.000 0.108 0.052 0.629 0.000 -0.774 0.074 0.992 0.000 0.112 0.058 
-0.642 0.020 -0.032 -0.766 0.708 -0.000 -0.699 0.103 0.969 0.000 0.011 -0.248 0.984 0.000 -0.106 -0.140 0.775 0.000 0.230 -0.589 0.638 -0.000 -0.768 0.062 0.993 0.000 0.108 0.052 0.629 0.000 -0.774 0.074 0.992 0.000 0.112 0.058 
-0.642 0.020 -0.032 -0.766 0.708 0.000 -0.699 0.103 0.969 0.000 0.011 -0.248 0.985 0.000 -0.104 -0.141 0.776 0.000 0.220 -0.591 0.638 -0.000 -0.768 0.062 0.993 0.000 0.108 0.052 0.629 0.000 -0.774 0.074 0.992 -0.000 0.112 0.058 
-0.642 0.020 -0.032 -0.766 0.708 -0.000 -0.699 0.104 0.969 0.000 0.011 -0.248 0.985 0.000 -0.102 -0.142 0.778 0.000 0.209 -0.593 0.638 0.000 -0.768 0.062 0.993 0.000 0.108 0.052 0.629 0.000 -0.774 0.074 0.992 -0.000 0.112 0.058 
-0.642 0.020 -0.032 -0.766 0.708 -0.000 -0.699 0.104 0.969 0.000 0.011 -0.249 0.985 0.000 -0.100 -0.143 0.780 0.000 0.198 -0.594 0.638 0.000 -0.768 0.062 0.993 0.000 0.108 0.052 0.629 -0.000 -0.774 0.074 0.992 0.000 0.112 0.058 
-0.642 0.020 -0.032 -0.766 0.708 0.000 -0.699 0.104 0.969 0.000 0.011 -0.249 0.985 0.000 -0.099 -0.145 0.781 0.000 0.187 -0.595 0.638 0.000 -0.768 0.061 0.993 0.000 0.108 0.052 0.629 0.000 -0.774 0.074 0.992 0.000 0.112 0.058 
-0.642 0.020 -0.032 -0.766 0.708 0.000 -0.699 0.105 0.968 0.000 0.011 -0.249 0.985 0.000 -0.097 -0.145 0.783 0.000 0.176 -0.597 0.638 0.000 -0.768 0.061 0.993 0.000 0.108 0.052 0.629 0.000 -0.774 0.074 0.992 0.000 0.112 0.058 
-0.641 0.020 -0.032 -0.766 0.708 0.000 -0.699 0.105 0.968 0.000 0.010 -0.249 0.985 0.000 -0.095 -0.146 0.785 0.000 0.165 -0.598 0.638 0.000 -0.768 0.061 0.993 0.000 0.107 0.052 0.629 0.000 -0.774 0.073 0.992 -0.000 0.112 0.058 
-0.641 0.020 -0.032 -0.766 0.708 0.000 -0.699 0.105 0.968 0.000 0.011 -0.249 0.985 0.000 -0.093 -0.148 0.786 0.000 0.154 -0.598 0.638 0.000 -0.768 0.061 0.993 0.000 0.108 0.052 0.629 0.000 -0.774 0.073 0.992 -0.000 0.112 0.058 
-0.641 0.020 -0.032 -0.766 0.708 0.000 -0.699 0.105 0.968 0.000 0.011 -0.249 0.985 0.000 -0.092 -0.149 0.788 0.000 0.143 -0.599 0.638 0.000 -0.768 0.061 0.993 -0.000 0.107 0.052 0.629 0.000 -0.774 0.073 0.992 0.000 0.112 0.058 
-0.641 0.020 -0.032 -0.766 0.708 0.000 -0.699 0.106 0.968 -0.000 0.010 -0.249 0.985 0.000 -0.090 -0.150 0.790 -0.000 0.132 -0.599 0.638 0.000 -0.768 0.061 0.993 0.000 0.107 0.053 0.629 0.000 -0.774 0.073 0.992 0.000 0.112 0.058 
-0.641 0.020 -0.032 -0.767 0.708 0.000 -0.699 0.106 0.968 0.000 0.010 -0.250 0.985 -0.000 -0.088 -0.151 0.791 0.000 0.122 -0.600 0.638 0.000 -0.768 0.061 0.993 0.000 0.107 0.053 0.629 0.000 -0.774 0.072 0.992 0.000 0.112 0.058 
-0.641 0.020 -0.032 -0.767 0.708 0.000 -0.699 0.106 0.968 0.000 0.010 -0.250 0.985 -0.000 -0.087 -0.152 0.792 0.000 0.111 -0.600 0.638 -0.000 -0.768 0.061 0.993 0.000 0.107 0.053 0.629 0.000 -0.774 0.072 0.992 0.000 0.112 0.058 
-0.641 0.020 -0.032 -0.767 0.708 0.000 -0.699 0.106 0.968 0.000 0.010 -0.249 0.985 0.000 -0.085 -0.153 0.793 0.000 0.101 -0.600 0.638 0.000 -0.768 0.060 0.993 0.000 0.107 0.053 0.629 0.000 -0.774 0.072 0.992 0.000 0.112 0.058 
-0.641 0.020 -0.032 -0.767 0.708 0.000 -0.699 0.106 0.968 0.000 0.010 -0.249 0.985 0.000 -0.084 -0.153 0.795 0.000 0.090 -0.600 0.638 0.000 -0.768 0.060 0.993 0.000 0.107 0.053 0.629 -0.000 -0.774 0.072 0.992 0.000 0.112 0.059 
-0.641 0.020 -0.032 -0.767 0.708 0.000 -0.699 0.106 0.969 0.000 0.010 -0.249 0.985 0.000 -0.083 -0.155 0.796 -0.000 0.079 -0.600 0.638 -0.000 -0.768 0.060 0.993 -0.000 0.108 0.053 0.629 0.000 -0.774 0.072 0.992 -0.000 0.112 0.059 
-0.641 0.020 -0.032 -0.767 0.708 0.000 -0.698 0.106 0.969 0.000 0.010 -0.249 0.984 -0.000 -0.081 -0.156 0.797 0.000 0.068 -0.600 0.638 0.000 -0.768 0.061 0.993 0.000 0.107 0.053 0.629 0.000 -0.774 0.072 0.992 0.000 0.112 0.059 
-0.640 0.020 -0.032 -0.767 0.708 0.000 -0.698 0.107 0.969 0.000 0.010 -0.248 0.984 -0.000 -0.080 -0.158 0.799 0.000 0.056 -0.599 0.638 0.000 -0.767 0.062 0.993 0.000 0.107 0.052 0.628 0.000 -0.774 0.073 0.992 0.000 0.112 0.058 
-0.640 0.020 -0.033 -0.767 0.708 0.000 -0.698 0.107 0.969 0.000 0.011 -0.248 0.984 0.000 -0.079 -0.159 0.801 0.000 0.044 -0.597 0.638 0.000 -0.767 0.062 0.993 -0.000 0.107 0.052 0.628 0.000 -0.775 0.073 0.992 -0.000 0.112 0.058 
-0.640 0.020 -0.033 -0.767 0.708 -0.000 -0.698 0.107 0.969 -0.000 0.011 -0.248 0.984 0.000 -0.077 -0.160 0.802 -0.000 0.032 -0.596 0.638 0.000 -0.767 0.062 0.993 0.000 0.107 0.052 0.628 0.000 -0.775 0.073 0.992 0.000 0.113 0.059 
-0.640 0.020 -0.033 -0.767 0.708 0.000 -0.698 0.107 0.969 0.000 0.011 -0.248 0.984 -0.000 -0.074 -0.162 0.803 0.000 0.019 -0.595 0.638 0.000 -0.767 0.062 0.993 0.000 0.107 0.052 0.628 0.000 -0.775 0.073 0.992 0.000 0.112 0.058 
-0.640 0.020 -0.033 -0.767 0.708 0.000 -0.698 0.108 0.969 0.000 0.011 -0.248 0.984 0.000 -0.073 -0.163 0.805 -0.000 0.007 -0.594 0.638 0.000 -0.767 0.063 0.993 -0.000 0.107 0.052 0.628 0.000 -0.775 0.073 0.992 0.000 0.112 0.059 
-0.640 0.020 -0.033 -0.767 0.708 0.000 -0.698 0.108 0.969 -0.000 0.011 -0.247 0.984 0.000 -0.071 -0.164 0.806 0.000 -0.004 -0.592 0.638 -0.000 -0.767 0.063 0.993 -0.000 0.108 0.052 0.628 0.000 -0.775 0.073 0.992 0.000 0.112 0.058 
-0.640 0.020 -0.033 -0.767 0.708 0.000 -0.698 0.108 0.969 0.000 0.011 -0.248 0.984 0.000 -0.070 -0.166 0.808 0.000 -0.015 -0.590 0.638 -0.000 -0.767 0.063 0.993 0.000 0.108 0.052 0.628 0.000 -0.775 0.073 0.992 0.000 0.112 0.058 
-0.640 0.020 -0.033 -0.767 0.708 0.000 -0.698 0.109 0.969 0.000 0.010 -0.248 0.984 0.000 -0.068 -0.167 0.809 0.000 -0.026 -0.587 0.638 0.000 -0.767 0.063 0.993 0.000 0.107 0.052 0.628 0.000 -0.774 0.073 0.992 -0.000 0.112 0.058 
-0.640 0.020 -0.033 -0.767 0.708 0.000 -0.698 0.109 0.969 0.000 0.010 -0.248 0.983 0.000 -0.067 -0.169 0.810 -0.000 -0.037 -0.585 0.638 -0.000 -0.767 0.063 0.993 0.000 0.108 0.052 0.628 0.000 -0.775 0.073 0.992 0.000 0.112 0.058 
-0.641 0.020 -0.033 -0.767 0.708 0.000 -0.698 0.110 0.969 0.000 0.010 -0.248 0.983 0.000 -0.065 -0.171 0.812 0.000 -0.049 -0.582 0.638 0.000 -0.767 0.062 0.993 0.000 0.108 0.052 0.628 0.000 -0.775 0.073 0.992 0.000 0.112 0.058 
-0.641 0.020 -0.033 -0.767 0.708 0.000 -0.698 0.110 0.969 0.000 0.010 -0.248 0.983 0.000 -0.063 -0.173 0.814 0.000 -0.058 -0.578 0.638 0.000 -0.767 0.062 0.993 0.000 0.108 0.052 0.628 0.000 -0.775 0.073 0.992 0.000 0.112 0.058 
-0.641 0.020 -0.033 -0.767 0.708 0.000 -0.698 0.111 0.969 0.000 0.009 -0.248 0.983 0.000 -0.061 -0.174 0.815 0.000 -0.071 -0.575 0.638 0.000 -0.767 0.062 0.993 -0.000 0.108 0.052 0.628 -0.000 -0.775 0.074 0.992 0.000 0.112 0.058 
-0.641 0.021 -0.033 -0.767 0.707 0.000 -0.698 0.111 0.969 -0.000 0.010 -0.248 0.983 0.000 -0.060 -0.176 0.816 -0.000 -0.084 -0.572 0.638 0.000 -0.767 0.062 0.993 0.000 0.108 0.052 0.628 0.000 -0.775 0.073 0.992 0.000 0.112 0.059 
-0.641 0.021 -0.033 -0.767 0.707 0.000 -0.698 0.111 0.969 0.000 0.009 -0.248 0.982 0.000 -0.058 -0.178 0.818 0.000 -0.096 -0.568 0.638 0.000 -0.767 0.062 0.993 0.000 0.107 0.052 0.628 0.000 -0.775 0.073 0.992 0.000 0.112 0.059 
-0.641 0.021 -0.033 -0.767 0.707 0.000 -0.698 0.112 0.969 -0.000 0.009 -0.248 0.982 -0.000 -0.056 -0.180 0.819 -0.000 -0.108 -0.564 0.638 -0.000 -0.767 0.062 0.993 0.000 0.108 0.052 0.628 0.000 -0.775 0.073 0.992 0.000 0.112 0.058 
-0.641 0.021 -0.033 -0.766 0.707 0.000 -0.698 0.112 0.969 0.000 0.009 -0.248 0.982 0.000 -0.055 -0.182 0.820 0.000 -0.119 -0.560 0.638 0.000 -0.767 0.062 0.993 0.000 0.108 0.052 0.628 -0.000 -0.775 0.074 0.992 0.000 0.112 0.058 
-0.641 0.021 -0.033 -0.766 0.708 0.000 -0.698 0.112 0.969 0.000 0.009 -0.247 0.982 0.000 -0.054 -0.184 0.821 0.000 -0.129 -0.556 0.638 0.000 -0.767 0.062 0.993 -0.000 0.108 0.052 0.628 0.000 -0.775 0.073 0.992 0.000 0.112 0.059 
-0.641 0.021 -0.033 -0.766 0.708 0.000 -0.698 0.112 0.969 0.000 0.008 -0.247 0.981 -0.000 -0.053 -0.185 0.823 0.000 -0.139 -0.551 0.638 0.000 -0.767 0.062 0.993 0.000 0.108 0.052 0.628 0.000 -0.775 0.074 0.992 0.000 0.112 0.058 
-0.642 0.021 -0.033 -0.766 0.708 0.000 -0.698 0.112 0.969 0.000 0.009 -0.247 0.981 0.000 -0.052 -0.187 0.823 0.000 -0.149 -0.548 0.638 0.000 -0.767 0.062 0.993 -0.000 0.108 0.052 0.628 0.000 -0.775 0.074 0.992 0.000 0.112 0.059 
-0.642 0.021 -0.033 -0.766 0.708 0.000 -0.698 0.112 0.969 0.000 0.008 -0.247 0.981 0.000 -0.051 -0.188 0.823 -0.000 -0.159 -0.545 0.638 0.000 -0.767 0.062 0.993 0.000 0.108 0.053 0.628 0.000 -0.775 0.074 0.992 0.000 0.112 0.059 
-0.642 0.021 -0.033 -0.766 0.708 0.000 -0.698 0.112 0.969 0.000 0.009 -0.246 0.981 0.000 -0.050 -0.189 0.824 -0.000 -0.168 -0.541 0.638 0.000 -0.767 0.061 0.993 0.000 0.108 0.053 0.628 0.000 -0.774 0.073 0.992 0.000 0.112 0.059 
-0.642 0.021 -0.033 -0.766 0.708 -0.000 -0.698 0.113 0.969 0.000 0.008 -0.247 0.980 0.000 -0.049 -0.191 0.825 -0.000 -0.176 -0.537 0.638 0.000 -0.767 0.061 0.993 0.000 0.107 0.053 0.628 0.000 -0.774 0.074 0.992 -0.000 0.112 0.059 
-0.642 0.021 -0.033 -0.766 0.707 0.000 -0.698 0.113 0.969 0.000 0.009 -0.246 0.980 0.000 -0.049 -0.192 0.825 0.000 -0.184 -0.534 0.638 0.000 -0.767 0.061 0.993 0.000 0.108 0.053 0.628 0.000 -0.774 0.073 0.992 0.000 0.112 0.059 
-0.642 0.021 -0.033 -0.766 0.707 0.000 -0.698 0.113 0.969 -0.000 0.009 -0.246 0.980 0.000 -0.048 -0.193 0.826 0.000 -0.192 -0.530 0.638 0.000 -0.768 0.061 0.993 0.000 0.107 0.053 0.628 0.000 -0.774 0.074 0.992 0.000 0.112 0.058 
-0.642 0.021 -0.033 -0.765 0.707 0.000 -0.698 0.113 0.969 -0.000 0.008 -0.246 0.980 0.000 -0.048 -0.195 0.826 0.000 -0.199 -0.527 0.638 -0.000 -0.768 0.061 0.993 0.000 0.108 0.053 0.628 0.000 -0.774 0.074 0.992 0.000 0.112 0.058 
-0.642 0.021 -0.033 -0.765 0.707 0.000 -0.698 0.113 0.969 0.000 0.009 -0.246 0.979 0.000 -0.048 -0.196 0.827 0.000 -0.206 -0.523 0.638 0.000 -0.768 0.061 0.993 0.000 0.108 0.053 0.628 0.000 -0.774 0.074 0.992 0.000 0.112 0.059 
-0.642 0.021 -0.033 -0.765 0.707 0.000 -0.698 0.113 0.969 0.000 0.009 -0.245 0.979 0.000 -0.048 -0.197 0.827 0.000 -0.212 -0.520 0.638 0.000 -0.768 0.061 0.993 0.000 0.108 0.053 0.628 0.000 -0.774 0.074 0.992 0.000 0.112 0.059 
-0.643 0.021 -0.033 -0.765 0.707 0.000 -0.698 0.113 0.969 0.000 0.009 -0.246 0.979 0.000 -0.048 -0.198 0.828 0.000 -0.218 -0.517 0.638 0.000 -0.768 0.061 0.993 0.000 0.108 0.053 0.628 -0.000 -0.774 0.074 0.992 0.000 0.112 0.059 
-0.643 0.022 -0.033 -0.765 0.707 0.000 -0.698 0.114 0.969 0.000 0.009 -0.246 0.979 0.000 -0.049 -0.199 0.828 0.000 -0.223 -0.514 0.638 0.000 -0.767 0.062 0.993 0.000 0.108 0.053 0.628 0.000 -0.774 0.074 0.992 0.000 0.112 0.059 
-0.643 0.022 -0.033 -0.765 0.707 0.000 -0.698 0.114 0.969 0.000 0.009 -0.246 0.979 0.000 -0.049 -0.199 0.828 0.000 -0.228 -0.513 0.638 -0.000 -0.768 0.062 0.993 -0.000 0.108 0.053 0.628 -0.000 -0.774 0.075 0.992 0.000 0.112 0.058 
-0.643 0.022 -0.033 -0.765 0.707 0.000 -0.698 0.114 0.969 -0.000 0.009 -0.246 0.979 0.000 -0.049 -0.199 0.827 0.000 -0.233 -0.511 0.638 0.000 -0.768 0.062 0.993 0.000 0.108 0.053 0.628 0.000 -0.774 0.075 0.992 0.000 0.112 0.058 
-0.643 0.022 -0.033 -0.765 0.707 0.000 -0.698 0.114 0.969 0.000 0.009 -0.246 0.979 0.000 -0.050 -0.199 0.827 0.000 -0.237 -0.509 0.638 0.000 -0.768 0.061 0.993 -0.000 0.108 0.053 0.628 -0.000 -0.774 0.075 0.992 0.000 0.112 0.058 
-0.643 0.022 -0.033 -0.765 0.707 0.000 -0.698 0.114 0.969 0.000 0.009 -0.246 0.979 0.000 -0.050 -0.200 0.828 0.000 -0.240 -0.507 0.638 0.000 -0.768 0.062 0.993 0.000 0.108 0.053 0.629 -0.000 -0.774 0.075 0.992 0.000 0.112 0.058 
-0.643 0.022 -0.033 -0.765 0.707 0.000 -0.698 0.114 0.969 0.000 0.009 -0.246 0.978 0.000 -0.051 -0.200 0.828 0.000 -0.243 -0.506 0.638 0.000 -0.768 0.062 0.993 0.000 0.108 0.053 0.628 0.000 -0.774 0.075 0.992 0.000 0.112 0.058 
-0.643 0.022 -0.034 -0.765 0.707 0.000 -0.698 0.115 0.969 0.000 0.009 -0.246 0.978 0.000 -0.051 -0.200 0.828 0.000 -0.245 -0.505 0.638 0.000 -0.768 0.062 0.993 0.000 0.108 0.053 0.628 0.000 -0.774 0.075 0.992 0.000 0.112 0.058 
-0.643 0.022 -0.034 -0.765 0.707 -0.000 -0.698 0.115 0.969 0.000 0.009 -0.246 0.978 0.000 -0.052 -0.201 0.828 0.000 -0.247 -0.503 0.638 0.000 -0.768 0.062 0.993 0.000 0.108 0.053 0.628 0.000 -0.774 0.075 0.992 -0.000 0.112 0.059 
-0.643 0.022 -0.034 -0.764 0.707 0.000 -0.698 0.115 0.969 -0.000 0.009 -0.246 0.978 0.000 -0.052 -0.200 0.828 0.000 -0.249 -0.503 0.638 -0.000 -0.768 0.062 0.993 0.000 0.108 0.053 0.628 0.000 -0.774 0.075 0.992 0.000 0.112 0.058 
-0.643 0.022 -0.034 -0.764 0.707 0.000 -0.698 0.115 0.969 0.000 0.009 -0.246 0.978 0.000 -0.053 -0.200 0.828 0.000 -0.250 -0.502 0.638 0.000 -0.768 0.061 0.993 0.000 0.108 0.053 0.628 0.000 -0.774 0.075 0.992 0.000 0.112 0.059 
-0.643 0.022 -0.034 -0.764 0.707 -0.000 -0.698 0.115 0.969 -0.000 0.009 -0.246 0.978 0.000 -0.054 -0.200 0.828 0.000 -0.251 -0.501 0.638 0.000 -0.768 0.062 0.993 0.000 0.107 0.054 0.629 0.000 -0.774 0.075 0.992 0.000 0.112 0.059 
-0.643 0.023 -0.034 -0.764 0.707 0.000 -0.698 0.115 0.969 0.000 0.009 -0.246 0.978 0.000 -0.054 -0.200 0.828 0.000 -0.251 -0.501 0.638 0.000 -0.768 0.062 0.993 -0.000 0.108 0.053 0.629 0.000 -0.774 0.075 0.992 0.000 0.112 0.059 
-0.644 0.023 -0.034 -0.764 0.707 0.000 -0.698 0.114 0.969 0.000 0.009 -0.246 0.978 0.000 -0.055 -0.200 0.828 0.000 -0.252 -0.500 0.638 0.000 -0.768 0.062 0.993 0.000 0.108 0.053 0.628 0.000 -0.774 0.075 0.992 0.000 0.112 0.059 
-0.644 0.023 -0.034 -0.764 0.707 -0.000 -0.698 0.115 0.969 0.000 0.009 -0.246 0.978 0.000 -0.056 -0.200 0.829 0.000 -0.252 -0.500 0.638 0.000 -0.768 0.061 0.993 0.000 0.107 0.054 0.628 0.000 -0.774 0.075 0.992 0.000 0.112 0.059 
-0.644 0.023 -0.034 -0.764 0.707 0.000 -0.698 0.114 0.969 0.000 0.009 -0.245 0.978 0.000 -0.056 -0.199 0.829 -0.000 -0.251 -0.500 0.638 0.000 -0.768 0.062 0.993 0.000 0.108 0.054 0.628 -0.000 -0.774 0.075 0.992 0.000 0.112 0.059 
-0.644 0.023 -0.034 -0.764 0.707 0.000 -0.698 0.114 0.969 0.000 0.009 -0.245 0.978 0.000 -0.057 -0.199 0.829 0.000 -0.251 -0.500 0.638 0.000 -0.768 0.062 0.993 0.000 0.108 0.054 0.628 -0.000 -0.774 0.075 0.992 0.000 0.112 0.059 
-0.644 0.023 -0.034 -0.764 0.707 0.000 -0.698 0.114 0.969 0.000 0.009 -0.246 0.978 0.000 -0.057 -0.199 0.829 0.000 -0.250 -0.500 0.638 0.000 -0.768 0.061 0.993 -0.000 0.108 0.054 0.628 0.000 -0.774 0.075 0.992 0.000 0.112 0.059 
-0.644 0.023 -0.034 -0.764 0.707 0.000 -0.698 0.115 0.969 0.000 0.009 -0.246 0.978 0.000 -0.058 -0.199 0.829 0.000 -0.250 -0.500 0.638 0.000 -0.768 0.061 0.993 0.000 0.108 0.054 0.628 -0.000 -0.774 0.075 0.992 -0.000 0.112 0.060 
-0.644 0.023 -0.034 -0.764 0.706 0.000 -0.698 0.114 0.969 0.000 0.009 -0.246 0.978 0.000 -0.058 -0.198 0.829 0.000 -0.249 -0.500 0.638 0.000 -0.768 0.061 0.993 0.000 0.108 0.054 0.629 -0.000 -0.774 0.075 0.992 0.000 0.112 0.060 
-0.644 0.023 -0.034 -0.764 0.707 0.000 -0.698 0.114 0.969 0.000 0.009 -0.246 0.978 0.000 -0.058 -0.198 0.830 0.000 -0.248 -0.500 0.638 0.000 -0.768 0.061 0.993 0.000 0.108 0.054 0.628 0.000 -0.774 0.075 0.992 -0.000 0.112 0.060 
-0.644 0.023 -0.034 -0.764 0.707 0.000 -0.698 0.114 0.969 0.000 0.009 -0.246 0.979 -0.000 -0.058 -0.198 0.830 -0.000 -0.248 -0.501 0.638 -0.000 -0.768 0.061 0.993 0.000 0.108 0.054 0.629 0.000 -0.774 0.075 0.992 0.000 0.112 0.060 
-0.644 0.023 -0.034 -0.764 0.707 -0.000 -0.698 0.114 0.969 0.000 0.009 -0.246 0.979 0.000 -0.059 -0.197 0.830 0.000 -0.247 -0.501 0.638 0.000 -0.768 0.061 0.993 0.000 0.108 0.054 0.629 -0.000 -0.774 0.075 0.992 0.000 0.112 0.060 
-0.645 0.023 -0.034 -0.763 0.707 0.000 -0.698 0.114 0.969 0.000 0.009 -0.246 0.979 0.000 -0.059 -0.197 0.830 -0.000 -0.246 -0.501 0.638 0.000 -0.768 0.061 0.993 0.000 0.108 0.054 0.629 0.000 -0.774 0.075 0.992 0.000 0.112 0.060 
-0.645 0.023 -0.034 -0.763 0.707 0.000 -0.698 0.114 0.969 0.000 0.008 -0.247 0.979 -0.000 -0.059 -0.196 0.830 0.000 -0.245 -0.501 0.638 0.000 -0.768 0.061 0.993 0.000 0.108 0.055 0.628 -0.000 -0.774 0.075 0.992 0.000 0.112 0.060 
-0.645 0.023 -0.034 -0.763 0.707 0.000 -0.698 0.114 0.969 -0.000 0.009 -0.247 0.979 0.000 -0.059 -0.196 0.830 0.000 -0.244 -0.502 0.638 0.000 -0.768 0.061 0.993 0.000 0.108 0.054 0.629 -0.000 -0.774 0.075 0.992 0.000 0.112 0.060 
-0.645 0.023 -0.034 -0.763 0.707 0.000 -0.698 0.114 0.969 0.000 0.008 -0.247 0.979 0.000 -0.059 -0.195 0.830 -0.000 -0.244 -0.502 0.638 0.000 -0.768 0.061 0.993 0.000 0.108 0.055 0.628 -0.000 -0.774 0.075 0.992 0.000 0.112 0.061 
-0.645 0.023 -0.034 -0.763 0.707 -0.000 -0.698 0.114 0.969 0.000 0.009 -0.247 0.979 0.000 -0.059 -0.195 0.830 0.000 -0.243 -0.502 0.638 0.000 -0.768 0.061 0.993 0.000 0.108 0.055 0.628 0.000 -0.774 0.075 0.992 0.000 0.112 0.061 
-0.645 0.023 -0.034 -0.763 0.707 0.000 -0.698 0.113 0.969 0.000 0.009 -0.246 0.979 0.000 -0.059 -0.194 0.830 0.000 -0.243 -0.503 0.638 -0.000 -0.768 0.061 0.993 0.000 0.108 0.055 0.629 0.000 -0.774 0.075 0.992 0.000 0.112 0.061 
-0.645 0.024 -0.034 -0.763 0.707 0.000 -0.698 0.113 0.969 0.000 0.009 -0.246 0.979 0.000 -0.058 -0.194 0.830 -0.000 -0.242 -0.503 0.638 0.000 -0.768 0.061 0.993 0.000 0.109 0.055 0.629 0.000 -0.774 0.075 0.992 0.000 0.112 0.060 
-0.646 0.024 -0.034 -0.763 0.707 0.000 -0.698 0.113 0.969 -0.000 0.009 -0.246 0.979 -0.000 -0.058 -0.193 0.830 0.000 -0.242 -0.503 0.638 -0.000 -0.768 0.061 0.993 0.000 0.109 0.055 0.629 -0.000 -0.774 0.075 0.992 0.000 0.112 0.061 
-0.646 0.024 -0.034 -0.762 0.707 0.000 -0.698 0.113 0.969 0.000 0.009 -0.247 0.979 0.000 -0.058 -0.193 0.830 0.000 -0.242 -0.503 0.638 0.000 -0.768 0.061 0.993 0.000 0.109 0.055 0.629 0.000 -0.774 0.075 0.992 0.000 0.112 0.061 
-0.646 0.024 -0.035 -0.762 0.707 0.000 -0.698 0.113 0.969 -0.000 0.009 -0.247 0.980 0.000 -0.057 -0.193 0.830 0.000 -0.242 -0.502 0.638 0.000 -0.768 0.061 0.993 0.000 0.108 0.055 0.629 -0.000 -0.774 0.075 0.992 0.000 0.112 0.061 
-0.646 0.024 -0.035 -0.762 0.707 0.000 -0.698 0.113 0.969 0.000 0.009 -0.247 0.980 0.000 -0.057 -0.193 0.830 0.000 -0.242 -0.502 0.638 0.000 -0.768 0.061 0.993 0.000 0.109 0.055 0.629 -0.000 -0.774 0.075 0.992 -0.000 0.112 0.061 
-0.646 0.024 -0.035 -0.762 0.707 0.000 -0.698 0.113 0.969 0.000 0.009 -0.247 0.980 0.000 -0.056 -0.193 0.830 0.000 -0.242 -0.503 0.638 0.000 -0.768 0.061 0.993 0.000 0.109 0.055 0.629 0.000 -0.774 0.075 0.992 0.000 0.112 0.061 
-0.646 0.024 -0.035 -0.762 0.707 0.000 -0.698 0.112 0.969 0.000 0.009 -0.247 0.980 0.000 -0.056 -0.192 0.830 0.000 -0.241 -0.503 0.638 0.000 -0.768 0.060 0.993 0.000 0.109 0.055 0.629 0.000 -0.774 0.075 0.992 0.000 0.112 0.061 
-0.647 0.024 -0.035 -0.762 0.707 0.000 -0.698 0.112 0.969 -0.000 0.009 -0.247 0.980 0.000 -0.055 -0.192 0.830 0.000 -0.241 -0.503 0.638 0.000 -0.768 0.060 0.993 0.000 0.109 0.055 0.629 0.000 -0.774 0.075 0.992 0.000 0.112 0.061 
-0.647 0.024 -0.035 -0.761 0.707 0.000 -0.698 0.112 0.969 0.000 0.009 -0.247 0.980 -0.000 -0.055 -0.191 0.830 0.000 -0.240 -0.504 0.638 0.000 -0.768 0.060 0.993 0.000 0.109 0.055 0.629 0.000 -0.774 0.076 0.992 0.000 0.112 0.061 
-0.647 0.024 -0.035 -0.761 0.707 -0.000 -0.698 0.112 0.969 -0.000 0.009 -0.247 0.980 0.000 -0.054 -0.191 0.830 0.000 -0.239 -0.505 0.637 0.000 -0.768 0.060 0.993 0.000 0.109 0.055 0.629 0.000 -0.774 0.076 0.992 0.000 0.112 0.061 
-0.647 0.024 -0.035 -0.761 0.707 0.000 -0.698 0.112 0.969 0.000 0.009 -0.247 0.980 0.000 -0.054 -0.190 0.829 0.000 -0.238 -0.506 0.637 0.000 -0.768 0.061 0.993 0.000 0.109 0.055 0.629 0.000 -0.774 0.076 0.992 -0.000 0.112 0.061 
-0.647 0.024 -0.035 -0.761 0.708 -0.000 -0.698 0.112 0.969 0.000 0.009 -0.247 0.980 0.000 -0.053 -0.189 0.829 0.000 -0.236 -0.507 0.638 0.000 -0.768 0.061 0.993 0.000 0.109 0.055 0.629 0.000 -0.774 0.076 0.992 0.000 0.112 0.061 
-0.647 0.024 -0.035 -0.761 0.708 0.000 -0.698 0.112 0.969 0.000 0.009 -0.247 0.981 0.000 -0.053 -0.188 0.828 -0.000 -0.234 -0.509 0.637 0.000 -0.768 0.061 0.993 0.000 0.109 0.055 0.629 0.000 -0.774 0.076 0.992 0.000 0.112 0.061 
-0.647 0.024 -0.035 -0.761 0.708 0.000 -0.698 0.112 0.969 0.000 0.009 -0.247 0.981 0.000 -0.053 -0.187 0.828 0.000 -0.232 -0.510 0.638 0.000 -0.768 0.061 0.993 0.000 0.109 0.055 0.629 0.000 -0.774 0.076 0.992 0.000 0.112 0.061 
-0.647 0.024 -0.035 -0.761 0.708 0.000 -0.698 0.112 0.969 0.000 0.010 -0.247 0.981 0.000 -0.053 -0.187 0.828 0.000 -0.230 -0.512 0.638 0.000 -0.768 0.061 0.993 0.000 0.109 0.055 0.629 -0.000 -0.774 0.076 0.992 0.000 0.112 0.061 
-0.648 0.024 -0.035 -0.761 0.708 0.000 -0.698 0.112 0.969 0.000 0.009 -0.247 0.981 0.000 -0.053 -0.185 0.827 0.000 -0.227 -0.514 0.637 0.000 -0.768 0.061 0.993 -0.000 0.109 0.055 0.629 0.000 -0.774 0.076 0.992 0.000 0.112 0.061 
-0.648 0.024 -0.035 -0.761 0.708 0.000 -0.698 0.112 0.969 0.000 0.009 -0.247 0.981 0.000 -0.052 -0.184 0.828 0.000 -0.224 -0.515 0.637 -0.000 -0.768 0.060 0.993 0.000 0.109 0.055 0.629 0.000 -0.774 0.076 0.992 0.000 0.112 0.061 
-0.648 0.025 -0.035 -0.761 0.708 0.000 -0.698 0.112 0.969 0.000 0.009 -0.247 0.982 0.000 -0.052 -0.183 0.827 0.000 -0.220 -0.517 0.637 0.000 -0.768 0.061 0.993 0.000 0.109 0.055 0.629 0.000 -0.774 0.076 0.992 0.000 0.112 0.061 
-0.648 0.025 -0.035 -0.761 0.708 0.000 -0.698 0.112 0.969 0.000 0.009 -0.247 0.982 0.000 -0.052 -0.182 0.826 0.000 -0.217 -0.520 0.637 0.000 -0.768 0.061 0.993 0.000 0.109 0.055 0.629 0.000 -0.774 0.077 0.992 0.000 0.112 0.060 
-0.648 0.025 -0.035 -0.761 0.708 0.000 -0.697 0.112 0.969 0.000 0.009 -0.247 0.982 0.000 -0.052 -0.180 0.826 -0.000 -0.213 -0.522 0.637 0.000 -0.768 0.061 0.993 -0.000 0.109 0.055 0.629 -0.000 -0.774 0.076 0.992 0.000 0.112 0.061 
-0.648 0.025 -0.035 -0.761 0.708 0.000 -0.697 0.112 0.969 0.000 0.010 -0.247 0.982 0.000 -0.052 -0.179 0.825 0.000 -0.208 -0.526 0.637 0.000 -0.768 0.061 0.993 0.000 0.109 0.055 0.629 0.000 -0.774 0.076 0.992 0.000 0.112 0.061 
-0.648 0.025 -0.035 -0.761 0.708 0.000 -0.697 0.112 0.969 0.000 0.010 -0.247 0.983 -0.000 -0.052 -0.178 0.824 0.000 -0.203 -0.528 0.637 0.000 -0.768 0.061 0.993 0.000 0.109 0.055 0.629 0.000 -0.774 0.077 0.992 -0.000 0.112 0.061 
-0.648 0.025 -0.035 -0.760 0.708 -0.000 -0.697 0.112 0.969 0.000 0.010 -0.247 0.983 0.000 -0.053 -0.176 0.823 0.000 -0.198 -0.532 0.637 0.000 -0.768 0.061 0.993 0.000 0.109 0.055 0.629 0.000 -0.774 0.077 0.992 0.000 0.112 0.061 
-0.648 0.025 -0.035 -0.760 0.708 0.000 -0.697 0.112 0.969 0.000 0.010 -0.247 0.983 0.000 -0.053 -0.174 0.823 0.000 -0.193 -0.535 0.638 0.000 -0.768 0.061 0.993 0.000 0.109 0.055 0.629 -0.000 -0.774 0.077 0.992 0.000 0.112 0.060 
-0.648 0.025 -0.035 -0.760 0.708 0.000 -0.697 0.112 0.969 -0.000 0.010 -0.247 0.984 0.000 -0.053 -0.173 0.822 0.000 -0.187 -0.538 0.637 0.000 -0.768 0.061 0.993 0.000 0.109 0.055 0.629 0.000 -0.774 0.077 0.992 0.000 0.112 0.060 
-0.648 0.025 -0.035 -0.760 0.708 0.000 -0.697 0.112 0.969 -0.000 0.010 -0.247 0.984 0.000 -0.053 -0.171 0.821 -0.000 -0.182 -0.541 0.637 0.000 -0.768 0.062 0.993 0.000 0.108 0.055 0.629 0.000 -0.774 0.078 0.992 0.000 0.112 0.060 
-0.648 0.025 -0.036 -0.760 0.708 0.000 -0.697 0.112 0.969 0.000 0.010 -0.247 0.984 0.000 -0.053 -0.170 0.820 0.000 -0.176 -0.544 0.637 0.000 -0.768 0.061 0.993 0.000 0.109 0.055 0.629 0.000 -0.774 0.078 0.992 0.000 0.112 0.060 
-0.648 0.025 -0.036 -0.760 0.708 0.000 -0.697 0.112 0.969 0.000 0.010 -0.247 0.984 0.000 -0.053 -0.168 0.820 0.000 -0.170 -0.547 0.637 -0.000 -0.768 0.062 0.993 0.000 0.109 0.055 0.629 0.000 -0.774 0.078 0.992 0.000 0.112 0.060 
-0.648 0.025 -0.036 -0.760 0.708 0.000 -0.697 0.112 0.969 -0.000 0.011 -0.247 0.985 0.000 -0.054 -0.166 0.819 0.000 -0.164 -0.550 0.637 0.000 -0.768 0.062 0.993 -0.000 0.109 0.055 0.629 0.000 -0.774 0.078 0.992 0.000 0.112 0.060 
-0.648 0.025 -0.036 -0.760 0.708 0.000 -0.697 0.112 0.969 -0.000 0.011 -0.247 0.985 0.000 -0.054 -0.165 0.818 0.000 -0.157 -0.553 0.637 -0.000 -0.768 0.062 0.993 0.000 0.109 0.055 0.629 0.000 -0.774 0.079 0.992 0.000 0.112 0.060 
-0.648 0.025 -0.036 -0.760 0.708 0.000 -0.697 0.112 0.969 0.000 0.011 -0.247 0.985 0.000 -0.054 -0.164 0.817 0.000 -0.150 -0.556 0.637 -0.000 -0.768 0.063 0.993 -0.000 0.109 0.054 0.629 0.000 -0.774 0.079 0.992 -0.000 0.112 0.060 
-0.649 0.026 -0.036 -0.760 0.708 0.000 -0.697 0.112 0.969 0.000 0.011 -0.247 0.985 0.000 -0.054 -0.162 0.816 0.000 -0.143 -0.560 0.637 -0.000 -0.768 0.063 0.993 0.000 0.109 0.054 0.629 -0.000 -0.774 0.079 0.992 0.000 0.112 0.060 
-0.649 0.026 -0.036 -0.760 0.708 0.000 -0.698 0.113 0.969 0.000 0.011 -0.247 0.986 -0.000 -0.054 -0.160 0.815 0.000 -0.137 -0.563 0.637 0.000 -0.768 0.063 0.993 0.000 0.109 0.055 0.629 0.000 -0.773 0.079 0.992 0.000 0.112 0.060 
-0.649 0.026 -0.036 -0.760 0.708 0.000 -0.698 0.113 0.969 0.000 0.011 -0.247 0.986 0.000 -0.054 -0.159 0.814 0.000 -0.129 -0.566 0.637 -0.000 -0.768 0.063 0.993 0.000 0.109 0.054 0.629 0.000 -0.773 0.080 0.992 0.000 0.112 0.059 
-0.649 0.026 -0.036 -0.760 0.708 0.000 -0.698 0.113 0.969 0.000 0.011 -0.247 0.986 0.000 -0.053 -0.157 0.813 0.000 -0.122 -0.569 0.637 0.000 -0.768 0.063 0.993 0.000 0.109 0.054 0.629 0.000 -0.773 0.080 0.992 0.000 0.112 0.059 
-0.649 0.026 -0.036 -0.759 0.707 0.000 -0.698 0.113 0.969 0.000 0.011 -0.247 0.986 0.000 -0.053 -0.155 0.812 0.000 -0.114 -0.572 0.637 0.000 -0.768 0.063 0.993 0.000 0.109 0.054 0.629 0.000 -0.773 0.080 0.992 0.000 0.112 0.059 
-0.649 0.026 -0.036 -0.759 0.707 0.000 -0.698 0.113 0.969 0.000 0.011 -0.247 0.987 0.000 -0.053 -0.153 0.811 0.000 -0.106 -0.575 0.637 0.000 -0.768 0.064 0.993 0.000 0.109 0.054 0.629 -0.000 -0.773 0.081 0.992 0.000 0.112 0.059 
-0.649 0.026 -0.036 -0.759 0.707 0.000 -0.698 0.113 0.969 0.000 0.011 -0.247 0.987 0.000 -0.053 -0.152 0.810 0.000 -0.098 -0.578 0.637 0.000 -0.768 0.064 0.993 0.000 0.109 0.054 0.629 0.000 -0.773 0.081 0.992 0.000 0.112 0.059 
-0.649 0.026 -0.037 -0.759 0.707 0.000 -0.698 0.114 0.969 0.000 0.011 -0.247 0.987 0.000 -0.053 -0.150 0.810 0.000 -0.089 -0.580 0.637 0.000 -0.768 0.064 0.993 0.000 0.109 0.054 0.629 0.000 -0.773 0.081 0.992 -0.000 0.112 0.059 
-0.649 0.026 -0.037 -0.759 0.707 0.000 -0.698 0.114 0.969 0.000 0.011 -0.247 0.987 0.000 -0.053 -0.149 0.808 0.000 -0.080 -0.583 0.637 0.000 -0.768 0.064 0.993 0.000 0.109 0.054 0.629 0.000 -0.773 0.081 0.992 0.000 0.112 0.059 
-0.650 0.026 -0.037 -0.759 0.707 0.000 -0.698 0.114 0.969 0.000 0.011 -0.247 0.988 0.000 -0.053 -0.147 0.807 0.000 -0.071 -0.586 0.637 0.000 -0.768 0.064 0.993 0.000 0.109 0.054 0.629 0.000 -0.773 0.081 0.992 0.000 0.112 0.059 
-0.650 0.026 -0.037 -0.759 0.707 0.000 -0.698 0.114 0.969 0.000 0.011 -0.247 0.988 -0.000 -0.053 -0.145 0.806 -0.000 -0.061 -0.588 0.637 0.000 -0.768 0.064 0.993 0.000 0.109 0.054 0.629 0.000 -0.773 0.081 0.992 -0.000 0.112 0.059 
-0.650 0.026 -0.037 -0.759 0.707 0.000 -0.698 0.114 0.969 0.000 0.010 -0.247 0.988 0.000 -0.053 -0.143 0.806 0.000 -0.051 -0.590 0.637 0.000 -0.768 0.064 0.993 0.000 0.109 0.054 0.629 0.000 -0.773 0.082 0.992 0.000 0.112 0.059 
-0.650 0.027 -0.037 -0.759 0.707 0.000 -0.698 0.115 0.969 -0.000 0.010 -0.246 0.989 0.000 -0.053 -0.141 0.804 -0.000 -0.043 -0.593 0.637 0.000 -0.768 0.064 0.993 0.000 0.109 0.055 0.629 -0.000 -0.773 0.082 0.992 0.000 0.112 0.059 
-0.650 0.027 -0.037 -0.759 0.707 0.000 -0.698 0.115 0.969 0.000 0.010 -0.246 0.989 0.000 -0.053 -0.140 0.803 0.000 -0.033 -0.596 0.637 -0.000 -0.768 0.064 0.993 0.000 0.109 0.054 0.629 0.000 -0.773 0.082 0.992 0.000 0.112 0.059 
-0.650 0.027 -0.037 -0.758 0.707 0.000 -0.698 0.115 0.969 0.000 0.010 -0.247 0.989 0.000 -0.053 -0.138 0.801 0.000 -0.023 -0.598 0.637 0.000 -0.768 0.064 0.993 0.000 0.109 0.054 0.629 0.000 -0.773 0.082 0.992 0.000 0.112 0.059 
-0.650 0.027 -0.037 -0.758 0.707 0.000 -0.698 0.115 0.969 0.000 0.009 -0.246 0.989 -0.000 -0.053 -0.136 0.800 0.000 -0.012 -0.600 0.637 0.000 -0.768 0.064 0.992 0.000 0.110 0.054 0.629 0.000 -0.773 0.083 0.992 -0.000 0.112 0.059 
-0.650 0.027 -0.037 -0.758 0.707 0.000 -0.698 0.116 0.969 0.000 0.009 -0.246 0.989 0.000 -0.053 -0.135 0.799 0.000 -0.002 -0.601 0.637 0.000 -0.768 0.065 0.992 0.000 0.110 0.054 0.629 -0.000 -0.773 0.083 0.992 0.000 0.112 0.059 
-0.651 0.027 -0.037 -0.758 0.707 -0.000 -0.698 0.116 0.969 0.000 0.009 -0.246 0.990 0.000 -0.053 -0.133 0.797 -0.000 0.009 -0.604 0.637 0.000 -0.768 0.064 0.992 -0.000 0.109 0.055 0.629 0.000 -0.773 0.083 0.992 0.000 0.112 0.059 
-0.651 0.027 -0.037 -0.758 0.707 0.000 -0.698 0.116 0.969 -0.000 0.009 -0.246 0.990 0.000 -0.054 -0.131 0.795 0.000 0.021 -0.606 0.637 -0.000 -0.768 0.065 0.992 0.000 0.110 0.054 0.629 0.000 -0.773 0.083 0.992 0.000 0.112 0.059 
-0.651 0.027 -0.037 -0.758 0.707 0.000 -0.698 0.116 0.969 0.000 0.009 -0.246 0.990 0.000 -0.056 -0.130 0.794 0.000 0.034 -0.607 0.637 -0.000 -0.768 0.065 0.992 0.000 0.110 0.055 0.629 0.000 -0.773 0.083 0.992 0.000 0.112 0.059 
-0.651 0.027 -0.037 -0.758 0.707 0.000 -0.698 0.116 0.969 0.000 0.009 -0.246 0.990 -0.000 -0.057 -0.128 0.793 0.000 0.047 -0.608 0.637 0.000 -0.768 0.065 0.992 0.000 0.110 0.055 0.629 -0.000 -0.773 0.083 0.992 0.000 0.112 0.059 
-0.651 0.027 -0.037 -0.758 0.707 0.000 -0.698 0.116 0.969 0.000 0.009 -0.246 0.990 0.000 -0.058 -0.127 0.791 0.000 0.060 -0.609 0.637 0.000 -0.768 0.065 0.992 0.000 0.110 0.055 0.629 0.000 -0.773 0.083 0.992 0.000 0.112 0.059 
-0.651 0.027 -0.037 -0.758 0.707 0.000 -0.698 0.117 0.969 -0.000 0.009 -0.246 0.990 -0.000 -0.059 -0.126 0.790 0.000 0.073 -0.609 0.637 0.000 -0.768 0.065 0.992 -0.000 0.110 0.055 0.629 -0.000 -0.773 0.083 0.992 0.000 0.112 0.059 
-0.651 0.027 -0.037 -0.758 0.707 0.000 -0.698 0.117 0.969 0.000 0.009 -0.246 0.990 0.000 -0.060 -0.124 0.788 0.000 0.087 -0.610 0.637 -0.000 -0.768 0.065 0.992 0.000 0.109 0.055 0.629 0.000 -0.773 0.083 0.992 0.000 0.112 0.059 
-0.651 0.027 -0.037 -0.758 0.707 0.000 -0.698 0.117 0.969 0.000 0.009 -0.246 0.990 0.000 -0.062 -0.123 0.786 0.000 0.100 -0.610 0.637 -0.000 -0.768 0.065 0.992 0.000 0.110 0.055 0.629 0.000 -0.773 0.083 0.992 0.000 0.112 0.059 
-0.651 0.027 -0.037 -0.758 0.707 0.000 -0.698 0.117 0.969 0.000 0.008 -0.246 0.990 0.000 -0.063 -0.123 0.785 -0.000 0.114 -0.609 0.637 -0.000 -0.768 0.065 0.992 0.000 0.110 0.055 0.629 0.000 -0.773 0.084 0.992 0.000 0.112 0.060 
-0.651 0.027 -0.037 -0.758 0.706 0.000 -0.698 0.117 0.969 0.000 0.009 -0.246 0.990 0.000 -0.065 -0.122 0.783 0.000 0.128 -0.608 0.637 0.000 -0.768 0.065 0.992 0.000 0.110 0.054 0.629 0.000 -0.773 0.084 0.992 0.000 0.112 0.059 
-0.651 0.027 -0.037 -0.758 0.707 0.000 -0.698 0.117 0.969 0.000 0.008 -0.246 0.990 -0.000 -0.067 -0.121 0.781 0.000 0.142 -0.608 0.637 0.000 -0.768 0.065 0.992 0.000 0.110 0.054 0.629 0.000 -0.773 0.084 0.992 0.000 0.112 0.059 
-0.651 0.027 -0.037 -0.758 0.706 0.000 -0.698 0.117 0.969 0.000 0.009 -0.246 0.990 0.000 -0.069 -0.120 0.779 0.000 0.157 -0.607 0.637 0.000 -0.768 0.066 0.992 0.000 0.110 0.054 0.629 0.000 -0.773 0.084 0.992 0.000 0.112 0.059 
-0.651 0.027 -0.037 -0.758 0.706 0.000 -0.698 0.118 0.969 -0.000 0.009 -0.246 0.990 0.000 -0.071 -0.119 0.777 0.000 0.171 -0.606 0.637 -0.000 -0.768 0.066 0.992 0.000 0.110 0.054 0.629 -0.000 -0.773 0.084 0.992 0.000 0.112 0.059 
-0.651 0.027 -0.037 -0.758 0.706 0.000 -0.698 0.118 0.969 -0.000 0.008 -0.246 0.990 0.000 -0.073 -0.119 0.775 0.000 0.186 -0.604 0.637 0.000 -0.768 0.066 0.992 -0.000 0.110 0.054 0.629 0.000 -0.773 0.084 0.992 0.000 0.112 0.059 
-0.651 0.027 -0.037 -0.758 0.706 0.000 -0.698 0.118 0.969 0.000 0.009 -0.246 0.990 0.000 -0.076 -0.118 0.773 0.000 0.201 -0.602 0.637 0.000 -0.768 0.066 0.992 0.000 0.110 0.054 0.629 0.000 -0.773 0.084 0.992 -0.000 0.112 0.059 
-0.651 0.027 -0.038 -0.758 0.706 0.000 -0.698 0.118 0.969 0.000 0.009 -0.246 0.990 -0.000 -0.078 -0.118 0.771 0.000 0.215 -0.600 0.637 0.000 -0.768 0.066 0.992 0.000 0.110 0.054 0.629 0.000 -0.773 0.084 0.992 0.000 0.112 0.059 
-0.651 0.027 -0.038 -0.758 0.706 0.000 -0.698 0.117 0.969 0.000 0.009 -0.246 0.990 -0.000 -0.079 -0.118 0.769 0.000 0.229 -0.597 0.637 0.000 -0.768 0.066 0.992 0.000 0.110 0.054 0.629 0.000 -0.773 0.084 0.992 0.000 0.112 0.059 
-0.650 0.027 -0.038 -0.758 0.706 0.000 -0.699 0.118 0.969 0.000 0.009 -0.246 0.990 -0.000 -0.082 -0.117 0.767 0.000 0.244 -0.594 0.637 -0.000 -0.768 0.066 0.993 0.000 0.110 0.054 0.629 0.000 -0.773 0.084 0.992 0.000 0.112 0.059 
-0.650 0.027 -0.038 -0.758 0.706 0.000 -0.699 0.117 0.969 0.000 0.009 -0.246 0.990 -0.000 -0.083 -0.117 0.765 0.000 0.257 -0.591 0.637 0.000 -0.768 0.067 0.993 -0.000 0.110 0.054 0.629 0.000 -0.773 0.085 0.992 0.000 0.112 0.059 
-0.650 0.027 -0.038 -0.758 0.706 -0.000 -0.699 0.117 0.969 0.000 0.009 -0.246 0.989 0.000 -0.085 -0.117 0.763 0.000 0.270 -0.587 0.637 0.000 -0.768 0.067 0.993 0.000 0.110 0.054 0.629 0.000 -0.773 0.085 0.992 0.000 0.112 0.058 
-0.650 0.028 -0.038 -0.758 0.706 0.000 -0.699 0.118 0.969 0.000 0.009 -0.246 0.989 0.000 -0.087 -0.117 0.761 0.000 0.283 -0.583 0.637 0.000 -0.768 0.067 0.993 0.000 0.110 0.054 0.629 0.000 -0.773 0.085 0.992 0.000 0.112 0.058 
-0.650 0.028 -0.038 -0.758 0.706 0.000 -0.699 0.118 0.969 0.000 0.009 -0.246 0.989 0.000 -0.089 -0.118 0.760 0.000 0.296 -0.579 0.637 0.000 -0.768 0.067 0.993 0.000 0.110 0.054 0.629 0.000 -0.773 0.085 0.992 0.000 0.112 0.058 
-0.650 0.028 -0.038 -0.758 0.706 0.000 -0.699 0.118 0.969 0.000 0.009 -0.246 0.989 0.000 -0.092 -0.118 0.757 -0.000 0.309 -0.576 0.637 0.000 -0.768 0.067 0.993 0.000 0.110 0.053 0.629 -0.000 -0.773 0.085 0.992 0.000 0.112 0.058 
-0.650 0.028 -0.038 -0.758 0.706 0.000 -0.699 0.118 0.969 0.000 0.009 -0.246 0.988 0.000 -0.093 -0.119 0.755 0.000 0.321 -0.571 0.637 0.000 -0.768 0.068 0.993 0.000 0.110 0.053 0.629 0.000 -0.773 0.085 0.992 0.000 0.112 0.058 
-0.650 0.028 -0.038 -0.758 0.706 -0.000 -0.699 0.118 0.969 -0.000 0.009 -0.246 0.988 0.000 -0.095 -0.119 0.753 -0.000 0.334 -0.567 0.637 0.000 -0.768 0.068 0.993 0.000 0.110 0.053 0.629 0.000 -0.773 0.085 0.992 0.000 0.112 0.058 
-0.650 0.028 -0.038 -0.758 0.706 0.000 -0.699 0.118 0.969 0.000 0.009 -0.246 0.988 0.000 -0.097 -0.120 0.751 0.000 0.345 -0.564 0.637 -0.000 -0.768 0.068 0.993 -0.000 0.110 0.054 0.629 0.000 -0.773 0.085 0.992 0.000 0.112 0.058 
-0.650 0.028 -0.038 -0.758 0.706 -0.000 -0.699 0.118 0.969 0.000 0.009 -0.246 0.988 0.000 -0.099 -0.120 0.750 0.000 0.356 -0.557 0.637 0.000 -0.768 0.068 0.993 0.000 0.110 0.053 0.629 0.000 -0.773 0.086 0.992 0.000 0.112 0.058 
-0.650 0.028 -0.038 -0.758 0.705 0.000 -0.699 0.117 0.969 0.000 0.009 -0.246 0.988 0.000 -0.101 -0.121 0.748 -0.000 0.368 -0.552 0.637 -0.000 -0.768 0.068 0.993 0.000 0.109 0.054 0.629 0.000 -0.773 0.086 0.992 0.000 0.112 0.058 
-0.650 0.028 -0.038 -0.758 0.705 0.000 -0.699 0.117 0.969 0.000 0.009 -0.246 0.987 0.000 -0.103 -0.121 0.746 0.000 0.379 -0.547 0.637 0.000 -0.768 0.068 0.993 0.000 0.110 0.054 0.629 -0.000 -0.773 0.086 0.992 0.000 0.112 0.058 
-0.650 0.028 -0.038 -0.758 0.705 0.000 -0.699 0.117 0.969 0.000 0.009 -0.246 0.987 0.000 -0.104 -0.121 0.745 0.000 0.390 -0.542 0.637 0.000 -0.768 0.068 0.993 0.000 0.110 0.054 0.629 0.000 -0.773 0.086 0.992 0.000 0.112 0.058 
-0.650 0.028 -0.038 -0.758 0.705 0.000 -0.699 0.117 0.969 0.000 0.009 -0.246 0.987 0.000 -0.106 -0.123 0.744 0.000 0.400 -0.536 0.637 0.000 -0.768 0.068 0.993 0.000 0.110 0.053 0.629 0.000 -0.773 0.086 0.992 0.000 0.112 0.058 
-0.650 0.028 -0.038 -0.758 0.705 0.000 -0.699 0.117 0.969 0.000 0.010 -0.246 0.987 0.000 -0.108 -0.123 0.741 0.000 0.410 -0.532 0.637 0.000 -0.768 0.068 0.993 0.000 0.110 0.054 0.629 -0.000 -0.773 0.086 0.992 0.000 0.112 0.058 
-0.650 0.028 -0.038 -0.758 0.705 0.000 -0.699 0.117 0.969 0.000 0.009 -0.246 0.986 0.000 -0.109 -0.124 0.740 0.000 0.421 -0.524 0.637 0.000 -0.768 0.068 0.993 0.000 0.110 0.054 0.629 -0.000 -0.773 0.086 0.992 0.000 0.112 0.058 
-0.650 0.028 -0.038 -0.758 0.705 0.000 -0.699 0.117 0.969 0.000 0.010 -0.246 0.986 0.000 -0.111 -0.124 0.739 -0.000 0.430 -0.519 0.637 0.000 -0.768 0.068 0.993 0.000 0.110 0.053 0.629 0.000 -0.773 0.086 0.992 0.000 0.112 0.058 
-0.650 0.028 -0.038 -0.758 0.705 0.000 -0.699 0.117 0.969 0.000 0.010 -0.246 0.986 0.000 -0.113 -0.125 0.737 -0.000 0.440 -0.513 0.637 0.000 -0.768 0.068 0.993 0.000 0.110 0.053 0.629 0.000 -0.773 0.086 0.992 -0.000 0.112 0.058 
-0.650 0.028 -0.038 -0.758 0.705 -0.000 -0.699 0.117 0.969 0.000 0.010 -0.246 0.986 0.000 -0.114 -0.125 0.735 0.000 0.449 -0.508 0.637 -0.000 -0.768 0.068 0.993 -0.000 0.110 0.053 0.629 0.000 -0.773 0.086 0.992 0.000 0.112 0.058 
-0.650 0.028 -0.038 -0.758 0.705 0.000 -0.699 0.116 0.969 0.000 0.010 -0.246 0.985 -0.000 -0.116 -0.126 0.733 0.000 0.458 -0.502 0.637 -0.000 -0.768 0.068 0.993 0.000 0.110 0.054 0.629 0.000 -0.773 0.086 0.992 0.000 0.112 0.058 
-0.650 0.028 -0.038 -0.758 0.705 0.000 -0.699 0.116 0.969 0.000 0.009 -0.247 0.985 0.000 -0.117 -0.127 0.732 -0.000 0.467 -0.496 0.637 0.000 -0.768 0.068 0.993 0.000 0.110 0.054 0.629 -0.000 -0.773 0.086 0.992 0.000 0.112 0.058 
-0.651 0.028 -0.038 -0.758 0.705 0.000 -0.699 0.116 0.969 0.000 0.009 -0.247 0.985 -0.000 -0.118 -0.128 0.731 0.000 0.475 -0.490 0.637 -0.000 -0.768 0.068 0.992 0.000 0.110 0.054 0.629 0.000 -0.773 0.087 0.992 0.000 0.112 0.058 
-0.651 0.028 -0.038 -0.758 0.705 0.000 -0.699 0.117 0.969 0.000 0.009 -0.247 0.984 0.000 -0.120 -0.128 0.729 0.000 0.484 -0.484 0.637 0.000 -0.768 0.068 0.993 0.000 0.110 0.054 0.629 -0.000 -0.773 0.087 0.992 -0.000 0.112 0.058 
-0.651 0.028 -0.038 -0.758 0.705 0.000 -0.699 0.116 0.969 0.000 0.010 -0.247 0.984 0.000 -0.121 -0.130 0.729 0.000 0.492 -0.476 0.637 0.000 -0.768 0.069 0.993 0.000 0.110 0.054 0.629 0.000 -0.773 0.087 0.992 0.000 0.112 0.059 
-0.651 0.028 -0.038 -0.758 0.705 0.000 -0.699 0.116 0.969 0.000 0.010 -0.247 0.984 0.000 -0.123 -0.131 0.728 0.000 0.500 -0.469 0.637 0.000 -0.768 0.069 0.993 0.000 0.110 0.054 0.629 -0.000 -0.773 0.087 0.992 0.000 0.112 0.059 
-0.651 0.028 -0.038 -0.758 0.705 0.000 -0.699 0.116 0.969 0.000 0.010 -0.247 0.983 0.000 -0.125 -0.132 0.726 -0.000 0.509 -0.464 0.637 0.000 -0.768 0.069 0.993 0.000 0.110 0.054 0.629 0.000 -0.773 0.086 0.992 0.000 0.112 0.059 
-0.651 0.028 -0.038 -0.758 0.705 0.000 -0.699 0.116 0.969 0.000 0.010 -0.247 0.983 0.000 -0.127 -0.133 0.725 0.000 0.517 -0.455 0.637 0.000 -0.768 0.069 0.993 0.000 0.110 0.054 0.629 -0.000 -0.773 0.087 0.992 -0.000 0.112 0.059 
-0.651 0.028 -0.038 -0.758 0.705 0.000 -0.699 0.116 0.969 0.000 0.010 -0.247 0.983 0.000 -0.128 -0.133 0.723 0.000 0.525 -0.449 0.637 -0.000 -0.768 0.069 0.993 0.000 0.110 0.054 0.629 0.000 -0.773 0.087 0.992 0.000 0.112 0.059 
-0.651 0.028 -0.038 -0.758 0.705 -0.000 -0.700 0.116 0.969 0.000 0.010 -0.247 0.982 -0.000 -0.130 -0.134 0.721 0.000 0.533 -0.442 0.637 -0.000 -0.768 0.069 0.993 0.000 0.110 0.054 0.629 0.000 -0.773 0.087 0.992 0.000 0.113 0.059 
-0.651 0.028 -0.038 -0.758 0.705 0.000 -0.700 0.116 0.969 -0.000 0.010 -0.247 0.982 -0.000 -0.132 -0.135 0.719 -0.000 0.541 -0.435 0.637 -0.000 -0.768 0.069 0.993 0.000 0.110 0.054 0.629 0.000 -0.773 0.087 0.992 -0.000 0.113 0.059 
-0.651 0.028 -0.038 -0.758 0.705 0.000 -0.700 0.115 0.969 0.000 0.011 -0.247 0.982 0.000 -0.134 -0.137 0.719 0.000 0.549 -0.427 0.637 0.000 -0.768 0.069 0.993 0.000 0.110 0.054 0.629 0.000 -0.773 0.086 0.992 0.000 0.113 0.059 
-0.651 0.028 -0.038 -0.758 0.705 0.000 -0.700 0.115 0.969 -0.000 0.011 -0.247 0.981 0.000 -0.136 -0.137 0.716 0.000 0.557 -0.420 0.637 0.000 -0.768 0.069 0.993 0.000 0.110 0.054 0.629 0.000 -0.773 0.086 0.992 0.000 0.113 0.059 
-0.651 0.028 -0.038 -0.758 0.705 0.000 -0.700 0.115 0.969 0.000 0.011 -0.247 0.981 0.000 -0.138 -0.138 0.715 0.000 0.565 -0.412 0.637 0.000 -0.768 0.069 0.993 0.000 0.110 0.054 0.629 0.000 -0.773 0.086 0.992 0.000 0.113 0.059 
-0.651 0.028 -0.038 -0.758 0.705 0.000 -0.700 0.115 0.969 0.000 0.011 -0.247 0.980 0.000 -0.141 -0.140 0.713 0.000 0.574 -0.402 0.637 -0.000 -0.768 0.068 0.992 0.000 0.110 0.054 0.629 0.000 -0.773 0.086 0.992 0.000 0.113 0.059 
-0.651 0.028 -0.038 -0.758 0.704 0.000 -0.700 0.115 0.969 0.000 0.012 -0.247 0.980 0.000 -0.143 -0.141 0.711 -0.000 0.582 -0.394 0.637 -0.000 -0.768 0.068 0.992 0.000 0.110 0.054 0.629 0.000 -0.773 0.086 0.992 0.000 0.113 0.059 
-0.651 0.028 -0.038 -0.758 0.704 0.000 -0.700 0.115 0.969 0.000 0.012 -0.247 0.979 0.000 -0.145 -0.144 0.711 0.000 0.589 -0.385 0.637 0.000 -0.768 0.069 0.992 0.000 0.110 0.054 0.629 0.000 -0.773 0.086 0.992 -0.000 0.113 0.059 
-0.651 0.028 -0.038 -0.758 0.704 0.000 -0.700 0.115 0.969 0.000 0.012 -0.248 0.979 -0.000 -0.147 -0.144 0.708 0.000 0.596 -0.378 0.637 0.000 -0.768 0.069 0.992 -0.000 0.110 0.054 0.629 0.000 -0.773 0.086 0.992 0.000 0.113 0.059 
-0.651 0.028 -0.038 -0.758 0.704 0.000 -0.700 0.116 0.969 -0.000 0.012 -0.248 0.978 0.000 -0.149 -0.145 0.707 -0.000 0.603 -0.370 0.637 0.000 -0.768 0.068 0.992 0.000 0.110 0.054 0.629 0.000 -0.773 0.086 0.992 0.000 0.112 0.059 
-0.650 0.028 -0.038 -0.758 0.704 0.000 -0.701 0.116 0.969 0.000 0.012 -0.248 0.978 0.000 -0.151 -0.147 0.706 -0.000 0.608 -0.363 0.637 0.000 -0.768 0.068 0.992 0.000 0.110 0.054 0.629 0.000 -0.773 0.086 0.992 0.000 0.112 0.059 
-0.650 0.028 -0.038 -0.758 0.704 0.000 -0.701 0.116 0.969 0.000 0.012 -0.248 0.977 0.000 -0.153 -0.148 0.705 0.000 0.614 -0.356 0.637 0.000 -0.768 0.068 0.992 0.000 0.110 0.054 0.629 0.000 -0.773 0.086 0.992 0.000 0.113 0.059 
-0.650 0.028 -0.038 -0.758 0.704 -0.000 -0.701 0.115 0.969 0.000 0.012 -0.248 0.977 0.000 -0.155 -0.149 0.704 0.000 0.619 -0.348 0.637 0.000 -0.768 0.068 0.992 -0.000 0.110 0.054 0.629 0.000 -0.773 0.086 0.992 0.000 0.112 0.059 
-0.650 0.028 -0.038 -0.758 0.704 0.000 -0.701 0.116 0.969 -0.000 0.013 -0.248 0.976 0.000 -0.157 -0.151 0.703 0.000 0.625 -0.340 0.637 0.000 -0.768 0.069 0.992 0.000 0.110 0.054 0.629 0.000 -0.773 0.086 0.992 0.000 0.112 0.059 
-0.650 0.028 -0.038 -0.758 0.704 0.000 -0.701 0.116 0.969 0.000 0.013 -0.248 0.976 -0.000 -0.158 -0.152 0.702 0.000 0.630 -0.332 0.637 -0.000 -0.768 0.069 0.992 0.000 0.110 0.054 0.629 0.000 -0.773 0.087 0.992 0.000 0.112 0.059 
-0.650 0.028 -0.038 -0.758 0.704 0.000 -0.701 0.116 0.969 0.000 0.013 -0.248 0.975 0.000 -0.160 -0.153 0.701 0.000 0.635 -0.325 0.637 0.000 -0.767 0.069 0.992 0.000 0.110 0.054 0.629 -0.000 -0.773 0.087 0.992 0.000 0.112 0.059 
-0.650 0.028 -0.038 -0.758 0.704 0.000 -0.701 0.116 0.969 0.000 0.013 -0.248 0.975 0.000 -0.161 -0.154 0.700 0.000 0.640 -0.318 0.637 0.000 -0.767 0.069 0.992 0.000 0.110 0.054 0.629 0.000 -0.773 0.087 0.992 0.000 0.112 0.059 
-0.650 0.028 -0.038 -0.758 0.704 0.000 -0.701 0.116 0.969 0.000 0.013 -0.248 0.974 0.000 -0.163 -0.156 0.699 0.000 0.644 -0.310 0.637 0.000 -0.767 0.069 0.993 0.000 0.110 0.054 0.629 0.000 -0.773 0.087 0.992 0.000 0.112 0.059 
-0.650 0.028 -0.038 -0.758 0.704 0.000 -0.701 0.116 0.969 -0.000 0.013 -0.248 0.974 0.000 -0.164 -0.157 0.698 0.000 0.649 -0.303 0.637 0.000 -0.768 0.069 0.992 0.000 0.110 0.054 0.629 0.000 -0.773 0.087 0.992 0.000 0.112 0.059 
-0.650 0.028 -0.038 -0.758 0.704 0.000 -0.701 0.116 0.969 0.000 0.013 -0.248 0.974 0.000 -0.166 -0.157 0.697 -0.000 0.652 -0.297 0.637 0.000 -0.767 0.069 0.993 0.000 0.110 0.054 0.629 0.000 -0.773 0.088 0.992 0.000 0.112 0.058 
-0.650 0.028 -0.038 -0.758 0.704 0.000 -0.701 0.117 0.969 0.000 0.013 -0.248 0.973 0.000 -0.167 -0.158 0.696 0.000 0.656 -0.291 0.637 -0.000 -0.767 0.069 0.993 0.000 0.110 0.054 0.629 0.000 -0.773 0.087 0.992 0.000 0.112 0.058 
-0.651 0.028 -0.038 -0.758 0.704 0.000 -0.701 0.117 0.969 -0.000 0.013 -0.248 0.973 0.000 -0.168 -0.158 0.695 0.000 0.660 -0.285 0.637 -0.000 -0.767 0.069 0.993 0.000 0.110 0.054 0.629 0.000 -0.773 0.088 0.992 0.000 0.112 0.058 
-0.650 0.028 -0.038 -0.758 0.704 0.000 -0.701 0.117 0.969 0.000 0.014 -0.249 0.973 0.000 -0.169 -0.160 0.695 0.000 0.663 -0.280 0.637 -0.000 -0.767 0.070 0.993 0.000 0.110 0.053 0.629 0.000 -0.773 0.088 0.992 -0.000 0.112 0.058 
-0.650 0.028 -0.038 -0.758 0.704 0.000 -0.701 0.117 0.969 0.000 0.014 -0.248 0.972 0.000 -0.170 -0.160 0.694 0.000 0.666 -0.274 0.638 0.000 -0.767 0.070 0.993 0.000 0.109 0.053 0.629 0.000 -0.773 0.088 0.992 0.000 0.112 0.058 
-0.650 0.028 -0.038 -0.758 0.704 0.000 -0.701 0.118 0.969 0.000 0.014 -0.248 0.972 0.000 -0.171 -0.160 0.693 0.000 0.668 -0.270 0.638 0.000 -0.767 0.070 0.993 0.000 0.109 0.053 0.629 0.000 -0.773 0.088 0.992 0.000 0.112 0.058 
-0.651 0.028 -0.038 -0.758 0.704 0.000 -0.701 0.118 0.969 0.000 0.014 -0.248 0.972 0.000 -0.172 -0.160 0.692 0.000 0.671 -0.266 0.637 0.000 -0.767 0.070 0.993 0.000 0.110 0.053 0.629 0.000 -0.773 0.088 0.992 0.000 0.112 0.058 
-0.651 0.028 -0.038 -0.758 0.703 0.000 -0.701 0.118 0.969 0.000 0.014 -0.248 0.972 0.000 -0.172 -0.160 0.692 0.000 0.673 -0.263 0.637 -0.000 -0.767 0.070 0.993 0.000 0.110 0.053 0.629 0.000 -0.772 0.088 0.992 0.000 0.112 0.058 
-0.651 0.029 -0.038 -0.758 0.703 0.000 -0.701 0.118 0.969 -0.000 0.014 -0.247 0.972 0.000 -0.173 -0.160 0.691 0.000 0.674 -0.260 0.637 0.000 -0.767 0.070 0.993 0.000 0.109 0.053 0.629 -0.000 -0.773 0.088 0.992 0.000 0.112 0.058 
-0.651 0.029 -0.038 -0.758 0.703 0.000 -0.701 0.118 0.969 0.000 0.015 -0.247 0.972 0.000 -0.174 -0.160 0.691 -0.000 0.675 -0.258 0.637 -0.000 -0.767 0.070 0.993 0.000 0.110 0.053 0.629 0.000 -0.772 0.088 0.992 0.000 0.112 0.058 
-0.651 0.029 -0.038 -0.757 0.703 -0.000 -0.701 0.118 0.969 -0.000 0.014 -0.247 0.972 0.000 -0.174 -0.159 0.691 0.000 0.676 -0.256 0.637 0.000 -0.767 0.070 0.993 0.000 0.110 0.053 0.629 0.000 -0.772 0.089 0.992 0.000 0.112 0.058 
-0.651 0.029 -0.038 -0.757 0.703 0.000 -0.701 0.118 0.969 0.000 0.015 -0.247 0.972 0.000 -0.174 -0.159 0.691 -0.000 0.677 -0.255 0.637 0.000 -0.767 0.070 0.993 0.000 0.110 0.053 0.629 0.000 -0.773 0.088 0.992 0.000 0.112 0.058 
-0.651 0.029 -0.038 -0.757 0.703 0.000 -0.701 0.118 0.969 -0.000 0.015 -0.247 0.972 0.000 -0.175 -0.158 0.690 0.000 0.677 -0.255 0.638 0.000 -0.767 0.070 0.993 0.000 0.109 0.053 0.629 0.000 -0.773 0.088 0.992 0.000 0.112 0.058 
-0.652 0.029 -0.038 -0.757 0.703 0.000 -0.701 0.119 0.969 0.000 0.015 -0.247 0.972 0.000 -0.175 -0.157 0.691 0.000 0.677 -0.255 0.638 -0.000 -0.767 0.070 0.993 0.000 0.110 0.053 0.629 0.000 -0.773 0.089 0.992 0.000 0.112 0.058 
-0.652 0.029 -0.038 -0.757 0.703 0.000 -0.701 0.119 0.969 0.000 0.014 -0.247 0.972 0.000 -0.175 -0.156 0.691 0.000 0.676 -0.256 0.638 -0.000 -0.767 0.070 0.993 0.000 0.110 0.053 0.629 0.000 -0.772 0.089 0.992 0.000 0.112 0.058 
-0.652 0.029 -0.039 -0.757 0.703 0.000 -0.701 0.120 0.969 0.000 0.014 -0.246 0.972 0.000 -0.175 -0.155 0.691 0.000 0.676 -0.257 0.638 -0.000 -0.767 0.070 0.993 0.000 0.109 0.053 0.629 0.000 -0.772 0.089 0.992 -0.000 0.112 0.058 
-0.652 0.029 -0.038 -0.757 0.703 0.000 -0.701 0.120 0.969 0.000 0.015 -0.246 0.973 0.000 -0.175 -0.154 0.691 0.000 0.675 -0.259 0.637 0.000 -0.767 0.070 0.993 0.000 0.110 0.053 0.629 0.000 -0.772 0.089 0.992 0.000 0.112 0.058 
-0.652 0.029 -0.039 -0.757 0.703 0.000 -0.701 0.120 0.969 0.000 0.015 -0.246 0.973 0.000 -0.175 -0.153 0.691 -0.000 0.675 -0.260 0.637 0.000 -0.767 0.070 0.993 0.000 0.110 0.053 0.629 0.000 -0.772 0.089 0.992 0.000 0.112 0.058 
-0.652 0.029 -0.039 -0.757 0.702 0.000 -0.701 0.121 0.969 -0.000 0.015 -0.246 0.973 0.000 -0.174 -0.152 0.691 0.000 0.673 -0.263 0.637 0.000 -0.767 0.071 0.993 0.000 0.110 0.053 0.629 0.000 -0.772 0.089 0.992 0.000 0.112 0.058 
-0.652 0.029 -0.039 -0.757 0.703 0.000 -0.701 0.121 0.969 0.000 0.014 -0.246 0.973 0.000 -0.174 -0.150 0.691 0.000 0.672 -0.266 0.637 -0.000 -0.767 0.071 0.993 0.000 0.110 0.053 0.629 0.000 -0.772 0.089 0.992 0.000 0.112 0.058 
-0.652 0.029 -0.039 -0.757 0.702 0.000 -0.701 0.121 0.969 0.000 0.014 -0.246 0.973 0.000 -0.174 -0.149 0.692 0.000 0.670 -0.268 0.638 0.000 -0.767 0.071 0.993 0.000 0.110 0.053 0.629 0.000 -0.772 0.090 0.992 0.000 0.112 0.058 
