# T   LUA LFA RUA RFA LT  LS  RT  RS  
0.995 -0.091 -0.030 0.006 0.762 0.000 -0.646 0.047 0.966 0.000 -0.152 -0.209 0.993 -0.000 0.006 -0.121 0.775 0.000 0.604 -0.186 0.666 0.000 -0.739 0.104 0.985 0.000 0.052 0.167 0.693 0.000 -0.713 0.104 0.986 -0.000 0.043 0.160 
0.995 -0.091 -0.030 0.006 0.762 0.000 -0.646 0.047 0.966 0.000 -0.152 -0.209 0.993 0.000 0.006 -0.121 0.775 0.000 0.604 -0.187 0.666 0.000 -0.739 0.104 0.985 0.000 0.052 0.167 0.694 0.000 -0.713 0.104 0.986 0.000 0.043 0.160 
0.995 -0.091 -0.030 0.006 0.762 0.000 -0.646 0.047 0.966 0.000 -0.152 -0.209 0.993 0.000 0.006 -0.121 0.774 -0.000 0.604 -0.187 0.666 0.000 -0.739 0.103 0.985 0.000 0.051 0.168 0.693 -0.000 -0.713 0.104 0.986 0.000 0.043 0.160 
0.995 -0.091 -0.030 0.006 0.762 -0.000 -0.646 0.048 0.966 0.000 -0.152 -0.209 0.993 -0.000 0.006 -0.121 0.774 0.000 0.604 -0.188 0.666 0.000 -0.739 0.103 0.985 0.000 0.051 0.167 0.693 -0.000 -0.713 0.104 0.986 0.000 0.043 0.160 
0.995 -0.091 -0.030 0.006 0.762 0.000 -0.646 0.048 0.966 0.000 -0.153 -0.209 0.993 0.000 0.006 -0.121 0.775 -0.000 0.603 -0.190 0.666 0.000 -0.738 0.103 0.985 0.000 0.051 0.167 0.693 0.000 -0.713 0.104 0.986 0.000 0.043 0.160 
0.995 -0.091 -0.029 0.006 0.762 0.000 -0.646 0.048 0.966 0.000 -0.153 -0.209 0.993 0.000 0.006 -0.121 0.774 0.000 0.604 -0.190 0.666 0.000 -0.738 0.103 0.985 0.000 0.051 0.168 0.693 0.000 -0.713 0.104 0.986 -0.000 0.043 0.160 
0.995 -0.091 -0.030 0.006 0.762 0.000 -0.646 0.048 0.966 0.000 -0.153 -0.209 0.993 0.000 0.006 -0.121 0.774 -0.000 0.604 -0.190 0.666 0.000 -0.739 0.103 0.985 0.000 0.051 0.168 0.693 0.000 -0.713 0.104 0.986 -0.000 0.043 0.160 
0.995 -0.091 -0.030 0.006 0.762 0.000 -0.646 0.048 0.966 0.000 -0.153 -0.209 0.993 0.000 0.006 -0.122 0.774 0.000 0.604 -0.191 0.666 0.000 -0.739 0.103 0.985 -0.000 0.051 0.167 0.693 0.000 -0.713 0.104 0.986 0.000 0.044 0.160 
0.995 -0.091 -0.029 0.006 0.762 0.000 -0.646 0.048 0.966 0.000 -0.153 -0.208 0.993 0.000 0.006 -0.122 0.774 0.000 0.603 -0.191 0.666 0.000 -0.739 0.103 0.985 0.000 0.051 0.168 0.693 0.000 -0.713 0.104 0.986 0.000 0.044 0.160 
0.995 -0.091 -0.029 0.007 0.762 0.000 -0.646 0.048 0.966 0.000 -0.153 -0.208 0.992 -0.000 0.006 -0.122 0.774 0.000 0.603 -0.192 0.666 0.000 -0.739 0.103 0.985 0.000 0.051 0.168 0.693 0.000 -0.713 0.103 0.986 0.000 0.044 0.160 
0.995 -0.091 -0.029 0.007 0.762 0.000 -0.646 0.048 0.966 0.000 -0.153 -0.208 0.993 0.000 0.006 -0.122 0.775 0.000 0.601 -0.194 0.666 0.000 -0.739 0.103 0.985 0.000 0.051 0.168 0.693 -0.000 -0.713 0.103 0.986 0.000 0.043 0.160 
0.995 -0.091 -0.029 0.007 0.762 -0.000 -0.646 0.049 0.966 0.000 -0.153 -0.209 0.993 0.000 0.006 -0.122 0.775 0.000 0.602 -0.194 0.666 0.000 -0.739 0.102 0.984 0.000 0.051 0.168 0.693 0.000 -0.713 0.103 0.986 0.000 0.043 0.160 
0.995 -0.091 -0.030 0.007 0.762 0.000 -0.646 0.049 0.966 0.000 -0.153 -0.208 0.992 0.000 0.006 -0.122 0.775 -0.000 0.601 -0.196 0.666 0.000 -0.739 0.103 0.985 0.000 0.051 0.167 0.694 0.000 -0.713 0.103 0.986 0.000 0.043 0.160 
0.995 -0.090 -0.029 0.007 0.762 -0.000 -0.646 0.049 0.966 -0.000 -0.153 -0.208 0.993 0.000 0.006 -0.122 0.775 0.000 0.601 -0.197 0.666 -0.000 -0.739 0.102 0.984 0.000 0.051 0.168 0.693 -0.000 -0.713 0.103 0.986 0.000 0.043 0.160 
0.995 -0.090 -0.029 0.007 0.762 -0.000 -0.646 0.049 0.966 0.000 -0.154 -0.209 0.993 0.000 0.006 -0.122 0.775 0.000 0.601 -0.198 0.666 0.000 -0.739 0.102 0.984 -0.000 0.051 0.168 0.693 -0.000 -0.713 0.102 0.986 0.000 0.043 0.160 
0.995 -0.090 -0.029 0.007 0.762 -0.000 -0.645 0.049 0.966 0.000 -0.154 -0.208 0.993 0.000 0.006 -0.122 0.775 0.000 0.600 -0.200 0.666 0.000 -0.739 0.102 0.985 0.000 0.051 0.168 0.693 -0.000 -0.713 0.103 0.986 0.000 0.043 0.160 
0.995 -0.090 -0.029 0.007 0.762 -0.000 -0.646 0.049 0.966 0.000 -0.153 -0.208 0.993 -0.000 0.007 -0.122 0.775 -0.000 0.599 -0.202 0.666 0.000 -0.739 0.102 0.985 -0.000 0.051 0.168 0.693 0.000 -0.713 0.102 0.986 0.000 0.043 0.160 
0.995 -0.090 -0.029 0.007 0.762 0.000 -0.646 0.049 0.966 0.000 -0.154 -0.208 0.993 0.000 0.007 -0.121 0.775 0.000 0.598 -0.204 0.666 -0.000 -0.739 0.102 0.984 0.000 0.051 0.168 0.693 -0.000 -0.713 0.102 0.986 0.000 0.043 0.160 
0.995 -0.090 -0.029 0.007 0.762 0.000 -0.646 0.050 0.966 -0.000 -0.153 -0.208 0.993 0.000 0.007 -0.121 0.776 0.000 0.596 -0.207 0.666 0.000 -0.739 0.101 0.984 0.000 0.051 0.168 0.693 0.000 -0.713 0.102 0.986 0.000 0.043 0.160 
0.995 -0.090 -0.029 0.007 0.762 -0.000 -0.646 0.050 0.966 0.000 -0.154 -0.208 0.993 0.000 0.008 -0.121 0.776 -0.000 0.596 -0.209 0.666 0.000 -0.739 0.101 0.984 -0.000 0.051 0.168 0.693 0.000 -0.713 0.102 0.986 0.000 0.043 0.160 
0.995 -0.090 -0.030 0.007 0.762 -0.000 -0.646 0.050 0.966 0.000 -0.154 -0.208 0.993 0.000 0.009 -0.121 0.776 0.000 0.593 -0.213 0.666 0.000 -0.739 0.102 0.985 0.000 0.051 0.168 0.694 0.000 -0.713 0.102 0.986 0.000 0.043 0.160 
0.995 -0.090 -0.029 0.007 0.762 0.000 -0.646 0.049 0.966 -0.000 -0.154 -0.208 0.993 -0.000 0.009 -0.120 0.776 -0.000 0.592 -0.215 0.666 0.000 -0.739 0.101 0.984 -0.000 0.051 0.168 0.693 0.000 -0.713 0.102 0.986 0.000 0.043 0.160 
0.996 -0.090 -0.029 0.007 0.762 0.000 -0.646 0.050 0.966 0.000 -0.154 -0.208 0.993 0.000 0.010 -0.119 0.777 0.000 0.590 -0.219 0.666 -0.000 -0.739 0.101 0.984 0.000 0.051 0.168 0.693 0.000 -0.713 0.102 0.986 -0.000 0.043 0.160 
0.996 -0.090 -0.029 0.007 0.762 0.000 -0.646 0.049 0.966 0.000 -0.154 -0.208 0.993 -0.000 0.010 -0.119 0.776 0.000 0.590 -0.223 0.666 0.000 -0.739 0.101 0.984 0.000 0.051 0.168 0.693 0.000 -0.713 0.101 0.986 0.000 0.043 0.160 
0.996 -0.090 -0.029 0.007 0.762 0.000 -0.646 0.050 0.966 0.000 -0.154 -0.208 0.993 0.000 0.011 -0.118 0.777 0.000 0.587 -0.227 0.666 0.000 -0.739 0.101 0.985 -0.000 0.051 0.168 0.693 0.000 -0.714 0.101 0.986 0.000 0.043 0.160 
0.996 -0.090 -0.029 0.007 0.762 0.000 -0.646 0.050 0.966 0.000 -0.154 -0.208 0.993 -0.000 0.012 -0.118 0.777 -0.000 0.586 -0.231 0.666 0.000 -0.739 0.100 0.985 0.000 0.051 0.168 0.693 0.000 -0.713 0.101 0.986 0.000 0.042 0.160 
0.996 -0.090 -0.029 0.007 0.762 0.000 -0.646 0.050 0.966 0.000 -0.154 -0.208 0.993 0.000 0.013 -0.117 0.777 -0.000 0.583 -0.236 0.666 -0.000 -0.739 0.100 0.984 0.000 0.051 0.168 0.693 0.000 -0.713 0.101 0.986 0.000 0.043 0.160 
0.996 -0.089 -0.029 0.007 0.762 -0.000 -0.646 0.050 0.966 0.000 -0.154 -0.208 0.993 0.000 0.013 -0.117 0.777 0.000 0.581 -0.240 0.666 0.000 -0.739 0.100 0.984 -0.000 0.051 0.168 0.693 0.000 -0.713 0.101 0.986 0.000 0.042 0.160 
0.996 -0.089 -0.029 0.007 0.762 0.000 -0.646 0.050 0.966 0.000 -0.154 -0.208 0.993 0.000 0.014 -0.116 0.778 0.000 0.579 -0.246 0.666 -0.000 -0.739 0.100 0.984 0.000 0.051 0.168 0.693 0.000 -0.714 0.101 0.986 0.000 0.042 0.160 
0.996 -0.089 -0.030 0.007 0.762 0.000 -0.646 0.050 0.966 -0.000 -0.154 -0.208 0.993 0.000 0.016 -0.115 0.778 0.000 0.576 -0.251 0.666 -0.000 -0.739 0.101 0.984 -0.000 0.051 0.168 0.694 0.000 -0.713 0.101 0.986 0.000 0.042 0.160 
0.996 -0.089 -0.029 0.007 0.762 -0.000 -0.646 0.050 0.966 -0.000 -0.154 -0.208 0.993 0.000 0.017 -0.114 0.778 0.000 0.574 -0.256 0.666 -0.000 -0.739 0.100 0.984 -0.000 0.051 0.168 0.693 0.000 -0.714 0.101 0.986 0.000 0.042 0.160 
0.996 -0.089 -0.029 0.007 0.762 -0.000 -0.646 0.050 0.966 0.000 -0.154 -0.208 0.993 0.000 0.018 -0.114 0.778 -0.000 0.571 -0.262 0.666 0.000 -0.739 0.100 0.984 0.000 0.051 0.168 0.693 0.000 -0.714 0.101 0.986 0.000 0.042 0.160 
0.996 -0.089 -0.029 0.007 0.762 0.000 -0.646 0.049 0.966 0.000 -0.154 -0.208 0.993 -0.000 0.019 -0.113 0.778 -0.000 0.568 -0.267 0.666 0.000 -0.739 0.100 0.984 0.000 0.051 0.168 0.693 0.000 -0.714 0.101 0.986 0.000 0.042 0.160 
0.996 -0.089 -0.029 0.007 0.762 0.000 -0.646 0.049 0.966 0.000 -0.154 -0.208 0.993 0.000 0.020 -0.113 0.779 0.000 0.565 -0.273 0.666 0.000 -0.739 0.099 0.984 0.000 0.050 0.168 0.693 -0.000 -0.714 0.100 0.986 0.000 0.043 0.160 
0.996 -0.089 -0.029 0.007 0.762 0.000 -0.646 0.049 0.966 0.000 -0.154 -0.208 0.993 0.000 0.020 -0.113 0.778 0.000 0.564 -0.276 0.666 0.000 -0.739 0.099 0.984 0.000 0.050 0.168 0.693 0.000 -0.714 0.100 0.986 -0.000 0.042 0.160 
0.996 -0.089 -0.029 0.007 0.762 0.000 -0.646 0.049 0.966 0.000 -0.155 -0.208 0.993 0.000 0.021 -0.113 0.778 0.000 0.562 -0.281 0.666 0.000 -0.739 0.099 0.984 -0.000 0.050 0.168 0.693 -0.000 -0.714 0.100 0.986 0.000 0.042 0.160 
0.996 -0.089 -0.029 0.007 0.761 0.000 -0.646 0.049 0.966 0.000 -0.154 -0.208 0.993 0.000 0.022 -0.113 0.778 0.000 0.559 -0.287 0.666 0.000 -0.739 0.099 0.984 -0.000 0.050 0.169 0.693 0.000 -0.714 0.100 0.986 0.000 0.042 0.160 
0.996 -0.089 -0.029 0.007 0.762 0.000 -0.646 0.049 0.966 -0.000 -0.155 -0.208 0.993 0.000 0.024 -0.112 0.779 0.000 0.555 -0.293 0.666 0.000 -0.739 0.099 0.984 0.000 0.050 0.168 0.693 0.000 -0.714 0.099 0.986 -0.000 0.042 0.160 
0.996 -0.089 -0.029 0.007 0.762 0.000 -0.646 0.049 0.966 0.000 -0.155 -0.208 0.993 0.000 0.026 -0.111 0.780 0.000 0.551 -0.298 0.666 -0.000 -0.739 0.098 0.984 0.000 0.050 0.169 0.693 0.000 -0.714 0.099 0.986 0.000 0.042 0.160 
0.996 -0.088 -0.029 0.007 0.761 -0.000 -0.646 0.049 0.966 0.000 -0.155 -0.208 0.993 0.000 0.028 -0.111 0.780 0.000 0.547 -0.304 0.666 0.000 -0.739 0.098 0.984 0.000 0.050 0.169 0.693 -0.000 -0.714 0.099 0.986 -0.000 0.042 0.161 
0.996 -0.088 -0.029 0.007 0.762 0.000 -0.646 0.049 0.966 0.000 -0.155 -0.208 0.993 0.000 0.029 -0.111 0.781 0.000 0.543 -0.308 0.666 0.000 -0.739 0.098 0.984 0.000 0.050 0.169 0.693 0.000 -0.714 0.099 0.986 0.000 0.042 0.160 
0.996 -0.088 -0.029 0.007 0.762 -0.000 -0.646 0.049 0.966 0.000 -0.155 -0.208 0.993 0.000 0.031 -0.110 0.781 -0.000 0.539 -0.315 0.666 0.000 -0.739 0.098 0.984 0.000 0.050 0.169 0.693 0.000 -0.714 0.099 0.986 0.000 0.042 0.161 
0.996 -0.088 -0.029 0.007 0.762 0.000 -0.646 0.049 0.966 0.000 -0.155 -0.208 0.993 0.000 0.034 -0.109 0.782 0.000 0.533 -0.322 0.667 0.000 -0.739 0.098 0.984 0.000 0.050 0.169 0.693 0.000 -0.714 0.098 0.986 0.000 0.042 0.161 
0.996 -0.088 -0.029 0.008 0.762 0.000 -0.646 0.049 0.966 0.000 -0.155 -0.208 0.993 0.000 0.036 -0.109 0.783 0.000 0.528 -0.328 0.666 0.000 -0.739 0.098 0.984 -0.000 0.050 0.169 0.693 -0.000 -0.714 0.098 0.986 0.000 0.043 0.160 
0.996 -0.088 -0.029 0.008 0.762 0.000 -0.646 0.049 0.966 0.000 -0.155 -0.208 0.993 0.000 0.039 -0.109 0.784 0.000 0.523 -0.335 0.667 0.000 -0.739 0.098 0.984 0.000 0.050 0.169 0.693 0.000 -0.714 0.098 0.986 -0.000 0.042 0.160 
0.996 -0.088 -0.029 0.008 0.762 0.000 -0.646 0.049 0.966 0.000 -0.155 -0.208 0.993 -0.000 0.043 -0.107 0.785 -0.000 0.516 -0.343 0.667 0.000 -0.739 0.097 0.984 0.000 0.050 0.169 0.693 0.000 -0.714 0.098 0.986 0.000 0.042 0.161 
0.996 -0.088 -0.029 0.008 0.762 0.000 -0.646 0.049 0.966 0.000 -0.155 -0.208 0.993 0.000 0.046 -0.106 0.786 0.000 0.510 -0.349 0.667 0.000 -0.739 0.097 0.984 0.000 0.050 0.169 0.693 0.000 -0.714 0.098 0.986 0.000 0.042 0.161 
0.996 -0.088 -0.029 0.008 0.762 0.000 -0.646 0.049 0.966 0.000 -0.156 -0.208 0.993 0.000 0.049 -0.105 0.787 -0.000 0.504 -0.356 0.666 0.000 -0.739 0.097 0.984 0.000 0.050 0.169 0.693 0.000 -0.714 0.098 0.986 0.000 0.042 0.161 
0.996 -0.088 -0.029 0.008 0.762 0.000 -0.645 0.049 0.966 0.000 -0.156 -0.208 0.993 0.000 0.052 -0.105 0.788 0.000 0.499 -0.362 0.666 0.000 -0.739 0.097 0.984 0.000 0.050 0.169 0.693 0.000 -0.714 0.098 0.986 0.000 0.042 0.161 
0.996 -0.088 -0.029 0.008 0.763 0.000 -0.645 0.049 0.966 -0.000 -0.156 -0.208 0.993 0.000 0.055 -0.106 0.789 0.000 0.493 -0.367 0.666 0.000 -0.739 0.097 0.984 0.000 0.050 0.169 0.693 0.000 -0.714 0.098 0.986 -0.000 0.042 0.161 
0.996 -0.087 -0.029 0.008 0.763 0.000 -0.645 0.049 0.966 0.000 -0.157 -0.208 0.993 0.000 0.059 -0.105 0.790 -0.000 0.486 -0.374 0.666 0.000 -0.739 0.097 0.984 0.000 0.050 0.169 0.693 0.000 -0.714 0.097 0.986 0.000 0.042 0.160 
0.996 -0.087 -0.029 0.007 0.763 0.000 -0.645 0.049 0.966 0.000 -0.157 -0.208 0.993 -0.000 0.062 -0.105 0.791 0.000 0.480 -0.380 0.666 0.000 -0.739 0.097 0.984 0.000 0.050 0.169 0.693 0.000 -0.714 0.097 0.986 0.000 0.042 0.160 
0.996 -0.087 -0.029 0.008 0.763 0.000 -0.645 0.049 0.966 -0.000 -0.157 -0.208 0.992 0.000 0.066 -0.105 0.791 0.000 0.474 -0.387 0.666 0.000 -0.739 0.097 0.984 0.000 0.049 0.169 0.693 0.000 -0.714 0.097 0.986 0.000 0.042 0.160 
0.996 -0.087 -0.029 0.007 0.763 0.000 -0.644 0.049 0.966 -0.000 -0.157 -0.207 0.992 0.000 0.069 -0.104 0.793 0.000 0.466 -0.393 0.666 -0.000 -0.739 0.097 0.984 0.000 0.050 0.168 0.693 0.000 -0.714 0.097 0.986 0.000 0.042 0.161 
0.996 -0.087 -0.029 0.007 0.763 0.000 -0.644 0.049 0.966 0.000 -0.157 -0.207 0.992 0.000 0.073 -0.104 0.794 0.000 0.458 -0.400 0.666 -0.000 -0.739 0.096 0.984 0.000 0.050 0.169 0.693 0.000 -0.714 0.097 0.986 0.000 0.042 0.161 
0.996 -0.087 -0.029 0.007 0.763 0.000 -0.644 0.049 0.966 0.000 -0.157 -0.207 0.992 0.000 0.077 -0.104 0.796 0.000 0.450 -0.406 0.666 0.000 -0.739 0.096 0.984 0.000 0.050 0.169 0.693 0.000 -0.714 0.097 0.986 0.000 0.042 0.161 
0.996 -0.087 -0.029 0.007 0.764 0.000 -0.644 0.049 0.966 0.000 -0.157 -0.207 0.991 0.000 0.081 -0.104 0.797 0.000 0.442 -0.412 0.666 0.000 -0.739 0.096 0.984 0.000 0.050 0.169 0.693 -0.000 -0.714 0.097 0.986 0.000 0.041 0.160 
0.996 -0.087 -0.029 0.007 0.764 0.000 -0.644 0.049 0.966 -0.000 -0.157 -0.207 0.991 0.000 0.085 -0.104 0.798 0.000 0.434 -0.418 0.666 0.000 -0.739 0.096 0.984 0.000 0.050 0.169 0.693 -0.000 -0.714 0.097 0.986 0.000 0.042 0.161 
0.996 -0.087 -0.030 0.007 0.764 0.000 -0.644 0.049 0.966 0.000 -0.157 -0.207 0.991 0.000 0.089 -0.105 0.799 -0.000 0.425 -0.425 0.666 0.000 -0.740 0.097 0.984 0.000 0.050 0.168 0.694 0.000 -0.714 0.097 0.986 0.000 0.042 0.160 
0.996 -0.087 -0.029 0.007 0.764 0.000 -0.643 0.049 0.966 -0.000 -0.157 -0.206 0.990 0.000 0.092 -0.105 0.801 0.000 0.417 -0.430 0.666 0.000 -0.739 0.096 0.985 -0.000 0.049 0.168 0.693 0.000 -0.714 0.097 0.986 0.000 0.042 0.160 
0.996 -0.087 -0.029 0.007 0.764 0.000 -0.643 0.049 0.966 -0.000 -0.157 -0.206 0.990 0.000 0.095 -0.106 0.802 0.000 0.408 -0.437 0.666 0.000 -0.739 0.096 0.985 0.000 0.049 0.168 0.694 -0.000 -0.714 0.097 0.986 0.000 0.042 0.160 
0.996 -0.087 -0.029 0.007 0.764 0.000 -0.643 0.049 0.966 0.000 -0.157 -0.206 0.989 0.000 0.099 -0.106 0.803 -0.000 0.398 -0.443 0.666 0.000 -0.739 0.096 0.984 0.000 0.049 0.168 0.693 0.000 -0.714 0.097 0.986 -0.000 0.042 0.161 
0.996 -0.087 -0.029 0.007 0.764 0.000 -0.643 0.049 0.966 -0.000 -0.157 -0.206 0.989 0.000 0.102 -0.107 0.804 0.000 0.389 -0.449 0.666 0.000 -0.739 0.096 0.984 0.000 0.049 0.168 0.693 -0.000 -0.714 0.097 0.986 -0.000 0.041 0.160 
0.996 -0.087 -0.029 0.007 0.764 0.000 -0.643 0.049 0.966 0.000 -0.157 -0.206 0.989 0.000 0.106 -0.108 0.806 0.000 0.379 -0.455 0.666 0.000 -0.740 0.096 0.984 0.000 0.049 0.168 0.693 0.000 -0.714 0.097 0.986 -0.000 0.042 0.161 
0.996 -0.087 -0.030 0.007 0.764 -0.000 -0.643 0.049 0.966 0.000 -0.157 -0.206 0.988 -0.000 0.110 -0.109 0.807 0.000 0.369 -0.461 0.666 -0.000 -0.740 0.096 0.984 -0.000 0.049 0.168 0.694 0.000 -0.714 0.097 0.986 -0.000 0.042 0.160 
0.996 -0.087 -0.030 0.007 0.764 -0.000 -0.643 0.049 0.966 0.000 -0.157 -0.206 0.988 0.000 0.113 -0.109 0.808 0.000 0.358 -0.467 0.666 -0.000 -0.740 0.096 0.984 -0.000 0.049 0.168 0.694 0.000 -0.714 0.097 0.986 0.000 0.042 0.161 
0.996 -0.087 -0.030 0.007 0.764 0.000 -0.643 0.050 0.966 0.000 -0.158 -0.206 0.987 0.000 0.117 -0.110 0.810 0.000 0.347 -0.473 0.666 0.000 -0.740 0.097 0.984 -0.000 0.050 0.168 0.694 0.000 -0.714 0.097 0.986 0.000 0.042 0.161 
0.996 -0.087 -0.029 0.007 0.765 0.000 -0.643 0.049 0.966 0.000 -0.158 -0.205 0.987 0.000 0.120 -0.111 0.811 0.000 0.337 -0.479 0.666 0.000 -0.740 0.096 0.984 0.000 0.049 0.169 0.693 0.000 -0.714 0.097 0.986 0.000 0.042 0.161 
0.996 -0.087 -0.029 0.007 0.765 0.000 -0.642 0.049 0.966 -0.000 -0.158 -0.205 0.986 0.000 0.122 -0.112 0.812 0.000 0.327 -0.484 0.666 -0.000 -0.739 0.096 0.984 0.000 0.049 0.169 0.693 -0.000 -0.714 0.097 0.986 0.000 0.042 0.160 
0.996 -0.087 -0.029 0.007 0.765 0.000 -0.643 0.049 0.966 -0.000 -0.158 -0.206 0.986 -0.000 0.125 -0.113 0.813 0.000 0.317 -0.489 0.666 0.000 -0.739 0.096 0.984 0.000 0.049 0.169 0.693 0.000 -0.714 0.097 0.986 0.000 0.042 0.160 
0.996 -0.087 -0.029 0.007 0.765 0.000 -0.642 0.049 0.966 0.000 -0.158 -0.206 0.985 -0.000 0.128 -0.115 0.814 0.000 0.306 -0.494 0.666 0.000 -0.739 0.096 0.984 0.000 0.049 0.169 0.693 0.000 -0.714 0.097 0.986 0.000 0.041 0.161 
0.996 -0.087 -0.029 0.007 0.765 0.000 -0.642 0.049 0.966 0.000 -0.158 -0.206 0.985 0.000 0.130 -0.116 0.814 0.000 0.297 -0.499 0.666 0.000 -0.740 0.095 0.984 0.000 0.049 0.169 0.693 0.000 -0.714 0.096 0.986 0.000 0.042 0.160 
0.996 -0.087 -0.029 0.007 0.765 0.000 -0.642 0.049 0.966 0.000 -0.158 -0.206 0.984 -0.000 0.132 -0.117 0.815 0.000 0.287 -0.503 0.666 0.000 -0.740 0.095 0.984 0.000 0.049 0.169 0.693 0.000 -0.714 0.096 0.986 0.000 0.042 0.161 
0.996 -0.086 -0.029 0.007 0.765 0.000 -0.643 0.049 0.966 0.000 -0.158 -0.206 0.984 0.000 0.135 -0.118 0.816 0.000 0.276 -0.507 0.666 0.000 -0.740 0.095 0.984 0.000 0.049 0.169 0.693 0.000 -0.714 0.096 0.986 -0.000 0.041 0.161 
0.996 -0.086 -0.029 0.007 0.765 0.000 -0.643 0.049 0.966 0.000 -0.158 -0.206 0.983 0.000 0.136 -0.120 0.817 0.000 0.266 -0.511 0.666 0.000 -0.740 0.095 0.984 0.000 0.049 0.169 0.693 0.000 -0.714 0.096 0.986 0.000 0.041 0.161 
0.996 -0.086 -0.029 0.007 0.764 0.000 -0.643 0.049 0.966 0.000 -0.158 -0.206 0.983 -0.000 0.138 -0.121 0.818 0.000 0.257 -0.515 0.666 0.000 -0.740 0.095 0.984 0.000 0.049 0.169 0.693 0.000 -0.714 0.096 0.986 0.000 0.041 0.161 
0.996 -0.086 -0.029 0.007 0.764 0.000 -0.643 0.049 0.966 0.000 -0.158 -0.206 0.983 0.000 0.140 -0.123 0.818 -0.000 0.247 -0.519 0.666 0.000 -0.740 0.095 0.984 0.000 0.049 0.169 0.693 0.000 -0.714 0.096 0.986 0.000 0.041 0.161 
0.996 -0.086 -0.029 0.007 0.764 -0.000 -0.643 0.048 0.966 -0.000 -0.158 -0.206 0.982 0.000 0.141 -0.124 0.819 -0.000 0.239 -0.522 0.666 0.000 -0.740 0.095 0.984 0.000 0.049 0.169 0.693 0.000 -0.714 0.096 0.986 0.000 0.041 0.161 
0.996 -0.086 -0.030 0.007 0.764 0.000 -0.643 0.049 0.966 0.000 -0.158 -0.206 0.982 0.000 0.142 -0.125 0.819 0.000 0.230 -0.525 0.666 0.000 -0.740 0.094 0.984 0.000 0.049 0.169 0.694 0.000 -0.714 0.096 0.986 0.000 0.041 0.161 
0.996 -0.086 -0.029 0.007 0.764 0.000 -0.643 0.048 0.966 0.000 -0.158 -0.205 0.982 0.000 0.143 -0.127 0.819 -0.000 0.222 -0.528 0.666 0.000 -0.740 0.094 0.984 0.000 0.049 0.169 0.693 0.000 -0.714 0.095 0.986 0.000 0.042 0.161 
0.996 -0.086 -0.029 0.007 0.764 0.000 -0.644 0.048 0.966 0.000 -0.157 -0.205 0.981 0.000 0.144 -0.128 0.820 0.000 0.215 -0.531 0.666 0.000 -0.740 0.094 0.984 0.000 0.049 0.169 0.693 0.000 -0.714 0.095 0.986 -0.000 0.041 0.161 
0.996 -0.086 -0.029 0.007 0.764 0.000 -0.644 0.048 0.966 0.000 -0.157 -0.206 0.981 0.000 0.145 -0.130 0.820 0.000 0.207 -0.533 0.666 0.000 -0.740 0.094 0.984 0.000 0.049 0.169 0.693 0.000 -0.714 0.095 0.986 -0.000 0.041 0.161 
0.996 -0.086 -0.029 0.007 0.763 0.000 -0.644 0.048 0.966 0.000 -0.158 -0.206 0.981 0.000 0.146 -0.131 0.820 0.000 0.200 -0.536 0.666 0.000 -0.740 0.094 0.984 0.000 0.049 0.169 0.693 0.000 -0.714 0.095 0.986 0.000 0.041 0.161 
0.996 -0.086 -0.029 0.006 0.763 0.000 -0.644 0.048 0.966 0.000 -0.158 -0.206 0.980 -0.000 0.147 -0.132 0.821 0.000 0.192 -0.538 0.666 0.000 -0.740 0.094 0.984 0.000 0.049 0.169 0.693 0.000 -0.714 0.095 0.986 0.000 0.041 0.161 
0.996 -0.085 -0.030 0.006 0.763 0.000 -0.645 0.048 0.966 0.000 -0.157 -0.206 0.980 -0.000 0.148 -0.132 0.820 0.000 0.185 -0.541 0.666 0.000 -0.740 0.093 0.984 0.000 0.049 0.169 0.693 0.000 -0.714 0.095 0.986 0.000 0.041 0.161 
0.996 -0.085 -0.029 0.006 0.763 0.000 -0.645 0.048 0.966 0.000 -0.157 -0.206 0.980 0.000 0.149 -0.133 0.821 0.000 0.178 -0.543 0.667 0.000 -0.740 0.093 0.984 0.000 0.049 0.169 0.693 0.000 -0.714 0.094 0.986 0.000 0.041 0.161 
0.996 -0.085 -0.030 0.006 0.763 0.000 -0.645 0.048 0.966 0.000 -0.157 -0.207 0.979 0.000 0.152 -0.133 0.821 -0.000 0.170 -0.545 0.666 0.000 -0.740 0.092 0.984 0.000 0.049 0.170 0.693 0.000 -0.714 0.094 0.986 0.000 0.040 0.161 
0.996 -0.085 -0.030 0.006 0.762 -0.000 -0.645 0.048 0.966 0.000 -0.157 -0.207 0.979 -0.000 0.153 -0.134 0.821 0.000 0.163 -0.547 0.667 0.000 -0.740 0.092 0.984 0.000 0.049 0.170 0.693 0.000 -0.714 0.094 0.986 -0.000 0.040 0.161 
0.996 -0.085 -0.030 0.006 0.762 0.000 -0.646 0.049 0.966 0.000 -0.157 -0.207 0.979 0.000 0.154 -0.134 0.821 0.000 0.156 -0.549 0.666 0.000 -0.740 0.092 0.984 0.000 0.049 0.170 0.693 0.000 -0.714 0.094 0.986 -0.000 0.040 0.161 
0.996 -0.085 -0.030 0.005 0.762 0.000 -0.646 0.049 0.965 0.000 -0.157 -0.208 0.979 0.000 0.154 -0.134 0.821 0.000 0.150 -0.551 0.667 0.000 -0.740 0.092 0.984 -0.000 0.049 0.169 0.693 0.000 -0.714 0.094 0.986 0.000 0.040 0.161 
0.996 -0.084 -0.030 0.005 0.762 0.000 -0.646 0.049 0.965 0.000 -0.157 -0.208 0.979 0.000 0.155 -0.135 0.821 0.000 0.144 -0.553 0.667 0.000 -0.740 0.091 0.984 0.000 0.049 0.169 0.693 0.000 -0.715 0.094 0.986 0.000 0.040 0.161 
0.996 -0.084 -0.030 0.005 0.762 0.000 -0.646 0.049 0.965 0.000 -0.157 -0.208 0.979 0.000 0.156 -0.135 0.821 0.000 0.137 -0.555 0.667 0.000 -0.740 0.091 0.984 -0.000 0.049 0.169 0.693 0.000 -0.715 0.093 0.986 0.000 0.040 0.161 
0.996 -0.084 -0.030 0.004 0.761 -0.000 -0.646 0.050 0.965 0.000 -0.158 -0.208 0.978 0.000 0.157 -0.135 0.821 0.000 0.130 -0.556 0.666 0.000 -0.740 0.090 0.984 0.000 0.049 0.169 0.693 0.000 -0.715 0.093 0.986 0.000 0.040 0.161 
0.996 -0.084 -0.030 0.004 0.761 0.000 -0.647 0.050 0.965 0.000 -0.158 -0.208 0.978 -0.000 0.157 -0.135 0.821 0.000 0.124 -0.557 0.667 0.000 -0.740 0.090 0.984 -0.000 0.049 0.170 0.693 0.000 -0.715 0.093 0.986 0.000 0.040 0.161 
0.996 -0.084 -0.030 0.004 0.761 0.000 -0.647 0.050 0.965 0.000 -0.158 -0.208 0.978 0.000 0.158 -0.136 0.821 0.000 0.118 -0.558 0.666 0.000 -0.740 0.090 0.984 0.000 0.049 0.169 0.693 0.000 -0.715 0.093 0.986 0.000 0.040 0.160 
0.996 -0.084 -0.030 0.004 0.761 0.000 -0.647 0.051 0.965 0.000 -0.158 -0.208 0.978 0.000 0.159 -0.137 0.822 -0.000 0.111 -0.559 0.666 0.000 -0.741 0.090 0.984 0.000 0.049 0.169 0.694 0.000 -0.714 0.093 0.986 0.000 0.040 0.160 
0.996 -0.084 -0.030 0.003 0.761 0.000 -0.647 0.051 0.965 0.000 -0.158 -0.208 0.978 0.000 0.159 -0.137 0.822 0.000 0.106 -0.560 0.666 0.000 -0.740 0.089 0.984 -0.000 0.049 0.170 0.693 0.000 -0.714 0.093 0.986 0.000 0.040 0.160 
0.996 -0.083 -0.030 0.003 0.760 0.000 -0.647 0.051 0.965 0.000 -0.159 -0.208 0.978 0.000 0.160 -0.137 0.822 0.000 0.100 -0.561 0.666 0.000 -0.740 0.089 0.984 0.000 0.049 0.169 0.693 0.000 -0.714 0.093 0.986 0.000 0.040 0.160 
0.996 -0.083 -0.030 0.002 0.760 0.000 -0.648 0.051 0.965 0.000 -0.159 -0.208 0.978 0.000 0.160 -0.137 0.822 0.000 0.094 -0.562 0.666 0.000 -0.740 0.089 0.984 -0.000 0.049 0.169 0.693 0.000 -0.715 0.093 0.986 0.000 0.039 0.160 
0.996 -0.083 -0.030 0.002 0.760 0.000 -0.648 0.052 0.965 0.000 -0.159 -0.208 0.977 0.000 0.161 -0.138 0.822 0.000 0.088 -0.563 0.666 0.000 -0.741 0.089 0.984 0.000 0.049 0.169 0.694 0.000 -0.714 0.093 0.986 0.000 0.040 0.160 
0.996 -0.083 -0.030 0.002 0.760 0.000 -0.648 0.052 0.965 0.000 -0.159 -0.207 0.977 0.000 0.162 -0.138 0.822 -0.000 0.083 -0.564 0.666 0.000 -0.740 0.088 0.984 -0.000 0.049 0.170 0.693 0.000 -0.715 0.093 0.986 -0.000 0.039 0.160 
0.996 -0.083 -0.030 0.002 0.760 0.000 -0.648 0.053 0.965 0.000 -0.159 -0.207 0.977 0.000 0.162 -0.139 0.822 0.000 0.076 -0.564 0.667 0.000 -0.740 0.089 0.984 0.000 0.049 0.169 0.693 0.000 -0.715 0.093 0.986 0.000 0.039 0.160 
0.996 -0.083 -0.030 0.002 0.760 0.000 -0.648 0.053 0.965 0.000 -0.159 -0.207 0.976 0.000 0.165 -0.139 0.823 -0.000 0.067 -0.565 0.667 0.000 -0.740 0.089 0.984 0.000 0.049 0.169 0.693 -0.000 -0.715 0.093 0.986 0.000 0.039 0.160 
0.996 -0.083 -0.030 0.002 0.759 -0.000 -0.648 0.053 0.966 0.000 -0.159 -0.206 0.976 -0.000 0.165 -0.140 0.823 0.000 0.061 -0.565 0.667 0.000 -0.740 0.088 0.984 0.000 0.049 0.169 0.693 0.000 -0.715 0.093 0.986 -0.000 0.039 0.160 
0.996 -0.083 -0.030 0.002 0.759 -0.000 -0.648 0.054 0.966 0.000 -0.159 -0.206 0.976 -0.000 0.166 -0.141 0.824 0.000 0.054 -0.565 0.667 0.000 -0.740 0.088 0.984 0.000 0.049 0.169 0.693 -0.000 -0.715 0.092 0.986 0.000 0.039 0.160 
0.996 -0.083 -0.030 0.002 0.759 0.000 -0.649 0.054 0.966 0.000 -0.159 -0.205 0.976 0.000 0.166 -0.141 0.824 0.000 0.048 -0.565 0.667 0.000 -0.740 0.089 0.984 0.000 0.049 0.169 0.693 0.000 -0.715 0.093 0.986 0.000 0.040 0.160 
0.996 -0.083 -0.030 0.002 0.759 0.000 -0.649 0.055 0.966 0.000 -0.159 -0.205 0.976 0.000 0.167 -0.142 0.824 0.000 0.041 -0.565 0.667 0.000 -0.740 0.089 0.984 0.000 0.049 0.169 0.693 0.000 -0.715 0.093 0.986 0.000 0.039 0.160 
0.996 -0.083 -0.030 0.002 0.759 -0.000 -0.649 0.055 0.966 0.000 -0.159 -0.204 0.975 0.000 0.167 -0.144 0.825 -0.000 0.034 -0.564 0.667 0.000 -0.740 0.089 0.984 0.000 0.049 0.169 0.693 -0.000 -0.715 0.093 0.986 0.000 0.039 0.160 
0.996 -0.083 -0.030 0.002 0.759 -0.000 -0.649 0.056 0.966 0.000 -0.159 -0.204 0.975 0.000 0.168 -0.144 0.825 -0.000 0.028 -0.564 0.667 -0.000 -0.740 0.089 0.984 0.000 0.049 0.169 0.693 0.000 -0.715 0.093 0.986 0.000 0.039 0.160 
0.996 -0.083 -0.030 0.002 0.758 0.000 -0.649 0.057 0.966 0.000 -0.158 -0.205 0.975 0.000 0.168 -0.146 0.826 0.000 0.021 -0.564 0.667 0.000 -0.740 0.089 0.984 -0.000 0.049 0.168 0.693 0.000 -0.715 0.093 0.986 -0.000 0.040 0.160 
0.996 -0.083 -0.030 0.002 0.758 0.000 -0.649 0.057 0.966 0.000 -0.158 -0.204 0.975 0.000 0.168 -0.147 0.826 -0.000 0.015 -0.563 0.666 0.000 -0.740 0.089 0.984 0.000 0.049 0.169 0.693 0.000 -0.715 0.093 0.986 0.000 0.040 0.160 
0.996 -0.083 -0.030 0.002 0.758 -0.000 -0.650 0.058 0.966 0.000 -0.159 -0.204 0.975 0.000 0.168 -0.148 0.827 0.000 0.008 -0.563 0.666 0.000 -0.740 0.089 0.984 0.000 0.049 0.169 0.693 -0.000 -0.715 0.093 0.986 0.000 0.040 0.160 
0.996 -0.083 -0.030 0.002 0.758 0.000 -0.650 0.058 0.966 -0.000 -0.159 -0.204 0.974 0.000 0.168 -0.148 0.827 0.000 0.001 -0.562 0.667 0.000 -0.740 0.089 0.984 -0.000 0.049 0.168 0.693 0.000 -0.715 0.093 0.986 0.000 0.040 0.160 
0.996 -0.083 -0.030 0.002 0.758 0.000 -0.650 0.058 0.966 0.000 -0.159 -0.204 0.974 0.000 0.168 -0.149 0.827 0.000 -0.005 -0.562 0.666 -0.000 -0.740 0.089 0.984 0.000 0.049 0.169 0.693 0.000 -0.715 0.093 0.986 -0.000 0.040 0.160 
0.996 -0.083 -0.030 0.002 0.758 0.000 -0.650 0.059 0.966 -0.000 -0.159 -0.204 0.974 0.000 0.168 -0.150 0.827 -0.000 -0.011 -0.562 0.667 0.000 -0.740 0.089 0.984 0.000 0.049 0.168 0.693 0.000 -0.715 0.093 0.986 0.000 0.040 0.160 
0.996 -0.083 -0.030 0.002 0.757 0.000 -0.650 0.059 0.966 0.000 -0.159 -0.203 0.974 0.000 0.168 -0.151 0.828 0.000 -0.017 -0.561 0.667 0.000 -0.740 0.090 0.985 0.000 0.049 0.168 0.693 0.000 -0.715 0.093 0.986 -0.000 0.040 0.160 
0.996 -0.083 -0.030 0.002 0.757 0.000 -0.650 0.060 0.966 0.000 -0.159 -0.203 0.974 0.000 0.168 -0.152 0.828 0.000 -0.023 -0.560 0.667 -0.000 -0.740 0.089 0.984 0.000 0.049 0.169 0.693 0.000 -0.715 0.093 0.986 0.000 0.040 0.160 
0.996 -0.083 -0.030 0.002 0.757 0.000 -0.651 0.060 0.966 -0.000 -0.158 -0.203 0.974 -0.000 0.167 -0.153 0.829 0.000 -0.029 -0.559 0.667 0.000 -0.740 0.089 0.984 0.000 0.049 0.168 0.693 0.000 -0.715 0.093 0.986 0.000 0.040 0.160 
0.996 -0.083 -0.030 0.002 0.757 0.000 -0.651 0.060 0.966 0.000 -0.159 -0.203 0.974 0.000 0.167 -0.154 0.829 0.000 -0.036 -0.558 0.667 0.000 -0.740 0.089 0.984 0.000 0.049 0.169 0.693 -0.000 -0.715 0.093 0.986 0.000 0.039 0.160 
0.996 -0.083 -0.030 0.003 0.757 0.000 -0.651 0.061 0.966 0.000 -0.159 -0.203 0.974 0.000 0.167 -0.155 0.829 0.000 -0.042 -0.557 0.667 0.000 -0.740 0.090 0.985 0.000 0.049 0.168 0.693 0.000 -0.715 0.093 0.986 0.000 0.039 0.160 
0.996 -0.083 -0.030 0.003 0.757 0.000 -0.651 0.061 0.966 0.000 -0.159 -0.203 0.974 0.000 0.166 -0.156 0.829 0.000 -0.048 -0.557 0.667 0.000 -0.740 0.090 0.984 0.000 0.049 0.168 0.693 0.000 -0.715 0.093 0.986 0.000 0.040 0.160 
0.996 -0.083 -0.030 0.003 0.756 0.000 -0.651 0.061 0.966 0.000 -0.159 -0.203 0.974 0.000 0.166 -0.156 0.829 0.000 -0.053 -0.556 0.667 0.000 -0.740 0.090 0.985 0.000 0.049 0.168 0.693 0.000 -0.715 0.093 0.986 0.000 0.040 0.160 
0.996 -0.083 -0.030 0.003 0.756 0.000 -0.651 0.061 0.966 0.000 -0.158 -0.203 0.974 0.000 0.165 -0.157 0.830 0.000 -0.059 -0.555 0.667 0.000 -0.740 0.089 0.984 0.000 0.049 0.168 0.693 -0.000 -0.715 0.093 0.986 0.000 0.039 0.160 
0.996 -0.082 -0.030 0.003 0.756 0.000 -0.652 0.062 0.966 0.000 -0.158 -0.203 0.974 0.000 0.164 -0.158 0.830 0.000 -0.064 -0.555 0.667 0.000 -0.740 0.089 0.984 0.000 0.049 0.168 0.693 0.000 -0.715 0.092 0.986 -0.000 0.039 0.160 
0.996 -0.082 -0.030 0.003 0.756 0.000 -0.652 0.062 0.966 0.000 -0.158 -0.203 0.974 0.000 0.164 -0.159 0.830 0.000 -0.070 -0.554 0.667 0.000 -0.740 0.090 0.985 0.000 0.049 0.168 0.693 0.000 -0.715 0.093 0.986 0.000 0.040 0.160 
0.996 -0.082 -0.030 0.003 0.756 0.000 -0.652 0.062 0.966 0.000 -0.158 -0.203 0.974 0.000 0.163 -0.159 0.830 0.000 -0.075 -0.553 0.667 0.000 -0.740 0.089 0.985 -0.000 0.049 0.168 0.693 -0.000 -0.715 0.092 0.986 -0.000 0.040 0.160 
0.996 -0.082 -0.030 0.003 0.756 -0.000 -0.652 0.062 0.966 0.000 -0.158 -0.203 0.974 -0.000 0.162 -0.160 0.831 0.000 -0.079 -0.551 0.667 0.000 -0.740 0.089 0.985 0.000 0.049 0.168 0.693 0.000 -0.715 0.092 0.986 -0.000 0.040 0.160 
0.996 -0.082 -0.030 0.003 0.755 0.000 -0.652 0.062 0.966 0.000 -0.158 -0.203 0.974 -0.000 0.161 -0.161 0.831 0.000 -0.084 -0.550 0.667 0.000 -0.740 0.089 0.985 0.000 0.049 0.168 0.693 0.000 -0.715 0.092 0.986 0.000 0.040 0.160 
0.996 -0.082 -0.030 0.003 0.755 0.000 -0.653 0.062 0.966 0.000 -0.158 -0.203 0.974 0.000 0.160 -0.161 0.831 0.000 -0.089 -0.549 0.667 0.000 -0.740 0.089 0.985 0.000 0.049 0.168 0.693 0.000 -0.715 0.092 0.986 0.000 0.039 0.160 
0.996 -0.082 -0.030 0.003 0.755 0.000 -0.653 0.062 0.966 0.000 -0.159 -0.203 0.974 0.000 0.159 -0.162 0.831 0.000 -0.094 -0.548 0.667 0.000 -0.740 0.089 0.985 0.000 0.049 0.168 0.693 0.000 -0.715 0.092 0.986 0.000 0.039 0.160 
0.996 -0.082 -0.030 0.003 0.755 0.000 -0.653 0.062 0.966 0.000 -0.159 -0.203 0.974 0.000 0.159 -0.163 0.831 0.000 -0.098 -0.547 0.667 -0.000 -0.740 0.089 0.985 0.000 0.049 0.168 0.693 0.000 -0.715 0.092 0.986 -0.000 0.039 0.160 
0.996 -0.082 -0.030 0.003 0.755 0.000 -0.653 0.062 0.966 -0.000 -0.158 -0.204 0.974 0.000 0.158 -0.163 0.831 0.000 -0.103 -0.546 0.667 0.000 -0.740 0.089 0.985 0.000 0.049 0.168 0.693 0.000 -0.715 0.092 0.986 0.000 0.039 0.160 
0.996 -0.082 -0.030 0.003 0.755 0.000 -0.653 0.062 0.966 0.000 -0.158 -0.204 0.974 0.000 0.157 -0.164 0.831 -0.000 -0.107 -0.545 0.667 0.000 -0.740 0.089 0.985 0.000 0.049 0.168 0.693 0.000 -0.715 0.092 0.986 0.000 0.039 0.160 
0.996 -0.082 -0.030 0.003 0.754 0.000 -0.653 0.062 0.966 0.000 -0.159 -0.204 0.974 0.000 0.156 -0.164 0.831 0.000 -0.112 -0.544 0.667 0.000 -0.740 0.089 0.985 0.000 0.049 0.168 0.693 0.000 -0.715 0.092 0.986 0.000 0.039 0.160 
0.996 -0.082 -0.030 0.003 0.754 0.000 -0.654 0.062 0.966 0.000 -0.159 -0.204 0.974 0.000 0.155 -0.165 0.831 0.000 -0.116 -0.543 0.667 -0.000 -0.740 0.089 0.985 -0.000 0.049 0.168 0.693 0.000 -0.715 0.092 0.986 0.000 0.039 0.160 
0.996 -0.082 -0.030 0.004 0.754 0.000 -0.654 0.061 0.966 0.000 -0.158 -0.204 0.974 0.000 0.154 -0.165 0.832 -0.000 -0.120 -0.542 0.667 0.000 -0.740 0.089 0.985 0.000 0.049 0.168 0.693 0.000 -0.715 0.092 0.986 0.000 0.039 0.160 
0.996 -0.082 -0.030 0.004 0.754 0.000 -0.654 0.061 0.966 0.000 -0.158 -0.204 0.974 0.000 0.154 -0.166 0.832 -0.000 -0.124 -0.541 0.667 0.000 -0.740 0.089 0.985 0.000 0.049 0.168 0.693 0.000 -0.715 0.092 0.986 0.000 0.039 0.160 
0.996 -0.082 -0.030 0.004 0.754 0.000 -0.654 0.061 0.966 0.000 -0.159 -0.204 0.974 0.000 0.153 -0.166 0.832 0.000 -0.128 -0.540 0.667 0.000 -0.740 0.089 0.985 0.000 0.049 0.168 0.693 0.000 -0.715 0.091 0.986 0.000 0.039 0.160 
0.996 -0.081 -0.030 0.004 0.754 0.000 -0.654 0.061 0.966 0.000 -0.159 -0.204 0.974 0.000 0.152 -0.167 0.832 0.000 -0.131 -0.539 0.667 0.000 -0.740 0.089 0.985 0.000 0.049 0.168 0.693 0.000 -0.715 0.091 0.986 0.000 0.039 0.160 
0.996 -0.081 -0.030 0.004 0.754 0.000 -0.654 0.061 0.966 -0.000 -0.159 -0.204 0.974 0.000 0.151 -0.167 0.832 0.000 -0.135 -0.538 0.667 0.000 -0.740 0.089 0.985 0.000 0.049 0.168 0.693 0.000 -0.715 0.091 0.986 -0.000 0.039 0.160 
0.996 -0.081 -0.030 0.004 0.754 0.000 -0.654 0.060 0.966 0.000 -0.159 -0.205 0.974 0.000 0.151 -0.168 0.832 0.000 -0.138 -0.537 0.667 0.000 -0.740 0.089 0.985 0.000 0.049 0.168 0.693 0.000 -0.715 0.091 0.986 0.000 0.040 0.160 
0.996 -0.081 -0.030 0.004 0.754 0.000 -0.654 0.060 0.966 0.000 -0.159 -0.205 0.974 0.000 0.150 -0.168 0.833 0.000 -0.142 -0.535 0.667 -0.000 -0.740 0.089 0.985 -0.000 0.049 0.168 0.693 0.000 -0.715 0.091 0.986 0.000 0.039 0.160 
0.996 -0.081 -0.030 0.004 0.754 0.000 -0.654 0.060 0.966 0.000 -0.159 -0.205 0.974 0.000 0.150 -0.169 0.833 0.000 -0.145 -0.534 0.667 -0.000 -0.740 0.089 0.985 0.000 0.049 0.168 0.693 0.000 -0.715 0.091 0.986 -0.000 0.039 0.160 
0.996 -0.081 -0.030 0.004 0.754 0.000 -0.654 0.060 0.966 0.000 -0.159 -0.205 0.974 0.000 0.149 -0.169 0.832 0.000 -0.148 -0.534 0.667 0.000 -0.740 0.088 0.985 -0.000 0.049 0.168 0.693 0.000 -0.715 0.091 0.986 0.000 0.039 0.160 
0.996 -0.081 -0.030 0.004 0.754 0.000 -0.655 0.060 0.966 0.000 -0.158 -0.205 0.974 0.000 0.149 -0.169 0.833 0.000 -0.151 -0.533 0.667 0.000 -0.740 0.088 0.985 0.000 0.049 0.168 0.693 0.000 -0.715 0.091 0.986 -0.000 0.039 0.160 
0.996 -0.081 -0.030 0.004 0.754 0.000 -0.655 0.059 0.966 0.000 -0.158 -0.205 0.974 0.000 0.149 -0.170 0.833 0.000 -0.155 -0.531 0.667 0.000 -0.740 0.088 0.985 0.000 0.049 0.168 0.693 0.000 -0.715 0.091 0.986 -0.000 0.039 0.160 
0.996 -0.081 -0.030 0.004 0.754 0.000 -0.655 0.059 0.966 0.000 -0.158 -0.205 0.974 0.000 0.148 -0.170 0.833 0.000 -0.158 -0.530 0.667 0.000 -0.740 0.088 0.985 0.000 0.049 0.168 0.693 0.000 -0.715 0.091 0.986 0.000 0.039 0.160 
0.996 -0.081 -0.030 0.004 0.754 0.000 -0.655 0.059 0.966 0.000 -0.158 -0.205 0.974 0.000 0.148 -0.170 0.833 0.000 -0.161 -0.530 0.667 0.000 -0.740 0.088 0.985 0.000 0.048 0.168 0.693 0.000 -0.715 0.091 0.986 0.000 0.039 0.160 
0.996 -0.081 -0.030 0.004 0.754 0.000 -0.655 0.059 0.966 0.000 -0.158 -0.205 0.974 0.000 0.148 -0.171 0.833 0.000 -0.164 -0.528 0.667 0.000 -0.740 0.088 0.985 0.000 0.048 0.168 0.693 0.000 -0.715 0.091 0.986 0.000 0.039 0.160 
0.996 -0.081 -0.030 0.005 0.754 0.000 -0.655 0.059 0.966 0.000 -0.158 -0.205 0.974 0.000 0.148 -0.171 0.833 0.000 -0.167 -0.528 0.667 0.000 -0.740 0.088 0.985 0.000 0.048 0.168 0.693 0.000 -0.715 0.091 0.986 0.000 0.040 0.160 
0.996 -0.081 -0.030 0.005 0.754 0.000 -0.655 0.058 0.966 0.000 -0.159 -0.205 0.974 0.000 0.147 -0.172 0.833 0.000 -0.170 -0.527 0.667 -0.000 -0.740 0.088 0.985 0.000 0.048 0.168 0.693 0.000 -0.715 0.090 0.986 0.000 0.039 0.160 
0.996 -0.081 -0.030 0.005 0.754 -0.000 -0.655 0.058 0.966 0.000 -0.159 -0.205 0.974 -0.000 0.147 -0.171 0.832 0.000 -0.173 -0.527 0.667 -0.000 -0.740 0.088 0.985 -0.000 0.048 0.168 0.693 0.000 -0.715 0.090 0.986 -0.000 0.039 0.160 
0.996 -0.081 -0.030 0.005 0.754 -0.000 -0.655 0.057 0.966 0.000 -0.159 -0.204 0.974 0.000 0.147 -0.171 0.832 0.000 -0.175 -0.526 0.667 -0.000 -0.740 0.088 0.985 0.000 0.048 0.168 0.693 0.000 -0.715 0.090 0.986 -0.000 0.039 0.160 
0.996 -0.081 -0.030 0.005 0.754 -0.000 -0.655 0.057 0.966 0.000 -0.160 -0.204 0.974 0.000 0.147 -0.171 0.832 0.000 -0.178 -0.526 0.667 0.000 -0.740 0.088 0.985 0.000 0.048 0.168 0.693 0.000 -0.715 0.090 0.986 0.000 0.039 0.160 
0.996 -0.080 -0.030 0.005 0.754 0.000 -0.654 0.056 0.966 0.000 -0.160 -0.203 0.974 0.000 0.147 -0.171 0.831 -0.000 -0.180 -0.526 0.667 -0.000 -0.740 0.088 0.985 -0.000 0.048 0.168 0.693 0.000 -0.715 0.090 0.986 0.000 0.039 0.160 
0.996 -0.080 -0.030 0.005 0.754 0.000 -0.654 0.056 0.966 0.000 -0.161 -0.203 0.974 0.000 0.147 -0.171 0.831 0.000 -0.182 -0.526 0.667 0.000 -0.740 0.088 0.985 -0.000 0.048 0.168 0.693 0.000 -0.715 0.090 0.986 0.000 0.040 0.160 
0.996 -0.080 -0.030 0.005 0.754 0.000 -0.654 0.055 0.966 0.000 -0.162 -0.202 0.974 0.000 0.147 -0.172 0.831 0.000 -0.183 -0.526 0.667 -0.000 -0.740 0.088 0.985 0.000 0.048 0.168 0.693 -0.000 -0.715 0.090 0.986 0.000 0.039 0.160 
0.996 -0.080 -0.030 0.005 0.755 0.000 -0.654 0.055 0.966 0.000 -0.163 -0.201 0.974 0.000 0.147 -0.172 0.830 0.000 -0.185 -0.526 0.667 -0.000 -0.740 0.088 0.985 0.000 0.048 0.168 0.693 0.000 -0.715 0.090 0.986 0.000 0.039 0.160 
0.996 -0.080 -0.030 0.005 0.755 0.000 -0.654 0.054 0.966 0.000 -0.164 -0.201 0.974 -0.000 0.148 -0.172 0.830 0.000 -0.187 -0.526 0.667 0.000 -0.740 0.088 0.985 0.000 0.048 0.168 0.693 0.000 -0.715 0.090 0.986 0.000 0.040 0.160 
0.996 -0.080 -0.030 0.005 0.755 -0.000 -0.654 0.054 0.966 0.000 -0.165 -0.200 0.974 0.000 0.148 -0.172 0.829 0.000 -0.188 -0.526 0.667 -0.000 -0.740 0.088 0.985 0.000 0.048 0.168 0.693 -0.000 -0.715 0.090 0.986 0.000 0.039 0.160 
0.996 -0.080 -0.030 0.005 0.755 0.000 -0.653 0.054 0.966 0.000 -0.166 -0.199 0.974 0.000 0.148 -0.172 0.829 0.000 -0.190 -0.526 0.667 0.000 -0.740 0.087 0.985 0.000 0.048 0.168 0.693 -0.000 -0.715 0.090 0.986 0.000 0.039 0.160 
0.996 -0.080 -0.030 0.005 0.755 0.000 -0.653 0.054 0.966 0.000 -0.167 -0.199 0.974 -0.000 0.149 -0.172 0.829 0.000 -0.191 -0.526 0.667 0.000 -0.740 0.088 0.985 0.000 0.048 0.168 0.693 0.000 -0.715 0.090 0.986 0.000 0.039 0.160 
0.996 -0.080 -0.030 0.005 0.755 0.000 -0.653 0.054 0.966 0.000 -0.168 -0.198 0.974 0.000 0.149 -0.172 0.829 0.000 -0.193 -0.525 0.667 0.000 -0.740 0.087 0.985 0.000 0.048 0.168 0.693 0.000 -0.716 0.090 0.986 0.000 0.040 0.160 
0.996 -0.080 -0.030 0.005 0.755 0.000 -0.653 0.054 0.966 0.000 -0.169 -0.197 0.974 0.000 0.150 -0.173 0.829 0.000 -0.194 -0.524 0.667 0.000 -0.740 0.087 0.985 0.000 0.048 0.168 0.693 0.000 -0.716 0.090 0.986 0.000 0.039 0.160 
0.996 -0.080 -0.030 0.005 0.755 0.000 -0.653 0.054 0.966 0.000 -0.169 -0.197 0.973 0.000 0.150 -0.173 0.829 0.000 -0.196 -0.524 0.667 0.000 -0.740 0.088 0.985 -0.000 0.048 0.168 0.693 -0.000 -0.715 0.089 0.986 -0.000 0.039 0.160 
0.996 -0.080 -0.030 0.005 0.755 0.000 -0.653 0.054 0.966 0.000 -0.170 -0.196 0.973 -0.000 0.150 -0.173 0.829 -0.000 -0.197 -0.523 0.667 0.000 -0.740 0.088 0.985 -0.000 0.048 0.168 0.693 -0.000 -0.716 0.090 0.986 0.000 0.039 0.160 
0.996 -0.080 -0.030 0.005 0.756 0.000 -0.653 0.054 0.966 0.000 -0.171 -0.196 0.973 0.000 0.150 -0.173 0.829 0.000 -0.198 -0.523 0.667 0.000 -0.740 0.088 0.985 0.000 0.048 0.167 0.693 0.000 -0.716 0.090 0.986 -0.000 0.039 0.160 
0.996 -0.080 -0.030 0.005 0.756 0.000 -0.653 0.054 0.966 0.000 -0.171 -0.196 0.973 0.000 0.150 -0.173 0.829 0.000 -0.199 -0.523 0.667 0.000 -0.740 0.088 0.985 0.000 0.048 0.168 0.693 0.000 -0.716 0.090 0.986 0.000 0.039 0.160 
0.996 -0.080 -0.030 0.005 0.756 0.000 -0.653 0.055 0.966 0.000 -0.172 -0.195 0.973 0.000 0.151 -0.174 0.829 0.000 -0.200 -0.522 0.667 0.000 -0.740 0.088 0.985 0.000 0.048 0.167 0.693 0.000 -0.716 0.090 0.986 0.000 0.039 0.160 
0.996 -0.080 -0.030 0.006 0.756 0.000 -0.653 0.055 0.966 0.000 -0.172 -0.195 0.973 -0.000 0.151 -0.174 0.829 0.000 -0.201 -0.522 0.667 0.000 -0.740 0.088 0.985 0.000 0.048 0.167 0.693 0.000 -0.716 0.090 0.986 0.000 0.039 0.160 
0.996 -0.080 -0.030 0.006 0.756 0.000 -0.653 0.055 0.966 0.000 -0.172 -0.194 0.973 0.000 0.151 -0.174 0.829 -0.000 -0.202 -0.522 0.667 0.000 -0.740 0.088 0.985 0.000 0.048 0.167 0.693 0.000 -0.715 0.090 0.986 0.000 0.040 0.160 
0.996 -0.080 -0.030 0.006 0.756 0.000 -0.653 0.056 0.966 0.000 -0.172 -0.194 0.973 0.000 0.151 -0.174 0.829 0.000 -0.203 -0.522 0.667 0.000 -0.740 0.088 0.985 0.000 0.048 0.167 0.693 0.000 -0.716 0.090 0.986 0.000 0.039 0.160 
0.996 -0.080 -0.030 0.006 0.755 -0.000 -0.653 0.056 0.966 0.000 -0.172 -0.194 0.973 0.000 0.152 -0.175 0.828 -0.000 -0.205 -0.521 0.667 0.000 -0.740 0.089 0.985 0.000 0.048 0.167 0.693 0.000 -0.716 0.090 0.986 0.000 0.040 0.160 
0.996 -0.080 -0.030 0.006 0.755 0.000 -0.653 0.056 0.966 0.000 -0.172 -0.194 0.973 0.000 0.152 -0.175 0.829 0.000 -0.205 -0.521 0.667 -0.000 -0.740 0.089 0.985 0.000 0.048 0.167 0.693 -0.000 -0.715 0.090 0.986 0.000 0.040 0.159 
0.996 -0.080 -0.030 0.006 0.755 0.000 -0.653 0.057 0.966 -0.000 -0.171 -0.194 0.973 0.000 0.152 -0.175 0.828 0.000 -0.206 -0.521 0.667 0.000 -0.740 0.089 0.985 0.000 0.048 0.167 0.693 0.000 -0.716 0.090 0.986 0.000 0.040 0.160 
0.996 -0.080 -0.030 0.007 0.755 0.000 -0.653 0.057 0.966 0.000 -0.171 -0.194 0.973 0.000 0.152 -0.175 0.828 -0.000 -0.207 -0.521 0.667 0.000 -0.740 0.089 0.985 0.000 0.048 0.167 0.693 0.000 -0.716 0.090 0.986 -0.000 0.040 0.160 
0.996 -0.080 -0.030 0.006 0.755 0.000 -0.653 0.058 0.966 0.000 -0.171 -0.194 0.973 0.000 0.152 -0.175 0.828 0.000 -0.207 -0.521 0.667 0.000 -0.740 0.089 0.985 0.000 0.048 0.167 0.693 -0.000 -0.716 0.090 0.986 0.000 0.040 0.159 
0.996 -0.080 -0.030 0.007 0.755 -0.000 -0.653 0.058 0.966 0.000 -0.171 -0.193 0.973 0.000 0.152 -0.176 0.828 0.000 -0.207 -0.521 0.667 -0.000 -0.740 0.089 0.985 -0.000 0.048 0.167 0.693 0.000 -0.716 0.090 0.986 -0.000 0.040 0.159 
0.996 -0.080 -0.030 0.007 0.755 0.000 -0.653 0.059 0.966 0.000 -0.171 -0.193 0.973 0.000 0.152 -0.175 0.828 0.000 -0.206 -0.522 0.667 -0.000 -0.740 0.089 0.985 -0.000 0.048 0.167 0.693 0.000 -0.716 0.090 0.986 0.000 0.040 0.159 
0.996 -0.080 -0.030 0.007 0.755 0.000 -0.653 0.059 0.966 0.000 -0.171 -0.194 0.973 0.000 0.152 -0.175 0.827 0.000 -0.206 -0.522 0.667 0.000 -0.740 0.089 0.985 0.000 0.048 0.167 0.693 0.000 -0.716 0.090 0.986 -0.000 0.040 0.160 
0.996 -0.080 -0.030 0.006 0.754 0.000 -0.654 0.059 0.966 -0.000 -0.171 -0.193 0.973 -0.000 0.152 -0.175 0.827 0.000 -0.205 -0.523 0.667 0.000 -0.740 0.089 0.985 0.000 0.048 0.167 0.693 0.000 -0.716 0.091 0.986 0.000 0.040 0.159 
0.996 -0.080 -0.030 0.006 0.754 0.000 -0.654 0.060 0.966 0.000 -0.171 -0.193 0.973 0.000 0.152 -0.175 0.827 0.000 -0.204 -0.524 0.667 0.000 -0.740 0.089 0.985 0.000 0.048 0.167 0.693 -0.000 -0.716 0.090 0.986 0.000 0.040 0.159 
0.996 -0.080 -0.030 0.006 0.754 0.000 -0.654 0.060 0.966 0.000 -0.170 -0.193 0.973 0.000 0.152 -0.174 0.827 0.000 -0.202 -0.525 0.667 -0.000 -0.740 0.089 0.985 0.000 0.049 0.167 0.693 0.000 -0.716 0.090 0.986 0.000 0.040 0.159 
0.996 -0.080 -0.030 0.006 0.754 0.000 -0.654 0.061 0.966 0.000 -0.171 -0.193 0.973 -0.000 0.152 -0.174 0.827 0.000 -0.201 -0.525 0.667 0.000 -0.740 0.089 0.985 0.000 0.048 0.167 0.693 0.000 -0.716 0.091 0.986 0.000 0.040 0.160 
0.996 -0.080 -0.030 0.006 0.754 0.000 -0.654 0.061 0.966 0.000 -0.170 -0.193 0.973 0.000 0.152 -0.173 0.827 0.000 -0.198 -0.526 0.667 0.000 -0.740 0.089 0.985 0.000 0.049 0.167 0.693 0.000 -0.716 0.091 0.986 0.000 0.040 0.160 
0.996 -0.080 -0.030 0.006 0.754 -0.000 -0.654 0.061 0.966 0.000 -0.171 -0.192 0.973 0.000 0.151 -0.173 0.827 0.000 -0.196 -0.527 0.667 0.000 -0.740 0.089 0.985 0.000 0.049 0.167 0.693 0.000 -0.716 0.091 0.986 0.000 0.040 0.159 
0.996 -0.080 -0.030 0.006 0.754 0.000 -0.654 0.062 0.966 -0.000 -0.171 -0.192 0.973 -0.000 0.152 -0.172 0.827 -0.000 -0.193 -0.529 0.667 0.000 -0.740 0.089 0.985 0.000 0.049 0.167 0.693 0.000 -0.716 0.091 0.986 0.000 0.039 0.160 
0.996 -0.080 -0.030 0.005 0.754 0.000 -0.654 0.062 0.966 0.000 -0.171 -0.192 0.973 0.000 0.152 -0.171 0.826 0.000 -0.190 -0.530 0.667 0.000 -0.740 0.089 0.985 0.000 0.049 0.167 0.693 -0.000 -0.716 0.091 0.986 0.000 0.040 0.159 
0.996 -0.080 -0.030 0.005 0.753 0.000 -0.655 0.062 0.966 0.000 -0.171 -0.192 0.974 0.000 0.151 -0.171 0.826 -0.000 -0.187 -0.531 0.667 0.000 -0.740 0.089 0.985 0.000 0.049 0.167 0.693 0.000 -0.716 0.091 0.986 0.000 0.040 0.159 
0.996 -0.080 -0.030 0.005 0.753 0.000 -0.655 0.062 0.966 0.000 -0.171 -0.191 0.974 -0.000 0.151 -0.171 0.826 0.000 -0.183 -0.532 0.667 0.000 -0.740 0.089 0.985 -0.000 0.049 0.167 0.693 -0.000 -0.716 0.091 0.986 0.000 0.039 0.159 
0.996 -0.080 -0.030 0.005 0.753 0.000 -0.655 0.062 0.966 0.000 -0.171 -0.192 0.974 -0.000 0.151 -0.170 0.826 0.000 -0.179 -0.534 0.667 0.000 -0.740 0.089 0.985 0.000 0.049 0.167 0.693 0.000 -0.716 0.091 0.986 0.000 0.040 0.159 
0.996 -0.080 -0.030 0.005 0.753 0.000 -0.655 0.063 0.967 -0.000 -0.171 -0.191 0.974 0.000 0.151 -0.170 0.826 0.000 -0.175 -0.535 0.667 0.000 -0.740 0.089 0.985 0.000 0.049 0.167 0.693 0.000 -0.716 0.091 0.986 -0.000 0.039 0.159 
0.996 -0.080 -0.030 0.005 0.753 -0.000 -0.655 0.063 0.966 -0.000 -0.171 -0.192 0.974 0.000 0.150 -0.169 0.826 0.000 -0.170 -0.537 0.667 0.000 -0.740 0.089 0.985 0.000 0.049 0.167 0.693 0.000 -0.716 0.091 0.986 0.000 0.040 0.159 
0.996 -0.080 -0.030 0.005 0.753 0.000 -0.655 0.063 0.966 0.000 -0.172 -0.191 0.974 0.000 0.150 -0.168 0.826 0.000 -0.165 -0.539 0.667 -0.000 -0.740 0.089 0.985 0.000 0.049 0.167 0.693 -0.000 -0.716 0.091 0.986 0.000 0.040 0.159 
0.996 -0.080 -0.030 0.005 0.753 -0.000 -0.655 0.063 0.967 -0.000 -0.172 -0.190 0.974 0.000 0.150 -0.167 0.826 0.000 -0.160 -0.541 0.667 0.000 -0.740 0.089 0.985 0.000 0.049 0.167 0.693 0.000 -0.716 0.091 0.986 0.000 0.040 0.159 
0.996 -0.080 -0.030 0.005 0.753 0.000 -0.655 0.063 0.967 0.000 -0.172 -0.191 0.975 0.000 0.149 -0.167 0.826 -0.000 -0.155 -0.542 0.667 0.000 -0.740 0.089 0.985 0.000 0.049 0.167 0.693 0.000 -0.716 0.091 0.986 0.000 0.040 0.159 
0.996 -0.080 -0.030 0.005 0.752 0.000 -0.656 0.063 0.967 -0.000 -0.172 -0.190 0.975 -0.000 0.149 -0.167 0.826 -0.000 -0.150 -0.543 0.667 0.000 -0.740 0.089 0.985 0.000 0.049 0.167 0.693 0.000 -0.716 0.091 0.986 0.000 0.039 0.159 
0.996 -0.080 -0.030 0.005 0.752 0.000 -0.656 0.064 0.967 -0.000 -0.172 -0.190 0.975 0.000 0.148 -0.166 0.826 0.000 -0.143 -0.545 0.667 0.000 -0.740 0.089 0.985 0.000 0.049 0.167 0.693 0.000 -0.716 0.091 0.986 0.000 0.040 0.159 
0.996 -0.080 -0.030 0.005 0.752 0.000 -0.656 0.064 0.967 0.000 -0.171 -0.191 0.975 0.000 0.147 -0.165 0.826 0.000 -0.136 -0.547 0.667 0.000 -0.740 0.089 0.985 0.000 0.049 0.167 0.693 0.000 -0.716 0.091 0.986 0.000 0.040 0.159 
0.996 -0.080 -0.030 0.005 0.752 0.000 -0.656 0.064 0.967 0.000 -0.171 -0.191 0.976 0.000 0.146 -0.164 0.826 0.000 -0.129 -0.549 0.667 0.000 -0.740 0.089 0.985 0.000 0.049 0.167 0.693 0.000 -0.716 0.091 0.986 0.000 0.040 0.159 
0.996 -0.080 -0.030 0.005 0.752 0.000 -0.656 0.064 0.967 -0.000 -0.171 -0.191 0.976 0.000 0.145 -0.163 0.826 -0.000 -0.122 -0.551 0.667 0.000 -0.740 0.089 0.985 0.000 0.049 0.167 0.693 -0.000 -0.716 0.091 0.986 0.000 0.040 0.159 
0.996 -0.080 -0.030 0.005 0.752 0.000 -0.656 0.064 0.967 -0.000 -0.172 -0.190 0.976 0.000 0.144 -0.163 0.826 0.000 -0.115 -0.552 0.667 -0.000 -0.740 0.089 0.985 0.000 0.049 0.167 0.693 0.000 -0.716 0.091 0.986 0.000 0.040 0.159 
0.996 -0.080 -0.030 0.005 0.752 0.000 -0.656 0.064 0.967 0.000 -0.172 -0.190 0.976 0.000 0.144 -0.162 0.827 0.000 -0.109 -0.552 0.667 -0.000 -0.740 0.090 0.985 0.000 0.049 0.167 0.693 0.000 -0.715 0.091 0.986 0.000 0.040 0.159 
0.996 -0.080 -0.030 0.005 0.752 0.000 -0.657 0.064 0.967 0.000 -0.172 -0.190 0.976 0.000 0.143 -0.162 0.827 0.000 -0.101 -0.553 0.667 0.000 -0.740 0.090 0.985 -0.000 0.049 0.167 0.693 0.000 -0.716 0.091 0.986 0.000 0.040 0.159 
0.996 -0.080 -0.030 0.005 0.751 0.000 -0.657 0.064 0.967 0.000 -0.172 -0.191 0.977 0.000 0.142 -0.162 0.828 0.000 -0.095 -0.553 0.667 0.000 -0.740 0.090 0.985 0.000 0.049 0.167 0.693 0.000 -0.715 0.092 0.986 0.000 0.040 0.159 
0.996 -0.080 -0.030 0.005 0.751 0.000 -0.657 0.064 0.967 0.000 -0.172 -0.191 0.977 0.000 0.141 -0.161 0.828 -0.000 -0.087 -0.554 0.667 0.000 -0.740 0.090 0.985 -0.000 0.049 0.167 0.693 0.000 -0.716 0.092 0.986 0.000 0.040 0.159 
0.996 -0.080 -0.030 0.005 0.751 0.000 -0.657 0.064 0.966 -0.000 -0.171 -0.192 0.977 0.000 0.140 -0.161 0.829 -0.000 -0.079 -0.554 0.667 0.000 -0.740 0.090 0.985 0.000 0.049 0.167 0.693 0.000 -0.716 0.092 0.986 0.000 0.040 0.159 
0.996 -0.080 -0.030 0.005 0.751 0.000 -0.657 0.064 0.966 0.000 -0.171 -0.192 0.977 0.000 0.139 -0.160 0.828 0.000 -0.073 -0.556 0.667 0.000 -0.740 0.090 0.985 -0.000 0.049 0.167 0.693 0.000 -0.715 0.092 0.986 0.000 0.040 0.159 
0.996 -0.080 -0.030 0.005 0.751 0.000 -0.657 0.063 0.966 0.000 -0.172 -0.192 0.978 0.000 0.139 -0.159 0.828 0.000 -0.066 -0.557 0.667 0.000 -0.740 0.090 0.985 -0.000 0.049 0.167 0.693 0.000 -0.716 0.092 0.986 -0.000 0.040 0.159 
0.996 -0.080 -0.030 0.005 0.751 0.000 -0.657 0.063 0.966 0.000 -0.171 -0.192 0.978 0.000 0.138 -0.158 0.828 0.000 -0.059 -0.557 0.667 0.000 -0.740 0.090 0.985 0.000 0.049 0.167 0.693 0.000 -0.715 0.092 0.986 0.000 0.040 0.159 
0.996 -0.080 -0.030 0.005 0.751 -0.000 -0.657 0.064 0.966 0.000 -0.171 -0.193 0.978 0.000 0.137 -0.157 0.828 0.000 -0.051 -0.558 0.667 0.000 -0.739 0.090 0.985 0.000 0.049 0.167 0.692 0.000 -0.716 0.092 0.986 0.000 0.040 0.159 
0.996 -0.080 -0.030 0.005 0.751 0.000 -0.658 0.063 0.966 0.000 -0.171 -0.193 0.978 0.000 0.136 -0.156 0.829 -0.000 -0.044 -0.558 0.667 0.000 -0.739 0.090 0.985 0.000 0.049 0.167 0.693 0.000 -0.715 0.092 0.986 -0.000 0.040 0.159 
0.996 -0.080 -0.030 0.005 0.751 0.000 -0.658 0.063 0.966 0.000 -0.171 -0.193 0.979 0.000 0.135 -0.156 0.829 0.000 -0.038 -0.558 0.667 0.000 -0.739 0.090 0.985 0.000 0.049 0.167 0.692 0.000 -0.716 0.092 0.986 -0.000 0.040 0.159 
0.996 -0.080 -0.030 0.005 0.751 -0.000 -0.658 0.063 0.966 0.000 -0.171 -0.193 0.979 0.000 0.135 -0.155 0.829 0.000 -0.031 -0.558 0.667 0.000 -0.740 0.090 0.985 0.000 0.049 0.167 0.693 0.000 -0.715 0.092 0.986 0.000 0.040 0.159 
0.996 -0.080 -0.030 0.005 0.751 0.000 -0.658 0.063 0.966 0.000 -0.171 -0.193 0.979 0.000 0.134 -0.154 0.829 0.000 -0.025 -0.558 0.667 0.000 -0.740 0.090 0.985 0.000 0.049 0.167 0.693 0.000 -0.715 0.092 0.986 0.000 0.040 0.159 
0.996 -0.081 -0.030 0.005 0.750 0.000 -0.658 0.063 0.966 0.000 -0.171 -0.194 0.979 0.000 0.134 -0.153 0.830 0.000 -0.018 -0.558 0.667 0.000 -0.740 0.091 0.985 0.000 0.049 0.167 0.693 0.000 -0.715 0.092 0.986 0.000 0.040 0.159 
0.996 -0.080 -0.030 0.005 0.750 0.000 -0.658 0.063 0.966 0.000 -0.171 -0.193 0.979 0.000 0.133 -0.153 0.830 0.000 -0.012 -0.558 0.667 0.000 -0.740 0.090 0.985 0.000 0.049 0.167 0.693 0.000 -0.716 0.092 0.986 0.000 0.040 0.159 
0.996 -0.081 -0.030 0.005 0.750 0.000 -0.658 0.063 0.966 0.000 -0.171 -0.193 0.980 0.000 0.132 -0.152 0.830 0.000 -0.005 -0.558 0.667 0.000 -0.739 0.091 0.985 0.000 0.049 0.167 0.693 0.000 -0.715 0.092 0.986 0.000 0.040 0.159 
0.996 -0.081 -0.030 0.005 0.750 0.000 -0.658 0.063 0.966 0.000 -0.171 -0.193 0.980 -0.000 0.131 -0.151 0.830 -0.000 0.002 -0.558 0.667 0.000 -0.739 0.091 0.985 0.000 0.049 0.166 0.693 0.000 -0.715 0.093 0.986 0.000 0.040 0.159 
0.996 -0.081 -0.030 0.005 0.750 0.000 -0.658 0.063 0.966 -0.000 -0.171 -0.193 0.980 0.000 0.131 -0.149 0.830 -0.000 0.008 -0.558 0.667 0.000 -0.740 0.091 0.985 0.000 0.049 0.167 0.693 0.000 -0.715 0.092 0.986 0.000 0.040 0.159 
0.996 -0.081 -0.030 0.005 0.750 0.000 -0.658 0.063 0.966 -0.000 -0.171 -0.194 0.980 0.000 0.130 -0.148 0.829 0.000 0.015 -0.558 0.667 0.000 -0.739 0.091 0.985 0.000 0.049 0.167 0.693 0.000 -0.715 0.093 0.986 -0.000 0.040 0.159 
0.996 -0.080 -0.030 0.004 0.750 -0.000 -0.658 0.063 0.966 0.000 -0.171 -0.194 0.981 0.000 0.130 -0.147 0.829 -0.000 0.021 -0.558 0.667 0.000 -0.739 0.091 0.985 0.000 0.049 0.167 0.693 0.000 -0.715 0.093 0.986 -0.000 0.040 0.159 
0.996 -0.081 -0.030 0.004 0.750 0.000 -0.658 0.063 0.966 0.000 -0.171 -0.194 0.981 0.000 0.129 -0.147 0.829 -0.000 0.028 -0.558 0.667 0.000 -0.740 0.091 0.985 0.000 0.049 0.167 0.693 0.000 -0.715 0.093 0.986 0.000 0.040 0.159 
0.996 -0.081 -0.030 0.004 0.750 0.000 -0.658 0.063 0.966 0.000 -0.170 -0.194 0.981 0.000 0.129 -0.146 0.829 0.000 0.035 -0.558 0.667 0.000 -0.740 0.091 0.985 0.000 0.049 0.167 0.693 0.000 -0.715 0.093 0.986 -0.000 0.040 0.159 
0.996 -0.080 -0.030 0.004 0.750 0.000 -0.658 0.063 0.966 0.000 -0.170 -0.195 0.981 0.000 0.128 -0.145 0.829 0.000 0.041 -0.557 0.667 0.000 -0.740 0.091 0.985 -0.000 0.049 0.167 0.693 0.000 -0.715 0.093 0.986 0.000 0.040 0.159 
0.996 -0.081 -0.030 0.004 0.750 0.000 -0.659 0.063 0.966 0.000 -0.169 -0.195 0.981 0.000 0.127 -0.144 0.829 0.000 0.048 -0.557 0.667 0.000 -0.739 0.091 0.985 0.000 0.049 0.167 0.693 0.000 -0.715 0.093 0.986 0.000 0.040 0.159 
0.996 -0.080 -0.030 0.004 0.750 0.000 -0.659 0.063 0.966 0.000 -0.169 -0.195 0.982 0.000 0.127 -0.143 0.829 -0.000 0.055 -0.557 0.667 0.000 -0.739 0.091 0.985 0.000 0.049 0.167 0.693 0.000 -0.715 0.093 0.986 0.000 0.040 0.159 
0.996 -0.080 -0.030 0.004 0.750 0.000 -0.658 0.063 0.966 0.000 -0.169 -0.195 0.982 0.000 0.124 -0.142 0.829 0.000 0.065 -0.555 0.667 0.000 -0.739 0.091 0.985 0.000 0.049 0.167 0.693 0.000 -0.715 0.093 0.986 -0.000 0.040 0.159 
0.996 -0.080 -0.030 0.004 0.750 0.000 -0.658 0.063 0.966 0.000 -0.169 -0.195 0.982 0.000 0.123 -0.141 0.829 -0.000 0.073 -0.555 0.667 0.000 -0.739 0.091 0.985 0.000 0.049 0.167 0.693 0.000 -0.715 0.093 0.986 0.000 0.040 0.159 
0.996 -0.080 -0.030 0.005 0.750 0.000 -0.658 0.062 0.966 0.000 -0.169 -0.195 0.983 -0.000 0.122 -0.140 0.828 0.000 0.081 -0.555 0.667 -0.000 -0.739 0.091 0.985 0.000 0.049 0.167 0.693 0.000 -0.715 0.093 0.986 0.000 0.040 0.159 
0.996 -0.080 -0.030 0.005 0.750 -0.000 -0.658 0.063 0.966 0.000 -0.169 -0.195 0.983 -0.000 0.121 -0.138 0.828 -0.000 0.089 -0.554 0.667 0.000 -0.739 0.091 0.985 0.000 0.049 0.167 0.693 -0.000 -0.715 0.093 0.986 0.000 0.040 0.159 
0.996 -0.080 -0.030 0.005 0.750 0.000 -0.658 0.063 0.966 0.000 -0.169 -0.195 0.983 0.000 0.121 -0.138 0.828 0.000 0.097 -0.553 0.667 0.000 -0.739 0.091 0.985 0.000 0.049 0.166 0.693 0.000 -0.715 0.093 0.986 0.000 0.040 0.159 
0.996 -0.080 -0.030 0.005 0.750 0.000 -0.658 0.063 0.966 0.000 -0.170 -0.195 0.983 -0.000 0.120 -0.137 0.828 0.000 0.105 -0.552 0.667 0.000 -0.739 0.091 0.985 0.000 0.049 0.166 0.693 0.000 -0.715 0.093 0.986 0.000 0.040 0.160 
0.996 -0.080 -0.030 0.005 0.751 0.000 -0.658 0.062 0.966 0.000 -0.170 -0.195 0.983 0.000 0.120 -0.136 0.828 0.000 0.112 -0.550 0.667 -0.000 -0.739 0.091 0.985 0.000 0.049 0.166 0.693 0.000 -0.715 0.093 0.986 0.000 0.040 0.159 
0.996 -0.080 -0.030 0.005 0.751 0.000 -0.658 0.062 0.966 0.000 -0.170 -0.195 0.984 -0.000 0.120 -0.135 0.827 -0.000 0.119 -0.549 0.667 0.000 -0.739 0.091 0.985 0.000 0.049 0.167 0.693 0.000 -0.715 0.093 0.986 0.000 0.040 0.159 
0.996 -0.080 -0.030 0.005 0.751 0.000 -0.657 0.062 0.966 0.000 -0.171 -0.194 0.984 0.000 0.119 -0.134 0.828 0.000 0.126 -0.547 0.667 0.000 -0.739 0.091 0.985 0.000 0.049 0.167 0.693 0.000 -0.715 0.093 0.986 0.000 0.040 0.159 
0.996 -0.080 -0.030 0.005 0.751 0.000 -0.657 0.062 0.966 0.000 -0.171 -0.194 0.984 0.000 0.119 -0.133 0.828 0.000 0.133 -0.545 0.667 0.000 -0.739 0.091 0.985 0.000 0.049 0.167 0.693 0.000 -0.715 0.093 0.986 -0.000 0.040 0.159 
0.996 -0.080 -0.030 0.006 0.751 0.000 -0.657 0.062 0.966 0.000 -0.172 -0.194 0.984 0.000 0.119 -0.132 0.828 -0.000 0.140 -0.544 0.667 0.000 -0.739 0.091 0.985 0.000 0.049 0.167 0.693 -0.000 -0.715 0.093 0.986 0.000 0.040 0.159 
0.996 -0.080 -0.030 0.006 0.752 0.000 -0.657 0.062 0.966 0.000 -0.173 -0.193 0.984 -0.000 0.119 -0.132 0.828 0.000 0.147 -0.542 0.667 0.000 -0.739 0.091 0.985 0.000 0.049 0.167 0.693 0.000 -0.715 0.093 0.986 0.000 0.040 0.159 
0.996 -0.080 -0.030 0.006 0.752 0.000 -0.656 0.062 0.966 -0.000 -0.173 -0.193 0.984 0.000 0.119 -0.131 0.828 0.000 0.153 -0.540 0.667 0.000 -0.739 0.091 0.985 -0.000 0.049 0.167 0.693 0.000 -0.715 0.093 0.986 0.000 0.040 0.159 
0.996 -0.080 -0.030 0.006 0.752 -0.000 -0.656 0.062 0.966 0.000 -0.174 -0.193 0.984 0.000 0.119 -0.129 0.828 0.000 0.160 -0.538 0.667 -0.000 -0.739 0.091 0.985 0.000 0.049 0.167 0.693 0.000 -0.715 0.093 0.986 -0.000 0.040 0.159 
0.996 -0.080 -0.030 0.006 0.753 0.000 -0.656 0.063 0.966 0.000 -0.175 -0.192 0.985 0.000 0.119 -0.129 0.828 0.000 0.167 -0.536 0.667 0.000 -0.739 0.092 0.985 0.000 0.049 0.167 0.693 0.000 -0.715 0.093 0.986 -0.000 0.040 0.159 
0.996 -0.080 -0.030 0.006 0.753 0.000 -0.655 0.063 0.966 0.000 -0.176 -0.192 0.985 0.000 0.119 -0.127 0.827 0.000 0.173 -0.534 0.667 -0.000 -0.739 0.092 0.985 0.000 0.049 0.167 0.693 0.000 -0.715 0.093 0.986 -0.000 0.040 0.159 
0.996 -0.080 -0.030 0.006 0.753 -0.000 -0.655 0.063 0.965 0.000 -0.177 -0.191 0.985 0.000 0.118 -0.126 0.828 -0.000 0.180 -0.532 0.667 -0.000 -0.739 0.091 0.985 0.000 0.049 0.167 0.693 0.000 -0.715 0.093 0.986 0.000 0.041 0.159 
0.996 -0.080 -0.030 0.006 0.753 -0.000 -0.654 0.063 0.965 0.000 -0.177 -0.191 0.985 0.000 0.118 -0.125 0.828 0.000 0.186 -0.530 0.667 0.000 -0.739 0.092 0.985 -0.000 0.049 0.167 0.693 -0.000 -0.715 0.093 0.986 0.000 0.040 0.159 
0.996 -0.080 -0.030 0.006 0.754 0.000 -0.654 0.064 0.965 0.000 -0.178 -0.190 0.985 0.000 0.118 -0.124 0.827 -0.000 0.192 -0.528 0.667 0.000 -0.739 0.092 0.985 0.000 0.049 0.166 0.693 0.000 -0.715 0.093 0.986 -0.000 0.040 0.159 
0.996 -0.080 -0.030 0.006 0.754 0.000 -0.654 0.064 0.966 0.000 -0.178 -0.190 0.985 0.000 0.117 -0.124 0.827 -0.000 0.199 -0.525 0.667 -0.000 -0.739 0.092 0.985 0.000 0.049 0.166 0.693 0.000 -0.715 0.093 0.986 0.000 0.040 0.159 
0.996 -0.080 -0.030 0.006 0.754 0.000 -0.654 0.064 0.966 0.000 -0.178 -0.189 0.985 0.000 0.117 -0.123 0.827 0.000 0.205 -0.523 0.667 0.000 -0.739 0.092 0.985 0.000 0.049 0.166 0.693 0.000 -0.715 0.093 0.986 -0.000 0.040 0.159 
0.996 -0.080 -0.030 0.005 0.754 0.000 -0.654 0.064 0.966 0.000 -0.179 -0.188 0.986 0.000 0.117 -0.122 0.827 0.000 0.211 -0.521 0.667 0.000 -0.739 0.092 0.985 -0.000 0.049 0.166 0.693 0.000 -0.715 0.094 0.986 0.000 0.040 0.159 
0.996 -0.080 -0.030 0.005 0.754 -0.000 -0.653 0.064 0.966 0.000 -0.179 -0.188 0.986 0.000 0.116 -0.121 0.827 -0.000 0.217 -0.519 0.667 -0.000 -0.739 0.092 0.985 0.000 0.049 0.166 0.693 0.000 -0.715 0.094 0.986 0.000 0.040 0.159 
0.996 -0.080 -0.030 0.005 0.755 0.000 -0.653 0.064 0.966 0.000 -0.179 -0.187 0.986 0.000 0.116 -0.120 0.826 -0.000 0.224 -0.517 0.667 -0.000 -0.739 0.092 0.985 0.000 0.048 0.166 0.693 0.000 -0.715 0.094 0.986 -0.000 0.040 0.159 
0.996 -0.080 -0.030 0.005 0.755 0.000 -0.653 0.064 0.966 -0.000 -0.180 -0.186 0.986 0.000 0.115 -0.119 0.826 0.000 0.231 -0.514 0.667 0.000 -0.739 0.093 0.985 -0.000 0.048 0.166 0.693 0.000 -0.715 0.094 0.986 0.000 0.040 0.159 
0.996 -0.080 -0.030 0.005 0.755 0.000 -0.652 0.065 0.966 0.000 -0.180 -0.186 0.986 0.000 0.114 -0.119 0.826 0.000 0.237 -0.512 0.667 0.000 -0.739 0.093 0.985 0.000 0.048 0.166 0.693 -0.000 -0.715 0.094 0.986 0.000 0.040 0.159 
0.996 -0.080 -0.030 0.006 0.755 0.000 -0.652 0.065 0.966 0.000 -0.181 -0.185 0.987 0.000 0.113 -0.118 0.825 0.000 0.244 -0.509 0.667 0.000 -0.739 0.093 0.985 -0.000 0.048 0.166 0.693 0.000 -0.715 0.094 0.986 0.000 0.040 0.159 
0.996 -0.080 -0.030 0.006 0.755 0.000 -0.652 0.066 0.966 0.000 -0.181 -0.185 0.987 0.000 0.113 -0.117 0.825 -0.000 0.252 -0.506 0.667 0.000 -0.739 0.093 0.985 0.000 0.048 0.166 0.693 0.000 -0.715 0.094 0.986 0.000 0.041 0.159 
0.996 -0.080 -0.030 0.006 0.756 0.000 -0.652 0.066 0.966 0.000 -0.181 -0.184 0.987 -0.000 0.112 -0.117 0.825 0.000 0.258 -0.503 0.667 0.000 -0.739 0.093 0.985 0.000 0.048 0.166 0.693 0.000 -0.715 0.094 0.986 0.000 0.041 0.159 
0.996 -0.081 -0.030 0.006 0.756 0.000 -0.651 0.066 0.966 0.000 -0.181 -0.184 0.987 0.000 0.111 -0.116 0.824 -0.000 0.265 -0.500 0.667 0.000 -0.739 0.094 0.985 0.000 0.048 0.166 0.693 -0.000 -0.715 0.095 0.986 -0.000 0.040 0.159 
0.996 -0.081 -0.030 0.006 0.756 0.000 -0.651 0.066 0.966 0.000 -0.181 -0.183 0.987 0.000 0.110 -0.116 0.824 0.000 0.272 -0.497 0.667 0.000 -0.739 0.094 0.985 0.000 0.048 0.166 0.693 0.000 -0.715 0.095 0.986 0.000 0.040 0.159 
0.996 -0.081 -0.030 0.006 0.756 0.000 -0.651 0.067 0.966 -0.000 -0.181 -0.183 0.987 -0.000 0.109 -0.115 0.824 0.000 0.279 -0.493 0.667 0.000 -0.739 0.094 0.985 0.000 0.048 0.166 0.693 -0.000 -0.715 0.095 0.986 0.000 0.040 0.159 
0.996 -0.081 -0.030 0.006 0.756 0.000 -0.651 0.067 0.966 0.000 -0.181 -0.182 0.988 0.000 0.107 -0.115 0.823 -0.000 0.286 -0.490 0.667 0.000 -0.739 0.094 0.985 -0.000 0.048 0.166 0.693 0.000 -0.715 0.095 0.986 0.000 0.040 0.159 
0.996 -0.081 -0.030 0.006 0.756 -0.000 -0.651 0.067 0.966 0.000 -0.181 -0.182 0.988 0.000 0.106 -0.114 0.823 0.000 0.293 -0.487 0.667 0.000 -0.739 0.094 0.985 0.000 0.048 0.166 0.693 0.000 -0.715 0.095 0.986 0.000 0.040 0.159 
0.996 -0.081 -0.030 0.006 0.756 0.000 -0.651 0.067 0.966 0.000 -0.182 -0.181 0.988 0.000 0.105 -0.114 0.822 0.000 0.300 -0.483 0.667 0.000 -0.739 0.094 0.985 0.000 0.049 0.166 0.693 0.000 -0.715 0.096 0.986 0.000 0.041 0.159 
0.996 -0.081 -0.029 0.006 0.757 0.000 -0.650 0.068 0.967 0.000 -0.182 -0.181 0.988 0.000 0.103 -0.113 0.822 0.000 0.308 -0.479 0.667 0.000 -0.739 0.095 0.985 0.000 0.049 0.166 0.693 0.000 -0.715 0.096 0.986 -0.000 0.040 0.159 
0.996 -0.081 -0.029 0.006 0.757 -0.000 -0.650 0.068 0.967 0.000 -0.182 -0.181 0.988 0.000 0.102 -0.113 0.821 0.000 0.314 -0.476 0.667 -0.000 -0.739 0.095 0.985 0.000 0.049 0.165 0.693 0.000 -0.715 0.096 0.986 0.000 0.041 0.159 
0.996 -0.081 -0.030 0.006 0.757 0.000 -0.650 0.068 0.967 0.000 -0.182 -0.181 0.988 0.000 0.101 -0.113 0.821 0.000 0.321 -0.472 0.667 0.000 -0.739 0.096 0.985 0.000 0.049 0.166 0.693 0.000 -0.715 0.096 0.986 0.000 0.041 0.159 
0.996 -0.081 -0.030 0.006 0.757 0.000 -0.650 0.069 0.967 0.000 -0.182 -0.180 0.989 0.000 0.100 -0.112 0.821 0.000 0.328 -0.468 0.667 0.000 -0.739 0.096 0.985 0.000 0.049 0.166 0.693 0.000 -0.715 0.096 0.986 0.000 0.041 0.159 
0.996 -0.081 -0.029 0.006 0.757 0.000 -0.650 0.069 0.967 0.000 -0.182 -0.180 0.989 0.000 0.098 -0.112 0.820 0.000 0.335 -0.464 0.667 0.000 -0.738 0.096 0.985 -0.000 0.049 0.166 0.693 0.000 -0.715 0.096 0.986 -0.000 0.041 0.159 
0.996 -0.081 -0.029 0.006 0.757 0.000 -0.650 0.069 0.967 0.000 -0.182 -0.180 0.989 0.000 0.097 -0.112 0.820 -0.000 0.341 -0.459 0.667 0.000 -0.739 0.096 0.985 0.000 0.049 0.166 0.693 0.000 -0.715 0.097 0.986 0.000 0.041 0.159 
0.996 -0.081 -0.029 0.006 0.757 0.000 -0.650 0.069 0.967 0.000 -0.182 -0.180 0.989 0.000 0.096 -0.111 0.820 0.000 0.348 -0.455 0.667 0.000 -0.738 0.096 0.985 0.000 0.049 0.166 0.693 0.000 -0.715 0.097 0.986 0.000 0.041 0.159 
0.996 -0.081 -0.029 0.006 0.757 0.000 -0.650 0.069 0.967 0.000 -0.182 -0.180 0.989 0.000 0.095 -0.111 0.819 0.000 0.354 -0.451 0.668 0.000 -0.738 0.096 0.985 0.000 0.049 0.166 0.693 0.000 -0.715 0.097 0.986 0.000 0.041 0.159 
0.996 -0.081 -0.029 0.006 0.757 0.000 -0.650 0.069 0.967 0.000 -0.182 -0.179 0.989 0.000 0.094 -0.110 0.819 -0.000 0.361 -0.446 0.667 -0.000 -0.738 0.097 0.985 0.000 0.049 0.165 0.693 0.000 -0.715 0.097 0.986 -0.000 0.041 0.159 
0.996 -0.082 -0.029 0.006 0.757 0.000 -0.650 0.069 0.967 0.000 -0.182 -0.179 0.990 0.000 0.092 -0.110 0.818 -0.000 0.367 -0.442 0.667 0.000 -0.738 0.097 0.985 0.000 0.049 0.165 0.693 -0.000 -0.715 0.097 0.986 0.000 0.041 0.159 
0.996 -0.081 -0.029 0.006 0.757 0.000 -0.649 0.069 0.967 0.000 -0.182 -0.179 0.990 0.000 0.091 -0.109 0.818 0.000 0.374 -0.438 0.667 0.000 -0.738 0.097 0.985 0.000 0.049 0.166 0.693 -0.000 -0.715 0.097 0.986 0.000 0.041 0.159 
0.996 -0.082 -0.029 0.006 0.757 0.000 -0.649 0.069 0.967 -0.000 -0.182 -0.179 0.990 0.000 0.090 -0.109 0.817 0.000 0.380 -0.433 0.667 0.000 -0.738 0.097 0.985 -0.000 0.049 0.165 0.693 0.000 -0.715 0.097 0.986 0.000 0.041 0.159 
0.996 -0.082 -0.029 0.006 0.757 0.000 -0.649 0.069 0.967 0.000 -0.182 -0.179 0.990 -0.000 0.089 -0.109 0.817 0.000 0.387 -0.428 0.667 0.000 -0.738 0.097 0.985 -0.000 0.049 0.165 0.693 0.000 -0.715 0.098 0.986 0.000 0.042 0.159 
0.996 -0.082 -0.029 0.006 0.757 0.000 -0.649 0.069 0.967 0.000 -0.182 -0.179 0.990 0.000 0.087 -0.108 0.816 0.000 0.393 -0.423 0.667 0.000 -0.738 0.097 0.985 0.000 0.049 0.165 0.693 0.000 -0.715 0.098 0.986 0.000 0.041 0.159 
0.996 -0.082 -0.029 0.006 0.757 0.000 -0.649 0.069 0.967 0.000 -0.182 -0.179 0.990 0.000 0.086 -0.108 0.816 0.000 0.399 -0.419 0.667 0.000 -0.738 0.097 0.985 0.000 0.049 0.165 0.693 0.000 -0.715 0.098 0.986 -0.000 0.041 0.159 
0.996 -0.082 -0.030 0.006 0.757 0.000 -0.649 0.069 0.967 0.000 -0.182 -0.179 0.991 0.000 0.085 -0.107 0.815 0.000 0.405 -0.414 0.667 0.000 -0.738 0.097 0.985 0.000 0.049 0.165 0.693 0.000 -0.714 0.098 0.986 0.000 0.041 0.159 
0.996 -0.082 -0.029 0.005 0.757 0.000 -0.649 0.069 0.967 -0.000 -0.182 -0.179 0.991 0.000 0.084 -0.107 0.815 0.000 0.411 -0.409 0.667 0.000 -0.738 0.097 0.985 0.000 0.049 0.165 0.693 0.000 -0.714 0.098 0.986 0.000 0.041 0.159 
0.996 -0.082 -0.029 0.005 0.757 0.000 -0.649 0.069 0.967 0.000 -0.182 -0.179 0.991 0.000 0.083 -0.106 0.814 0.000 0.417 -0.405 0.667 0.000 -0.738 0.097 0.985 0.000 0.049 0.165 0.693 0.000 -0.715 0.098 0.986 0.000 0.041 0.159 
0.996 -0.082 -0.030 0.005 0.757 0.000 -0.649 0.069 0.967 0.000 -0.182 -0.179 0.991 -0.000 0.081 -0.106 0.814 0.000 0.422 -0.399 0.667 0.000 -0.738 0.097 0.985 0.000 0.049 0.165 0.693 -0.000 -0.714 0.098 0.986 0.000 0.041 0.159 
0.996 -0.082 -0.030 0.005 0.757 0.000 -0.649 0.069 0.967 0.000 -0.182 -0.179 0.991 -0.000 0.080 -0.106 0.813 0.000 0.428 -0.395 0.667 0.000 -0.738 0.098 0.985 -0.000 0.049 0.165 0.693 0.000 -0.714 0.098 0.987 -0.000 0.042 0.158 
0.996 -0.082 -0.029 0.005 0.757 0.000 -0.649 0.068 0.967 0.000 -0.181 -0.179 0.991 0.000 0.078 -0.105 0.812 0.000 0.434 -0.390 0.668 -0.000 -0.738 0.097 0.985 0.000 0.049 0.166 0.693 0.000 -0.714 0.099 0.987 0.000 0.041 0.158 
0.996 -0.082 -0.030 0.005 0.757 0.000 -0.649 0.068 0.967 0.000 -0.181 -0.179 0.991 0.000 0.077 -0.105 0.811 -0.000 0.440 -0.385 0.667 0.000 -0.738 0.097 0.985 0.000 0.049 0.166 0.693 0.000 -0.714 0.099 0.987 0.000 0.041 0.159 
0.996 -0.082 -0.030 0.005 0.757 0.000 -0.649 0.068 0.967 0.000 -0.181 -0.179 0.992 0.000 0.076 -0.105 0.811 0.000 0.446 -0.379 0.667 0.000 -0.738 0.097 0.985 0.000 0.049 0.165 0.693 0.000 -0.714 0.099 0.986 0.000 0.041 0.159 
0.996 -0.082 -0.030 0.005 0.757 0.000 -0.649 0.068 0.967 0.000 -0.181 -0.179 0.992 0.000 0.074 -0.105 0.810 0.000 0.452 -0.374 0.668 0.000 -0.738 0.097 0.985 0.000 0.049 0.166 0.693 0.000 -0.714 0.099 0.986 0.000 0.041 0.159 
0.996 -0.082 -0.030 0.005 0.757 0.000 -0.649 0.068 0.967 0.000 -0.181 -0.179 0.992 -0.000 0.073 -0.105 0.809 0.000 0.458 -0.368 0.667 0.000 -0.738 0.097 0.985 0.000 0.049 0.166 0.693 0.000 -0.714 0.099 0.987 0.000 0.041 0.159 
0.996 -0.082 -0.030 0.005 0.757 0.000 -0.649 0.068 0.967 0.000 -0.181 -0.179 0.992 0.000 0.071 -0.105 0.809 0.000 0.463 -0.363 0.667 0.000 -0.738 0.098 0.985 -0.000 0.049 0.165 0.693 0.000 -0.714 0.099 0.987 0.000 0.041 0.159 
0.996 -0.082 -0.029 0.005 0.758 -0.000 -0.649 0.068 0.967 0.000 -0.181 -0.180 0.992 0.000 0.070 -0.105 0.808 0.000 0.468 -0.357 0.667 0.000 -0.738 0.098 0.985 -0.000 0.049 0.166 0.693 0.000 -0.714 0.099 0.987 0.000 0.041 0.159 
0.996 -0.082 -0.029 0.005 0.758 0.000 -0.649 0.067 0.967 0.000 -0.181 -0.179 0.992 0.000 0.069 -0.105 0.808 0.000 0.473 -0.352 0.668 0.000 -0.738 0.098 0.985 0.000 0.049 0.166 0.693 -0.000 -0.714 0.099 0.987 0.000 0.041 0.158 
0.996 -0.082 -0.029 0.005 0.758 -0.000 -0.649 0.067 0.967 0.000 -0.181 -0.179 0.992 0.000 0.068 -0.105 0.807 0.000 0.478 -0.347 0.667 0.000 -0.738 0.098 0.985 0.000 0.049 0.165 0.693 0.000 -0.714 0.099 0.987 0.000 0.041 0.158 
0.996 -0.082 -0.029 0.005 0.758 0.000 -0.649 0.067 0.967 0.000 -0.181 -0.180 0.992 0.000 0.067 -0.105 0.807 0.000 0.482 -0.341 0.667 0.000 -0.738 0.098 0.985 0.000 0.049 0.166 0.693 -0.000 -0.714 0.099 0.987 0.000 0.042 0.158 
0.996 -0.082 -0.029 0.005 0.758 0.000 -0.649 0.067 0.967 0.000 -0.181 -0.180 0.992 0.000 0.065 -0.106 0.806 0.000 0.487 -0.335 0.667 -0.000 -0.738 0.098 0.985 0.000 0.049 0.165 0.693 0.000 -0.714 0.100 0.987 0.000 0.042 0.158 
0.996 -0.082 -0.029 0.005 0.758 0.000 -0.649 0.067 0.967 0.000 -0.181 -0.180 0.992 -0.000 0.064 -0.107 0.805 -0.000 0.493 -0.329 0.667 0.000 -0.738 0.098 0.985 0.000 0.049 0.166 0.693 0.000 -0.714 0.100 0.987 0.000 0.041 0.158 
0.996 -0.082 -0.029 0.005 0.758 0.000 -0.649 0.067 0.967 -0.000 -0.181 -0.180 0.992 0.000 0.062 -0.107 0.805 0.000 0.497 -0.324 0.667 0.000 -0.738 0.099 0.985 0.000 0.049 0.166 0.693 0.000 -0.714 0.100 0.987 -0.000 0.041 0.158 
0.996 -0.082 -0.029 0.005 0.758 0.000 -0.649 0.067 0.967 0.000 -0.181 -0.180 0.992 0.000 0.061 -0.107 0.804 0.000 0.503 -0.318 0.667 0.000 -0.738 0.099 0.985 0.000 0.049 0.165 0.693 0.000 -0.714 0.100 0.987 0.000 0.041 0.158 
0.996 -0.082 -0.029 0.005 0.758 0.000 -0.649 0.067 0.967 0.000 -0.181 -0.180 0.992 0.000 0.060 -0.108 0.803 -0.000 0.508 -0.312 0.667 0.000 -0.738 0.099 0.985 -0.000 0.049 0.165 0.693 -0.000 -0.714 0.100 0.986 0.000 0.041 0.158 
0.996 -0.082 -0.029 0.005 0.758 0.000 -0.649 0.067 0.967 0.000 -0.181 -0.180 0.992 0.000 0.059 -0.108 0.802 -0.000 0.512 -0.307 0.667 0.000 -0.738 0.099 0.985 0.000 0.049 0.165 0.693 0.000 -0.714 0.100 0.986 0.000 0.041 0.159 
0.996 -0.082 -0.029 0.005 0.758 0.000 -0.649 0.067 0.967 -0.000 -0.181 -0.180 0.992 0.000 0.057 -0.109 0.802 -0.000 0.516 -0.301 0.667 -0.000 -0.738 0.099 0.985 0.000 0.049 0.165 0.693 0.000 -0.714 0.100 0.987 0.000 0.041 0.158 
0.996 -0.082 -0.029 0.005 0.758 -0.000 -0.649 0.066 0.967 0.000 -0.181 -0.180 0.992 0.000 0.056 -0.109 0.801 0.000 0.520 -0.296 0.667 0.000 -0.738 0.099 0.985 -0.000 0.049 0.165 0.693 0.000 -0.714 0.101 0.986 0.000 0.041 0.158 
0.996 -0.083 -0.029 0.005 0.758 0.000 -0.649 0.066 0.967 0.000 -0.181 -0.180 0.992 0.000 0.055 -0.109 0.800 0.000 0.524 -0.291 0.667 -0.000 -0.738 0.100 0.985 0.000 0.049 0.165 0.693 -0.000 -0.714 0.101 0.987 0.000 0.042 0.158 
0.996 -0.083 -0.029 0.005 0.758 0.000 -0.648 0.066 0.967 -0.000 -0.181 -0.180 0.992 0.000 0.055 -0.110 0.800 0.000 0.528 -0.286 0.667 -0.000 -0.738 0.100 0.985 0.000 0.049 0.165 0.693 -0.000 -0.714 0.101 0.987 0.000 0.042 0.158 
0.996 -0.083 -0.029 0.006 0.759 0.000 -0.648 0.065 0.967 -0.000 -0.181 -0.180 0.992 0.000 0.054 -0.111 0.799 0.000 0.532 -0.280 0.667 0.000 -0.738 0.100 0.985 0.000 0.049 0.165 0.693 -0.000 -0.714 0.101 0.987 -0.000 0.042 0.158 
0.996 -0.083 -0.029 0.006 0.759 -0.000 -0.648 0.065 0.967 0.000 -0.180 -0.180 0.992 0.000 0.053 -0.111 0.798 0.000 0.536 -0.275 0.667 0.000 -0.738 0.100 0.985 -0.000 0.050 0.165 0.693 0.000 -0.714 0.101 0.987 0.000 0.041 0.158 
0.996 -0.083 -0.029 0.006 0.759 0.000 -0.648 0.065 0.967 0.000 -0.181 -0.180 0.992 0.000 0.051 -0.113 0.797 0.000 0.540 -0.269 0.667 0.000 -0.738 0.100 0.985 0.000 0.049 0.165 0.693 -0.000 -0.714 0.101 0.987 0.000 0.042 0.158 
0.996 -0.083 -0.029 0.006 0.759 0.000 -0.648 0.065 0.967 0.000 -0.181 -0.180 0.992 0.000 0.050 -0.114 0.797 0.000 0.544 -0.263 0.667 0.000 -0.738 0.101 0.985 0.000 0.049 0.165 0.693 -0.000 -0.714 0.101 0.987 0.000 0.042 0.158 
0.996 -0.083 -0.029 0.006 0.759 -0.000 -0.647 0.065 0.967 0.000 -0.181 -0.180 0.992 0.000 0.050 -0.114 0.796 0.000 0.547 -0.258 0.667 -0.000 -0.738 0.101 0.985 0.000 0.050 0.165 0.693 -0.000 -0.714 0.101 0.987 0.000 0.042 0.158 
0.996 -0.083 -0.029 0.006 0.760 0.000 -0.647 0.064 0.967 -0.000 -0.181 -0.180 0.992 0.000 0.049 -0.115 0.796 0.000 0.550 -0.253 0.667 0.000 -0.738 0.101 0.985 0.000 0.050 0.165 0.693 0.000 -0.714 0.101 0.986 0.000 0.042 0.158 
0.996 -0.083 -0.029 0.006 0.760 0.000 -0.647 0.064 0.967 0.000 -0.181 -0.180 0.992 0.000 0.048 -0.116 0.795 -0.000 0.553 -0.248 0.667 -0.000 -0.738 0.101 0.985 0.000 0.050 0.165 0.693 0.000 -0.714 0.102 0.987 -0.000 0.042 0.158 
0.996 -0.083 -0.029 0.006 0.760 0.000 -0.646 0.064 0.967 0.000 -0.181 -0.180 0.992 0.000 0.047 -0.116 0.795 0.000 0.556 -0.243 0.667 0.000 -0.738 0.101 0.985 0.000 0.049 0.165 0.693 0.000 -0.714 0.102 0.987 -0.000 0.042 0.158 
0.996 -0.083 -0.029 0.006 0.761 0.000 -0.646 0.063 0.967 0.000 -0.181 -0.181 0.992 0.000 0.046 -0.117 0.794 -0.000 0.560 -0.237 0.667 0.000 -0.738 0.101 0.985 0.000 0.049 0.165 0.693 0.000 -0.714 0.102 0.987 0.000 0.042 0.158 
0.996 -0.083 -0.029 0.006 0.761 0.000 -0.646 0.063 0.967 0.000 -0.181 -0.180 0.992 0.000 0.046 -0.118 0.794 -0.000 0.563 -0.232 0.667 0.000 -0.738 0.102 0.985 0.000 0.050 0.165 0.693 0.000 -0.714 0.102 0.987 0.000 0.042 0.158 
0.996 -0.083 -0.029 0.006 0.761 0.000 -0.646 0.062 0.967 -0.000 -0.181 -0.180 0.992 0.000 0.045 -0.118 0.793 0.000 0.565 -0.227 0.667 0.000 -0.738 0.102 0.985 0.000 0.050 0.165 0.693 0.000 -0.714 0.102 0.987 0.000 0.042 0.158 
0.996 -0.083 -0.029 0.006 0.761 0.000 -0.645 0.061 0.967 0.000 -0.181 -0.180 0.992 0.000 0.045 -0.119 0.792 -0.000 0.568 -0.222 0.667 0.000 -0.738 0.102 0.985 0.000 0.050 0.165 0.693 0.000 -0.714 0.102 0.987 0.000 0.042 0.158 
0.996 -0.083 -0.029 0.006 0.762 0.000 -0.645 0.061 0.967 0.000 -0.180 -0.180 0.992 -0.000 0.044 -0.120 0.792 0.000 0.571 -0.218 0.667 0.000 -0.738 0.102 0.985 -0.000 0.050 0.165 0.693 0.000 -0.714 0.102 0.987 0.000 0.043 0.158 
0.996 -0.083 -0.029 0.006 0.762 0.000 -0.645 0.061 0.967 -0.000 -0.180 -0.180 0.992 0.000 0.044 -0.120 0.791 0.000 0.574 -0.213 0.667 0.000 -0.738 0.102 0.985 0.000 0.050 0.165 0.693 0.000 -0.714 0.103 0.987 0.000 0.042 0.158 
0.996 -0.083 -0.029 0.006 0.762 0.000 -0.644 0.061 0.967 0.000 -0.180 -0.180 0.992 0.000 0.043 -0.121 0.790 0.000 0.576 -0.208 0.667 0.000 -0.738 0.102 0.985 0.000 0.050 0.165 0.693 0.000 -0.714 0.103 0.987 0.000 0.043 0.158 
0.996 -0.083 -0.029 0.006 0.763 0.000 -0.644 0.060 0.967 0.000 -0.180 -0.181 0.992 0.000 0.043 -0.121 0.790 0.000 0.578 -0.204 0.667 -0.000 -0.738 0.102 0.985 -0.000 0.050 0.165 0.693 0.000 -0.714 0.103 0.986 0.000 0.042 0.158 
0.996 -0.084 -0.029 0.006 0.763 -0.000 -0.644 0.060 0.967 0.000 -0.180 -0.181 0.992 0.000 0.042 -0.122 0.789 -0.000 0.581 -0.200 0.667 0.000 -0.738 0.102 0.985 0.000 0.050 0.165 0.693 0.000 -0.714 0.103 0.986 -0.000 0.043 0.158 
0.996 -0.084 -0.029 0.006 0.763 0.000 -0.643 0.059 0.967 0.000 -0.179 -0.181 0.992 0.000 0.042 -0.122 0.789 0.000 0.583 -0.195 0.667 0.000 -0.738 0.102 0.985 0.000 0.050 0.165 0.693 -0.000 -0.714 0.103 0.987 0.000 0.042 0.158 
0.996 -0.084 -0.029 0.006 0.763 0.000 -0.643 0.059 0.967 -0.000 -0.179 -0.181 0.992 0.000 0.042 -0.123 0.788 0.000 0.585 -0.191 0.667 0.000 -0.738 0.102 0.985 0.000 0.050 0.165 0.693 0.000 -0.714 0.103 0.987 0.000 0.042 0.158 
0.996 -0.084 -0.029 0.006 0.764 0.000 -0.643 0.058 0.967 -0.000 -0.179 -0.181 0.992 0.000 0.041 -0.123 0.787 0.000 0.587 -0.187 0.667 0.000 -0.738 0.102 0.985 0.000 0.050 0.165 0.693 0.000 -0.714 0.103 0.987 0.000 0.042 0.158 
0.996 -0.084 -0.029 0.006 0.764 0.000 -0.642 0.057 0.967 0.000 -0.179 -0.181 0.991 0.000 0.041 -0.123 0.787 -0.000 0.589 -0.184 0.667 0.000 -0.738 0.103 0.985 0.000 0.050 0.165 0.693 0.000 -0.714 0.103 0.987 0.000 0.042 0.158 
0.996 -0.084 -0.029 0.006 0.765 0.000 -0.642 0.057 0.967 0.000 -0.179 -0.181 0.992 0.000 0.041 -0.123 0.787 0.000 0.590 -0.181 0.667 0.000 -0.738 0.103 0.985 0.000 0.050 0.165 0.693 0.000 -0.714 0.103 0.987 0.000 0.042 0.158 
0.996 -0.084 -0.029 0.006 0.765 0.000 -0.642 0.056 0.967 0.000 -0.179 -0.181 0.991 0.000 0.041 -0.124 0.786 0.000 0.592 -0.177 0.667 0.000 -0.738 0.103 0.985 0.000 0.050 0.165 0.693 0.000 -0.714 0.103 0.987 0.000 0.042 0.158 
0.996 -0.084 -0.029 0.006 0.765 -0.000 -0.641 0.056 0.967 0.000 -0.179 -0.181 0.991 0.000 0.041 -0.124 0.786 0.000 0.592 -0.175 0.667 0.000 -0.738 0.103 0.985 0.000 0.050 0.165 0.693 0.000 -0.714 0.103 0.987 -0.000 0.043 0.158 
0.996 -0.084 -0.029 0.006 0.765 0.000 -0.641 0.056 0.967 0.000 -0.179 -0.182 0.991 0.000 0.041 -0.124 0.786 0.000 0.594 -0.172 0.667 0.000 -0.738 0.103 0.985 0.000 0.050 0.165 0.693 0.000 -0.714 0.104 0.987 0.000 0.043 0.158 
0.996 -0.084 -0.029 0.006 0.766 0.000 -0.641 0.055 0.967 0.000 -0.179 -0.182 0.991 0.000 0.041 -0.124 0.786 0.000 0.595 -0.170 0.667 0.000 -0.738 0.103 0.985 0.000 0.050 0.164 0.693 0.000 -0.714 0.104 0.987 0.000 0.042 0.158 
0.996 -0.084 -0.029 0.006 0.766 0.000 -0.641 0.055 0.967 0.000 -0.178 -0.182 0.991 0.000 0.040 -0.125 0.785 -0.000 0.596 -0.168 0.667 0.000 -0.738 0.103 0.985 0.000 0.050 0.164 0.693 0.000 -0.714 0.104 0.987 0.000 0.042 0.158 
0.996 -0.084 -0.029 0.006 0.766 0.000 -0.640 0.054 0.967 0.000 -0.178 -0.182 0.991 0.000 0.040 -0.125 0.785 -0.000 0.597 -0.166 0.667 0.000 -0.738 0.103 0.985 -0.000 0.050 0.164 0.693 0.000 -0.713 0.104 0.987 0.000 0.042 0.158 
0.996 -0.084 -0.029 0.006 0.766 0.000 -0.640 0.054 0.967 0.000 -0.178 -0.182 0.991 0.000 0.040 -0.125 0.784 0.000 0.598 -0.164 0.667 0.000 -0.738 0.103 0.985 -0.000 0.050 0.164 0.693 0.000 -0.713 0.104 0.987 0.000 0.042 0.158 
0.996 -0.084 -0.029 0.006 0.767 0.000 -0.640 0.054 0.967 0.000 -0.178 -0.182 0.991 0.000 0.040 -0.125 0.785 0.000 0.598 -0.163 0.667 -0.000 -0.737 0.104 0.985 0.000 0.050 0.164 0.693 -0.000 -0.713 0.104 0.987 0.000 0.042 0.158 
0.996 -0.084 -0.029 0.006 0.767 0.000 -0.639 0.053 0.967 0.000 -0.178 -0.182 0.991 0.000 0.040 -0.125 0.784 0.000 0.599 -0.162 0.667 0.000 -0.737 0.104 0.985 -0.000 0.050 0.164 0.693 0.000 -0.714 0.104 0.987 0.000 0.042 0.158 
0.996 -0.084 -0.029 0.006 0.767 0.000 -0.639 0.053 0.967 0.000 -0.178 -0.183 0.991 0.000 0.040 -0.125 0.784 0.000 0.599 -0.162 0.667 0.000 -0.737 0.104 0.985 0.000 0.050 0.164 0.693 0.000 -0.713 0.104 0.987 -0.000 0.043 0.158 
0.996 -0.084 -0.029 0.006 0.767 0.000 -0.639 0.053 0.967 0.000 -0.178 -0.183 0.991 0.000 0.039 -0.125 0.784 0.000 0.599 -0.161 0.667 0.000 -0.737 0.104 0.985 0.000 0.050 0.164 0.693 -0.000 -0.713 0.104 0.987 0.000 0.042 0.158 
0.996 -0.084 -0.029 0.006 0.767 0.000 -0.639 0.053 0.967 0.000 -0.178 -0.183 0.991 0.000 0.039 -0.125 0.784 -0.000 0.600 -0.161 0.667 0.000 -0.737 0.104 0.985 0.000 0.050 0.164 0.693 0.000 -0.713 0.105 0.987 0.000 0.043 0.157 
0.996 -0.085 -0.029 0.006 0.768 0.000 -0.639 0.053 0.967 -0.000 -0.178 -0.183 0.991 0.000 0.039 -0.125 0.784 0.000 0.600 -0.161 0.667 0.000 -0.737 0.104 0.985 -0.000 0.050 0.164 0.693 0.000 -0.713 0.105 0.987 0.000 0.042 0.158 
0.996 -0.085 -0.029 0.006 0.768 0.000 -0.639 0.052 0.967 0.000 -0.177 -0.183 0.991 0.000 0.039 -0.125 0.784 0.000 0.600 -0.162 0.667 0.000 -0.737 0.105 0.985 -0.000 0.050 0.164 0.693 0.000 -0.713 0.105 0.987 0.000 0.043 0.158 
0.996 -0.085 -0.029 0.007 0.768 -0.000 -0.639 0.052 0.967 0.000 -0.177 -0.183 0.991 0.000 0.038 -0.125 0.783 -0.000 0.600 -0.162 0.667 0.000 -0.737 0.105 0.985 0.000 0.050 0.164 0.693 0.000 -0.713 0.105 0.987 -0.000 0.043 0.158 
0.996 -0.085 -0.029 0.007 0.768 -0.000 -0.639 0.052 0.967 0.000 -0.177 -0.183 0.991 0.000 0.038 -0.125 0.783 0.000 0.600 -0.163 0.667 0.000 -0.737 0.105 0.985 0.000 0.050 0.164 0.693 0.000 -0.713 0.105 0.987 0.000 0.042 0.158 
0.996 -0.085 -0.029 0.007 0.768 -0.000 -0.639 0.052 0.967 -0.000 -0.177 -0.183 0.991 0.000 0.038 -0.125 0.783 -0.000 0.600 -0.164 0.667 -0.000 -0.737 0.105 0.985 0.000 0.050 0.165 0.693 0.000 -0.713 0.105 0.987 0.000 0.042 0.158 
0.996 -0.085 -0.029 0.007 0.768 -0.000 -0.638 0.052 0.967 0.000 -0.177 -0.183 0.991 0.000 0.038 -0.125 0.784 -0.000 0.599 -0.164 0.668 -0.000 -0.737 0.105 0.985 0.000 0.050 0.164 0.693 0.000 -0.713 0.105 0.987 0.000 0.042 0.158 
0.996 -0.085 -0.029 0.007 0.768 0.000 -0.638 0.052 0.967 0.000 -0.177 -0.183 0.992 0.000 0.037 -0.125 0.784 0.000 0.599 -0.165 0.667 0.000 -0.737 0.105 0.985 -0.000 0.050 0.165 0.693 0.000 -0.713 0.105 0.987 0.000 0.042 0.158 
0.996 -0.085 -0.029 0.007 0.768 0.000 -0.638 0.052 0.967 -0.000 -0.177 -0.183 0.991 0.000 0.037 -0.125 0.783 -0.000 0.599 -0.166 0.668 0.000 -0.737 0.105 0.985 0.000 0.050 0.165 0.693 0.000 -0.713 0.105 0.987 0.000 0.043 0.158 
0.996 -0.085 -0.029 0.008 0.768 0.000 -0.638 0.052 0.967 0.000 -0.177 -0.183 0.992 0.000 0.037 -0.125 0.783 -0.000 0.599 -0.167 0.668 0.000 -0.737 0.105 0.985 0.000 0.050 0.165 0.693 0.000 -0.713 0.105 0.987 -0.000 0.043 0.158 
