# T   LUA LFA RUA RFA LT  LS  RT  RS  
0.994 -0.020 0.045 0.099 0.753 0.000 -0.640 -0.150 0.930 0.000 -0.111 -0.351 0.663 0.000 -0.720 -0.203 0.940 0.000 -0.173 -0.294 0.730 0.000 -0.681 -0.054 0.979 0.000 -0.056 0.197 0.596 0.000 -0.803 0.003 0.992 0.000 0.078 0.100 
0.994 -0.021 0.045 0.101 0.753 0.000 -0.641 -0.149 0.929 0.000 -0.107 -0.354 0.664 -0.000 -0.720 -0.203 0.939 0.000 -0.176 -0.295 0.732 0.000 -0.680 -0.051 0.979 0.000 -0.060 0.197 0.597 0.000 -0.802 0.005 0.992 0.000 0.078 0.100 
0.994 -0.022 0.044 0.102 0.752 0.000 -0.643 -0.148 0.929 0.000 -0.103 -0.356 0.665 0.000 -0.719 -0.203 0.938 0.000 -0.180 -0.298 0.733 0.000 -0.679 -0.051 0.978 -0.000 -0.063 0.197 0.597 0.000 -0.802 0.006 0.992 0.000 0.078 0.100 
0.994 -0.022 0.044 0.103 0.751 0.000 -0.644 -0.146 0.928 -0.000 -0.098 -0.358 0.666 0.000 -0.718 -0.202 0.937 -0.000 -0.182 -0.299 0.734 0.000 -0.677 -0.050 0.978 0.000 -0.066 0.198 0.597 0.000 -0.802 0.007 0.992 0.000 0.078 0.100 
0.993 -0.023 0.043 0.104 0.751 0.000 -0.644 -0.144 0.928 0.000 -0.095 -0.361 0.667 0.000 -0.718 -0.201 0.936 0.000 -0.185 -0.300 0.735 0.000 -0.676 -0.047 0.978 -0.000 -0.068 0.197 0.598 0.000 -0.802 0.009 0.992 -0.000 0.078 0.099 
0.993 -0.024 0.043 0.106 0.751 0.000 -0.645 -0.143 0.927 0.000 -0.092 -0.362 0.668 0.000 -0.717 -0.200 0.935 -0.000 -0.188 -0.301 0.736 0.000 -0.676 -0.045 0.978 0.000 -0.070 0.196 0.597 -0.000 -0.802 0.010 0.992 0.000 0.079 0.099 
0.993 -0.025 0.042 0.107 0.751 -0.000 -0.645 -0.141 0.927 -0.000 -0.090 -0.364 0.668 -0.000 -0.717 -0.198 0.934 0.000 -0.190 -0.302 0.737 -0.000 -0.675 -0.042 0.978 0.000 -0.071 0.196 0.598 0.000 -0.802 0.012 0.992 0.000 0.079 0.100 
0.993 -0.026 0.042 0.108 0.751 0.000 -0.645 -0.140 0.927 0.000 -0.089 -0.365 0.669 0.000 -0.716 -0.197 0.934 0.000 -0.192 -0.302 0.737 0.000 -0.674 -0.040 0.978 0.000 -0.072 0.195 0.598 0.000 -0.802 0.013 0.992 0.000 0.079 0.100 
0.993 -0.027 0.042 0.109 0.752 -0.000 -0.645 -0.138 0.926 0.000 -0.088 -0.366 0.670 -0.000 -0.716 -0.195 0.933 0.000 -0.195 -0.302 0.738 0.000 -0.674 -0.036 0.978 0.000 -0.073 0.194 0.598 0.000 -0.801 0.015 0.992 0.000 0.079 0.100 
0.993 -0.028 0.042 0.110 0.754 0.000 -0.643 -0.135 0.926 0.000 -0.092 -0.367 0.671 -0.000 -0.716 -0.193 0.933 0.000 -0.196 -0.302 0.737 0.000 -0.675 -0.033 0.979 0.000 -0.070 0.192 0.598 0.000 -0.801 0.017 0.992 0.000 0.080 0.100 
0.993 -0.029 0.041 0.111 0.754 0.000 -0.643 -0.133 0.925 0.000 -0.091 -0.368 0.672 0.000 -0.716 -0.190 0.933 -0.000 -0.198 -0.302 0.737 0.000 -0.675 -0.030 0.979 0.000 -0.070 0.191 0.598 0.000 -0.801 0.018 0.992 0.000 0.080 0.101 
0.992 -0.030 0.041 0.112 0.755 0.000 -0.643 -0.131 0.925 0.000 -0.091 -0.368 0.673 -0.000 -0.715 -0.188 0.932 0.000 -0.199 -0.302 0.737 -0.000 -0.675 -0.026 0.979 0.000 -0.069 0.190 0.598 -0.000 -0.801 0.020 0.992 0.000 0.081 0.101 
0.992 -0.031 0.041 0.114 0.756 0.000 -0.642 -0.128 0.925 0.000 -0.092 -0.369 0.674 0.000 -0.715 -0.185 0.932 0.000 -0.200 -0.301 0.737 0.000 -0.675 -0.023 0.980 0.000 -0.068 0.189 0.598 0.000 -0.801 0.021 0.991 0.000 0.081 0.102 
0.992 -0.032 0.041 0.115 0.758 0.000 -0.640 -0.127 0.925 0.000 -0.094 -0.368 0.675 0.000 -0.715 -0.182 0.932 0.000 -0.201 -0.301 0.737 0.000 -0.676 -0.019 0.980 0.000 -0.066 0.187 0.598 0.000 -0.802 0.022 0.991 0.000 0.082 0.101 
0.992 -0.033 0.041 0.115 0.758 0.000 -0.640 -0.125 0.925 -0.000 -0.095 -0.367 0.676 -0.000 -0.715 -0.179 0.932 0.000 -0.202 -0.300 0.738 0.000 -0.675 -0.016 0.980 0.000 -0.067 0.187 0.597 0.000 -0.802 0.024 0.991 0.000 0.083 0.102 
0.992 -0.034 0.042 0.116 0.759 0.000 -0.639 -0.123 0.926 0.000 -0.095 -0.366 0.677 -0.000 -0.715 -0.176 0.933 0.000 -0.202 -0.299 0.738 0.000 -0.675 -0.013 0.980 0.000 -0.065 0.186 0.597 0.000 -0.802 0.024 0.991 -0.000 0.083 0.105 
0.992 -0.035 0.042 0.117 0.761 0.000 -0.638 -0.121 0.926 -0.000 -0.097 -0.364 0.678 0.000 -0.714 -0.173 0.933 0.000 -0.203 -0.297 0.737 0.000 -0.676 -0.010 0.981 0.000 -0.063 0.185 0.596 0.000 -0.802 0.025 0.991 0.000 0.084 0.106 
0.992 -0.036 0.042 0.117 0.760 -0.000 -0.638 -0.120 0.927 0.000 -0.094 -0.362 0.679 0.000 -0.714 -0.169 0.933 0.000 -0.203 -0.296 0.736 0.000 -0.677 -0.007 0.981 0.000 -0.061 0.184 0.596 0.000 -0.803 0.026 0.991 0.000 0.085 0.108 
0.991 -0.037 0.042 0.118 0.761 0.000 -0.637 -0.118 0.928 0.000 -0.095 -0.360 0.680 0.000 -0.714 -0.165 0.934 0.000 -0.203 -0.295 0.736 -0.000 -0.677 -0.005 0.981 -0.000 -0.058 0.184 0.595 0.000 -0.803 0.026 0.990 0.000 0.086 0.110 
0.991 -0.038 0.043 0.118 0.763 0.000 -0.636 -0.117 0.929 0.000 -0.096 -0.359 0.681 0.000 -0.714 -0.161 0.934 0.000 -0.203 -0.293 0.735 0.000 -0.678 -0.002 0.981 0.000 -0.055 0.184 0.595 0.000 -0.804 0.026 0.990 0.000 0.087 0.111 
0.991 -0.039 0.043 0.118 0.764 0.000 -0.635 -0.115 0.929 0.000 -0.097 -0.357 0.682 -0.000 -0.714 -0.157 0.935 0.000 -0.203 -0.291 0.734 -0.000 -0.679 0.000 0.982 0.000 -0.052 0.183 0.594 0.000 -0.804 0.025 0.990 -0.000 0.088 0.114 
0.991 -0.040 0.043 0.119 0.765 0.000 -0.634 -0.112 0.929 0.000 -0.099 -0.355 0.684 0.000 -0.714 -0.152 0.936 0.000 -0.203 -0.289 0.733 0.000 -0.681 0.003 0.982 0.000 -0.049 0.183 0.593 0.000 -0.805 0.025 0.989 0.000 0.089 0.117 
0.991 -0.041 0.043 0.119 0.766 0.000 -0.633 -0.110 0.930 0.000 -0.100 -0.354 0.685 -0.000 -0.714 -0.148 0.937 0.000 -0.202 -0.287 0.732 -0.000 -0.682 0.004 0.982 0.000 -0.045 0.184 0.592 0.000 -0.805 0.024 0.989 0.000 0.090 0.121 
0.991 -0.041 0.044 0.119 0.767 -0.000 -0.633 -0.108 0.930 0.000 -0.101 -0.353 0.686 0.000 -0.713 -0.143 0.937 0.000 -0.201 -0.285 0.730 -0.000 -0.683 0.005 0.982 0.000 -0.042 0.185 0.592 0.000 -0.806 0.023 0.988 0.000 0.091 0.125 
0.991 -0.042 0.044 0.119 0.768 0.000 -0.632 -0.105 0.930 0.000 -0.101 -0.353 0.687 0.000 -0.713 -0.138 0.938 0.000 -0.201 -0.282 0.729 0.000 -0.685 0.006 0.982 -0.000 -0.039 0.186 0.591 0.000 -0.807 0.020 0.987 0.000 0.092 0.129 
0.991 -0.043 0.044 0.119 0.771 0.000 -0.629 -0.101 0.929 0.000 -0.107 -0.353 0.689 0.000 -0.713 -0.133 0.939 0.000 -0.201 -0.280 0.728 0.000 -0.686 0.007 0.982 0.000 -0.036 0.187 0.590 0.000 -0.807 0.020 0.987 -0.000 0.094 0.132 
0.991 -0.044 0.044 0.119 0.771 0.000 -0.629 -0.097 0.930 0.000 -0.106 -0.353 0.690 0.000 -0.713 -0.128 0.940 0.000 -0.200 -0.277 0.727 0.000 -0.687 0.007 0.981 0.000 -0.033 0.189 0.589 -0.000 -0.808 0.018 0.986 -0.000 0.096 0.136 
0.991 -0.045 0.044 0.119 0.772 0.000 -0.629 -0.094 0.930 -0.000 -0.107 -0.352 0.691 0.000 -0.713 -0.122 0.941 -0.000 -0.200 -0.274 0.726 0.000 -0.687 0.007 0.981 0.000 -0.031 0.191 0.588 0.000 -0.809 0.020 0.986 0.000 0.097 0.137 
0.991 -0.045 0.045 0.120 0.774 0.000 -0.627 -0.090 0.929 -0.000 -0.109 -0.353 0.692 0.000 -0.713 -0.117 0.942 0.000 -0.199 -0.271 0.727 0.000 -0.687 0.007 0.981 -0.000 -0.031 0.194 0.587 0.000 -0.809 0.019 0.985 -0.000 0.098 0.141 
0.991 -0.046 0.045 0.120 0.775 0.000 -0.625 -0.087 0.930 0.000 -0.109 -0.351 0.693 0.000 -0.712 -0.112 0.943 0.000 -0.198 -0.268 0.727 0.000 -0.687 0.006 0.980 0.000 -0.031 0.197 0.586 0.000 -0.810 0.018 0.985 -0.000 0.098 0.144 
0.991 -0.047 0.043 0.119 0.775 0.000 -0.627 -0.083 0.930 0.000 -0.108 -0.352 0.695 0.000 -0.711 -0.107 0.944 0.000 -0.196 -0.265 0.726 0.000 -0.688 0.001 0.979 0.000 -0.031 0.203 0.586 -0.000 -0.810 0.016 0.984 0.000 0.099 0.148 
0.991 -0.048 0.041 0.117 0.774 0.000 -0.628 -0.081 0.930 0.000 -0.110 -0.351 0.698 0.000 -0.709 -0.101 0.945 -0.000 -0.194 -0.262 0.723 0.000 -0.691 -0.005 0.977 -0.000 -0.031 0.210 0.588 0.000 -0.809 0.014 0.983 0.000 0.100 0.151 
0.991 -0.049 0.040 0.117 0.775 0.000 -0.628 -0.077 0.930 0.000 -0.109 -0.350 0.700 -0.000 -0.708 -0.095 0.946 0.000 -0.193 -0.259 0.722 -0.000 -0.692 -0.010 0.976 -0.000 -0.031 0.218 0.589 0.000 -0.808 0.014 0.983 -0.000 0.099 0.154 
0.991 -0.049 0.039 0.116 0.775 -0.000 -0.628 -0.072 0.930 0.000 -0.108 -0.350 0.701 -0.000 -0.707 -0.090 0.948 0.000 -0.192 -0.255 0.722 0.000 -0.692 -0.016 0.974 -0.000 -0.033 0.225 0.589 0.000 -0.808 0.013 0.983 0.000 0.098 0.157 
0.991 -0.050 0.039 0.116 0.775 0.000 -0.628 -0.068 0.931 0.000 -0.106 -0.349 0.703 0.000 -0.707 -0.084 0.949 -0.000 -0.190 -0.252 0.722 0.000 -0.692 -0.022 0.972 0.000 -0.036 0.234 0.589 -0.000 -0.808 0.013 0.982 0.000 0.098 0.159 
0.991 -0.051 0.038 0.116 0.776 0.000 -0.627 -0.065 0.931 0.000 -0.107 -0.348 0.704 0.000 -0.706 -0.078 0.950 0.000 -0.189 -0.249 0.722 0.000 -0.691 -0.030 0.969 0.000 -0.040 0.243 0.590 0.000 -0.807 0.014 0.982 0.000 0.097 0.160 
0.991 -0.052 0.038 0.115 0.776 0.000 -0.628 -0.061 0.931 0.000 -0.106 -0.348 0.705 0.000 -0.705 -0.072 0.951 0.000 -0.187 -0.246 0.721 0.000 -0.691 -0.038 0.966 0.000 -0.044 0.254 0.592 0.000 -0.806 0.014 0.982 -0.000 0.094 0.162 
0.991 -0.053 0.037 0.115 0.777 0.000 -0.627 -0.057 0.932 -0.000 -0.104 -0.347 0.706 0.000 -0.705 -0.066 0.952 0.000 -0.185 -0.243 0.722 0.000 -0.690 -0.047 0.963 0.000 -0.049 0.265 0.593 0.000 -0.805 0.016 0.982 0.000 0.094 0.163 
0.991 -0.053 0.036 0.115 0.777 -0.000 -0.627 -0.053 0.933 0.000 -0.103 -0.346 0.708 0.000 -0.704 -0.060 0.953 -0.000 -0.184 -0.239 0.722 0.000 -0.690 -0.057 0.960 0.000 -0.056 0.276 0.594 0.000 -0.804 0.016 0.982 0.000 0.092 0.164 
0.991 -0.054 0.035 0.115 0.778 0.000 -0.627 -0.050 0.933 0.000 -0.102 -0.345 0.709 0.000 -0.703 -0.054 0.954 0.000 -0.182 -0.236 0.722 0.000 -0.688 -0.067 0.956 0.000 -0.063 0.287 0.595 0.000 -0.803 0.015 0.982 0.000 0.091 0.167 
0.991 -0.054 0.039 0.116 0.780 0.000 -0.624 -0.044 0.933 0.000 -0.100 -0.346 0.707 0.000 -0.705 -0.049 0.956 0.000 -0.181 -0.233 0.730 0.000 -0.679 -0.076 0.952 0.000 -0.076 0.297 0.593 0.000 -0.805 0.017 0.982 -0.000 0.090 0.166 
0.991 -0.055 0.038 0.115 0.780 0.000 -0.625 -0.040 0.934 0.000 -0.097 -0.345 0.708 -0.000 -0.705 -0.043 0.957 -0.000 -0.179 -0.230 0.732 0.000 -0.676 -0.087 0.947 -0.000 -0.087 0.309 0.595 0.000 -0.804 0.018 0.982 0.000 0.088 0.166 
0.991 -0.056 0.036 0.114 0.779 0.000 -0.625 -0.036 0.934 0.000 -0.096 -0.344 0.710 0.000 -0.703 -0.037 0.958 0.000 -0.178 -0.227 0.730 0.000 -0.676 -0.101 0.942 -0.000 -0.094 0.321 0.598 0.000 -0.801 0.021 0.983 0.000 0.086 0.162 
0.991 -0.057 0.037 0.115 0.781 0.000 -0.624 -0.031 0.934 0.000 -0.093 -0.344 0.710 -0.000 -0.703 -0.031 0.958 0.000 -0.177 -0.224 0.734 0.000 -0.671 -0.110 0.938 0.000 -0.106 0.331 0.597 0.000 -0.802 0.022 0.983 0.000 0.086 0.165 
0.991 -0.057 0.035 0.114 0.780 0.000 -0.625 -0.027 0.935 0.000 -0.092 -0.343 0.713 0.000 -0.701 -0.025 0.959 0.000 -0.175 -0.221 0.731 0.000 -0.671 -0.123 0.932 0.000 -0.114 0.343 0.599 0.000 -0.800 0.023 0.983 0.000 0.084 0.163 
0.991 -0.058 0.034 0.115 0.780 -0.000 -0.626 -0.022 0.935 0.000 -0.089 -0.344 0.714 -0.000 -0.700 -0.019 0.961 0.000 -0.174 -0.217 0.732 0.000 -0.668 -0.134 0.927 0.000 -0.124 0.353 0.601 0.000 -0.799 0.025 0.983 0.000 0.084 0.164 
0.991 -0.059 0.033 0.116 0.780 0.000 -0.625 -0.017 0.935 0.000 -0.086 -0.343 0.714 0.000 -0.700 -0.013 0.961 0.000 -0.174 -0.213 0.733 0.000 -0.665 -0.144 0.922 0.000 -0.135 0.362 0.601 0.000 -0.799 0.027 0.983 0.000 0.083 0.163 
0.991 -0.059 0.032 0.116 0.780 0.000 -0.625 -0.011 0.935 -0.000 -0.084 -0.344 0.716 0.000 -0.698 -0.007 0.962 0.000 -0.173 -0.211 0.734 0.000 -0.661 -0.157 0.916 0.000 -0.148 0.372 0.602 0.000 -0.798 0.028 0.983 0.000 0.083 0.163 
0.991 -0.061 0.032 0.115 0.780 0.000 -0.625 -0.005 0.936 0.000 -0.083 -0.343 0.717 -0.000 -0.697 -0.000 0.963 0.000 -0.172 -0.207 0.734 0.000 -0.659 -0.166 0.911 0.000 -0.157 0.382 0.605 0.000 -0.796 0.034 0.984 0.000 0.081 0.160 
0.991 -0.061 0.030 0.117 0.780 0.000 -0.626 0.000 0.936 0.000 -0.080 -0.343 0.719 0.000 -0.695 0.005 0.964 -0.000 -0.171 -0.204 0.734 0.000 -0.656 -0.177 0.905 -0.000 -0.171 0.389 0.605 0.000 -0.795 0.034 0.983 0.000 0.082 0.162 
0.991 -0.062 0.029 0.118 0.780 0.000 -0.626 0.006 0.936 -0.000 -0.077 -0.344 0.720 0.000 -0.694 0.010 0.965 0.000 -0.170 -0.200 0.735 0.000 -0.652 -0.188 0.899 0.000 -0.184 0.397 0.606 0.000 -0.795 0.035 0.983 0.000 0.082 0.162 
0.991 -0.063 0.028 0.119 0.780 0.000 -0.625 0.014 0.936 0.000 -0.078 -0.344 0.721 0.000 -0.692 0.016 0.966 0.000 -0.168 -0.197 0.735 0.000 -0.649 -0.197 0.894 0.000 -0.196 0.404 0.607 0.000 -0.794 0.039 0.984 0.000 0.082 0.160 
0.990 -0.064 0.026 0.119 0.780 0.000 -0.626 0.020 0.936 0.000 -0.076 -0.345 0.722 0.000 -0.692 0.023 0.967 0.000 -0.164 -0.195 0.736 0.000 -0.645 -0.207 0.887 -0.000 -0.210 0.410 0.609 0.000 -0.792 0.041 0.984 0.000 0.082 0.160 
0.990 -0.065 0.025 0.120 0.779 0.000 -0.626 0.027 0.936 0.000 -0.074 -0.345 0.724 -0.000 -0.690 0.028 0.968 0.000 -0.163 -0.191 0.736 0.000 -0.642 -0.217 0.881 0.000 -0.224 0.416 0.610 0.000 -0.791 0.042 0.984 -0.000 0.083 0.160 
0.990 -0.066 0.023 0.121 0.779 0.000 -0.627 0.034 0.936 0.000 -0.072 -0.346 0.725 0.000 -0.688 0.033 0.969 0.000 -0.162 -0.187 0.736 0.000 -0.638 -0.226 0.876 0.000 -0.237 0.421 0.612 0.000 -0.790 0.044 0.983 0.000 0.083 0.161 
0.990 -0.067 0.022 0.122 0.778 -0.000 -0.627 0.041 0.935 0.000 -0.071 -0.346 0.727 0.000 -0.686 0.037 0.970 0.000 -0.161 -0.184 0.735 0.000 -0.636 -0.236 0.870 0.000 -0.250 0.425 0.613 0.000 -0.788 0.047 0.984 0.000 0.084 0.160 
0.990 -0.068 0.020 0.123 0.777 0.000 -0.627 0.049 0.936 -0.000 -0.070 -0.346 0.728 0.000 -0.684 0.043 0.971 0.000 -0.159 -0.180 0.738 0.000 -0.630 -0.242 0.864 0.000 -0.265 0.429 0.615 0.000 -0.787 0.052 0.984 -0.000 0.084 0.158 
0.990 -0.069 0.017 0.123 0.776 0.000 -0.628 0.056 0.935 0.000 -0.070 -0.346 0.730 0.000 -0.682 0.046 0.972 0.000 -0.158 -0.176 0.736 -0.000 -0.627 -0.253 0.858 0.000 -0.279 0.432 0.617 0.000 -0.785 0.054 0.984 0.000 0.084 0.158 
0.990 -0.070 0.015 0.125 0.775 0.000 -0.629 0.064 0.935 0.000 -0.069 -0.347 0.732 0.000 -0.680 0.051 0.972 0.000 -0.156 -0.173 0.736 0.000 -0.624 -0.262 0.852 0.000 -0.293 0.434 0.620 0.000 -0.783 0.056 0.984 0.000 0.085 0.158 
0.989 -0.071 0.013 0.126 0.774 0.000 -0.629 0.071 0.935 0.000 -0.068 -0.347 0.734 0.000 -0.677 0.054 0.973 0.000 -0.155 -0.169 0.736 0.000 -0.620 -0.271 0.846 -0.000 -0.308 0.435 0.622 -0.000 -0.781 0.057 0.984 0.000 0.086 0.158 
0.989 -0.072 0.011 0.128 0.773 0.000 -0.629 0.078 0.936 -0.000 -0.067 -0.345 0.735 0.000 -0.676 0.059 0.974 -0.000 -0.154 -0.165 0.738 0.000 -0.615 -0.278 0.840 0.000 -0.323 0.435 0.623 -0.000 -0.780 0.060 0.984 0.000 0.087 0.157 
0.989 -0.073 0.008 0.130 0.772 -0.000 -0.630 0.086 0.936 0.000 -0.067 -0.346 0.737 -0.000 -0.673 0.060 0.975 0.000 -0.153 -0.160 0.738 -0.000 -0.610 -0.287 0.835 0.000 -0.338 0.435 0.625 0.000 -0.778 0.062 0.984 0.000 0.087 0.157 
0.989 -0.074 0.006 0.132 0.771 -0.000 -0.630 0.093 0.936 -0.000 -0.066 -0.345 0.739 -0.000 -0.671 0.064 0.975 0.000 -0.154 -0.158 0.739 0.000 -0.606 -0.294 0.829 0.000 -0.352 0.434 0.628 0.000 -0.775 0.064 0.984 0.000 0.087 0.155 
0.988 -0.075 0.003 0.133 0.770 0.000 -0.631 0.100 0.936 0.000 -0.064 -0.346 0.741 0.000 -0.668 0.067 0.976 -0.000 -0.152 -0.157 0.739 -0.000 -0.601 -0.303 0.824 0.000 -0.367 0.432 0.630 0.000 -0.774 0.065 0.984 0.000 0.088 0.156 
0.988 -0.075 0.000 0.134 0.768 0.000 -0.632 0.107 0.936 -0.000 -0.063 -0.346 0.743 0.000 -0.666 0.070 0.976 0.000 -0.152 -0.155 0.739 0.000 -0.597 -0.313 0.818 -0.000 -0.381 0.430 0.633 -0.000 -0.772 0.066 0.984 0.000 0.088 0.155 
0.988 -0.076 -0.002 0.136 0.767 0.000 -0.631 0.114 0.936 0.000 -0.063 -0.346 0.745 0.000 -0.664 0.073 0.977 -0.000 -0.151 -0.153 0.739 0.000 -0.592 -0.321 0.813 0.000 -0.395 0.427 0.635 -0.000 -0.770 0.068 0.984 -0.000 0.089 0.155 
0.988 -0.077 -0.005 0.137 0.765 0.000 -0.632 0.121 0.936 0.000 -0.062 -0.347 0.746 0.000 -0.661 0.077 0.977 0.000 -0.150 -0.151 0.739 0.000 -0.588 -0.329 0.808 0.000 -0.408 0.424 0.637 -0.000 -0.768 0.069 0.984 0.000 0.089 0.154 
0.987 -0.078 -0.007 0.138 0.765 0.000 -0.632 0.128 0.936 0.000 -0.063 -0.346 0.748 -0.000 -0.659 0.081 0.977 0.000 -0.150 -0.151 0.740 0.000 -0.583 -0.337 0.803 0.000 -0.421 0.421 0.639 -0.000 -0.766 0.073 0.984 0.000 0.089 0.153 
0.987 -0.078 -0.009 0.138 0.763 0.000 -0.632 0.134 0.936 0.000 -0.063 -0.346 0.750 -0.000 -0.656 0.084 0.977 0.000 -0.150 -0.150 0.739 -0.000 -0.578 -0.347 0.799 0.000 -0.433 0.418 0.641 0.000 -0.764 0.073 0.984 0.000 0.090 0.153 
0.987 -0.078 -0.012 0.138 0.762 0.000 -0.633 0.140 0.936 0.000 -0.063 -0.346 0.751 0.000 -0.654 0.087 0.977 -0.000 -0.149 -0.151 0.739 0.000 -0.571 -0.357 0.793 0.000 -0.448 0.413 0.644 0.000 -0.762 0.074 0.984 0.000 0.089 0.152 
0.987 -0.079 -0.015 0.139 0.759 0.000 -0.634 0.147 0.936 0.000 -0.061 -0.346 0.753 -0.000 -0.652 0.090 0.977 0.000 -0.148 -0.150 0.739 0.000 -0.566 -0.366 0.789 0.000 -0.460 0.407 0.646 0.000 -0.760 0.074 0.984 0.000 0.090 0.152 
0.987 -0.079 -0.017 0.140 0.758 0.000 -0.635 0.152 0.937 0.000 -0.061 -0.345 0.755 -0.000 -0.649 0.093 0.978 0.000 -0.148 -0.150 0.739 0.000 -0.561 -0.374 0.786 0.000 -0.471 0.401 0.648 0.000 -0.758 0.073 0.984 0.000 0.090 0.155 
0.987 -0.079 -0.020 0.141 0.756 0.000 -0.635 0.158 0.936 0.000 -0.061 -0.345 0.756 0.000 -0.647 0.095 0.978 -0.000 -0.147 -0.150 0.739 0.000 -0.555 -0.382 0.782 0.000 -0.482 0.395 0.650 0.000 -0.757 0.073 0.984 -0.000 0.091 0.155 
0.986 -0.080 -0.023 0.142 0.754 0.000 -0.636 0.164 0.937 0.000 -0.061 -0.345 0.758 0.000 -0.645 0.098 0.978 0.000 -0.147 -0.149 0.739 0.000 -0.549 -0.390 0.779 0.000 -0.492 0.388 0.652 0.000 -0.755 0.074 0.984 0.000 0.091 0.156 
0.986 -0.080 -0.025 0.142 0.752 0.000 -0.637 0.170 0.937 0.000 -0.060 -0.345 0.760 -0.000 -0.643 0.100 0.978 0.000 -0.146 -0.149 0.739 -0.000 -0.543 -0.398 0.776 0.000 -0.503 0.381 0.655 0.000 -0.752 0.072 0.983 -0.000 0.090 0.158 
0.986 -0.081 -0.028 0.143 0.751 0.000 -0.637 0.175 0.937 0.000 -0.060 -0.344 0.761 0.000 -0.640 0.102 0.978 0.000 -0.146 -0.149 0.740 -0.000 -0.538 -0.404 0.774 0.000 -0.512 0.374 0.657 0.000 -0.750 0.076 0.984 0.000 0.091 0.154 
0.985 -0.082 -0.031 0.147 0.747 0.000 -0.639 0.183 0.937 0.000 -0.058 -0.344 0.763 0.000 -0.638 0.105 0.978 -0.000 -0.146 -0.147 0.740 0.000 -0.536 -0.406 0.774 0.000 -0.517 0.367 0.660 0.000 -0.747 0.079 0.984 -0.000 0.092 0.153 
0.985 -0.082 -0.033 0.147 0.747 0.000 -0.638 0.187 0.938 -0.000 -0.058 -0.342 0.764 -0.000 -0.636 0.107 0.978 0.000 -0.145 -0.148 0.741 -0.000 -0.529 -0.415 0.771 0.000 -0.525 0.360 0.661 0.000 -0.746 0.080 0.984 0.000 0.092 0.153 
0.985 -0.082 -0.035 0.148 0.745 -0.000 -0.639 0.192 0.938 -0.000 -0.058 -0.342 0.765 0.000 -0.634 0.109 0.978 0.000 -0.145 -0.147 0.741 0.000 -0.522 -0.421 0.769 0.000 -0.534 0.351 0.663 0.000 -0.744 0.080 0.984 0.000 0.092 0.153 
0.985 -0.082 -0.038 0.149 0.743 0.000 -0.639 0.196 0.938 0.000 -0.058 -0.341 0.767 0.000 -0.633 0.110 0.978 0.000 -0.144 -0.148 0.741 0.000 -0.517 -0.428 0.768 0.000 -0.541 0.344 0.666 0.000 -0.742 0.080 0.984 0.000 0.093 0.154 
0.984 -0.083 -0.040 0.150 0.742 0.000 -0.640 0.201 0.939 0.000 -0.056 -0.340 0.768 0.000 -0.631 0.112 0.979 -0.000 -0.144 -0.147 0.742 0.000 -0.512 -0.433 0.767 0.000 -0.547 0.336 0.668 0.000 -0.740 0.081 0.984 0.000 0.093 0.153 
0.984 -0.082 -0.042 0.151 0.740 -0.000 -0.640 0.205 0.939 0.000 -0.058 -0.339 0.769 -0.000 -0.629 0.114 0.978 -0.000 -0.144 -0.148 0.742 0.000 -0.506 -0.439 0.766 0.000 -0.552 0.328 0.669 -0.000 -0.738 0.080 0.984 0.000 0.092 0.154 
0.984 -0.083 -0.044 0.152 0.739 0.000 -0.641 0.209 0.939 0.000 -0.057 -0.338 0.770 0.000 -0.628 0.115 0.978 -0.000 -0.144 -0.148 0.743 0.000 -0.500 -0.445 0.765 0.000 -0.558 0.321 0.672 0.000 -0.736 0.082 0.984 0.000 0.092 0.153 
0.984 -0.083 -0.046 0.152 0.737 0.000 -0.641 0.213 0.940 0.000 -0.057 -0.337 0.771 0.000 -0.626 0.117 0.978 0.000 -0.144 -0.149 0.743 0.000 -0.495 -0.450 0.765 0.000 -0.563 0.314 0.673 0.000 -0.735 0.081 0.984 0.000 0.093 0.155 
0.983 -0.084 -0.048 0.154 0.736 0.000 -0.642 0.217 0.940 0.000 -0.057 -0.336 0.772 0.000 -0.625 0.119 0.978 0.000 -0.145 -0.150 0.743 0.000 -0.492 -0.454 0.765 0.000 -0.565 0.308 0.675 0.000 -0.733 0.083 0.984 0.000 0.092 0.153 
0.983 -0.084 -0.050 0.154 0.735 -0.000 -0.642 0.219 0.941 0.000 -0.058 -0.334 0.772 0.000 -0.624 0.121 0.978 0.000 -0.145 -0.151 0.744 0.000 -0.486 -0.459 0.765 0.000 -0.569 0.301 0.676 0.000 -0.732 0.082 0.983 0.000 0.093 0.156 
0.983 -0.084 -0.051 0.155 0.734 0.000 -0.642 0.221 0.942 0.000 -0.058 -0.332 0.773 0.000 -0.622 0.123 0.977 -0.000 -0.146 -0.153 0.744 0.000 -0.482 -0.463 0.765 0.000 -0.572 0.295 0.678 0.000 -0.730 0.082 0.983 0.000 0.093 0.156 
0.983 -0.084 -0.053 0.155 0.733 0.000 -0.642 0.224 0.942 0.000 -0.059 -0.331 0.774 0.000 -0.621 0.124 0.977 0.000 -0.147 -0.154 0.744 0.000 -0.477 -0.468 0.766 -0.000 -0.575 0.289 0.680 -0.000 -0.729 0.082 0.983 0.000 0.093 0.157 
0.983 -0.084 -0.055 0.156 0.732 0.000 -0.642 0.226 0.943 0.000 -0.059 -0.328 0.774 0.000 -0.620 0.126 0.977 0.000 -0.148 -0.155 0.744 0.000 -0.473 -0.472 0.766 0.000 -0.577 0.283 0.681 0.000 -0.727 0.082 0.983 0.000 0.093 0.158 
0.982 -0.085 -0.056 0.157 0.732 0.000 -0.643 0.228 0.943 0.000 -0.059 -0.326 0.775 0.000 -0.619 0.128 0.976 0.000 -0.149 -0.157 0.745 0.000 -0.468 -0.476 0.766 0.000 -0.580 0.277 0.683 0.000 -0.726 0.082 0.983 -0.000 0.093 0.159 
0.982 -0.085 -0.057 0.157 0.731 -0.000 -0.643 0.230 0.944 0.000 -0.060 -0.325 0.775 -0.000 -0.618 0.129 0.976 0.000 -0.149 -0.159 0.745 -0.000 -0.465 -0.479 0.768 0.000 -0.581 0.271 0.684 0.000 -0.724 0.083 0.983 0.000 0.093 0.160 
0.982 -0.086 -0.060 0.158 0.730 0.000 -0.644 0.231 0.945 0.000 -0.060 -0.323 0.776 0.000 -0.617 0.131 0.976 0.000 -0.150 -0.160 0.744 -0.000 -0.463 -0.482 0.769 0.000 -0.581 0.266 0.686 0.000 -0.722 0.083 0.982 0.000 0.093 0.163 
0.982 -0.086 -0.061 0.159 0.729 0.000 -0.644 0.232 0.945 0.000 -0.059 -0.321 0.777 0.000 -0.616 0.133 0.975 0.000 -0.151 -0.162 0.744 -0.000 -0.460 -0.484 0.770 0.000 -0.581 0.262 0.688 0.000 -0.721 0.085 0.982 0.000 0.094 0.163 
0.981 -0.087 -0.062 0.160 0.728 0.000 -0.645 0.234 0.945 0.000 -0.060 -0.320 0.777 0.000 -0.615 0.134 0.975 0.000 -0.152 -0.163 0.744 0.000 -0.456 -0.488 0.771 0.000 -0.582 0.257 0.689 0.000 -0.720 0.085 0.982 0.000 0.094 0.164 
0.981 -0.087 -0.063 0.160 0.727 0.000 -0.645 0.234 0.946 0.000 -0.060 -0.318 0.777 0.000 -0.614 0.136 0.974 -0.000 -0.153 -0.165 0.744 0.000 -0.454 -0.491 0.773 0.000 -0.583 0.252 0.691 0.000 -0.718 0.086 0.982 0.000 0.094 0.164 
0.981 -0.088 -0.065 0.161 0.727 0.000 -0.645 0.234 0.947 0.000 -0.060 -0.315 0.778 0.000 -0.614 0.137 0.974 0.000 -0.153 -0.167 0.743 0.000 -0.451 -0.494 0.774 0.000 -0.582 0.248 0.692 0.000 -0.716 0.087 0.982 0.000 0.094 0.164 
0.981 -0.088 -0.066 0.161 0.726 0.000 -0.646 0.235 0.947 0.000 -0.060 -0.315 0.778 0.000 -0.613 0.138 0.974 0.000 -0.154 -0.168 0.743 0.000 -0.449 -0.496 0.775 -0.000 -0.582 0.244 0.694 0.000 -0.715 0.088 0.982 0.000 0.095 0.165 
0.981 -0.089 -0.067 0.162 0.726 0.000 -0.646 0.234 0.948 0.000 -0.061 -0.312 0.778 0.000 -0.612 0.140 0.973 -0.000 -0.156 -0.170 0.743 0.000 -0.446 -0.499 0.777 0.000 -0.582 0.240 0.695 0.000 -0.714 0.089 0.982 0.000 0.095 0.166 
0.980 -0.090 -0.068 0.162 0.726 0.000 -0.647 0.234 0.949 0.000 -0.061 -0.310 0.778 0.000 -0.612 0.141 0.973 0.000 -0.156 -0.172 0.743 0.000 -0.444 -0.501 0.778 0.000 -0.582 0.237 0.696 0.000 -0.712 0.091 0.982 -0.000 0.095 0.166 
0.980 -0.090 -0.069 0.163 0.726 0.000 -0.647 0.233 0.950 0.000 -0.059 -0.308 0.779 0.000 -0.611 0.143 0.972 0.000 -0.158 -0.174 0.743 -0.000 -0.443 -0.503 0.779 -0.000 -0.581 0.234 0.698 0.000 -0.711 0.092 0.981 0.000 0.095 0.167 
0.980 -0.090 -0.070 0.163 0.725 0.000 -0.647 0.233 0.950 0.000 -0.061 -0.307 0.779 0.000 -0.611 0.144 0.972 0.000 -0.159 -0.176 0.742 0.000 -0.440 -0.505 0.780 -0.000 -0.581 0.231 0.699 -0.000 -0.709 0.093 0.981 0.000 0.095 0.168 
0.980 -0.091 -0.070 0.163 0.726 0.000 -0.647 0.233 0.950 0.000 -0.062 -0.306 0.778 0.000 -0.610 0.146 0.971 0.000 -0.160 -0.179 0.742 -0.000 -0.438 -0.507 0.781 0.000 -0.581 0.229 0.700 0.000 -0.708 0.094 0.981 0.000 0.095 0.168 
0.980 -0.091 -0.071 0.164 0.726 0.000 -0.648 0.233 0.950 0.000 -0.059 -0.305 0.778 0.000 -0.610 0.148 0.970 -0.000 -0.162 -0.181 0.743 0.000 -0.436 -0.507 0.782 -0.000 -0.580 0.226 0.701 0.000 -0.707 0.095 0.981 0.000 0.095 0.169 
0.980 -0.092 -0.071 0.164 0.726 0.000 -0.648 0.232 0.951 0.000 -0.059 -0.304 0.778 0.000 -0.610 0.149 0.969 -0.000 -0.164 -0.183 0.743 -0.000 -0.435 -0.509 0.784 0.000 -0.579 0.224 0.702 0.000 -0.706 0.095 0.981 0.000 0.096 0.169 
0.980 -0.092 -0.072 0.164 0.726 0.000 -0.648 0.231 0.951 0.000 -0.059 -0.304 0.778 0.000 -0.610 0.151 0.969 0.000 -0.165 -0.186 0.741 0.000 -0.434 -0.512 0.785 0.000 -0.578 0.222 0.703 0.000 -0.705 0.096 0.981 0.000 0.095 0.170 
0.979 -0.092 -0.073 0.165 0.726 0.000 -0.648 0.232 0.951 0.000 -0.062 -0.304 0.779 0.000 -0.609 0.152 0.968 -0.000 -0.167 -0.188 0.738 -0.000 -0.437 -0.515 0.788 0.000 -0.574 0.221 0.705 0.000 -0.703 0.096 0.981 -0.000 0.096 0.171 
0.979 -0.092 -0.073 0.165 0.726 0.000 -0.647 0.232 0.950 0.000 -0.062 -0.305 0.779 0.000 -0.609 0.154 0.967 0.000 -0.169 -0.190 0.737 0.000 -0.435 -0.517 0.789 0.000 -0.573 0.219 0.705 0.000 -0.702 0.096 0.980 0.000 0.096 0.173 
0.979 -0.092 -0.074 0.165 0.726 0.000 -0.647 0.231 0.950 -0.000 -0.062 -0.306 0.778 0.000 -0.609 0.155 0.966 0.000 -0.170 -0.193 0.737 -0.000 -0.434 -0.518 0.790 0.000 -0.573 0.217 0.706 0.000 -0.701 0.096 0.980 0.000 0.096 0.175 
0.979 -0.092 -0.074 0.165 0.727 0.000 -0.646 0.231 0.949 -0.000 -0.063 -0.307 0.778 0.000 -0.608 0.157 0.965 0.000 -0.173 -0.196 0.736 0.000 -0.433 -0.520 0.792 0.000 -0.571 0.216 0.707 0.000 -0.701 0.096 0.980 0.000 0.096 0.174 
0.979 -0.092 -0.074 0.165 0.728 0.000 -0.645 0.231 0.949 -0.000 -0.064 -0.309 0.778 0.000 -0.609 0.158 0.965 0.000 -0.174 -0.197 0.736 0.000 -0.433 -0.521 0.793 0.000 -0.570 0.215 0.708 0.000 -0.700 0.095 0.979 0.000 0.096 0.178 
0.979 -0.092 -0.074 0.165 0.730 0.000 -0.643 0.230 0.948 0.000 -0.067 -0.310 0.778 0.000 -0.608 0.158 0.964 0.000 -0.176 -0.199 0.735 0.000 -0.431 -0.523 0.794 -0.000 -0.569 0.214 0.708 0.000 -0.700 0.094 0.979 0.000 0.096 0.181 
0.979 -0.092 -0.074 0.165 0.732 0.000 -0.642 0.229 0.948 0.000 -0.068 -0.312 0.777 -0.000 -0.609 0.159 0.963 0.000 -0.177 -0.202 0.735 -0.000 -0.430 -0.525 0.795 0.000 -0.568 0.212 0.709 -0.000 -0.699 0.093 0.978 0.000 0.096 0.183 
0.979 -0.091 -0.074 0.165 0.734 0.000 -0.640 0.228 0.947 0.000 -0.069 -0.313 0.777 0.000 -0.609 0.160 0.963 -0.000 -0.178 -0.204 0.734 0.000 -0.430 -0.526 0.796 0.000 -0.567 0.211 0.709 0.000 -0.699 0.091 0.978 0.000 0.096 0.186 
0.979 -0.091 -0.074 0.165 0.736 -0.000 -0.638 0.227 0.946 0.000 -0.070 -0.317 0.776 0.000 -0.610 0.161 0.962 -0.000 -0.180 -0.206 0.734 -0.000 -0.429 -0.527 0.797 0.000 -0.566 0.210 0.710 -0.000 -0.699 0.090 0.977 0.000 0.096 0.189 
0.979 -0.090 -0.074 0.165 0.738 0.000 -0.636 0.225 0.945 0.000 -0.071 -0.319 0.775 0.000 -0.610 0.162 0.961 0.000 -0.181 -0.208 0.733 0.000 -0.428 -0.529 0.798 0.000 -0.565 0.209 0.710 0.000 -0.698 0.088 0.977 0.000 0.095 0.192 
0.980 -0.089 -0.073 0.165 0.740 0.000 -0.633 0.224 0.944 0.000 -0.072 -0.323 0.775 0.000 -0.611 0.162 0.960 0.000 -0.183 -0.210 0.731 0.000 -0.428 -0.531 0.800 0.000 -0.562 0.210 0.711 0.000 -0.698 0.086 0.976 0.000 0.095 0.194 
0.980 -0.089 -0.073 0.165 0.744 0.000 -0.630 0.222 0.943 0.000 -0.074 -0.324 0.774 0.000 -0.612 0.163 0.960 0.000 -0.185 -0.212 0.731 0.000 -0.428 -0.532 0.801 0.000 -0.561 0.208 0.712 -0.000 -0.698 0.085 0.976 0.000 0.095 0.197 
0.980 -0.088 -0.073 0.165 0.747 0.000 -0.627 0.220 0.942 -0.000 -0.075 -0.327 0.774 0.000 -0.612 0.163 0.959 0.000 -0.187 -0.214 0.731 -0.000 -0.427 -0.533 0.802 0.000 -0.560 0.207 0.712 -0.000 -0.697 0.083 0.975 0.000 0.094 0.200 
0.980 -0.087 -0.073 0.164 0.751 -0.000 -0.624 0.218 0.941 0.000 -0.076 -0.330 0.773 0.000 -0.612 0.164 0.958 0.000 -0.189 -0.217 0.730 0.000 -0.426 -0.534 0.803 0.000 -0.559 0.206 0.712 0.000 -0.697 0.081 0.975 0.000 0.094 0.202 
0.980 -0.086 -0.072 0.164 0.754 0.000 -0.621 0.216 0.940 -0.000 -0.076 -0.333 0.773 0.000 -0.613 0.164 0.957 0.000 -0.190 -0.218 0.730 0.000 -0.426 -0.535 0.804 0.000 -0.558 0.205 0.713 0.000 -0.697 0.080 0.974 -0.000 0.094 0.205 
0.980 -0.085 -0.072 0.164 0.756 -0.000 -0.618 0.214 0.939 0.000 -0.074 -0.336 0.773 0.000 -0.613 0.165 0.956 0.000 -0.192 -0.220 0.729 0.000 -0.426 -0.536 0.805 0.000 -0.557 0.204 0.713 0.000 -0.696 0.078 0.974 0.000 0.094 0.207 
0.980 -0.084 -0.072 0.164 0.760 0.000 -0.615 0.212 0.938 0.000 -0.075 -0.339 0.772 0.000 -0.613 0.164 0.955 -0.000 -0.195 -0.223 0.729 0.000 -0.426 -0.537 0.806 0.000 -0.556 0.203 0.714 -0.000 -0.696 0.077 0.973 0.000 0.094 0.209 
0.980 -0.084 -0.073 0.163 0.764 -0.000 -0.611 0.209 0.937 0.000 -0.075 -0.341 0.772 0.000 -0.614 0.164 0.954 0.000 -0.196 -0.225 0.727 0.000 -0.426 -0.538 0.807 0.000 -0.555 0.203 0.714 0.000 -0.696 0.076 0.973 0.000 0.094 0.211 
0.980 -0.083 -0.073 0.164 0.766 0.000 -0.608 0.208 0.936 0.000 -0.073 -0.344 0.773 0.000 -0.613 0.164 0.954 0.000 -0.198 -0.226 0.727 -0.000 -0.427 -0.538 0.808 0.000 -0.553 0.202 0.715 0.000 -0.695 0.075 0.973 0.000 0.095 0.212 
0.980 -0.082 -0.074 0.164 0.770 0.000 -0.604 0.207 0.935 -0.000 -0.074 -0.347 0.773 0.000 -0.613 0.163 0.953 0.000 -0.199 -0.227 0.726 0.000 -0.429 -0.537 0.810 0.000 -0.551 0.202 0.716 0.000 -0.694 0.075 0.972 0.000 0.097 0.213 
0.980 -0.081 -0.074 0.164 0.773 0.000 -0.601 0.205 0.934 -0.000 -0.072 -0.350 0.773 -0.000 -0.613 0.162 0.953 0.000 -0.200 -0.229 0.726 0.000 -0.429 -0.538 0.810 0.000 -0.550 0.201 0.716 0.000 -0.695 0.074 0.972 0.000 0.098 0.215 
0.981 -0.079 -0.074 0.163 0.777 0.000 -0.596 0.201 0.933 0.000 -0.070 -0.353 0.773 0.000 -0.614 0.161 0.952 0.000 -0.200 -0.231 0.725 0.000 -0.428 -0.539 0.811 0.000 -0.550 0.200 0.716 0.000 -0.695 0.073 0.971 0.000 0.099 0.216 
0.981 -0.079 -0.075 0.163 0.781 0.000 -0.592 0.200 0.932 0.000 -0.069 -0.357 0.773 0.000 -0.614 0.160 0.951 0.000 -0.202 -0.232 0.725 -0.000 -0.429 -0.540 0.812 0.000 -0.548 0.201 0.715 0.000 -0.695 0.070 0.970 0.000 0.100 0.221 
0.981 -0.078 -0.075 0.162 0.785 0.000 -0.587 0.197 0.931 0.000 -0.069 -0.359 0.773 0.000 -0.614 0.158 0.951 0.000 -0.201 -0.233 0.724 0.000 -0.429 -0.540 0.812 0.000 -0.547 0.202 0.715 0.000 -0.695 0.070 0.970 0.000 0.101 0.222 
0.981 -0.076 -0.075 0.162 0.788 0.000 -0.583 0.196 0.930 -0.000 -0.067 -0.363 0.773 0.000 -0.615 0.157 0.951 0.000 -0.202 -0.235 0.724 0.000 -0.429 -0.541 0.813 -0.000 -0.546 0.202 0.715 -0.000 -0.695 0.068 0.969 0.000 0.102 0.223 
0.981 -0.075 -0.075 0.162 0.792 0.000 -0.578 0.194 0.928 0.000 -0.065 -0.366 0.773 0.000 -0.616 0.156 0.950 0.000 -0.202 -0.237 0.723 0.000 -0.429 -0.542 0.813 0.000 -0.545 0.202 0.715 0.000 -0.695 0.068 0.969 0.000 0.102 0.224 
0.981 -0.074 -0.075 0.161 0.797 0.000 -0.573 0.191 0.928 0.000 -0.062 -0.368 0.772 -0.000 -0.617 0.154 0.950 0.000 -0.201 -0.237 0.722 -0.000 -0.430 -0.543 0.814 -0.000 -0.543 0.204 0.715 -0.000 -0.696 0.067 0.969 0.000 0.103 0.226 
0.981 -0.073 -0.076 0.162 0.800 0.000 -0.569 0.191 0.926 0.000 -0.060 -0.372 0.772 -0.000 -0.617 0.153 0.950 0.000 -0.202 -0.238 0.722 0.000 -0.432 -0.541 0.816 0.000 -0.541 0.205 0.716 0.000 -0.695 0.067 0.969 0.000 0.104 0.226 
0.982 -0.070 -0.074 0.160 0.805 -0.000 -0.564 0.186 0.926 0.000 -0.058 -0.374 0.771 0.000 -0.620 0.149 0.951 0.000 -0.198 -0.237 0.721 0.000 -0.429 -0.544 0.815 0.000 -0.542 0.206 0.715 -0.000 -0.696 0.066 0.968 0.000 0.104 0.227 
0.983 -0.068 -0.072 0.156 0.811 0.000 -0.557 0.181 0.925 0.000 -0.057 -0.376 0.768 0.000 -0.623 0.148 0.951 0.000 -0.196 -0.240 0.725 -0.000 -0.421 -0.544 0.812 -0.000 -0.546 0.205 0.713 0.000 -0.699 0.065 0.968 0.000 0.103 0.228 
0.983 -0.066 -0.071 0.156 0.815 0.000 -0.551 0.179 0.923 0.000 -0.055 -0.380 0.768 0.000 -0.624 0.147 0.950 0.000 -0.197 -0.241 0.725 0.000 -0.422 -0.544 0.813 0.000 -0.545 0.206 0.712 0.000 -0.699 0.065 0.968 0.000 0.104 0.229 
0.983 -0.064 -0.071 0.155 0.818 0.000 -0.547 0.177 0.922 0.000 -0.052 -0.383 0.767 0.000 -0.625 0.144 0.950 0.000 -0.196 -0.242 0.725 0.000 -0.423 -0.544 0.813 0.000 -0.545 0.206 0.712 0.000 -0.699 0.064 0.968 0.000 0.105 0.230 
0.983 -0.063 -0.070 0.155 0.823 0.000 -0.542 0.173 0.922 -0.000 -0.049 -0.385 0.766 0.000 -0.626 0.144 0.950 0.000 -0.196 -0.244 0.725 0.000 -0.424 -0.544 0.814 0.000 -0.543 0.207 0.711 -0.000 -0.700 0.063 0.967 0.000 0.107 0.230 
0.984 -0.061 -0.070 0.155 0.826 0.000 -0.537 0.173 0.920 0.000 -0.046 -0.390 0.766 0.000 -0.627 0.142 0.949 0.000 -0.196 -0.245 0.724 0.000 -0.425 -0.543 0.814 0.000 -0.542 0.207 0.711 0.000 -0.701 0.062 0.967 -0.000 0.108 0.231 
0.984 -0.058 -0.069 0.156 0.829 -0.000 -0.532 0.170 0.919 0.000 -0.041 -0.392 0.765 0.000 -0.629 0.139 0.949 0.000 -0.197 -0.247 0.725 0.000 -0.423 -0.543 0.814 0.000 -0.543 0.205 0.710 0.000 -0.701 0.057 0.966 0.000 0.108 0.234 
0.984 -0.056 -0.069 0.156 0.832 0.000 -0.528 0.169 0.917 0.000 -0.038 -0.397 0.765 0.000 -0.629 0.137 0.948 0.000 -0.197 -0.248 0.725 0.000 -0.424 -0.543 0.814 0.000 -0.542 0.206 0.710 0.000 -0.702 0.057 0.966 0.000 0.109 0.234 
0.984 -0.054 -0.068 0.155 0.835 -0.000 -0.524 0.167 0.915 0.000 -0.034 -0.401 0.764 0.000 -0.630 0.135 0.948 0.000 -0.197 -0.249 0.724 0.000 -0.424 -0.543 0.814 0.000 -0.543 0.206 0.710 0.000 -0.702 0.056 0.966 0.000 0.109 0.234 
0.984 -0.051 -0.068 0.155 0.838 0.000 -0.519 0.166 0.914 0.000 -0.031 -0.405 0.764 0.000 -0.631 0.133 0.948 0.000 -0.197 -0.250 0.724 0.000 -0.424 -0.544 0.814 0.000 -0.544 0.206 0.709 0.000 -0.702 0.056 0.966 0.000 0.109 0.234 
0.985 -0.049 -0.067 0.154 0.841 0.000 -0.516 0.164 0.912 0.000 -0.027 -0.410 0.763 0.000 -0.632 0.131 0.948 0.000 -0.198 -0.251 0.724 0.000 -0.423 -0.545 0.813 0.000 -0.545 0.206 0.709 0.000 -0.703 0.055 0.966 -0.000 0.108 0.233 
0.985 -0.046 -0.066 0.154 0.844 0.000 -0.512 0.163 0.910 0.000 -0.024 -0.414 0.763 0.000 -0.633 0.129 0.947 0.000 -0.198 -0.252 0.723 -0.000 -0.421 -0.547 0.811 -0.000 -0.547 0.206 0.709 -0.000 -0.703 0.055 0.967 0.000 0.108 0.232 
0.985 -0.043 -0.066 0.154 0.847 0.000 -0.507 0.160 0.909 0.000 -0.021 -0.417 0.763 0.000 -0.634 0.126 0.947 0.000 -0.198 -0.253 0.723 -0.000 -0.419 -0.549 0.810 0.000 -0.550 0.204 0.709 0.000 -0.703 0.054 0.967 0.000 0.108 0.231 
0.985 -0.040 -0.065 0.154 0.849 0.000 -0.504 0.158 0.907 0.000 -0.018 -0.421 0.762 0.000 -0.635 0.124 0.947 0.000 -0.198 -0.254 0.723 0.000 -0.416 -0.551 0.808 -0.000 -0.553 0.202 0.709 -0.000 -0.703 0.053 0.967 0.000 0.107 0.230 
0.985 -0.037 -0.064 0.154 0.851 0.000 -0.501 0.158 0.905 -0.000 -0.014 -0.426 0.762 0.000 -0.635 0.123 0.946 0.000 -0.199 -0.256 0.723 0.000 -0.413 -0.554 0.807 0.000 -0.556 0.200 0.709 0.000 -0.704 0.052 0.967 0.000 0.107 0.229 
0.985 -0.034 -0.064 0.154 0.853 0.000 -0.498 0.156 0.903 0.000 -0.011 -0.429 0.763 0.000 -0.636 0.119 0.946 0.000 -0.199 -0.256 0.723 0.000 -0.409 -0.557 0.805 0.000 -0.560 0.196 0.709 0.000 -0.704 0.050 0.968 0.000 0.107 0.228 
0.985 -0.030 -0.065 0.155 0.854 0.000 -0.496 0.155 0.901 0.000 -0.007 -0.434 0.764 0.000 -0.635 0.116 0.946 0.000 -0.200 -0.257 0.723 0.000 -0.405 -0.559 0.804 0.000 -0.563 0.192 0.709 0.000 -0.704 0.045 0.967 0.000 0.108 0.229 
0.985 -0.026 -0.065 0.156 0.855 0.000 -0.495 0.153 0.900 0.000 -0.003 -0.436 0.764 0.000 -0.635 0.114 0.945 0.000 -0.200 -0.258 0.723 0.000 -0.402 -0.561 0.803 0.000 -0.566 0.188 0.709 0.000 -0.704 0.042 0.967 0.000 0.108 0.229 
0.985 -0.022 -0.065 0.157 0.856 0.000 -0.494 0.152 0.898 0.000 0.001 -0.440 0.765 0.000 -0.635 0.112 0.945 0.000 -0.202 -0.259 0.723 0.000 -0.400 -0.564 0.802 0.000 -0.568 0.185 0.709 0.000 -0.704 0.038 0.967 -0.000 0.108 0.229 
0.985 -0.019 -0.066 0.158 0.857 0.000 -0.493 0.151 0.897 0.000 0.005 -0.442 0.766 0.000 -0.634 0.110 0.944 0.000 -0.203 -0.260 0.723 0.000 -0.399 -0.565 0.802 0.000 -0.569 0.183 0.709 0.000 -0.704 0.035 0.967 0.000 0.108 0.229 
0.985 -0.015 -0.066 0.159 0.858 0.000 -0.492 0.149 0.896 0.000 0.008 -0.443 0.767 0.000 -0.633 0.107 0.944 0.000 -0.203 -0.260 0.723 0.000 -0.398 -0.565 0.802 0.000 -0.569 0.182 0.709 0.000 -0.704 0.031 0.967 0.000 0.108 0.230 
0.985 -0.011 -0.066 0.161 0.857 0.000 -0.492 0.150 0.895 0.000 0.013 -0.447 0.768 0.000 -0.632 0.105 0.943 0.000 -0.205 -0.261 0.723 0.000 -0.399 -0.565 0.803 0.000 -0.568 0.181 0.710 0.000 -0.704 0.025 0.967 0.000 0.107 0.232 
0.984 -0.008 -0.067 0.163 0.858 -0.000 -0.492 0.150 0.894 0.000 0.015 -0.448 0.769 0.000 -0.631 0.103 0.943 0.000 -0.206 -0.261 0.722 -0.000 -0.400 -0.564 0.805 0.000 -0.566 0.181 0.710 -0.000 -0.704 0.020 0.967 0.000 0.107 0.233 
0.984 -0.004 -0.067 0.164 0.857 0.000 -0.493 0.149 0.893 -0.000 0.019 -0.450 0.770 0.000 -0.630 0.102 0.943 0.000 -0.206 -0.262 0.722 0.000 -0.403 -0.563 0.806 0.000 -0.563 0.181 0.711 0.000 -0.703 0.014 0.966 0.000 0.105 0.236 
0.984 -0.000 -0.067 0.166 0.857 0.000 -0.493 0.150 0.892 0.000 0.022 -0.452 0.771 0.000 -0.628 0.101 0.942 0.000 -0.208 -0.263 0.721 0.000 -0.407 -0.561 0.809 0.000 -0.560 0.182 0.711 0.000 -0.703 0.009 0.966 -0.000 0.104 0.238 
0.983 0.003 -0.067 0.169 0.856 0.000 -0.494 0.151 0.891 0.000 0.025 -0.454 0.772 0.000 -0.628 0.100 0.942 0.000 -0.207 -0.263 0.720 0.000 -0.411 -0.559 0.811 0.000 -0.555 0.183 0.712 0.000 -0.702 0.002 0.965 0.000 0.102 0.241 
0.983 0.007 -0.066 0.170 0.855 0.000 -0.495 0.151 0.890 0.000 0.027 -0.456 0.772 0.000 -0.627 0.099 0.942 0.000 -0.208 -0.264 0.719 0.000 -0.415 -0.558 0.814 0.000 -0.550 0.185 0.713 0.000 -0.702 -0.005 0.965 0.000 0.099 0.244 
0.983 0.010 -0.065 0.171 0.855 0.000 -0.496 0.151 0.889 0.000 0.029 -0.457 0.773 0.000 -0.627 0.099 0.942 0.000 -0.208 -0.265 0.717 0.000 -0.419 -0.557 0.817 0.000 -0.545 0.187 0.713 0.000 -0.701 -0.012 0.964 0.000 0.096 0.248 
0.983 0.014 -0.064 0.172 0.854 0.000 -0.498 0.152 0.888 0.000 0.031 -0.459 0.773 0.000 -0.627 0.099 0.941 0.000 -0.208 -0.266 0.715 0.000 -0.422 -0.556 0.820 0.000 -0.540 0.189 0.713 0.000 -0.701 -0.019 0.964 0.000 0.093 0.250 
0.983 0.018 -0.063 0.173 0.854 0.000 -0.498 0.151 0.888 -0.000 0.031 -0.459 0.773 0.000 -0.627 0.098 0.941 0.000 -0.208 -0.267 0.714 0.000 -0.425 -0.557 0.823 0.000 -0.535 0.192 0.714 0.000 -0.700 -0.026 0.963 0.000 0.090 0.253 
0.983 0.022 -0.062 0.172 0.852 0.000 -0.501 0.151 0.887 -0.000 0.031 -0.460 0.773 0.000 -0.627 0.099 0.940 0.000 -0.207 -0.269 0.711 -0.000 -0.428 -0.557 0.825 0.000 -0.530 0.194 0.714 -0.000 -0.699 -0.032 0.963 0.000 0.086 0.255 
0.983 0.025 -0.060 0.173 0.851 0.000 -0.503 0.151 0.887 0.000 0.031 -0.460 0.773 -0.000 -0.627 0.099 0.940 0.000 -0.207 -0.271 0.709 0.000 -0.431 -0.557 0.828 0.000 -0.525 0.198 0.714 0.000 -0.699 -0.039 0.963 0.000 0.083 0.257 
0.983 0.029 -0.059 0.173 0.849 0.000 -0.505 0.152 0.887 -0.000 0.031 -0.461 0.773 0.000 -0.626 0.100 0.939 0.000 -0.208 -0.273 0.708 0.000 -0.435 -0.557 0.831 0.000 -0.518 0.201 0.714 0.000 -0.698 -0.046 0.963 -0.000 0.081 0.259 
0.983 0.032 -0.058 0.173 0.848 -0.000 -0.508 0.152 0.887 0.000 0.029 -0.461 0.773 -0.000 -0.626 0.101 0.939 0.000 -0.208 -0.274 0.706 0.000 -0.440 -0.556 0.835 0.000 -0.511 0.205 0.714 0.000 -0.698 -0.052 0.962 0.000 0.078 0.261 
0.983 0.036 -0.056 0.174 0.847 0.000 -0.510 0.152 0.887 0.000 0.027 -0.460 0.773 0.000 -0.626 0.102 0.938 0.000 -0.209 -0.276 0.704 0.000 -0.445 -0.553 0.839 0.000 -0.503 0.209 0.714 0.000 -0.698 -0.059 0.962 0.000 0.076 0.263 
0.982 0.039 -0.054 0.174 0.845 0.000 -0.512 0.152 0.887 0.000 0.025 -0.461 0.773 0.000 -0.625 0.103 0.938 0.000 -0.210 -0.277 0.702 0.000 -0.451 -0.551 0.843 0.000 -0.494 0.212 0.714 0.000 -0.697 -0.067 0.961 -0.000 0.074 0.266 
0.982 0.043 -0.052 0.175 0.844 0.000 -0.514 0.152 0.887 0.000 0.019 -0.461 0.773 0.000 -0.626 0.103 0.937 0.000 -0.210 -0.278 0.701 0.000 -0.457 -0.547 0.848 0.000 -0.485 0.216 0.713 0.000 -0.697 -0.075 0.960 0.000 0.072 0.269 
0.982 0.046 -0.050 0.175 0.843 0.000 -0.515 0.152 0.887 0.000 0.014 -0.462 0.773 -0.000 -0.626 0.103 0.937 0.000 -0.210 -0.279 0.700 0.000 -0.462 -0.545 0.852 0.000 -0.476 0.220 0.712 0.000 -0.698 -0.083 0.959 0.000 0.070 0.273 
0.982 0.049 -0.047 0.175 0.843 0.000 -0.516 0.153 0.887 0.000 0.007 -0.462 0.772 0.000 -0.627 0.103 0.937 -0.000 -0.210 -0.279 0.698 0.000 -0.468 -0.542 0.856 -0.000 -0.467 0.223 0.710 0.000 -0.698 -0.092 0.958 0.000 0.067 0.279 
0.982 0.052 -0.045 0.176 0.841 0.000 -0.518 0.153 0.886 0.000 0.002 -0.463 0.771 0.000 -0.628 0.103 0.937 0.000 -0.210 -0.279 0.698 0.000 -0.472 -0.539 0.859 0.000 -0.458 0.227 0.709 0.000 -0.698 -0.102 0.956 0.000 0.063 0.286 
0.982 0.055 -0.042 0.175 0.841 0.000 -0.519 0.153 0.886 0.000 -0.007 -0.464 0.771 0.000 -0.629 0.103 0.937 0.000 -0.210 -0.279 0.697 0.000 -0.477 -0.536 0.863 0.000 -0.450 0.231 0.707 -0.000 -0.698 -0.112 0.954 0.000 0.058 0.293 
0.982 0.058 -0.039 0.175 0.839 0.000 -0.521 0.153 0.885 0.000 -0.013 -0.465 0.770 0.000 -0.630 0.102 0.937 -0.000 -0.210 -0.279 0.696 0.000 -0.481 -0.533 0.866 0.000 -0.442 0.234 0.705 0.000 -0.698 -0.124 0.952 0.000 0.052 0.302 
0.982 0.061 -0.036 0.174 0.840 0.000 -0.522 0.151 0.885 0.000 -0.021 -0.464 0.769 0.000 -0.632 0.102 0.938 -0.000 -0.209 -0.278 0.695 0.000 -0.486 -0.530 0.870 0.000 -0.433 0.237 0.703 0.000 -0.698 -0.136 0.949 -0.000 0.045 0.312 
0.982 0.063 -0.033 0.173 0.839 0.000 -0.523 0.150 0.885 0.000 -0.030 -0.464 0.767 -0.000 -0.633 0.101 0.938 -0.000 -0.208 -0.277 0.695 0.000 -0.490 -0.526 0.873 0.000 -0.424 0.240 0.701 0.000 -0.697 -0.149 0.946 -0.000 0.037 0.322 
0.983 0.065 -0.030 0.172 0.838 0.000 -0.525 0.149 0.885 0.000 -0.038 -0.465 0.766 0.000 -0.635 0.100 0.939 0.000 -0.206 -0.276 0.694 0.000 -0.495 -0.523 0.877 0.000 -0.415 0.244 0.699 0.000 -0.696 -0.162 0.942 0.000 0.027 0.334 
0.983 0.067 -0.027 0.170 0.838 0.000 -0.526 0.147 0.884 0.000 -0.049 -0.465 0.765 0.000 -0.636 0.099 0.939 0.000 -0.205 -0.276 0.693 0.000 -0.501 -0.518 0.881 0.000 -0.405 0.247 0.697 0.000 -0.695 -0.174 0.938 0.000 0.016 0.346 
0.983 0.069 -0.025 0.167 0.838 0.000 -0.527 0.144 0.885 0.000 -0.058 -0.462 0.764 0.000 -0.638 0.098 0.940 0.000 -0.202 -0.276 0.692 0.000 -0.507 -0.514 0.884 0.000 -0.394 0.250 0.695 0.000 -0.694 -0.187 0.933 0.000 0.002 0.359 
0.983 0.070 -0.023 0.165 0.836 -0.000 -0.529 0.143 0.884 0.000 -0.067 -0.462 0.763 0.000 -0.639 0.098 0.940 0.000 -0.200 -0.276 0.690 0.000 -0.513 -0.510 0.888 0.000 -0.384 0.252 0.694 0.000 -0.691 -0.202 0.928 0.000 -0.013 0.373 
0.984 0.072 -0.021 0.161 0.836 0.000 -0.531 0.141 0.884 0.000 -0.078 -0.461 0.762 0.000 -0.641 0.098 0.940 0.000 -0.197 -0.277 0.689 0.000 -0.518 -0.507 0.892 0.000 -0.374 0.255 0.693 0.000 -0.689 -0.214 0.922 -0.000 -0.030 0.385 
0.984 0.073 -0.019 0.159 0.835 0.000 -0.533 0.139 0.884 0.000 -0.087 -0.459 0.761 0.000 -0.642 0.098 0.940 0.000 -0.196 -0.278 0.688 0.000 -0.524 -0.502 0.895 0.000 -0.364 0.257 0.691 0.000 -0.686 -0.227 0.916 0.000 -0.046 0.397 
0.985 0.074 -0.016 0.154 0.834 -0.000 -0.535 0.136 0.884 0.000 -0.096 -0.458 0.760 0.000 -0.642 0.097 0.941 -0.000 -0.195 -0.277 0.687 0.000 -0.530 -0.497 0.899 0.000 -0.354 0.259 0.690 -0.000 -0.683 -0.239 0.911 0.000 -0.064 0.408 
0.986 0.075 -0.014 0.151 0.833 0.000 -0.536 0.133 0.884 0.000 -0.106 -0.456 0.759 0.000 -0.644 0.099 0.941 0.000 -0.192 -0.279 0.685 0.000 -0.537 -0.492 0.902 -0.000 -0.344 0.262 0.689 0.000 -0.681 -0.249 0.905 0.000 -0.081 0.417 
0.986 0.075 -0.012 0.146 0.832 0.000 -0.538 0.131 0.883 0.000 -0.117 -0.455 0.757 -0.000 -0.645 0.101 0.941 0.000 -0.190 -0.281 0.684 0.000 -0.543 -0.487 0.905 -0.000 -0.332 0.264 0.688 0.000 -0.678 -0.259 0.900 0.000 -0.098 0.424 
0.987 0.075 -0.010 0.142 0.831 0.000 -0.540 0.129 0.883 0.000 -0.124 -0.452 0.756 -0.000 -0.647 0.104 0.941 0.000 -0.187 -0.283 0.683 -0.000 -0.551 -0.481 0.909 0.000 -0.321 0.267 0.688 -0.000 -0.675 -0.266 0.895 0.000 -0.115 0.430 
0.988 0.075 -0.007 0.137 0.831 -0.000 -0.542 0.126 0.883 0.000 -0.132 -0.450 0.753 -0.000 -0.650 0.108 0.940 0.000 -0.183 -0.288 0.682 0.000 -0.557 -0.475 0.912 0.000 -0.311 0.269 0.686 -0.000 -0.673 -0.275 0.891 0.000 -0.131 0.436 
0.989 0.074 -0.005 0.131 0.830 -0.000 -0.544 0.124 0.884 0.000 -0.141 -0.446 0.751 0.000 -0.651 0.113 0.940 0.000 -0.181 -0.290 0.680 0.000 -0.565 -0.468 0.915 0.000 -0.298 0.272 0.686 0.000 -0.672 -0.279 0.887 0.000 -0.146 0.439 
0.989 0.075 -0.003 0.128 0.828 0.000 -0.547 0.121 0.884 0.000 -0.146 -0.443 0.749 0.000 -0.653 0.115 0.939 0.000 -0.179 -0.293 0.679 0.000 -0.571 -0.461 0.918 0.000 -0.287 0.272 0.685 0.000 -0.669 -0.288 0.882 0.000 -0.162 0.443 
0.989 0.075 -0.000 0.125 0.827 0.000 -0.549 0.118 0.885 0.000 -0.151 -0.439 0.747 0.000 -0.654 0.118 0.939 0.000 -0.177 -0.295 0.679 0.000 -0.577 -0.454 0.921 0.000 -0.277 0.273 0.684 -0.000 -0.667 -0.296 0.877 0.000 -0.175 0.447 
0.990 0.074 0.002 0.122 0.826 0.000 -0.551 0.115 0.887 0.000 -0.155 -0.436 0.746 0.000 -0.655 0.121 0.939 0.000 -0.175 -0.297 0.678 0.000 -0.584 -0.446 0.925 0.000 -0.266 0.273 0.683 0.000 -0.665 -0.304 0.873 0.000 -0.188 0.450 
0.990 0.074 0.003 0.118 0.824 0.000 -0.556 0.112 0.888 0.000 -0.158 -0.432 0.744 0.000 -0.656 0.125 0.938 0.000 -0.174 -0.299 0.676 0.000 -0.591 -0.440 0.927 0.000 -0.254 0.274 0.682 0.000 -0.662 -0.310 0.870 0.000 -0.200 0.451 
0.991 0.074 0.006 0.115 0.823 0.000 -0.558 0.108 0.889 -0.000 -0.160 -0.428 0.743 0.000 -0.657 0.128 0.938 0.000 -0.172 -0.301 0.676 0.000 -0.597 -0.432 0.931 0.000 -0.243 0.274 0.680 0.000 -0.661 -0.317 0.866 0.000 -0.211 0.454 
0.991 0.073 0.008 0.112 0.821 0.000 -0.561 0.105 0.891 0.000 -0.163 -0.424 0.741 0.000 -0.658 0.132 0.938 0.000 -0.171 -0.303 0.675 0.000 -0.604 -0.424 0.933 -0.000 -0.232 0.274 0.678 0.000 -0.660 -0.324 0.862 0.000 -0.221 0.456 
0.991 0.073 0.010 0.109 0.819 0.000 -0.564 0.103 0.892 0.000 -0.164 -0.421 0.740 0.000 -0.660 0.134 0.937 0.000 -0.170 -0.304 0.674 0.000 -0.610 -0.417 0.936 0.000 -0.221 0.274 0.676 0.000 -0.658 -0.330 0.859 0.000 -0.231 0.456 
0.992 0.072 0.012 0.107 0.818 0.000 -0.566 0.101 0.894 0.000 -0.165 -0.417 0.738 0.000 -0.661 0.138 0.937 0.000 -0.168 -0.306 0.674 0.000 -0.615 -0.408 0.939 0.000 -0.210 0.273 0.674 -0.000 -0.657 -0.337 0.856 -0.000 -0.239 0.457 
0.992 0.071 0.014 0.105 0.816 0.000 -0.570 0.099 0.895 0.000 -0.165 -0.414 0.737 0.000 -0.661 0.140 0.937 0.000 -0.168 -0.307 0.674 0.000 -0.621 -0.400 0.942 0.000 -0.199 0.272 0.672 0.000 -0.656 -0.344 0.854 0.000 -0.246 0.458 
0.992 0.071 0.017 0.103 0.814 0.000 -0.573 0.097 0.897 0.000 -0.164 -0.411 0.735 0.000 -0.663 0.142 0.937 0.000 -0.167 -0.308 0.674 0.000 -0.626 -0.392 0.944 0.000 -0.189 0.270 0.670 0.000 -0.655 -0.351 0.852 0.000 -0.253 0.458 
0.992 0.071 0.019 0.101 0.811 0.000 -0.577 0.096 0.898 0.000 -0.162 -0.409 0.734 0.000 -0.663 0.145 0.937 0.000 -0.166 -0.308 0.674 0.000 -0.632 -0.384 0.947 0.000 -0.179 0.268 0.668 0.000 -0.654 -0.356 0.851 0.000 -0.258 0.457 
0.992 0.070 0.021 0.100 0.809 0.000 -0.580 0.094 0.900 0.000 -0.160 -0.406 0.733 0.000 -0.664 0.147 0.936 0.000 -0.165 -0.309 0.674 0.000 -0.637 -0.376 0.949 0.000 -0.169 0.266 0.665 0.000 -0.653 -0.362 0.850 0.000 -0.263 0.457 
0.992 0.070 0.022 0.098 0.808 0.000 -0.582 0.092 0.902 0.000 -0.159 -0.402 0.732 0.000 -0.665 0.149 0.936 0.000 -0.165 -0.310 0.674 0.000 -0.641 -0.367 0.951 0.000 -0.160 0.263 0.663 0.000 -0.652 -0.368 0.850 0.000 -0.266 0.456 
0.993 0.069 0.024 0.097 0.806 0.000 -0.585 0.090 0.904 0.000 -0.156 -0.399 0.731 -0.000 -0.666 0.151 0.936 0.000 -0.165 -0.310 0.674 0.000 -0.646 -0.359 0.954 0.000 -0.151 0.261 0.660 0.000 -0.652 -0.373 0.850 0.000 -0.267 0.454 
0.993 0.069 0.026 0.095 0.803 0.000 -0.589 0.090 0.905 0.000 -0.154 -0.397 0.730 0.000 -0.667 0.153 0.936 0.000 -0.164 -0.311 0.675 0.000 -0.650 -0.351 0.956 0.000 -0.142 0.258 0.658 0.000 -0.652 -0.377 0.851 0.000 -0.268 0.452 
0.993 0.068 0.028 0.093 0.802 0.000 -0.591 0.088 0.907 0.000 -0.152 -0.393 0.729 -0.000 -0.667 0.156 0.936 -0.000 -0.163 -0.312 0.674 0.000 -0.655 -0.342 0.958 -0.000 -0.132 0.254 0.656 0.000 -0.652 -0.381 0.852 0.000 -0.268 0.450 
0.993 0.067 0.030 0.091 0.799 0.000 -0.595 0.087 0.909 0.000 -0.149 -0.390 0.728 -0.000 -0.668 0.157 0.936 0.000 -0.163 -0.311 0.675 -0.000 -0.659 -0.334 0.960 -0.000 -0.124 0.251 0.654 0.000 -0.651 -0.385 0.854 0.000 -0.268 0.447 
0.993 0.066 0.032 0.088 0.797 0.000 -0.597 0.086 0.911 0.000 -0.147 -0.386 0.726 0.000 -0.669 0.160 0.936 0.000 -0.162 -0.311 0.675 -0.000 -0.663 -0.324 0.962 0.000 -0.115 0.247 0.652 0.000 -0.653 -0.386 0.856 -0.000 -0.265 0.443 
0.994 0.066 0.033 0.086 0.795 0.000 -0.600 0.083 0.913 0.000 -0.143 -0.382 0.725 -0.000 -0.669 0.162 0.936 0.000 -0.162 -0.312 0.675 0.000 -0.666 -0.317 0.964 0.000 -0.108 0.243 0.650 0.000 -0.653 -0.389 0.859 -0.000 -0.264 0.439 
0.994 0.065 0.035 0.084 0.793 0.000 -0.603 0.082 0.915 0.000 -0.140 -0.378 0.724 -0.000 -0.670 0.164 0.936 -0.000 -0.162 -0.312 0.676 0.000 -0.669 -0.308 0.966 0.000 -0.100 0.239 0.648 0.000 -0.653 -0.390 0.862 -0.000 -0.260 0.435 
0.994 0.065 0.037 0.082 0.792 0.000 -0.606 0.080 0.917 0.000 -0.137 -0.374 0.723 0.000 -0.670 0.166 0.936 0.000 -0.162 -0.312 0.678 -0.000 -0.672 -0.299 0.968 -0.000 -0.094 0.234 0.646 0.000 -0.655 -0.392 0.866 0.000 -0.257 0.430 
0.994 0.064 0.039 0.080 0.790 0.000 -0.608 0.078 0.920 0.000 -0.133 -0.369 0.722 0.000 -0.671 0.168 0.936 0.000 -0.161 -0.313 0.679 0.000 -0.674 -0.292 0.969 0.000 -0.088 0.230 0.645 0.000 -0.656 -0.393 0.869 0.000 -0.253 0.425 
0.994 0.064 0.040 0.077 0.788 0.000 -0.611 0.077 0.922 -0.000 -0.131 -0.365 0.722 0.000 -0.671 0.169 0.936 -0.000 -0.161 -0.313 0.679 0.000 -0.677 -0.284 0.971 0.000 -0.081 0.226 0.643 0.000 -0.657 -0.393 0.874 0.000 -0.247 0.419 
0.994 0.063 0.041 0.075 0.787 -0.000 -0.613 0.075 0.924 0.000 -0.129 -0.360 0.721 0.000 -0.672 0.171 0.936 0.000 -0.160 -0.314 0.680 0.000 -0.679 -0.276 0.972 0.000 -0.076 0.221 0.642 -0.000 -0.659 -0.392 0.878 0.000 -0.241 0.413 
0.995 0.062 0.043 0.072 0.784 0.000 -0.616 0.073 0.926 0.000 -0.126 -0.356 0.720 0.000 -0.672 0.173 0.936 0.000 -0.160 -0.314 0.681 0.000 -0.681 -0.268 0.974 0.000 -0.071 0.217 0.640 0.000 -0.661 -0.392 0.883 0.000 -0.235 0.406 
0.995 0.062 0.044 0.070 0.783 -0.000 -0.618 0.072 0.928 0.000 -0.124 -0.351 0.719 0.000 -0.673 0.174 0.936 0.000 -0.160 -0.312 0.682 0.000 -0.683 -0.261 0.975 0.000 -0.066 0.213 0.639 0.000 -0.663 -0.390 0.888 0.000 -0.227 0.399 
0.995 0.061 0.045 0.069 0.782 0.000 -0.619 0.070 0.930 0.000 -0.123 -0.346 0.719 0.000 -0.673 0.175 0.937 -0.000 -0.160 -0.312 0.685 -0.000 -0.684 -0.252 0.976 0.000 -0.062 0.207 0.637 0.000 -0.666 -0.388 0.893 0.000 -0.218 0.393 
0.995 0.061 0.045 0.064 0.781 0.000 -0.620 0.067 0.932 0.000 -0.123 -0.340 0.718 0.000 -0.673 0.176 0.936 0.000 -0.157 -0.314 0.681 0.000 -0.689 -0.250 0.977 0.000 -0.055 0.206 0.637 0.000 -0.667 -0.386 0.899 0.000 -0.212 0.384 
0.995 0.061 0.046 0.061 0.780 -0.000 -0.623 0.065 0.934 0.000 -0.122 -0.335 0.717 0.000 -0.674 0.177 0.937 0.000 -0.155 -0.314 0.681 0.000 -0.691 -0.245 0.978 0.000 -0.050 0.203 0.636 0.000 -0.670 -0.384 0.904 0.000 -0.203 0.376 
0.995 0.060 0.047 0.059 0.779 0.000 -0.623 0.063 0.936 -0.000 -0.121 -0.330 0.717 0.000 -0.674 0.179 0.937 0.000 -0.155 -0.314 0.681 0.000 -0.693 -0.238 0.979 0.000 -0.045 0.200 0.634 0.000 -0.673 -0.380 0.909 0.000 -0.193 0.369 
0.996 0.059 0.049 0.055 0.779 -0.000 -0.624 0.061 0.938 0.000 -0.121 -0.325 0.716 0.000 -0.674 0.180 0.937 0.000 -0.154 -0.314 0.681 0.000 -0.694 -0.234 0.979 0.000 -0.041 0.197 0.633 -0.000 -0.676 -0.376 0.914 0.000 -0.184 0.361 
0.996 0.058 0.050 0.054 0.778 0.000 -0.625 0.060 0.940 -0.000 -0.118 -0.320 0.716 0.000 -0.674 0.182 0.937 0.000 -0.155 -0.313 0.682 0.000 -0.696 -0.227 0.980 0.000 -0.037 0.194 0.631 0.000 -0.681 -0.372 0.920 0.000 -0.171 0.353 
0.996 0.058 0.051 0.051 0.778 0.000 -0.626 0.057 0.942 0.000 -0.119 -0.315 0.715 0.000 -0.675 0.183 0.937 0.000 -0.153 -0.314 0.682 -0.000 -0.697 -0.222 0.981 0.000 -0.034 0.192 0.630 0.000 -0.684 -0.368 0.925 0.000 -0.161 0.345 
0.996 0.057 0.052 0.048 0.777 0.000 -0.627 0.056 0.943 0.000 -0.119 -0.310 0.714 0.000 -0.675 0.185 0.937 -0.000 -0.154 -0.313 0.682 0.000 -0.698 -0.216 0.982 0.000 -0.030 0.189 0.628 0.000 -0.689 -0.363 0.929 0.000 -0.151 0.337 
0.996 0.056 0.052 0.046 0.777 -0.000 -0.628 0.054 0.945 0.000 -0.118 -0.305 0.714 0.000 -0.675 0.186 0.937 -0.000 -0.154 -0.314 0.682 0.000 -0.700 -0.211 0.982 0.000 -0.027 0.186 0.626 0.000 -0.692 -0.358 0.933 -0.000 -0.140 0.331 
0.996 0.055 0.053 0.044 0.776 -0.000 -0.628 0.052 0.946 0.000 -0.119 -0.301 0.714 0.000 -0.674 0.188 0.937 -0.000 -0.154 -0.313 0.682 0.000 -0.702 -0.206 0.983 0.000 -0.023 0.184 0.625 0.000 -0.696 -0.354 0.937 0.000 -0.129 0.324 
0.996 0.055 0.053 0.042 0.776 0.000 -0.629 0.051 0.947 0.000 -0.119 -0.297 0.715 0.000 -0.673 0.188 0.938 0.000 -0.157 -0.310 0.682 -0.000 -0.703 -0.201 0.983 0.000 -0.020 0.182 0.623 0.000 -0.700 -0.349 0.940 0.000 -0.118 0.319 
0.996 0.054 0.054 0.040 0.775 -0.000 -0.630 0.050 0.949 0.000 -0.118 -0.294 0.714 0.000 -0.674 0.190 0.937 0.000 -0.155 -0.312 0.682 0.000 -0.705 -0.196 0.984 -0.000 -0.017 0.179 0.621 -0.000 -0.704 -0.344 0.943 -0.000 -0.108 0.314 
0.996 0.053 0.054 0.038 0.775 0.000 -0.630 0.049 0.950 0.000 -0.118 -0.290 0.715 0.000 -0.673 0.190 0.938 0.000 -0.157 -0.309 0.682 0.000 -0.706 -0.190 0.984 0.000 -0.013 0.177 0.619 0.000 -0.709 -0.340 0.946 0.000 -0.098 0.310 
0.997 0.052 0.054 0.036 0.775 0.000 -0.630 0.049 0.951 0.000 -0.120 -0.286 0.715 0.000 -0.673 0.191 0.938 -0.000 -0.158 -0.308 0.682 0.000 -0.707 -0.184 0.985 0.000 -0.011 0.174 0.617 0.000 -0.712 -0.335 0.948 -0.000 -0.089 0.307 
0.997 0.050 0.054 0.035 0.774 0.000 -0.631 0.048 0.952 0.000 -0.116 -0.284 0.715 0.000 -0.672 0.192 0.938 0.000 -0.158 -0.308 0.682 0.000 -0.709 -0.179 0.985 0.000 -0.008 0.173 0.615 0.000 -0.716 -0.331 0.949 0.000 -0.080 0.304 
0.997 0.049 0.054 0.033 0.774 -0.000 -0.631 0.047 0.953 0.000 -0.117 -0.280 0.715 0.000 -0.672 0.193 0.939 -0.000 -0.158 -0.307 0.682 -0.000 -0.710 -0.174 0.985 0.000 -0.006 0.171 0.613 0.000 -0.720 -0.326 0.951 0.000 -0.071 0.301 
0.997 0.047 0.055 0.032 0.774 0.000 -0.632 0.048 0.954 0.000 -0.116 -0.278 0.715 0.000 -0.672 0.194 0.939 0.000 -0.160 -0.304 0.685 0.000 -0.709 -0.167 0.986 0.000 -0.006 0.168 0.610 0.000 -0.725 -0.320 0.953 0.000 -0.062 0.298 
0.997 0.046 0.054 0.030 0.773 0.000 -0.632 0.047 0.954 -0.000 -0.117 -0.274 0.715 0.000 -0.671 0.195 0.939 0.000 -0.160 -0.304 0.683 0.000 -0.712 -0.164 0.986 0.000 -0.003 0.167 0.610 -0.000 -0.728 -0.314 0.954 0.000 -0.055 0.294 
0.997 0.045 0.054 0.028 0.773 0.000 -0.633 0.047 0.955 0.000 -0.116 -0.271 0.716 0.000 -0.670 0.195 0.939 -0.000 -0.161 -0.303 0.682 0.000 -0.714 -0.159 0.986 0.000 0.001 0.166 0.609 -0.000 -0.732 -0.307 0.956 0.000 -0.047 0.290 
0.997 0.044 0.054 0.026 0.772 0.000 -0.634 0.046 0.957 0.000 -0.115 -0.268 0.716 0.000 -0.670 0.196 0.939 0.000 -0.161 -0.303 0.681 0.000 -0.716 -0.155 0.986 0.000 0.004 0.165 0.609 0.000 -0.734 -0.301 0.957 0.000 -0.043 0.287 
0.997 0.043 0.052 0.025 0.771 0.000 -0.635 0.046 0.957 0.000 -0.115 -0.265 0.717 0.000 -0.669 0.196 0.939 0.000 -0.161 -0.303 0.678 0.000 -0.719 -0.152 0.986 0.000 0.008 0.164 0.609 0.000 -0.737 -0.293 0.958 -0.000 -0.037 0.284 
0.998 0.041 0.052 0.023 0.771 0.000 -0.635 0.045 0.958 0.000 -0.114 -0.262 0.717 0.000 -0.668 0.197 0.940 0.000 -0.162 -0.302 0.677 0.000 -0.721 -0.147 0.987 0.000 0.011 0.162 0.609 0.000 -0.740 -0.286 0.959 0.000 -0.034 0.280 
0.998 0.040 0.052 0.022 0.771 0.000 -0.635 0.045 0.959 0.000 -0.113 -0.259 0.718 -0.000 -0.668 0.197 0.940 0.000 -0.162 -0.300 0.676 -0.000 -0.723 -0.140 0.987 0.000 0.014 0.160 0.610 0.000 -0.742 -0.278 0.960 -0.000 -0.031 0.278 
0.998 0.039 0.051 0.020 0.770 0.000 -0.637 0.046 0.960 0.000 -0.111 -0.257 0.718 0.000 -0.667 0.196 0.940 0.000 -0.162 -0.299 0.675 -0.000 -0.725 -0.136 0.987 0.000 0.017 0.158 0.610 0.000 -0.744 -0.272 0.961 0.000 -0.029 0.275 
0.998 0.037 0.050 0.018 0.769 0.000 -0.637 0.046 0.961 0.000 -0.109 -0.255 0.719 0.000 -0.667 0.196 0.941 0.000 -0.163 -0.298 0.675 0.000 -0.727 -0.130 0.988 0.000 0.019 0.155 0.610 0.000 -0.747 -0.265 0.962 0.000 -0.025 0.272 
0.998 0.036 0.050 0.017 0.769 -0.000 -0.638 0.046 0.962 0.000 -0.108 -0.252 0.719 0.000 -0.666 0.196 0.941 0.000 -0.163 -0.297 0.674 -0.000 -0.728 -0.126 0.988 -0.000 0.022 0.153 0.611 0.000 -0.749 -0.257 0.963 0.000 -0.021 0.268 
0.998 0.034 0.050 0.016 0.769 -0.000 -0.637 0.047 0.963 0.000 -0.107 -0.249 0.720 0.000 -0.666 0.196 0.941 0.000 -0.163 -0.296 0.675 0.000 -0.728 -0.120 0.988 0.000 0.022 0.151 0.610 0.000 -0.753 -0.249 0.964 0.000 -0.015 0.264 
0.998 0.033 0.049 0.015 0.769 0.000 -0.638 0.046 0.964 -0.000 -0.106 -0.246 0.721 0.000 -0.665 0.195 0.942 0.000 -0.164 -0.294 0.673 0.000 -0.731 -0.115 0.988 0.000 0.027 0.149 0.610 0.000 -0.755 -0.240 0.966 0.000 -0.010 0.259 
0.998 0.032 0.048 0.014 0.769 0.000 -0.638 0.047 0.964 0.000 -0.104 -0.243 0.721 0.000 -0.665 0.195 0.942 0.000 -0.164 -0.294 0.672 0.000 -0.732 -0.110 0.989 0.000 0.029 0.147 0.611 0.000 -0.758 -0.231 0.967 -0.000 -0.004 0.254 
0.998 0.031 0.048 0.013 0.768 0.000 -0.639 0.049 0.965 0.000 -0.101 -0.243 0.722 0.000 -0.664 0.194 0.942 0.000 -0.164 -0.292 0.671 0.000 -0.733 -0.106 0.989 0.000 0.031 0.145 0.611 0.000 -0.760 -0.224 0.968 0.000 0.000 0.250 
0.998 0.029 0.047 0.013 0.768 0.000 -0.639 0.049 0.966 0.000 -0.099 -0.240 0.722 0.000 -0.664 0.193 0.942 0.000 -0.165 -0.291 0.671 0.000 -0.734 -0.101 0.989 0.000 0.033 0.143 0.610 0.000 -0.762 -0.216 0.969 0.000 0.005 0.246 
0.998 0.029 0.048 0.012 0.768 0.000 -0.638 0.050 0.966 0.000 -0.097 -0.238 0.722 0.000 -0.664 0.192 0.943 0.000 -0.165 -0.290 0.673 -0.000 -0.734 -0.097 0.990 0.000 0.033 0.141 0.609 0.000 -0.765 -0.210 0.970 0.000 0.010 0.242 
0.998 0.028 0.046 0.012 0.766 -0.000 -0.640 0.052 0.967 0.000 -0.094 -0.238 0.724 -0.000 -0.663 0.190 0.943 0.000 -0.166 -0.289 0.669 -0.000 -0.737 -0.095 0.989 0.000 0.036 0.140 0.610 -0.000 -0.765 -0.206 0.971 0.000 0.013 0.240 
0.998 0.027 0.046 0.013 0.767 0.000 -0.640 0.054 0.967 0.000 -0.092 -0.237 0.725 0.000 -0.663 0.189 0.943 0.000 -0.166 -0.289 0.669 0.000 -0.737 -0.090 0.990 -0.000 0.038 0.138 0.609 0.000 -0.767 -0.200 0.971 0.000 0.017 0.237 
0.999 0.026 0.046 0.012 0.768 0.000 -0.639 0.053 0.968 0.000 -0.092 -0.234 0.725 0.000 -0.662 0.188 0.943 0.000 -0.167 -0.289 0.669 0.000 -0.738 -0.088 0.990 -0.000 0.039 0.138 0.609 0.000 -0.769 -0.195 0.972 0.000 0.020 0.234 
0.999 0.025 0.046 0.012 0.768 0.000 -0.639 0.055 0.968 0.000 -0.089 -0.233 0.725 0.000 -0.663 0.187 0.943 0.000 -0.167 -0.288 0.670 0.000 -0.738 -0.083 0.990 -0.000 0.040 0.136 0.608 0.000 -0.771 -0.189 0.973 0.000 0.024 0.230 
0.999 0.024 0.046 0.013 0.768 0.000 -0.638 0.056 0.969 0.000 -0.088 -0.230 0.726 0.000 -0.662 0.185 0.943 0.000 -0.168 -0.288 0.667 0.000 -0.740 -0.080 0.990 0.000 0.045 0.135 0.609 0.000 -0.772 -0.184 0.973 0.000 0.027 0.227 
0.999 0.024 0.046 0.013 0.768 0.000 -0.638 0.058 0.969 0.000 -0.085 -0.230 0.727 0.000 -0.662 0.183 0.943 0.000 -0.169 -0.287 0.667 0.000 -0.741 -0.077 0.990 0.000 0.047 0.133 0.608 0.000 -0.773 -0.178 0.974 0.000 0.030 0.224 
0.999 0.023 0.046 0.013 0.768 0.000 -0.637 0.059 0.970 0.000 -0.085 -0.228 0.727 0.000 -0.662 0.182 0.943 0.000 -0.169 -0.288 0.667 0.000 -0.741 -0.073 0.990 0.000 0.049 0.131 0.608 0.000 -0.775 -0.173 0.975 0.000 0.032 0.219 
0.999 0.023 0.046 0.014 0.769 0.000 -0.637 0.060 0.970 0.000 -0.083 -0.227 0.727 0.000 -0.662 0.179 0.943 -0.000 -0.170 -0.287 0.669 0.000 -0.740 -0.070 0.990 0.000 0.047 0.129 0.607 0.000 -0.776 -0.169 0.976 0.000 0.035 0.216 
0.999 0.022 0.045 0.015 0.768 0.000 -0.637 0.061 0.971 0.000 -0.081 -0.225 0.729 0.000 -0.661 0.178 0.942 0.000 -0.171 -0.288 0.668 0.000 -0.741 -0.067 0.991 0.000 0.048 0.127 0.608 0.000 -0.777 -0.165 0.976 0.000 0.037 0.213 
0.999 0.022 0.045 0.015 0.768 0.000 -0.637 0.063 0.971 0.000 -0.078 -0.225 0.729 0.000 -0.662 0.176 0.942 0.000 -0.171 -0.288 0.668 0.000 -0.742 -0.065 0.991 -0.000 0.051 0.126 0.608 -0.000 -0.778 -0.160 0.977 0.000 0.039 0.209 
0.999 0.021 0.046 0.016 0.769 -0.000 -0.636 0.064 0.972 0.000 -0.078 -0.223 0.729 0.000 -0.662 0.174 0.942 0.000 -0.171 -0.289 0.670 0.000 -0.740 -0.061 0.991 0.000 0.050 0.123 0.607 0.000 -0.779 -0.156 0.978 0.000 0.041 0.206 
0.999 0.021 0.046 0.016 0.770 0.000 -0.635 0.065 0.972 0.000 -0.077 -0.222 0.730 0.000 -0.662 0.172 0.941 0.000 -0.172 -0.290 0.670 0.000 -0.740 -0.059 0.991 0.000 0.050 0.123 0.607 0.000 -0.780 -0.152 0.978 0.000 0.042 0.202 
0.999 0.021 0.046 0.016 0.770 -0.000 -0.634 0.066 0.972 0.000 -0.076 -0.221 0.730 0.000 -0.662 0.170 0.941 0.000 -0.172 -0.291 0.671 0.000 -0.740 -0.058 0.991 0.000 0.051 0.122 0.606 0.000 -0.781 -0.148 0.979 0.000 0.044 0.199 
0.999 0.021 0.046 0.016 0.770 0.000 -0.634 0.068 0.972 0.000 -0.076 -0.220 0.731 0.000 -0.662 0.167 0.941 0.000 -0.173 -0.293 0.669 0.000 -0.741 -0.058 0.991 0.000 0.052 0.122 0.607 0.000 -0.781 -0.146 0.980 0.000 0.044 0.196 
0.999 0.021 0.046 0.017 0.770 0.000 -0.634 0.070 0.973 0.000 -0.074 -0.221 0.731 -0.000 -0.662 0.165 0.940 0.000 -0.173 -0.294 0.671 0.000 -0.739 -0.056 0.991 0.000 0.051 0.121 0.606 0.000 -0.782 -0.143 0.980 0.000 0.046 0.194 
0.999 0.020 0.046 0.017 0.771 0.000 -0.633 0.072 0.973 0.000 -0.075 -0.220 0.731 0.000 -0.662 0.163 0.939 0.000 -0.174 -0.295 0.672 0.000 -0.739 -0.054 0.992 -0.000 0.049 0.120 0.606 0.000 -0.783 -0.139 0.981 0.000 0.047 0.191 
0.999 0.020 0.046 0.018 0.771 0.000 -0.633 0.073 0.973 -0.000 -0.074 -0.219 0.732 0.000 -0.662 0.161 0.939 0.000 -0.173 -0.297 0.672 0.000 -0.739 -0.053 0.992 0.000 0.050 0.119 0.606 0.000 -0.783 -0.136 0.981 0.000 0.048 0.188 
0.999 0.020 0.046 0.018 0.771 0.000 -0.632 0.075 0.973 -0.000 -0.074 -0.218 0.732 0.000 -0.662 0.159 0.938 0.000 -0.174 -0.299 0.671 0.000 -0.740 -0.052 0.991 0.000 0.052 0.119 0.607 0.000 -0.784 -0.134 0.981 -0.000 0.049 0.186 
0.999 0.020 0.044 0.018 0.771 0.000 -0.633 0.076 0.973 0.000 -0.074 -0.218 0.733 -0.000 -0.661 0.157 0.938 0.000 -0.173 -0.302 0.669 0.000 -0.741 -0.052 0.991 0.000 0.053 0.120 0.608 0.000 -0.783 -0.131 0.982 0.000 0.049 0.183 
0.999 0.020 0.044 0.018 0.771 -0.000 -0.632 0.078 0.973 0.000 -0.075 -0.217 0.734 -0.000 -0.661 0.155 0.937 -0.000 -0.173 -0.303 0.669 -0.000 -0.741 -0.052 0.991 0.000 0.053 0.119 0.608 -0.000 -0.783 -0.128 0.982 -0.000 0.049 0.181 
0.999 0.020 0.043 0.020 0.770 0.000 -0.632 0.080 0.973 0.000 -0.074 -0.218 0.735 0.000 -0.661 0.152 0.936 -0.000 -0.173 -0.305 0.670 0.000 -0.741 -0.052 0.991 0.000 0.052 0.119 0.608 0.000 -0.783 -0.128 0.983 0.000 0.049 0.179 
0.999 0.020 0.043 0.020 0.771 0.000 -0.632 0.080 0.973 0.000 -0.075 -0.216 0.735 0.000 -0.661 0.150 0.936 0.000 -0.173 -0.308 0.670 0.000 -0.741 -0.052 0.991 0.000 0.052 0.120 0.609 0.000 -0.783 -0.125 0.983 0.000 0.050 0.176 
0.999 0.020 0.042 0.020 0.771 0.000 -0.632 0.081 0.974 0.000 -0.074 -0.216 0.736 0.000 -0.660 0.149 0.935 -0.000 -0.172 -0.311 0.670 0.000 -0.741 -0.052 0.991 0.000 0.051 0.121 0.610 0.000 -0.783 -0.122 0.984 0.000 0.050 0.173 
