# T   LUA LFA RUA RFA LT  LS  RT  RS  
0.996 -0.079 0.003 0.048 0.777 0.000 -0.626 0.059 0.949 -0.000 -0.172 -0.264 0.987 0.000 0.108 -0.120 0.509 0.000 0.593 -0.623 0.700 0.000 -0.706 -0.108 0.959 0.000 0.000 0.283 0.730 0.000 -0.683 -0.035 0.971 0.000 -0.016 0.237 
0.996 -0.079 0.003 0.049 0.777 0.000 -0.626 0.059 0.949 0.000 -0.172 -0.264 0.987 0.000 0.110 -0.120 0.513 0.000 0.582 -0.631 0.700 0.000 -0.706 -0.107 0.959 0.000 0.000 0.283 0.730 0.000 -0.683 -0.035 0.971 0.000 -0.016 0.237 
0.996 -0.079 0.003 0.049 0.777 0.000 -0.627 0.059 0.949 -0.000 -0.173 -0.264 0.986 0.000 0.113 -0.121 0.517 -0.000 0.571 -0.638 0.700 0.000 -0.706 -0.107 0.959 0.000 0.000 0.283 0.730 0.000 -0.683 -0.034 0.971 0.000 -0.016 0.237 
0.996 -0.079 0.003 0.049 0.777 0.000 -0.627 0.059 0.949 -0.000 -0.172 -0.264 0.986 0.000 0.115 -0.120 0.520 0.000 0.559 -0.646 0.700 0.000 -0.706 -0.107 0.959 0.000 0.000 0.283 0.730 0.000 -0.683 -0.034 0.971 0.000 -0.016 0.237 
0.996 -0.080 0.003 0.049 0.777 0.000 -0.627 0.059 0.949 0.000 -0.172 -0.264 0.986 0.000 0.117 -0.122 0.522 -0.000 0.549 -0.653 0.700 0.000 -0.706 -0.106 0.959 0.000 0.000 0.283 0.730 0.000 -0.683 -0.034 0.971 0.000 -0.016 0.237 
0.996 -0.080 0.003 0.050 0.777 -0.000 -0.627 0.059 0.949 0.000 -0.173 -0.264 0.985 0.000 0.119 -0.123 0.527 0.000 0.537 -0.659 0.700 -0.000 -0.706 -0.106 0.959 0.000 0.000 0.283 0.730 -0.000 -0.683 -0.034 0.971 -0.000 -0.016 0.237 
0.996 -0.080 0.003 0.050 0.777 0.000 -0.627 0.059 0.949 0.000 -0.173 -0.264 0.985 0.000 0.122 -0.123 0.530 0.000 0.526 -0.666 0.700 0.000 -0.706 -0.106 0.959 0.000 0.000 0.283 0.730 -0.000 -0.683 -0.034 0.971 0.000 -0.016 0.237 
0.996 -0.080 0.003 0.050 0.776 0.000 -0.627 0.060 0.949 0.000 -0.172 -0.264 0.985 0.000 0.124 -0.123 0.532 -0.000 0.516 -0.672 0.701 0.000 -0.706 -0.106 0.959 0.000 0.000 0.283 0.730 0.000 -0.683 -0.034 0.971 -0.000 -0.016 0.237 
0.996 -0.080 0.003 0.050 0.776 0.000 -0.628 0.060 0.949 0.000 -0.173 -0.264 0.984 0.000 0.126 -0.124 0.534 0.000 0.507 -0.677 0.701 0.000 -0.706 -0.106 0.959 -0.000 0.001 0.283 0.730 -0.000 -0.683 -0.034 0.971 0.000 -0.016 0.237 
0.996 -0.080 0.003 0.050 0.776 -0.000 -0.628 0.060 0.949 0.000 -0.172 -0.264 0.984 -0.000 0.129 -0.123 0.533 0.000 0.498 -0.683 0.701 -0.000 -0.706 -0.106 0.959 -0.000 0.000 0.283 0.730 0.000 -0.683 -0.034 0.971 0.000 -0.016 0.237 
0.996 -0.080 0.003 0.050 0.776 0.000 -0.628 0.060 0.949 -0.000 -0.172 -0.264 0.984 -0.000 0.130 -0.124 0.537 0.000 0.491 -0.686 0.701 0.000 -0.706 -0.106 0.959 0.000 0.000 0.283 0.730 0.000 -0.683 -0.034 0.971 0.000 -0.017 0.237 
0.996 -0.080 0.003 0.050 0.776 -0.000 -0.628 0.061 0.949 0.000 -0.173 -0.264 0.984 0.000 0.131 -0.123 0.537 0.000 0.484 -0.691 0.701 0.000 -0.706 -0.105 0.959 -0.000 0.001 0.283 0.729 0.000 -0.684 -0.033 0.972 -0.000 -0.016 0.236 
0.996 -0.080 0.003 0.050 0.776 0.000 -0.628 0.061 0.949 -0.000 -0.173 -0.263 0.984 0.000 0.132 -0.123 0.536 0.000 0.477 -0.696 0.701 0.000 -0.706 -0.105 0.959 0.000 0.001 0.283 0.729 0.000 -0.684 -0.033 0.972 0.000 -0.016 0.236 
0.996 -0.080 0.003 0.050 0.775 0.000 -0.629 0.061 0.949 0.000 -0.172 -0.264 0.983 0.000 0.134 -0.123 0.538 -0.000 0.472 -0.699 0.701 0.000 -0.706 -0.105 0.959 0.000 0.001 0.283 0.729 0.000 -0.683 -0.033 0.971 0.000 -0.016 0.237 
0.995 -0.080 0.003 0.051 0.775 0.000 -0.629 0.061 0.949 0.000 -0.172 -0.265 0.983 0.000 0.136 -0.125 0.539 -0.000 0.468 -0.700 0.701 0.000 -0.705 -0.106 0.959 -0.000 0.000 0.283 0.729 0.000 -0.683 -0.035 0.971 0.000 -0.017 0.237 
0.995 -0.080 0.004 0.050 0.775 0.000 -0.629 0.061 0.949 0.000 -0.172 -0.264 0.983 0.000 0.137 -0.125 0.538 0.000 0.462 -0.705 0.701 0.000 -0.705 -0.105 0.959 0.000 0.001 0.283 0.729 -0.000 -0.684 -0.034 0.971 0.000 -0.016 0.237 
0.995 -0.081 0.004 0.051 0.775 0.000 -0.629 0.062 0.949 0.000 -0.172 -0.264 0.983 0.000 0.136 -0.126 0.538 0.000 0.456 -0.709 0.701 -0.000 -0.705 -0.105 0.959 0.000 0.001 0.284 0.729 0.000 -0.684 -0.033 0.971 -0.000 -0.016 0.237 
0.995 -0.081 0.004 0.051 0.774 0.000 -0.630 0.062 0.949 0.000 -0.172 -0.264 0.982 0.000 0.137 -0.127 0.540 0.000 0.452 -0.710 0.701 0.000 -0.705 -0.105 0.959 0.000 0.001 0.284 0.729 0.000 -0.684 -0.033 0.972 0.000 -0.016 0.236 
0.995 -0.081 0.004 0.051 0.774 -0.000 -0.630 0.062 0.949 0.000 -0.172 -0.264 0.982 0.000 0.138 -0.127 0.540 0.000 0.449 -0.713 0.701 -0.000 -0.705 -0.105 0.959 0.000 0.001 0.284 0.729 0.000 -0.684 -0.034 0.971 0.000 -0.016 0.237 
0.995 -0.081 0.004 0.051 0.774 0.000 -0.630 0.062 0.949 -0.000 -0.172 -0.264 0.982 0.000 0.138 -0.127 0.539 -0.000 0.447 -0.714 0.701 0.000 -0.705 -0.105 0.959 0.000 0.001 0.284 0.729 0.000 -0.684 -0.034 0.971 0.000 -0.016 0.237 
0.995 -0.081 0.004 0.051 0.774 0.000 -0.630 0.062 0.949 -0.000 -0.172 -0.264 0.982 -0.000 0.138 -0.128 0.539 0.000 0.446 -0.715 0.701 0.000 -0.705 -0.105 0.959 -0.000 0.001 0.284 0.729 0.000 -0.684 -0.033 0.972 -0.000 -0.016 0.236 
0.995 -0.081 0.004 0.051 0.774 0.000 -0.631 0.063 0.949 0.000 -0.172 -0.264 0.982 0.000 0.138 -0.127 0.538 0.000 0.446 -0.715 0.701 0.000 -0.705 -0.105 0.959 0.000 0.001 0.284 0.729 0.000 -0.684 -0.033 0.972 -0.000 -0.017 0.236 
0.995 -0.081 0.004 0.051 0.773 -0.000 -0.631 0.063 0.949 -0.000 -0.172 -0.264 0.982 0.000 0.138 -0.128 0.537 0.000 0.447 -0.715 0.701 0.000 -0.705 -0.105 0.959 0.000 0.001 0.284 0.729 0.000 -0.684 -0.033 0.972 0.000 -0.017 0.236 
0.995 -0.081 0.004 0.051 0.773 -0.000 -0.631 0.063 0.949 0.000 -0.173 -0.263 0.982 0.000 0.137 -0.128 0.536 0.000 0.450 -0.715 0.701 0.000 -0.705 -0.105 0.959 0.000 0.001 0.284 0.729 0.000 -0.684 -0.034 0.972 0.000 -0.017 0.236 
0.995 -0.081 0.004 0.051 0.773 0.000 -0.631 0.064 0.949 0.000 -0.172 -0.264 0.982 0.000 0.136 -0.128 0.534 0.000 0.453 -0.714 0.701 0.000 -0.705 -0.105 0.959 0.000 0.001 0.284 0.729 0.000 -0.684 -0.034 0.972 0.000 -0.017 0.236 
0.995 -0.081 0.004 0.052 0.773 0.000 -0.631 0.064 0.949 0.000 -0.172 -0.264 0.983 -0.000 0.135 -0.128 0.533 0.000 0.457 -0.713 0.701 0.000 -0.705 -0.105 0.959 0.000 0.001 0.284 0.729 0.000 -0.684 -0.034 0.972 -0.000 -0.017 0.236 
0.995 -0.081 0.004 0.052 0.773 0.000 -0.631 0.064 0.949 -0.000 -0.173 -0.264 0.983 0.000 0.134 -0.128 0.531 0.000 0.462 -0.711 0.702 0.000 -0.705 -0.105 0.959 0.000 0.001 0.284 0.729 0.000 -0.684 -0.034 0.972 0.000 -0.017 0.236 
0.995 -0.081 0.004 0.052 0.773 -0.000 -0.631 0.064 0.949 0.000 -0.172 -0.264 0.983 0.000 0.133 -0.127 0.529 0.000 0.467 -0.709 0.702 0.000 -0.705 -0.105 0.959 0.000 0.000 0.284 0.729 -0.000 -0.684 -0.034 0.972 -0.000 -0.017 0.236 
0.995 -0.081 0.004 0.052 0.773 0.000 -0.632 0.064 0.949 0.000 -0.172 -0.264 0.983 0.000 0.134 -0.125 0.526 0.000 0.476 -0.704 0.702 0.000 -0.705 -0.106 0.959 0.000 0.000 0.284 0.729 0.000 -0.684 -0.034 0.972 0.000 -0.017 0.236 
0.995 -0.081 0.004 0.052 0.772 -0.000 -0.632 0.065 0.949 0.000 -0.172 -0.264 0.983 -0.000 0.132 -0.125 0.524 -0.000 0.482 -0.702 0.702 0.000 -0.705 -0.106 0.959 -0.000 0.000 0.284 0.729 0.000 -0.684 -0.035 0.972 -0.000 -0.017 0.236 
0.995 -0.081 0.004 0.052 0.772 -0.000 -0.632 0.065 0.949 0.000 -0.173 -0.264 0.984 0.000 0.129 -0.125 0.520 0.000 0.489 -0.700 0.702 0.000 -0.704 -0.106 0.959 0.000 0.000 0.284 0.729 0.000 -0.684 -0.034 0.972 -0.000 -0.017 0.236 
0.995 -0.081 0.004 0.052 0.772 0.000 -0.632 0.065 0.949 0.000 -0.173 -0.264 0.984 0.000 0.127 -0.125 0.519 0.000 0.496 -0.696 0.702 0.000 -0.704 -0.106 0.959 0.000 0.000 0.284 0.728 0.000 -0.684 -0.034 0.972 0.000 -0.017 0.236 
0.995 -0.081 0.005 0.052 0.772 0.000 -0.632 0.065 0.949 0.000 -0.173 -0.263 0.984 0.000 0.126 -0.125 0.518 -0.000 0.505 -0.691 0.702 0.000 -0.704 -0.106 0.959 0.000 0.000 0.284 0.729 0.000 -0.684 -0.034 0.972 0.000 -0.018 0.236 
0.995 -0.081 0.005 0.051 0.772 0.000 -0.632 0.066 0.949 -0.000 -0.174 -0.263 0.985 -0.000 0.123 -0.124 0.515 0.000 0.514 -0.685 0.702 0.000 -0.704 -0.106 0.959 0.000 0.000 0.285 0.728 -0.000 -0.684 -0.034 0.972 0.000 -0.018 0.236 
0.995 -0.081 0.005 0.051 0.772 0.000 -0.632 0.066 0.949 -0.000 -0.174 -0.262 0.985 -0.000 0.122 -0.125 0.514 0.000 0.523 -0.680 0.702 -0.000 -0.704 -0.106 0.959 0.000 0.000 0.284 0.728 0.000 -0.684 -0.034 0.972 0.000 -0.018 0.236 
0.995 -0.081 0.004 0.052 0.772 0.000 -0.632 0.066 0.949 0.000 -0.172 -0.263 0.985 0.000 0.120 -0.124 0.511 0.000 0.533 -0.674 0.702 0.000 -0.704 -0.107 0.959 0.000 -0.000 0.285 0.729 0.000 -0.684 -0.036 0.971 0.000 -0.018 0.237 
0.995 -0.081 0.005 0.052 0.772 0.000 -0.632 0.066 0.949 0.000 -0.172 -0.263 0.985 0.000 0.118 -0.124 0.509 0.000 0.543 -0.668 0.702 0.000 -0.704 -0.106 0.959 0.000 -0.000 0.285 0.729 -0.000 -0.684 -0.036 0.971 0.000 -0.018 0.237 
0.995 -0.081 0.005 0.051 0.772 0.000 -0.632 0.067 0.949 0.000 -0.173 -0.263 0.986 0.000 0.117 -0.123 0.506 0.000 0.553 -0.662 0.702 0.000 -0.704 -0.106 0.959 0.000 0.000 0.285 0.728 0.000 -0.684 -0.034 0.972 0.000 -0.018 0.236 
0.995 -0.081 0.005 0.051 0.772 0.000 -0.632 0.067 0.949 0.000 -0.173 -0.263 0.986 -0.000 0.114 -0.122 0.503 0.000 0.563 -0.655 0.702 0.000 -0.704 -0.107 0.959 -0.000 0.000 0.285 0.728 0.000 -0.684 -0.034 0.972 0.000 -0.018 0.236 
0.995 -0.081 0.005 0.051 0.772 0.000 -0.632 0.067 0.949 0.000 -0.173 -0.263 0.986 0.000 0.112 -0.120 0.499 -0.000 0.574 -0.649 0.702 0.000 -0.704 -0.107 0.959 -0.000 0.000 0.285 0.728 0.000 -0.684 -0.034 0.972 0.000 -0.018 0.236 
0.995 -0.081 0.005 0.051 0.772 0.000 -0.632 0.068 0.949 0.000 -0.173 -0.263 0.987 0.000 0.110 -0.120 0.497 0.000 0.585 -0.641 0.702 0.000 -0.704 -0.107 0.959 0.000 0.000 0.285 0.728 0.000 -0.684 -0.034 0.972 0.000 -0.018 0.236 
0.995 -0.081 0.005 0.051 0.772 0.000 -0.632 0.068 0.949 0.000 -0.173 -0.263 0.987 0.000 0.109 -0.119 0.494 0.000 0.596 -0.634 0.702 0.000 -0.704 -0.107 0.959 0.000 0.000 0.285 0.728 -0.000 -0.685 -0.034 0.972 0.000 -0.018 0.236 
0.995 -0.081 0.005 0.051 0.772 0.000 -0.632 0.068 0.949 0.000 -0.173 -0.263 0.987 0.000 0.106 -0.121 0.491 0.000 0.607 -0.625 0.702 0.000 -0.704 -0.107 0.959 -0.000 0.001 0.285 0.728 -0.000 -0.685 -0.034 0.972 0.000 -0.018 0.235 
0.995 -0.081 0.005 0.051 0.772 0.000 -0.632 0.069 0.949 0.000 -0.173 -0.263 0.987 0.000 0.104 -0.120 0.489 0.000 0.618 -0.616 0.702 -0.000 -0.704 -0.107 0.959 0.000 0.001 0.285 0.728 0.000 -0.685 -0.034 0.972 -0.000 -0.018 0.235 
0.995 -0.081 0.005 0.052 0.772 -0.000 -0.632 0.069 0.949 0.000 -0.173 -0.264 0.987 -0.000 0.102 -0.122 0.485 0.000 0.630 -0.606 0.702 0.000 -0.704 -0.107 0.959 0.000 0.000 0.285 0.728 0.000 -0.684 -0.035 0.972 -0.000 -0.019 0.236 
0.995 -0.081 0.005 0.051 0.772 0.000 -0.632 0.069 0.949 0.000 -0.172 -0.263 0.987 0.000 0.100 -0.122 0.483 0.000 0.642 -0.596 0.702 0.000 -0.704 -0.107 0.959 0.000 0.000 0.285 0.728 -0.000 -0.684 -0.035 0.972 0.000 -0.019 0.236 
0.995 -0.081 0.005 0.052 0.772 -0.000 -0.632 0.069 0.949 0.000 -0.172 -0.263 0.988 0.000 0.098 -0.122 0.479 0.000 0.653 -0.586 0.702 -0.000 -0.704 -0.107 0.959 0.000 0.000 0.285 0.728 0.000 -0.684 -0.035 0.972 0.000 -0.019 0.236 
0.995 -0.082 0.005 0.051 0.772 0.000 -0.632 0.069 0.949 0.000 -0.172 -0.263 0.988 0.000 0.095 -0.120 0.475 0.000 0.665 -0.577 0.702 0.000 -0.704 -0.107 0.958 0.000 0.000 0.285 0.728 -0.000 -0.684 -0.035 0.972 0.000 -0.019 0.236 
0.995 -0.082 0.005 0.051 0.772 0.000 -0.631 0.069 0.949 0.000 -0.172 -0.263 0.988 0.000 0.093 -0.121 0.472 0.000 0.676 -0.566 0.703 0.000 -0.704 -0.107 0.958 0.000 0.000 0.285 0.728 0.000 -0.684 -0.034 0.972 -0.000 -0.019 0.236 
0.995 -0.082 0.006 0.052 0.772 0.000 -0.631 0.070 0.949 0.000 -0.172 -0.263 0.988 0.000 0.091 -0.121 0.467 0.000 0.688 -0.555 0.703 0.000 -0.703 -0.107 0.958 0.000 0.000 0.285 0.728 0.000 -0.684 -0.035 0.972 0.000 -0.019 0.236 
0.995 -0.082 0.006 0.052 0.773 0.000 -0.631 0.069 0.950 0.000 -0.171 -0.263 0.989 0.000 0.089 -0.121 0.464 0.000 0.699 -0.544 0.703 0.000 -0.703 -0.107 0.958 0.000 -0.000 0.285 0.728 0.000 -0.684 -0.035 0.972 0.000 -0.019 0.236 
0.995 -0.082 0.006 0.052 0.773 0.000 -0.631 0.070 0.950 0.000 -0.171 -0.263 0.989 0.000 0.087 -0.121 0.460 0.000 0.711 -0.533 0.703 0.000 -0.703 -0.107 0.958 0.000 0.000 0.285 0.728 0.000 -0.685 -0.034 0.972 0.000 -0.019 0.236 
0.995 -0.082 0.006 0.052 0.773 0.000 -0.631 0.070 0.950 0.000 -0.170 -0.263 0.989 0.000 0.085 -0.121 0.456 0.000 0.722 -0.521 0.703 0.000 -0.703 -0.107 0.958 -0.000 0.000 0.285 0.728 0.000 -0.684 -0.034 0.972 0.000 -0.019 0.236 
0.995 -0.082 0.006 0.052 0.772 0.000 -0.631 0.070 0.950 0.000 -0.170 -0.263 0.989 0.000 0.083 -0.122 0.453 0.000 0.731 -0.511 0.703 -0.000 -0.703 -0.107 0.958 -0.000 0.000 0.285 0.728 0.000 -0.684 -0.034 0.972 0.000 -0.019 0.236 
0.995 -0.082 0.006 0.052 0.772 0.000 -0.632 0.072 0.949 0.000 -0.169 -0.265 0.989 0.000 0.081 -0.122 0.449 0.000 0.742 -0.498 0.703 0.000 -0.703 -0.107 0.958 0.000 0.000 0.285 0.728 0.000 -0.684 -0.034 0.972 0.000 -0.019 0.236 
0.995 -0.082 0.006 0.052 0.773 0.000 -0.631 0.071 0.950 0.000 -0.170 -0.263 0.989 0.000 0.079 -0.122 0.445 0.000 0.752 -0.486 0.703 0.000 -0.703 -0.106 0.958 -0.000 0.000 0.285 0.728 0.000 -0.684 -0.034 0.972 0.000 -0.019 0.236 
0.995 -0.082 0.006 0.052 0.773 0.000 -0.631 0.071 0.950 0.000 -0.170 -0.263 0.990 0.000 0.077 -0.122 0.441 0.000 0.762 -0.475 0.703 0.000 -0.703 -0.106 0.958 0.000 0.000 0.285 0.728 0.000 -0.684 -0.034 0.972 0.000 -0.019 0.236 
0.995 -0.082 0.006 0.051 0.773 0.000 -0.631 0.071 0.950 0.000 -0.170 -0.263 0.990 0.000 0.075 -0.122 0.437 0.000 0.771 -0.464 0.703 0.000 -0.703 -0.106 0.958 0.000 0.000 0.285 0.728 0.000 -0.684 -0.034 0.972 0.000 -0.020 0.236 
0.995 -0.082 0.006 0.051 0.773 0.000 -0.631 0.071 0.950 0.000 -0.170 -0.263 0.990 0.000 0.073 -0.121 0.433 0.000 0.779 -0.453 0.703 0.000 -0.703 -0.106 0.959 0.000 0.000 0.285 0.728 0.000 -0.684 -0.034 0.972 0.000 -0.020 0.236 
0.995 -0.082 0.006 0.051 0.773 0.000 -0.631 0.071 0.950 0.000 -0.170 -0.263 0.990 0.000 0.072 -0.121 0.430 0.000 0.788 -0.441 0.703 0.000 -0.704 -0.106 0.959 0.000 0.001 0.285 0.728 0.000 -0.684 -0.035 0.972 0.000 -0.020 0.236 
0.995 -0.082 0.006 0.051 0.773 0.000 -0.631 0.071 0.950 0.000 -0.170 -0.263 0.990 0.000 0.070 -0.122 0.425 0.000 0.796 -0.431 0.703 0.000 -0.704 -0.107 0.959 0.000 0.001 0.285 0.728 -0.000 -0.684 -0.035 0.972 -0.000 -0.020 0.236 
0.995 -0.082 0.006 0.051 0.773 0.000 -0.631 0.071 0.950 0.000 -0.170 -0.262 0.990 0.000 0.068 -0.122 0.421 0.000 0.804 -0.420 0.703 0.000 -0.704 -0.107 0.959 0.000 0.001 0.285 0.728 0.000 -0.684 -0.035 0.972 0.000 -0.020 0.236 
0.995 -0.082 0.006 0.051 0.773 0.000 -0.631 0.070 0.950 0.000 -0.170 -0.262 0.990 0.000 0.067 -0.122 0.418 0.000 0.812 -0.408 0.703 0.000 -0.703 -0.107 0.959 0.000 0.000 0.285 0.728 -0.000 -0.684 -0.035 0.972 0.000 -0.020 0.236 
0.995 -0.082 0.006 0.051 0.772 0.000 -0.632 0.072 0.950 0.000 -0.169 -0.264 0.990 0.000 0.065 -0.121 0.414 0.000 0.820 -0.397 0.703 0.000 -0.703 -0.107 0.959 0.000 0.000 0.284 0.728 0.000 -0.684 -0.035 0.972 0.000 -0.020 0.236 
0.995 -0.082 0.006 0.051 0.773 0.000 -0.631 0.070 0.950 0.000 -0.170 -0.262 0.991 0.000 0.063 -0.121 0.410 0.000 0.826 -0.386 0.703 0.000 -0.703 -0.107 0.959 0.000 0.000 0.285 0.728 0.000 -0.684 -0.035 0.972 0.000 -0.020 0.236 
0.995 -0.081 0.006 0.051 0.773 0.000 -0.631 0.070 0.950 0.000 -0.170 -0.262 0.991 0.000 0.062 -0.120 0.406 0.000 0.833 -0.377 0.703 -0.000 -0.703 -0.108 0.959 0.000 -0.000 0.285 0.728 0.000 -0.684 -0.035 0.972 0.000 -0.020 0.236 
0.995 -0.081 0.006 0.050 0.773 0.000 -0.631 0.069 0.950 -0.000 -0.170 -0.261 0.991 0.000 0.061 -0.120 0.400 0.000 0.840 -0.368 0.703 0.000 -0.703 -0.108 0.959 0.000 -0.000 0.285 0.729 0.000 -0.684 -0.036 0.972 -0.000 -0.020 0.236 
0.995 -0.081 0.006 0.050 0.772 0.000 -0.631 0.069 0.950 0.000 -0.170 -0.261 0.991 0.000 0.059 -0.120 0.395 0.000 0.846 -0.357 0.703 0.000 -0.703 -0.109 0.959 -0.000 -0.000 0.285 0.729 0.000 -0.684 -0.036 0.972 0.000 -0.020 0.236 
0.995 -0.081 0.005 0.050 0.773 0.000 -0.631 0.069 0.950 0.000 -0.171 -0.261 0.991 0.000 0.058 -0.118 0.392 0.000 0.852 -0.347 0.703 0.000 -0.703 -0.109 0.959 0.000 -0.001 0.285 0.729 -0.000 -0.684 -0.036 0.972 0.000 -0.021 0.236 
0.995 -0.081 0.005 0.050 0.773 0.000 -0.631 0.069 0.950 -0.000 -0.171 -0.261 0.991 0.000 0.056 -0.118 0.388 0.000 0.858 -0.337 0.703 0.000 -0.703 -0.110 0.959 0.000 -0.001 0.285 0.729 0.000 -0.684 -0.036 0.972 0.000 -0.021 0.236 
0.996 -0.081 0.005 0.049 0.773 0.000 -0.631 0.068 0.950 0.000 -0.171 -0.261 0.992 0.000 0.055 -0.118 0.384 -0.000 0.863 -0.327 0.702 0.000 -0.703 -0.110 0.959 0.000 -0.001 0.285 0.729 0.000 -0.684 -0.037 0.972 0.000 -0.021 0.236 
0.996 -0.080 0.005 0.049 0.772 -0.000 -0.631 0.068 0.950 0.000 -0.171 -0.261 0.992 0.000 0.054 -0.117 0.380 -0.000 0.868 -0.319 0.702 0.000 -0.703 -0.111 0.959 0.000 -0.001 0.285 0.729 -0.000 -0.684 -0.037 0.972 0.000 -0.021 0.236 
0.996 -0.080 0.005 0.049 0.772 0.000 -0.631 0.068 0.950 0.000 -0.171 -0.261 0.992 0.000 0.052 -0.117 0.376 0.000 0.874 -0.309 0.702 0.000 -0.703 -0.111 0.959 0.000 -0.001 0.285 0.729 0.000 -0.684 -0.037 0.971 0.000 -0.021 0.236 
0.996 -0.080 0.005 0.049 0.772 0.000 -0.632 0.068 0.950 0.000 -0.171 -0.261 0.992 -0.000 0.051 -0.117 0.371 0.000 0.879 -0.300 0.702 0.000 -0.703 -0.111 0.959 0.000 -0.001 0.285 0.729 -0.000 -0.684 -0.038 0.971 0.000 -0.022 0.236 
0.996 -0.080 0.005 0.049 0.772 0.000 -0.632 0.068 0.950 0.000 -0.171 -0.261 0.992 0.000 0.050 -0.116 0.367 0.000 0.883 -0.291 0.702 -0.000 -0.703 -0.111 0.959 0.000 -0.001 0.285 0.729 0.000 -0.684 -0.038 0.971 0.000 -0.022 0.236 
0.996 -0.080 0.005 0.049 0.772 0.000 -0.632 0.068 0.950 0.000 -0.171 -0.262 0.992 0.000 0.049 -0.116 0.364 0.000 0.887 -0.283 0.702 0.000 -0.703 -0.112 0.959 -0.000 -0.002 0.285 0.729 0.000 -0.684 -0.038 0.971 0.000 -0.022 0.236 
0.996 -0.080 0.005 0.048 0.772 0.000 -0.632 0.068 0.950 0.000 -0.170 -0.263 0.992 0.000 0.048 -0.117 0.361 0.000 0.891 -0.277 0.702 0.000 -0.703 -0.112 0.959 0.000 -0.002 0.285 0.729 0.000 -0.684 -0.038 0.971 0.000 -0.022 0.236 
0.996 -0.079 0.005 0.048 0.772 -0.000 -0.632 0.067 0.950 0.000 -0.171 -0.262 0.992 0.000 0.047 -0.117 0.358 0.000 0.894 -0.270 0.702 0.000 -0.703 -0.113 0.959 0.000 -0.002 0.285 0.729 -0.000 -0.684 -0.039 0.971 -0.000 -0.022 0.236 
0.996 -0.079 0.005 0.048 0.772 0.000 -0.632 0.067 0.950 0.000 -0.172 -0.262 0.992 0.000 0.046 -0.118 0.355 0.000 0.897 -0.265 0.703 0.000 -0.703 -0.113 0.959 -0.000 -0.002 0.285 0.729 0.000 -0.684 -0.039 0.971 0.000 -0.022 0.236 
0.996 -0.079 0.005 0.047 0.772 0.000 -0.632 0.067 0.950 0.000 -0.172 -0.262 0.992 0.000 0.046 -0.117 0.353 0.000 0.899 -0.261 0.702 0.000 -0.703 -0.113 0.959 0.000 -0.001 0.285 0.728 0.000 -0.684 -0.038 0.972 0.000 -0.022 0.235 
0.996 -0.079 0.005 0.047 0.772 0.000 -0.632 0.066 0.950 0.000 -0.173 -0.261 0.992 -0.000 0.045 -0.118 0.351 0.000 0.900 -0.259 0.703 0.000 -0.703 -0.113 0.959 0.000 -0.002 0.285 0.728 0.000 -0.684 -0.038 0.972 0.000 -0.022 0.235 
0.996 -0.079 0.005 0.047 0.772 -0.000 -0.632 0.066 0.950 -0.000 -0.173 -0.261 0.992 0.000 0.045 -0.118 0.349 0.000 0.901 -0.257 0.703 0.000 -0.703 -0.114 0.959 0.000 -0.002 0.284 0.728 0.000 -0.684 -0.038 0.972 0.000 -0.022 0.235 
0.996 -0.079 0.005 0.047 0.772 0.000 -0.632 0.065 0.950 0.000 -0.173 -0.261 0.992 0.000 0.045 -0.118 0.348 -0.000 0.902 -0.257 0.702 0.000 -0.703 -0.114 0.959 0.000 -0.002 0.284 0.728 0.000 -0.684 -0.039 0.972 0.000 -0.022 0.235 
0.996 -0.079 0.005 0.047 0.772 0.000 -0.632 0.064 0.950 -0.000 -0.173 -0.260 0.992 0.000 0.046 -0.118 0.348 0.000 0.901 -0.258 0.703 -0.000 -0.702 -0.114 0.959 0.000 -0.002 0.284 0.728 0.000 -0.684 -0.039 0.972 0.000 -0.022 0.235 
0.996 -0.079 0.005 0.047 0.772 0.000 -0.632 0.064 0.950 -0.000 -0.173 -0.260 0.992 0.000 0.046 -0.119 0.348 0.000 0.901 -0.260 0.703 0.000 -0.702 -0.114 0.959 0.000 -0.002 0.284 0.728 0.000 -0.684 -0.039 0.972 0.000 -0.022 0.235 
0.996 -0.079 0.005 0.047 0.773 0.000 -0.632 0.063 0.950 0.000 -0.173 -0.260 0.992 0.000 0.046 -0.118 0.348 0.000 0.899 -0.265 0.703 0.000 -0.702 -0.115 0.959 0.000 -0.002 0.284 0.728 -0.000 -0.684 -0.039 0.972 0.000 -0.022 0.235 
0.996 -0.078 0.005 0.047 0.773 -0.000 -0.632 0.063 0.950 0.000 -0.174 -0.259 0.992 0.000 0.047 -0.119 0.350 0.000 0.897 -0.270 0.703 0.000 -0.702 -0.115 0.959 0.000 -0.002 0.284 0.728 0.000 -0.684 -0.040 0.972 0.000 -0.022 0.235 
0.996 -0.078 0.005 0.048 0.773 0.000 -0.632 0.062 0.950 0.000 -0.174 -0.259 0.992 -0.000 0.048 -0.120 0.351 0.000 0.895 -0.276 0.703 0.000 -0.702 -0.115 0.959 -0.000 -0.002 0.284 0.728 0.000 -0.684 -0.040 0.972 0.000 -0.022 0.235 
0.996 -0.078 0.005 0.048 0.773 0.000 -0.632 0.062 0.950 0.000 -0.174 -0.259 0.992 -0.000 0.049 -0.119 0.353 -0.000 0.891 -0.284 0.703 0.000 -0.702 -0.115 0.959 0.000 -0.002 0.284 0.728 -0.000 -0.684 -0.040 0.972 0.000 -0.022 0.235 
0.996 -0.078 0.005 0.048 0.773 0.000 -0.632 0.062 0.950 0.000 -0.174 -0.260 0.992 -0.000 0.050 -0.119 0.356 0.000 0.887 -0.293 0.703 0.000 -0.702 -0.116 0.959 -0.000 -0.003 0.284 0.728 0.000 -0.684 -0.041 0.972 0.000 -0.023 0.235 
0.996 -0.078 0.005 0.048 0.773 0.000 -0.632 0.061 0.950 -0.000 -0.175 -0.260 0.992 0.000 0.051 -0.119 0.360 0.000 0.883 -0.301 0.703 0.000 -0.702 -0.116 0.959 0.000 -0.003 0.285 0.728 -0.000 -0.684 -0.041 0.972 0.000 -0.023 0.235 
0.996 -0.078 0.005 0.048 0.773 0.000 -0.632 0.062 0.949 0.000 -0.174 -0.262 0.992 0.000 0.052 -0.119 0.363 -0.000 0.878 -0.311 0.703 0.000 -0.702 -0.116 0.959 0.000 -0.003 0.284 0.728 0.000 -0.684 -0.041 0.972 0.000 -0.023 0.235 
0.996 -0.078 0.005 0.048 0.773 0.000 -0.631 0.061 0.950 0.000 -0.175 -0.260 0.991 0.000 0.053 -0.120 0.367 0.000 0.873 -0.322 0.703 0.000 -0.702 -0.116 0.959 0.000 -0.003 0.285 0.728 0.000 -0.684 -0.042 0.972 0.000 -0.023 0.235 
0.996 -0.077 0.005 0.049 0.773 0.000 -0.631 0.061 0.949 0.000 -0.175 -0.260 0.991 0.000 0.055 -0.121 0.372 0.000 0.867 -0.333 0.703 0.000 -0.702 -0.117 0.959 0.000 -0.004 0.285 0.729 0.000 -0.684 -0.044 0.971 0.000 -0.023 0.236 
0.996 -0.077 0.005 0.050 0.773 0.000 -0.631 0.060 0.949 0.000 -0.174 -0.261 0.991 0.000 0.056 -0.121 0.376 0.000 0.860 -0.345 0.703 -0.000 -0.702 -0.117 0.959 0.000 -0.004 0.285 0.729 -0.000 -0.683 -0.044 0.971 0.000 -0.023 0.236 
0.996 -0.077 0.005 0.050 0.773 0.000 -0.631 0.060 0.949 0.000 -0.174 -0.262 0.991 0.000 0.058 -0.120 0.380 0.000 0.853 -0.357 0.703 0.000 -0.702 -0.117 0.959 0.000 -0.004 0.285 0.729 -0.000 -0.683 -0.044 0.971 0.000 -0.024 0.236 
0.996 -0.077 0.005 0.050 0.773 0.000 -0.631 0.060 0.949 -0.000 -0.174 -0.262 0.991 0.000 0.060 -0.120 0.385 -0.000 0.845 -0.371 0.703 0.000 -0.702 -0.117 0.959 0.000 -0.004 0.285 0.729 0.000 -0.683 -0.045 0.971 0.000 -0.024 0.236 
0.996 -0.077 0.005 0.050 0.773 0.000 -0.631 0.059 0.949 -0.000 -0.174 -0.262 0.991 0.000 0.062 -0.121 0.392 0.000 0.836 -0.383 0.703 0.000 -0.702 -0.118 0.959 0.000 -0.004 0.285 0.729 0.000 -0.683 -0.045 0.971 0.000 -0.024 0.236 
0.996 -0.077 0.005 0.051 0.773 0.000 -0.631 0.059 0.949 0.000 -0.174 -0.261 0.991 0.000 0.063 -0.120 0.397 0.000 0.828 -0.397 0.703 0.000 -0.702 -0.118 0.959 0.000 -0.005 0.285 0.729 -0.000 -0.683 -0.045 0.971 0.000 -0.024 0.236 
0.996 -0.077 0.005 0.051 0.773 0.000 -0.631 0.058 0.950 0.000 -0.174 -0.261 0.991 0.000 0.065 -0.120 0.402 0.000 0.818 -0.412 0.703 0.000 -0.702 -0.118 0.958 0.000 -0.005 0.285 0.729 -0.000 -0.683 -0.045 0.971 -0.000 -0.024 0.236 
0.996 -0.077 0.005 0.051 0.774 0.000 -0.631 0.058 0.950 -0.000 -0.173 -0.261 0.991 -0.000 0.066 -0.120 0.408 0.000 0.808 -0.426 0.703 0.000 -0.702 -0.118 0.958 0.000 -0.005 0.285 0.729 -0.000 -0.683 -0.046 0.971 0.000 -0.024 0.236 
0.996 -0.077 0.005 0.051 0.773 0.000 -0.631 0.058 0.950 -0.000 -0.173 -0.261 0.990 0.000 0.069 -0.121 0.415 0.000 0.797 -0.439 0.703 0.000 -0.702 -0.118 0.958 0.000 -0.005 0.285 0.729 0.000 -0.683 -0.045 0.972 0.000 -0.024 0.236 
0.996 -0.077 0.005 0.052 0.773 0.000 -0.631 0.058 0.950 -0.000 -0.172 -0.262 0.990 0.000 0.071 -0.120 0.421 -0.000 0.785 -0.455 0.703 0.000 -0.702 -0.118 0.958 -0.000 -0.005 0.285 0.729 0.000 -0.683 -0.046 0.972 0.000 -0.024 0.236 
0.996 -0.077 0.005 0.051 0.774 -0.000 -0.631 0.057 0.950 -0.000 -0.172 -0.262 0.990 -0.000 0.073 -0.118 0.426 0.000 0.773 -0.470 0.703 0.000 -0.702 -0.118 0.958 0.000 -0.005 0.285 0.729 0.000 -0.683 -0.045 0.972 0.000 -0.024 0.235 
0.996 -0.077 0.005 0.052 0.774 -0.000 -0.631 0.057 0.950 0.000 -0.172 -0.262 0.990 0.000 0.076 -0.118 0.432 0.000 0.761 -0.484 0.703 0.000 -0.701 -0.118 0.958 -0.000 -0.005 0.285 0.729 0.000 -0.683 -0.045 0.972 0.000 -0.024 0.235 
0.996 -0.077 0.005 0.052 0.773 0.000 -0.631 0.057 0.950 0.000 -0.173 -0.262 0.990 0.000 0.078 -0.118 0.439 0.000 0.748 -0.498 0.703 0.000 -0.702 -0.118 0.958 -0.000 -0.005 0.285 0.729 0.000 -0.683 -0.045 0.972 0.000 -0.024 0.235 
0.996 -0.077 0.005 0.052 0.773 0.000 -0.631 0.057 0.950 0.000 -0.172 -0.262 0.990 0.000 0.081 -0.118 0.444 0.000 0.734 -0.514 0.703 0.000 -0.702 -0.118 0.958 0.000 -0.006 0.285 0.729 0.000 -0.683 -0.046 0.972 0.000 -0.024 0.235 
0.996 -0.077 0.005 0.053 0.773 0.000 -0.631 0.057 0.950 0.000 -0.172 -0.262 0.990 0.000 0.084 -0.117 0.448 0.000 0.721 -0.529 0.703 0.000 -0.702 -0.118 0.958 0.000 -0.006 0.285 0.729 0.000 -0.683 -0.046 0.972 0.000 -0.024 0.235 
0.996 -0.077 0.005 0.053 0.773 0.000 -0.631 0.056 0.950 0.000 -0.171 -0.262 0.989 0.000 0.086 -0.117 0.456 0.000 0.706 -0.542 0.703 -0.000 -0.702 -0.118 0.958 0.000 -0.006 0.285 0.729 0.000 -0.683 -0.046 0.972 0.000 -0.024 0.236 
0.996 -0.077 0.005 0.053 0.773 0.000 -0.632 0.056 0.949 0.000 -0.172 -0.262 0.989 -0.000 0.089 -0.117 0.462 0.000 0.692 -0.555 0.703 0.000 -0.702 -0.118 0.958 0.000 -0.006 0.285 0.729 0.000 -0.683 -0.046 0.972 0.000 -0.024 0.235 
0.996 -0.077 0.005 0.053 0.773 -0.000 -0.632 0.056 0.950 0.000 -0.171 -0.262 0.989 0.000 0.092 -0.116 0.468 0.000 0.677 -0.568 0.703 0.000 -0.702 -0.118 0.958 0.000 -0.006 0.285 0.729 -0.000 -0.683 -0.047 0.972 0.000 -0.024 0.235 
0.996 -0.076 0.005 0.054 0.773 0.000 -0.632 0.056 0.949 0.000 -0.171 -0.263 0.989 0.000 0.095 -0.117 0.475 0.000 0.663 -0.579 0.703 0.000 -0.702 -0.118 0.958 -0.000 -0.007 0.285 0.729 0.000 -0.683 -0.048 0.971 0.000 -0.024 0.236 
0.996 -0.076 0.005 0.055 0.773 0.000 -0.632 0.056 0.949 0.000 -0.171 -0.263 0.988 0.000 0.098 -0.116 0.480 -0.000 0.648 -0.592 0.703 -0.000 -0.702 -0.118 0.958 0.000 -0.007 0.285 0.729 0.000 -0.683 -0.049 0.971 0.000 -0.024 0.236 
0.996 -0.076 0.004 0.055 0.773 0.000 -0.632 0.056 0.949 0.000 -0.171 -0.263 0.988 -0.000 0.101 -0.115 0.485 0.000 0.633 -0.604 0.703 0.000 -0.702 -0.118 0.958 0.000 -0.007 0.285 0.729 0.000 -0.683 -0.048 0.971 0.000 -0.024 0.236 
0.996 -0.076 0.004 0.055 0.773 0.000 -0.632 0.056 0.950 0.000 -0.171 -0.263 0.988 -0.000 0.104 -0.114 0.490 0.000 0.618 -0.615 0.703 0.000 -0.702 -0.119 0.958 0.000 -0.007 0.285 0.729 0.000 -0.683 -0.049 0.971 0.000 -0.024 0.236 
0.996 -0.076 0.004 0.055 0.773 0.000 -0.632 0.056 0.949 0.000 -0.172 -0.263 0.988 0.000 0.107 -0.114 0.495 0.000 0.604 -0.625 0.703 0.000 -0.702 -0.119 0.958 0.000 -0.007 0.285 0.729 0.000 -0.683 -0.049 0.971 0.000 -0.024 0.237 
0.996 -0.076 0.004 0.055 0.773 0.000 -0.632 0.056 0.949 0.000 -0.172 -0.263 0.988 0.000 0.110 -0.113 0.499 0.000 0.590 -0.635 0.703 0.000 -0.702 -0.119 0.958 0.000 -0.007 0.285 0.729 0.000 -0.683 -0.049 0.971 0.000 -0.023 0.236 
0.996 -0.076 0.004 0.055 0.773 0.000 -0.632 0.056 0.949 0.000 -0.172 -0.263 0.987 -0.000 0.112 -0.113 0.503 0.000 0.576 -0.644 0.703 -0.000 -0.702 -0.119 0.958 0.000 -0.007 0.285 0.729 0.000 -0.683 -0.049 0.971 0.000 -0.023 0.236 
0.996 -0.076 0.004 0.055 0.773 0.000 -0.632 0.056 0.949 0.000 -0.172 -0.263 0.987 -0.000 0.115 -0.112 0.507 0.000 0.563 -0.652 0.703 0.000 -0.702 -0.119 0.959 0.000 -0.007 0.285 0.729 0.000 -0.683 -0.049 0.971 0.000 -0.023 0.236 
0.996 -0.076 0.004 0.055 0.773 -0.000 -0.632 0.056 0.949 0.000 -0.172 -0.262 0.987 -0.000 0.118 -0.111 0.510 -0.000 0.551 -0.661 0.703 0.000 -0.702 -0.119 0.958 0.000 -0.007 0.285 0.729 0.000 -0.683 -0.049 0.971 -0.000 -0.023 0.236 
0.996 -0.076 0.004 0.054 0.773 0.000 -0.632 0.056 0.949 0.000 -0.172 -0.262 0.987 0.000 0.120 -0.109 0.513 0.000 0.538 -0.668 0.703 0.000 -0.702 -0.119 0.958 0.000 -0.007 0.285 0.729 0.000 -0.682 -0.049 0.971 0.000 -0.023 0.236 
0.996 -0.076 0.004 0.054 0.773 0.000 -0.632 0.056 0.949 0.000 -0.172 -0.262 0.986 0.000 0.122 -0.109 0.516 0.000 0.527 -0.675 0.703 -0.000 -0.702 -0.120 0.958 0.000 -0.008 0.285 0.729 -0.000 -0.682 -0.049 0.971 0.000 -0.023 0.236 
0.996 -0.076 0.004 0.055 0.773 0.000 -0.632 0.057 0.949 -0.000 -0.173 -0.262 0.986 0.000 0.125 -0.108 0.519 -0.000 0.515 -0.682 0.703 0.000 -0.701 -0.120 0.959 0.000 -0.008 0.285 0.729 0.000 -0.683 -0.049 0.971 -0.000 -0.023 0.236 
0.996 -0.076 0.004 0.054 0.773 0.000 -0.632 0.057 0.950 0.000 -0.172 -0.262 0.986 -0.000 0.127 -0.107 0.521 0.000 0.505 -0.688 0.703 -0.000 -0.702 -0.120 0.959 0.000 -0.008 0.285 0.729 0.000 -0.682 -0.049 0.971 0.000 -0.023 0.236 
0.996 -0.076 0.004 0.054 0.773 -0.000 -0.632 0.057 0.950 -0.000 -0.172 -0.262 0.986 -0.000 0.129 -0.106 0.524 0.000 0.496 -0.693 0.702 0.000 -0.702 -0.120 0.959 0.000 -0.008 0.285 0.729 0.000 -0.682 -0.049 0.971 0.000 -0.024 0.236 
0.996 -0.076 0.004 0.054 0.773 0.000 -0.632 0.057 0.949 0.000 -0.174 -0.261 0.986 0.000 0.130 -0.107 0.526 -0.000 0.486 -0.698 0.703 0.000 -0.701 -0.120 0.959 -0.000 -0.008 0.285 0.729 0.000 -0.682 -0.049 0.971 0.000 -0.024 0.236 
0.996 -0.075 0.004 0.054 0.773 0.000 -0.632 0.058 0.949 0.000 -0.174 -0.262 0.985 0.000 0.132 -0.107 0.528 0.000 0.478 -0.702 0.702 0.000 -0.702 -0.120 0.959 0.000 -0.008 0.285 0.729 0.000 -0.682 -0.050 0.971 0.000 -0.024 0.236 
0.996 -0.075 0.004 0.054 0.773 0.000 -0.632 0.058 0.950 -0.000 -0.173 -0.261 0.985 -0.000 0.134 -0.105 0.526 0.000 0.472 -0.707 0.702 0.000 -0.701 -0.120 0.959 0.000 -0.008 0.285 0.729 0.000 -0.682 -0.050 0.971 0.000 -0.024 0.236 
0.996 -0.075 0.004 0.054 0.772 0.000 -0.633 0.058 0.949 0.000 -0.172 -0.263 0.985 0.000 0.136 -0.104 0.530 0.000 0.467 -0.708 0.702 0.000 -0.701 -0.121 0.959 0.000 -0.008 0.285 0.729 0.000 -0.682 -0.050 0.971 0.000 -0.024 0.236 
0.996 -0.075 0.004 0.054 0.773 -0.000 -0.632 0.058 0.950 0.000 -0.173 -0.261 0.985 -0.000 0.137 -0.105 0.532 0.000 0.461 -0.710 0.702 0.000 -0.701 -0.121 0.959 0.000 -0.008 0.285 0.729 0.000 -0.682 -0.050 0.971 0.000 -0.024 0.236 
0.996 -0.075 0.004 0.054 0.773 0.000 -0.632 0.058 0.950 0.000 -0.174 -0.261 0.985 0.000 0.136 -0.106 0.531 0.000 0.455 -0.715 0.702 -0.000 -0.701 -0.121 0.959 0.000 -0.008 0.284 0.729 0.000 -0.682 -0.050 0.972 0.000 -0.024 0.236 
0.996 -0.075 0.004 0.054 0.772 0.000 -0.632 0.059 0.950 0.000 -0.174 -0.261 0.985 0.000 0.136 -0.106 0.532 0.000 0.451 -0.717 0.702 0.000 -0.702 -0.121 0.959 -0.000 -0.008 0.284 0.729 0.000 -0.682 -0.050 0.971 -0.000 -0.023 0.236 
0.996 -0.075 0.004 0.054 0.773 0.000 -0.632 0.059 0.950 0.000 -0.175 -0.260 0.985 0.000 0.137 -0.106 0.532 0.000 0.448 -0.718 0.702 0.000 -0.702 -0.121 0.959 0.000 -0.008 0.284 0.729 0.000 -0.682 -0.050 0.972 0.000 -0.023 0.236 
0.996 -0.075 0.004 0.054 0.772 0.000 -0.633 0.060 0.949 -0.000 -0.174 -0.261 0.985 0.000 0.137 -0.106 0.532 0.000 0.446 -0.720 0.702 0.000 -0.702 -0.120 0.959 0.000 -0.008 0.284 0.729 0.000 -0.682 -0.050 0.972 0.000 -0.023 0.236 
0.996 -0.075 0.004 0.054 0.773 -0.000 -0.632 0.060 0.950 0.000 -0.176 -0.260 0.985 0.000 0.136 -0.107 0.531 0.000 0.443 -0.722 0.702 0.000 -0.702 -0.120 0.959 0.000 -0.008 0.284 0.729 0.000 -0.682 -0.049 0.972 0.000 -0.023 0.236 
0.996 -0.075 0.004 0.054 0.773 0.000 -0.632 0.060 0.950 0.000 -0.176 -0.259 0.985 0.000 0.136 -0.108 0.531 0.000 0.444 -0.722 0.702 0.000 -0.702 -0.120 0.959 -0.000 -0.008 0.284 0.729 -0.000 -0.682 -0.049 0.972 0.000 -0.023 0.236 
0.996 -0.075 0.004 0.054 0.773 -0.000 -0.632 0.060 0.950 -0.000 -0.176 -0.259 0.985 -0.000 0.135 -0.108 0.532 0.000 0.445 -0.721 0.702 0.000 -0.702 -0.120 0.959 0.000 -0.008 0.284 0.729 0.000 -0.682 -0.049 0.972 0.000 -0.023 0.236 
0.996 -0.075 0.004 0.054 0.772 -0.000 -0.632 0.061 0.950 -0.000 -0.175 -0.260 0.985 -0.000 0.134 -0.109 0.531 -0.000 0.447 -0.720 0.702 0.000 -0.702 -0.120 0.959 0.000 -0.008 0.284 0.729 0.000 -0.682 -0.049 0.972 0.000 -0.023 0.236 
0.996 -0.075 0.004 0.053 0.773 0.000 -0.632 0.061 0.950 -0.000 -0.177 -0.258 0.985 0.000 0.133 -0.109 0.530 0.000 0.449 -0.719 0.702 0.000 -0.702 -0.119 0.959 0.000 -0.007 0.284 0.729 0.000 -0.683 -0.048 0.972 -0.000 -0.022 0.235 
0.996 -0.075 0.004 0.053 0.773 -0.000 -0.632 0.061 0.950 0.000 -0.177 -0.258 0.985 0.000 0.132 -0.109 0.529 0.000 0.453 -0.718 0.702 0.000 -0.702 -0.119 0.959 0.000 -0.007 0.284 0.729 0.000 -0.683 -0.048 0.972 0.000 -0.022 0.235 
0.996 -0.075 0.004 0.053 0.773 -0.000 -0.631 0.061 0.950 0.000 -0.177 -0.258 0.986 -0.000 0.130 -0.109 0.527 0.000 0.457 -0.716 0.702 0.000 -0.702 -0.119 0.959 0.000 -0.007 0.284 0.729 0.000 -0.683 -0.048 0.972 -0.000 -0.022 0.235 
0.996 -0.075 0.004 0.053 0.772 0.000 -0.632 0.062 0.950 0.000 -0.176 -0.259 0.986 0.000 0.129 -0.106 0.522 0.000 0.463 -0.716 0.702 0.000 -0.702 -0.119 0.959 0.000 -0.007 0.284 0.729 0.000 -0.683 -0.048 0.972 0.000 -0.022 0.235 
0.996 -0.075 0.004 0.053 0.772 0.000 -0.632 0.062 0.950 0.000 -0.176 -0.259 0.986 0.000 0.129 -0.107 0.521 0.000 0.471 -0.712 0.702 0.000 -0.702 -0.119 0.959 -0.000 -0.007 0.284 0.729 0.000 -0.683 -0.048 0.972 0.000 -0.023 0.235 
0.996 -0.075 0.004 0.053 0.773 0.000 -0.632 0.062 0.950 0.000 -0.177 -0.259 0.986 0.000 0.127 -0.105 0.519 0.000 0.479 -0.708 0.702 0.000 -0.702 -0.120 0.959 0.000 -0.007 0.284 0.729 0.000 -0.683 -0.048 0.972 0.000 -0.023 0.235 
0.996 -0.075 0.004 0.053 0.773 0.000 -0.632 0.062 0.949 0.000 -0.177 -0.259 0.987 0.000 0.124 -0.106 0.519 0.000 0.485 -0.704 0.702 0.000 -0.702 -0.120 0.959 0.000 -0.007 0.284 0.729 0.000 -0.683 -0.048 0.972 -0.000 -0.023 0.235 
0.996 -0.075 0.004 0.053 0.774 0.000 -0.631 0.061 0.950 0.000 -0.178 -0.258 0.987 0.000 0.121 -0.106 0.516 0.000 0.492 -0.701 0.702 0.000 -0.702 -0.119 0.959 -0.000 -0.007 0.284 0.729 0.000 -0.683 -0.047 0.972 -0.000 -0.023 0.235 
0.996 -0.075 0.004 0.053 0.773 -0.000 -0.631 0.062 0.950 0.000 -0.177 -0.259 0.987 0.000 0.119 -0.105 0.511 0.000 0.501 -0.698 0.702 0.000 -0.702 -0.119 0.959 -0.000 -0.007 0.284 0.729 0.000 -0.683 -0.047 0.972 0.000 -0.023 0.235 
0.996 -0.075 0.004 0.053 0.774 0.000 -0.631 0.061 0.950 0.000 -0.178 -0.257 0.988 0.000 0.116 -0.105 0.510 0.000 0.509 -0.693 0.702 0.000 -0.702 -0.119 0.959 0.000 -0.007 0.285 0.729 0.000 -0.683 -0.047 0.972 0.000 -0.023 0.235 
0.996 -0.075 0.004 0.053 0.774 0.000 -0.630 0.061 0.950 0.000 -0.178 -0.257 0.988 0.000 0.114 -0.105 0.507 0.000 0.519 -0.688 0.702 0.000 -0.702 -0.119 0.959 0.000 -0.007 0.284 0.729 0.000 -0.682 -0.047 0.972 -0.000 -0.023 0.235 
0.996 -0.075 0.004 0.053 0.774 0.000 -0.630 0.061 0.950 0.000 -0.178 -0.257 0.988 0.000 0.111 -0.106 0.504 -0.000 0.528 -0.683 0.702 0.000 -0.702 -0.119 0.959 0.000 -0.007 0.284 0.729 -0.000 -0.683 -0.046 0.972 0.000 -0.023 0.235 
0.996 -0.075 0.004 0.052 0.774 0.000 -0.630 0.061 0.950 0.000 -0.178 -0.258 0.988 0.000 0.109 -0.105 0.501 0.000 0.538 -0.677 0.702 -0.000 -0.702 -0.119 0.959 0.000 -0.007 0.284 0.729 0.000 -0.683 -0.046 0.972 0.000 -0.023 0.235 
0.996 -0.075 0.003 0.053 0.774 0.000 -0.630 0.061 0.950 -0.000 -0.177 -0.258 0.988 0.000 0.107 -0.107 0.499 0.000 0.549 -0.670 0.702 0.000 -0.702 -0.119 0.959 -0.000 -0.007 0.284 0.730 0.000 -0.682 -0.048 0.972 0.000 -0.023 0.236 
0.996 -0.075 0.003 0.053 0.774 0.000 -0.630 0.061 0.950 0.000 -0.176 -0.258 0.989 0.000 0.104 -0.107 0.496 0.000 0.560 -0.664 0.702 0.000 -0.702 -0.119 0.959 0.000 -0.007 0.285 0.730 0.000 -0.682 -0.047 0.971 0.000 -0.023 0.236 
0.996 -0.075 0.003 0.053 0.774 0.000 -0.630 0.061 0.950 0.000 -0.176 -0.258 0.989 0.000 0.101 -0.107 0.493 -0.000 0.570 -0.657 0.702 0.000 -0.702 -0.119 0.959 0.000 -0.007 0.285 0.730 0.000 -0.682 -0.047 0.971 0.000 -0.023 0.236 
0.996 -0.075 0.003 0.053 0.774 0.000 -0.630 0.061 0.950 0.000 -0.176 -0.259 0.989 0.000 0.098 -0.107 0.490 -0.000 0.581 -0.650 0.702 0.000 -0.702 -0.119 0.959 -0.000 -0.007 0.285 0.730 0.000 -0.682 -0.047 0.971 0.000 -0.023 0.236 
0.996 -0.075 0.003 0.053 0.775 -0.000 -0.630 0.060 0.950 0.000 -0.176 -0.259 0.990 0.000 0.096 -0.107 0.486 0.000 0.592 -0.643 0.702 0.000 -0.702 -0.118 0.959 0.000 -0.007 0.285 0.730 0.000 -0.682 -0.047 0.971 0.000 -0.023 0.236 
0.996 -0.076 0.003 0.053 0.775 -0.000 -0.629 0.061 0.950 0.000 -0.176 -0.259 0.990 0.000 0.092 -0.106 0.481 0.000 0.604 -0.635 0.702 0.000 -0.702 -0.118 0.959 0.000 -0.007 0.285 0.730 0.000 -0.682 -0.047 0.971 -0.000 -0.023 0.236 
0.996 -0.076 0.003 0.052 0.775 0.000 -0.629 0.060 0.950 -0.000 -0.176 -0.259 0.990 -0.000 0.090 -0.106 0.478 0.000 0.615 -0.627 0.702 0.000 -0.702 -0.118 0.959 -0.000 -0.007 0.285 0.730 0.000 -0.682 -0.047 0.971 0.000 -0.023 0.236 
0.996 -0.076 0.003 0.052 0.775 0.000 -0.629 0.060 0.950 0.000 -0.176 -0.259 0.991 -0.000 0.087 -0.106 0.474 -0.000 0.627 -0.618 0.702 0.000 -0.702 -0.118 0.959 0.000 -0.007 0.285 0.730 0.000 -0.682 -0.046 0.971 -0.000 -0.023 0.236 
0.996 -0.076 0.003 0.052 0.775 0.000 -0.629 0.060 0.950 0.000 -0.175 -0.259 0.991 0.000 0.084 -0.106 0.469 0.000 0.638 -0.610 0.702 0.000 -0.702 -0.118 0.959 0.000 -0.007 0.285 0.730 0.000 -0.682 -0.046 0.971 0.000 -0.022 0.236 
0.996 -0.076 0.003 0.052 0.775 0.000 -0.629 0.060 0.950 -0.000 -0.175 -0.259 0.991 0.000 0.081 -0.107 0.467 0.000 0.648 -0.601 0.702 -0.000 -0.702 -0.118 0.959 0.000 -0.007 0.285 0.730 0.000 -0.682 -0.046 0.971 0.000 -0.022 0.237 
0.996 -0.076 0.003 0.051 0.775 0.000 -0.629 0.060 0.950 0.000 -0.175 -0.259 0.991 -0.000 0.078 -0.107 0.463 0.000 0.660 -0.592 0.702 0.000 -0.702 -0.117 0.959 0.000 -0.007 0.284 0.730 0.000 -0.682 -0.045 0.971 0.000 -0.022 0.236 
0.996 -0.076 0.003 0.050 0.775 0.000 -0.629 0.061 0.950 0.000 -0.174 -0.260 0.992 0.000 0.075 -0.106 0.459 0.000 0.670 -0.583 0.702 0.000 -0.702 -0.117 0.959 -0.000 -0.006 0.285 0.729 0.000 -0.683 -0.043 0.972 0.000 -0.022 0.236 
0.996 -0.076 0.003 0.050 0.775 0.000 -0.629 0.060 0.950 -0.000 -0.174 -0.260 0.992 0.000 0.072 -0.105 0.454 -0.000 0.681 -0.574 0.702 0.000 -0.702 -0.117 0.959 0.000 -0.006 0.285 0.729 0.000 -0.683 -0.043 0.972 0.000 -0.022 0.236 
0.996 -0.076 0.003 0.050 0.776 0.000 -0.628 0.059 0.950 0.000 -0.175 -0.258 0.992 -0.000 0.070 -0.106 0.450 -0.000 0.691 -0.565 0.702 0.000 -0.703 -0.117 0.959 0.000 -0.006 0.284 0.729 -0.000 -0.683 -0.043 0.972 0.000 -0.022 0.236 
0.996 -0.076 0.003 0.050 0.776 0.000 -0.628 0.059 0.950 -0.000 -0.176 -0.258 0.992 0.000 0.067 -0.105 0.446 0.000 0.702 -0.556 0.702 -0.000 -0.702 -0.117 0.959 0.000 -0.006 0.284 0.729 0.000 -0.683 -0.043 0.972 0.000 -0.022 0.236 
0.996 -0.076 0.003 0.049 0.776 0.000 -0.628 0.059 0.950 0.000 -0.176 -0.258 0.992 -0.000 0.065 -0.105 0.442 -0.000 0.711 -0.547 0.702 0.000 -0.703 -0.116 0.959 0.000 -0.005 0.284 0.730 0.000 -0.683 -0.042 0.972 0.000 -0.022 0.236 
0.996 -0.076 0.003 0.049 0.776 0.000 -0.628 0.059 0.950 0.000 -0.176 -0.258 0.993 0.000 0.063 -0.104 0.437 0.000 0.721 -0.538 0.702 0.000 -0.703 -0.116 0.959 -0.000 -0.006 0.285 0.730 0.000 -0.683 -0.043 0.971 0.000 -0.022 0.236 
0.996 -0.076 0.003 0.049 0.776 -0.000 -0.628 0.058 0.950 0.000 -0.176 -0.258 0.993 0.000 0.061 -0.104 0.434 0.000 0.730 -0.528 0.702 0.000 -0.703 -0.116 0.959 0.000 -0.005 0.284 0.730 -0.000 -0.683 -0.042 0.971 0.000 -0.022 0.236 
0.996 -0.076 0.003 0.050 0.776 -0.000 -0.628 0.058 0.950 -0.000 -0.175 -0.259 0.993 0.000 0.059 -0.105 0.430 0.000 0.739 -0.518 0.702 0.000 -0.703 -0.117 0.959 0.000 -0.006 0.284 0.730 0.000 -0.682 -0.043 0.971 -0.000 -0.022 0.237 
0.996 -0.076 0.003 0.049 0.777 0.000 -0.627 0.058 0.950 0.000 -0.176 -0.259 0.993 0.000 0.056 -0.105 0.425 0.000 0.748 -0.510 0.702 0.000 -0.703 -0.117 0.959 0.000 -0.006 0.284 0.730 0.000 -0.682 -0.043 0.971 0.000 -0.022 0.237 
0.996 -0.076 0.003 0.049 0.777 0.000 -0.627 0.058 0.950 0.000 -0.176 -0.258 0.993 0.000 0.055 -0.105 0.422 0.000 0.756 -0.501 0.702 0.000 -0.703 -0.117 0.959 0.000 -0.006 0.285 0.730 0.000 -0.682 -0.043 0.971 0.000 -0.022 0.237 
0.996 -0.076 0.003 0.049 0.777 0.000 -0.627 0.057 0.950 -0.000 -0.176 -0.258 0.993 0.000 0.053 -0.105 0.418 0.000 0.764 -0.491 0.702 0.000 -0.703 -0.116 0.959 0.000 -0.006 0.285 0.730 -0.000 -0.682 -0.043 0.971 0.000 -0.022 0.237 
0.996 -0.076 0.003 0.049 0.777 0.000 -0.627 0.057 0.950 0.000 -0.176 -0.258 0.993 0.000 0.051 -0.106 0.415 0.000 0.772 -0.482 0.702 0.000 -0.703 -0.116 0.959 0.000 -0.006 0.285 0.730 0.000 -0.682 -0.043 0.971 -0.000 -0.022 0.237 
0.996 -0.077 0.003 0.049 0.777 -0.000 -0.627 0.057 0.950 0.000 -0.176 -0.258 0.993 0.000 0.049 -0.106 0.413 0.000 0.779 -0.472 0.702 0.000 -0.703 -0.116 0.959 0.000 -0.006 0.284 0.730 0.000 -0.682 -0.043 0.971 0.000 -0.022 0.237 
0.996 -0.077 0.003 0.049 0.777 -0.000 -0.627 0.057 0.950 0.000 -0.176 -0.258 0.993 0.000 0.048 -0.106 0.408 0.000 0.786 -0.464 0.702 0.000 -0.703 -0.116 0.959 0.000 -0.006 0.285 0.730 0.000 -0.682 -0.042 0.971 0.000 -0.022 0.238 
0.996 -0.077 0.003 0.049 0.777 -0.000 -0.626 0.057 0.950 0.000 -0.176 -0.258 0.993 0.000 0.046 -0.106 0.406 0.000 0.793 -0.454 0.702 -0.000 -0.703 -0.115 0.959 0.000 -0.006 0.285 0.730 0.000 -0.682 -0.042 0.971 0.000 -0.022 0.238 
0.996 -0.077 0.003 0.049 0.777 0.000 -0.626 0.057 0.950 0.000 -0.176 -0.258 0.993 0.000 0.044 -0.107 0.403 0.000 0.799 -0.446 0.702 0.000 -0.703 -0.116 0.959 0.000 -0.006 0.285 0.730 0.000 -0.682 -0.042 0.971 0.000 -0.022 0.238 
0.996 -0.077 0.003 0.049 0.778 -0.000 -0.626 0.057 0.950 0.000 -0.176 -0.258 0.993 0.000 0.043 -0.107 0.400 0.000 0.806 -0.437 0.702 0.000 -0.703 -0.115 0.959 0.000 -0.006 0.285 0.730 0.000 -0.682 -0.042 0.971 0.000 -0.022 0.238 
0.996 -0.077 0.003 0.049 0.777 0.000 -0.627 0.058 0.950 0.000 -0.175 -0.260 0.993 0.000 0.041 -0.108 0.397 0.000 0.810 -0.431 0.702 0.000 -0.703 -0.115 0.959 0.000 -0.006 0.285 0.730 0.000 -0.682 -0.042 0.971 0.000 -0.022 0.238 
0.996 -0.077 0.003 0.048 0.778 0.000 -0.626 0.056 0.950 0.000 -0.176 -0.258 0.993 0.000 0.040 -0.108 0.394 0.000 0.817 -0.421 0.702 -0.000 -0.703 -0.115 0.959 0.000 -0.005 0.285 0.730 0.000 -0.683 -0.040 0.971 0.000 -0.021 0.237 
0.996 -0.077 0.003 0.049 0.778 -0.000 -0.626 0.056 0.950 0.000 -0.176 -0.258 0.993 0.000 0.039 -0.110 0.391 -0.000 0.822 -0.413 0.702 0.000 -0.703 -0.115 0.959 0.000 -0.006 0.285 0.730 0.000 -0.682 -0.042 0.971 0.000 -0.022 0.238 
0.996 -0.077 0.003 0.048 0.778 0.000 -0.626 0.056 0.950 0.000 -0.176 -0.258 0.993 -0.000 0.037 -0.110 0.389 0.000 0.827 -0.405 0.702 -0.000 -0.703 -0.114 0.959 0.000 -0.005 0.285 0.730 0.000 -0.683 -0.040 0.971 -0.000 -0.021 0.237 
0.996 -0.077 0.003 0.048 0.778 -0.000 -0.626 0.056 0.950 0.000 -0.176 -0.258 0.993 0.000 0.036 -0.111 0.386 0.000 0.832 -0.398 0.702 0.000 -0.703 -0.114 0.959 0.000 -0.005 0.285 0.730 -0.000 -0.683 -0.040 0.971 0.000 -0.021 0.238 
0.996 -0.077 0.003 0.048 0.778 -0.000 -0.626 0.056 0.950 0.000 -0.175 -0.258 0.993 0.000 0.035 -0.113 0.384 0.000 0.836 -0.391 0.702 0.000 -0.703 -0.114 0.959 0.000 -0.005 0.285 0.730 0.000 -0.683 -0.040 0.971 0.000 -0.021 0.238 
0.996 -0.077 0.003 0.048 0.778 0.000 -0.626 0.055 0.950 0.000 -0.176 -0.258 0.993 0.000 0.034 -0.115 0.383 0.000 0.841 -0.383 0.702 0.000 -0.703 -0.114 0.959 -0.000 -0.005 0.285 0.730 0.000 -0.683 -0.040 0.971 0.000 -0.021 0.238 
0.996 -0.077 0.003 0.048 0.778 0.000 -0.626 0.055 0.950 -0.000 -0.176 -0.258 0.993 0.000 0.033 -0.115 0.381 0.000 0.844 -0.378 0.702 0.000 -0.703 -0.114 0.959 0.000 -0.005 0.285 0.730 0.000 -0.683 -0.039 0.971 0.000 -0.021 0.237 
0.996 -0.077 0.003 0.049 0.778 0.000 -0.626 0.055 0.950 0.000 -0.176 -0.258 0.993 -0.000 0.032 -0.117 0.379 -0.000 0.847 -0.372 0.702 0.000 -0.703 -0.113 0.959 -0.000 -0.005 0.285 0.730 0.000 -0.683 -0.040 0.971 0.000 -0.021 0.238 
0.996 -0.077 0.003 0.049 0.778 0.000 -0.626 0.055 0.950 0.000 -0.176 -0.258 0.992 0.000 0.032 -0.118 0.378 0.000 0.850 -0.368 0.702 -0.000 -0.703 -0.113 0.959 0.000 -0.005 0.285 0.730 0.000 -0.683 -0.039 0.971 0.000 -0.021 0.238 
0.996 -0.077 0.003 0.049 0.778 0.000 -0.626 0.054 0.950 0.000 -0.176 -0.257 0.992 0.000 0.031 -0.120 0.377 0.000 0.852 -0.363 0.702 0.000 -0.703 -0.113 0.959 -0.000 -0.005 0.285 0.730 0.000 -0.683 -0.039 0.971 0.000 -0.021 0.238 
0.996 -0.078 0.003 0.049 0.778 0.000 -0.626 0.054 0.950 -0.000 -0.176 -0.258 0.992 0.000 0.031 -0.121 0.376 0.000 0.854 -0.359 0.702 0.000 -0.703 -0.113 0.959 0.000 -0.005 0.285 0.730 0.000 -0.683 -0.039 0.971 0.000 -0.021 0.238 
0.996 -0.078 0.003 0.049 0.778 0.000 -0.626 0.054 0.950 0.000 -0.176 -0.257 0.992 0.000 0.031 -0.122 0.376 0.000 0.856 -0.356 0.702 0.000 -0.703 -0.113 0.958 0.000 -0.005 0.285 0.730 0.000 -0.683 -0.039 0.971 0.000 -0.020 0.237 
0.996 -0.078 0.003 0.049 0.778 0.000 -0.626 0.054 0.950 0.000 -0.176 -0.258 0.992 -0.000 0.030 -0.123 0.376 0.000 0.857 -0.353 0.702 0.000 -0.703 -0.113 0.958 -0.000 -0.005 0.285 0.730 0.000 -0.683 -0.039 0.971 -0.000 -0.020 0.238 
0.996 -0.078 0.003 0.049 0.778 -0.000 -0.626 0.053 0.950 0.000 -0.176 -0.258 0.992 0.000 0.030 -0.125 0.376 0.000 0.858 -0.351 0.702 0.000 -0.703 -0.112 0.958 0.000 -0.005 0.285 0.730 0.000 -0.683 -0.039 0.971 0.000 -0.020 0.237 
0.996 -0.078 0.003 0.050 0.778 0.000 -0.626 0.053 0.950 0.000 -0.176 -0.258 0.991 -0.000 0.030 -0.127 0.377 0.000 0.858 -0.349 0.702 0.000 -0.703 -0.112 0.958 0.000 -0.005 0.285 0.730 0.000 -0.683 -0.039 0.971 -0.000 -0.020 0.237 
0.996 -0.078 0.003 0.050 0.778 0.000 -0.626 0.053 0.950 -0.000 -0.176 -0.258 0.991 -0.000 0.030 -0.128 0.377 0.000 0.858 -0.349 0.702 -0.000 -0.703 -0.112 0.958 0.000 -0.005 0.285 0.730 0.000 -0.683 -0.039 0.971 -0.000 -0.020 0.238 
0.996 -0.078 0.003 0.050 0.778 0.000 -0.626 0.053 0.950 0.000 -0.176 -0.258 0.991 0.000 0.031 -0.129 0.377 0.000 0.858 -0.350 0.702 -0.000 -0.703 -0.111 0.958 -0.000 -0.005 0.285 0.730 0.000 -0.683 -0.038 0.971 0.000 -0.020 0.238 
0.996 -0.078 0.003 0.051 0.777 0.000 -0.627 0.053 0.950 0.000 -0.175 -0.260 0.991 0.000 0.031 -0.129 0.379 -0.000 0.856 -0.351 0.702 -0.000 -0.703 -0.111 0.958 0.000 -0.005 0.285 0.730 0.000 -0.683 -0.038 0.971 0.000 -0.020 0.238 
0.996 -0.078 0.003 0.051 0.778 0.000 -0.626 0.052 0.950 0.000 -0.176 -0.259 0.991 0.000 0.032 -0.130 0.380 -0.000 0.855 -0.353 0.702 0.000 -0.703 -0.111 0.958 0.000 -0.005 0.285 0.730 -0.000 -0.683 -0.038 0.971 0.000 -0.020 0.238 
0.996 -0.078 0.003 0.051 0.777 0.000 -0.627 0.053 0.950 0.000 -0.175 -0.260 0.991 0.000 0.033 -0.131 0.382 0.000 0.853 -0.356 0.702 0.000 -0.704 -0.110 0.958 0.000 -0.005 0.286 0.730 0.000 -0.683 -0.038 0.971 0.000 -0.020 0.238 
0.996 -0.078 0.003 0.051 0.778 0.000 -0.627 0.051 0.950 -0.000 -0.175 -0.259 0.991 -0.000 0.034 -0.131 0.384 0.000 0.850 -0.360 0.702 0.000 -0.704 -0.110 0.958 0.000 -0.005 0.286 0.730 0.000 -0.683 -0.038 0.971 -0.000 -0.020 0.238 
0.996 -0.078 0.003 0.051 0.778 0.000 -0.627 0.051 0.950 -0.000 -0.175 -0.259 0.991 0.000 0.035 -0.132 0.387 0.000 0.847 -0.364 0.702 0.000 -0.703 -0.110 0.958 0.000 -0.005 0.286 0.730 0.000 -0.683 -0.038 0.971 0.000 -0.020 0.238 
0.996 -0.079 0.003 0.051 0.777 0.000 -0.627 0.051 0.950 0.000 -0.175 -0.259 0.990 0.000 0.036 -0.133 0.389 0.000 0.844 -0.369 0.702 0.000 -0.704 -0.110 0.958 0.000 -0.005 0.286 0.730 0.000 -0.683 -0.038 0.971 0.000 -0.020 0.238 
0.996 -0.079 0.003 0.051 0.777 0.000 -0.627 0.051 0.950 0.000 -0.175 -0.259 0.990 0.000 0.037 -0.135 0.392 0.000 0.840 -0.375 0.702 0.000 -0.704 -0.110 0.958 -0.000 -0.005 0.286 0.730 -0.000 -0.682 -0.038 0.971 -0.000 -0.020 0.238 
0.996 -0.079 0.003 0.052 0.777 -0.000 -0.627 0.051 0.950 0.000 -0.175 -0.259 0.990 0.000 0.038 -0.135 0.395 0.000 0.836 -0.381 0.702 0.000 -0.704 -0.110 0.958 0.000 -0.005 0.286 0.730 0.000 -0.682 -0.038 0.971 0.000 -0.020 0.238 
0.996 -0.079 0.003 0.052 0.777 0.000 -0.627 0.050 0.950 0.000 -0.174 -0.259 0.990 0.000 0.040 -0.135 0.398 0.000 0.831 -0.389 0.702 0.000 -0.704 -0.109 0.958 0.000 -0.005 0.286 0.730 0.000 -0.682 -0.038 0.971 -0.000 -0.020 0.238 
0.996 -0.079 0.003 0.052 0.776 0.000 -0.628 0.051 0.950 0.000 -0.173 -0.261 0.990 0.000 0.041 -0.136 0.401 0.000 0.825 -0.397 0.702 0.000 -0.704 -0.109 0.958 0.000 -0.005 0.286 0.730 0.000 -0.682 -0.038 0.971 0.000 -0.020 0.238 
0.996 -0.079 0.003 0.052 0.777 -0.000 -0.628 0.050 0.950 -0.000 -0.174 -0.260 0.990 -0.000 0.043 -0.135 0.404 0.000 0.819 -0.407 0.702 0.000 -0.704 -0.109 0.958 0.000 -0.005 0.286 0.730 0.000 -0.682 -0.037 0.971 -0.000 -0.020 0.238 
0.996 -0.079 0.003 0.052 0.777 0.000 -0.628 0.050 0.950 0.000 -0.174 -0.260 0.990 0.000 0.045 -0.134 0.408 0.000 0.812 -0.417 0.702 0.000 -0.704 -0.109 0.958 0.000 -0.005 0.286 0.730 0.000 -0.682 -0.037 0.971 -0.000 -0.020 0.238 
0.996 -0.079 0.002 0.052 0.777 0.000 -0.628 0.050 0.950 0.000 -0.174 -0.260 0.990 0.000 0.048 -0.134 0.412 0.000 0.805 -0.428 0.702 0.000 -0.704 -0.109 0.958 0.000 -0.005 0.286 0.730 0.000 -0.682 -0.037 0.971 0.000 -0.020 0.238 
0.995 -0.079 0.002 0.052 0.777 0.000 -0.628 0.049 0.950 0.000 -0.174 -0.260 0.990 0.000 0.050 -0.134 0.417 -0.000 0.796 -0.439 0.702 -0.000 -0.704 -0.108 0.958 -0.000 -0.005 0.286 0.730 -0.000 -0.682 -0.037 0.971 0.000 -0.019 0.238 
0.995 -0.079 0.002 0.052 0.776 0.000 -0.628 0.049 0.950 0.000 -0.174 -0.260 0.990 0.000 0.052 -0.134 0.420 0.000 0.788 -0.450 0.702 0.000 -0.704 -0.108 0.958 -0.000 -0.005 0.286 0.730 0.000 -0.682 -0.037 0.971 0.000 -0.019 0.238 
0.996 -0.079 0.002 0.052 0.776 0.000 -0.629 0.049 0.950 -0.000 -0.174 -0.260 0.990 0.000 0.054 -0.133 0.423 0.000 0.781 -0.460 0.702 -0.000 -0.704 -0.108 0.958 0.000 -0.006 0.286 0.730 0.000 -0.682 -0.037 0.971 0.000 -0.019 0.238 
0.996 -0.079 0.002 0.052 0.776 0.000 -0.629 0.050 0.950 0.000 -0.172 -0.262 0.990 -0.000 0.056 -0.132 0.427 -0.000 0.772 -0.470 0.702 0.000 -0.704 -0.109 0.958 0.000 -0.006 0.286 0.730 0.000 -0.682 -0.037 0.971 0.000 -0.019 0.238 
0.995 -0.080 0.002 0.052 0.776 0.000 -0.629 0.049 0.950 0.000 -0.174 -0.260 0.989 0.000 0.059 -0.132 0.432 0.000 0.762 -0.482 0.702 0.000 -0.704 -0.108 0.958 0.000 -0.005 0.286 0.730 0.000 -0.682 -0.036 0.971 0.000 -0.019 0.238 
0.996 -0.079 0.002 0.052 0.775 0.000 -0.630 0.049 0.950 0.000 -0.172 -0.262 0.990 0.000 0.061 -0.130 0.435 0.000 0.754 -0.492 0.702 0.000 -0.704 -0.108 0.958 0.000 -0.005 0.286 0.730 0.000 -0.682 -0.036 0.971 0.000 -0.019 0.238 
0.996 -0.080 0.002 0.051 0.776 0.000 -0.629 0.048 0.950 0.000 -0.173 -0.261 0.990 0.000 0.063 -0.129 0.439 -0.000 0.744 -0.504 0.702 0.000 -0.704 -0.108 0.958 0.000 -0.005 0.286 0.730 0.000 -0.682 -0.036 0.971 0.000 -0.019 0.239 
0.995 -0.079 0.002 0.052 0.775 0.000 -0.630 0.049 0.950 0.000 -0.172 -0.262 0.989 0.000 0.066 -0.129 0.443 0.000 0.735 -0.514 0.702 0.000 -0.704 -0.108 0.958 -0.000 -0.006 0.286 0.731 -0.000 -0.682 -0.038 0.971 0.000 -0.019 0.239 
0.995 -0.079 0.002 0.052 0.775 0.000 -0.631 0.049 0.950 0.000 -0.172 -0.263 0.989 0.000 0.068 -0.129 0.446 -0.000 0.725 -0.526 0.702 0.000 -0.704 -0.108 0.958 0.000 -0.006 0.286 0.731 -0.000 -0.682 -0.038 0.971 -0.000 -0.019 0.240 
0.995 -0.079 0.002 0.052 0.775 0.000 -0.630 0.048 0.950 -0.000 -0.173 -0.261 0.989 0.000 0.070 -0.128 0.449 0.000 0.715 -0.535 0.702 0.000 -0.704 -0.108 0.958 0.000 -0.006 0.286 0.731 -0.000 -0.682 -0.038 0.971 0.000 -0.019 0.240 
0.995 -0.080 0.002 0.051 0.775 0.000 -0.630 0.049 0.950 0.000 -0.173 -0.261 0.989 0.000 0.072 -0.130 0.456 0.000 0.703 -0.547 0.702 0.000 -0.704 -0.108 0.958 0.000 -0.006 0.286 0.731 0.000 -0.682 -0.037 0.971 0.000 -0.019 0.240 
0.996 -0.079 0.002 0.051 0.775 0.000 -0.630 0.048 0.950 0.000 -0.173 -0.261 0.989 0.000 0.075 -0.127 0.458 -0.000 0.696 -0.554 0.702 0.000 -0.704 -0.108 0.958 0.000 -0.006 0.286 0.731 0.000 -0.682 -0.038 0.971 0.000 -0.019 0.240 
0.995 -0.080 0.002 0.051 0.775 -0.000 -0.631 0.049 0.950 0.000 -0.173 -0.260 0.989 0.000 0.077 -0.129 0.463 0.000 0.683 -0.566 0.702 0.000 -0.704 -0.108 0.958 0.000 -0.006 0.286 0.731 0.000 -0.682 -0.037 0.971 0.000 -0.019 0.240 
0.995 -0.080 0.002 0.051 0.774 0.000 -0.631 0.049 0.950 0.000 -0.173 -0.260 0.989 0.000 0.079 -0.129 0.467 0.000 0.673 -0.573 0.702 0.000 -0.704 -0.108 0.958 0.000 -0.006 0.286 0.731 0.000 -0.682 -0.037 0.970 -0.000 -0.019 0.240 
0.996 -0.079 0.002 0.051 0.774 0.000 -0.631 0.048 0.950 -0.000 -0.173 -0.260 0.989 0.000 0.082 -0.125 0.469 0.000 0.666 -0.580 0.702 0.000 -0.704 -0.109 0.958 -0.000 -0.006 0.286 0.731 0.000 -0.682 -0.038 0.970 -0.000 -0.019 0.240 
0.996 -0.079 0.002 0.050 0.774 0.000 -0.632 0.049 0.950 0.000 -0.172 -0.262 0.989 0.000 0.084 -0.124 0.472 0.000 0.655 -0.591 0.702 0.000 -0.704 -0.109 0.958 0.000 -0.006 0.286 0.731 -0.000 -0.682 -0.037 0.970 -0.000 -0.019 0.241 
0.996 -0.079 0.002 0.050 0.774 0.000 -0.631 0.048 0.950 0.000 -0.174 -0.260 0.989 0.000 0.086 -0.124 0.475 0.000 0.644 -0.600 0.702 0.000 -0.704 -0.109 0.958 -0.000 -0.006 0.286 0.731 0.000 -0.682 -0.038 0.970 0.000 -0.019 0.241 
0.996 -0.079 0.002 0.050 0.773 0.000 -0.632 0.049 0.950 0.000 -0.173 -0.261 0.988 0.000 0.088 -0.123 0.477 0.000 0.634 -0.608 0.702 0.000 -0.704 -0.109 0.958 0.000 -0.006 0.286 0.731 0.000 -0.682 -0.038 0.970 0.000 -0.019 0.241 
0.996 -0.079 0.002 0.050 0.774 0.000 -0.632 0.049 0.950 0.000 -0.174 -0.260 0.988 0.000 0.091 -0.122 0.480 -0.000 0.624 -0.616 0.702 0.000 -0.704 -0.109 0.958 -0.000 -0.006 0.286 0.731 -0.000 -0.682 -0.038 0.970 0.000 -0.019 0.241 
0.996 -0.079 0.002 0.049 0.774 -0.000 -0.632 0.049 0.950 0.000 -0.174 -0.260 0.988 0.000 0.093 -0.123 0.485 0.000 0.615 -0.622 0.702 -0.000 -0.704 -0.109 0.958 0.000 -0.006 0.286 0.731 0.000 -0.682 -0.038 0.970 0.000 -0.019 0.241 
0.996 -0.080 0.002 0.049 0.773 0.000 -0.632 0.051 0.950 0.000 -0.174 -0.261 0.988 0.000 0.094 -0.123 0.485 0.000 0.604 -0.632 0.702 0.000 -0.704 -0.109 0.958 0.000 -0.006 0.286 0.730 0.000 -0.682 -0.037 0.970 -0.000 -0.019 0.241 
0.996 -0.079 0.002 0.049 0.773 -0.000 -0.633 0.051 0.950 0.000 -0.174 -0.261 0.988 0.000 0.095 -0.123 0.488 0.000 0.596 -0.638 0.702 -0.000 -0.704 -0.109 0.958 -0.000 -0.006 0.286 0.730 0.000 -0.682 -0.038 0.970 -0.000 -0.019 0.241 
0.996 -0.079 0.002 0.049 0.773 0.000 -0.633 0.051 0.950 0.000 -0.174 -0.261 0.988 0.000 0.097 -0.123 0.490 0.000 0.588 -0.644 0.702 0.000 -0.704 -0.110 0.958 0.000 -0.006 0.286 0.730 0.000 -0.682 -0.038 0.970 0.000 -0.020 0.241 
0.996 -0.079 0.002 0.049 0.773 0.000 -0.632 0.051 0.950 0.000 -0.176 -0.259 0.988 0.000 0.098 -0.121 0.491 0.000 0.580 -0.650 0.702 0.000 -0.704 -0.110 0.958 0.000 -0.006 0.286 0.730 -0.000 -0.682 -0.038 0.970 -0.000 -0.020 0.241 
0.996 -0.079 0.002 0.048 0.773 0.000 -0.632 0.051 0.950 0.000 -0.176 -0.259 0.988 0.000 0.099 -0.121 0.493 0.000 0.573 -0.655 0.702 0.000 -0.704 -0.110 0.958 0.000 -0.006 0.286 0.730 0.000 -0.682 -0.038 0.970 0.000 -0.020 0.241 
0.996 -0.079 0.002 0.048 0.773 0.000 -0.632 0.051 0.950 -0.000 -0.176 -0.258 0.987 0.000 0.100 -0.122 0.495 0.000 0.566 -0.659 0.702 0.000 -0.704 -0.111 0.958 -0.000 -0.006 0.286 0.730 -0.000 -0.682 -0.038 0.970 0.000 -0.020 0.241 
0.996 -0.079 0.002 0.048 0.773 0.000 -0.632 0.051 0.950 0.000 -0.176 -0.258 0.987 0.000 0.102 -0.122 0.496 0.000 0.560 -0.664 0.702 0.000 -0.704 -0.111 0.958 0.000 -0.006 0.286 0.730 0.000 -0.682 -0.038 0.970 -0.000 -0.020 0.241 
0.996 -0.079 0.002 0.048 0.773 0.000 -0.632 0.051 0.950 -0.000 -0.176 -0.258 0.987 0.000 0.102 -0.120 0.496 0.000 0.554 -0.669 0.702 0.000 -0.704 -0.111 0.958 0.000 -0.006 0.286 0.730 0.000 -0.682 -0.038 0.970 0.000 -0.020 0.241 
0.996 -0.078 0.002 0.048 0.773 -0.000 -0.632 0.051 0.950 0.000 -0.176 -0.258 0.987 0.000 0.103 -0.121 0.498 0.000 0.548 -0.672 0.702 0.000 -0.703 -0.112 0.958 0.000 -0.006 0.286 0.730 0.000 -0.682 -0.039 0.970 0.000 -0.020 0.241 
0.996 -0.078 0.002 0.048 0.773 0.000 -0.632 0.051 0.950 0.000 -0.175 -0.258 0.987 0.000 0.103 -0.122 0.498 -0.000 0.543 -0.676 0.702 0.000 -0.703 -0.112 0.958 -0.000 -0.006 0.286 0.730 0.000 -0.682 -0.039 0.970 0.000 -0.021 0.241 
0.996 -0.078 0.002 0.048 0.772 0.000 -0.633 0.053 0.950 0.000 -0.174 -0.259 0.987 0.000 0.104 -0.122 0.499 0.000 0.540 -0.678 0.702 0.000 -0.703 -0.112 0.958 0.000 -0.006 0.286 0.730 0.000 -0.682 -0.039 0.970 0.000 -0.021 0.240 
0.996 -0.078 0.002 0.048 0.773 0.000 -0.632 0.052 0.950 0.000 -0.176 -0.257 0.987 -0.000 0.104 -0.123 0.499 -0.000 0.536 -0.681 0.702 0.000 -0.703 -0.112 0.958 -0.000 -0.006 0.286 0.730 -0.000 -0.682 -0.039 0.970 0.000 -0.021 0.240 
0.996 -0.078 0.002 0.048 0.773 0.000 -0.633 0.053 0.950 -0.000 -0.176 -0.257 0.987 0.000 0.104 -0.123 0.499 0.000 0.534 -0.682 0.702 -0.000 -0.703 -0.113 0.958 0.000 -0.007 0.286 0.730 0.000 -0.682 -0.040 0.970 0.000 -0.021 0.240 
0.996 -0.078 0.002 0.048 0.773 0.000 -0.633 0.053 0.950 -0.000 -0.176 -0.258 0.987 0.000 0.103 -0.123 0.498 0.000 0.534 -0.683 0.702 0.000 -0.703 -0.113 0.958 -0.000 -0.007 0.286 0.730 0.000 -0.682 -0.040 0.971 0.000 -0.021 0.240 
0.996 -0.078 0.002 0.048 0.773 0.000 -0.633 0.053 0.950 0.000 -0.176 -0.257 0.987 0.000 0.103 -0.124 0.499 -0.000 0.533 -0.684 0.702 0.000 -0.703 -0.113 0.958 0.000 -0.007 0.286 0.730 0.000 -0.682 -0.040 0.971 0.000 -0.021 0.240 
0.996 -0.077 0.002 0.048 0.773 0.000 -0.633 0.054 0.950 0.000 -0.175 -0.258 0.987 -0.000 0.102 -0.123 0.496 0.000 0.533 -0.685 0.702 0.000 -0.703 -0.114 0.958 0.000 -0.007 0.286 0.730 0.000 -0.682 -0.041 0.971 0.000 -0.022 0.240 
0.996 -0.077 0.002 0.049 0.772 -0.000 -0.633 0.054 0.950 0.000 -0.176 -0.257 0.987 0.000 0.100 -0.124 0.496 -0.000 0.534 -0.685 0.702 0.000 -0.703 -0.114 0.958 0.000 -0.007 0.286 0.730 0.000 -0.682 -0.041 0.971 0.000 -0.022 0.240 
0.996 -0.077 0.003 0.049 0.772 0.000 -0.633 0.054 0.950 0.000 -0.175 -0.257 0.987 0.000 0.100 -0.126 0.496 0.000 0.535 -0.684 0.702 0.000 -0.703 -0.114 0.958 -0.000 -0.007 0.286 0.730 0.000 -0.682 -0.041 0.971 0.000 -0.022 0.240 
0.996 -0.077 0.003 0.049 0.772 0.000 -0.633 0.055 0.950 0.000 -0.175 -0.257 0.987 0.000 0.099 -0.127 0.495 0.000 0.536 -0.684 0.702 0.000 -0.703 -0.114 0.958 0.000 -0.007 0.286 0.730 0.000 -0.682 -0.041 0.971 0.000 -0.022 0.240 
0.996 -0.077 0.003 0.048 0.773 0.000 -0.633 0.055 0.950 -0.000 -0.176 -0.256 0.987 0.000 0.097 -0.127 0.493 0.000 0.538 -0.683 0.702 0.000 -0.703 -0.114 0.958 0.000 -0.007 0.286 0.730 -0.000 -0.682 -0.041 0.971 0.000 -0.022 0.239 
0.996 -0.077 0.003 0.048 0.772 0.000 -0.633 0.055 0.950 0.000 -0.176 -0.256 0.987 0.000 0.096 -0.127 0.492 0.000 0.540 -0.683 0.702 0.000 -0.703 -0.115 0.958 0.000 -0.007 0.286 0.730 0.000 -0.682 -0.041 0.971 -0.000 -0.022 0.239 
0.996 -0.077 0.003 0.049 0.772 0.000 -0.633 0.057 0.950 0.000 -0.174 -0.258 0.987 0.000 0.095 -0.128 0.490 0.000 0.543 -0.682 0.702 0.000 -0.702 -0.115 0.958 0.000 -0.007 0.286 0.730 -0.000 -0.682 -0.041 0.971 0.000 -0.022 0.239 
0.996 -0.076 0.003 0.049 0.772 -0.000 -0.633 0.057 0.950 0.000 -0.175 -0.258 0.987 0.000 0.093 -0.129 0.488 0.000 0.546 -0.681 0.702 0.000 -0.702 -0.115 0.958 0.000 -0.007 0.286 0.730 0.000 -0.682 -0.042 0.971 0.000 -0.022 0.239 
0.996 -0.076 0.003 0.049 0.772 0.000 -0.633 0.057 0.950 0.000 -0.174 -0.258 0.987 -0.000 0.093 -0.130 0.488 0.000 0.551 -0.677 0.702 0.000 -0.702 -0.115 0.958 0.000 -0.007 0.286 0.730 0.000 -0.682 -0.042 0.971 0.000 -0.023 0.239 
0.996 -0.076 0.003 0.049 0.772 0.000 -0.633 0.058 0.950 0.000 -0.174 -0.258 0.987 0.000 0.091 -0.130 0.485 0.000 0.556 -0.675 0.703 0.000 -0.702 -0.116 0.958 0.000 -0.007 0.286 0.730 0.000 -0.682 -0.043 0.971 0.000 -0.023 0.239 
0.996 -0.076 0.003 0.049 0.772 0.000 -0.633 0.058 0.950 0.000 -0.175 -0.258 0.987 0.000 0.090 -0.131 0.484 0.000 0.561 -0.671 0.703 0.000 -0.702 -0.116 0.958 0.000 -0.008 0.286 0.730 0.000 -0.682 -0.043 0.971 -0.000 -0.023 0.239 
0.996 -0.076 0.003 0.049 0.772 0.000 -0.633 0.058 0.950 0.000 -0.175 -0.258 0.988 0.000 0.087 -0.130 0.481 0.000 0.568 -0.668 0.703 0.000 -0.702 -0.117 0.958 0.000 -0.008 0.286 0.730 -0.000 -0.682 -0.043 0.971 0.000 -0.024 0.239 
0.996 -0.075 0.003 0.049 0.772 0.000 -0.633 0.059 0.950 0.000 -0.175 -0.258 0.988 0.000 0.086 -0.131 0.480 0.000 0.574 -0.664 0.703 -0.000 -0.702 -0.117 0.958 0.000 -0.008 0.286 0.730 0.000 -0.682 -0.044 0.971 0.000 -0.024 0.239 
0.996 -0.075 0.003 0.050 0.772 0.000 -0.633 0.059 0.950 0.000 -0.175 -0.259 0.988 0.000 0.085 -0.132 0.477 0.000 0.580 -0.660 0.703 0.000 -0.702 -0.118 0.958 0.000 -0.009 0.286 0.730 0.000 -0.682 -0.046 0.971 0.000 -0.024 0.239 
0.996 -0.075 0.003 0.049 0.772 0.000 -0.633 0.060 0.950 0.000 -0.175 -0.259 0.988 -0.000 0.083 -0.131 0.473 0.000 0.588 -0.656 0.703 0.000 -0.702 -0.118 0.958 -0.000 -0.008 0.286 0.730 -0.000 -0.682 -0.045 0.971 0.000 -0.024 0.239 
0.996 -0.074 0.003 0.050 0.773 0.000 -0.632 0.058 0.950 0.000 -0.176 -0.257 0.988 0.000 0.081 -0.131 0.472 0.000 0.596 -0.650 0.703 0.000 -0.701 -0.119 0.958 -0.000 -0.009 0.286 0.730 0.000 -0.682 -0.047 0.971 0.000 -0.025 0.239 
0.996 -0.074 0.003 0.050 0.773 -0.000 -0.632 0.059 0.950 0.000 -0.176 -0.257 0.988 0.000 0.079 -0.131 0.469 0.000 0.604 -0.644 0.703 -0.000 -0.701 -0.120 0.958 0.000 -0.010 0.286 0.730 0.000 -0.682 -0.047 0.971 0.000 -0.025 0.239 
0.996 -0.074 0.003 0.050 0.773 0.000 -0.632 0.059 0.950 0.000 -0.176 -0.257 0.988 0.000 0.078 -0.132 0.467 0.000 0.611 -0.639 0.703 -0.000 -0.701 -0.120 0.958 -0.000 -0.010 0.286 0.730 -0.000 -0.682 -0.047 0.971 0.000 -0.025 0.239 
0.996 -0.074 0.003 0.050 0.773 0.000 -0.632 0.060 0.950 0.000 -0.175 -0.257 0.988 0.000 0.075 -0.131 0.464 0.000 0.619 -0.633 0.703 0.000 -0.701 -0.121 0.958 0.000 -0.010 0.286 0.730 0.000 -0.682 -0.048 0.971 0.000 -0.026 0.239 
0.996 -0.073 0.003 0.050 0.772 0.000 -0.633 0.061 0.950 -0.000 -0.174 -0.259 0.989 0.000 0.073 -0.131 0.461 0.000 0.628 -0.627 0.703 0.000 -0.701 -0.121 0.958 0.000 -0.010 0.286 0.730 0.000 -0.682 -0.048 0.971 0.000 -0.026 0.239 
0.996 -0.073 0.003 0.049 0.773 0.000 -0.632 0.060 0.950 0.000 -0.175 -0.257 0.989 0.000 0.072 -0.132 0.460 0.000 0.635 -0.621 0.703 -0.000 -0.701 -0.122 0.958 0.000 -0.010 0.286 0.730 -0.000 -0.682 -0.048 0.971 0.000 -0.026 0.239 
0.996 -0.073 0.003 0.049 0.773 0.000 -0.632 0.060 0.950 0.000 -0.174 -0.257 0.989 0.000 0.070 -0.132 0.457 0.000 0.644 -0.614 0.703 -0.000 -0.701 -0.122 0.958 -0.000 -0.010 0.286 0.730 0.000 -0.682 -0.048 0.971 0.000 -0.026 0.239 
0.996 -0.073 0.003 0.049 0.773 -0.000 -0.632 0.060 0.950 0.000 -0.174 -0.257 0.989 0.000 0.068 -0.130 0.454 0.000 0.652 -0.608 0.703 0.000 -0.701 -0.122 0.958 0.000 -0.010 0.286 0.730 0.000 -0.682 -0.049 0.971 0.000 -0.026 0.239 
0.996 -0.073 0.003 0.048 0.773 0.000 -0.632 0.061 0.950 0.000 -0.174 -0.257 0.989 -0.000 0.066 -0.130 0.451 0.000 0.660 -0.601 0.703 -0.000 -0.701 -0.123 0.958 0.000 -0.010 0.286 0.730 0.000 -0.681 -0.049 0.971 0.000 -0.026 0.239 
0.996 -0.073 0.003 0.048 0.773 0.000 -0.632 0.061 0.950 -0.000 -0.175 -0.258 0.989 0.000 0.065 -0.131 0.449 0.000 0.669 -0.593 0.703 0.000 -0.701 -0.123 0.958 -0.000 -0.010 0.286 0.730 0.000 -0.681 -0.049 0.971 0.000 -0.026 0.239 
0.996 -0.073 0.003 0.048 0.772 0.000 -0.632 0.061 0.950 0.000 -0.175 -0.257 0.989 -0.000 0.063 -0.131 0.447 0.000 0.676 -0.586 0.702 0.000 -0.701 -0.123 0.958 0.000 -0.010 0.286 0.730 0.000 -0.681 -0.049 0.971 0.000 -0.026 0.239 
0.996 -0.073 0.003 0.048 0.772 0.000 -0.632 0.061 0.951 0.000 -0.174 -0.258 0.989 0.000 0.062 -0.131 0.444 0.000 0.684 -0.579 0.702 0.000 -0.701 -0.123 0.958 0.000 -0.010 0.286 0.730 0.000 -0.681 -0.049 0.971 0.000 -0.026 0.239 
0.996 -0.072 0.003 0.048 0.772 0.000 -0.632 0.061 0.951 0.000 -0.173 -0.258 0.990 0.000 0.060 -0.130 0.440 0.000 0.692 -0.573 0.702 0.000 -0.701 -0.123 0.958 0.000 -0.010 0.285 0.730 0.000 -0.681 -0.049 0.971 0.000 -0.026 0.239 
0.996 -0.072 0.003 0.047 0.772 0.000 -0.632 0.061 0.951 -0.000 -0.173 -0.258 0.990 -0.000 0.058 -0.129 0.437 0.000 0.699 -0.566 0.702 -0.000 -0.701 -0.123 0.958 0.000 -0.010 0.285 0.730 0.000 -0.681 -0.049 0.971 -0.000 -0.026 0.239 
0.996 -0.073 0.003 0.047 0.771 0.000 -0.633 0.062 0.950 0.000 -0.172 -0.259 0.990 0.000 0.056 -0.130 0.433 0.000 0.705 -0.562 0.702 0.000 -0.701 -0.123 0.958 -0.000 -0.010 0.285 0.730 0.000 -0.681 -0.049 0.971 0.000 -0.026 0.239 
0.996 -0.072 0.003 0.047 0.771 0.000 -0.633 0.063 0.950 0.000 -0.172 -0.259 0.990 -0.000 0.054 -0.129 0.430 0.000 0.712 -0.555 0.702 0.000 -0.701 -0.123 0.959 -0.000 -0.009 0.285 0.730 0.000 -0.681 -0.049 0.971 0.000 -0.026 0.239 
0.996 -0.072 0.003 0.047 0.772 0.000 -0.633 0.062 0.951 -0.000 -0.173 -0.258 0.990 0.000 0.053 -0.129 0.428 0.000 0.720 -0.547 0.702 0.000 -0.701 -0.124 0.959 0.000 -0.009 0.285 0.730 0.000 -0.681 -0.049 0.971 0.000 -0.026 0.239 
0.996 -0.072 0.002 0.047 0.771 0.000 -0.633 0.063 0.950 0.000 -0.173 -0.259 0.990 0.000 0.051 -0.129 0.423 0.000 0.727 -0.541 0.702 0.000 -0.701 -0.124 0.959 0.000 -0.009 0.285 0.730 0.000 -0.681 -0.049 0.971 0.000 -0.025 0.239 
0.996 -0.072 0.002 0.046 0.772 0.000 -0.633 0.062 0.950 0.000 -0.174 -0.258 0.990 0.000 0.049 -0.129 0.420 0.000 0.734 -0.534 0.702 0.000 -0.701 -0.124 0.959 0.000 -0.009 0.285 0.730 0.000 -0.681 -0.049 0.971 0.000 -0.025 0.239 
0.996 -0.072 0.002 0.046 0.772 0.000 -0.633 0.062 0.950 0.000 -0.173 -0.258 0.991 0.000 0.048 -0.128 0.417 0.000 0.741 -0.527 0.702 -0.000 -0.702 -0.124 0.959 0.000 -0.009 0.284 0.730 0.000 -0.681 -0.049 0.971 -0.000 -0.025 0.239 
0.996 -0.072 0.002 0.046 0.772 -0.000 -0.633 0.062 0.950 0.000 -0.173 -0.258 0.991 -0.000 0.046 -0.128 0.414 0.000 0.748 -0.518 0.702 -0.000 -0.702 -0.124 0.959 0.000 -0.009 0.285 0.730 0.000 -0.681 -0.049 0.971 0.000 -0.025 0.239 
0.996 -0.072 0.002 0.046 0.772 0.000 -0.633 0.062 0.950 0.000 -0.173 -0.258 0.991 0.000 0.044 -0.128 0.410 -0.000 0.754 -0.513 0.702 0.000 -0.702 -0.124 0.959 0.000 -0.009 0.285 0.730 0.000 -0.681 -0.049 0.971 0.000 -0.025 0.239 
0.996 -0.072 0.002 0.045 0.772 -0.000 -0.633 0.063 0.950 0.000 -0.173 -0.258 0.991 0.000 0.042 -0.128 0.407 0.000 0.761 -0.505 0.702 0.000 -0.702 -0.124 0.959 0.000 -0.009 0.285 0.730 0.000 -0.681 -0.049 0.971 0.000 -0.025 0.239 
0.996 -0.072 0.002 0.045 0.772 -0.000 -0.633 0.063 0.950 0.000 -0.174 -0.259 0.991 0.000 0.040 -0.129 0.402 0.000 0.767 -0.499 0.702 0.000 -0.701 -0.125 0.959 0.000 -0.009 0.285 0.730 0.000 -0.681 -0.049 0.971 0.000 -0.025 0.240 
0.996 -0.072 0.002 0.045 0.771 -0.000 -0.633 0.063 0.950 0.000 -0.174 -0.259 0.991 0.000 0.039 -0.128 0.400 0.000 0.773 -0.492 0.702 0.000 -0.701 -0.124 0.959 0.000 -0.010 0.285 0.730 -0.000 -0.681 -0.049 0.971 0.000 -0.025 0.240 
0.996 -0.072 0.002 0.045 0.771 0.000 -0.633 0.063 0.950 0.000 -0.174 -0.259 0.991 0.000 0.039 -0.127 0.396 0.000 0.782 -0.481 0.702 0.000 -0.701 -0.125 0.959 0.000 -0.010 0.285 0.730 -0.000 -0.681 -0.050 0.970 0.000 -0.026 0.240 
0.996 -0.072 0.002 0.045 0.771 -0.000 -0.633 0.063 0.950 -0.000 -0.174 -0.259 0.991 0.000 0.037 -0.127 0.393 0.000 0.787 -0.476 0.702 0.000 -0.702 -0.125 0.959 0.000 -0.010 0.285 0.730 0.000 -0.681 -0.050 0.970 0.000 -0.025 0.240 
0.996 -0.072 0.002 0.045 0.771 0.000 -0.633 0.064 0.950 0.000 -0.174 -0.259 0.991 -0.000 0.036 -0.127 0.389 0.000 0.794 -0.468 0.702 -0.000 -0.702 -0.125 0.959 -0.000 -0.010 0.285 0.730 0.000 -0.681 -0.050 0.970 0.000 -0.025 0.240 
0.996 -0.072 0.002 0.045 0.771 0.000 -0.633 0.064 0.950 -0.000 -0.173 -0.259 0.991 -0.000 0.035 -0.128 0.385 0.000 0.799 -0.461 0.702 0.000 -0.701 -0.125 0.959 0.000 -0.010 0.285 0.730 0.000 -0.681 -0.050 0.970 0.000 -0.025 0.240 
0.996 -0.072 0.002 0.044 0.771 -0.000 -0.633 0.064 0.950 0.000 -0.174 -0.259 0.991 0.000 0.034 -0.128 0.382 0.000 0.805 -0.454 0.702 0.000 -0.702 -0.125 0.959 0.000 -0.010 0.285 0.730 0.000 -0.681 -0.050 0.970 0.000 -0.025 0.240 
0.996 -0.072 0.002 0.044 0.771 0.000 -0.634 0.064 0.950 -0.000 -0.174 -0.259 0.991 0.000 0.033 -0.128 0.378 0.000 0.810 -0.447 0.702 -0.000 -0.701 -0.125 0.959 0.000 -0.010 0.285 0.730 0.000 -0.681 -0.050 0.970 0.000 -0.025 0.240 
0.996 -0.072 0.002 0.043 0.771 0.000 -0.633 0.064 0.950 0.000 -0.174 -0.259 0.992 0.000 0.031 -0.126 0.374 0.000 0.816 -0.441 0.701 0.000 -0.702 -0.125 0.958 -0.000 -0.009 0.285 0.730 -0.000 -0.682 -0.048 0.971 0.000 -0.025 0.239 
0.996 -0.072 0.002 0.043 0.771 -0.000 -0.633 0.065 0.950 0.000 -0.174 -0.259 0.991 0.000 0.031 -0.127 0.372 0.000 0.820 -0.435 0.702 -0.000 -0.702 -0.125 0.959 -0.000 -0.009 0.285 0.730 0.000 -0.682 -0.048 0.971 0.000 -0.024 0.239 
0.996 -0.072 0.002 0.044 0.770 0.000 -0.634 0.066 0.950 0.000 -0.172 -0.261 0.991 0.000 0.030 -0.129 0.369 0.000 0.825 -0.429 0.702 0.000 -0.702 -0.125 0.959 0.000 -0.010 0.285 0.730 0.000 -0.681 -0.049 0.970 0.000 -0.025 0.240 
0.996 -0.072 0.002 0.043 0.771 0.000 -0.634 0.065 0.950 0.000 -0.174 -0.259 0.991 0.000 0.029 -0.128 0.366 -0.000 0.829 -0.423 0.701 0.000 -0.702 -0.125 0.958 0.000 -0.009 0.285 0.730 0.000 -0.682 -0.048 0.971 0.000 -0.024 0.239 
0.996 -0.073 0.002 0.043 0.771 0.000 -0.634 0.065 0.950 0.000 -0.174 -0.259 0.991 0.000 0.028 -0.128 0.363 0.000 0.833 -0.418 0.702 -0.000 -0.702 -0.125 0.958 0.000 -0.009 0.285 0.730 0.000 -0.682 -0.048 0.971 0.000 -0.024 0.239 
0.996 -0.073 0.002 0.043 0.771 0.000 -0.634 0.065 0.950 0.000 -0.174 -0.259 0.991 0.000 0.028 -0.129 0.361 0.000 0.836 -0.413 0.702 0.000 -0.702 -0.125 0.958 0.000 -0.009 0.285 0.730 0.000 -0.682 -0.048 0.971 0.000 -0.024 0.240 
0.996 -0.072 0.002 0.044 0.771 -0.000 -0.634 0.066 0.950 0.000 -0.173 -0.259 0.991 0.000 0.027 -0.129 0.359 0.000 0.839 -0.408 0.701 0.000 -0.702 -0.125 0.958 -0.000 -0.010 0.285 0.730 0.000 -0.681 -0.050 0.970 0.000 -0.025 0.241 
0.996 -0.072 0.002 0.043 0.771 0.000 -0.634 0.066 0.950 0.000 -0.174 -0.259 0.991 0.000 0.027 -0.128 0.357 0.000 0.842 -0.404 0.702 -0.000 -0.702 -0.125 0.958 0.000 -0.009 0.285 0.730 0.000 -0.682 -0.048 0.971 0.000 -0.025 0.240 
0.996 -0.073 0.002 0.043 0.770 0.000 -0.634 0.067 0.950 0.000 -0.173 -0.260 0.991 0.000 0.026 -0.128 0.356 0.000 0.844 -0.400 0.702 0.000 -0.702 -0.125 0.958 0.000 -0.009 0.285 0.730 0.000 -0.682 -0.048 0.971 0.000 -0.024 0.240 
0.996 -0.073 0.002 0.043 0.771 0.000 -0.634 0.066 0.950 0.000 -0.174 -0.259 0.991 0.000 0.026 -0.129 0.355 0.000 0.846 -0.397 0.702 0.000 -0.702 -0.125 0.958 -0.000 -0.009 0.285 0.730 0.000 -0.682 -0.048 0.971 0.000 -0.025 0.240 
0.996 -0.073 0.002 0.043 0.770 0.000 -0.634 0.067 0.950 0.000 -0.173 -0.260 0.991 0.000 0.026 -0.129 0.355 0.000 0.848 -0.393 0.702 0.000 -0.702 -0.125 0.958 -0.000 -0.009 0.285 0.730 0.000 -0.682 -0.048 0.970 0.000 -0.025 0.240 
0.996 -0.073 0.002 0.043 0.770 0.000 -0.634 0.067 0.950 0.000 -0.173 -0.260 0.991 0.000 0.026 -0.130 0.355 0.000 0.849 -0.391 0.702 -0.000 -0.702 -0.125 0.958 0.000 -0.009 0.285 0.730 0.000 -0.682 -0.048 0.970 0.000 -0.025 0.240 
0.996 -0.073 0.002 0.043 0.771 0.000 -0.633 0.067 0.950 0.000 -0.174 -0.258 0.991 0.000 0.026 -0.130 0.355 -0.000 0.850 -0.390 0.702 0.000 -0.701 -0.125 0.958 0.000 -0.009 0.286 0.730 0.000 -0.682 -0.048 0.970 0.000 -0.025 0.240 
0.996 -0.073 0.002 0.043 0.771 0.000 -0.633 0.067 0.950 0.000 -0.174 -0.258 0.991 0.000 0.027 -0.130 0.356 0.000 0.849 -0.389 0.702 0.000 -0.701 -0.125 0.958 0.000 -0.009 0.286 0.730 -0.000 -0.682 -0.048 0.970 0.000 -0.025 0.240 
0.996 -0.073 0.002 0.043 0.771 0.000 -0.633 0.067 0.950 0.000 -0.174 -0.258 0.991 -0.000 0.028 -0.130 0.358 0.000 0.849 -0.389 0.702 -0.000 -0.701 -0.125 0.958 -0.000 -0.009 0.286 0.730 0.000 -0.682 -0.048 0.971 0.000 -0.025 0.240 
0.996 -0.073 0.002 0.043 0.771 0.000 -0.633 0.067 0.950 0.000 -0.174 -0.258 0.991 0.000 0.028 -0.130 0.359 0.000 0.848 -0.389 0.702 0.000 -0.701 -0.125 0.958 -0.000 -0.009 0.286 0.730 0.000 -0.682 -0.048 0.970 0.000 -0.025 0.240 
0.996 -0.073 0.002 0.043 0.771 0.000 -0.633 0.067 0.950 0.000 -0.174 -0.258 0.991 0.000 0.029 -0.130 0.361 0.000 0.847 -0.391 0.702 0.000 -0.701 -0.125 0.958 0.000 -0.009 0.286 0.730 0.000 -0.682 -0.048 0.970 0.000 -0.025 0.240 
0.996 -0.073 0.002 0.043 0.771 0.000 -0.633 0.067 0.950 0.000 -0.174 -0.258 0.991 0.000 0.030 -0.130 0.363 0.000 0.845 -0.393 0.702 0.000 -0.701 -0.125 0.958 0.000 -0.009 0.286 0.730 0.000 -0.682 -0.048 0.970 0.000 -0.025 0.240 
