# T   LUA LFA RUA RFA LT  LS  RT  RS  
-0.529 0.057 0.029 -0.846 0.711 -0.000 -0.701 -0.053 0.948 -0.000 -0.041 -0.315 0.765 0.000 -0.636 0.103 0.953 0.000 0.040 -0.299 0.593 0.000 -0.788 0.165 0.994 0.000 0.085 0.062 0.700 0.000 -0.628 -0.340 0.991 0.000 0.046 0.126 
-0.530 0.058 0.031 -0.845 0.708 0.000 -0.704 -0.057 0.949 0.000 -0.038 -0.314 0.767 0.000 -0.634 0.102 0.954 0.000 0.043 -0.298 0.590 0.000 -0.789 0.171 0.994 0.000 0.087 0.062 0.700 0.000 -0.627 -0.342 0.992 -0.000 0.058 0.112 
-0.532 0.059 0.033 -0.844 0.707 0.000 -0.705 -0.059 0.948 0.000 -0.042 -0.314 0.768 0.000 -0.633 0.101 0.955 0.000 0.044 -0.294 0.589 0.000 -0.789 0.177 0.994 0.000 0.092 0.064 0.700 0.000 -0.627 -0.341 0.993 -0.000 0.067 0.099 
-0.534 0.060 0.034 -0.843 0.705 0.000 -0.707 -0.061 0.949 0.000 -0.042 -0.313 0.768 0.000 -0.632 0.101 0.956 -0.000 0.046 -0.290 0.590 -0.000 -0.786 0.184 0.994 0.000 0.092 0.065 0.702 0.000 -0.626 -0.341 0.994 0.000 0.072 0.088 
-0.537 0.060 0.034 -0.841 0.702 0.000 -0.709 -0.063 0.949 0.000 -0.041 -0.312 0.768 0.000 -0.632 0.102 0.957 -0.000 0.049 -0.287 0.594 0.000 -0.781 0.192 0.994 0.000 0.085 0.066 0.703 0.000 -0.625 -0.340 0.994 0.000 0.073 0.081 
-0.539 0.060 0.033 -0.840 0.701 0.000 -0.711 -0.065 0.950 0.000 -0.038 -0.310 0.768 0.000 -0.632 0.102 0.958 0.000 0.051 -0.283 0.595 0.000 -0.779 0.198 0.994 0.000 0.087 0.068 0.704 0.000 -0.624 -0.340 0.995 0.000 0.070 0.078 
-0.541 0.059 0.032 -0.838 0.701 0.000 -0.710 -0.066 0.950 0.000 -0.040 -0.308 0.767 0.000 -0.633 0.102 0.959 0.000 0.053 -0.278 0.597 0.000 -0.776 0.204 0.993 0.000 0.091 0.070 0.704 0.000 -0.624 -0.341 0.995 0.000 0.067 0.079 
-0.545 0.058 0.031 -0.836 0.700 0.000 -0.711 -0.065 0.951 0.000 -0.041 -0.306 0.766 0.000 -0.634 0.104 0.960 0.000 0.056 -0.274 0.599 0.000 -0.773 0.212 0.993 0.000 0.096 0.073 0.704 0.000 -0.623 -0.341 0.994 0.000 0.064 0.085 
-0.547 0.057 0.029 -0.834 0.701 0.000 -0.711 -0.065 0.952 0.000 -0.039 -0.303 0.765 0.000 -0.636 0.105 0.962 -0.000 0.058 -0.268 0.603 0.000 -0.768 0.218 0.992 0.000 0.098 0.076 0.703 0.000 -0.623 -0.342 0.994 0.000 0.059 0.094 
-0.550 0.056 0.027 -0.833 0.700 0.000 -0.711 -0.064 0.953 0.000 -0.037 -0.300 0.764 0.000 -0.637 0.105 0.963 0.000 0.061 -0.263 0.606 0.000 -0.763 0.225 0.992 0.000 0.099 0.080 0.703 0.000 -0.623 -0.343 0.993 0.000 0.052 0.105 
-0.551 0.055 0.025 -0.832 0.701 -0.000 -0.711 -0.063 0.954 0.000 -0.035 -0.296 0.762 0.000 -0.639 0.106 0.964 0.000 0.063 -0.259 0.609 0.000 -0.759 0.230 0.991 0.000 0.102 0.084 0.701 -0.000 -0.623 -0.346 0.992 0.000 0.044 0.117 
-0.553 0.054 0.023 -0.831 0.700 0.000 -0.711 -0.061 0.956 0.000 -0.034 -0.292 0.761 0.000 -0.639 0.108 0.965 0.000 0.065 -0.255 0.613 0.000 -0.754 0.237 0.991 0.000 0.104 0.087 0.701 0.000 -0.624 -0.346 0.991 -0.000 0.037 0.127 
-0.554 0.054 0.022 -0.830 0.701 0.000 -0.711 -0.058 0.957 0.000 -0.034 -0.290 0.761 0.000 -0.640 0.108 0.966 0.000 0.066 -0.251 0.616 0.000 -0.749 0.243 0.990 0.000 0.106 0.091 0.700 0.000 -0.624 -0.347 0.990 0.000 0.029 0.138 
-0.556 0.054 0.020 -0.829 0.700 0.000 -0.712 -0.054 0.958 0.000 -0.034 -0.286 0.760 0.000 -0.640 0.110 0.967 0.000 0.068 -0.247 0.619 0.000 -0.745 0.250 0.990 0.000 0.109 0.094 0.700 0.000 -0.625 -0.346 0.989 0.000 0.021 0.147 
-0.557 0.055 0.018 -0.829 0.700 0.000 -0.712 -0.051 0.959 0.000 -0.034 -0.283 0.760 0.000 -0.641 0.111 0.967 0.000 0.068 -0.244 0.622 0.000 -0.740 0.257 0.989 0.000 0.111 0.098 0.699 -0.000 -0.627 -0.345 0.988 0.000 0.015 0.155 
-0.559 0.055 0.016 -0.827 0.700 0.000 -0.713 -0.046 0.959 0.000 -0.033 -0.280 0.759 0.000 -0.642 0.113 0.968 -0.000 0.069 -0.242 0.626 0.000 -0.734 0.263 0.988 0.000 0.114 0.103 0.698 0.000 -0.630 -0.340 0.986 0.000 0.011 0.163 
-0.560 0.057 0.014 -0.827 0.698 0.000 -0.715 -0.042 0.960 0.000 -0.030 -0.277 0.759 0.000 -0.641 0.116 0.968 0.000 0.070 -0.240 0.626 -0.000 -0.731 0.270 0.987 0.000 0.119 0.107 0.697 0.000 -0.632 -0.337 0.985 0.000 0.007 0.173 
-0.560 0.057 0.012 -0.826 0.699 0.000 -0.715 -0.037 0.961 0.000 -0.028 -0.274 0.758 0.000 -0.642 0.118 0.969 0.000 0.070 -0.239 0.630 0.000 -0.726 0.275 0.986 0.000 0.122 0.113 0.695 0.000 -0.637 -0.334 0.983 -0.000 0.002 0.182 
-0.560 0.056 0.008 -0.826 0.700 0.000 -0.713 -0.030 0.962 0.000 -0.029 -0.271 0.756 0.000 -0.643 0.120 0.969 0.000 0.069 -0.237 0.635 -0.000 -0.720 0.279 0.985 0.000 0.125 0.119 0.693 0.000 -0.641 -0.329 0.982 0.000 -0.003 0.188 
-0.559 0.054 0.004 -0.827 0.703 0.000 -0.711 -0.024 0.963 -0.000 -0.030 -0.268 0.754 0.000 -0.645 0.123 0.969 0.000 0.068 -0.236 0.640 -0.000 -0.715 0.282 0.984 0.000 0.126 0.127 0.691 0.000 -0.646 -0.325 0.981 0.000 -0.010 0.195 
-0.558 0.052 0.000 -0.828 0.706 0.000 -0.708 -0.018 0.964 0.000 -0.030 -0.265 0.752 -0.000 -0.647 0.124 0.970 -0.000 0.066 -0.235 0.644 0.000 -0.710 0.283 0.982 -0.000 0.129 0.136 0.688 0.000 -0.651 -0.321 0.979 0.000 -0.018 0.201 
-0.556 0.050 -0.004 -0.830 0.708 0.000 -0.706 -0.011 0.965 0.000 -0.029 -0.261 0.750 -0.000 -0.650 0.126 0.970 0.000 0.065 -0.234 0.649 0.000 -0.706 0.283 0.980 0.000 0.131 0.147 0.681 0.000 -0.662 -0.313 0.979 0.000 -0.012 0.206 
-0.554 0.048 -0.008 -0.831 0.711 0.000 -0.704 -0.004 0.966 0.000 -0.030 -0.258 0.748 0.000 -0.652 0.128 0.970 0.000 0.064 -0.233 0.650 0.000 -0.706 0.281 0.977 0.000 0.143 0.159 0.678 0.000 -0.667 -0.308 0.977 -0.000 -0.020 0.211 
-0.552 0.045 -0.011 -0.833 0.713 0.000 -0.701 0.002 0.967 0.000 -0.029 -0.254 0.746 0.000 -0.654 0.129 0.971 0.000 0.062 -0.233 0.652 0.000 -0.706 0.276 0.973 0.000 0.149 0.176 0.678 0.000 -0.669 -0.305 0.976 0.000 -0.032 0.217 
-0.550 0.044 -0.014 -0.834 0.715 0.000 -0.699 0.009 0.968 -0.000 -0.029 -0.251 0.744 0.000 -0.655 0.130 0.971 -0.000 0.061 -0.233 0.654 0.000 -0.708 0.266 0.968 0.000 0.155 0.198 0.679 0.000 -0.669 -0.303 0.974 0.000 -0.048 0.223 
-0.547 0.043 -0.017 -0.836 0.717 0.000 -0.697 0.016 0.968 -0.000 -0.028 -0.248 0.743 0.000 -0.656 0.131 0.971 0.000 0.059 -0.233 0.656 0.000 -0.711 0.253 0.962 -0.000 0.159 0.224 0.677 0.000 -0.674 -0.297 0.973 -0.000 -0.052 0.227 
-0.545 0.042 -0.019 -0.837 0.718 0.000 -0.696 0.022 0.969 0.000 -0.027 -0.245 0.742 0.000 -0.657 0.131 0.971 -0.000 0.059 -0.234 0.658 0.000 -0.715 0.236 0.954 -0.000 0.159 0.253 0.674 0.000 -0.680 -0.290 0.972 0.000 -0.051 0.230 
-0.542 0.041 -0.020 -0.839 0.718 0.000 -0.695 0.027 0.970 0.000 -0.025 -0.242 0.742 0.000 -0.657 0.130 0.970 0.000 0.058 -0.235 0.662 0.000 -0.718 0.217 0.946 0.000 0.155 0.285 0.671 0.000 -0.685 -0.282 0.972 0.000 -0.049 0.231 
-0.540 0.040 -0.021 -0.840 0.719 0.000 -0.695 0.032 0.971 -0.000 -0.023 -0.240 0.742 0.000 -0.658 0.130 0.970 0.000 0.057 -0.236 0.666 -0.000 -0.720 0.196 0.937 0.000 0.147 0.318 0.667 0.000 -0.694 -0.270 0.973 -0.000 -0.040 0.229 
-0.538 0.039 -0.022 -0.842 0.720 -0.000 -0.693 0.038 0.971 0.000 -0.024 -0.238 0.742 0.000 -0.658 0.130 0.970 0.000 0.056 -0.238 0.670 0.000 -0.722 0.173 0.926 0.000 0.137 0.351 0.665 0.000 -0.700 -0.260 0.973 0.000 -0.037 0.228 
-0.536 0.038 -0.023 -0.843 0.719 -0.000 -0.693 0.041 0.972 0.000 -0.022 -0.235 0.742 0.000 -0.658 0.129 0.969 0.000 0.055 -0.241 0.674 -0.000 -0.723 0.150 0.917 0.000 0.124 0.380 0.662 0.000 -0.707 -0.249 0.974 0.000 -0.030 0.226 
-0.535 0.038 -0.023 -0.844 0.719 0.000 -0.693 0.045 0.972 0.000 -0.021 -0.234 0.742 0.000 -0.658 0.128 0.969 0.000 0.053 -0.243 0.675 0.000 -0.727 0.127 0.906 0.000 0.114 0.409 0.661 0.000 -0.712 -0.238 0.974 0.000 -0.027 0.224 
-0.533 0.037 -0.023 -0.845 0.719 0.000 -0.693 0.047 0.973 0.000 -0.024 -0.229 0.743 0.000 -0.657 0.127 0.968 0.000 0.051 -0.245 0.676 0.000 -0.730 0.104 0.895 -0.000 0.102 0.435 0.658 0.000 -0.718 -0.227 0.975 0.000 -0.020 0.221 
-0.533 0.037 -0.023 -0.845 0.719 0.000 -0.693 0.049 0.974 0.000 -0.024 -0.227 0.744 0.000 -0.657 0.127 0.968 0.000 0.050 -0.248 0.676 0.000 -0.732 0.080 0.884 -0.000 0.088 0.460 0.657 0.000 -0.723 -0.216 0.976 0.000 -0.016 0.218 
-0.531 0.036 -0.023 -0.846 0.719 0.000 -0.693 0.051 0.974 -0.000 -0.022 -0.224 0.744 0.000 -0.656 0.125 0.967 0.000 0.047 -0.251 0.676 0.000 -0.735 0.055 0.872 0.000 0.073 0.484 0.654 -0.000 -0.728 -0.207 0.976 0.000 -0.009 0.216 
-0.531 0.036 -0.023 -0.847 0.719 -0.000 -0.693 0.052 0.975 0.000 -0.020 -0.222 0.745 0.000 -0.655 0.125 0.966 0.000 0.045 -0.254 0.676 0.000 -0.736 0.030 0.861 -0.000 0.054 0.505 0.652 -0.000 -0.733 -0.196 0.977 0.000 -0.002 0.214 
-0.530 0.035 -0.023 -0.847 0.719 0.000 -0.694 0.052 0.975 0.000 -0.020 -0.220 0.746 0.000 -0.654 0.124 0.965 0.000 0.043 -0.257 0.675 0.000 -0.738 0.005 0.851 0.000 0.034 0.525 0.650 0.000 -0.737 -0.186 0.978 0.000 0.003 0.210 
-0.529 0.035 -0.022 -0.848 0.718 0.000 -0.694 0.053 0.976 0.000 -0.019 -0.219 0.748 -0.000 -0.652 0.123 0.965 -0.000 0.039 -0.259 0.674 0.000 -0.738 -0.019 0.841 0.000 0.014 0.540 0.649 0.000 -0.740 -0.176 0.978 0.000 0.008 0.209 
-0.528 0.036 -0.022 -0.848 0.717 0.000 -0.695 0.053 0.976 0.000 -0.018 -0.218 0.750 0.000 -0.650 0.122 0.964 0.000 0.036 -0.262 0.672 0.000 -0.739 -0.043 0.833 0.000 -0.006 0.553 0.648 -0.000 -0.744 -0.165 0.979 0.000 0.014 0.205 
-0.527 0.036 -0.021 -0.849 0.716 0.000 -0.696 0.054 0.976 -0.000 -0.017 -0.218 0.752 0.000 -0.648 0.121 0.964 -0.000 0.032 -0.265 0.671 -0.000 -0.739 -0.067 0.826 0.000 -0.028 0.563 0.648 -0.000 -0.745 -0.155 0.979 0.000 0.018 0.203 
-0.525 0.038 -0.019 -0.850 0.714 0.000 -0.698 0.055 0.976 0.000 -0.015 -0.218 0.754 0.000 -0.645 0.120 0.963 0.000 0.028 -0.268 0.668 0.000 -0.739 -0.091 0.820 0.000 -0.051 0.570 0.648 0.000 -0.748 -0.145 0.979 0.000 0.024 0.201 
-0.523 0.040 -0.018 -0.851 0.713 0.000 -0.699 0.056 0.976 0.000 -0.014 -0.218 0.758 0.000 -0.642 0.118 0.962 -0.000 0.022 -0.271 0.666 -0.000 -0.737 -0.114 0.815 -0.000 -0.075 0.575 0.648 0.000 -0.749 -0.136 0.980 0.000 0.029 0.199 
-0.520 0.042 -0.016 -0.853 0.711 0.000 -0.701 0.058 0.976 0.000 -0.013 -0.219 0.761 0.000 -0.638 0.117 0.962 0.000 0.017 -0.273 0.663 0.000 -0.736 -0.136 0.811 0.000 -0.099 0.576 0.649 0.000 -0.751 -0.126 0.980 0.000 0.035 0.196 
-0.517 0.045 -0.014 -0.855 0.708 0.000 -0.704 0.059 0.975 0.000 -0.012 -0.220 0.764 0.000 -0.634 0.115 0.961 0.000 0.012 -0.275 0.660 0.000 -0.735 -0.158 0.808 0.000 -0.122 0.576 0.650 0.000 -0.751 -0.115 0.980 0.000 0.041 0.193 
-0.514 0.047 -0.013 -0.856 0.706 0.000 -0.706 0.061 0.975 -0.000 -0.010 -0.221 0.767 0.000 -0.631 0.114 0.961 0.000 0.008 -0.278 0.657 0.000 -0.732 -0.179 0.807 0.000 -0.143 0.573 0.651 0.000 -0.752 -0.104 0.981 0.000 0.047 0.188 
-0.510 0.049 -0.011 -0.858 0.703 0.000 -0.708 0.062 0.975 0.000 -0.007 -0.223 0.771 0.000 -0.627 0.112 0.960 -0.000 0.002 -0.280 0.655 0.000 -0.729 -0.199 0.807 0.000 -0.165 0.567 0.652 0.000 -0.752 -0.095 0.981 -0.000 0.051 0.186 
-0.507 0.052 -0.009 -0.861 0.701 0.000 -0.710 0.064 0.974 0.000 -0.005 -0.224 0.773 0.000 -0.625 0.110 0.960 0.000 -0.002 -0.282 0.652 0.000 -0.726 -0.218 0.808 0.000 -0.184 0.560 0.654 0.000 -0.752 -0.084 0.982 0.000 0.056 0.181 
-0.503 0.055 -0.008 -0.862 0.699 0.000 -0.712 0.066 0.974 0.000 -0.004 -0.226 0.776 -0.000 -0.621 0.108 0.959 0.000 -0.007 -0.283 0.650 0.000 -0.723 -0.234 0.810 -0.000 -0.199 0.551 0.656 0.000 -0.751 -0.071 0.983 0.000 0.060 0.176 
-0.500 0.057 -0.006 -0.864 0.697 -0.000 -0.714 0.067 0.974 0.000 -0.002 -0.226 0.779 -0.000 -0.618 0.106 0.959 0.000 -0.012 -0.284 0.647 0.000 -0.719 -0.252 0.813 0.000 -0.216 0.541 0.659 0.000 -0.750 -0.061 0.983 0.000 0.062 0.172 
-0.495 0.059 -0.005 -0.867 0.695 0.000 -0.716 0.069 0.974 -0.000 0.001 -0.228 0.782 0.000 -0.615 0.104 0.958 0.000 -0.018 -0.286 0.646 0.000 -0.715 -0.268 0.817 0.000 -0.231 0.528 0.661 0.000 -0.749 -0.051 0.984 0.000 0.065 0.168 
-0.491 0.061 -0.003 -0.869 0.693 0.000 -0.717 0.070 0.973 0.000 0.004 -0.230 0.784 0.000 -0.612 0.101 0.958 0.000 -0.022 -0.286 0.644 0.000 -0.710 -0.283 0.822 -0.000 -0.243 0.515 0.663 -0.000 -0.748 -0.042 0.984 -0.000 0.068 0.164 
-0.486 0.063 -0.002 -0.872 0.691 0.000 -0.719 0.073 0.972 0.000 0.007 -0.233 0.787 0.000 -0.610 0.098 0.958 0.000 -0.029 -0.286 0.644 -0.000 -0.705 -0.297 0.828 -0.000 -0.254 0.501 0.665 0.000 -0.746 -0.034 0.984 0.000 0.070 0.161 
-0.482 0.065 -0.000 -0.874 0.689 0.000 -0.721 0.075 0.972 0.000 0.010 -0.235 0.789 0.000 -0.606 0.095 0.958 0.000 -0.033 -0.286 0.641 0.000 -0.702 -0.311 0.834 0.000 -0.258 0.488 0.667 0.000 -0.745 -0.023 0.985 0.000 0.072 0.156 
-0.478 0.067 0.001 -0.876 0.688 -0.000 -0.722 0.077 0.971 0.000 0.013 -0.238 0.792 0.000 -0.604 0.092 0.958 0.000 -0.039 -0.286 0.640 -0.000 -0.697 -0.323 0.841 0.000 -0.264 0.473 0.669 0.000 -0.743 -0.014 0.986 0.000 0.074 0.152 
-0.474 0.068 0.002 -0.878 0.686 -0.000 -0.723 0.079 0.970 0.000 0.017 -0.242 0.794 -0.000 -0.602 0.088 0.957 -0.000 -0.044 -0.285 0.640 0.000 -0.692 -0.335 0.848 0.000 -0.268 0.457 0.671 0.000 -0.742 -0.006 0.986 0.000 0.076 0.150 
-0.470 0.070 0.003 -0.880 0.685 0.000 -0.724 0.082 0.969 0.000 0.023 -0.246 0.796 -0.000 -0.599 0.084 0.958 0.000 -0.048 -0.284 0.639 0.000 -0.688 -0.346 0.856 -0.000 -0.270 0.441 0.672 -0.000 -0.740 0.002 0.986 0.000 0.079 0.147 
-0.465 0.070 0.005 -0.882 0.684 0.000 -0.725 0.083 0.968 0.000 0.025 -0.249 0.798 0.000 -0.598 0.079 0.958 0.000 -0.057 -0.280 0.639 0.000 -0.681 -0.357 0.864 0.000 -0.270 0.425 0.673 -0.000 -0.740 0.006 0.986 0.000 0.082 0.146 
-0.463 0.072 0.007 -0.884 0.682 0.000 -0.726 0.085 0.968 0.000 0.027 -0.251 0.800 0.000 -0.596 0.075 0.958 -0.000 -0.060 -0.279 0.638 0.000 -0.678 -0.364 0.875 0.000 -0.266 0.405 0.674 0.000 -0.738 0.014 0.986 0.000 0.085 0.142 
-0.460 0.072 0.008 -0.885 0.681 0.000 -0.727 0.087 0.967 0.000 0.030 -0.255 0.801 0.000 -0.595 0.069 0.959 0.000 -0.064 -0.278 0.638 0.000 -0.672 -0.377 0.882 0.000 -0.263 0.391 0.676 0.000 -0.737 0.021 0.987 0.000 0.085 0.139 
-0.457 0.072 0.010 -0.886 0.680 0.000 -0.727 0.089 0.966 0.000 0.032 -0.258 0.802 0.000 -0.594 0.064 0.959 0.000 -0.067 -0.276 0.638 -0.000 -0.668 -0.383 0.892 0.000 -0.254 0.373 0.676 0.000 -0.736 0.026 0.987 0.000 0.087 0.137 
-0.460 0.071 0.014 -0.885 0.680 0.000 -0.728 0.087 0.965 0.000 0.033 -0.261 0.803 0.000 -0.593 0.057 0.959 0.000 -0.067 -0.275 0.640 -0.000 -0.657 -0.399 0.899 0.000 -0.253 0.357 0.676 -0.000 -0.736 0.026 0.987 0.000 0.088 0.137 
-0.447 0.073 0.011 -0.891 0.678 0.000 -0.728 0.096 0.964 0.000 0.039 -0.262 0.804 0.000 -0.592 0.054 0.959 -0.000 -0.077 -0.272 0.638 0.000 -0.666 -0.385 0.913 0.000 -0.225 0.339 0.678 0.000 -0.734 0.042 0.987 0.000 0.094 0.131 
-0.445 0.073 0.012 -0.893 0.678 0.000 -0.728 0.098 0.963 0.000 0.041 -0.265 0.805 0.000 -0.591 0.049 0.959 0.000 -0.081 -0.270 0.638 0.000 -0.665 -0.388 0.923 0.000 -0.208 0.324 0.678 -0.000 -0.733 0.049 0.987 0.000 0.096 0.128 
-0.442 0.072 0.013 -0.894 0.678 0.000 -0.728 0.101 0.962 0.000 0.044 -0.269 0.805 0.000 -0.592 0.042 0.960 0.000 -0.082 -0.268 0.639 0.000 -0.663 -0.391 0.932 0.000 -0.189 0.310 0.678 0.000 -0.733 0.055 0.987 0.000 0.097 0.125 
-0.440 0.070 0.013 -0.895 0.679 0.000 -0.727 0.103 0.962 0.000 0.046 -0.270 0.804 0.000 -0.594 0.037 0.961 0.000 -0.085 -0.264 0.638 0.000 -0.662 -0.392 0.941 0.000 -0.168 0.294 0.679 0.000 -0.732 0.062 0.988 0.000 0.098 0.122 
-0.437 0.069 0.014 -0.897 0.679 0.000 -0.727 0.105 0.961 0.000 0.049 -0.272 0.803 -0.000 -0.595 0.032 0.961 0.000 -0.086 -0.263 0.638 0.000 -0.662 -0.392 0.950 -0.000 -0.147 0.275 0.679 0.000 -0.731 0.068 0.988 0.000 0.099 0.120 
-0.434 0.067 0.014 -0.898 0.680 0.000 -0.725 0.107 0.960 0.000 0.052 -0.274 0.802 0.000 -0.597 0.026 0.961 0.000 -0.087 -0.262 0.639 0.000 -0.663 -0.390 0.958 0.000 -0.123 0.259 0.678 -0.000 -0.731 0.076 0.988 -0.000 0.101 0.117 
-0.430 0.065 0.014 -0.900 0.681 0.000 -0.724 0.109 0.960 -0.000 0.056 -0.274 0.800 0.000 -0.599 0.020 0.961 0.000 -0.090 -0.260 0.639 0.000 -0.665 -0.387 0.966 0.000 -0.096 0.242 0.677 0.000 -0.731 0.082 0.988 0.000 0.102 0.114 
-0.428 0.063 0.014 -0.902 0.682 0.000 -0.723 0.111 0.959 -0.000 0.060 -0.276 0.799 0.000 -0.601 0.015 0.962 0.000 -0.093 -0.258 0.639 0.000 -0.667 -0.383 0.972 0.000 -0.069 0.224 0.677 0.000 -0.731 0.089 0.988 0.000 0.104 0.111 
-0.425 0.061 0.014 -0.903 0.683 0.000 -0.722 0.113 0.959 0.000 0.063 -0.277 0.797 0.000 -0.604 0.010 0.962 -0.000 -0.093 -0.258 0.640 0.000 -0.670 -0.377 0.978 0.000 -0.044 0.205 0.676 -0.000 -0.731 0.098 0.989 0.000 0.106 0.108 
-0.421 0.059 0.013 -0.905 0.684 0.000 -0.720 0.115 0.961 0.000 0.066 -0.270 0.795 0.000 -0.606 0.005 0.962 0.000 -0.095 -0.258 0.640 0.000 -0.672 -0.373 0.982 -0.000 -0.021 0.189 0.676 0.000 -0.729 0.105 0.989 0.000 0.106 0.106 
-0.418 0.056 0.013 -0.907 0.685 0.000 -0.719 0.117 0.958 0.000 0.071 -0.277 0.793 0.000 -0.609 0.002 0.961 0.000 -0.095 -0.259 0.641 -0.000 -0.673 -0.370 0.985 0.000 -0.000 0.173 0.675 0.000 -0.729 0.112 0.989 0.000 0.107 0.104 
-0.419 0.054 0.015 -0.906 0.686 0.000 -0.719 0.116 0.959 -0.000 0.073 -0.275 0.792 0.000 -0.611 -0.004 0.961 -0.000 -0.093 -0.259 0.644 -0.000 -0.668 -0.373 0.987 0.000 0.011 0.159 0.675 0.000 -0.729 0.115 0.989 0.000 0.108 0.104 
-0.414 0.053 0.014 -0.909 0.686 0.000 -0.718 0.117 0.959 0.000 0.078 -0.274 0.790 0.000 -0.613 -0.007 0.961 0.000 -0.095 -0.260 0.646 0.000 -0.668 -0.369 0.989 0.000 0.024 0.144 0.675 -0.000 -0.728 0.122 0.989 0.000 0.110 0.102 
-0.409 0.051 0.013 -0.911 0.687 0.000 -0.717 0.119 0.960 0.000 0.082 -0.266 0.788 -0.000 -0.616 -0.010 0.961 0.000 -0.097 -0.260 0.649 0.000 -0.667 -0.365 0.991 0.000 0.035 0.131 0.675 0.000 -0.726 0.128 0.989 0.000 0.111 0.101 
-0.404 0.049 0.013 -0.913 0.688 0.000 -0.716 0.120 0.961 -0.000 0.086 -0.263 0.786 0.000 -0.618 -0.013 0.960 0.000 -0.097 -0.261 0.652 0.000 -0.667 -0.361 0.992 0.000 0.041 0.120 0.676 0.000 -0.724 0.136 0.989 0.000 0.111 0.100 
-0.400 0.048 0.012 -0.915 0.689 0.000 -0.715 0.121 0.961 0.000 0.090 -0.260 0.784 -0.000 -0.621 -0.015 0.960 0.000 -0.097 -0.262 0.655 0.000 -0.665 -0.358 0.993 0.000 0.045 0.112 0.678 0.000 -0.721 0.143 0.989 0.000 0.111 0.099 
-0.395 0.048 0.011 -0.918 0.690 0.000 -0.714 0.122 0.962 0.000 0.093 -0.256 0.782 -0.000 -0.623 -0.018 0.960 -0.000 -0.098 -0.262 0.658 0.000 -0.664 -0.356 0.993 0.000 0.046 0.108 0.680 0.000 -0.718 0.149 0.989 0.000 0.112 0.099 
-0.390 0.047 0.011 -0.920 0.689 -0.000 -0.714 0.124 0.962 0.000 0.097 -0.255 0.780 0.000 -0.625 -0.020 0.960 0.000 -0.099 -0.262 0.660 0.000 -0.662 -0.356 0.993 0.000 0.045 0.107 0.682 0.000 -0.714 0.156 0.989 0.000 0.111 0.099 
-0.386 0.047 0.011 -0.921 0.689 0.000 -0.714 0.125 0.963 0.000 0.099 -0.250 0.779 0.000 -0.627 -0.021 0.960 0.000 -0.099 -0.263 0.661 0.000 -0.660 -0.358 0.993 0.000 0.042 0.111 0.685 0.000 -0.710 0.162 0.989 0.000 0.111 0.099 
-0.380 0.048 0.010 -0.924 0.689 0.000 -0.714 0.125 0.965 0.000 0.103 -0.243 0.778 0.000 -0.628 -0.021 0.959 -0.000 -0.100 -0.264 0.662 0.000 -0.660 -0.357 0.993 0.000 0.039 0.116 0.688 0.000 -0.706 0.168 0.989 0.000 0.113 0.099 
-0.375 0.049 0.010 -0.926 0.689 0.000 -0.714 0.126 0.966 0.000 0.105 -0.237 0.777 0.000 -0.629 -0.021 0.959 0.000 -0.100 -0.265 0.662 -0.000 -0.659 -0.357 0.992 0.000 0.035 0.123 0.692 0.000 -0.701 0.173 0.989 -0.000 0.112 0.101 
-0.372 0.049 0.010 -0.927 0.688 0.000 -0.714 0.126 0.967 0.000 0.107 -0.231 0.777 0.000 -0.630 -0.020 0.958 0.000 -0.101 -0.267 0.662 0.000 -0.658 -0.359 0.991 0.000 0.027 0.131 0.695 0.000 -0.696 0.179 0.988 0.000 0.112 0.101 
-0.367 0.051 0.009 -0.929 0.688 0.000 -0.715 0.127 0.968 0.000 0.108 -0.226 0.776 0.000 -0.631 -0.019 0.958 0.000 -0.101 -0.269 0.660 0.000 -0.660 -0.359 0.990 0.000 0.023 0.140 0.699 -0.000 -0.691 0.185 0.988 0.000 0.114 0.104 
-0.364 0.052 0.009 -0.930 0.687 0.000 -0.715 0.128 0.969 0.000 0.112 -0.219 0.774 -0.000 -0.633 -0.015 0.957 0.000 -0.097 -0.273 0.660 0.000 -0.660 -0.359 0.989 0.000 0.017 0.148 0.703 -0.000 -0.686 0.191 0.988 0.000 0.114 0.105 
-0.360 0.053 0.008 -0.931 0.686 0.000 -0.715 0.130 0.970 0.000 0.113 -0.215 0.774 0.000 -0.634 -0.012 0.956 0.000 -0.098 -0.275 0.658 0.000 -0.663 -0.357 0.988 -0.000 0.013 0.155 0.706 0.000 -0.681 0.196 0.987 0.000 0.117 0.107 
-0.357 0.054 0.008 -0.932 0.686 0.000 -0.715 0.132 0.971 0.000 0.113 -0.211 0.774 0.000 -0.633 -0.010 0.956 0.000 -0.099 -0.277 0.657 0.000 -0.665 -0.356 0.987 0.000 0.009 0.163 0.709 -0.000 -0.676 0.202 0.987 0.000 0.119 0.109 
-0.355 0.056 0.007 -0.933 0.685 0.000 -0.716 0.135 0.972 0.000 0.112 -0.207 0.774 0.000 -0.633 -0.007 0.955 0.000 -0.100 -0.278 0.655 0.000 -0.668 -0.354 0.986 0.000 0.006 0.169 0.713 0.000 -0.670 0.207 0.986 0.000 0.121 0.112 
-0.352 0.058 0.006 -0.934 0.684 -0.000 -0.716 0.138 0.972 -0.000 0.113 -0.205 0.774 -0.000 -0.633 -0.004 0.955 0.000 -0.099 -0.279 0.652 -0.000 -0.673 -0.350 0.985 0.000 0.003 0.175 0.716 0.000 -0.665 0.212 0.985 0.000 0.125 0.115 
-0.348 0.060 0.005 -0.936 0.683 0.000 -0.717 0.142 0.973 0.000 0.111 -0.202 0.775 0.000 -0.632 -0.000 0.955 0.000 -0.100 -0.278 0.648 0.000 -0.680 -0.344 0.984 0.000 0.002 0.180 0.720 -0.000 -0.659 0.218 0.985 0.000 0.130 0.117 
-0.347 0.063 0.005 -0.936 0.681 0.000 -0.718 0.145 0.974 0.000 0.109 -0.200 0.775 -0.000 -0.632 0.003 0.955 0.000 -0.097 -0.281 0.645 0.000 -0.683 -0.343 0.983 0.000 -0.005 0.186 0.723 0.000 -0.654 0.223 0.984 0.000 0.133 0.120 
-0.347 0.066 0.005 -0.935 0.680 -0.000 -0.718 0.147 0.975 0.000 0.108 -0.197 0.776 0.000 -0.631 0.006 0.955 0.000 -0.095 -0.281 0.644 0.000 -0.685 -0.341 0.981 0.000 -0.014 0.192 0.725 0.000 -0.649 0.228 0.983 0.000 0.138 0.124 
-0.348 0.070 0.005 -0.935 0.678 0.000 -0.719 0.150 0.975 0.000 0.104 -0.195 0.778 -0.000 -0.629 0.010 0.955 0.000 -0.092 -0.281 0.640 0.000 -0.690 -0.336 0.980 0.000 -0.021 0.196 0.730 0.000 -0.643 0.232 0.982 0.000 0.140 0.130 
-0.349 0.075 0.005 -0.934 0.676 0.000 -0.721 0.152 0.976 0.000 0.101 -0.193 0.780 0.000 -0.626 0.014 0.955 0.000 -0.088 -0.283 0.636 0.000 -0.696 -0.333 0.979 -0.000 -0.028 0.201 0.734 -0.000 -0.638 0.233 0.980 -0.000 0.146 0.139 
-0.351 0.079 0.005 -0.933 0.674 0.000 -0.722 0.154 0.976 -0.000 0.098 -0.193 0.781 0.000 -0.624 0.019 0.956 0.000 -0.084 -0.282 0.633 0.000 -0.701 -0.328 0.979 0.000 -0.037 0.202 0.735 0.000 -0.636 0.235 0.977 0.000 0.154 0.148 
-0.353 0.084 0.005 -0.932 0.672 0.000 -0.724 0.156 0.977 0.000 0.095 -0.192 0.783 0.000 -0.622 0.023 0.956 0.000 -0.081 -0.282 0.630 0.000 -0.706 -0.324 0.978 -0.000 -0.045 0.205 0.737 0.000 -0.635 0.232 0.973 -0.000 0.163 0.162 
-0.355 0.088 0.006 -0.931 0.671 0.000 -0.725 0.158 0.977 0.000 0.092 -0.193 0.784 0.000 -0.620 0.028 0.956 -0.000 -0.078 -0.282 0.627 0.000 -0.710 -0.319 0.977 0.000 -0.053 0.207 0.738 0.000 -0.635 0.228 0.969 0.000 0.172 0.178 
-0.358 0.091 0.006 -0.929 0.669 0.000 -0.726 0.159 0.977 0.000 0.091 -0.194 0.785 0.000 -0.618 0.033 0.957 0.000 -0.075 -0.281 0.625 0.000 -0.715 -0.315 0.976 0.000 -0.062 0.209 0.739 -0.000 -0.636 0.220 0.963 -0.000 0.178 0.200 
-0.360 0.094 0.006 -0.928 0.667 0.000 -0.727 0.161 0.976 0.000 0.090 -0.198 0.787 -0.000 -0.616 0.039 0.957 0.000 -0.072 -0.281 0.623 0.000 -0.719 -0.309 0.975 0.000 -0.070 0.210 0.742 0.000 -0.637 0.208 0.957 0.000 0.182 0.226 
-0.363 0.097 0.006 -0.927 0.666 0.000 -0.728 0.162 0.976 0.000 0.089 -0.199 0.788 0.000 -0.614 0.044 0.957 0.000 -0.070 -0.281 0.621 0.000 -0.723 -0.302 0.975 0.000 -0.077 0.210 0.746 0.000 -0.637 0.195 0.950 0.000 0.183 0.255 
-0.364 0.100 0.007 -0.926 0.665 0.000 -0.729 0.163 0.975 -0.000 0.089 -0.202 0.788 0.000 -0.613 0.050 0.957 -0.000 -0.068 -0.282 0.618 0.000 -0.730 -0.292 0.975 0.000 -0.077 0.209 0.748 0.000 -0.639 0.178 0.940 0.000 0.184 0.286 
-0.366 0.102 0.007 -0.925 0.664 0.000 -0.730 0.164 0.975 0.000 0.088 -0.206 0.789 0.000 -0.612 0.055 0.957 0.000 -0.066 -0.282 0.613 -0.000 -0.738 -0.281 0.975 0.000 -0.072 0.209 0.750 0.000 -0.642 0.161 0.930 0.000 0.186 0.317 
-0.368 0.104 0.008 -0.924 0.664 0.000 -0.730 0.163 0.974 0.000 0.087 -0.209 0.790 0.000 -0.611 0.059 0.957 0.000 -0.063 -0.282 0.609 0.000 -0.745 -0.273 0.975 -0.000 -0.068 0.210 0.750 0.000 -0.646 0.141 0.918 0.000 0.185 0.350 
-0.370 0.104 0.008 -0.923 0.664 0.000 -0.730 0.162 0.973 0.000 0.088 -0.213 0.789 -0.000 -0.611 0.064 0.957 0.000 -0.062 -0.282 0.604 0.000 -0.751 -0.265 0.975 0.000 -0.061 0.212 0.750 0.000 -0.651 0.121 0.906 0.000 0.183 0.382 
-0.372 0.105 0.009 -0.922 0.664 0.000 -0.730 0.161 0.972 0.000 0.087 -0.216 0.789 0.000 -0.610 0.066 0.958 0.000 -0.059 -0.281 0.599 0.000 -0.758 -0.257 0.976 0.000 -0.054 0.213 0.750 0.000 -0.654 0.099 0.894 0.000 0.176 0.412 
-0.374 0.105 0.010 -0.922 0.665 0.000 -0.730 0.160 0.972 0.000 0.086 -0.220 0.790 0.000 -0.610 0.070 0.958 0.000 -0.058 -0.281 0.595 0.000 -0.764 -0.248 0.976 0.000 -0.046 0.213 0.751 0.000 -0.656 0.076 0.882 0.000 0.167 0.441 
-0.375 0.106 0.011 -0.921 0.665 0.000 -0.730 0.158 0.971 0.000 0.086 -0.222 0.790 0.000 -0.609 0.072 0.959 0.000 -0.057 -0.279 0.591 0.000 -0.771 -0.238 0.976 0.000 -0.040 0.212 0.750 0.000 -0.659 0.054 0.870 0.000 0.157 0.468 
-0.377 0.107 0.012 -0.920 0.666 0.000 -0.729 0.157 0.970 0.000 0.084 -0.227 0.790 0.000 -0.608 0.074 0.959 0.000 -0.054 -0.277 0.588 0.000 -0.776 -0.228 0.977 -0.000 -0.034 0.212 0.750 0.000 -0.661 0.033 0.859 0.000 0.144 0.491 
-0.378 0.107 0.012 -0.919 0.667 0.000 -0.729 0.155 0.970 0.000 0.083 -0.229 0.791 0.000 -0.608 0.075 0.960 -0.000 -0.053 -0.275 0.586 -0.000 -0.781 -0.218 0.977 0.000 -0.031 0.210 0.749 0.000 -0.663 0.011 0.848 0.000 0.130 0.514 
-0.381 0.107 0.013 -0.918 0.669 0.000 -0.728 0.153 0.969 0.000 0.080 -0.233 0.791 0.000 -0.608 0.076 0.961 0.000 -0.051 -0.273 0.585 0.000 -0.784 -0.209 0.978 0.000 -0.028 0.208 0.747 0.000 -0.665 -0.010 0.838 0.000 0.114 0.533 
-0.384 0.106 0.014 -0.917 0.671 0.000 -0.726 0.151 0.968 0.000 0.078 -0.237 0.790 -0.000 -0.608 0.076 0.961 0.000 -0.049 -0.272 0.583 0.000 -0.787 -0.201 0.978 0.000 -0.025 0.208 0.745 0.000 -0.666 -0.032 0.830 0.000 0.096 0.550 
-0.385 0.107 0.014 -0.917 0.672 0.000 -0.725 0.149 0.968 -0.000 0.076 -0.241 0.791 0.000 -0.607 0.076 0.962 0.000 -0.048 -0.270 0.582 0.000 -0.790 -0.191 0.978 0.000 -0.022 0.206 0.744 0.000 -0.666 -0.054 0.822 0.000 0.081 0.564 
-0.387 0.106 0.014 -0.916 0.674 0.000 -0.724 0.146 0.967 0.000 0.074 -0.244 0.790 0.000 -0.608 0.078 0.962 0.000 -0.047 -0.270 0.582 -0.000 -0.793 -0.182 0.979 0.000 -0.019 0.205 0.741 0.000 -0.667 -0.074 0.816 0.000 0.064 0.575 
-0.392 0.103 0.015 -0.914 0.679 0.000 -0.721 0.140 0.967 -0.000 0.069 -0.244 0.788 0.000 -0.610 0.077 0.962 0.000 -0.042 -0.269 0.582 0.000 -0.793 -0.179 0.978 0.000 -0.018 0.207 0.739 0.000 -0.667 -0.096 0.811 0.000 0.039 0.584 
-0.394 0.101 0.014 -0.914 0.681 -0.000 -0.719 0.138 0.967 0.000 0.067 -0.248 0.787 0.000 -0.611 0.079 0.962 0.000 -0.042 -0.269 0.581 0.000 -0.797 -0.164 0.979 -0.000 -0.010 0.204 0.735 0.000 -0.668 -0.113 0.807 0.000 0.024 0.589 
-0.397 0.098 0.014 -0.912 0.685 -0.000 -0.715 0.136 0.966 -0.000 0.064 -0.252 0.785 -0.000 -0.614 0.081 0.962 -0.000 -0.041 -0.270 0.582 -0.000 -0.799 -0.153 0.979 0.000 -0.004 0.202 0.731 0.000 -0.669 -0.132 0.805 0.000 0.004 0.593 
-0.402 0.096 0.013 -0.911 0.689 0.000 -0.712 0.133 0.965 0.000 0.060 -0.257 0.784 0.000 -0.616 0.084 0.962 0.000 -0.039 -0.272 0.581 0.000 -0.801 -0.142 0.980 0.000 0.003 0.200 0.729 0.000 -0.668 -0.148 0.804 -0.000 -0.017 0.594 
-0.407 0.092 0.013 -0.909 0.694 0.000 -0.708 0.129 0.963 -0.000 0.055 -0.262 0.781 0.000 -0.618 0.087 0.961 -0.000 -0.037 -0.274 0.583 0.000 -0.802 -0.131 0.981 0.000 0.008 0.196 0.725 0.000 -0.669 -0.165 0.804 0.000 -0.037 0.593 
-0.411 0.089 0.012 -0.907 0.699 -0.000 -0.705 0.124 0.963 0.000 0.052 -0.265 0.779 0.000 -0.621 0.090 0.961 0.000 -0.035 -0.276 0.584 -0.000 -0.803 -0.120 0.981 0.000 0.014 0.194 0.721 -0.000 -0.669 -0.182 0.804 0.000 -0.057 0.591 
-0.416 0.085 0.011 -0.905 0.703 0.000 -0.701 0.120 0.962 -0.000 0.048 -0.269 0.776 0.000 -0.624 0.093 0.960 0.000 -0.032 -0.278 0.585 0.000 -0.803 -0.110 0.981 0.000 0.019 0.191 0.718 0.000 -0.668 -0.198 0.806 0.000 -0.078 0.587 
-0.420 0.080 0.010 -0.904 0.708 0.000 -0.697 0.115 0.961 0.000 0.045 -0.274 0.773 0.000 -0.627 0.095 0.960 -0.000 -0.029 -0.279 0.588 0.000 -0.803 -0.101 0.982 0.000 0.023 0.189 0.713 0.000 -0.667 -0.216 0.808 0.000 -0.098 0.581 
-0.427 0.078 0.009 -0.901 0.712 0.000 -0.693 0.111 0.960 0.000 0.038 -0.279 0.771 -0.000 -0.629 0.099 0.959 0.000 -0.026 -0.282 0.589 0.000 -0.803 -0.089 0.982 0.000 0.028 0.185 0.712 0.000 -0.665 -0.226 0.812 -0.000 -0.115 0.572 
-0.432 0.074 0.008 -0.899 0.716 0.000 -0.690 0.108 0.958 0.000 0.035 -0.286 0.768 0.000 -0.632 0.101 0.959 0.000 -0.022 -0.283 0.591 0.000 -0.802 -0.080 0.983 0.000 0.031 0.182 0.709 -0.000 -0.663 -0.241 0.816 0.000 -0.132 0.563 
-0.437 0.071 0.007 -0.897 0.720 0.000 -0.686 0.104 0.957 0.000 0.030 -0.290 0.766 -0.000 -0.635 0.104 0.958 0.000 -0.019 -0.285 0.594 0.000 -0.802 -0.068 0.983 -0.000 0.036 0.178 0.706 0.000 -0.661 -0.254 0.820 0.000 -0.148 0.552 
-0.441 0.067 0.006 -0.895 0.724 0.000 -0.683 0.100 0.956 -0.000 0.026 -0.293 0.763 0.000 -0.638 0.107 0.957 0.000 -0.016 -0.288 0.596 0.000 -0.801 -0.058 0.984 0.000 0.039 0.175 0.704 0.000 -0.659 -0.267 0.826 0.000 -0.160 0.540 
-0.447 0.064 0.006 -0.892 0.727 0.000 -0.679 0.096 0.954 0.000 0.018 -0.298 0.761 0.000 -0.640 0.109 0.957 0.000 -0.012 -0.290 0.598 0.000 -0.800 -0.049 0.984 0.000 0.043 0.171 0.702 0.000 -0.655 -0.278 0.833 0.000 -0.172 0.526 
-0.451 0.061 0.005 -0.891 0.731 0.000 -0.676 0.091 0.953 0.000 0.014 -0.301 0.758 0.000 -0.642 0.111 0.956 0.000 -0.009 -0.292 0.600 0.000 -0.799 -0.040 0.985 0.000 0.047 0.168 0.700 0.000 -0.652 -0.291 0.840 0.000 -0.181 0.512 
-0.455 0.058 0.005 -0.888 0.734 0.000 -0.674 0.086 0.952 0.000 0.010 -0.305 0.758 0.000 -0.642 0.119 0.954 -0.000 -0.013 -0.300 0.601 0.000 -0.798 -0.031 0.985 0.000 0.051 0.165 0.699 0.000 -0.649 -0.301 0.847 0.000 -0.189 0.496 
-0.460 0.056 0.005 -0.886 0.737 -0.000 -0.671 0.081 0.951 0.000 0.006 -0.308 0.756 -0.000 -0.644 0.121 0.953 0.000 -0.009 -0.302 0.603 0.000 -0.798 -0.021 0.986 0.000 0.055 0.161 0.698 0.000 -0.645 -0.311 0.855 0.000 -0.194 0.480 
-0.464 0.054 0.005 -0.884 0.739 0.000 -0.669 0.076 0.950 0.000 0.002 -0.312 0.754 0.000 -0.646 0.123 0.953 0.000 -0.005 -0.303 0.604 0.000 -0.797 -0.012 0.986 0.000 0.058 0.156 0.697 0.000 -0.642 -0.320 0.864 0.000 -0.195 0.464 
-0.467 0.052 0.005 -0.883 0.741 0.000 -0.667 0.071 0.949 0.000 -0.001 -0.314 0.752 0.000 -0.647 0.125 0.952 0.000 -0.003 -0.305 0.606 0.000 -0.796 -0.003 0.987 0.000 0.060 0.152 0.695 0.000 -0.639 -0.329 0.873 0.000 -0.195 0.447 
-0.470 0.050 0.006 -0.881 0.743 0.000 -0.666 0.066 0.948 0.000 -0.004 -0.317 0.751 0.000 -0.649 0.127 0.952 0.000 0.001 -0.306 0.607 0.000 -0.795 0.006 0.987 0.000 0.062 0.147 0.695 0.000 -0.636 -0.336 0.882 -0.000 -0.193 0.430 
-0.473 0.048 0.006 -0.880 0.745 0.000 -0.665 0.061 0.948 0.000 -0.007 -0.319 0.750 0.000 -0.649 0.128 0.952 0.000 0.003 -0.307 0.608 0.000 -0.794 0.014 0.988 -0.000 0.064 0.144 0.694 0.000 -0.633 -0.343 0.892 0.000 -0.187 0.412 
-0.476 0.047 0.007 -0.878 0.745 0.000 -0.664 0.056 0.947 0.000 -0.009 -0.320 0.749 0.000 -0.650 0.130 0.951 0.000 0.005 -0.308 0.608 0.000 -0.793 0.024 0.988 0.000 0.067 0.139 0.694 0.000 -0.630 -0.348 0.901 0.000 -0.180 0.394 
-0.478 0.046 0.008 -0.877 0.747 0.000 -0.663 0.051 0.947 -0.000 -0.012 -0.320 0.748 0.000 -0.650 0.131 0.951 0.000 0.008 -0.309 0.609 0.000 -0.792 0.033 0.988 0.000 0.069 0.135 0.692 0.000 -0.629 -0.354 0.911 0.000 -0.170 0.376 
-0.479 0.045 0.009 -0.877 0.747 0.000 -0.663 0.047 0.947 0.000 -0.014 -0.321 0.748 0.000 -0.651 0.132 0.951 0.000 0.010 -0.308 0.610 0.000 -0.792 0.041 0.989 0.000 0.071 0.131 0.692 0.000 -0.627 -0.359 0.920 0.000 -0.160 0.359 
-0.480 0.044 0.010 -0.876 0.748 0.000 -0.663 0.042 0.947 0.000 -0.016 -0.321 0.748 0.000 -0.650 0.132 0.951 0.000 0.011 -0.309 0.609 0.000 -0.792 0.046 0.989 -0.000 0.073 0.130 0.691 0.000 -0.625 -0.363 0.929 0.000 -0.147 0.340 
-0.481 0.044 0.012 -0.875 0.748 0.000 -0.663 0.037 0.947 0.000 -0.017 -0.321 0.748 0.000 -0.650 0.132 0.951 0.000 0.013 -0.308 0.609 0.000 -0.791 0.054 0.989 0.000 0.076 0.127 0.691 0.000 -0.623 -0.367 0.937 0.000 -0.133 0.322 
-0.483 0.044 0.014 -0.875 0.746 0.000 -0.665 0.031 0.947 0.000 -0.019 -0.321 0.749 0.000 -0.649 0.132 0.952 0.000 0.015 -0.307 0.607 0.000 -0.792 0.060 0.989 0.000 0.077 0.123 0.691 0.000 -0.621 -0.369 0.946 -0.000 -0.117 0.303 
-0.483 0.045 0.016 -0.874 0.745 0.000 -0.666 0.027 0.947 0.000 -0.020 -0.321 0.750 -0.000 -0.649 0.132 0.952 0.000 0.016 -0.306 0.606 0.000 -0.792 0.069 0.990 0.000 0.079 0.120 0.691 0.000 -0.621 -0.370 0.954 -0.000 -0.098 0.282 
-0.484 0.045 0.018 -0.874 0.744 0.000 -0.668 0.022 0.947 0.000 -0.021 -0.321 0.751 0.000 -0.648 0.131 0.952 0.000 0.018 -0.304 0.605 0.000 -0.793 0.076 0.990 0.000 0.081 0.117 0.691 0.000 -0.621 -0.371 0.962 0.000 -0.079 0.262 
-0.484 0.046 0.020 -0.874 0.743 0.000 -0.669 0.017 0.947 0.000 -0.021 -0.321 0.752 0.000 -0.646 0.130 0.953 0.000 0.019 -0.301 0.604 0.000 -0.792 0.084 0.990 0.000 0.082 0.113 0.691 0.000 -0.620 -0.371 0.969 -0.000 -0.060 0.241 
-0.485 0.047 0.022 -0.873 0.741 0.000 -0.672 0.012 0.947 -0.000 -0.022 -0.320 0.753 0.000 -0.645 0.130 0.954 0.000 0.021 -0.299 0.603 0.000 -0.793 0.091 0.990 0.000 0.084 0.111 0.691 -0.000 -0.620 -0.371 0.974 0.000 -0.041 0.221 
-0.485 0.049 0.025 -0.873 0.739 0.000 -0.674 0.008 0.947 0.000 -0.022 -0.320 0.755 0.000 -0.643 0.129 0.955 0.000 0.023 -0.297 0.601 -0.000 -0.793 0.100 0.991 -0.000 0.085 0.108 0.693 0.000 -0.620 -0.369 0.980 0.000 -0.023 0.199 
-0.487 0.051 0.027 -0.872 0.736 0.000 -0.677 0.004 0.948 0.000 -0.021 -0.318 0.756 0.000 -0.641 0.130 0.955 0.000 0.026 -0.294 0.599 0.000 -0.793 0.110 0.991 0.000 0.086 0.105 0.693 -0.000 -0.621 -0.366 0.984 0.000 -0.003 0.177 
-0.487 0.053 0.030 -0.871 0.734 0.000 -0.680 -0.000 0.948 0.000 -0.021 -0.318 0.757 0.000 -0.640 0.128 0.956 0.000 0.029 -0.291 0.597 -0.000 -0.794 0.117 0.991 -0.000 0.087 0.102 0.694 0.000 -0.619 -0.367 0.987 0.000 0.013 0.158 
-0.489 0.055 0.032 -0.870 0.731 0.000 -0.682 -0.004 0.948 -0.000 -0.020 -0.316 0.759 -0.000 -0.638 0.128 0.957 0.000 0.031 -0.288 0.595 0.000 -0.793 0.127 0.991 0.000 0.088 0.098 0.695 0.000 -0.619 -0.366 0.989 0.000 0.029 0.142 
-0.490 0.057 0.034 -0.869 0.729 0.000 -0.685 -0.007 0.949 0.000 -0.019 -0.315 0.760 -0.000 -0.637 0.128 0.958 0.000 0.032 -0.285 0.594 0.000 -0.793 0.136 0.991 0.000 0.090 0.095 0.695 0.000 -0.618 -0.368 0.991 0.000 0.043 0.129 
-0.491 0.058 0.035 -0.869 0.727 -0.000 -0.687 -0.010 0.949 0.000 -0.019 -0.314 0.761 0.000 -0.636 0.128 0.959 0.000 0.034 -0.282 0.594 0.000 -0.791 0.146 0.992 0.000 0.091 0.093 0.695 0.000 -0.618 -0.368 0.992 0.000 0.054 0.116 
-0.493 0.059 0.036 -0.868 0.725 -0.000 -0.689 -0.013 0.950 0.000 -0.017 -0.312 0.761 0.000 -0.636 0.128 0.960 -0.000 0.036 -0.278 0.593 0.000 -0.790 0.155 0.992 0.000 0.092 0.091 0.696 0.000 -0.617 -0.369 0.992 -0.000 0.061 0.107 
-0.495 0.060 0.037 -0.866 0.724 0.000 -0.690 -0.015 0.950 0.000 -0.017 -0.311 0.761 0.000 -0.635 0.128 0.961 0.000 0.038 -0.274 0.593 0.000 -0.788 0.164 0.992 0.000 0.094 0.089 0.697 0.000 -0.616 -0.368 0.993 -0.000 0.064 0.099 
-0.497 0.060 0.037 -0.865 0.723 0.000 -0.691 -0.017 0.951 -0.000 -0.018 -0.309 0.761 0.000 -0.635 0.128 0.962 0.000 0.040 -0.270 0.594 0.000 -0.786 0.173 0.992 -0.000 0.095 0.088 0.697 -0.000 -0.615 -0.369 0.993 0.000 0.063 0.096 
-0.499 0.060 0.036 -0.863 0.722 -0.000 -0.692 -0.018 0.952 0.000 -0.019 -0.306 0.761 0.000 -0.636 0.129 0.963 0.000 0.041 -0.266 0.596 0.000 -0.782 0.183 0.992 0.000 0.096 0.088 0.699 -0.000 -0.615 -0.366 0.994 0.000 0.062 0.094 
-0.503 0.060 0.035 -0.862 0.722 -0.000 -0.692 -0.019 0.953 -0.000 -0.020 -0.303 0.760 0.000 -0.637 0.130 0.964 0.000 0.043 -0.262 0.599 0.000 -0.777 0.192 0.991 -0.000 0.096 0.088 0.699 -0.000 -0.615 -0.364 0.994 0.000 0.058 0.095 
-0.505 0.060 0.034 -0.860 0.722 0.000 -0.692 -0.019 0.954 0.000 -0.021 -0.300 0.758 0.000 -0.639 0.131 0.965 0.000 0.045 -0.258 0.602 -0.000 -0.774 0.199 0.991 0.000 0.098 0.090 0.699 -0.000 -0.616 -0.364 0.993 0.000 0.055 0.101 
-0.508 0.059 0.032 -0.859 0.722 0.000 -0.692 -0.019 0.955 0.000 -0.022 -0.297 0.757 0.000 -0.640 0.132 0.966 0.000 0.046 -0.254 0.605 0.000 -0.769 0.207 0.991 0.000 0.099 0.091 0.699 0.000 -0.616 -0.363 0.993 0.000 0.049 0.109 
-0.511 0.059 0.031 -0.857 0.722 0.000 -0.692 -0.019 0.956 0.000 -0.022 -0.294 0.756 0.000 -0.641 0.133 0.967 0.000 0.048 -0.250 0.608 0.000 -0.764 0.214 0.990 0.000 0.101 0.095 0.698 0.000 -0.617 -0.362 0.992 -0.000 0.042 0.119 
-0.513 0.058 0.029 -0.856 0.722 0.000 -0.692 -0.017 0.956 0.000 -0.024 -0.291 0.755 0.000 -0.642 0.134 0.968 -0.000 0.048 -0.245 0.612 0.000 -0.760 0.219 0.990 0.000 0.102 0.099 0.698 0.000 -0.618 -0.361 0.991 0.000 0.036 0.128 
-0.515 0.058 0.027 -0.855 0.721 0.000 -0.693 -0.016 0.957 0.000 -0.024 -0.288 0.753 -0.000 -0.644 0.135 0.969 0.000 0.051 -0.243 0.614 -0.000 -0.757 0.224 0.989 0.000 0.106 0.104 0.698 0.000 -0.619 -0.360 0.990 -0.000 0.029 0.137 
-0.517 0.059 0.026 -0.853 0.721 -0.000 -0.693 -0.013 0.958 0.000 -0.026 -0.286 0.753 0.000 -0.644 0.136 0.969 0.000 0.052 -0.240 0.616 0.000 -0.754 0.228 0.988 0.000 0.109 0.110 0.699 -0.000 -0.620 -0.358 0.989 -0.000 0.022 0.143 
-0.520 0.059 0.024 -0.852 0.720 0.000 -0.693 -0.009 0.958 0.000 -0.029 -0.284 0.751 0.000 -0.645 0.138 0.970 0.000 0.053 -0.239 0.620 0.000 -0.749 0.233 0.987 -0.000 0.111 0.116 0.699 0.000 -0.622 -0.353 0.989 0.000 0.017 0.149 
-0.522 0.060 0.023 -0.850 0.720 0.000 -0.694 -0.006 0.959 0.000 -0.030 -0.282 0.751 0.000 -0.645 0.141 0.970 0.000 0.053 -0.237 0.622 0.000 -0.746 0.237 0.986 -0.000 0.115 0.123 0.699 -0.000 -0.625 -0.348 0.988 0.000 0.014 0.154 
-0.524 0.061 0.021 -0.849 0.719 0.000 -0.695 -0.002 0.960 0.000 -0.032 -0.280 0.750 0.000 -0.646 0.143 0.970 0.000 0.053 -0.237 0.625 -0.000 -0.742 0.241 0.985 -0.000 0.117 0.129 0.699 -0.000 -0.628 -0.342 0.987 0.000 0.011 0.159 
-0.526 0.061 0.019 -0.848 0.719 0.000 -0.695 0.003 0.960 0.000 -0.034 -0.278 0.749 0.000 -0.646 0.146 0.970 0.000 0.054 -0.237 0.628 0.000 -0.739 0.243 0.983 0.000 0.121 0.137 0.697 0.000 -0.633 -0.337 0.986 0.000 0.010 0.165 
-0.527 0.062 0.016 -0.847 0.718 0.000 -0.696 0.007 0.961 0.000 -0.034 -0.275 0.748 0.000 -0.647 0.150 0.970 0.000 0.054 -0.238 0.632 -0.000 -0.735 0.246 0.982 0.000 0.123 0.146 0.697 -0.000 -0.637 -0.330 0.985 0.000 0.007 0.170 
-0.528 0.061 0.013 -0.847 0.719 0.000 -0.695 0.013 0.961 0.000 -0.036 -0.273 0.746 0.000 -0.648 0.154 0.970 0.000 0.054 -0.238 0.635 0.000 -0.731 0.248 0.980 0.000 0.126 0.155 0.695 -0.000 -0.642 -0.324 0.984 0.000 0.003 0.177 
-0.527 0.060 0.010 -0.847 0.720 0.000 -0.694 0.018 0.962 0.000 -0.036 -0.270 0.744 0.000 -0.649 0.158 0.970 0.000 0.051 -0.239 0.640 0.000 -0.727 0.249 0.978 0.000 0.129 0.165 0.694 -0.000 -0.647 -0.316 0.983 -0.000 -0.001 0.182 
-0.526 0.058 0.006 -0.848 0.722 -0.000 -0.692 0.024 0.963 0.000 -0.036 -0.267 0.742 0.000 -0.651 0.161 0.970 0.000 0.050 -0.238 0.644 -0.000 -0.724 0.247 0.975 0.000 0.132 0.178 0.690 0.000 -0.655 -0.309 0.982 0.000 -0.002 0.186 
-0.525 0.056 0.002 -0.849 0.724 -0.000 -0.689 0.028 0.965 0.000 -0.037 -0.261 0.739 0.000 -0.653 0.165 0.970 0.000 0.048 -0.239 0.648 0.000 -0.723 0.240 0.971 0.000 0.136 0.196 0.687 0.000 -0.661 -0.303 0.982 0.000 -0.007 0.191 
-0.523 0.053 -0.002 -0.851 0.726 0.000 -0.687 0.034 0.965 0.000 -0.036 -0.258 0.737 0.000 -0.655 0.167 0.970 0.000 0.045 -0.239 0.650 0.000 -0.724 0.230 0.965 -0.000 0.142 0.219 0.684 0.000 -0.666 -0.298 0.980 0.000 -0.014 0.197 
-0.521 0.051 -0.005 -0.852 0.728 -0.000 -0.685 0.039 0.966 0.000 -0.036 -0.255 0.734 -0.000 -0.658 0.169 0.970 0.000 0.044 -0.240 0.653 0.000 -0.726 0.216 0.959 0.000 0.145 0.245 0.682 0.000 -0.669 -0.295 0.979 0.000 -0.024 0.203 
-0.517 0.047 -0.011 -0.855 0.731 0.000 -0.681 0.046 0.967 0.000 -0.035 -0.252 0.731 0.000 -0.661 0.171 0.970 -0.000 0.041 -0.241 0.661 0.000 -0.722 0.205 0.952 -0.000 0.140 0.272 0.677 0.000 -0.676 -0.291 0.978 0.000 -0.030 0.209 
-0.514 0.044 -0.014 -0.857 0.733 0.000 -0.678 0.052 0.968 0.000 -0.035 -0.250 0.729 0.000 -0.663 0.171 0.970 -0.000 0.038 -0.241 0.667 0.000 -0.721 0.188 0.944 0.000 0.132 0.303 0.674 0.000 -0.682 -0.285 0.976 0.000 -0.034 0.213 
-0.511 0.041 -0.017 -0.858 0.734 0.000 -0.677 0.058 0.968 -0.000 -0.033 -0.247 0.727 0.000 -0.665 0.172 0.969 0.000 0.037 -0.243 0.672 -0.000 -0.721 0.168 0.934 0.000 0.122 0.335 0.670 0.000 -0.688 -0.278 0.976 0.000 -0.035 0.215 
-0.509 0.041 -0.018 -0.860 0.734 0.000 -0.677 0.063 0.969 0.000 -0.030 -0.245 0.727 0.000 -0.665 0.171 0.969 0.000 0.035 -0.244 0.674 -0.000 -0.724 0.145 0.923 0.000 0.113 0.367 0.668 0.000 -0.693 -0.269 0.976 0.000 -0.034 0.215 
-0.507 0.039 -0.020 -0.861 0.734 -0.000 -0.676 0.067 0.970 0.000 -0.028 -0.243 0.727 0.000 -0.666 0.171 0.969 0.000 0.033 -0.245 0.677 0.000 -0.726 0.124 0.913 0.000 0.104 0.395 0.666 0.000 -0.700 -0.258 0.976 0.000 -0.031 0.213 
-0.504 0.038 -0.022 -0.862 0.734 0.000 -0.676 0.071 0.970 0.000 -0.026 -0.241 0.726 -0.000 -0.666 0.170 0.968 0.000 0.030 -0.247 0.678 0.000 -0.728 0.102 0.902 0.000 0.093 0.422 0.663 0.000 -0.708 -0.245 0.977 0.000 -0.026 0.209 
-0.502 0.037 -0.023 -0.864 0.733 0.000 -0.676 0.074 0.971 -0.000 -0.024 -0.238 0.727 0.000 -0.666 0.169 0.968 0.000 0.028 -0.250 0.679 -0.000 -0.729 0.080 0.892 0.000 0.079 0.446 0.661 0.000 -0.714 -0.232 0.978 0.000 -0.021 0.205 
-0.501 0.036 -0.023 -0.865 0.732 0.000 -0.677 0.076 0.972 0.000 -0.022 -0.235 0.728 0.000 -0.665 0.167 0.967 0.000 0.025 -0.252 0.679 0.000 -0.732 0.055 0.881 -0.000 0.065 0.469 0.660 0.000 -0.718 -0.221 0.979 -0.000 -0.016 0.203 
-0.499 0.036 -0.022 -0.865 0.731 0.000 -0.678 0.079 0.972 0.000 -0.022 -0.234 0.729 0.000 -0.664 0.165 0.967 0.000 0.023 -0.254 0.680 0.000 -0.733 0.032 0.871 0.000 0.047 0.489 0.658 -0.000 -0.722 -0.211 0.980 0.000 -0.012 0.201 
-0.498 0.036 -0.022 -0.866 0.730 0.000 -0.679 0.080 0.973 0.000 -0.019 -0.230 0.731 0.000 -0.663 0.162 0.966 0.000 0.020 -0.257 0.678 0.000 -0.735 0.005 0.860 0.000 0.029 0.510 0.658 0.000 -0.725 -0.203 0.980 0.000 -0.011 0.199 
-0.498 0.036 -0.022 -0.866 0.729 0.000 -0.680 0.080 0.974 0.000 -0.018 -0.227 0.733 0.000 -0.661 0.159 0.966 0.000 0.017 -0.258 0.677 -0.000 -0.736 -0.021 0.849 0.000 0.011 0.528 0.656 0.000 -0.730 -0.193 0.980 0.000 -0.004 0.198 
-0.499 0.036 -0.021 -0.865 0.727 0.000 -0.681 0.081 0.974 0.000 -0.017 -0.227 0.734 0.000 -0.660 0.157 0.965 -0.000 0.016 -0.260 0.675 -0.000 -0.736 -0.049 0.838 0.000 -0.008 0.546 0.655 0.000 -0.733 -0.182 0.981 0.000 0.001 0.195 
-0.499 0.037 -0.020 -0.866 0.726 0.000 -0.683 0.081 0.974 0.000 -0.016 -0.224 0.737 0.000 -0.658 0.154 0.965 0.000 0.013 -0.262 0.672 0.000 -0.737 -0.074 0.829 -0.000 -0.026 0.558 0.654 0.000 -0.737 -0.172 0.981 -0.000 0.007 0.193 
-0.498 0.037 -0.020 -0.866 0.724 0.000 -0.684 0.083 0.975 -0.000 -0.014 -0.223 0.739 0.000 -0.656 0.151 0.964 0.000 0.010 -0.264 0.670 -0.000 -0.736 -0.096 0.823 -0.000 -0.045 0.566 0.654 0.000 -0.739 -0.161 0.981 0.000 0.011 0.191 
-0.495 0.039 -0.019 -0.868 0.723 0.000 -0.686 0.084 0.975 0.000 -0.013 -0.222 0.742 -0.000 -0.654 0.148 0.964 0.000 0.007 -0.266 0.667 0.000 -0.736 -0.118 0.818 0.000 -0.065 0.571 0.654 0.000 -0.741 -0.152 0.982 -0.000 0.016 0.190 
-0.493 0.040 -0.018 -0.869 0.721 0.000 -0.688 0.086 0.975 0.000 -0.011 -0.223 0.746 0.000 -0.650 0.144 0.964 0.000 0.003 -0.268 0.663 0.000 -0.735 -0.139 0.815 0.000 -0.083 0.573 0.653 0.000 -0.744 -0.142 0.982 0.000 0.022 0.189 
-0.490 0.042 -0.018 -0.870 0.719 0.000 -0.690 0.089 0.975 0.000 -0.011 -0.223 0.749 0.000 -0.647 0.141 0.963 0.000 -0.001 -0.269 0.660 -0.000 -0.735 -0.158 0.813 0.000 -0.101 0.574 0.654 0.000 -0.745 -0.130 0.982 0.000 0.027 0.186 
-0.488 0.045 -0.017 -0.871 0.716 -0.000 -0.692 0.092 0.975 0.000 -0.011 -0.224 0.753 0.000 -0.644 0.139 0.962 0.000 -0.004 -0.273 0.656 0.000 -0.734 -0.175 0.811 0.000 -0.117 0.573 0.654 0.000 -0.748 -0.116 0.983 0.000 0.035 0.182 
-0.485 0.048 -0.016 -0.873 0.713 0.000 -0.694 0.096 0.974 -0.000 -0.010 -0.226 0.756 0.000 -0.640 0.135 0.961 -0.000 -0.008 -0.275 0.652 0.000 -0.733 -0.193 0.811 0.000 -0.133 0.569 0.654 0.000 -0.749 -0.103 0.983 0.000 0.044 0.179 
-0.481 0.051 -0.015 -0.875 0.711 -0.000 -0.697 0.099 0.974 0.000 -0.008 -0.227 0.760 0.000 -0.637 0.132 0.961 0.000 -0.012 -0.277 0.649 -0.000 -0.731 -0.210 0.812 0.000 -0.152 0.564 0.655 -0.000 -0.750 -0.092 0.983 0.000 0.050 0.175 
-0.477 0.054 -0.014 -0.877 0.708 0.000 -0.699 0.101 0.973 0.000 -0.005 -0.229 0.763 0.000 -0.634 0.129 0.960 -0.000 -0.016 -0.280 0.646 0.000 -0.729 -0.227 0.812 0.000 -0.170 0.558 0.655 0.000 -0.751 -0.081 0.983 0.000 0.057 0.172 
-0.473 0.057 -0.012 -0.879 0.705 0.000 -0.701 0.104 0.973 0.000 -0.003 -0.230 0.766 -0.000 -0.630 0.126 0.959 -0.000 -0.022 -0.282 0.644 0.000 -0.726 -0.243 0.815 -0.000 -0.187 0.549 0.657 -0.000 -0.751 -0.070 0.984 0.000 0.062 0.168 
-0.469 0.060 -0.011 -0.881 0.702 0.000 -0.704 0.106 0.973 0.000 -0.001 -0.231 0.769 0.000 -0.627 0.123 0.958 0.000 -0.026 -0.285 0.641 0.000 -0.723 -0.258 0.818 0.000 -0.204 0.538 0.658 0.000 -0.751 -0.059 0.984 -0.000 0.068 0.163 
-0.465 0.062 -0.010 -0.883 0.700 -0.000 -0.706 0.109 0.972 0.000 0.001 -0.233 0.772 0.000 -0.624 0.120 0.957 -0.000 -0.030 -0.288 0.638 -0.000 -0.720 -0.273 0.822 0.000 -0.217 0.527 0.660 0.000 -0.750 -0.047 0.985 0.000 0.072 0.159 
-0.462 0.065 -0.009 -0.885 0.698 0.000 -0.708 0.111 0.972 0.000 0.003 -0.235 0.775 0.000 -0.621 0.117 0.956 -0.000 -0.034 -0.290 0.635 0.000 -0.717 -0.288 0.825 0.000 -0.231 0.515 0.662 0.000 -0.749 -0.035 0.985 0.000 0.074 0.153 
-0.455 0.065 -0.007 -0.888 0.696 0.000 -0.709 0.110 0.972 0.000 0.008 -0.236 0.777 0.000 -0.619 0.113 0.955 0.000 -0.040 -0.294 0.636 0.000 -0.710 -0.303 0.831 0.000 -0.246 0.499 0.662 0.000 -0.749 -0.031 0.985 0.000 0.077 0.152 
-0.451 0.067 -0.006 -0.890 0.694 0.000 -0.711 0.112 0.971 0.000 0.010 -0.239 0.780 0.000 -0.616 0.109 0.954 0.000 -0.044 -0.296 0.634 -0.000 -0.706 -0.317 0.836 0.000 -0.256 0.485 0.664 -0.000 -0.747 -0.021 0.986 0.000 0.080 0.148 
-0.447 0.069 -0.005 -0.892 0.692 0.000 -0.712 0.114 0.970 0.000 0.013 -0.241 0.782 0.000 -0.614 0.105 0.953 0.000 -0.049 -0.297 0.633 -0.000 -0.701 -0.329 0.843 0.000 -0.262 0.470 0.666 -0.000 -0.746 -0.012 0.986 0.000 0.082 0.143 
-0.442 0.070 -0.004 -0.894 0.691 0.000 -0.714 0.115 0.970 -0.000 0.016 -0.244 0.785 0.000 -0.612 0.101 0.953 -0.000 -0.054 -0.299 0.632 -0.000 -0.696 -0.340 0.850 -0.000 -0.267 0.453 0.668 0.000 -0.744 -0.003 0.987 0.000 0.083 0.140 
-0.437 0.071 -0.003 -0.896 0.689 0.000 -0.715 0.117 0.969 0.000 0.020 -0.247 0.787 0.000 -0.610 0.096 0.953 0.000 -0.058 -0.299 0.632 0.000 -0.691 -0.350 0.858 -0.000 -0.270 0.436 0.669 0.000 -0.743 0.003 0.987 0.000 0.084 0.138 
-0.434 0.072 -0.001 -0.898 0.688 0.000 -0.716 0.120 0.968 0.000 0.023 -0.251 0.789 0.000 -0.607 0.091 0.952 -0.000 -0.063 -0.300 0.632 -0.000 -0.687 -0.360 0.867 -0.000 -0.270 0.419 0.670 0.000 -0.742 0.012 0.987 0.000 0.086 0.134 
-0.430 0.073 -0.000 -0.900 0.686 0.000 -0.717 0.122 0.967 -0.000 0.027 -0.255 0.791 0.000 -0.606 0.085 0.952 0.000 -0.065 -0.300 0.631 0.000 -0.682 -0.368 0.875 -0.000 -0.267 0.403 0.673 0.000 -0.740 0.018 0.988 0.000 0.086 0.132 
-0.426 0.073 0.001 -0.902 0.685 0.000 -0.718 0.125 0.965 -0.000 0.031 -0.259 0.791 0.000 -0.607 0.078 0.952 -0.000 -0.064 -0.299 0.631 0.000 -0.678 -0.376 0.885 -0.000 -0.261 0.385 0.673 0.000 -0.739 0.025 0.988 0.000 0.088 0.129 
-0.423 0.074 0.002 -0.903 0.683 0.000 -0.719 0.128 0.964 0.000 0.038 -0.264 0.792 0.000 -0.606 0.073 0.951 0.000 -0.066 -0.301 0.631 0.000 -0.675 -0.382 0.895 -0.000 -0.253 0.368 0.675 0.000 -0.738 0.033 0.988 -0.000 0.089 0.126 
-0.419 0.074 0.003 -0.905 0.680 -0.000 -0.721 0.132 0.962 0.000 0.048 -0.269 0.793 0.000 -0.605 0.068 0.951 0.000 -0.069 -0.302 0.632 0.000 -0.672 -0.386 0.905 0.000 -0.242 0.350 0.675 0.000 -0.737 0.040 0.988 0.000 0.092 0.123 
-0.416 0.074 0.004 -0.906 0.678 0.000 -0.722 0.136 0.960 0.000 0.059 -0.274 0.794 0.000 -0.604 0.063 0.950 0.000 -0.071 -0.303 0.632 0.000 -0.670 -0.390 0.914 0.000 -0.230 0.333 0.676 0.000 -0.736 0.048 0.988 0.000 0.094 0.120 
-0.413 0.073 0.005 -0.908 0.676 -0.000 -0.723 0.139 0.958 0.000 0.071 -0.278 0.795 0.000 -0.604 0.058 0.950 -0.000 -0.074 -0.303 0.633 0.000 -0.668 -0.391 0.924 0.000 -0.214 0.316 0.676 0.000 -0.735 0.055 0.989 -0.000 0.096 0.116 
-0.410 0.073 0.005 -0.909 0.673 -0.000 -0.725 0.143 0.956 0.000 0.085 -0.280 0.795 0.000 -0.604 0.053 0.950 0.000 -0.075 -0.304 0.633 0.000 -0.667 -0.392 0.934 -0.000 -0.196 0.300 0.676 0.000 -0.734 0.062 0.989 0.000 0.097 0.113 
-0.406 0.071 0.005 -0.911 0.672 0.000 -0.726 0.145 0.955 -0.000 0.099 -0.279 0.795 0.000 -0.605 0.048 0.949 0.000 -0.078 -0.305 0.635 0.000 -0.667 -0.390 0.943 0.000 -0.176 0.281 0.675 0.000 -0.735 0.070 0.989 -0.000 0.101 0.110 
-0.404 0.071 0.006 -0.912 0.670 0.000 -0.728 0.147 0.954 0.000 0.111 -0.278 0.795 0.000 -0.606 0.044 0.949 -0.000 -0.080 -0.305 0.635 0.000 -0.668 -0.388 0.952 0.000 -0.153 0.265 0.675 -0.000 -0.734 0.078 0.989 0.000 0.102 0.107 
-0.401 0.069 0.006 -0.913 0.669 0.000 -0.728 0.148 0.954 -0.000 0.125 -0.274 0.794 0.000 -0.607 0.040 0.948 0.000 -0.082 -0.306 0.635 0.000 -0.668 -0.387 0.960 0.000 -0.130 0.249 0.674 0.000 -0.734 0.085 0.989 0.000 0.104 0.104 
-0.398 0.067 0.006 -0.915 0.669 -0.000 -0.729 0.149 0.954 0.000 0.135 -0.269 0.793 0.000 -0.608 0.035 0.948 0.000 -0.083 -0.307 0.636 0.000 -0.669 -0.384 0.967 0.000 -0.106 0.232 0.673 0.000 -0.734 0.092 0.989 0.000 0.106 0.102 
-0.395 0.065 0.006 -0.916 0.669 -0.000 -0.728 0.148 0.954 -0.000 0.144 -0.262 0.792 0.000 -0.610 0.031 0.948 0.000 -0.084 -0.308 0.637 -0.000 -0.671 -0.380 0.974 0.000 -0.080 0.213 0.672 0.000 -0.734 0.100 0.989 0.000 0.108 0.098 
-0.391 0.062 0.005 -0.918 0.670 0.000 -0.727 0.148 0.955 0.000 0.151 -0.256 0.790 0.000 -0.613 0.027 0.948 0.000 -0.085 -0.308 0.638 0.000 -0.674 -0.373 0.979 0.000 -0.053 0.195 0.672 -0.000 -0.733 0.108 0.989 0.000 0.108 0.096 
-0.387 0.060 0.005 -0.920 0.671 0.000 -0.726 0.147 0.956 0.000 0.157 -0.246 0.789 0.000 -0.614 0.023 0.947 0.000 -0.088 -0.308 0.639 0.000 -0.676 -0.366 0.984 0.000 -0.029 0.177 0.671 0.000 -0.733 0.115 0.989 0.000 0.110 0.094 
-0.384 0.058 0.005 -0.921 0.672 0.000 -0.726 0.147 0.957 0.000 0.162 -0.239 0.787 0.000 -0.616 0.019 0.947 0.000 -0.088 -0.309 0.640 0.000 -0.678 -0.362 0.987 0.000 -0.007 0.160 0.670 0.000 -0.732 0.121 0.990 0.000 0.111 0.092 
-0.381 0.055 0.005 -0.923 0.674 -0.000 -0.724 0.146 0.959 0.000 0.166 -0.231 0.786 0.000 -0.618 0.016 0.947 0.000 -0.089 -0.310 0.640 0.000 -0.678 -0.361 0.989 -0.000 0.012 0.149 0.671 0.000 -0.731 0.127 0.990 0.000 0.110 0.092 
-0.377 0.053 0.005 -0.925 0.676 0.000 -0.722 0.146 0.960 0.000 0.168 -0.224 0.784 0.000 -0.621 0.012 0.947 0.000 -0.089 -0.310 0.642 -0.000 -0.678 -0.359 0.990 0.000 0.026 0.137 0.671 0.000 -0.729 0.132 0.990 0.000 0.109 0.091 
-0.373 0.051 0.005 -0.926 0.677 0.000 -0.721 0.146 0.961 -0.000 0.170 -0.216 0.783 0.000 -0.622 0.009 0.946 0.000 -0.091 -0.310 0.644 -0.000 -0.677 -0.357 0.991 0.000 0.036 0.126 0.672 -0.000 -0.727 0.138 0.990 0.000 0.110 0.091 
-0.366 0.051 0.003 -0.929 0.678 0.000 -0.720 0.150 0.962 0.000 0.172 -0.211 0.782 0.000 -0.624 0.007 0.946 0.000 -0.094 -0.309 0.644 0.000 -0.681 -0.349 0.992 0.000 0.046 0.116 0.674 0.000 -0.724 0.148 0.990 0.000 0.111 0.089 
-0.362 0.051 0.003 -0.931 0.679 0.000 -0.719 0.151 0.963 0.000 0.173 -0.206 0.781 0.000 -0.624 0.004 0.947 0.000 -0.096 -0.308 0.646 0.000 -0.680 -0.347 0.993 0.000 0.048 0.110 0.676 0.000 -0.721 0.154 0.990 0.000 0.111 0.089 
-0.358 0.051 0.004 -0.932 0.680 0.000 -0.717 0.154 0.964 0.000 0.172 -0.201 0.780 -0.000 -0.625 0.001 0.947 0.000 -0.096 -0.307 0.648 0.000 -0.679 -0.345 0.993 0.000 0.047 0.106 0.678 0.000 -0.717 0.161 0.990 0.000 0.112 0.088 
-0.355 0.051 0.004 -0.933 0.679 0.000 -0.717 0.157 0.965 0.000 0.171 -0.197 0.781 0.000 -0.625 -0.003 0.947 0.000 -0.097 -0.306 0.648 0.000 -0.679 -0.345 0.993 0.000 0.045 0.107 0.681 0.000 -0.713 0.167 0.990 0.000 0.112 0.089 
-0.351 0.053 0.004 -0.935 0.679 0.000 -0.716 0.161 0.966 0.000 0.170 -0.195 0.781 0.000 -0.625 -0.006 0.947 0.000 -0.098 -0.305 0.649 0.000 -0.678 -0.345 0.993 -0.000 0.040 0.111 0.684 0.000 -0.709 0.172 0.990 -0.000 0.113 0.091 
-0.348 0.054 0.004 -0.936 0.679 0.000 -0.716 0.166 0.967 0.000 0.168 -0.193 0.780 0.000 -0.625 -0.009 0.948 0.000 -0.098 -0.303 0.649 0.000 -0.678 -0.346 0.993 0.000 0.034 0.117 0.687 0.000 -0.704 0.178 0.989 0.000 0.113 0.092 
-0.345 0.055 0.004 -0.937 0.678 0.000 -0.715 0.170 0.967 0.000 0.166 -0.191 0.780 0.000 -0.625 -0.010 0.948 0.000 -0.099 -0.302 0.648 0.000 -0.679 -0.346 0.992 0.000 0.028 0.125 0.690 0.000 -0.700 0.184 0.989 0.000 0.115 0.093 
-0.344 0.057 0.004 -0.937 0.678 0.000 -0.714 0.175 0.968 0.000 0.163 -0.191 0.780 0.000 -0.626 -0.012 0.949 0.000 -0.099 -0.300 0.647 0.000 -0.680 -0.346 0.991 0.000 0.021 0.134 0.694 0.000 -0.695 0.189 0.989 0.000 0.115 0.097 
-0.342 0.058 0.004 -0.938 0.678 0.000 -0.713 0.181 0.969 -0.000 0.160 -0.190 0.780 0.000 -0.626 -0.013 0.949 -0.000 -0.099 -0.299 0.646 0.000 -0.681 -0.345 0.990 0.000 0.014 0.140 0.697 0.000 -0.691 0.195 0.988 0.000 0.117 0.099 
-0.340 0.060 0.003 -0.939 0.677 0.000 -0.713 0.185 0.969 0.000 0.159 -0.190 0.780 0.000 -0.626 -0.013 0.949 0.000 -0.100 -0.298 0.645 -0.000 -0.683 -0.343 0.989 0.000 0.010 0.145 0.700 0.000 -0.686 0.199 0.988 0.000 0.118 0.105 
-0.338 0.061 0.002 -0.939 0.677 0.000 -0.711 0.190 0.969 -0.000 0.155 -0.190 0.779 0.000 -0.627 -0.012 0.949 0.000 -0.101 -0.298 0.644 -0.000 -0.685 -0.341 0.989 0.000 0.005 0.150 0.703 0.000 -0.681 0.204 0.987 -0.000 0.119 0.109 
-0.337 0.062 0.002 -0.939 0.676 0.000 -0.710 0.195 0.970 0.000 0.152 -0.190 0.779 0.000 -0.626 -0.009 0.949 0.000 -0.103 -0.298 0.642 -0.000 -0.689 -0.336 0.988 0.000 0.003 0.153 0.706 0.000 -0.677 0.209 0.986 0.000 0.121 0.114 
-0.336 0.064 0.000 -0.940 0.676 0.000 -0.710 0.200 0.971 0.000 0.149 -0.189 0.780 0.000 -0.626 -0.005 0.948 0.000 -0.106 -0.299 0.639 0.000 -0.695 -0.330 0.988 0.000 0.002 0.156 0.709 0.000 -0.672 0.214 0.985 0.000 0.123 0.120 
-0.335 0.067 -0.000 -0.940 0.675 -0.000 -0.709 0.205 0.971 0.000 0.145 -0.189 0.781 0.000 -0.625 -0.001 0.948 -0.000 -0.108 -0.300 0.637 -0.000 -0.700 -0.324 0.987 0.000 -0.000 0.159 0.712 0.000 -0.668 0.218 0.984 -0.000 0.127 0.126 
-0.333 0.070 -0.001 -0.940 0.673 -0.000 -0.710 0.210 0.972 -0.000 0.142 -0.189 0.782 -0.000 -0.623 0.005 0.947 0.000 -0.111 -0.302 0.632 0.000 -0.707 -0.316 0.987 0.000 -0.001 0.162 0.716 0.000 -0.662 0.222 0.982 0.000 0.131 0.133 
-0.334 0.073 -0.002 -0.940 0.671 -0.000 -0.709 0.215 0.972 0.000 0.139 -0.188 0.783 0.000 -0.622 0.010 0.946 0.000 -0.112 -0.304 0.629 0.000 -0.713 -0.309 0.986 0.000 -0.005 0.166 0.718 -0.000 -0.658 0.227 0.981 0.000 0.136 0.139 
-0.334 0.078 -0.003 -0.939 0.669 0.000 -0.710 0.219 0.973 0.000 0.135 -0.188 0.785 0.000 -0.619 0.017 0.946 0.000 -0.113 -0.305 0.626 0.000 -0.719 -0.302 0.986 0.000 -0.011 0.168 0.720 0.000 -0.655 0.229 0.978 -0.000 0.144 0.148 
-0.336 0.082 -0.003 -0.938 0.667 0.000 -0.710 0.223 0.973 0.000 0.130 -0.188 0.787 -0.000 -0.617 0.022 0.945 0.000 -0.113 -0.306 0.624 0.000 -0.723 -0.296 0.985 0.000 -0.018 0.170 0.721 0.000 -0.654 0.229 0.975 0.000 0.153 0.161 
-0.339 0.086 -0.003 -0.937 0.665 0.000 -0.712 0.227 0.974 0.000 0.126 -0.189 0.789 -0.000 -0.614 0.028 0.945 0.000 -0.111 -0.307 0.620 -0.000 -0.730 -0.289 0.985 0.000 -0.023 0.171 0.723 0.000 -0.653 0.226 0.971 0.000 0.162 0.176 
-0.342 0.091 -0.002 -0.935 0.662 0.000 -0.713 0.230 0.974 0.000 0.122 -0.190 0.791 0.000 -0.611 0.034 0.945 0.000 -0.110 -0.307 0.618 -0.000 -0.734 -0.283 0.985 0.000 -0.032 0.172 0.725 0.000 -0.653 0.221 0.967 0.000 0.168 0.193 
-0.346 0.095 -0.002 -0.933 0.661 -0.000 -0.714 0.231 0.975 0.000 0.117 -0.189 0.793 -0.000 -0.608 0.039 0.946 0.000 -0.107 -0.306 0.615 0.000 -0.738 -0.277 0.984 0.000 -0.040 0.173 0.727 0.000 -0.653 0.213 0.961 -0.000 0.172 0.216 
-0.350 0.100 -0.001 -0.932 0.658 0.000 -0.715 0.234 0.975 0.000 0.114 -0.190 0.795 0.000 -0.605 0.045 0.946 0.000 -0.105 -0.306 0.611 0.000 -0.744 -0.270 0.984 -0.000 -0.046 0.174 0.731 0.000 -0.652 0.202 0.955 0.000 0.173 0.243 
-0.354 0.103 -0.001 -0.930 0.658 0.000 -0.716 0.234 0.975 0.000 0.110 -0.191 0.796 0.000 -0.603 0.051 0.946 -0.000 -0.102 -0.306 0.608 0.000 -0.748 -0.266 0.982 -0.000 -0.054 0.178 0.735 0.000 -0.651 0.188 0.947 0.000 0.169 0.272 
-0.358 0.107 -0.000 -0.928 0.656 0.000 -0.717 0.234 0.975 0.000 0.108 -0.193 0.797 0.000 -0.602 0.057 0.947 0.000 -0.099 -0.306 0.605 -0.000 -0.753 -0.258 0.982 0.000 -0.056 0.179 0.739 0.000 -0.651 0.172 0.939 0.000 0.164 0.303 
-0.362 0.110 0.000 -0.926 0.655 0.000 -0.719 0.234 0.975 0.000 0.106 -0.194 0.797 0.000 -0.600 0.062 0.947 0.000 -0.096 -0.306 0.600 -0.000 -0.760 -0.249 0.982 0.000 -0.055 0.180 0.742 -0.000 -0.652 0.155 0.928 -0.000 0.162 0.334 
-0.365 0.112 0.001 -0.924 0.654 0.000 -0.720 0.232 0.975 0.000 0.105 -0.196 0.798 0.000 -0.599 0.068 0.947 -0.000 -0.094 -0.307 0.596 0.000 -0.766 -0.240 0.982 0.000 -0.052 0.181 0.742 0.000 -0.656 0.138 0.917 0.000 0.161 0.366 
-0.369 0.113 0.001 -0.923 0.654 -0.000 -0.720 0.230 0.975 0.000 0.103 -0.199 0.797 0.000 -0.599 0.073 0.947 0.000 -0.091 -0.307 0.592 0.000 -0.772 -0.231 0.982 0.000 -0.047 0.182 0.742 0.000 -0.659 0.119 0.905 0.000 0.158 0.396 
-0.371 0.113 0.001 -0.922 0.655 0.000 -0.721 0.227 0.974 0.000 0.103 -0.201 0.796 -0.000 -0.600 0.078 0.947 0.000 -0.089 -0.308 0.589 0.000 -0.777 -0.221 0.982 0.000 -0.042 0.183 0.743 0.000 -0.662 0.098 0.892 0.000 0.151 0.426 
-0.373 0.113 0.002 -0.921 0.656 0.000 -0.721 0.224 0.974 0.000 0.100 -0.203 0.796 0.000 -0.600 0.083 0.947 0.000 -0.088 -0.308 0.586 0.000 -0.783 -0.209 0.983 0.000 -0.035 0.180 0.742 -0.000 -0.666 0.076 0.880 0.000 0.141 0.453 
-0.377 0.114 0.002 -0.919 0.657 0.000 -0.721 0.220 0.974 0.000 0.098 -0.204 0.795 0.000 -0.600 0.088 0.948 0.000 -0.086 -0.307 0.582 0.000 -0.789 -0.196 0.984 0.000 -0.028 0.178 0.744 0.000 -0.666 0.057 0.870 0.000 0.128 0.477 
-0.379 0.114 0.002 -0.918 0.658 -0.000 -0.721 0.217 0.974 0.000 0.095 -0.206 0.795 0.000 -0.600 0.091 0.948 0.000 -0.084 -0.306 0.580 -0.000 -0.793 -0.184 0.984 -0.000 -0.023 0.175 0.743 0.000 -0.668 0.034 0.858 0.000 0.114 0.501 
-0.381 0.114 0.003 -0.917 0.660 0.000 -0.721 0.212 0.974 0.000 0.089 -0.208 0.794 0.000 -0.600 0.094 0.949 0.000 -0.082 -0.305 0.578 0.000 -0.798 -0.173 0.985 0.000 -0.018 0.173 0.742 0.000 -0.670 0.011 0.846 0.000 0.098 0.523 
-0.384 0.114 0.004 -0.916 0.661 0.000 -0.721 0.208 0.974 0.000 0.085 -0.210 0.794 0.000 -0.600 0.097 0.950 0.000 -0.081 -0.303 0.575 0.000 -0.802 -0.161 0.985 0.000 -0.012 0.170 0.742 0.000 -0.671 -0.012 0.837 0.000 0.081 0.542 
-0.386 0.113 0.004 -0.915 0.663 0.000 -0.721 0.202 0.974 0.000 0.082 -0.212 0.793 0.000 -0.601 0.099 0.951 0.000 -0.079 -0.300 0.575 0.000 -0.804 -0.151 0.986 0.000 -0.009 0.168 0.740 0.000 -0.671 -0.036 0.827 0.000 0.062 0.558 
-0.389 0.113 0.004 -0.915 0.666 0.000 -0.720 0.196 0.974 0.000 0.077 -0.215 0.792 0.000 -0.602 0.101 0.951 0.000 -0.077 -0.299 0.574 0.000 -0.807 -0.141 0.986 0.000 -0.004 0.166 0.739 0.000 -0.672 -0.059 0.820 0.000 0.044 0.571 
-0.395 0.111 0.005 -0.912 0.669 0.000 -0.719 0.189 0.974 0.000 0.069 -0.215 0.791 -0.000 -0.604 0.104 0.952 0.000 -0.072 -0.297 0.575 0.000 -0.807 -0.137 0.986 -0.000 -0.003 0.168 0.738 0.000 -0.670 -0.079 0.815 0.000 0.021 0.579 
-0.399 0.108 0.006 -0.911 0.673 0.000 -0.717 0.182 0.974 -0.000 0.064 -0.219 0.788 -0.000 -0.606 0.107 0.953 0.000 -0.069 -0.296 0.575 -0.000 -0.809 -0.127 0.986 0.000 0.002 0.166 0.736 0.000 -0.670 -0.099 0.811 0.000 0.001 0.585 
-0.403 0.106 0.005 -0.909 0.676 0.000 -0.716 0.176 0.973 0.000 0.058 -0.223 0.787 -0.000 -0.607 0.110 0.953 -0.000 -0.066 -0.294 0.573 0.000 -0.811 -0.117 0.986 0.000 0.009 0.165 0.734 0.000 -0.670 -0.116 0.808 0.000 -0.017 0.589 
-0.408 0.103 0.005 -0.907 0.679 0.000 -0.714 0.170 0.972 0.000 0.053 -0.227 0.784 0.000 -0.610 0.114 0.954 0.000 -0.063 -0.293 0.573 0.000 -0.812 -0.107 0.986 0.000 0.015 0.164 0.731 0.000 -0.669 -0.133 0.807 0.000 -0.037 0.590 
-0.413 0.100 0.004 -0.905 0.684 0.000 -0.711 0.163 0.972 0.000 0.048 -0.232 0.781 -0.000 -0.613 0.117 0.955 0.000 -0.059 -0.292 0.574 0.000 -0.813 -0.097 0.987 0.000 0.021 0.162 0.728 0.000 -0.669 -0.151 0.806 0.000 -0.057 0.589 
-0.419 0.097 0.004 -0.903 0.687 0.000 -0.709 0.157 0.971 0.000 0.042 -0.237 0.778 0.000 -0.616 0.121 0.955 0.000 -0.055 -0.291 0.575 0.000 -0.814 -0.086 0.987 0.000 0.027 0.159 0.726 0.000 -0.667 -0.166 0.808 0.000 -0.076 0.585 
-0.425 0.093 0.003 -0.901 0.691 0.000 -0.707 0.150 0.970 -0.000 0.037 -0.240 0.775 -0.000 -0.620 0.125 0.956 0.000 -0.052 -0.289 0.577 0.000 -0.813 -0.076 0.987 0.000 0.032 0.157 0.723 0.000 -0.667 -0.182 0.809 0.000 -0.095 0.579 
-0.430 0.089 0.002 -0.898 0.695 0.000 -0.704 0.143 0.969 0.000 0.032 -0.245 0.772 -0.000 -0.623 0.129 0.956 0.000 -0.047 -0.288 0.579 0.000 -0.812 -0.067 0.987 0.000 0.035 0.155 0.720 0.000 -0.665 -0.198 0.812 0.000 -0.114 0.573 
-0.435 0.085 0.002 -0.896 0.699 0.000 -0.702 0.136 0.968 0.000 0.028 -0.251 0.768 0.000 -0.626 0.132 0.957 -0.000 -0.044 -0.287 0.582 0.000 -0.811 -0.059 0.987 0.000 0.038 0.153 0.717 0.000 -0.663 -0.214 0.815 0.000 -0.130 0.565 
-0.440 0.081 0.001 -0.894 0.702 0.000 -0.700 0.130 0.967 0.000 0.024 -0.255 0.765 -0.000 -0.629 0.135 0.957 0.000 -0.040 -0.286 0.585 0.000 -0.810 -0.049 0.988 0.000 0.041 0.151 0.715 -0.000 -0.661 -0.228 0.819 0.000 -0.145 0.554 
-0.443 0.076 -0.000 -0.893 0.706 0.000 -0.697 0.123 0.965 0.000 0.022 -0.261 0.762 -0.000 -0.633 0.138 0.958 0.000 -0.038 -0.284 0.588 0.000 -0.808 -0.040 0.988 -0.000 0.043 0.148 0.711 0.000 -0.659 -0.245 0.823 -0.000 -0.158 0.545 
-0.444 0.070 -0.001 -0.894 0.710 0.000 -0.695 0.115 0.964 0.000 0.023 -0.265 0.758 0.000 -0.638 0.139 0.959 0.000 -0.035 -0.282 0.594 -0.000 -0.804 -0.036 0.988 0.000 0.042 0.146 0.705 -0.000 -0.657 -0.266 0.827 0.000 -0.171 0.536 
-0.457 0.072 -0.002 -0.887 0.711 -0.000 -0.695 0.111 0.962 0.000 0.012 -0.271 0.756 -0.000 -0.638 0.147 0.959 -0.000 -0.028 -0.282 0.592 0.000 -0.806 -0.019 0.989 -0.000 0.050 0.142 0.713 0.000 -0.651 -0.259 0.839 0.000 -0.175 0.515 
-0.458 0.068 -0.001 -0.886 0.712 -0.000 -0.694 0.103 0.961 0.000 0.013 -0.275 0.754 0.000 -0.639 0.148 0.959 -0.000 -0.026 -0.282 0.593 0.000 -0.805 -0.014 0.989 0.000 0.052 0.141 0.712 0.000 -0.645 -0.278 0.843 0.000 -0.186 0.504 
-0.463 0.066 -0.001 -0.884 0.714 0.000 -0.694 0.096 0.960 0.000 0.011 -0.279 0.753 0.000 -0.641 0.151 0.960 0.000 -0.022 -0.281 0.595 -0.000 -0.804 -0.004 0.989 0.000 0.055 0.137 0.711 0.000 -0.642 -0.288 0.851 0.000 -0.190 0.489 
-0.468 0.062 -0.002 -0.881 0.717 0.000 -0.692 0.089 0.959 0.000 0.009 -0.283 0.749 0.000 -0.644 0.155 0.960 0.000 -0.018 -0.278 0.598 0.000 -0.802 0.006 0.989 0.000 0.059 0.134 0.706 0.000 -0.644 -0.295 0.862 0.000 -0.188 0.472 
-0.471 0.060 -0.002 -0.880 0.718 0.000 -0.692 0.080 0.958 0.000 0.009 -0.286 0.748 0.000 -0.645 0.157 0.961 -0.000 -0.016 -0.277 0.599 0.000 -0.801 0.013 0.990 0.000 0.062 0.130 0.705 0.000 -0.640 -0.307 0.869 0.000 -0.189 0.456 
-0.475 0.058 -0.001 -0.878 0.718 -0.000 -0.692 0.074 0.957 0.000 0.009 -0.290 0.746 0.000 -0.646 0.159 0.961 0.000 -0.012 -0.277 0.600 -0.000 -0.800 0.022 0.990 -0.000 0.066 0.127 0.704 0.000 -0.637 -0.314 0.879 0.000 -0.186 0.439 
-0.480 0.057 0.001 -0.875 0.718 0.000 -0.693 0.064 0.956 0.000 0.011 -0.292 0.746 -0.000 -0.647 0.160 0.961 -0.000 -0.007 -0.276 0.600 0.000 -0.800 0.023 0.990 0.000 0.068 0.127 0.705 0.000 -0.631 -0.323 0.887 0.000 -0.185 0.423 
-0.482 0.055 0.001 -0.874 0.719 0.000 -0.693 0.056 0.956 0.000 0.014 -0.293 0.744 0.000 -0.648 0.163 0.961 0.000 -0.006 -0.275 0.600 0.000 -0.799 0.033 0.990 0.000 0.072 0.123 0.703 -0.000 -0.631 -0.329 0.897 0.000 -0.177 0.405 
-0.486 0.054 0.002 -0.873 0.719 -0.000 -0.693 0.048 0.955 -0.000 0.014 -0.295 0.743 0.000 -0.648 0.165 0.962 0.000 -0.003 -0.274 0.599 -0.000 -0.799 0.041 0.990 0.000 0.077 0.118 0.702 0.000 -0.629 -0.334 0.908 0.000 -0.167 0.384 
-0.488 0.053 0.003 -0.871 0.718 0.000 -0.694 0.040 0.955 0.000 0.016 -0.297 0.743 0.000 -0.649 0.166 0.962 0.000 -0.001 -0.273 0.600 -0.000 -0.798 0.050 0.990 0.000 0.078 0.115 0.702 0.000 -0.627 -0.338 0.918 0.000 -0.155 0.364 
-0.491 0.053 0.005 -0.870 0.717 0.000 -0.696 0.032 0.954 0.000 0.017 -0.299 0.743 0.000 -0.648 0.167 0.962 0.000 0.003 -0.271 0.601 0.000 -0.797 0.054 0.990 0.000 0.079 0.114 0.703 -0.000 -0.624 -0.341 0.927 0.000 -0.142 0.346 
-0.492 0.052 0.006 -0.869 0.717 0.000 -0.696 0.024 0.954 0.000 0.018 -0.300 0.742 0.000 -0.649 0.169 0.963 0.000 0.004 -0.270 0.603 0.000 -0.795 0.063 0.991 0.000 0.079 0.109 0.702 0.000 -0.624 -0.343 0.937 0.000 -0.127 0.325 
-0.494 0.052 0.008 -0.868 0.716 0.000 -0.698 0.017 0.953 0.000 0.020 -0.302 0.743 0.000 -0.648 0.170 0.963 -0.000 0.007 -0.268 0.601 0.000 -0.796 0.070 0.991 0.000 0.081 0.106 0.702 -0.000 -0.623 -0.345 0.946 -0.000 -0.109 0.305 
-0.494 0.053 0.010 -0.868 0.714 0.000 -0.700 0.010 0.953 -0.000 0.023 -0.303 0.743 0.000 -0.647 0.171 0.964 0.000 0.010 -0.266 0.601 0.000 -0.795 0.080 0.991 -0.000 0.083 0.102 0.703 -0.000 -0.623 -0.344 0.955 0.000 -0.091 0.283 
-0.495 0.054 0.012 -0.867 0.713 0.000 -0.701 0.004 0.952 0.000 0.024 -0.305 0.744 0.000 -0.645 0.172 0.964 0.000 0.012 -0.265 0.600 0.000 -0.795 0.089 0.992 0.000 0.083 0.098 0.704 -0.000 -0.622 -0.344 0.963 -0.000 -0.073 0.261 
-0.496 0.055 0.014 -0.867 0.711 0.000 -0.703 -0.003 0.951 0.000 0.026 -0.307 0.745 0.000 -0.644 0.174 0.964 0.000 0.015 -0.265 0.599 -0.000 -0.795 0.098 0.992 -0.000 0.084 0.095 0.704 0.000 -0.622 -0.342 0.970 0.000 -0.053 0.238 
-0.496 0.056 0.016 -0.866 0.709 0.000 -0.705 -0.009 0.951 0.000 0.028 -0.308 0.746 0.000 -0.643 0.174 0.965 0.000 0.018 -0.263 0.599 0.000 -0.794 0.107 0.992 0.000 0.084 0.091 0.704 0.000 -0.623 -0.341 0.976 0.000 -0.034 0.214 
-0.496 0.058 0.019 -0.866 0.707 0.000 -0.707 -0.015 0.951 0.000 0.028 -0.309 0.747 -0.000 -0.641 0.174 0.965 0.000 0.021 -0.260 0.596 0.000 -0.794 0.117 0.992 0.000 0.086 0.087 0.705 0.000 -0.623 -0.340 0.981 0.000 -0.013 0.194 
-0.496 0.061 0.021 -0.866 0.704 0.000 -0.710 -0.021 0.950 0.000 0.031 -0.310 0.749 -0.000 -0.639 0.174 0.966 -0.000 0.024 -0.258 0.595 0.000 -0.794 0.126 0.993 0.000 0.086 0.083 0.705 0.000 -0.623 -0.339 0.985 0.000 0.005 0.174 
-0.497 0.062 0.024 -0.865 0.703 0.000 -0.711 -0.027 0.950 0.000 0.033 -0.311 0.750 0.000 -0.638 0.174 0.966 0.000 0.027 -0.255 0.593 0.000 -0.794 0.135 0.993 0.000 0.088 0.080 0.706 0.000 -0.623 -0.338 0.988 0.000 0.022 0.155 
-0.497 0.064 0.025 -0.865 0.701 0.000 -0.712 -0.032 0.950 0.000 0.033 -0.311 0.751 0.000 -0.637 0.174 0.967 0.000 0.032 -0.253 0.593 0.000 -0.792 0.145 0.993 0.000 0.087 0.077 0.706 0.000 -0.623 -0.338 0.990 0.000 0.037 0.139 
-0.498 0.065 0.027 -0.864 0.700 0.000 -0.713 -0.038 0.950 -0.000 0.032 -0.312 0.752 -0.000 -0.636 0.175 0.967 0.000 0.033 -0.251 0.592 -0.000 -0.791 0.155 0.993 0.000 0.088 0.073 0.705 0.000 -0.623 -0.339 0.991 0.000 0.050 0.125 
-0.499 0.067 0.028 -0.864 0.699 0.000 -0.714 -0.042 0.950 -0.000 0.033 -0.312 0.752 0.000 -0.635 0.175 0.968 0.000 0.035 -0.248 0.591 0.000 -0.789 0.166 0.993 0.000 0.089 0.071 0.705 0.000 -0.623 -0.338 0.992 0.000 0.059 0.114 
-0.500 0.067 0.028 -0.863 0.699 0.000 -0.714 -0.047 0.950 0.000 0.032 -0.312 0.752 0.000 -0.636 0.176 0.968 0.000 0.038 -0.246 0.593 -0.000 -0.786 0.175 0.994 -0.000 0.089 0.069 0.704 0.000 -0.624 -0.338 0.992 -0.000 0.066 0.104 
-0.502 0.067 0.029 -0.862 0.698 -0.000 -0.714 -0.050 0.949 -0.000 0.030 -0.313 0.752 0.000 -0.635 0.177 0.969 -0.000 0.040 -0.244 0.593 0.000 -0.784 0.185 0.994 -0.000 0.090 0.068 0.706 -0.000 -0.624 -0.337 0.993 0.000 0.068 0.097 
-0.505 0.066 0.028 -0.860 0.699 0.000 -0.713 -0.052 0.949 0.000 0.028 -0.313 0.750 0.000 -0.637 0.178 0.969 0.000 0.043 -0.242 0.595 0.000 -0.780 0.194 0.994 0.000 0.092 0.067 0.705 0.000 -0.626 -0.335 0.993 -0.000 0.068 0.093 
-0.507 0.066 0.027 -0.859 0.700 0.000 -0.712 -0.055 0.949 0.000 0.028 -0.313 0.749 0.000 -0.638 0.180 0.970 0.000 0.043 -0.241 0.598 0.000 -0.776 0.202 0.993 -0.000 0.093 0.067 0.704 0.000 -0.626 -0.334 0.993 0.000 0.065 0.094 
-0.510 0.065 0.026 -0.858 0.700 0.000 -0.712 -0.057 0.950 0.000 0.025 -0.313 0.748 -0.000 -0.639 0.181 0.970 0.000 0.044 -0.238 0.601 -0.000 -0.771 0.210 0.993 0.000 0.094 0.067 0.704 0.000 -0.626 -0.335 0.993 0.000 0.061 0.098 
-0.512 0.065 0.025 -0.856 0.701 0.000 -0.711 -0.058 0.950 0.000 0.023 -0.312 0.747 0.000 -0.639 0.182 0.970 0.000 0.045 -0.237 0.604 0.000 -0.767 0.217 0.993 0.000 0.096 0.070 0.704 0.000 -0.626 -0.335 0.993 0.000 0.055 0.105 
-0.514 0.064 0.024 -0.855 0.702 0.000 -0.710 -0.059 0.950 0.000 0.022 -0.312 0.746 0.000 -0.640 0.183 0.971 0.000 0.044 -0.234 0.606 -0.000 -0.763 0.224 0.993 -0.000 0.099 0.072 0.703 0.000 -0.627 -0.335 0.992 0.000 0.048 0.114 
-0.516 0.063 0.022 -0.854 0.703 -0.000 -0.708 -0.059 0.950 0.000 0.020 -0.312 0.745 -0.000 -0.642 0.184 0.971 0.000 0.045 -0.233 0.610 0.000 -0.758 0.229 0.992 0.000 0.100 0.076 0.702 0.000 -0.628 -0.335 0.991 -0.000 0.042 0.124 
-0.518 0.062 0.020 -0.853 0.704 0.000 -0.708 -0.057 0.950 0.000 0.019 -0.312 0.744 0.000 -0.642 0.185 0.972 0.000 0.045 -0.233 0.614 0.000 -0.754 0.235 0.991 0.000 0.103 0.080 0.702 -0.000 -0.628 -0.336 0.990 0.000 0.034 0.133 
-0.520 0.061 0.019 -0.852 0.705 0.000 -0.707 -0.056 0.950 -0.000 0.014 -0.311 0.743 0.000 -0.643 0.186 0.972 0.000 0.045 -0.232 0.617 0.000 -0.750 0.239 0.991 -0.000 0.106 0.086 0.701 -0.000 -0.630 -0.335 0.990 -0.000 0.027 0.142 
-0.522 0.061 0.017 -0.850 0.706 -0.000 -0.707 -0.054 0.950 0.000 0.012 -0.311 0.742 -0.000 -0.644 0.188 0.972 0.000 0.045 -0.233 0.620 -0.000 -0.746 0.244 0.990 0.000 0.109 0.091 0.702 -0.000 -0.630 -0.332 0.989 0.000 0.020 0.148 
-0.524 0.062 0.016 -0.849 0.706 0.000 -0.706 -0.051 0.950 0.000 0.009 -0.311 0.741 -0.000 -0.644 0.189 0.971 0.000 0.044 -0.233 0.622 0.000 -0.743 0.248 0.989 0.000 0.113 0.097 0.702 0.000 -0.631 -0.329 0.988 -0.000 0.013 0.155 
-0.526 0.062 0.013 -0.848 0.707 0.000 -0.706 -0.047 0.951 0.000 0.006 -0.310 0.741 0.000 -0.644 0.191 0.971 0.000 0.044 -0.233 0.625 0.000 -0.739 0.252 0.988 0.000 0.117 0.104 0.701 0.000 -0.635 -0.325 0.987 0.000 0.010 0.162 
-0.527 0.062 0.011 -0.848 0.708 -0.000 -0.705 -0.043 0.951 0.000 0.006 -0.310 0.740 0.000 -0.644 0.193 0.971 0.000 0.043 -0.234 0.627 -0.000 -0.735 0.257 0.987 0.000 0.122 0.109 0.699 0.000 -0.640 -0.321 0.985 0.000 0.008 0.170 
-0.528 0.060 0.008 -0.847 0.709 0.000 -0.704 -0.038 0.951 0.000 0.001 -0.310 0.739 0.000 -0.645 0.195 0.971 0.000 0.043 -0.235 0.633 0.000 -0.730 0.260 0.986 0.000 0.123 0.116 0.696 0.000 -0.645 -0.316 0.984 0.000 0.006 0.176 
-0.528 0.060 0.005 -0.847 0.711 0.000 -0.703 -0.033 0.952 -0.000 -0.001 -0.307 0.738 0.000 -0.646 0.197 0.971 0.000 0.041 -0.235 0.636 0.000 -0.726 0.263 0.984 -0.000 0.128 0.125 0.693 0.000 -0.650 -0.311 0.983 0.000 0.003 0.184 
-0.527 0.058 0.002 -0.848 0.713 0.000 -0.700 -0.028 0.953 -0.000 -0.001 -0.304 0.736 0.000 -0.648 0.199 0.971 -0.000 0.041 -0.236 0.640 0.000 -0.722 0.264 0.982 -0.000 0.132 0.133 0.690 0.000 -0.656 -0.306 0.982 -0.000 -0.003 0.191 
-0.526 0.055 -0.002 -0.848 0.717 -0.000 -0.697 -0.023 0.953 -0.000 -0.006 -0.302 0.733 0.000 -0.650 0.200 0.971 0.000 0.039 -0.236 0.645 0.000 -0.717 0.264 0.980 -0.000 0.135 0.144 0.688 0.000 -0.661 -0.300 0.981 0.000 -0.009 0.194 
-0.525 0.052 -0.006 -0.850 0.720 0.000 -0.694 -0.018 0.954 0.000 -0.005 -0.299 0.731 0.000 -0.652 0.201 0.971 0.000 0.038 -0.237 0.648 -0.000 -0.715 0.262 0.978 0.000 0.140 0.157 0.684 0.000 -0.666 -0.297 0.979 0.000 -0.016 0.202 
-0.522 0.050 -0.009 -0.851 0.723 0.000 -0.691 -0.012 0.955 0.000 -0.008 -0.295 0.730 0.000 -0.654 0.200 0.971 0.000 0.036 -0.236 0.651 0.000 -0.714 0.256 0.974 0.000 0.145 0.174 0.682 0.000 -0.670 -0.293 0.978 0.000 -0.024 0.206 
-0.519 0.047 -0.013 -0.853 0.725 0.000 -0.688 -0.007 0.957 0.000 -0.008 -0.292 0.729 0.000 -0.656 0.198 0.971 0.000 0.034 -0.235 0.653 0.000 -0.716 0.247 0.969 -0.000 0.151 0.194 0.680 0.000 -0.674 -0.289 0.977 0.000 -0.032 0.211 
-0.516 0.045 -0.015 -0.855 0.728 0.000 -0.686 -0.002 0.958 0.000 -0.009 -0.288 0.727 0.000 -0.657 0.197 0.971 0.000 0.033 -0.236 0.655 0.000 -0.718 0.234 0.963 -0.000 0.155 0.219 0.677 0.000 -0.679 -0.284 0.976 0.000 -0.036 0.215 
-0.512 0.043 -0.018 -0.858 0.730 0.000 -0.683 0.004 0.959 0.000 -0.008 -0.284 0.727 0.000 -0.659 0.195 0.971 0.000 0.031 -0.237 0.657 0.000 -0.721 0.222 0.957 0.000 0.157 0.246 0.673 0.000 -0.686 -0.276 0.976 -0.000 -0.036 0.217 
-0.511 0.042 -0.019 -0.858 0.731 0.000 -0.683 0.008 0.960 0.000 -0.009 -0.281 0.727 0.000 -0.660 0.191 0.971 0.000 0.031 -0.236 0.660 0.000 -0.725 0.197 0.948 0.000 0.152 0.281 0.672 0.000 -0.690 -0.270 0.975 0.000 -0.038 0.217 
-0.508 0.040 -0.020 -0.860 0.732 -0.000 -0.681 0.014 0.960 0.000 -0.008 -0.279 0.726 0.000 -0.662 0.188 0.971 0.000 0.032 -0.237 0.664 0.000 -0.727 0.175 0.938 0.000 0.144 0.315 0.669 0.000 -0.696 -0.261 0.976 -0.000 -0.035 0.216 
-0.505 0.040 -0.020 -0.862 0.732 -0.000 -0.681 0.019 0.961 0.000 -0.008 -0.278 0.727 -0.000 -0.661 0.184 0.971 0.000 0.032 -0.239 0.666 0.000 -0.730 0.152 0.928 0.000 0.133 0.349 0.667 0.000 -0.702 -0.250 0.976 0.000 -0.031 0.213 
-0.496 0.040 -0.023 -0.867 0.733 -0.000 -0.679 0.028 0.961 -0.000 -0.005 -0.275 0.728 0.000 -0.661 0.182 0.970 -0.000 0.028 -0.241 0.665 0.000 -0.734 0.143 0.919 0.000 0.125 0.373 0.663 0.000 -0.711 -0.235 0.978 0.000 -0.022 0.210 
-0.493 0.039 -0.023 -0.869 0.734 0.000 -0.679 0.032 0.962 0.000 -0.004 -0.273 0.729 0.000 -0.661 0.178 0.970 0.000 0.026 -0.244 0.667 -0.000 -0.736 0.120 0.908 0.000 0.113 0.403 0.661 0.000 -0.716 -0.224 0.979 0.000 -0.017 0.205 
-0.496 0.038 -0.020 -0.867 0.733 0.000 -0.680 0.032 0.963 0.000 -0.005 -0.271 0.730 0.000 -0.662 0.171 0.969 0.000 0.029 -0.245 0.671 0.000 -0.737 0.082 0.895 0.000 0.094 0.436 0.661 0.000 -0.718 -0.216 0.980 0.000 -0.015 0.200 
-0.494 0.037 -0.019 -0.868 0.733 0.000 -0.679 0.035 0.963 0.000 -0.005 -0.270 0.730 0.000 -0.663 0.167 0.968 0.000 0.028 -0.248 0.672 0.000 -0.738 0.057 0.885 0.000 0.076 0.460 0.661 0.000 -0.721 -0.207 0.981 0.000 -0.013 0.196 
-0.493 0.036 -0.019 -0.869 0.734 0.000 -0.678 0.038 0.963 0.000 -0.007 -0.268 0.731 0.000 -0.663 0.162 0.968 0.000 0.028 -0.251 0.673 0.000 -0.739 0.030 0.875 0.000 0.058 0.481 0.659 0.000 -0.726 -0.197 0.981 0.000 -0.009 0.192 
-0.494 0.034 -0.018 -0.869 0.735 0.000 -0.677 0.039 0.964 0.000 -0.009 -0.266 0.731 0.000 -0.664 0.157 0.967 0.000 0.028 -0.252 0.675 -0.000 -0.738 0.000 0.864 0.000 0.037 0.503 0.657 0.000 -0.730 -0.190 0.982 -0.000 -0.005 0.188 
-0.494 0.034 -0.017 -0.869 0.735 0.000 -0.677 0.042 0.964 0.000 -0.010 -0.265 0.733 0.000 -0.663 0.152 0.967 0.000 0.027 -0.254 0.674 0.000 -0.739 -0.026 0.853 0.000 0.018 0.521 0.655 -0.000 -0.734 -0.180 0.983 0.000 0.001 0.184 
-0.488 0.036 -0.017 -0.872 0.733 0.000 -0.678 0.048 0.965 0.000 -0.010 -0.262 0.737 0.000 -0.659 0.150 0.966 0.000 0.021 -0.258 0.668 -0.000 -0.743 -0.038 0.847 -0.000 0.005 0.531 0.654 0.000 -0.738 -0.165 0.983 -0.000 0.010 0.181 
-0.482 0.035 -0.018 -0.875 0.734 0.000 -0.677 0.054 0.965 0.000 -0.008 -0.263 0.738 0.000 -0.659 0.147 0.965 0.000 0.016 -0.260 0.672 0.000 -0.739 -0.053 0.842 0.000 -0.014 0.539 0.650 0.000 -0.744 -0.154 0.984 0.000 0.018 0.179 
-0.480 0.035 -0.017 -0.876 0.733 0.000 -0.677 0.057 0.965 0.000 -0.008 -0.263 0.741 0.000 -0.657 0.141 0.965 0.000 0.013 -0.263 0.670 0.000 -0.738 -0.077 0.835 0.000 -0.036 0.549 0.650 0.000 -0.746 -0.146 0.984 -0.000 0.023 0.176 
-0.480 0.035 -0.016 -0.876 0.733 0.000 -0.678 0.061 0.965 0.000 -0.008 -0.263 0.743 0.000 -0.656 0.136 0.964 -0.000 0.011 -0.265 0.669 0.000 -0.736 -0.102 0.829 0.000 -0.056 0.557 0.649 0.000 -0.749 -0.135 0.985 0.000 0.028 0.171 
-0.479 0.038 -0.013 -0.877 0.730 0.000 -0.680 0.066 0.964 0.000 -0.013 -0.267 0.747 0.000 -0.652 0.130 0.964 0.000 0.010 -0.266 0.665 -0.000 -0.736 -0.125 0.824 0.000 -0.077 0.561 0.651 0.000 -0.749 -0.124 0.985 0.000 0.033 0.167 
-0.476 0.040 -0.011 -0.878 0.728 0.000 -0.682 0.070 0.964 0.000 -0.012 -0.267 0.751 0.000 -0.649 0.123 0.964 0.000 0.007 -0.266 0.662 0.000 -0.735 -0.147 0.821 0.000 -0.099 0.562 0.651 -0.000 -0.750 -0.115 0.986 0.000 0.038 0.165 
-0.472 0.042 -0.009 -0.881 0.726 0.000 -0.684 0.075 0.963 -0.000 -0.010 -0.268 0.755 -0.000 -0.646 0.116 0.964 0.000 0.002 -0.267 0.659 0.000 -0.733 -0.167 0.819 -0.000 -0.121 0.561 0.652 0.000 -0.751 -0.107 0.986 0.000 0.043 0.162 
-0.467 0.044 -0.008 -0.883 0.724 0.000 -0.685 0.080 0.963 -0.000 -0.007 -0.268 0.758 0.000 -0.643 0.109 0.963 0.000 -0.002 -0.268 0.657 0.000 -0.730 -0.187 0.818 0.000 -0.145 0.556 0.653 0.000 -0.751 -0.097 0.987 0.000 0.047 0.156 
-0.461 0.046 -0.006 -0.886 0.722 0.000 -0.687 0.085 0.964 0.000 -0.003 -0.267 0.762 0.000 -0.640 0.103 0.963 0.000 -0.007 -0.270 0.656 0.000 -0.727 -0.204 0.819 0.000 -0.168 0.549 0.654 0.000 -0.751 -0.089 0.987 0.000 0.051 0.154 
-0.454 0.047 -0.004 -0.890 0.720 0.000 -0.689 0.089 0.963 0.000 0.002 -0.268 0.765 0.000 -0.637 0.095 0.962 0.000 -0.011 -0.271 0.654 0.000 -0.723 -0.224 0.820 0.000 -0.190 0.539 0.653 -0.000 -0.753 -0.086 0.986 -0.000 0.057 0.154 
-0.449 0.050 -0.002 -0.892 0.717 0.000 -0.691 0.094 0.964 0.000 0.005 -0.267 0.769 0.000 -0.633 0.089 0.962 -0.000 -0.017 -0.273 0.651 0.000 -0.720 -0.240 0.823 0.000 -0.207 0.529 0.655 0.000 -0.752 -0.076 0.987 0.000 0.060 0.150 
-0.444 0.052 0.000 -0.894 0.714 0.000 -0.693 0.099 0.964 0.000 0.008 -0.267 0.772 -0.000 -0.631 0.084 0.961 0.000 -0.020 -0.275 0.649 0.000 -0.717 -0.256 0.826 0.000 -0.221 0.518 0.657 0.000 -0.751 -0.067 0.987 0.000 0.063 0.145 
-0.440 0.055 0.002 -0.896 0.710 0.000 -0.696 0.104 0.964 0.000 0.015 -0.265 0.775 0.000 -0.627 0.078 0.961 0.000 -0.024 -0.277 0.646 0.000 -0.714 -0.270 0.830 0.000 -0.236 0.506 0.659 0.000 -0.750 -0.057 0.988 0.000 0.065 0.141 
-0.435 0.058 0.004 -0.899 0.707 0.000 -0.699 0.109 0.964 0.000 0.021 -0.265 0.778 0.000 -0.624 0.073 0.960 -0.000 -0.030 -0.280 0.644 -0.000 -0.711 -0.283 0.836 0.000 -0.243 0.492 0.662 -0.000 -0.748 -0.050 0.988 0.000 0.067 0.140 
-0.429 0.060 0.006 -0.901 0.703 -0.000 -0.702 0.115 0.964 0.000 0.028 -0.266 0.782 0.000 -0.620 0.067 0.959 0.000 -0.035 -0.282 0.642 0.000 -0.707 -0.295 0.842 0.000 -0.252 0.477 0.663 0.000 -0.748 -0.041 0.988 -0.000 0.071 0.136 
-0.425 0.063 0.008 -0.903 0.699 0.000 -0.705 0.119 0.963 -0.000 0.034 -0.266 0.785 -0.000 -0.616 0.062 0.958 0.000 -0.039 -0.283 0.639 0.000 -0.704 -0.310 0.848 0.000 -0.259 0.463 0.666 0.000 -0.745 -0.033 0.989 0.000 0.072 0.132 
-0.422 0.065 0.010 -0.904 0.696 0.000 -0.708 0.122 0.963 0.000 0.041 -0.265 0.788 0.000 -0.613 0.055 0.957 0.000 -0.044 -0.285 0.636 0.000 -0.699 -0.327 0.852 0.000 -0.266 0.451 0.668 0.000 -0.743 -0.026 0.989 0.000 0.074 0.129 
-0.418 0.067 0.011 -0.906 0.693 -0.000 -0.710 0.127 0.963 -0.000 0.048 -0.264 0.790 0.000 -0.610 0.050 0.957 0.000 -0.048 -0.287 0.634 0.000 -0.696 -0.338 0.859 0.000 -0.266 0.438 0.670 0.000 -0.742 -0.018 0.989 -0.000 0.075 0.126 
-0.413 0.068 0.012 -0.908 0.689 0.000 -0.713 0.131 0.963 0.000 0.055 -0.263 0.793 0.000 -0.607 0.044 0.956 0.000 -0.053 -0.289 0.632 0.000 -0.693 -0.347 0.868 0.000 -0.262 0.423 0.672 0.000 -0.741 -0.012 0.989 0.000 0.077 0.124 
-0.411 0.071 0.014 -0.909 0.686 0.000 -0.715 0.135 0.964 0.000 0.062 -0.260 0.796 0.000 -0.604 0.040 0.955 0.000 -0.056 -0.290 0.627 0.000 -0.693 -0.355 0.876 0.000 -0.255 0.410 0.676 0.000 -0.737 -0.000 0.990 -0.000 0.078 0.119 
-0.408 0.073 0.014 -0.910 0.683 0.000 -0.717 0.139 0.964 0.000 0.068 -0.257 0.798 0.000 -0.602 0.035 0.954 0.000 -0.060 -0.292 0.625 0.000 -0.692 -0.362 0.885 0.000 -0.245 0.396 0.677 -0.000 -0.736 0.009 0.990 -0.000 0.081 0.116 
-0.405 0.073 0.015 -0.911 0.681 0.000 -0.719 0.141 0.964 0.000 0.076 -0.253 0.799 -0.000 -0.600 0.030 0.954 0.000 -0.065 -0.294 0.622 0.000 -0.690 -0.369 0.895 -0.000 -0.232 0.380 0.677 -0.000 -0.736 0.016 0.990 0.000 0.085 0.114 
-0.403 0.074 0.016 -0.912 0.678 0.000 -0.720 0.144 0.965 0.000 0.082 -0.251 0.801 0.000 -0.598 0.026 0.952 0.000 -0.068 -0.297 0.620 0.000 -0.689 -0.375 0.904 0.000 -0.218 0.367 0.678 0.000 -0.735 0.025 0.990 0.000 0.088 0.110 
-0.401 0.074 0.016 -0.913 0.677 0.000 -0.721 0.146 0.965 0.000 0.087 -0.246 0.802 0.000 -0.597 0.021 0.952 -0.000 -0.071 -0.298 0.618 -0.000 -0.688 -0.380 0.914 -0.000 -0.201 0.353 0.677 0.000 -0.735 0.033 0.990 0.000 0.091 0.108 
-0.399 0.073 0.017 -0.914 0.676 -0.000 -0.722 0.148 0.966 0.000 0.092 -0.243 0.802 0.000 -0.597 0.017 0.951 0.000 -0.074 -0.300 0.616 0.000 -0.688 -0.384 0.923 -0.000 -0.183 0.338 0.678 0.000 -0.734 0.041 0.990 0.000 0.093 0.105 
-0.396 0.072 0.017 -0.915 0.676 0.000 -0.722 0.149 0.967 0.000 0.095 -0.236 0.802 0.000 -0.597 0.011 0.950 0.000 -0.077 -0.302 0.615 -0.000 -0.687 -0.386 0.931 0.000 -0.165 0.326 0.677 -0.000 -0.734 0.047 0.990 0.000 0.094 0.103 
-0.395 0.071 0.017 -0.916 0.675 0.000 -0.723 0.149 0.968 -0.000 0.101 -0.228 0.802 0.000 -0.597 0.007 0.950 -0.000 -0.081 -0.303 0.614 0.000 -0.688 -0.387 0.940 0.000 -0.145 0.310 0.677 -0.000 -0.734 0.055 0.990 0.000 0.094 0.100 
-0.393 0.069 0.018 -0.917 0.675 0.000 -0.722 0.149 0.970 0.000 0.104 -0.222 0.802 0.000 -0.598 0.003 0.949 0.000 -0.082 -0.306 0.613 -0.000 -0.689 -0.387 0.948 0.000 -0.122 0.293 0.677 -0.000 -0.733 0.062 0.991 0.000 0.095 0.098 
-0.392 0.067 0.018 -0.917 0.676 0.000 -0.722 0.150 0.970 0.000 0.106 -0.218 0.801 0.000 -0.599 -0.001 0.948 0.000 -0.084 -0.307 0.613 0.000 -0.690 -0.386 0.956 0.000 -0.099 0.276 0.676 0.000 -0.733 0.069 0.991 0.000 0.096 0.096 
-0.391 0.066 0.018 -0.918 0.676 0.000 -0.721 0.151 0.971 0.000 0.109 -0.213 0.801 0.000 -0.599 -0.005 0.947 0.000 -0.085 -0.309 0.612 0.000 -0.692 -0.384 0.963 -0.000 -0.076 0.257 0.677 -0.000 -0.732 0.078 0.991 0.000 0.096 0.092 
