# T   LUA LFA RUA RFA LT  LS  RT  RS  
0.999 -0.013 0.009 0.030 0.699 -0.000 -0.707 0.103 0.966 0.000 0.047 -0.255 0.738 0.000 -0.663 0.124 0.956 0.000 -0.046 -0.290 0.636 0.000 -0.771 0.029 0.986 0.000 0.087 0.139 0.611 0.000 -0.791 -0.041 0.977 -0.000 0.102 0.188 
0.999 -0.012 0.008 0.031 0.699 -0.000 -0.707 0.104 0.965 0.000 0.048 -0.257 0.739 0.000 -0.662 0.124 0.956 0.000 -0.048 -0.289 0.637 0.000 -0.771 0.021 0.985 0.000 0.084 0.149 0.611 0.000 -0.791 -0.044 0.977 0.000 0.101 0.189 
0.999 -0.011 0.008 0.032 0.699 0.000 -0.708 0.104 0.965 0.000 0.048 -0.258 0.740 0.000 -0.662 0.123 0.956 0.000 -0.049 -0.289 0.638 0.000 -0.770 0.013 0.984 0.000 0.080 0.159 0.610 0.000 -0.791 -0.046 0.976 0.000 0.101 0.191 
0.999 -0.010 0.007 0.034 0.698 0.000 -0.708 0.105 0.964 -0.000 0.049 -0.260 0.741 0.000 -0.660 0.123 0.956 0.000 -0.052 -0.288 0.639 0.000 -0.769 0.003 0.982 0.000 0.075 0.171 0.610 0.000 -0.791 -0.048 0.976 0.000 0.100 0.193 
0.999 -0.010 0.007 0.035 0.698 0.000 -0.708 0.105 0.964 -0.000 0.050 -0.262 0.742 0.000 -0.659 0.123 0.956 0.000 -0.054 -0.287 0.640 0.000 -0.768 -0.007 0.981 0.000 0.069 0.183 0.610 0.000 -0.791 -0.050 0.976 0.000 0.100 0.195 
0.999 -0.009 0.007 0.037 0.698 -0.000 -0.708 0.106 0.963 0.000 0.051 -0.263 0.743 0.000 -0.658 0.122 0.956 0.000 -0.056 -0.287 0.642 -0.000 -0.766 -0.018 0.979 0.000 0.061 0.197 0.610 0.000 -0.791 -0.052 0.975 0.000 0.100 0.196 
0.999 -0.008 0.006 0.039 0.698 0.000 -0.708 0.107 0.963 0.000 0.051 -0.266 0.744 -0.000 -0.657 0.122 0.956 0.000 -0.059 -0.287 0.644 0.000 -0.764 -0.029 0.976 0.000 0.053 0.210 0.609 0.000 -0.791 -0.053 0.975 0.000 0.101 0.198 
0.999 -0.007 0.006 0.040 0.698 0.000 -0.708 0.106 0.963 0.000 0.052 -0.266 0.745 0.000 -0.656 0.122 0.956 0.000 -0.061 -0.287 0.646 0.000 -0.762 -0.040 0.974 0.000 0.045 0.223 0.609 0.000 -0.792 -0.055 0.975 0.000 0.101 0.199 
0.999 -0.007 0.006 0.042 0.698 0.000 -0.709 0.106 0.962 0.000 0.054 -0.267 0.746 0.000 -0.655 0.122 0.956 0.000 -0.063 -0.287 0.649 0.000 -0.759 -0.052 0.971 0.000 0.035 0.237 0.608 0.000 -0.792 -0.056 0.975 0.000 0.100 0.200 
0.999 -0.006 0.006 0.043 0.698 0.000 -0.709 0.106 0.962 -0.000 0.055 -0.268 0.747 0.000 -0.654 0.123 0.956 0.000 -0.066 -0.287 0.651 0.000 -0.756 -0.064 0.968 0.000 0.025 0.250 0.608 0.000 -0.792 -0.057 0.974 0.000 0.100 0.201 
0.999 -0.006 0.006 0.045 0.697 0.000 -0.709 0.106 0.961 0.000 0.056 -0.269 0.747 0.000 -0.653 0.123 0.955 0.000 -0.069 -0.287 0.653 0.000 -0.753 -0.074 0.965 0.000 0.014 0.263 0.607 0.000 -0.793 -0.058 0.974 0.000 0.101 0.202 
0.999 -0.005 0.006 0.046 0.698 0.000 -0.708 0.106 0.961 0.000 0.057 -0.270 0.749 0.000 -0.651 0.123 0.955 0.000 -0.072 -0.286 0.655 0.000 -0.751 -0.085 0.961 0.000 0.004 0.275 0.606 -0.000 -0.793 -0.058 0.974 0.000 0.101 0.202 
0.999 -0.005 0.006 0.046 0.698 0.000 -0.708 0.107 0.961 0.000 0.056 -0.272 0.749 0.000 -0.650 0.124 0.955 0.000 -0.074 -0.286 0.658 0.000 -0.747 -0.095 0.958 0.000 -0.005 0.287 0.606 0.000 -0.794 -0.056 0.974 0.000 0.102 0.202 
0.999 -0.005 0.006 0.048 0.698 0.000 -0.708 0.107 0.961 -0.000 0.058 -0.271 0.751 0.000 -0.649 0.124 0.955 -0.000 -0.077 -0.285 0.659 0.000 -0.745 -0.107 0.954 0.000 -0.015 0.300 0.605 0.000 -0.794 -0.056 0.974 0.000 0.102 0.202 
0.999 -0.005 0.005 0.049 0.697 0.000 -0.709 0.106 0.961 -0.000 0.061 -0.270 0.752 0.000 -0.648 0.124 0.955 0.000 -0.079 -0.285 0.659 0.000 -0.742 -0.119 0.950 0.000 -0.026 0.313 0.605 0.000 -0.794 -0.056 0.974 0.000 0.103 0.203 
0.999 -0.004 0.004 0.050 0.696 -0.000 -0.710 0.107 0.960 0.000 0.061 -0.271 0.753 0.000 -0.646 0.124 0.955 0.000 -0.082 -0.284 0.660 0.000 -0.740 -0.132 0.945 0.000 -0.037 0.326 0.605 0.000 -0.794 -0.056 0.974 0.000 0.103 0.203 
0.999 -0.004 0.003 0.052 0.695 0.000 -0.710 0.109 0.960 -0.000 0.062 -0.274 0.755 0.000 -0.644 0.123 0.956 -0.000 -0.084 -0.282 0.660 0.000 -0.737 -0.145 0.940 0.000 -0.047 0.339 0.605 0.000 -0.794 -0.056 0.973 0.000 0.104 0.204 
0.999 -0.004 0.002 0.052 0.694 0.000 -0.711 0.108 0.960 0.000 0.064 -0.273 0.756 0.000 -0.643 0.123 0.956 0.000 -0.086 -0.281 0.660 0.000 -0.734 -0.158 0.934 0.000 -0.059 0.352 0.605 0.000 -0.794 -0.055 0.973 0.000 0.105 0.205 
0.999 -0.005 0.002 0.053 0.694 -0.000 -0.712 0.108 0.960 0.000 0.065 -0.272 0.758 0.000 -0.641 0.123 0.956 -0.000 -0.088 -0.280 0.661 0.000 -0.731 -0.171 0.929 0.000 -0.070 0.364 0.605 0.000 -0.795 -0.054 0.973 0.000 0.107 0.205 
0.999 -0.004 0.001 0.054 0.693 0.000 -0.713 0.109 0.960 0.000 0.066 -0.272 0.759 0.000 -0.639 0.122 0.957 0.000 -0.089 -0.278 0.661 0.000 -0.728 -0.184 0.923 0.000 -0.082 0.376 0.605 0.000 -0.794 -0.054 0.973 0.000 0.107 0.206 
0.999 -0.004 -0.000 0.055 0.692 0.000 -0.713 0.109 0.960 0.000 0.067 -0.271 0.760 0.000 -0.638 0.122 0.957 0.000 -0.090 -0.277 0.661 0.000 -0.725 -0.194 0.918 0.000 -0.094 0.384 0.605 0.000 -0.794 -0.052 0.973 0.000 0.108 0.206 
0.998 -0.004 -0.001 0.055 0.691 0.000 -0.715 0.110 0.960 -0.000 0.070 -0.272 0.762 0.000 -0.636 0.122 0.957 0.000 -0.092 -0.275 0.661 0.000 -0.721 -0.207 0.913 -0.000 -0.107 0.393 0.606 0.000 -0.794 -0.052 0.972 0.000 0.109 0.206 
0.998 -0.004 -0.002 0.056 0.690 0.000 -0.715 0.112 0.960 0.000 0.070 -0.272 0.763 0.000 -0.635 0.122 0.957 0.000 -0.093 -0.275 0.662 0.000 -0.718 -0.216 0.909 0.000 -0.119 0.399 0.606 0.000 -0.794 -0.050 0.972 0.000 0.110 0.206 
0.998 -0.004 -0.003 0.056 0.689 0.000 -0.716 0.114 0.960 0.000 0.071 -0.272 0.764 0.000 -0.634 0.122 0.957 0.000 -0.094 -0.274 0.662 0.000 -0.715 -0.225 0.906 -0.000 -0.129 0.404 0.606 0.000 -0.794 -0.048 0.972 0.000 0.112 0.205 
0.998 -0.004 -0.004 0.057 0.688 0.000 -0.717 0.116 0.959 0.000 0.071 -0.273 0.765 0.000 -0.633 0.123 0.957 -0.000 -0.095 -0.273 0.662 0.000 -0.712 -0.232 0.904 0.000 -0.136 0.405 0.606 0.000 -0.794 -0.046 0.972 0.000 0.113 0.204 
0.998 -0.004 -0.004 0.057 0.687 0.000 -0.717 0.118 0.959 -0.000 0.071 -0.273 0.765 0.000 -0.632 0.123 0.957 0.000 -0.095 -0.272 0.664 0.000 -0.708 -0.240 0.902 0.000 -0.147 0.407 0.606 0.000 -0.794 -0.043 0.973 0.000 0.114 0.203 
0.998 -0.004 -0.005 0.058 0.687 0.000 -0.717 0.120 0.959 -0.000 0.071 -0.273 0.766 0.000 -0.631 0.124 0.957 0.000 -0.096 -0.272 0.664 0.000 -0.706 -0.246 0.901 0.000 -0.154 0.406 0.607 0.000 -0.794 -0.040 0.973 -0.000 0.115 0.201 
0.998 -0.005 -0.006 0.061 0.686 0.000 -0.717 0.122 0.960 0.000 0.071 -0.272 0.767 0.000 -0.629 0.125 0.958 0.000 -0.098 -0.271 0.665 0.000 -0.703 -0.250 0.901 0.000 -0.161 0.404 0.608 0.000 -0.793 -0.035 0.973 0.000 0.117 0.199 
0.998 -0.005 -0.006 0.062 0.685 0.000 -0.718 0.122 0.960 0.000 0.072 -0.270 0.768 0.000 -0.628 0.126 0.957 0.000 -0.099 -0.271 0.666 0.000 -0.700 -0.257 0.900 0.000 -0.166 0.402 0.608 -0.000 -0.793 -0.031 0.973 0.000 0.118 0.196 
0.998 -0.005 -0.007 0.064 0.684 0.000 -0.719 0.123 0.960 0.000 0.073 -0.269 0.769 0.000 -0.627 0.126 0.957 -0.000 -0.100 -0.272 0.667 0.000 -0.697 -0.263 0.900 0.000 -0.173 0.400 0.609 0.000 -0.792 -0.030 0.974 0.000 0.119 0.195 
0.998 -0.005 -0.008 0.065 0.684 0.000 -0.719 0.124 0.961 0.000 0.074 -0.266 0.769 0.000 -0.626 0.127 0.957 0.000 -0.101 -0.271 0.668 0.000 -0.695 -0.267 0.901 0.000 -0.176 0.396 0.610 0.000 -0.792 -0.025 0.974 0.000 0.120 0.192 
0.998 -0.005 -0.008 0.066 0.683 0.000 -0.720 0.125 0.962 0.000 0.075 -0.264 0.770 0.000 -0.625 0.128 0.957 0.000 -0.102 -0.270 0.668 0.000 -0.693 -0.272 0.903 -0.000 -0.177 0.392 0.611 0.000 -0.791 -0.021 0.975 0.000 0.121 0.189 
0.998 -0.005 -0.009 0.067 0.682 0.000 -0.720 0.125 0.962 0.000 0.076 -0.262 0.770 0.000 -0.625 0.128 0.957 0.000 -0.102 -0.270 0.668 -0.000 -0.691 -0.277 0.905 0.000 -0.177 0.387 0.612 -0.000 -0.791 -0.017 0.975 0.000 0.121 0.186 
0.998 -0.005 -0.010 0.068 0.681 -0.000 -0.721 0.126 0.962 0.000 0.076 -0.261 0.771 0.000 -0.624 0.129 0.958 0.000 -0.102 -0.270 0.668 0.000 -0.689 -0.281 0.907 -0.000 -0.177 0.381 0.613 0.000 -0.790 -0.013 0.975 -0.000 0.122 0.183 
0.998 -0.006 -0.010 0.069 0.681 -0.000 -0.721 0.126 0.963 0.000 0.077 -0.258 0.771 -0.000 -0.623 0.130 0.958 -0.000 -0.102 -0.269 0.668 0.000 -0.687 -0.284 0.910 0.000 -0.175 0.375 0.614 0.000 -0.789 -0.008 0.976 0.000 0.122 0.180 
0.997 -0.006 -0.011 0.071 0.680 0.000 -0.722 0.128 0.963 0.000 0.077 -0.257 0.772 0.000 -0.622 0.130 0.958 0.000 -0.103 -0.268 0.669 0.000 -0.686 -0.288 0.913 0.000 -0.174 0.369 0.615 -0.000 -0.788 -0.004 0.976 0.000 0.123 0.178 
0.997 -0.006 -0.011 0.071 0.679 0.000 -0.722 0.129 0.964 0.000 0.078 -0.255 0.772 0.000 -0.622 0.131 0.958 0.000 -0.104 -0.268 0.669 0.000 -0.684 -0.291 0.916 -0.000 -0.169 0.362 0.616 0.000 -0.788 -0.000 0.977 0.000 0.123 0.175 
0.997 -0.006 -0.012 0.072 0.678 -0.000 -0.723 0.131 0.964 0.000 0.079 -0.255 0.773 0.000 -0.621 0.132 0.958 0.000 -0.104 -0.268 0.669 0.000 -0.682 -0.294 0.919 0.000 -0.167 0.356 0.617 0.000 -0.787 0.004 0.977 0.000 0.124 0.172 
0.997 -0.006 -0.012 0.074 0.678 -0.000 -0.724 0.131 0.964 0.000 0.080 -0.252 0.773 -0.000 -0.620 0.133 0.958 0.000 -0.104 -0.268 0.669 0.000 -0.681 -0.297 0.923 0.000 -0.164 0.349 0.617 -0.000 -0.787 0.008 0.977 0.000 0.125 0.170 
0.997 -0.006 -0.013 0.074 0.677 -0.000 -0.724 0.133 0.965 0.000 0.081 -0.251 0.773 0.000 -0.620 0.133 0.958 -0.000 -0.105 -0.268 0.670 0.000 -0.680 -0.300 0.926 -0.000 -0.159 0.341 0.618 0.000 -0.786 0.012 0.978 0.000 0.126 0.168 
0.997 -0.006 -0.013 0.076 0.676 0.000 -0.725 0.134 0.965 0.000 0.083 -0.251 0.774 -0.000 -0.619 0.134 0.958 0.000 -0.106 -0.267 0.670 -0.000 -0.679 -0.301 0.930 0.000 -0.154 0.333 0.619 -0.000 -0.785 0.017 0.978 0.000 0.127 0.165 
0.997 -0.006 -0.013 0.077 0.675 0.000 -0.725 0.137 0.965 0.000 0.083 -0.250 0.774 0.000 -0.619 0.134 0.958 -0.000 -0.107 -0.267 0.670 0.000 -0.678 -0.303 0.934 0.000 -0.147 0.325 0.619 0.000 -0.785 0.020 0.978 0.000 0.128 0.163 
0.997 -0.005 -0.013 0.077 0.675 0.000 -0.725 0.138 0.965 0.000 0.084 -0.250 0.774 0.000 -0.619 0.135 0.958 0.000 -0.107 -0.267 0.671 0.000 -0.675 -0.307 0.937 0.000 -0.144 0.317 0.619 0.000 -0.785 0.023 0.979 0.000 0.128 0.161 
0.997 -0.005 -0.013 0.078 0.675 0.000 -0.725 0.139 0.965 0.000 0.084 -0.248 0.774 0.000 -0.619 0.135 0.958 0.000 -0.107 -0.267 0.671 0.000 -0.674 -0.309 0.941 0.000 -0.138 0.309 0.620 0.000 -0.784 0.027 0.979 0.000 0.129 0.160 
0.997 -0.005 -0.013 0.078 0.674 0.000 -0.725 0.141 0.965 0.000 0.084 -0.247 0.774 0.000 -0.619 0.135 0.958 0.000 -0.107 -0.266 0.671 0.000 -0.672 -0.312 0.944 0.000 -0.131 0.301 0.620 0.000 -0.784 0.030 0.979 0.000 0.130 0.158 
0.997 -0.005 -0.013 0.078 0.674 -0.000 -0.725 0.142 0.965 0.000 0.084 -0.246 0.774 0.000 -0.619 0.136 0.958 0.000 -0.108 -0.267 0.672 0.000 -0.670 -0.315 0.948 0.000 -0.125 0.293 0.620 0.000 -0.784 0.034 0.979 0.000 0.130 0.156 
0.997 -0.004 -0.013 0.079 0.674 0.000 -0.724 0.143 0.966 0.000 0.085 -0.245 0.774 -0.000 -0.619 0.136 0.958 0.000 -0.109 -0.267 0.672 -0.000 -0.669 -0.317 0.951 0.000 -0.118 0.285 0.621 0.000 -0.783 0.038 0.979 0.000 0.130 0.154 
0.997 -0.004 -0.012 0.079 0.675 0.000 -0.724 0.143 0.966 0.000 0.085 -0.244 0.773 0.000 -0.619 0.136 0.958 -0.000 -0.108 -0.266 0.673 0.000 -0.667 -0.320 0.954 0.000 -0.112 0.278 0.621 0.000 -0.783 0.041 0.980 0.000 0.130 0.152 
0.997 -0.004 -0.012 0.079 0.675 0.000 -0.724 0.144 0.966 0.000 0.085 -0.242 0.773 0.000 -0.619 0.136 0.958 0.000 -0.109 -0.265 0.673 0.000 -0.667 -0.321 0.957 0.000 -0.103 0.270 0.621 0.000 -0.782 0.045 0.980 0.000 0.131 0.150 
0.997 -0.004 -0.011 0.079 0.675 0.000 -0.724 0.144 0.967 0.000 0.086 -0.240 0.773 0.000 -0.620 0.135 0.958 -0.000 -0.109 -0.265 0.673 0.000 -0.665 -0.323 0.960 0.000 -0.095 0.262 0.621 0.000 -0.782 0.049 0.980 0.000 0.131 0.149 
0.997 -0.004 -0.011 0.080 0.675 0.000 -0.724 0.144 0.968 0.000 0.086 -0.238 0.773 0.000 -0.620 0.135 0.958 0.000 -0.110 -0.263 0.673 0.000 -0.664 -0.324 0.963 0.000 -0.087 0.255 0.622 0.000 -0.781 0.053 0.981 0.000 0.131 0.146 
0.997 -0.003 -0.011 0.080 0.675 0.000 -0.724 0.144 0.968 0.000 0.086 -0.235 0.773 0.000 -0.620 0.134 0.959 0.000 -0.111 -0.262 0.673 0.000 -0.664 -0.326 0.966 0.000 -0.077 0.247 0.623 0.000 -0.780 0.057 0.981 0.000 0.131 0.144 
0.997 -0.003 -0.010 0.081 0.675 -0.000 -0.724 0.144 0.969 0.000 0.087 -0.232 0.773 0.000 -0.620 0.134 0.959 0.000 -0.111 -0.261 0.673 0.000 -0.664 -0.326 0.969 0.000 -0.067 0.239 0.623 -0.000 -0.780 0.061 0.981 0.000 0.132 0.143 
0.997 -0.003 -0.010 0.081 0.675 0.000 -0.724 0.142 0.970 0.000 0.087 -0.228 0.773 -0.000 -0.620 0.133 0.959 -0.000 -0.111 -0.260 0.673 0.000 -0.664 -0.327 0.971 0.000 -0.057 0.232 0.624 0.000 -0.779 0.066 0.981 -0.000 0.132 0.141 
0.997 -0.003 -0.010 0.082 0.675 0.000 -0.724 0.141 0.970 0.000 0.088 -0.225 0.773 0.000 -0.621 0.133 0.959 -0.000 -0.112 -0.260 0.672 0.000 -0.664 -0.328 0.973 0.000 -0.048 0.226 0.624 -0.000 -0.778 0.070 0.981 0.000 0.132 0.139 
0.997 -0.003 -0.009 0.083 0.675 0.000 -0.724 0.140 0.971 0.000 0.089 -0.221 0.772 0.000 -0.621 0.133 0.959 0.000 -0.112 -0.259 0.672 0.000 -0.663 -0.329 0.975 0.000 -0.038 0.219 0.624 -0.000 -0.778 0.074 0.982 0.000 0.133 0.137 
0.996 -0.003 -0.009 0.084 0.676 0.000 -0.724 0.139 0.972 0.000 0.089 -0.218 0.772 -0.000 -0.621 0.132 0.960 0.000 -0.112 -0.258 0.672 0.000 -0.664 -0.329 0.977 0.000 -0.029 0.213 0.625 0.000 -0.777 0.079 0.982 0.000 0.134 0.135 
0.996 -0.003 -0.009 0.085 0.676 0.000 -0.724 0.138 0.972 0.000 0.089 -0.216 0.773 0.000 -0.621 0.132 0.960 0.000 -0.113 -0.258 0.672 0.000 -0.663 -0.330 0.978 0.000 -0.021 0.207 0.625 0.000 -0.776 0.083 0.982 0.000 0.134 0.134 
0.996 -0.003 -0.008 0.086 0.676 0.000 -0.724 0.138 0.973 0.000 0.089 -0.213 0.772 0.000 -0.621 0.132 0.960 0.000 -0.114 -0.257 0.672 -0.000 -0.663 -0.330 0.979 0.000 -0.013 0.201 0.626 -0.000 -0.775 0.087 0.982 0.000 0.135 0.132 
0.996 -0.003 -0.008 0.088 0.677 0.000 -0.724 0.136 0.974 0.000 0.089 -0.210 0.772 0.000 -0.621 0.132 0.960 0.000 -0.115 -0.257 0.672 0.000 -0.663 -0.330 0.981 0.000 -0.006 0.195 0.626 0.000 -0.774 0.091 0.982 0.000 0.136 0.131 
0.996 -0.003 -0.008 0.090 0.677 0.000 -0.724 0.136 0.974 -0.000 0.090 -0.209 0.772 0.000 -0.622 0.131 0.960 0.000 -0.115 -0.256 0.673 0.000 -0.663 -0.329 0.982 -0.000 -0.001 0.189 0.627 0.000 -0.774 0.095 0.982 0.000 0.137 0.130 
0.996 -0.003 -0.007 0.091 0.677 0.000 -0.724 0.134 0.974 0.000 0.091 -0.206 0.772 -0.000 -0.622 0.131 0.960 0.000 -0.116 -0.255 0.673 0.000 -0.662 -0.329 0.983 0.000 0.005 0.183 0.627 0.000 -0.773 0.099 0.982 0.000 0.138 0.129 
0.996 -0.003 -0.007 0.092 0.677 0.000 -0.724 0.133 0.975 0.000 0.092 -0.203 0.772 0.000 -0.622 0.131 0.960 0.000 -0.116 -0.255 0.674 0.000 -0.661 -0.329 0.984 0.000 0.008 0.179 0.627 0.000 -0.772 0.102 0.982 0.000 0.139 0.128 
0.996 -0.003 -0.006 0.094 0.678 0.000 -0.723 0.133 0.975 0.000 0.091 -0.203 0.772 0.000 -0.622 0.130 0.960 0.000 -0.118 -0.255 0.674 0.000 -0.662 -0.328 0.985 -0.000 0.015 0.174 0.628 0.000 -0.771 0.106 0.982 -0.000 0.140 0.128 
0.995 -0.003 -0.006 0.095 0.678 0.000 -0.723 0.132 0.975 0.000 0.091 -0.202 0.772 -0.000 -0.622 0.130 0.960 0.000 -0.118 -0.255 0.675 0.000 -0.661 -0.329 0.985 -0.000 0.018 0.170 0.628 0.000 -0.770 0.109 0.982 0.000 0.140 0.127 
0.995 -0.003 -0.005 0.097 0.678 0.000 -0.723 0.131 0.975 0.000 0.093 -0.201 0.771 0.000 -0.623 0.130 0.960 0.000 -0.118 -0.255 0.675 0.000 -0.660 -0.330 0.986 0.000 0.020 0.167 0.629 0.000 -0.769 0.112 0.982 0.000 0.141 0.127 
0.995 -0.003 -0.004 0.098 0.679 0.000 -0.722 0.130 0.975 0.000 0.093 -0.201 0.771 0.000 -0.623 0.129 0.959 0.000 -0.120 -0.255 0.676 -0.000 -0.659 -0.330 0.986 -0.000 0.021 0.165 0.629 0.000 -0.769 0.116 0.982 0.000 0.142 0.127 
0.995 -0.003 -0.004 0.100 0.679 0.000 -0.722 0.131 0.975 0.000 0.093 -0.202 0.771 0.000 -0.624 0.129 0.959 -0.000 -0.120 -0.255 0.677 0.000 -0.658 -0.330 0.986 0.000 0.022 0.163 0.629 0.000 -0.768 0.119 0.982 -0.000 0.143 0.127 
0.995 -0.003 -0.003 0.101 0.680 -0.000 -0.721 0.130 0.975 0.000 0.093 -0.202 0.770 0.000 -0.625 0.128 0.959 0.000 -0.120 -0.255 0.678 -0.000 -0.657 -0.331 0.987 0.000 0.023 0.161 0.630 0.000 -0.767 0.122 0.982 0.000 0.143 0.127 
0.995 -0.003 -0.002 0.102 0.680 -0.000 -0.721 0.131 0.975 0.000 0.094 -0.203 0.770 -0.000 -0.625 0.127 0.959 0.000 -0.121 -0.255 0.678 -0.000 -0.656 -0.331 0.987 0.000 0.024 0.159 0.631 0.000 -0.766 0.126 0.981 0.000 0.144 0.127 
0.995 -0.003 -0.001 0.103 0.681 0.000 -0.720 0.131 0.975 0.000 0.094 -0.203 0.769 0.000 -0.626 0.126 0.959 0.000 -0.121 -0.255 0.679 0.000 -0.655 -0.331 0.987 -0.000 0.024 0.159 0.631 0.000 -0.765 0.129 0.981 0.000 0.145 0.126 
0.995 -0.003 0.000 0.104 0.682 0.000 -0.720 0.131 0.974 0.000 0.094 -0.204 0.769 -0.000 -0.627 0.126 0.959 0.000 -0.121 -0.254 0.680 0.000 -0.655 -0.331 0.987 0.000 0.024 0.157 0.631 0.000 -0.764 0.133 0.981 -0.000 0.146 0.127 
0.994 -0.003 0.001 0.105 0.682 0.000 -0.719 0.131 0.974 0.000 0.094 -0.205 0.768 0.000 -0.628 0.125 0.959 0.000 -0.122 -0.255 0.681 0.000 -0.654 -0.330 0.987 -0.000 0.023 0.156 0.632 0.000 -0.763 0.136 0.981 0.000 0.146 0.127 
0.994 -0.003 0.002 0.107 0.683 0.000 -0.719 0.131 0.974 0.000 0.095 -0.206 0.768 0.000 -0.629 0.125 0.959 0.000 -0.122 -0.255 0.681 0.000 -0.654 -0.328 0.987 0.000 0.024 0.156 0.632 0.000 -0.762 0.140 0.981 -0.000 0.148 0.127 
0.994 -0.003 0.003 0.107 0.683 0.000 -0.718 0.131 0.974 0.000 0.096 -0.208 0.767 0.000 -0.630 0.124 0.959 0.000 -0.122 -0.255 0.682 0.000 -0.654 -0.327 0.988 0.000 0.023 0.155 0.633 0.000 -0.761 0.144 0.981 0.000 0.149 0.127 
0.994 -0.003 0.004 0.108 0.684 0.000 -0.717 0.131 0.973 0.000 0.096 -0.208 0.766 0.000 -0.630 0.124 0.959 0.000 -0.122 -0.255 0.682 0.000 -0.655 -0.325 0.988 0.000 0.022 0.156 0.633 0.000 -0.760 0.147 0.980 0.000 0.150 0.128 
0.994 -0.003 0.005 0.109 0.685 0.000 -0.717 0.132 0.973 0.000 0.097 -0.210 0.766 0.000 -0.631 0.124 0.959 0.000 -0.122 -0.255 0.683 0.000 -0.656 -0.323 0.988 -0.000 0.022 0.156 0.634 0.000 -0.759 0.151 0.980 0.000 0.152 0.129 
0.994 -0.004 0.007 0.110 0.685 -0.000 -0.716 0.131 0.973 0.000 0.098 -0.210 0.765 0.000 -0.632 0.124 0.959 -0.000 -0.122 -0.256 0.683 0.000 -0.657 -0.321 0.987 0.000 0.021 0.157 0.634 -0.000 -0.758 0.154 0.980 0.000 0.153 0.129 
0.994 -0.004 0.008 0.111 0.686 0.000 -0.716 0.132 0.972 0.000 0.098 -0.212 0.764 0.000 -0.633 0.125 0.959 0.000 -0.123 -0.257 0.683 0.000 -0.657 -0.319 0.987 -0.000 0.019 0.160 0.635 0.000 -0.757 0.158 0.979 0.000 0.155 0.130 
0.994 -0.004 0.009 0.112 0.686 -0.000 -0.715 0.132 0.972 0.000 0.099 -0.212 0.763 0.000 -0.634 0.125 0.959 0.000 -0.122 -0.257 0.683 0.000 -0.658 -0.317 0.987 0.000 0.018 0.162 0.635 0.000 -0.755 0.161 0.979 0.000 0.157 0.132 
0.994 -0.005 0.010 0.112 0.687 0.000 -0.715 0.131 0.972 0.000 0.100 -0.213 0.762 0.000 -0.635 0.126 0.958 0.000 -0.122 -0.258 0.683 0.000 -0.659 -0.316 0.986 0.000 0.017 0.164 0.635 -0.000 -0.754 0.165 0.978 0.000 0.159 0.133 
0.994 -0.005 0.011 0.112 0.688 0.000 -0.714 0.132 0.972 0.000 0.099 -0.214 0.761 0.000 -0.636 0.126 0.958 0.000 -0.121 -0.259 0.683 0.000 -0.659 -0.315 0.986 0.000 0.015 0.166 0.636 0.000 -0.753 0.168 0.978 -0.000 0.161 0.135 
0.994 -0.006 0.012 0.113 0.688 0.000 -0.714 0.132 0.972 0.000 0.099 -0.213 0.761 0.000 -0.636 0.126 0.958 -0.000 -0.121 -0.259 0.682 0.000 -0.660 -0.315 0.985 0.000 0.013 0.170 0.637 0.000 -0.752 0.170 0.977 0.000 0.163 0.137 
0.994 -0.006 0.012 0.112 0.688 0.000 -0.714 0.131 0.972 0.000 0.099 -0.213 0.761 0.000 -0.637 0.127 0.958 0.000 -0.119 -0.260 0.681 -0.000 -0.661 -0.316 0.984 0.000 0.009 0.175 0.638 0.000 -0.751 0.172 0.976 0.000 0.166 0.141 
0.994 -0.007 0.011 0.111 0.687 0.000 -0.714 0.132 0.971 0.000 0.099 -0.217 0.761 0.000 -0.637 0.127 0.958 0.000 -0.118 -0.260 0.679 -0.000 -0.662 -0.318 0.983 0.000 0.004 0.182 0.639 0.000 -0.749 0.173 0.975 0.000 0.168 0.145 
0.994 -0.007 0.010 0.111 0.687 0.000 -0.715 0.132 0.971 0.000 0.099 -0.217 0.760 -0.000 -0.637 0.127 0.959 0.000 -0.116 -0.261 0.678 0.000 -0.662 -0.320 0.982 0.000 -0.001 0.188 0.640 0.000 -0.748 0.174 0.974 -0.000 0.171 0.150 
0.994 -0.008 0.009 0.110 0.686 -0.000 -0.716 0.131 0.971 0.000 0.100 -0.218 0.761 0.000 -0.637 0.127 0.959 0.000 -0.113 -0.261 0.676 0.000 -0.663 -0.322 0.981 0.000 -0.006 0.195 0.642 0.000 -0.747 0.174 0.973 0.000 0.172 0.155 
0.994 -0.008 0.008 0.109 0.686 0.000 -0.716 0.129 0.971 0.000 0.100 -0.218 0.761 0.000 -0.636 0.128 0.959 0.000 -0.111 -0.261 0.674 -0.000 -0.664 -0.324 0.980 0.000 -0.011 0.201 0.643 -0.000 -0.746 0.173 0.971 0.000 0.174 0.162 
0.994 -0.009 0.007 0.108 0.685 0.000 -0.717 0.128 0.971 -0.000 0.101 -0.217 0.761 0.000 -0.636 0.128 0.959 0.000 -0.109 -0.261 0.672 0.000 -0.666 -0.325 0.979 0.000 -0.016 0.206 0.645 0.000 -0.745 0.171 0.970 0.000 0.176 0.170 
0.994 -0.009 0.006 0.107 0.684 0.000 -0.718 0.126 0.971 0.000 0.102 -0.218 0.761 -0.000 -0.636 0.129 0.959 0.000 -0.107 -0.262 0.671 0.000 -0.668 -0.324 0.978 -0.000 -0.019 0.209 0.646 0.000 -0.744 0.169 0.968 0.000 0.176 0.178 
0.994 -0.010 0.005 0.106 0.684 -0.000 -0.719 0.125 0.971 0.000 0.102 -0.218 0.761 -0.000 -0.636 0.130 0.959 0.000 -0.105 -0.263 0.669 -0.000 -0.670 -0.321 0.977 0.000 -0.020 0.210 0.648 0.000 -0.743 0.167 0.966 -0.000 0.177 0.187 
0.994 -0.011 0.005 0.105 0.683 0.000 -0.720 0.124 0.970 0.000 0.105 -0.220 0.761 0.000 -0.636 0.131 0.959 -0.000 -0.104 -0.263 0.668 -0.000 -0.673 -0.317 0.977 -0.000 -0.021 0.210 0.649 0.000 -0.742 0.164 0.964 0.000 0.177 0.196 
0.995 -0.011 0.004 0.104 0.682 -0.000 -0.721 0.122 0.970 0.000 0.108 -0.220 0.760 0.000 -0.636 0.133 0.959 0.000 -0.103 -0.265 0.667 0.000 -0.676 -0.312 0.978 0.000 -0.021 0.209 0.651 0.000 -0.742 0.161 0.962 0.000 0.177 0.206 
0.995 -0.012 0.004 0.103 0.683 0.000 -0.721 0.120 0.969 0.000 0.108 -0.220 0.760 0.000 -0.636 0.135 0.959 -0.000 -0.102 -0.266 0.667 0.000 -0.680 -0.306 0.978 0.000 -0.021 0.208 0.652 0.000 -0.741 0.158 0.960 0.000 0.177 0.217 
0.995 -0.013 0.005 0.103 0.683 0.000 -0.721 0.119 0.969 0.000 0.109 -0.221 0.760 0.000 -0.636 0.137 0.958 0.000 -0.102 -0.267 0.666 -0.000 -0.684 -0.298 0.978 -0.000 -0.020 0.206 0.654 0.000 -0.741 0.154 0.958 0.000 0.176 0.228 
0.995 -0.014 0.005 0.102 0.683 0.000 -0.721 0.119 0.968 0.000 0.111 -0.223 0.759 0.000 -0.636 0.138 0.958 0.000 -0.101 -0.269 0.665 0.000 -0.687 -0.292 0.979 0.000 -0.019 0.205 0.655 0.000 -0.741 0.149 0.955 0.000 0.175 0.239 
0.995 -0.015 0.006 0.101 0.683 0.000 -0.721 0.118 0.968 0.000 0.112 -0.225 0.758 -0.000 -0.637 0.139 0.958 0.000 -0.100 -0.270 0.664 0.000 -0.691 -0.286 0.979 0.000 -0.017 0.204 0.656 0.000 -0.741 0.145 0.953 0.000 0.173 0.250 
0.995 -0.016 0.006 0.100 0.683 0.000 -0.720 0.118 0.968 0.000 0.112 -0.226 0.758 0.000 -0.637 0.140 0.957 0.000 -0.100 -0.271 0.662 0.000 -0.696 -0.278 0.979 0.000 -0.014 0.202 0.658 0.000 -0.740 0.140 0.950 0.000 0.171 0.262 
0.995 -0.016 0.006 0.099 0.682 0.000 -0.722 0.119 0.966 0.000 0.115 -0.231 0.758 0.000 -0.637 0.140 0.957 0.000 -0.098 -0.272 0.661 0.000 -0.700 -0.272 0.980 -0.000 -0.011 0.200 0.659 0.000 -0.740 0.134 0.947 0.000 0.168 0.275 
0.995 -0.016 0.007 0.097 0.683 0.000 -0.721 0.118 0.966 0.000 0.115 -0.232 0.757 0.000 -0.638 0.140 0.957 0.000 -0.097 -0.272 0.659 -0.000 -0.703 -0.267 0.980 -0.000 -0.009 0.200 0.660 0.000 -0.740 0.126 0.943 0.000 0.163 0.289 
0.995 -0.018 0.006 0.096 0.684 0.000 -0.720 0.116 0.966 0.000 0.113 -0.233 0.757 0.000 -0.638 0.140 0.957 -0.000 -0.096 -0.273 0.657 0.000 -0.708 -0.259 0.980 0.000 -0.005 0.198 0.661 -0.000 -0.740 0.120 0.940 0.000 0.160 0.303 
0.995 -0.019 0.006 0.095 0.685 0.000 -0.720 0.115 0.965 0.000 0.113 -0.235 0.757 0.000 -0.638 0.140 0.957 -0.000 -0.095 -0.274 0.654 0.000 -0.713 -0.252 0.981 0.000 -0.001 0.196 0.663 0.000 -0.740 0.112 0.936 0.000 0.155 0.317 
0.995 -0.019 0.006 0.093 0.684 0.000 -0.720 0.115 0.965 0.000 0.112 -0.239 0.757 0.000 -0.638 0.138 0.957 0.000 -0.094 -0.275 0.652 0.000 -0.717 -0.247 0.981 0.000 0.002 0.195 0.664 -0.000 -0.741 0.103 0.931 0.000 0.152 0.332 
0.996 -0.020 0.005 0.092 0.686 0.000 -0.719 0.113 0.964 0.000 0.111 -0.240 0.757 0.000 -0.638 0.138 0.957 -0.000 -0.093 -0.276 0.650 0.000 -0.721 -0.241 0.981 -0.000 0.006 0.194 0.665 0.000 -0.741 0.095 0.926 0.000 0.148 0.346 
0.996 -0.020 0.005 0.089 0.685 0.000 -0.719 0.114 0.963 0.000 0.109 -0.245 0.757 0.000 -0.639 0.138 0.957 -0.000 -0.090 -0.276 0.647 0.000 -0.725 -0.236 0.981 0.000 0.009 0.194 0.665 0.000 -0.741 0.087 0.922 0.000 0.143 0.360 
0.996 -0.021 0.005 0.088 0.687 0.000 -0.718 0.112 0.963 0.000 0.107 -0.247 0.757 0.000 -0.639 0.138 0.956 0.000 -0.089 -0.278 0.645 0.000 -0.729 -0.230 0.981 0.000 0.012 0.193 0.666 0.000 -0.742 0.078 0.917 0.000 0.138 0.375 
0.996 -0.022 0.004 0.086 0.688 0.000 -0.717 0.110 0.962 0.000 0.105 -0.251 0.757 -0.000 -0.639 0.138 0.956 0.000 -0.087 -0.280 0.643 0.000 -0.732 -0.225 0.981 0.000 0.015 0.192 0.666 0.000 -0.743 0.068 0.911 0.000 0.133 0.391 
0.996 -0.021 0.004 0.084 0.687 0.000 -0.718 0.111 0.961 0.000 0.105 -0.257 0.757 0.000 -0.639 0.137 0.955 -0.000 -0.085 -0.283 0.641 0.000 -0.735 -0.222 0.981 0.000 0.017 0.191 0.667 -0.000 -0.743 0.055 0.905 0.000 0.124 0.406 
0.996 -0.021 0.004 0.083 0.688 0.000 -0.717 0.109 0.960 0.000 0.102 -0.260 0.756 0.000 -0.640 0.136 0.955 0.000 -0.083 -0.286 0.640 0.000 -0.737 -0.217 0.982 0.000 0.019 0.190 0.667 0.000 -0.744 0.044 0.899 0.000 0.117 0.422 
0.996 -0.021 0.003 0.081 0.689 0.000 -0.717 0.109 0.959 0.000 0.101 -0.265 0.756 0.000 -0.640 0.136 0.954 0.000 -0.082 -0.289 0.638 0.000 -0.740 -0.213 0.982 0.000 0.021 0.188 0.667 -0.000 -0.745 0.032 0.893 0.000 0.109 0.437 
0.997 -0.021 0.003 0.080 0.689 0.000 -0.716 0.107 0.958 0.000 0.100 -0.270 0.756 0.000 -0.640 0.136 0.953 0.000 -0.079 -0.292 0.637 -0.000 -0.743 -0.207 0.982 -0.000 0.023 0.186 0.667 0.000 -0.745 0.020 0.887 0.000 0.100 0.451 
0.997 -0.020 0.002 0.079 0.690 0.000 -0.716 0.106 0.957 -0.000 0.098 -0.274 0.756 0.000 -0.641 0.135 0.952 0.000 -0.077 -0.295 0.636 0.000 -0.745 -0.203 0.983 0.000 0.025 0.184 0.667 0.000 -0.745 0.009 0.881 0.000 0.092 0.464 
0.997 -0.020 0.001 0.077 0.691 0.000 -0.716 0.105 0.955 0.000 0.097 -0.279 0.756 -0.000 -0.641 0.134 0.952 0.000 -0.076 -0.297 0.635 0.000 -0.748 -0.196 0.983 0.000 0.027 0.179 0.667 0.000 -0.745 -0.003 0.876 -0.000 0.082 0.476 
0.997 -0.020 0.001 0.076 0.692 -0.000 -0.715 0.104 0.954 0.000 0.095 -0.283 0.756 0.000 -0.641 0.133 0.951 0.000 -0.073 -0.300 0.634 0.000 -0.750 -0.191 0.984 0.000 0.029 0.177 0.666 0.000 -0.746 -0.013 0.870 0.000 0.073 0.487 
0.997 -0.019 0.001 0.073 0.693 0.000 -0.714 0.102 0.953 -0.000 0.094 -0.287 0.755 0.000 -0.642 0.132 0.951 0.000 -0.070 -0.302 0.632 0.000 -0.751 -0.189 0.984 0.000 0.031 0.176 0.666 0.000 -0.746 -0.025 0.866 0.000 0.062 0.497 
0.997 -0.020 0.000 0.072 0.694 0.000 -0.713 0.100 0.953 0.000 0.092 -0.290 0.756 0.000 -0.642 0.130 0.951 0.000 -0.070 -0.302 0.631 0.000 -0.754 -0.182 0.984 -0.000 0.033 0.173 0.665 -0.000 -0.746 -0.033 0.862 0.000 0.055 0.505 
0.997 -0.019 -0.000 0.071 0.695 0.000 -0.713 0.098 0.952 -0.000 0.091 -0.294 0.756 -0.000 -0.642 0.129 0.950 -0.000 -0.068 -0.305 0.630 -0.000 -0.756 -0.178 0.985 0.000 0.035 0.171 0.664 0.000 -0.746 -0.044 0.858 -0.000 0.046 0.511 
0.997 -0.019 -0.000 0.069 0.696 -0.000 -0.711 0.097 0.951 0.000 0.087 -0.298 0.755 0.000 -0.643 0.128 0.950 0.000 -0.066 -0.306 0.629 0.000 -0.758 -0.173 0.985 0.000 0.037 0.169 0.663 -0.000 -0.747 -0.052 0.856 0.000 0.039 0.516 
0.998 -0.019 -0.000 0.068 0.698 0.000 -0.710 0.095 0.950 -0.000 0.085 -0.300 0.755 0.000 -0.643 0.127 0.949 0.000 -0.065 -0.308 0.628 0.000 -0.759 -0.169 0.985 0.000 0.039 0.167 0.662 0.000 -0.747 -0.062 0.854 0.000 0.031 0.520 
0.998 -0.018 -0.000 0.066 0.700 -0.000 -0.708 0.094 0.949 0.000 0.081 -0.304 0.755 -0.000 -0.644 0.126 0.949 0.000 -0.062 -0.310 0.627 0.000 -0.761 -0.167 0.985 0.000 0.041 0.167 0.661 -0.000 -0.747 -0.071 0.852 0.000 0.024 0.523 
0.998 -0.018 -0.000 0.064 0.702 0.000 -0.706 0.092 0.948 0.000 0.079 -0.307 0.754 0.000 -0.644 0.126 0.948 0.000 -0.061 -0.312 0.627 0.000 -0.762 -0.164 0.985 0.000 0.042 0.166 0.660 0.000 -0.747 -0.080 0.851 -0.000 0.017 0.525 
0.998 -0.017 0.000 0.062 0.703 0.000 -0.705 0.090 0.947 0.000 0.078 -0.310 0.754 0.000 -0.645 0.125 0.948 0.000 -0.060 -0.314 0.626 0.000 -0.763 -0.161 0.985 0.000 0.044 0.164 0.659 0.000 -0.747 -0.089 0.850 -0.000 0.010 0.526 
0.998 -0.016 0.001 0.061 0.705 0.000 -0.704 0.088 0.947 0.000 0.077 -0.313 0.753 0.000 -0.646 0.125 0.947 0.000 -0.059 -0.317 0.626 -0.000 -0.764 -0.159 0.986 -0.000 0.045 0.163 0.659 0.000 -0.746 -0.096 0.852 0.000 0.003 0.524 
0.998 -0.015 0.001 0.060 0.706 0.000 -0.703 0.084 0.946 0.000 0.077 -0.315 0.753 -0.000 -0.646 0.124 0.946 0.000 -0.058 -0.319 0.625 -0.000 -0.765 -0.156 0.986 0.000 0.046 0.162 0.658 0.000 -0.746 -0.106 0.851 0.000 -0.004 0.525 
0.998 -0.015 0.001 0.059 0.707 0.000 -0.702 0.082 0.945 0.000 0.076 -0.318 0.752 -0.000 -0.647 0.124 0.945 0.000 -0.058 -0.322 0.625 0.000 -0.765 -0.154 0.986 0.000 0.048 0.161 0.657 0.000 -0.745 -0.115 0.852 0.000 -0.011 0.524 
0.998 -0.014 0.002 0.058 0.709 0.000 -0.701 0.080 0.944 0.000 0.076 -0.321 0.752 0.000 -0.647 0.124 0.944 0.000 -0.059 -0.324 0.625 0.000 -0.766 -0.151 0.986 0.000 0.049 0.159 0.655 0.000 -0.745 -0.124 0.853 -0.000 -0.016 0.522 
0.998 -0.013 0.003 0.057 0.710 -0.000 -0.700 0.077 0.943 0.000 0.077 -0.324 0.752 0.000 -0.648 0.125 0.943 -0.000 -0.059 -0.328 0.624 0.000 -0.767 -0.148 0.986 0.000 0.051 0.157 0.655 0.000 -0.744 -0.132 0.854 0.000 -0.022 0.519 
0.998 -0.012 0.003 0.058 0.711 0.000 -0.699 0.074 0.942 0.000 0.077 -0.326 0.751 -0.000 -0.648 0.124 0.942 0.000 -0.060 -0.331 0.625 0.000 -0.767 -0.147 0.987 -0.000 0.052 0.155 0.652 0.000 -0.744 -0.144 0.855 0.000 -0.028 0.518 
0.998 -0.011 0.004 0.057 0.713 0.000 -0.698 0.073 0.941 0.000 0.077 -0.329 0.751 0.000 -0.648 0.125 0.941 0.000 -0.061 -0.334 0.624 0.000 -0.768 -0.143 0.987 0.000 0.054 0.153 0.652 0.000 -0.743 -0.152 0.858 0.000 -0.034 0.513 
0.998 -0.010 0.004 0.057 0.714 0.000 -0.697 0.071 0.940 0.000 0.076 -0.332 0.751 0.000 -0.649 0.126 0.940 0.000 -0.061 -0.337 0.624 -0.000 -0.769 -0.140 0.987 0.000 0.056 0.150 0.651 0.000 -0.742 -0.159 0.861 0.000 -0.038 0.508 
0.998 -0.010 0.005 0.056 0.715 -0.000 -0.696 0.070 0.939 0.000 0.076 -0.335 0.750 -0.000 -0.649 0.127 0.939 0.000 -0.062 -0.340 0.623 0.000 -0.770 -0.136 0.987 0.000 0.058 0.147 0.651 0.000 -0.741 -0.166 0.864 0.000 -0.043 0.502 
0.998 -0.009 0.005 0.056 0.716 0.000 -0.695 0.068 0.938 0.000 0.076 -0.337 0.750 0.000 -0.649 0.128 0.937 0.000 -0.062 -0.343 0.623 0.000 -0.771 -0.133 0.988 0.000 0.060 0.144 0.651 0.000 -0.739 -0.173 0.867 0.000 -0.048 0.496 
0.998 -0.008 0.005 0.055 0.717 0.000 -0.694 0.067 0.937 0.000 0.077 -0.340 0.749 0.000 -0.649 0.129 0.937 0.000 -0.062 -0.345 0.623 0.000 -0.772 -0.128 0.988 0.000 0.062 0.141 0.651 -0.000 -0.738 -0.179 0.871 0.000 -0.050 0.489 
0.998 -0.008 0.005 0.055 0.717 0.000 -0.694 0.066 0.936 0.000 0.076 -0.342 0.749 0.000 -0.649 0.130 0.936 0.000 -0.063 -0.347 0.622 0.000 -0.773 -0.124 0.988 0.000 0.064 0.137 0.650 0.000 -0.737 -0.184 0.875 0.000 -0.053 0.482 
0.998 -0.007 0.006 0.055 0.718 0.000 -0.693 0.064 0.936 0.000 0.077 -0.345 0.749 0.000 -0.650 0.132 0.935 0.000 -0.063 -0.349 0.623 -0.000 -0.773 -0.120 0.989 -0.000 0.065 0.134 0.650 0.000 -0.736 -0.189 0.879 0.000 -0.055 0.474 
0.998 -0.007 0.006 0.054 0.719 0.000 -0.692 0.063 0.935 -0.000 0.077 -0.347 0.749 0.000 -0.649 0.133 0.934 0.000 -0.064 -0.351 0.622 0.000 -0.774 -0.115 0.989 0.000 0.066 0.129 0.650 -0.000 -0.734 -0.194 0.883 0.000 -0.057 0.465 
0.998 -0.006 0.006 0.054 0.719 0.000 -0.692 0.063 0.934 0.000 0.077 -0.349 0.748 0.000 -0.649 0.134 0.933 0.000 -0.064 -0.353 0.622 0.000 -0.775 -0.110 0.990 0.000 0.067 0.125 0.650 -0.000 -0.733 -0.198 0.888 0.000 -0.058 0.456 
0.999 -0.006 0.006 0.054 0.720 0.000 -0.692 0.063 0.933 0.000 0.077 -0.352 0.748 0.000 -0.650 0.135 0.933 -0.000 -0.065 -0.354 0.622 0.000 -0.775 -0.106 0.990 -0.000 0.068 0.121 0.650 0.000 -0.732 -0.202 0.892 0.000 -0.058 0.447 
0.999 -0.005 0.006 0.053 0.720 0.000 -0.691 0.062 0.932 0.000 0.077 -0.354 0.748 0.000 -0.649 0.137 0.932 0.000 -0.066 -0.355 0.622 0.000 -0.776 -0.101 0.991 0.000 0.070 0.117 0.650 0.000 -0.732 -0.206 0.897 0.000 -0.058 0.438 
0.999 -0.005 0.006 0.053 0.720 0.000 -0.691 0.062 0.931 0.000 0.077 -0.356 0.748 -0.000 -0.649 0.138 0.932 0.000 -0.066 -0.356 0.622 0.000 -0.777 -0.097 0.991 0.000 0.071 0.114 0.650 0.000 -0.731 -0.209 0.902 0.000 -0.057 0.428 
0.999 -0.004 0.006 0.053 0.720 0.000 -0.691 0.062 0.931 0.000 0.078 -0.357 0.748 0.000 -0.649 0.139 0.932 0.000 -0.066 -0.357 0.623 0.000 -0.777 -0.093 0.991 0.000 0.071 0.110 0.649 0.000 -0.730 -0.212 0.907 0.000 -0.055 0.418 
0.999 -0.004 0.006 0.053 0.720 0.000 -0.691 0.062 0.930 -0.000 0.078 -0.360 0.748 0.000 -0.649 0.140 0.932 0.000 -0.066 -0.357 0.623 0.000 -0.777 -0.089 0.992 0.000 0.071 0.107 0.649 0.000 -0.730 -0.214 0.912 0.000 -0.053 0.408 
0.999 -0.002 0.006 0.053 0.721 0.000 -0.690 0.062 0.929 0.000 0.078 -0.361 0.746 0.000 -0.650 0.141 0.931 0.000 -0.066 -0.359 0.623 0.000 -0.777 -0.087 0.992 -0.000 0.072 0.104 0.649 0.000 -0.729 -0.217 0.916 0.000 -0.050 0.397 
0.999 -0.002 0.006 0.053 0.721 0.000 -0.690 0.062 0.929 -0.000 0.078 -0.363 0.746 0.000 -0.650 0.142 0.931 0.000 -0.066 -0.358 0.623 0.000 -0.778 -0.084 0.992 0.000 0.072 0.102 0.648 0.000 -0.729 -0.219 0.921 0.000 -0.047 0.386 
0.999 -0.002 0.006 0.052 0.721 0.000 -0.690 0.062 0.929 0.000 0.078 -0.363 0.746 -0.000 -0.651 0.142 0.931 0.000 -0.066 -0.358 0.623 0.000 -0.778 -0.081 0.992 0.000 0.073 0.100 0.648 -0.000 -0.730 -0.220 0.927 -0.000 -0.042 0.374 
0.999 -0.001 0.007 0.052 0.721 0.000 -0.690 0.063 0.928 0.000 0.078 -0.364 0.746 0.000 -0.651 0.142 0.932 0.000 -0.066 -0.357 0.623 0.000 -0.778 -0.078 0.993 0.000 0.073 0.098 0.647 -0.000 -0.730 -0.222 0.931 0.000 -0.037 0.362 
0.999 -0.001 0.007 0.050 0.721 0.000 -0.690 0.064 0.928 0.000 0.076 -0.365 0.746 0.000 -0.651 0.143 0.932 -0.000 -0.065 -0.357 0.623 -0.000 -0.778 -0.074 0.993 0.000 0.074 0.095 0.647 0.000 -0.730 -0.218 0.937 0.000 -0.032 0.347 
0.999 -0.001 0.007 0.050 0.721 0.000 -0.690 0.065 0.928 0.000 0.076 -0.365 0.745 0.000 -0.651 0.143 0.932 0.000 -0.066 -0.356 0.623 -0.000 -0.779 -0.071 0.993 0.000 0.075 0.093 0.647 0.000 -0.731 -0.218 0.942 0.000 -0.025 0.334 
0.999 -0.001 0.008 0.049 0.721 0.000 -0.690 0.065 0.928 0.000 0.076 -0.364 0.745 0.000 -0.651 0.143 0.933 0.000 -0.066 -0.354 0.623 0.000 -0.779 -0.069 0.993 0.000 0.076 0.092 0.646 0.000 -0.732 -0.216 0.947 0.000 -0.018 0.320 
0.999 -0.001 0.008 0.049 0.721 0.000 -0.690 0.066 0.928 -0.000 0.075 -0.364 0.745 0.000 -0.651 0.143 0.933 -0.000 -0.066 -0.353 0.623 0.000 -0.779 -0.066 0.993 0.000 0.077 0.090 0.645 0.000 -0.734 -0.214 0.952 0.000 -0.009 0.306 
0.999 -0.001 0.008 0.049 0.721 0.000 -0.690 0.066 0.929 0.000 0.076 -0.362 0.745 0.000 -0.651 0.143 0.934 -0.000 -0.065 -0.352 0.623 0.000 -0.779 -0.063 0.993 0.000 0.078 0.089 0.644 0.000 -0.736 -0.212 0.957 -0.000 -0.000 0.291 
0.999 -0.001 0.008 0.048 0.721 0.000 -0.690 0.067 0.930 -0.000 0.076 -0.360 0.745 0.000 -0.651 0.143 0.935 0.000 -0.065 -0.350 0.623 0.000 -0.780 -0.059 0.993 0.000 0.078 0.087 0.643 0.000 -0.737 -0.209 0.961 0.000 0.008 0.277 
0.999 -0.001 0.008 0.048 0.721 -0.000 -0.690 0.067 0.931 -0.000 0.076 -0.358 0.745 -0.000 -0.652 0.143 0.935 0.000 -0.065 -0.348 0.623 0.000 -0.780 -0.057 0.993 0.000 0.079 0.086 0.642 0.000 -0.739 -0.206 0.965 0.000 0.015 0.263 
0.999 -0.001 0.008 0.048 0.720 0.000 -0.691 0.067 0.932 0.000 0.077 -0.355 0.745 0.000 -0.652 0.143 0.936 -0.000 -0.064 -0.347 0.623 0.000 -0.780 -0.053 0.993 0.000 0.081 0.084 0.641 0.000 -0.740 -0.204 0.967 0.000 0.020 0.256 
0.999 -0.001 0.009 0.047 0.720 0.000 -0.691 0.068 0.933 0.000 0.078 -0.352 0.746 0.000 -0.651 0.142 0.937 -0.000 -0.064 -0.344 0.623 0.000 -0.781 -0.050 0.993 0.000 0.082 0.083 0.640 0.000 -0.741 -0.204 0.966 0.000 0.020 0.257 
0.999 -0.001 0.009 0.047 0.719 0.000 -0.692 0.068 0.933 0.000 0.080 -0.350 0.744 -0.000 -0.652 0.143 0.937 0.000 -0.064 -0.343 0.623 0.000 -0.781 -0.047 0.993 0.000 0.082 0.082 0.638 -0.000 -0.741 -0.209 0.964 -0.000 0.016 0.266 
0.999 -0.001 0.009 0.048 0.718 0.000 -0.693 0.070 0.934 0.000 0.081 -0.347 0.745 0.000 -0.652 0.142 0.938 0.000 -0.064 -0.340 0.623 0.000 -0.781 -0.044 0.993 -0.000 0.083 0.080 0.637 0.000 -0.741 -0.214 0.961 0.000 0.013 0.276 
0.999 -0.001 0.009 0.048 0.717 0.000 -0.693 0.070 0.935 0.000 0.082 -0.344 0.744 0.000 -0.653 0.142 0.939 0.000 -0.063 -0.339 0.623 -0.000 -0.781 -0.042 0.993 0.000 0.083 0.080 0.634 -0.000 -0.741 -0.220 0.959 0.000 0.011 0.284 
0.999 -0.002 0.009 0.048 0.717 0.000 -0.694 0.072 0.936 0.000 0.082 -0.341 0.745 0.000 -0.652 0.141 0.940 0.000 -0.064 -0.335 0.624 0.000 -0.781 -0.039 0.993 0.000 0.084 0.079 0.632 0.000 -0.742 -0.222 0.957 0.000 0.012 0.289 
0.999 -0.002 0.009 0.047 0.716 0.000 -0.694 0.073 0.938 -0.000 0.082 -0.338 0.745 -0.000 -0.652 0.141 0.941 0.000 -0.063 -0.334 0.624 0.000 -0.781 -0.037 0.993 -0.000 0.084 0.079 0.631 0.000 -0.744 -0.220 0.957 0.000 0.014 0.291 
0.999 -0.002 0.009 0.047 0.715 0.000 -0.695 0.074 0.939 0.000 0.083 -0.335 0.744 0.000 -0.653 0.142 0.941 0.000 -0.063 -0.333 0.624 0.000 -0.781 -0.034 0.993 -0.000 0.084 0.078 0.631 0.000 -0.746 -0.215 0.958 0.000 0.018 0.288 
0.999 -0.002 0.009 0.047 0.714 0.000 -0.696 0.076 0.940 0.000 0.083 -0.332 0.745 0.000 -0.652 0.141 0.942 0.000 -0.063 -0.329 0.624 0.000 -0.781 -0.032 0.993 -0.000 0.084 0.078 0.631 0.000 -0.748 -0.206 0.959 0.000 0.024 0.281 
0.999 -0.003 0.009 0.046 0.713 0.000 -0.697 0.078 0.941 0.000 0.083 -0.329 0.745 0.000 -0.652 0.141 0.943 0.000 -0.062 -0.328 0.624 0.000 -0.780 -0.030 0.993 0.000 0.084 0.079 0.630 -0.000 -0.751 -0.196 0.962 0.000 0.030 0.273 
0.999 -0.003 0.009 0.045 0.712 0.000 -0.698 0.079 0.942 0.000 0.085 -0.326 0.744 0.000 -0.653 0.142 0.943 -0.000 -0.061 -0.326 0.624 0.000 -0.781 -0.028 0.993 -0.000 0.085 0.080 0.631 0.000 -0.753 -0.186 0.964 0.000 0.036 0.263 
0.999 -0.003 0.009 0.044 0.712 0.000 -0.698 0.083 0.942 0.000 0.080 -0.324 0.744 0.000 -0.653 0.142 0.944 -0.000 -0.060 -0.325 0.624 0.000 -0.781 -0.028 0.993 0.000 0.085 0.081 0.631 0.000 -0.756 -0.175 0.967 0.000 0.042 0.253 
0.999 -0.003 0.009 0.044 0.711 0.000 -0.698 0.084 0.944 0.000 0.081 -0.320 0.743 0.000 -0.654 0.143 0.944 0.000 -0.059 -0.324 0.624 0.000 -0.781 -0.027 0.993 0.000 0.086 0.082 0.631 0.000 -0.758 -0.165 0.969 0.000 0.047 0.243 
0.999 -0.003 0.009 0.043 0.710 0.000 -0.699 0.085 0.945 0.000 0.081 -0.316 0.744 0.000 -0.653 0.142 0.945 0.000 -0.059 -0.322 0.624 -0.000 -0.781 -0.026 0.993 0.000 0.086 0.084 0.631 0.000 -0.760 -0.155 0.971 0.000 0.051 0.235 
0.999 -0.004 0.009 0.043 0.710 0.000 -0.699 0.086 0.947 0.000 0.080 -0.312 0.744 -0.000 -0.653 0.142 0.946 0.000 -0.058 -0.320 0.624 0.000 -0.781 -0.025 0.993 -0.000 0.087 0.086 0.630 0.000 -0.762 -0.149 0.972 0.000 0.055 0.229 
0.999 -0.004 0.009 0.043 0.709 -0.000 -0.700 0.087 0.948 0.000 0.080 -0.307 0.744 0.000 -0.653 0.142 0.946 -0.000 -0.058 -0.318 0.625 -0.000 -0.781 -0.024 0.992 0.000 0.087 0.087 0.630 0.000 -0.763 -0.143 0.973 -0.000 0.058 0.225 
0.999 -0.004 0.009 0.043 0.708 0.000 -0.700 0.088 0.950 0.000 0.080 -0.302 0.743 0.000 -0.654 0.142 0.947 0.000 -0.059 -0.316 0.625 0.000 -0.780 -0.023 0.992 0.000 0.088 0.089 0.629 0.000 -0.765 -0.138 0.973 0.000 0.060 0.222 
0.999 -0.004 0.010 0.044 0.709 0.000 -0.700 0.088 0.951 -0.000 0.079 -0.297 0.743 0.000 -0.654 0.141 0.948 -0.000 -0.059 -0.314 0.626 0.000 -0.780 -0.022 0.992 -0.000 0.088 0.090 0.628 0.000 -0.767 -0.133 0.974 0.000 0.063 0.218 
0.999 -0.005 0.010 0.045 0.708 0.000 -0.701 0.088 0.953 0.000 0.080 -0.293 0.743 -0.000 -0.655 0.141 0.948 0.000 -0.060 -0.312 0.626 0.000 -0.779 -0.021 0.992 0.000 0.088 0.091 0.627 0.000 -0.768 -0.129 0.974 0.000 0.066 0.215 
0.999 -0.005 0.011 0.045 0.708 0.000 -0.701 0.088 0.954 0.000 0.080 -0.288 0.742 -0.000 -0.655 0.141 0.949 0.000 -0.060 -0.310 0.627 0.000 -0.779 -0.020 0.992 0.000 0.089 0.092 0.626 -0.000 -0.769 -0.125 0.975 0.000 0.068 0.211 
0.999 -0.005 0.012 0.047 0.708 0.000 -0.701 0.089 0.956 -0.000 0.080 -0.284 0.742 0.000 -0.655 0.140 0.950 0.000 -0.060 -0.308 0.628 -0.000 -0.778 -0.019 0.992 -0.000 0.089 0.093 0.626 0.000 -0.771 -0.120 0.976 0.000 0.071 0.207 
0.999 -0.005 0.012 0.048 0.707 -0.000 -0.702 0.089 0.957 -0.000 0.081 -0.279 0.742 0.000 -0.656 0.140 0.950 0.000 -0.062 -0.306 0.629 0.000 -0.778 -0.017 0.992 0.000 0.089 0.093 0.625 0.000 -0.772 -0.115 0.976 0.000 0.073 0.203 
0.999 -0.006 0.013 0.049 0.707 0.000 -0.702 0.091 0.958 0.000 0.081 -0.276 0.742 0.000 -0.656 0.140 0.951 0.000 -0.062 -0.304 0.629 0.000 -0.777 -0.015 0.992 0.000 0.089 0.093 0.625 0.000 -0.773 -0.110 0.977 0.000 0.075 0.198 
0.999 -0.006 0.013 0.050 0.706 -0.000 -0.702 0.092 0.959 0.000 0.082 -0.273 0.742 0.000 -0.656 0.140 0.951 0.000 -0.062 -0.303 0.630 0.000 -0.777 -0.013 0.992 0.000 0.090 0.093 0.624 0.000 -0.774 -0.104 0.978 0.000 0.076 0.194 
0.999 -0.006 0.013 0.051 0.705 -0.000 -0.703 0.092 0.959 0.000 0.082 -0.270 0.742 0.000 -0.656 0.141 0.951 0.000 -0.063 -0.301 0.630 -0.000 -0.776 -0.011 0.992 0.000 0.090 0.093 0.624 0.000 -0.775 -0.099 0.979 0.000 0.078 0.190 
0.999 -0.006 0.014 0.052 0.705 0.000 -0.703 0.094 0.960 0.000 0.082 -0.268 0.741 -0.000 -0.656 0.141 0.952 0.000 -0.063 -0.300 0.630 0.000 -0.776 -0.009 0.992 -0.000 0.091 0.093 0.623 0.000 -0.776 -0.095 0.979 0.000 0.079 0.186 
0.999 -0.006 0.014 0.053 0.704 -0.000 -0.704 0.095 0.961 0.000 0.082 -0.265 0.742 0.000 -0.656 0.141 0.952 0.000 -0.064 -0.299 0.631 0.000 -0.776 -0.006 0.992 -0.000 0.092 0.092 0.623 0.000 -0.777 -0.090 0.980 0.000 0.081 0.182 
0.998 -0.007 0.014 0.054 0.703 0.000 -0.704 0.097 0.961 0.000 0.081 -0.263 0.742 0.000 -0.656 0.141 0.952 0.000 -0.064 -0.298 0.631 0.000 -0.776 -0.003 0.992 0.000 0.092 0.090 0.623 0.000 -0.778 -0.085 0.981 0.000 0.083 0.178 
0.998 -0.007 0.014 0.054 0.702 -0.000 -0.706 0.098 0.962 0.000 0.082 -0.261 0.742 0.000 -0.656 0.141 0.953 0.000 -0.064 -0.297 0.631 0.000 -0.776 0.000 0.992 0.000 0.093 0.089 0.622 0.000 -0.778 -0.081 0.981 0.000 0.084 0.175 
