# T   LUA LFA RUA RFA LT  LS  RT  RS  
1.000 -0.012 0.026 0.004 0.755 0.000 -0.656 -0.015 0.982 0.000 -0.110 -0.151 0.970 -0.000 -0.072 -0.230 0.345 0.000 0.654 -0.673 0.615 0.000 -0.788 -0.012 0.985 0.000 0.114 0.133 0.683 0.000 -0.730 -0.033 0.987 0.000 0.040 0.154 
1.000 -0.012 0.026 0.004 0.755 0.000 -0.656 -0.015 0.983 0.000 -0.107 -0.152 0.969 -0.000 -0.072 -0.235 0.348 0.000 0.650 -0.675 0.615 0.000 -0.788 -0.012 0.985 -0.000 0.114 0.133 0.683 0.000 -0.730 -0.032 0.987 0.000 0.040 0.154 
1.000 -0.012 0.026 0.004 0.755 0.000 -0.656 -0.015 0.983 0.000 -0.106 -0.151 0.968 0.000 -0.071 -0.240 0.349 0.000 0.647 -0.678 0.615 0.000 -0.788 -0.012 0.985 -0.000 0.113 0.133 0.683 0.000 -0.730 -0.034 0.987 0.000 0.040 0.155 
1.000 -0.012 0.026 0.004 0.755 0.000 -0.656 -0.015 0.983 0.000 -0.107 -0.152 0.967 0.000 -0.070 -0.245 0.351 -0.000 0.644 -0.680 0.615 0.000 -0.788 -0.012 0.985 0.000 0.113 0.134 0.683 0.000 -0.730 -0.034 0.987 0.000 0.040 0.155 
1.000 -0.012 0.026 0.005 0.755 -0.000 -0.656 -0.016 0.983 0.000 -0.107 -0.151 0.966 0.000 -0.069 -0.251 0.353 0.000 0.641 -0.682 0.615 0.000 -0.788 -0.012 0.985 0.000 0.113 0.133 0.683 0.000 -0.730 -0.034 0.987 0.000 0.040 0.155 
1.000 -0.012 0.026 0.005 0.755 0.000 -0.656 -0.016 0.983 0.000 -0.107 -0.151 0.964 0.000 -0.068 -0.256 0.356 0.000 0.637 -0.684 0.615 0.000 -0.788 -0.013 0.985 -0.000 0.113 0.134 0.683 0.000 -0.730 -0.034 0.987 0.000 0.040 0.155 
1.000 -0.012 0.026 0.005 0.755 0.000 -0.656 -0.016 0.983 0.000 -0.107 -0.151 0.963 0.000 -0.066 -0.261 0.358 0.000 0.636 -0.684 0.616 0.000 -0.788 -0.013 0.985 -0.000 0.113 0.134 0.683 0.000 -0.730 -0.034 0.987 -0.000 0.040 0.155 
1.000 -0.012 0.026 0.005 0.755 0.000 -0.656 -0.017 0.983 0.000 -0.107 -0.150 0.962 0.000 -0.065 -0.267 0.360 0.000 0.632 -0.686 0.615 0.000 -0.788 -0.013 0.984 0.000 0.113 0.134 0.683 -0.000 -0.730 -0.035 0.987 -0.000 0.040 0.155 
1.000 -0.012 0.026 0.005 0.755 0.000 -0.656 -0.017 0.983 0.000 -0.111 -0.150 0.960 0.000 -0.063 -0.272 0.362 0.000 0.626 -0.691 0.615 0.000 -0.788 -0.013 0.984 -0.000 0.113 0.134 0.683 0.000 -0.730 -0.035 0.987 -0.000 0.040 0.155 
1.000 -0.012 0.026 0.005 0.755 0.000 -0.656 -0.017 0.983 0.000 -0.111 -0.150 0.959 0.000 -0.062 -0.277 0.364 0.000 0.623 -0.693 0.615 0.000 -0.788 -0.014 0.984 0.000 0.113 0.134 0.682 0.000 -0.730 -0.035 0.987 -0.000 0.040 0.155 
1.000 -0.012 0.026 0.005 0.755 0.000 -0.656 -0.017 0.983 -0.000 -0.110 -0.150 0.957 0.000 -0.061 -0.282 0.365 0.000 0.619 -0.695 0.615 0.000 -0.788 -0.014 0.984 0.000 0.114 0.135 0.682 0.000 -0.730 -0.035 0.987 0.000 0.040 0.155 
1.000 -0.011 0.026 0.005 0.755 0.000 -0.656 -0.018 0.983 0.000 -0.110 -0.150 0.956 0.000 -0.060 -0.287 0.367 0.000 0.617 -0.697 0.615 0.000 -0.788 -0.014 0.984 0.000 0.114 0.135 0.682 -0.000 -0.730 -0.036 0.987 0.000 0.040 0.155 
1.000 -0.011 0.027 0.006 0.755 0.000 -0.656 -0.018 0.983 0.000 -0.110 -0.150 0.954 0.000 -0.060 -0.292 0.368 0.000 0.615 -0.697 0.615 0.000 -0.788 -0.015 0.984 0.000 0.114 0.135 0.682 0.000 -0.730 -0.036 0.987 0.000 0.040 0.155 
1.000 -0.011 0.027 0.006 0.754 -0.000 -0.656 -0.019 0.983 0.000 -0.110 -0.150 0.953 0.000 -0.057 -0.297 0.370 0.000 0.613 -0.698 0.615 0.000 -0.788 -0.015 0.984 0.000 0.114 0.136 0.682 0.000 -0.730 -0.036 0.987 0.000 0.040 0.155 
1.000 -0.011 0.027 0.006 0.754 0.000 -0.656 -0.019 0.982 0.000 -0.110 -0.150 0.952 0.000 -0.056 -0.302 0.372 -0.000 0.610 -0.700 0.615 0.000 -0.788 -0.015 0.984 -0.000 0.114 0.136 0.682 0.000 -0.730 -0.037 0.987 0.000 0.040 0.156 
1.000 -0.011 0.027 0.006 0.754 0.000 -0.656 -0.019 0.982 0.000 -0.110 -0.151 0.950 0.000 -0.055 -0.307 0.373 -0.000 0.607 -0.702 0.616 0.000 -0.788 -0.015 0.984 0.000 0.114 0.136 0.682 0.000 -0.730 -0.037 0.987 0.000 0.039 0.156 
1.000 -0.011 0.027 0.007 0.754 0.000 -0.656 -0.020 0.982 0.000 -0.110 -0.151 0.948 0.000 -0.054 -0.313 0.376 0.000 0.604 -0.703 0.616 -0.000 -0.788 -0.016 0.984 0.000 0.114 0.136 0.682 0.000 -0.730 -0.037 0.987 -0.000 0.039 0.156 
1.000 -0.011 0.027 0.007 0.754 -0.000 -0.656 -0.020 0.982 0.000 -0.110 -0.151 0.947 0.000 -0.053 -0.318 0.378 0.000 0.600 -0.705 0.616 0.000 -0.788 -0.016 0.984 0.000 0.114 0.137 0.682 -0.000 -0.730 -0.037 0.987 0.000 0.039 0.156 
1.000 -0.011 0.027 0.007 0.754 -0.000 -0.656 -0.020 0.982 0.000 -0.110 -0.151 0.945 0.000 -0.052 -0.323 0.380 0.000 0.595 -0.708 0.616 0.000 -0.788 -0.016 0.984 0.000 0.114 0.137 0.682 -0.000 -0.730 -0.037 0.987 0.000 0.039 0.156 
1.000 -0.011 0.027 0.007 0.754 0.000 -0.657 -0.021 0.982 0.000 -0.110 -0.151 0.943 0.000 -0.051 -0.328 0.382 -0.000 0.591 -0.710 0.616 0.000 -0.788 -0.016 0.984 0.000 0.114 0.137 0.682 0.000 -0.730 -0.037 0.987 0.000 0.039 0.156 
1.000 -0.011 0.027 0.008 0.754 0.000 -0.657 -0.021 0.982 0.000 -0.110 -0.151 0.942 -0.000 -0.050 -0.333 0.385 0.000 0.587 -0.713 0.616 -0.000 -0.788 -0.016 0.984 -0.000 0.114 0.137 0.682 0.000 -0.730 -0.038 0.987 0.000 0.039 0.156 
1.000 -0.011 0.027 0.008 0.754 -0.000 -0.657 -0.021 0.982 -0.000 -0.110 -0.152 0.940 -0.000 -0.048 -0.338 0.387 0.000 0.584 -0.714 0.616 0.000 -0.788 -0.016 0.984 0.000 0.114 0.137 0.682 0.000 -0.730 -0.038 0.987 0.000 0.039 0.156 
1.000 -0.011 0.027 0.008 0.754 0.000 -0.657 -0.022 0.982 0.000 -0.110 -0.152 0.939 -0.000 -0.047 -0.342 0.389 0.000 0.579 -0.717 0.616 0.000 -0.788 -0.016 0.984 0.000 0.114 0.137 0.682 0.000 -0.730 -0.038 0.987 0.000 0.039 0.156 
1.000 -0.011 0.027 0.008 0.754 0.000 -0.657 -0.022 0.982 0.000 -0.110 -0.152 0.937 0.000 -0.045 -0.347 0.391 0.000 0.575 -0.718 0.616 0.000 -0.788 -0.016 0.984 0.000 0.114 0.137 0.682 -0.000 -0.730 -0.038 0.987 0.000 0.038 0.156 
1.000 -0.011 0.027 0.008 0.754 0.000 -0.657 -0.022 0.982 -0.000 -0.110 -0.152 0.935 0.000 -0.044 -0.351 0.393 0.000 0.570 -0.721 0.616 0.000 -0.788 -0.016 0.984 0.000 0.114 0.137 0.682 0.000 -0.730 -0.038 0.987 -0.000 0.038 0.156 
1.000 -0.012 0.027 0.008 0.753 0.000 -0.657 -0.022 0.982 0.000 -0.110 -0.152 0.933 0.000 -0.044 -0.357 0.396 0.000 0.564 -0.725 0.616 0.000 -0.788 -0.016 0.984 0.000 0.114 0.137 0.682 0.000 -0.730 -0.039 0.987 0.000 0.038 0.157 
1.000 -0.012 0.027 0.009 0.753 0.000 -0.657 -0.023 0.982 0.000 -0.110 -0.152 0.932 0.000 -0.042 -0.361 0.398 0.000 0.559 -0.727 0.616 0.000 -0.788 -0.016 0.984 0.000 0.114 0.137 0.682 0.000 -0.730 -0.038 0.987 -0.000 0.038 0.156 
1.000 -0.012 0.027 0.009 0.753 0.000 -0.657 -0.023 0.982 0.000 -0.110 -0.152 0.930 0.000 -0.041 -0.364 0.401 0.000 0.556 -0.728 0.616 0.000 -0.788 -0.016 0.984 0.000 0.115 0.137 0.682 -0.000 -0.730 -0.039 0.987 -0.000 0.038 0.157 
1.000 -0.012 0.027 0.009 0.753 0.000 -0.657 -0.023 0.982 0.000 -0.110 -0.152 0.929 0.000 -0.039 -0.368 0.403 0.000 0.554 -0.728 0.616 -0.000 -0.788 -0.016 0.984 0.000 0.115 0.137 0.682 0.000 -0.730 -0.038 0.987 0.000 0.038 0.156 
1.000 -0.012 0.027 0.009 0.753 0.000 -0.657 -0.024 0.982 0.000 -0.111 -0.152 0.928 0.000 -0.037 -0.371 0.405 0.000 0.552 -0.729 0.616 0.000 -0.788 -0.016 0.984 0.000 0.115 0.137 0.682 0.000 -0.730 -0.039 0.987 0.000 0.038 0.156 
1.000 -0.012 0.027 0.009 0.753 0.000 -0.658 -0.024 0.982 0.000 -0.110 -0.152 0.927 0.000 -0.036 -0.374 0.407 0.000 0.549 -0.730 0.616 -0.000 -0.788 -0.016 0.984 0.000 0.115 0.137 0.682 -0.000 -0.730 -0.038 0.987 0.000 0.038 0.155 
1.000 -0.012 0.027 0.009 0.753 -0.000 -0.658 -0.025 0.982 0.000 -0.110 -0.151 0.925 0.000 -0.034 -0.378 0.410 0.000 0.547 -0.730 0.616 0.000 -0.788 -0.016 0.984 -0.000 0.115 0.137 0.682 0.000 -0.730 -0.039 0.987 -0.000 0.038 0.156 
1.000 -0.012 0.027 0.009 0.753 -0.000 -0.658 -0.025 0.982 0.000 -0.110 -0.151 0.924 0.000 -0.033 -0.381 0.412 0.000 0.544 -0.731 0.616 0.000 -0.788 -0.016 0.984 0.000 0.115 0.137 0.682 -0.000 -0.730 -0.038 0.987 0.000 0.038 0.155 
1.000 -0.012 0.027 0.009 0.753 0.000 -0.658 -0.025 0.982 0.000 -0.110 -0.151 0.923 0.000 -0.031 -0.384 0.414 -0.000 0.542 -0.731 0.616 0.000 -0.788 -0.016 0.984 0.000 0.115 0.137 0.682 0.000 -0.730 -0.038 0.987 0.000 0.038 0.155 
1.000 -0.012 0.027 0.009 0.753 -0.000 -0.658 -0.026 0.982 0.000 -0.110 -0.151 0.922 0.000 -0.030 -0.387 0.417 0.000 0.541 -0.730 0.616 0.000 -0.788 -0.016 0.984 0.000 0.115 0.137 0.682 0.000 -0.730 -0.038 0.987 0.000 0.038 0.155 
1.000 -0.012 0.027 0.009 0.753 0.000 -0.658 -0.026 0.982 0.000 -0.110 -0.151 0.921 -0.000 -0.029 -0.390 0.419 -0.000 0.539 -0.730 0.616 -0.000 -0.788 -0.016 0.984 0.000 0.116 0.137 0.682 0.000 -0.730 -0.039 0.987 -0.000 0.038 0.156 
1.000 -0.012 0.027 0.009 0.753 0.000 -0.658 -0.026 0.982 0.000 -0.110 -0.151 0.919 0.000 -0.028 -0.392 0.422 0.000 0.537 -0.731 0.616 0.000 -0.788 -0.015 0.984 -0.000 0.116 0.137 0.682 0.000 -0.730 -0.039 0.987 0.000 0.038 0.156 
1.000 -0.012 0.027 0.009 0.753 0.000 -0.658 -0.026 0.982 -0.000 -0.110 -0.150 0.919 0.000 -0.026 -0.394 0.423 -0.000 0.536 -0.731 0.616 0.000 -0.788 -0.015 0.984 -0.000 0.116 0.136 0.682 -0.000 -0.730 -0.038 0.987 0.000 0.037 0.156 
1.000 -0.012 0.027 0.009 0.753 -0.000 -0.658 -0.026 0.982 0.000 -0.110 -0.150 0.917 0.000 -0.025 -0.397 0.426 0.000 0.534 -0.731 0.616 0.000 -0.788 -0.015 0.984 0.000 0.116 0.136 0.682 0.000 -0.731 -0.037 0.987 0.000 0.038 0.155 
1.000 -0.012 0.027 0.009 0.752 0.000 -0.658 -0.026 0.982 -0.000 -0.111 -0.150 0.916 0.000 -0.025 -0.399 0.428 -0.000 0.532 -0.730 0.616 0.000 -0.788 -0.014 0.984 -0.000 0.116 0.136 0.682 0.000 -0.730 -0.038 0.987 0.000 0.038 0.156 
1.000 -0.013 0.027 0.009 0.752 0.000 -0.658 -0.027 0.982 0.000 -0.110 -0.150 0.916 0.000 -0.023 -0.401 0.432 0.000 0.529 -0.731 0.616 0.000 -0.788 -0.014 0.984 0.000 0.116 0.136 0.682 0.000 -0.731 -0.037 0.987 0.000 0.038 0.155 
1.000 -0.013 0.027 0.009 0.752 0.000 -0.658 -0.027 0.983 0.000 -0.110 -0.150 0.915 -0.000 -0.023 -0.403 0.433 -0.000 0.528 -0.730 0.616 0.000 -0.788 -0.014 0.984 0.000 0.117 0.136 0.682 0.000 -0.731 -0.037 0.987 0.000 0.038 0.155 
1.000 -0.013 0.027 0.009 0.752 -0.000 -0.658 -0.027 0.983 0.000 -0.110 -0.150 0.914 0.000 -0.022 -0.405 0.435 0.000 0.527 -0.730 0.615 0.000 -0.788 -0.013 0.984 0.000 0.117 0.136 0.682 0.000 -0.731 -0.037 0.987 0.000 0.038 0.155 
0.999 -0.013 0.027 0.009 0.752 0.000 -0.658 -0.027 0.982 0.000 -0.110 -0.150 0.913 0.000 -0.021 -0.407 0.438 0.000 0.525 -0.730 0.615 0.000 -0.788 -0.013 0.984 0.000 0.117 0.136 0.682 -0.000 -0.730 -0.037 0.987 0.000 0.037 0.156 
0.999 -0.013 0.027 0.009 0.753 -0.000 -0.658 -0.027 0.982 0.000 -0.110 -0.150 0.913 -0.000 -0.021 -0.409 0.440 0.000 0.524 -0.730 0.616 0.000 -0.788 -0.013 0.984 0.000 0.117 0.136 0.682 0.000 -0.731 -0.036 0.987 0.000 0.038 0.155 
0.999 -0.014 0.027 0.010 0.753 0.000 -0.658 -0.027 0.982 0.000 -0.110 -0.150 0.912 0.000 -0.021 -0.410 0.442 0.000 0.522 -0.730 0.615 0.000 -0.788 -0.012 0.984 -0.000 0.117 0.136 0.682 0.000 -0.731 -0.035 0.987 0.000 0.038 0.155 
0.999 -0.014 0.027 0.010 0.753 0.000 -0.658 -0.027 0.982 0.000 -0.110 -0.150 0.911 -0.000 -0.020 -0.411 0.443 0.000 0.521 -0.729 0.615 0.000 -0.788 -0.012 0.984 0.000 0.117 0.136 0.682 -0.000 -0.731 -0.035 0.987 0.000 0.038 0.155 
0.999 -0.014 0.027 0.010 0.753 0.000 -0.658 -0.027 0.982 -0.000 -0.110 -0.151 0.911 -0.000 -0.020 -0.412 0.445 -0.000 0.520 -0.729 0.616 0.000 -0.788 -0.011 0.984 0.000 0.118 0.136 0.682 -0.000 -0.730 -0.036 0.987 0.000 0.037 0.156 
0.999 -0.015 0.027 0.010 0.753 0.000 -0.657 -0.027 0.982 0.000 -0.110 -0.151 0.911 0.000 -0.020 -0.413 0.447 0.000 0.518 -0.729 0.615 0.000 -0.788 -0.011 0.984 0.000 0.118 0.136 0.682 -0.000 -0.731 -0.034 0.987 0.000 0.038 0.155 
0.999 -0.015 0.027 0.009 0.753 0.000 -0.657 -0.027 0.982 0.000 -0.110 -0.151 0.910 0.000 -0.020 -0.413 0.449 0.000 0.517 -0.729 0.615 -0.000 -0.788 -0.011 0.984 0.000 0.118 0.136 0.682 -0.000 -0.731 -0.034 0.987 -0.000 0.038 0.155 
0.999 -0.015 0.027 0.010 0.753 0.000 -0.657 -0.026 0.982 0.000 -0.110 -0.152 0.910 0.000 -0.020 -0.414 0.451 0.000 0.515 -0.729 0.615 -0.000 -0.788 -0.010 0.984 -0.000 0.118 0.136 0.682 0.000 -0.731 -0.034 0.987 0.000 0.038 0.155 
0.999 -0.015 0.027 0.009 0.753 0.000 -0.657 -0.026 0.982 -0.000 -0.110 -0.152 0.910 -0.000 -0.020 -0.414 0.452 0.000 0.514 -0.729 0.615 0.000 -0.788 -0.010 0.984 -0.000 0.118 0.136 0.682 -0.000 -0.731 -0.033 0.987 0.000 0.039 0.155 
0.999 -0.015 0.027 0.009 0.754 0.000 -0.657 -0.026 0.982 0.000 -0.110 -0.152 0.910 0.000 -0.020 -0.414 0.453 0.000 0.513 -0.729 0.615 0.000 -0.788 -0.009 0.984 -0.000 0.118 0.135 0.682 0.000 -0.731 -0.034 0.987 0.000 0.038 0.156 
0.999 -0.016 0.027 0.009 0.754 0.000 -0.657 -0.026 0.982 0.000 -0.110 -0.152 0.910 0.000 -0.020 -0.414 0.455 0.000 0.512 -0.729 0.615 0.000 -0.788 -0.009 0.984 0.000 0.118 0.136 0.682 0.000 -0.731 -0.032 0.987 -0.000 0.039 0.155 
0.999 -0.016 0.027 0.009 0.754 0.000 -0.657 -0.026 0.982 0.000 -0.110 -0.153 0.911 0.000 -0.020 -0.413 0.456 0.000 0.513 -0.727 0.615 0.000 -0.788 -0.009 0.984 0.000 0.118 0.136 0.682 0.000 -0.731 -0.031 0.987 0.000 0.040 0.155 
0.999 -0.016 0.027 0.009 0.754 0.000 -0.657 -0.026 0.982 0.000 -0.110 -0.153 0.911 0.000 -0.020 -0.413 0.457 0.000 0.512 -0.727 0.615 0.000 -0.788 -0.009 0.984 -0.000 0.118 0.136 0.682 0.000 -0.731 -0.031 0.987 0.000 0.040 0.154 
0.999 -0.016 0.027 0.008 0.754 0.000 -0.656 -0.026 0.982 0.000 -0.110 -0.153 0.911 0.000 -0.021 -0.412 0.458 0.000 0.512 -0.727 0.615 0.000 -0.788 -0.008 0.984 0.000 0.118 0.136 0.682 0.000 -0.731 -0.031 0.987 0.000 0.039 0.156 
0.999 -0.017 0.027 0.008 0.754 0.000 -0.656 -0.026 0.982 0.000 -0.109 -0.153 0.912 0.000 -0.021 -0.410 0.458 0.000 0.511 -0.728 0.615 0.000 -0.788 -0.008 0.984 0.000 0.118 0.136 0.682 0.000 -0.731 -0.031 0.987 0.000 0.040 0.155 
0.999 -0.017 0.027 0.008 0.754 0.000 -0.656 -0.025 0.982 -0.000 -0.110 -0.153 0.912 0.000 -0.022 -0.409 0.458 -0.000 0.511 -0.728 0.615 -0.000 -0.788 -0.008 0.984 0.000 0.118 0.136 0.682 0.000 -0.731 -0.029 0.987 -0.000 0.041 0.154 
0.999 -0.017 0.027 0.008 0.754 0.000 -0.656 -0.026 0.982 0.000 -0.109 -0.153 0.913 0.000 -0.023 -0.408 0.458 -0.000 0.510 -0.728 0.615 -0.000 -0.788 -0.007 0.984 0.000 0.118 0.136 0.682 0.000 -0.731 -0.029 0.987 0.000 0.040 0.154 
0.999 -0.017 0.027 0.007 0.755 -0.000 -0.656 -0.026 0.982 0.000 -0.109 -0.153 0.913 0.000 -0.024 -0.406 0.458 0.000 0.510 -0.728 0.615 -0.000 -0.788 -0.007 0.984 0.000 0.118 0.136 0.682 0.000 -0.731 -0.029 0.987 0.000 0.041 0.154 
0.999 -0.017 0.027 0.007 0.755 0.000 -0.656 -0.026 0.982 0.000 -0.109 -0.153 0.914 0.000 -0.025 -0.405 0.458 -0.000 0.510 -0.728 0.615 0.000 -0.788 -0.007 0.984 0.000 0.118 0.136 0.682 0.000 -0.731 -0.028 0.987 0.000 0.041 0.155 
0.999 -0.018 0.027 0.007 0.755 0.000 -0.655 -0.026 0.983 -0.000 -0.106 -0.153 0.915 0.000 -0.026 -0.403 0.457 -0.000 0.511 -0.728 0.615 0.000 -0.788 -0.007 0.984 0.000 0.118 0.136 0.682 0.000 -0.731 -0.028 0.987 0.000 0.041 0.155 
0.999 -0.018 0.027 0.007 0.755 0.000 -0.655 -0.026 0.983 0.000 -0.106 -0.153 0.915 0.000 -0.028 -0.401 0.457 0.000 0.511 -0.728 0.615 0.000 -0.788 -0.007 0.984 0.000 0.118 0.136 0.682 0.000 -0.731 -0.029 0.987 0.000 0.041 0.156 
0.999 -0.018 0.027 0.007 0.755 0.000 -0.655 -0.025 0.982 0.000 -0.109 -0.152 0.916 -0.000 -0.029 -0.400 0.456 0.000 0.512 -0.728 0.615 0.000 -0.788 -0.007 0.984 0.000 0.118 0.136 0.681 0.000 -0.731 -0.027 0.987 -0.000 0.042 0.155 
0.999 -0.018 0.027 0.006 0.755 0.000 -0.655 -0.025 0.983 -0.000 -0.105 -0.153 0.917 -0.000 -0.031 -0.398 0.456 0.000 0.513 -0.728 0.615 0.000 -0.788 -0.006 0.984 0.000 0.118 0.136 0.681 0.000 -0.731 -0.027 0.987 -0.000 0.042 0.155 
0.999 -0.018 0.027 0.006 0.756 0.000 -0.655 -0.025 0.983 0.000 -0.105 -0.153 0.918 0.000 -0.032 -0.396 0.455 0.000 0.514 -0.727 0.615 0.000 -0.788 -0.006 0.984 0.000 0.118 0.136 0.681 0.000 -0.731 -0.027 0.987 -0.000 0.042 0.155 
0.999 -0.018 0.027 0.006 0.756 -0.000 -0.654 -0.025 0.983 0.000 -0.105 -0.153 0.919 0.000 -0.034 -0.394 0.453 0.000 0.516 -0.727 0.615 0.000 -0.788 -0.006 0.984 0.000 0.118 0.136 0.681 0.000 -0.731 -0.027 0.987 0.000 0.042 0.155 
0.999 -0.018 0.027 0.006 0.756 0.000 -0.654 -0.025 0.983 0.000 -0.108 -0.151 0.920 -0.000 -0.035 -0.391 0.452 0.000 0.517 -0.727 0.615 0.000 -0.789 -0.006 0.984 0.000 0.118 0.136 0.681 0.000 -0.731 -0.027 0.987 0.000 0.042 0.155 
0.999 -0.019 0.027 0.006 0.756 0.000 -0.654 -0.024 0.983 0.000 -0.105 -0.152 0.921 0.000 -0.037 -0.388 0.450 0.000 0.519 -0.726 0.615 0.000 -0.789 -0.006 0.984 0.000 0.118 0.136 0.681 0.000 -0.732 -0.026 0.987 0.000 0.042 0.155 
0.999 -0.019 0.027 0.005 0.756 0.000 -0.654 -0.024 0.983 0.000 -0.105 -0.152 0.922 0.000 -0.039 -0.386 0.448 -0.000 0.522 -0.726 0.615 0.000 -0.788 -0.006 0.984 0.000 0.117 0.136 0.681 0.000 -0.732 -0.026 0.987 0.000 0.043 0.155 
0.999 -0.019 0.027 0.005 0.756 0.000 -0.654 -0.024 0.983 0.000 -0.105 -0.152 0.923 0.000 -0.040 -0.383 0.447 -0.000 0.524 -0.725 0.615 0.000 -0.789 -0.006 0.984 -0.000 0.118 0.136 0.681 0.000 -0.732 -0.026 0.987 0.000 0.043 0.155 
0.999 -0.019 0.027 0.005 0.757 0.000 -0.653 -0.024 0.983 0.000 -0.105 -0.152 0.924 0.000 -0.042 -0.380 0.445 0.000 0.527 -0.724 0.615 0.000 -0.789 -0.006 0.984 0.000 0.118 0.136 0.681 0.000 -0.731 -0.026 0.987 -0.000 0.043 0.155 
0.999 -0.019 0.027 0.005 0.757 0.000 -0.653 -0.023 0.983 0.000 -0.105 -0.152 0.925 0.000 -0.044 -0.378 0.442 0.000 0.531 -0.723 0.615 0.000 -0.789 -0.005 0.984 0.000 0.118 0.136 0.681 0.000 -0.731 -0.026 0.987 0.000 0.043 0.155 
0.999 -0.019 0.027 0.005 0.757 0.000 -0.653 -0.023 0.983 0.000 -0.105 -0.151 0.926 -0.000 -0.046 -0.375 0.440 0.000 0.534 -0.722 0.615 0.000 -0.789 -0.006 0.984 0.000 0.117 0.136 0.681 -0.000 -0.731 -0.026 0.987 0.000 0.043 0.155 
0.999 -0.019 0.027 0.005 0.757 -0.000 -0.653 -0.023 0.983 0.000 -0.105 -0.151 0.927 0.000 -0.048 -0.372 0.438 0.000 0.537 -0.721 0.615 0.000 -0.789 -0.006 0.984 -0.000 0.118 0.136 0.681 0.000 -0.732 -0.026 0.987 0.000 0.043 0.155 
0.999 -0.019 0.027 0.005 0.757 0.000 -0.653 -0.023 0.983 0.000 -0.105 -0.151 0.928 0.000 -0.050 -0.370 0.436 0.000 0.540 -0.720 0.615 0.000 -0.789 -0.005 0.984 0.000 0.117 0.136 0.681 0.000 -0.732 -0.026 0.987 -0.000 0.043 0.155 
0.999 -0.019 0.027 0.004 0.757 0.000 -0.653 -0.022 0.983 0.000 -0.105 -0.151 0.929 0.000 -0.053 -0.367 0.433 0.000 0.544 -0.719 0.615 0.000 -0.789 -0.006 0.984 0.000 0.118 0.136 0.681 0.000 -0.732 -0.026 0.987 0.000 0.043 0.155 
0.999 -0.019 0.027 0.004 0.757 0.000 -0.652 -0.022 0.983 0.000 -0.105 -0.150 0.930 -0.000 -0.055 -0.364 0.431 0.000 0.546 -0.718 0.615 0.000 -0.789 -0.006 0.984 0.000 0.118 0.136 0.681 0.000 -0.732 -0.026 0.987 0.000 0.043 0.155 
0.999 -0.019 0.027 0.004 0.758 0.000 -0.652 -0.022 0.983 0.000 -0.105 -0.150 0.931 -0.000 -0.055 -0.360 0.428 -0.000 0.555 -0.714 0.615 0.000 -0.789 -0.006 0.984 0.000 0.117 0.136 0.681 0.000 -0.732 -0.026 0.987 0.000 0.043 0.155 
0.999 -0.019 0.027 0.004 0.758 0.000 -0.652 -0.021 0.983 0.000 -0.105 -0.151 0.933 0.000 -0.057 -0.356 0.425 0.000 0.562 -0.709 0.615 0.000 -0.789 -0.006 0.984 0.000 0.117 0.136 0.681 0.000 -0.732 -0.026 0.987 0.000 0.043 0.155 
0.999 -0.019 0.027 0.004 0.758 -0.000 -0.652 -0.021 0.983 0.000 -0.105 -0.150 0.934 0.000 -0.059 -0.353 0.422 0.000 0.567 -0.708 0.615 0.000 -0.789 -0.006 0.984 -0.000 0.117 0.136 0.681 0.000 -0.731 -0.026 0.987 0.000 0.043 0.155 
0.999 -0.019 0.027 0.004 0.758 -0.000 -0.652 -0.021 0.983 -0.000 -0.105 -0.150 0.935 0.000 -0.061 -0.349 0.419 0.000 0.572 -0.705 0.615 0.000 -0.789 -0.006 0.984 0.000 0.117 0.136 0.681 0.000 -0.731 -0.026 0.987 -0.000 0.043 0.155 
0.999 -0.019 0.026 0.004 0.758 0.000 -0.652 -0.020 0.983 0.000 -0.105 -0.150 0.936 0.000 -0.063 -0.346 0.416 -0.000 0.577 -0.703 0.615 0.000 -0.789 -0.006 0.984 0.000 0.117 0.136 0.681 0.000 -0.731 -0.026 0.987 0.000 0.043 0.155 
0.999 -0.018 0.026 0.004 0.758 0.000 -0.652 -0.020 0.983 0.000 -0.105 -0.150 0.937 0.000 -0.065 -0.342 0.413 0.000 0.582 -0.701 0.615 0.000 -0.789 -0.006 0.984 0.000 0.117 0.136 0.681 0.000 -0.731 -0.026 0.987 0.000 0.043 0.155 
0.999 -0.018 0.026 0.004 0.758 -0.000 -0.652 -0.020 0.983 -0.000 -0.105 -0.150 0.938 0.000 -0.067 -0.339 0.411 0.000 0.587 -0.698 0.615 -0.000 -0.789 -0.006 0.984 0.000 0.117 0.136 0.681 0.000 -0.731 -0.026 0.987 0.000 0.043 0.155 
0.999 -0.018 0.026 0.004 0.758 0.000 -0.652 -0.019 0.983 -0.000 -0.105 -0.150 0.939 0.000 -0.069 -0.336 0.408 0.000 0.592 -0.695 0.615 -0.000 -0.789 -0.006 0.984 0.000 0.117 0.136 0.681 0.000 -0.731 -0.026 0.987 0.000 0.043 0.155 
0.999 -0.018 0.026 0.004 0.758 0.000 -0.652 -0.019 0.983 -0.000 -0.105 -0.150 0.941 0.000 -0.071 -0.332 0.404 0.000 0.596 -0.694 0.615 0.000 -0.789 -0.006 0.984 0.000 0.117 0.135 0.682 0.000 -0.731 -0.026 0.987 0.000 0.043 0.155 
0.999 -0.018 0.026 0.004 0.758 0.000 -0.652 -0.019 0.983 0.000 -0.105 -0.149 0.942 0.000 -0.073 -0.329 0.401 -0.000 0.602 -0.690 0.615 0.000 -0.789 -0.006 0.984 -0.000 0.116 0.135 0.682 0.000 -0.731 -0.026 0.987 0.000 0.043 0.155 
0.999 -0.018 0.026 0.004 0.758 0.000 -0.652 -0.018 0.983 0.000 -0.105 -0.150 0.943 0.000 -0.075 -0.326 0.398 0.000 0.609 -0.686 0.615 0.000 -0.789 -0.006 0.984 0.000 0.116 0.135 0.682 0.000 -0.731 -0.027 0.987 0.000 0.043 0.155 
0.999 -0.018 0.026 0.004 0.758 0.000 -0.652 -0.018 0.983 -0.000 -0.105 -0.150 0.944 -0.000 -0.077 -0.322 0.395 0.000 0.614 -0.684 0.615 0.000 -0.789 -0.007 0.984 0.000 0.116 0.135 0.682 0.000 -0.731 -0.027 0.987 0.000 0.042 0.155 
0.999 -0.018 0.026 0.004 0.758 -0.000 -0.652 -0.018 0.983 0.000 -0.105 -0.150 0.945 -0.000 -0.079 -0.318 0.392 0.000 0.619 -0.681 0.615 0.000 -0.789 -0.007 0.984 0.000 0.116 0.135 0.682 -0.000 -0.731 -0.027 0.987 0.000 0.043 0.155 
0.999 -0.018 0.026 0.003 0.758 0.000 -0.652 -0.018 0.983 -0.000 -0.105 -0.149 0.946 0.000 -0.081 -0.314 0.388 -0.000 0.625 -0.678 0.615 0.000 -0.789 -0.007 0.984 0.000 0.116 0.135 0.682 0.000 -0.731 -0.027 0.987 0.000 0.043 0.155 
0.999 -0.018 0.026 0.003 0.758 0.000 -0.652 -0.018 0.983 0.000 -0.105 -0.149 0.947 0.000 -0.083 -0.310 0.385 0.000 0.629 -0.675 0.615 0.000 -0.789 -0.007 0.984 0.000 0.116 0.135 0.682 0.000 -0.731 -0.027 0.987 0.000 0.043 0.156 
0.999 -0.018 0.026 0.003 0.758 0.000 -0.652 -0.018 0.983 0.000 -0.105 -0.149 0.948 -0.000 -0.085 -0.307 0.382 0.000 0.634 -0.672 0.615 0.000 -0.789 -0.007 0.984 -0.000 0.116 0.135 0.682 0.000 -0.731 -0.027 0.987 0.000 0.043 0.155 
0.999 -0.018 0.026 0.003 0.758 -0.000 -0.652 -0.018 0.983 0.000 -0.105 -0.149 0.949 0.000 -0.087 -0.303 0.379 0.000 0.640 -0.669 0.615 -0.000 -0.789 -0.007 0.984 -0.000 0.116 0.135 0.682 0.000 -0.731 -0.027 0.987 -0.000 0.043 0.155 
0.999 -0.018 0.026 0.002 0.758 0.000 -0.652 -0.018 0.983 0.000 -0.105 -0.149 0.950 0.000 -0.089 -0.299 0.376 -0.000 0.644 -0.666 0.615 0.000 -0.789 -0.007 0.984 0.000 0.116 0.135 0.682 0.000 -0.731 -0.027 0.987 -0.000 0.043 0.155 
0.999 -0.018 0.026 0.002 0.758 0.000 -0.653 -0.018 0.983 0.000 -0.105 -0.149 0.951 0.000 -0.091 -0.295 0.372 0.000 0.649 -0.664 0.615 0.000 -0.789 -0.008 0.984 0.000 0.116 0.135 0.682 0.000 -0.731 -0.027 0.987 0.000 0.043 0.155 
0.999 -0.018 0.026 0.002 0.757 0.000 -0.653 -0.018 0.983 -0.000 -0.105 -0.149 0.952 0.000 -0.093 -0.291 0.369 0.000 0.653 -0.661 0.615 0.000 -0.789 -0.007 0.984 0.000 0.116 0.134 0.682 0.000 -0.731 -0.027 0.987 -0.000 0.043 0.155 
0.999 -0.018 0.026 0.002 0.757 0.000 -0.653 -0.018 0.983 -0.000 -0.105 -0.149 0.953 0.000 -0.095 -0.287 0.366 0.000 0.657 -0.659 0.614 0.000 -0.789 -0.007 0.984 -0.000 0.116 0.134 0.682 0.000 -0.731 -0.027 0.987 0.000 0.043 0.155 
1.000 -0.018 0.026 0.001 0.757 0.000 -0.653 -0.018 0.983 0.000 -0.105 -0.149 0.954 0.000 -0.097 -0.284 0.363 0.000 0.663 -0.655 0.615 0.000 -0.789 -0.008 0.984 -0.000 0.116 0.134 0.682 0.000 -0.731 -0.027 0.987 0.000 0.043 0.155 
1.000 -0.018 0.026 0.001 0.757 0.000 -0.653 -0.018 0.983 0.000 -0.105 -0.149 0.955 0.000 -0.099 -0.280 0.360 0.000 0.666 -0.653 0.614 -0.000 -0.789 -0.008 0.984 -0.000 0.116 0.134 0.682 0.000 -0.731 -0.027 0.987 0.000 0.043 0.155 
0.999 -0.018 0.026 0.001 0.757 0.000 -0.653 -0.018 0.983 0.000 -0.106 -0.149 0.956 0.000 -0.100 -0.276 0.357 0.000 0.670 -0.651 0.614 0.000 -0.789 -0.007 0.984 0.000 0.117 0.134 0.682 0.000 -0.731 -0.027 0.987 0.000 0.043 0.155 
0.999 -0.018 0.026 0.000 0.757 0.000 -0.653 -0.018 0.983 0.000 -0.106 -0.149 0.957 0.000 -0.102 -0.272 0.355 -0.000 0.673 -0.649 0.614 0.000 -0.789 -0.007 0.984 0.000 0.116 0.134 0.682 0.000 -0.731 -0.026 0.987 0.000 0.043 0.155 
0.999 -0.018 0.026 -0.000 0.757 0.000 -0.653 -0.017 0.983 0.000 -0.106 -0.150 0.958 -0.000 -0.104 -0.268 0.352 0.000 0.676 -0.647 0.614 0.000 -0.789 -0.007 0.984 0.000 0.117 0.134 0.682 0.000 -0.731 -0.026 0.987 0.000 0.043 0.155 
1.000 -0.018 0.026 -0.001 0.757 -0.000 -0.653 -0.018 0.983 0.000 -0.106 -0.150 0.959 0.000 -0.105 -0.265 0.349 0.000 0.679 -0.645 0.614 0.000 -0.789 -0.008 0.984 0.000 0.117 0.133 0.682 0.000 -0.731 -0.026 0.987 0.000 0.043 0.155 
0.999 -0.018 0.026 -0.001 0.757 0.000 -0.653 -0.017 0.983 0.000 -0.106 -0.150 0.959 0.000 -0.106 -0.261 0.348 0.000 0.682 -0.643 0.615 0.000 -0.789 -0.007 0.984 0.000 0.116 0.133 0.682 0.000 -0.731 -0.026 0.987 -0.000 0.043 0.155 
0.999 -0.018 0.026 -0.001 0.757 -0.000 -0.653 -0.017 0.983 0.000 -0.107 -0.150 0.960 -0.000 -0.108 -0.259 0.346 -0.000 0.685 -0.642 0.614 0.000 -0.789 -0.007 0.984 0.000 0.116 0.133 0.682 -0.000 -0.731 -0.026 0.987 0.000 0.043 0.155 
1.000 -0.017 0.026 -0.002 0.757 0.000 -0.654 -0.018 0.983 0.000 -0.107 -0.150 0.961 0.000 -0.108 -0.255 0.344 0.000 0.688 -0.639 0.614 0.000 -0.789 -0.008 0.984 0.000 0.116 0.133 0.682 -0.000 -0.731 -0.026 0.987 0.000 0.043 0.155 
0.999 -0.018 0.026 -0.002 0.757 0.000 -0.654 -0.017 0.983 0.000 -0.107 -0.150 0.961 -0.000 -0.111 -0.253 0.342 0.000 0.690 -0.638 0.614 0.000 -0.789 -0.007 0.984 -0.000 0.117 0.132 0.682 0.000 -0.731 -0.024 0.987 -0.000 0.043 0.154 
0.999 -0.018 0.026 -0.003 0.757 0.000 -0.654 -0.017 0.983 0.000 -0.108 -0.150 0.962 -0.000 -0.112 -0.250 0.341 0.000 0.691 -0.637 0.614 0.000 -0.789 -0.007 0.984 0.000 0.117 0.132 0.682 0.000 -0.731 -0.024 0.987 0.000 0.043 0.154 
0.999 -0.018 0.026 -0.003 0.757 0.000 -0.654 -0.017 0.983 0.000 -0.108 -0.150 0.962 0.000 -0.113 -0.247 0.339 0.000 0.693 -0.636 0.614 0.000 -0.789 -0.007 0.984 0.000 0.117 0.132 0.682 0.000 -0.731 -0.024 0.987 -0.000 0.043 0.154 
0.999 -0.018 0.026 -0.004 0.757 0.000 -0.654 -0.017 0.983 0.000 -0.108 -0.150 0.963 0.000 -0.113 -0.245 0.338 0.000 0.695 -0.635 0.614 0.000 -0.789 -0.007 0.984 0.000 0.117 0.132 0.682 0.000 -0.731 -0.024 0.987 0.000 0.043 0.154 
0.999 -0.018 0.026 -0.004 0.756 0.000 -0.654 -0.017 0.983 0.000 -0.108 -0.150 0.963 0.000 -0.114 -0.243 0.337 0.000 0.696 -0.634 0.614 0.000 -0.789 -0.007 0.984 0.000 0.117 0.132 0.682 0.000 -0.731 -0.025 0.987 0.000 0.043 0.154 
0.999 -0.018 0.026 -0.004 0.756 0.000 -0.654 -0.017 0.983 0.000 -0.108 -0.150 0.964 -0.000 -0.114 -0.241 0.337 0.000 0.697 -0.633 0.614 0.000 -0.789 -0.007 0.984 -0.000 0.117 0.132 0.682 0.000 -0.731 -0.024 0.987 0.000 0.043 0.154 
0.999 -0.017 0.026 -0.004 0.756 0.000 -0.654 -0.017 0.983 0.000 -0.108 -0.150 0.964 0.000 -0.114 -0.240 0.336 0.000 0.697 -0.633 0.614 0.000 -0.789 -0.007 0.984 0.000 0.117 0.132 0.682 0.000 -0.731 -0.025 0.987 0.000 0.043 0.154 
0.999 -0.017 0.026 -0.004 0.756 0.000 -0.654 -0.017 0.983 0.000 -0.109 -0.150 0.964 0.000 -0.114 -0.238 0.336 0.000 0.697 -0.633 0.614 0.000 -0.789 -0.007 0.984 -0.000 0.117 0.132 0.682 0.000 -0.731 -0.025 0.987 0.000 0.043 0.155 
0.999 -0.017 0.026 -0.005 0.756 0.000 -0.654 -0.017 0.983 0.000 -0.109 -0.150 0.965 0.000 -0.113 -0.237 0.335 0.000 0.698 -0.633 0.614 -0.000 -0.789 -0.008 0.984 0.000 0.117 0.132 0.682 0.000 -0.731 -0.025 0.987 0.000 0.043 0.155 
0.999 -0.017 0.026 -0.005 0.756 0.000 -0.654 -0.017 0.983 0.000 -0.109 -0.150 0.965 0.000 -0.113 -0.237 0.335 0.000 0.698 -0.633 0.614 -0.000 -0.789 -0.008 0.984 0.000 0.116 0.132 0.682 0.000 -0.731 -0.025 0.987 -0.000 0.043 0.155 
0.999 -0.017 0.026 -0.005 0.756 0.000 -0.654 -0.017 0.983 0.000 -0.109 -0.150 0.965 0.000 -0.112 -0.236 0.335 -0.000 0.698 -0.633 0.614 0.000 -0.789 -0.008 0.984 0.000 0.116 0.131 0.682 0.000 -0.731 -0.025 0.987 0.000 0.043 0.155 
0.999 -0.017 0.026 -0.005 0.756 -0.000 -0.654 -0.017 0.983 0.000 -0.109 -0.149 0.965 0.000 -0.111 -0.236 0.336 0.000 0.697 -0.634 0.614 0.000 -0.789 -0.008 0.984 0.000 0.116 0.131 0.682 0.000 -0.731 -0.025 0.987 0.000 0.043 0.155 
0.999 -0.017 0.026 -0.005 0.756 0.000 -0.654 -0.017 0.983 0.000 -0.109 -0.149 0.966 0.000 -0.110 -0.235 0.336 0.000 0.696 -0.634 0.614 0.000 -0.789 -0.008 0.985 -0.000 0.116 0.131 0.682 0.000 -0.731 -0.025 0.987 0.000 0.043 0.155 
0.999 -0.017 0.026 -0.005 0.756 0.000 -0.654 -0.017 0.983 0.000 -0.109 -0.149 0.966 0.000 -0.109 -0.235 0.336 0.000 0.696 -0.635 0.614 0.000 -0.789 -0.008 0.984 0.000 0.116 0.131 0.682 0.000 -0.731 -0.025 0.987 0.000 0.043 0.155 
1.000 -0.017 0.026 -0.005 0.756 0.000 -0.654 -0.017 0.983 0.000 -0.109 -0.149 0.966 0.000 -0.107 -0.236 0.337 0.000 0.695 -0.635 0.614 0.000 -0.789 -0.008 0.985 0.000 0.116 0.131 0.682 0.000 -0.731 -0.025 0.987 -0.000 0.043 0.155 
0.999 -0.017 0.026 -0.006 0.756 -0.000 -0.654 -0.017 0.983 0.000 -0.109 -0.149 0.966 0.000 -0.106 -0.236 0.337 0.000 0.694 -0.636 0.614 0.000 -0.789 -0.008 0.984 0.000 0.116 0.132 0.682 0.000 -0.731 -0.025 0.987 0.000 0.044 0.154 
0.999 -0.017 0.026 -0.006 0.756 0.000 -0.654 -0.017 0.983 0.000 -0.109 -0.149 0.966 0.000 -0.104 -0.237 0.338 0.000 0.692 -0.638 0.614 0.000 -0.789 -0.008 0.985 0.000 0.116 0.131 0.682 0.000 -0.731 -0.025 0.987 0.000 0.044 0.154 
0.999 -0.017 0.026 -0.006 0.756 0.000 -0.654 -0.017 0.983 0.000 -0.109 -0.148 0.966 0.000 -0.104 -0.238 0.338 0.000 0.688 -0.642 0.614 0.000 -0.789 -0.008 0.984 0.000 0.116 0.131 0.682 0.000 -0.731 -0.024 0.987 0.000 0.044 0.154 
0.999 -0.017 0.026 -0.006 0.757 0.000 -0.654 -0.018 0.983 0.000 -0.109 -0.148 0.966 0.000 -0.101 -0.238 0.339 0.000 0.689 -0.640 0.614 0.000 -0.789 -0.009 0.984 0.000 0.116 0.132 0.682 0.000 -0.731 -0.025 0.987 0.000 0.043 0.154 
0.999 -0.017 0.026 -0.006 0.756 -0.000 -0.654 -0.018 0.983 0.000 -0.109 -0.148 0.966 0.000 -0.099 -0.240 0.340 0.000 0.688 -0.641 0.614 0.000 -0.789 -0.009 0.984 0.000 0.116 0.132 0.682 0.000 -0.731 -0.025 0.987 0.000 0.044 0.154 
1.000 -0.017 0.026 -0.006 0.757 0.000 -0.654 -0.018 0.983 0.000 -0.109 -0.147 0.966 0.000 -0.097 -0.241 0.341 -0.000 0.686 -0.643 0.614 0.000 -0.789 -0.008 0.985 0.000 0.116 0.132 0.682 0.000 -0.731 -0.025 0.987 0.000 0.044 0.154 
1.000 -0.017 0.026 -0.006 0.757 -0.000 -0.654 -0.018 0.983 0.000 -0.109 -0.147 0.965 0.000 -0.095 -0.242 0.342 0.000 0.684 -0.645 0.614 0.000 -0.789 -0.009 0.985 0.000 0.116 0.132 0.682 0.000 -0.731 -0.025 0.987 -0.000 0.044 0.154 
1.000 -0.017 0.026 -0.005 0.757 0.000 -0.654 -0.019 0.983 0.000 -0.109 -0.148 0.965 -0.000 -0.093 -0.245 0.343 0.000 0.682 -0.646 0.614 0.000 -0.789 -0.009 0.985 0.000 0.115 0.132 0.682 0.000 -0.731 -0.026 0.987 0.000 0.044 0.155 
1.000 -0.017 0.026 -0.005 0.757 -0.000 -0.654 -0.019 0.983 0.000 -0.108 -0.148 0.965 0.000 -0.091 -0.247 0.344 0.000 0.680 -0.648 0.614 0.000 -0.789 -0.009 0.985 0.000 0.115 0.132 0.682 0.000 -0.731 -0.027 0.987 0.000 0.043 0.156 
1.000 -0.017 0.026 -0.004 0.757 0.000 -0.654 -0.019 0.983 0.000 -0.108 -0.147 0.964 0.000 -0.089 -0.250 0.345 0.000 0.677 -0.650 0.614 0.000 -0.789 -0.009 0.985 0.000 0.115 0.132 0.682 0.000 -0.731 -0.026 0.987 0.000 0.044 0.155 
1.000 -0.017 0.026 -0.004 0.757 0.000 -0.653 -0.019 0.983 0.000 -0.108 -0.147 0.964 0.000 -0.087 -0.252 0.346 0.000 0.674 -0.652 0.614 -0.000 -0.789 -0.009 0.985 0.000 0.115 0.132 0.682 0.000 -0.731 -0.027 0.987 0.000 0.043 0.156 
1.000 -0.017 0.026 -0.004 0.757 0.000 -0.653 -0.020 0.983 -0.000 -0.108 -0.147 0.964 0.000 -0.083 -0.254 0.348 0.000 0.671 -0.655 0.614 -0.000 -0.789 -0.010 0.984 0.000 0.115 0.132 0.682 0.000 -0.731 -0.027 0.987 0.000 0.044 0.155 
1.000 -0.017 0.026 -0.004 0.757 0.000 -0.653 -0.020 0.983 -0.000 -0.108 -0.148 0.963 0.000 -0.082 -0.257 0.349 0.000 0.667 -0.658 0.614 0.000 -0.789 -0.010 0.984 0.000 0.115 0.133 0.682 -0.000 -0.731 -0.028 0.987 -0.000 0.043 0.156 
1.000 -0.017 0.026 -0.003 0.757 -0.000 -0.653 -0.020 0.983 0.000 -0.108 -0.148 0.962 0.000 -0.080 -0.260 0.350 0.000 0.663 -0.661 0.614 0.000 -0.789 -0.010 0.984 -0.000 0.115 0.133 0.682 0.000 -0.731 -0.028 0.987 0.000 0.043 0.156 
1.000 -0.017 0.026 -0.003 0.757 0.000 -0.653 -0.021 0.983 0.000 -0.109 -0.148 0.962 0.000 -0.077 -0.263 0.352 0.000 0.660 -0.663 0.614 0.000 -0.789 -0.010 0.984 0.000 0.115 0.133 0.682 0.000 -0.731 -0.028 0.987 -0.000 0.043 0.156 
1.000 -0.017 0.026 -0.003 0.757 0.000 -0.653 -0.021 0.983 -0.000 -0.108 -0.148 0.962 -0.000 -0.074 -0.265 0.353 0.000 0.659 -0.664 0.614 0.000 -0.789 -0.010 0.984 0.000 0.115 0.133 0.682 0.000 -0.730 -0.029 0.987 0.000 0.043 0.156 
1.000 -0.017 0.026 -0.003 0.757 0.000 -0.653 -0.021 0.983 0.000 -0.108 -0.149 0.961 -0.000 -0.072 -0.268 0.355 0.000 0.656 -0.666 0.614 0.000 -0.789 -0.010 0.984 0.000 0.115 0.133 0.682 0.000 -0.730 -0.029 0.987 0.000 0.043 0.156 
1.000 -0.017 0.026 -0.002 0.757 0.000 -0.653 -0.022 0.983 0.000 -0.108 -0.149 0.960 0.000 -0.069 -0.271 0.356 0.000 0.652 -0.669 0.614 0.000 -0.789 -0.010 0.984 0.000 0.115 0.133 0.682 0.000 -0.730 -0.029 0.987 0.000 0.042 0.156 
1.000 -0.017 0.026 -0.002 0.758 0.000 -0.652 -0.022 0.983 0.000 -0.108 -0.149 0.959 -0.000 -0.067 -0.274 0.358 0.000 0.648 -0.672 0.614 0.000 -0.789 -0.011 0.984 0.000 0.115 0.133 0.682 0.000 -0.731 -0.029 0.987 -0.000 0.042 0.156 
1.000 -0.017 0.026 -0.002 0.758 0.000 -0.652 -0.022 0.983 0.000 -0.108 -0.149 0.958 0.000 -0.064 -0.278 0.359 -0.000 0.645 -0.674 0.614 0.000 -0.789 -0.011 0.984 0.000 0.115 0.133 0.682 0.000 -0.730 -0.030 0.987 0.000 0.042 0.156 
1.000 -0.017 0.026 -0.001 0.758 0.000 -0.652 -0.023 0.983 0.000 -0.108 -0.149 0.958 0.000 -0.062 -0.281 0.361 0.000 0.641 -0.678 0.614 0.000 -0.789 -0.011 0.984 0.000 0.115 0.133 0.682 0.000 -0.730 -0.030 0.987 0.000 0.042 0.156 
1.000 -0.017 0.026 -0.001 0.758 0.000 -0.652 -0.023 0.983 0.000 -0.108 -0.149 0.957 0.000 -0.059 -0.284 0.363 0.000 0.637 -0.680 0.614 0.000 -0.789 -0.011 0.984 0.000 0.115 0.134 0.682 0.000 -0.730 -0.030 0.987 0.000 0.042 0.156 
1.000 -0.016 0.026 -0.001 0.758 0.000 -0.652 -0.023 0.983 0.000 -0.108 -0.149 0.956 0.000 -0.057 -0.288 0.365 0.000 0.634 -0.682 0.614 -0.000 -0.789 -0.011 0.984 0.000 0.115 0.134 0.682 0.000 -0.730 -0.031 0.987 -0.000 0.042 0.157 
1.000 -0.017 0.026 -0.001 0.758 0.000 -0.652 -0.024 0.983 0.000 -0.108 -0.149 0.955 -0.000 -0.055 -0.292 0.367 0.000 0.629 -0.685 0.614 0.000 -0.789 -0.011 0.984 0.000 0.115 0.134 0.682 0.000 -0.730 -0.031 0.987 0.000 0.042 0.156 
1.000 -0.016 0.026 -0.000 0.758 0.000 -0.652 -0.024 0.983 -0.000 -0.108 -0.149 0.954 0.000 -0.052 -0.295 0.369 0.000 0.628 -0.685 0.614 0.000 -0.789 -0.012 0.984 0.000 0.115 0.134 0.682 0.000 -0.730 -0.031 0.987 0.000 0.041 0.157 
1.000 -0.016 0.026 -0.000 0.758 0.000 -0.652 -0.024 0.983 0.000 -0.108 -0.149 0.953 0.000 -0.049 -0.298 0.371 0.000 0.625 -0.687 0.614 0.000 -0.789 -0.012 0.984 0.000 0.115 0.134 0.682 -0.000 -0.730 -0.031 0.987 -0.000 0.041 0.157 
1.000 -0.016 0.026 0.000 0.758 0.000 -0.652 -0.025 0.983 0.000 -0.107 -0.149 0.952 0.000 -0.046 -0.302 0.373 0.000 0.620 -0.690 0.614 0.000 -0.789 -0.012 0.984 0.000 0.115 0.135 0.682 0.000 -0.730 -0.032 0.987 0.000 0.041 0.157 
1.000 -0.016 0.026 0.000 0.758 0.000 -0.652 -0.025 0.983 0.000 -0.107 -0.150 0.951 0.000 -0.043 -0.305 0.375 0.000 0.615 -0.694 0.614 0.000 -0.789 -0.012 0.984 0.000 0.115 0.135 0.682 0.000 -0.730 -0.032 0.987 0.000 0.041 0.157 
1.000 -0.016 0.026 0.001 0.758 0.000 -0.652 -0.026 0.983 -0.000 -0.107 -0.149 0.950 0.000 -0.041 -0.309 0.377 0.000 0.611 -0.696 0.614 0.000 -0.789 -0.012 0.984 0.000 0.115 0.135 0.682 0.000 -0.730 -0.032 0.987 0.000 0.041 0.157 
1.000 -0.016 0.026 0.001 0.758 0.000 -0.652 -0.026 0.983 0.000 -0.107 -0.149 0.949 -0.000 -0.038 -0.313 0.380 -0.000 0.607 -0.698 0.614 0.000 -0.789 -0.012 0.984 0.000 0.115 0.135 0.682 0.000 -0.730 -0.032 0.987 0.000 0.041 0.157 
1.000 -0.016 0.026 0.001 0.758 0.000 -0.652 -0.026 0.983 -0.000 -0.107 -0.149 0.948 0.000 -0.035 -0.317 0.382 0.000 0.602 -0.701 0.614 0.000 -0.789 -0.012 0.984 0.000 0.115 0.135 0.682 0.000 -0.730 -0.032 0.987 0.000 0.041 0.157 
1.000 -0.016 0.026 0.001 0.758 0.000 -0.652 -0.026 0.983 -0.000 -0.107 -0.149 0.947 -0.000 -0.032 -0.321 0.384 0.000 0.598 -0.703 0.614 0.000 -0.789 -0.013 0.984 -0.000 0.115 0.135 0.682 -0.000 -0.730 -0.032 0.987 0.000 0.041 0.157 
1.000 -0.016 0.026 0.002 0.758 0.000 -0.652 -0.027 0.983 0.000 -0.107 -0.149 0.945 0.000 -0.029 -0.324 0.387 0.000 0.594 -0.705 0.614 0.000 -0.789 -0.013 0.984 0.000 0.115 0.135 0.682 0.000 -0.730 -0.033 0.987 0.000 0.041 0.157 
1.000 -0.016 0.026 0.002 0.758 -0.000 -0.652 -0.027 0.983 0.000 -0.107 -0.149 0.944 0.000 -0.027 -0.328 0.390 0.000 0.591 -0.706 0.614 -0.000 -0.789 -0.013 0.984 -0.000 0.116 0.135 0.682 0.000 -0.730 -0.033 0.987 0.000 0.041 0.157 
1.000 -0.016 0.026 0.002 0.758 0.000 -0.651 -0.027 0.983 0.000 -0.107 -0.149 0.943 0.000 -0.024 -0.332 0.392 0.000 0.585 -0.710 0.614 -0.000 -0.789 -0.013 0.984 0.000 0.115 0.135 0.682 -0.000 -0.730 -0.034 0.987 0.000 0.040 0.157 
1.000 -0.016 0.026 0.003 0.758 0.000 -0.651 -0.027 0.983 0.000 -0.107 -0.149 0.942 -0.000 -0.021 -0.336 0.394 0.000 0.582 -0.712 0.614 0.000 -0.789 -0.014 0.984 0.000 0.115 0.136 0.682 -0.000 -0.730 -0.033 0.987 0.000 0.041 0.156 
1.000 -0.016 0.026 0.003 0.758 0.000 -0.651 -0.028 0.983 0.000 -0.107 -0.149 0.940 0.000 -0.018 -0.339 0.396 0.000 0.575 -0.716 0.614 0.000 -0.789 -0.014 0.984 0.000 0.115 0.136 0.682 0.000 -0.730 -0.034 0.987 0.000 0.040 0.157 
1.000 -0.016 0.026 0.003 0.758 -0.000 -0.651 -0.028 0.983 0.000 -0.107 -0.149 0.939 -0.000 -0.017 -0.344 0.399 0.000 0.569 -0.719 0.615 0.000 -0.789 -0.013 0.984 0.000 0.115 0.136 0.682 0.000 -0.730 -0.034 0.987 0.000 0.040 0.157 
1.000 -0.016 0.026 0.004 0.758 0.000 -0.651 -0.028 0.983 0.000 -0.107 -0.149 0.938 0.000 -0.014 -0.347 0.401 0.000 0.567 -0.720 0.614 0.000 -0.789 -0.013 0.984 -0.000 0.115 0.136 0.682 0.000 -0.730 -0.034 0.987 0.000 0.041 0.156 
1.000 -0.016 0.026 0.004 0.758 -0.000 -0.651 -0.028 0.983 0.000 -0.107 -0.149 0.937 0.000 -0.011 -0.350 0.403 0.000 0.564 -0.721 0.615 0.000 -0.789 -0.014 0.984 0.000 0.116 0.136 0.682 0.000 -0.730 -0.035 0.987 0.000 0.040 0.157 
1.000 -0.015 0.026 0.004 0.758 0.000 -0.651 -0.028 0.983 0.000 -0.106 -0.149 0.936 0.000 -0.009 -0.353 0.405 -0.000 0.561 -0.722 0.615 0.000 -0.789 -0.014 0.984 0.000 0.116 0.136 0.682 -0.000 -0.730 -0.035 0.987 0.000 0.040 0.157 
1.000 -0.015 0.026 0.004 0.758 -0.000 -0.651 -0.028 0.983 0.000 -0.106 -0.149 0.934 -0.000 -0.007 -0.357 0.408 0.000 0.559 -0.722 0.615 0.000 -0.789 -0.014 0.984 0.000 0.115 0.136 0.682 0.000 -0.730 -0.036 0.987 0.000 0.039 0.158 
1.000 -0.015 0.026 0.004 0.758 -0.000 -0.651 -0.029 0.983 0.000 -0.106 -0.149 0.933 0.000 -0.005 -0.360 0.410 0.000 0.555 -0.724 0.615 0.000 -0.789 -0.014 0.984 0.000 0.116 0.136 0.682 0.000 -0.730 -0.035 0.987 0.000 0.040 0.157 
1.000 -0.015 0.026 0.005 0.758 0.000 -0.651 -0.029 0.983 0.000 -0.107 -0.149 0.932 0.000 -0.003 -0.363 0.413 0.000 0.554 -0.723 0.615 0.000 -0.789 -0.014 0.984 -0.000 0.116 0.136 0.682 0.000 -0.730 -0.036 0.987 0.000 0.040 0.157 
1.000 -0.015 0.027 0.005 0.758 0.000 -0.651 -0.029 0.983 0.000 -0.107 -0.148 0.931 0.000 -0.001 -0.365 0.415 -0.000 0.551 -0.724 0.615 0.000 -0.789 -0.014 0.984 -0.000 0.116 0.136 0.682 0.000 -0.730 -0.036 0.987 0.000 0.040 0.157 
1.000 -0.015 0.027 0.005 0.758 0.000 -0.651 -0.029 0.983 0.000 -0.107 -0.148 0.929 0.000 0.000 -0.369 0.417 0.000 0.548 -0.725 0.615 0.000 -0.789 -0.014 0.984 0.000 0.116 0.136 0.682 0.000 -0.730 -0.036 0.987 0.000 0.039 0.157 
1.000 -0.015 0.027 0.005 0.758 0.000 -0.651 -0.030 0.983 0.000 -0.107 -0.148 0.929 0.000 0.001 -0.371 0.420 0.000 0.546 -0.725 0.615 0.000 -0.789 -0.015 0.984 0.000 0.116 0.136 0.682 -0.000 -0.730 -0.036 0.987 -0.000 0.039 0.156 
1.000 -0.015 0.027 0.005 0.758 0.000 -0.651 -0.030 0.983 0.000 -0.107 -0.148 0.928 -0.000 0.002 -0.373 0.422 0.000 0.543 -0.726 0.615 -0.000 -0.789 -0.015 0.984 0.000 0.116 0.136 0.682 0.000 -0.730 -0.036 0.987 0.000 0.039 0.156 
1.000 -0.015 0.027 0.005 0.758 -0.000 -0.651 -0.031 0.983 0.000 -0.107 -0.148 0.927 0.000 0.003 -0.376 0.424 0.000 0.540 -0.727 0.615 -0.000 -0.789 -0.015 0.984 0.000 0.116 0.136 0.682 0.000 -0.730 -0.036 0.987 -0.000 0.039 0.156 
1.000 -0.015 0.027 0.004 0.758 0.000 -0.651 -0.031 0.983 -0.000 -0.107 -0.148 0.926 -0.000 0.004 -0.377 0.426 0.000 0.537 -0.728 0.615 0.000 -0.789 -0.015 0.984 0.000 0.116 0.136 0.682 -0.000 -0.730 -0.035 0.987 0.000 0.039 0.155 
1.000 -0.015 0.027 0.005 0.758 0.000 -0.651 -0.031 0.983 0.000 -0.107 -0.147 0.925 0.000 0.005 -0.380 0.428 0.000 0.534 -0.729 0.615 0.000 -0.788 -0.015 0.984 0.000 0.116 0.136 0.682 0.000 -0.730 -0.036 0.987 0.000 0.039 0.156 
1.000 -0.015 0.027 0.005 0.758 0.000 -0.651 -0.032 0.983 0.000 -0.107 -0.147 0.924 0.000 0.006 -0.381 0.430 0.000 0.533 -0.729 0.615 0.000 -0.789 -0.015 0.984 -0.000 0.116 0.136 0.682 0.000 -0.730 -0.035 0.987 0.000 0.039 0.156 
1.000 -0.015 0.027 0.004 0.758 0.000 -0.651 -0.032 0.983 -0.000 -0.107 -0.147 0.924 0.000 0.006 -0.383 0.432 -0.000 0.529 -0.730 0.615 0.000 -0.789 -0.015 0.984 0.000 0.116 0.136 0.682 -0.000 -0.730 -0.035 0.987 0.000 0.039 0.155 
1.000 -0.015 0.027 0.004 0.758 0.000 -0.651 -0.032 0.983 0.000 -0.107 -0.147 0.923 0.000 0.007 -0.385 0.435 -0.000 0.527 -0.730 0.615 0.000 -0.788 -0.015 0.984 0.000 0.116 0.136 0.682 0.000 -0.730 -0.035 0.987 -0.000 0.039 0.156 
1.000 -0.015 0.027 0.004 0.758 0.000 -0.652 -0.033 0.983 0.000 -0.107 -0.147 0.923 0.000 0.008 -0.386 0.436 0.000 0.526 -0.730 0.615 0.000 -0.788 -0.015 0.984 0.000 0.116 0.136 0.682 -0.000 -0.730 -0.035 0.987 0.000 0.039 0.155 
1.000 -0.015 0.027 0.004 0.758 0.000 -0.652 -0.033 0.983 0.000 -0.107 -0.147 0.922 0.000 0.008 -0.387 0.439 0.000 0.522 -0.731 0.615 0.000 -0.788 -0.015 0.984 0.000 0.116 0.135 0.682 0.000 -0.730 -0.034 0.987 0.000 0.039 0.155 
1.000 -0.015 0.027 0.003 0.758 0.000 -0.652 -0.033 0.983 0.000 -0.107 -0.147 0.922 -0.000 0.008 -0.388 0.441 0.000 0.519 -0.732 0.615 0.000 -0.788 -0.014 0.984 0.000 0.116 0.135 0.682 -0.000 -0.730 -0.034 0.987 0.000 0.039 0.155 
1.000 -0.015 0.027 0.003 0.758 -0.000 -0.652 -0.033 0.983 -0.000 -0.107 -0.147 0.921 0.000 0.009 -0.389 0.443 0.000 0.517 -0.732 0.615 0.000 -0.788 -0.014 0.984 0.000 0.117 0.135 0.682 0.000 -0.730 -0.034 0.987 0.000 0.039 0.155 
1.000 -0.015 0.027 0.003 0.758 0.000 -0.652 -0.033 0.983 0.000 -0.107 -0.147 0.921 0.000 0.009 -0.389 0.444 0.000 0.516 -0.733 0.615 -0.000 -0.788 -0.014 0.984 0.000 0.117 0.135 0.682 0.000 -0.730 -0.033 0.987 0.000 0.039 0.155 
1.000 -0.015 0.027 0.003 0.758 0.000 -0.652 -0.034 0.983 0.000 -0.107 -0.147 0.921 0.000 0.009 -0.389 0.445 0.000 0.513 -0.734 0.615 0.000 -0.789 -0.014 0.984 0.000 0.117 0.135 0.682 0.000 -0.731 -0.033 0.987 0.000 0.039 0.155 
1.000 -0.015 0.027 0.003 0.758 0.000 -0.652 -0.034 0.983 0.000 -0.107 -0.148 0.921 0.000 0.008 -0.389 0.446 -0.000 0.511 -0.735 0.615 0.000 -0.788 -0.013 0.984 0.000 0.118 0.135 0.682 0.000 -0.731 -0.033 0.987 0.000 0.039 0.154 
1.000 -0.015 0.027 0.003 0.758 0.000 -0.652 -0.034 0.983 0.000 -0.107 -0.147 0.921 -0.000 0.008 -0.389 0.447 0.000 0.509 -0.735 0.615 0.000 -0.789 -0.013 0.984 0.000 0.118 0.134 0.682 -0.000 -0.731 -0.032 0.987 0.000 0.039 0.154 
1.000 -0.016 0.027 0.002 0.758 0.000 -0.652 -0.035 0.983 0.000 -0.107 -0.148 0.921 -0.000 0.008 -0.389 0.447 -0.000 0.508 -0.736 0.615 0.000 -0.789 -0.013 0.984 -0.000 0.118 0.134 0.682 0.000 -0.731 -0.032 0.987 -0.000 0.039 0.154 
1.000 -0.016 0.027 0.002 0.758 0.000 -0.652 -0.035 0.983 0.000 -0.107 -0.148 0.921 0.000 0.007 -0.388 0.448 0.000 0.507 -0.737 0.615 -0.000 -0.789 -0.012 0.984 -0.000 0.118 0.134 0.682 0.000 -0.731 -0.032 0.987 0.000 0.039 0.154 
1.000 -0.016 0.027 0.002 0.758 0.000 -0.652 -0.035 0.983 -0.000 -0.107 -0.148 0.922 0.000 0.007 -0.388 0.448 0.000 0.505 -0.737 0.615 0.000 -0.789 -0.012 0.984 0.000 0.118 0.134 0.682 0.000 -0.731 -0.031 0.987 -0.000 0.039 0.154 
1.000 -0.016 0.027 0.002 0.758 0.000 -0.652 -0.035 0.983 0.000 -0.106 -0.148 0.922 0.000 0.006 -0.387 0.449 0.000 0.504 -0.738 0.615 0.000 -0.789 -0.012 0.984 0.000 0.118 0.134 0.682 0.000 -0.731 -0.031 0.987 0.000 0.039 0.154 
1.000 -0.016 0.027 0.002 0.758 0.000 -0.652 -0.035 0.983 0.000 -0.106 -0.148 0.922 0.000 0.005 -0.386 0.449 0.000 0.503 -0.739 0.615 0.000 -0.789 -0.012 0.984 -0.000 0.118 0.134 0.682 0.000 -0.731 -0.031 0.987 0.000 0.039 0.155 
1.000 -0.016 0.027 0.002 0.758 0.000 -0.652 -0.035 0.983 0.000 -0.106 -0.148 0.923 0.000 0.004 -0.385 0.449 0.000 0.502 -0.739 0.615 0.000 -0.789 -0.011 0.984 0.000 0.118 0.134 0.682 0.000 -0.731 -0.031 0.987 -0.000 0.039 0.154 
0.999 -0.017 0.027 0.002 0.758 0.000 -0.652 -0.035 0.983 0.000 -0.106 -0.149 0.923 0.000 0.003 -0.384 0.449 -0.000 0.500 -0.740 0.615 0.000 -0.789 -0.011 0.984 -0.000 0.118 0.134 0.682 -0.000 -0.731 -0.030 0.987 0.000 0.039 0.155 
0.999 -0.017 0.027 0.002 0.758 0.000 -0.652 -0.035 0.983 0.000 -0.106 -0.149 0.924 0.000 0.002 -0.382 0.448 0.000 0.500 -0.741 0.615 -0.000 -0.789 -0.010 0.984 0.000 0.118 0.134 0.682 0.000 -0.731 -0.030 0.987 0.000 0.039 0.155 
0.999 -0.017 0.027 0.002 0.758 0.000 -0.652 -0.035 0.983 0.000 -0.106 -0.149 0.925 0.000 0.001 -0.381 0.448 0.000 0.500 -0.742 0.615 0.000 -0.789 -0.010 0.984 0.000 0.118 0.134 0.682 0.000 -0.731 -0.030 0.987 -0.000 0.039 0.155 
0.999 -0.017 0.027 0.002 0.758 0.000 -0.652 -0.035 0.983 0.000 -0.106 -0.150 0.926 0.000 -0.000 -0.379 0.447 0.000 0.499 -0.742 0.615 0.000 -0.789 -0.009 0.984 0.000 0.119 0.134 0.682 0.000 -0.731 -0.029 0.987 0.000 0.040 0.155 
0.999 -0.017 0.027 0.002 0.758 -0.000 -0.652 -0.035 0.983 0.000 -0.106 -0.150 0.926 0.000 -0.002 -0.377 0.446 -0.000 0.499 -0.743 0.615 -0.000 -0.789 -0.009 0.984 0.000 0.119 0.134 0.682 -0.000 -0.731 -0.029 0.987 0.000 0.040 0.155 
0.999 -0.017 0.027 0.002 0.758 0.000 -0.652 -0.035 0.983 0.000 -0.106 -0.150 0.927 0.000 -0.003 -0.374 0.445 0.000 0.500 -0.743 0.615 -0.000 -0.789 -0.009 0.984 0.000 0.119 0.134 0.682 0.000 -0.731 -0.029 0.987 -0.000 0.040 0.155 
0.999 -0.017 0.027 0.002 0.758 0.000 -0.652 -0.035 0.983 0.000 -0.106 -0.150 0.928 0.000 -0.004 -0.372 0.444 0.000 0.501 -0.743 0.614 0.000 -0.789 -0.009 0.984 0.000 0.119 0.134 0.682 0.000 -0.731 -0.029 0.987 -0.000 0.040 0.155 
0.999 -0.017 0.027 0.002 0.758 -0.000 -0.651 -0.034 0.983 0.000 -0.106 -0.151 0.929 0.000 -0.006 -0.370 0.443 -0.000 0.501 -0.744 0.614 0.000 -0.789 -0.009 0.984 0.000 0.119 0.134 0.682 -0.000 -0.731 -0.028 0.987 0.000 0.040 0.155 
0.999 -0.018 0.027 0.002 0.758 0.000 -0.651 -0.034 0.983 0.000 -0.106 -0.151 0.930 0.000 -0.008 -0.368 0.441 0.000 0.502 -0.744 0.614 -0.000 -0.789 -0.008 0.984 -0.000 0.119 0.134 0.682 0.000 -0.731 -0.028 0.987 0.000 0.040 0.155 
0.999 -0.018 0.027 0.001 0.758 0.000 -0.651 -0.034 0.983 0.000 -0.106 -0.151 0.931 -0.000 -0.010 -0.365 0.439 -0.000 0.503 -0.744 0.614 0.000 -0.789 -0.008 0.984 0.000 0.119 0.134 0.682 0.000 -0.731 -0.028 0.987 0.000 0.041 0.155 
0.999 -0.018 0.027 0.001 0.758 -0.000 -0.651 -0.034 0.983 0.000 -0.106 -0.151 0.932 0.000 -0.012 -0.363 0.438 0.000 0.504 -0.745 0.614 0.000 -0.789 -0.007 0.984 -0.000 0.119 0.134 0.682 0.000 -0.731 -0.027 0.987 0.000 0.041 0.155 
0.999 -0.018 0.027 0.001 0.758 -0.000 -0.651 -0.034 0.983 0.000 -0.106 -0.151 0.933 0.000 -0.014 -0.360 0.436 -0.000 0.506 -0.744 0.614 -0.000 -0.789 -0.007 0.984 0.000 0.119 0.133 0.682 0.000 -0.731 -0.027 0.987 0.000 0.041 0.155 
0.999 -0.018 0.027 0.001 0.758 0.000 -0.651 -0.033 0.983 0.000 -0.105 -0.151 0.934 0.000 -0.016 -0.357 0.434 0.000 0.508 -0.744 0.614 0.000 -0.789 -0.007 0.984 0.000 0.119 0.133 0.682 -0.000 -0.731 -0.027 0.987 0.000 0.041 0.155 
0.999 -0.018 0.027 0.001 0.758 0.000 -0.651 -0.033 0.983 0.000 -0.105 -0.150 0.935 0.000 -0.018 -0.354 0.432 -0.000 0.510 -0.744 0.614 0.000 -0.789 -0.006 0.984 -0.000 0.119 0.133 0.682 0.000 -0.731 -0.027 0.987 -0.000 0.041 0.155 
0.999 -0.018 0.027 0.001 0.758 0.000 -0.651 -0.033 0.983 0.000 -0.105 -0.150 0.936 0.000 -0.020 -0.351 0.429 0.000 0.512 -0.744 0.614 0.000 -0.789 -0.006 0.984 0.000 0.119 0.133 0.682 0.000 -0.731 -0.027 0.987 0.000 0.041 0.155 
0.999 -0.018 0.027 0.001 0.758 0.000 -0.651 -0.032 0.983 -0.000 -0.105 -0.150 0.937 -0.000 -0.022 -0.348 0.427 0.000 0.515 -0.743 0.614 0.000 -0.789 -0.006 0.984 0.000 0.120 0.133 0.682 0.000 -0.731 -0.026 0.987 0.000 0.041 0.155 
0.999 -0.019 0.027 0.001 0.758 0.000 -0.651 -0.032 0.983 -0.000 -0.105 -0.150 0.939 0.000 -0.025 -0.344 0.425 0.000 0.517 -0.743 0.614 0.000 -0.789 -0.006 0.984 0.000 0.119 0.133 0.682 0.000 -0.731 -0.026 0.987 0.000 0.041 0.155 
0.999 -0.019 0.027 0.001 0.758 0.000 -0.651 -0.032 0.983 0.000 -0.105 -0.149 0.940 0.000 -0.027 -0.340 0.421 -0.000 0.522 -0.742 0.614 0.000 -0.789 -0.005 0.984 0.000 0.119 0.133 0.682 0.000 -0.731 -0.025 0.987 0.000 0.042 0.155 
0.999 -0.019 0.027 0.000 0.758 0.000 -0.651 -0.031 0.983 0.000 -0.105 -0.149 0.941 -0.000 -0.029 -0.336 0.418 0.000 0.524 -0.742 0.614 0.000 -0.789 -0.005 0.984 -0.000 0.120 0.133 0.682 -0.000 -0.731 -0.024 0.987 0.000 0.042 0.154 
0.999 -0.019 0.027 0.000 0.758 0.000 -0.651 -0.031 0.983 -0.000 -0.105 -0.149 0.943 -0.000 -0.032 -0.332 0.415 0.000 0.529 -0.740 0.614 0.000 -0.789 -0.004 0.984 0.000 0.120 0.133 0.682 0.000 -0.731 -0.023 0.987 0.000 0.042 0.154 
0.999 -0.019 0.027 0.000 0.758 0.000 -0.651 -0.030 0.983 0.000 -0.106 -0.149 0.944 0.000 -0.034 -0.328 0.413 0.000 0.532 -0.739 0.614 0.000 -0.789 -0.004 0.984 -0.000 0.119 0.133 0.682 0.000 -0.731 -0.024 0.987 -0.000 0.042 0.154 
0.999 -0.019 0.027 0.000 0.758 -0.000 -0.651 -0.030 0.983 -0.000 -0.105 -0.149 0.945 0.000 -0.037 -0.324 0.410 0.000 0.536 -0.738 0.614 -0.000 -0.789 -0.004 0.984 0.000 0.119 0.133 0.682 -0.000 -0.731 -0.023 0.987 0.000 0.042 0.154 
0.999 -0.019 0.027 0.000 0.758 0.000 -0.651 -0.029 0.983 0.000 -0.106 -0.149 0.947 0.000 -0.039 -0.320 0.407 0.000 0.542 -0.736 0.614 -0.000 -0.789 -0.004 0.984 0.000 0.119 0.133 0.682 -0.000 -0.731 -0.023 0.987 0.000 0.043 0.154 
0.999 -0.019 0.027 0.000 0.758 0.000 -0.651 -0.029 0.983 0.000 -0.106 -0.148 0.948 0.000 -0.042 -0.316 0.403 0.000 0.545 -0.735 0.614 0.000 -0.789 -0.004 0.984 0.000 0.119 0.133 0.682 0.000 -0.731 -0.022 0.987 -0.000 0.043 0.154 
0.999 -0.019 0.027 -0.000 0.758 0.000 -0.651 -0.028 0.983 -0.000 -0.106 -0.148 0.949 0.000 -0.045 -0.312 0.400 0.000 0.549 -0.734 0.614 0.000 -0.789 -0.004 0.984 -0.000 0.119 0.133 0.682 0.000 -0.731 -0.022 0.987 0.000 0.043 0.154 
0.999 -0.020 0.026 -0.000 0.758 0.000 -0.651 -0.028 0.983 0.000 -0.106 -0.148 0.950 0.000 -0.048 -0.307 0.397 0.000 0.553 -0.733 0.614 0.000 -0.789 -0.003 0.984 0.000 0.119 0.133 0.682 0.000 -0.731 -0.022 0.987 0.000 0.043 0.154 
0.999 -0.020 0.026 -0.000 0.758 0.000 -0.651 -0.027 0.983 0.000 -0.106 -0.148 0.952 -0.000 -0.051 -0.303 0.394 0.000 0.557 -0.732 0.614 0.000 -0.789 -0.003 0.984 0.000 0.119 0.133 0.682 0.000 -0.731 -0.021 0.987 -0.000 0.043 0.154 
0.999 -0.020 0.026 -0.000 0.758 0.000 -0.651 -0.027 0.983 0.000 -0.106 -0.148 0.953 0.000 -0.054 -0.300 0.390 0.000 0.560 -0.731 0.614 0.000 -0.789 -0.002 0.984 -0.000 0.119 0.132 0.682 -0.000 -0.731 -0.021 0.987 0.000 0.043 0.154 
0.999 -0.020 0.026 -0.000 0.758 -0.000 -0.651 -0.026 0.983 0.000 -0.106 -0.148 0.954 0.000 -0.056 -0.293 0.386 -0.000 0.568 -0.727 0.614 -0.000 -0.789 -0.002 0.984 0.000 0.119 0.132 0.682 0.000 -0.731 -0.021 0.987 0.000 0.043 0.154 
0.999 -0.020 0.026 -0.000 0.758 0.000 -0.651 -0.026 0.983 0.000 -0.106 -0.148 0.956 0.000 -0.058 -0.289 0.383 0.000 0.574 -0.724 0.614 0.000 -0.789 -0.002 0.984 0.000 0.119 0.132 0.682 0.000 -0.731 -0.021 0.987 0.000 0.043 0.154 
0.999 -0.020 0.025 -0.001 0.758 0.000 -0.652 -0.026 0.983 0.000 -0.106 -0.148 0.957 0.000 -0.060 -0.283 0.379 0.000 0.579 -0.722 0.614 0.000 -0.790 -0.003 0.984 0.000 0.118 0.133 0.683 0.000 -0.730 -0.021 0.987 0.000 0.043 0.154 
0.999 -0.020 0.025 -0.001 0.758 0.000 -0.652 -0.026 0.983 -0.000 -0.106 -0.148 0.958 0.000 -0.063 -0.279 0.375 0.000 0.582 -0.721 0.614 0.000 -0.790 -0.003 0.984 0.000 0.118 0.133 0.683 0.000 -0.730 -0.021 0.987 0.000 0.043 0.154 
0.999 -0.020 0.025 -0.001 0.758 0.000 -0.652 -0.025 0.983 -0.000 -0.106 -0.148 0.960 -0.000 -0.065 -0.274 0.372 0.000 0.586 -0.720 0.614 -0.000 -0.790 -0.003 0.984 0.000 0.118 0.133 0.683 -0.000 -0.730 -0.021 0.987 0.000 0.043 0.154 
0.999 -0.020 0.025 -0.002 0.758 0.000 -0.652 -0.025 0.983 0.000 -0.106 -0.148 0.961 0.000 -0.068 -0.269 0.368 0.000 0.591 -0.717 0.614 0.000 -0.790 -0.003 0.984 0.000 0.118 0.133 0.683 0.000 -0.730 -0.021 0.987 0.000 0.043 0.154 
0.999 -0.020 0.025 -0.002 0.758 0.000 -0.652 -0.025 0.983 0.000 -0.106 -0.148 0.962 0.000 -0.071 -0.264 0.364 0.000 0.595 -0.716 0.614 0.000 -0.790 -0.003 0.984 0.000 0.118 0.132 0.683 0.000 -0.730 -0.021 0.987 0.000 0.043 0.154 
0.999 -0.020 0.025 -0.002 0.757 0.000 -0.652 -0.024 0.983 0.000 -0.106 -0.147 0.963 -0.000 -0.073 -0.259 0.360 0.000 0.600 -0.714 0.614 0.000 -0.790 -0.002 0.984 0.000 0.118 0.132 0.683 0.000 -0.730 -0.021 0.987 0.000 0.043 0.155 
0.999 -0.020 0.025 -0.002 0.757 -0.000 -0.652 -0.024 0.983 -0.000 -0.106 -0.147 0.964 0.000 -0.076 -0.254 0.357 0.000 0.604 -0.713 0.614 0.000 -0.789 -0.002 0.984 -0.000 0.118 0.132 0.683 -0.000 -0.730 -0.021 0.987 0.000 0.043 0.155 
0.999 -0.020 0.025 -0.003 0.757 0.000 -0.652 -0.024 0.983 0.000 -0.106 -0.147 0.965 0.000 -0.079 -0.249 0.353 0.000 0.608 -0.711 0.614 0.000 -0.789 -0.002 0.984 0.000 0.117 0.132 0.683 0.000 -0.730 -0.021 0.987 0.000 0.043 0.155 
0.999 -0.020 0.025 -0.003 0.757 0.000 -0.653 -0.023 0.983 0.000 -0.106 -0.147 0.966 0.000 -0.081 -0.244 0.349 0.000 0.611 -0.710 0.614 0.000 -0.789 -0.002 0.984 0.000 0.117 0.132 0.683 0.000 -0.730 -0.020 0.987 0.000 0.043 0.154 
0.999 -0.020 0.025 -0.003 0.757 0.000 -0.653 -0.023 0.983 0.000 -0.106 -0.147 0.967 -0.000 -0.084 -0.239 0.346 0.000 0.615 -0.709 0.614 0.000 -0.789 -0.002 0.984 -0.000 0.117 0.132 0.683 0.000 -0.730 -0.020 0.987 -0.000 0.043 0.154 
0.999 -0.020 0.025 -0.003 0.757 0.000 -0.653 -0.023 0.983 0.000 -0.107 -0.147 0.968 0.000 -0.087 -0.235 0.342 0.000 0.616 -0.709 0.614 0.000 -0.789 -0.002 0.984 -0.000 0.117 0.131 0.683 0.000 -0.730 -0.020 0.987 0.000 0.043 0.154 
0.999 -0.020 0.025 -0.004 0.757 0.000 -0.653 -0.023 0.983 0.000 -0.107 -0.147 0.969 0.000 -0.089 -0.230 0.339 -0.000 0.619 -0.708 0.614 0.000 -0.789 -0.002 0.984 0.000 0.117 0.131 0.683 0.000 -0.730 -0.019 0.987 0.000 0.043 0.154 
0.999 -0.020 0.025 -0.004 0.757 0.000 -0.653 -0.022 0.983 -0.000 -0.107 -0.147 0.970 0.000 -0.093 -0.226 0.335 0.000 0.624 -0.705 0.614 0.000 -0.789 -0.002 0.984 -0.000 0.118 0.131 0.683 0.000 -0.730 -0.020 0.987 0.000 0.043 0.154 
0.999 -0.019 0.025 -0.005 0.757 -0.000 -0.653 -0.022 0.983 0.000 -0.107 -0.147 0.971 0.000 -0.095 -0.222 0.332 0.000 0.627 -0.705 0.614 0.000 -0.789 -0.002 0.984 0.000 0.117 0.131 0.683 0.000 -0.730 -0.020 0.987 0.000 0.043 0.154 
0.999 -0.019 0.025 -0.005 0.757 0.000 -0.653 -0.022 0.983 0.000 -0.107 -0.147 0.971 0.000 -0.096 -0.218 0.329 0.000 0.631 -0.703 0.614 0.000 -0.789 -0.002 0.984 0.000 0.117 0.131 0.683 0.000 -0.730 -0.019 0.987 0.000 0.043 0.154 
0.999 -0.019 0.025 -0.005 0.757 0.000 -0.653 -0.022 0.983 0.000 -0.107 -0.147 0.972 0.000 -0.098 -0.214 0.327 0.000 0.633 -0.702 0.614 0.000 -0.789 -0.002 0.984 0.000 0.117 0.131 0.683 0.000 -0.730 -0.019 0.987 -0.000 0.043 0.154 
0.999 -0.019 0.025 -0.006 0.757 0.000 -0.653 -0.022 0.983 0.000 -0.108 -0.147 0.973 0.000 -0.099 -0.210 0.324 0.000 0.636 -0.701 0.614 0.000 -0.789 -0.002 0.984 0.000 0.117 0.131 0.683 -0.000 -0.730 -0.019 0.987 0.000 0.043 0.154 
0.999 -0.019 0.025 -0.006 0.757 0.000 -0.653 -0.021 0.983 0.000 -0.108 -0.146 0.973 0.000 -0.100 -0.206 0.322 0.000 0.638 -0.700 0.614 0.000 -0.790 -0.002 0.984 0.000 0.118 0.131 0.683 0.000 -0.730 -0.019 0.987 0.000 0.043 0.154 
0.999 -0.019 0.025 -0.006 0.757 0.000 -0.653 -0.021 0.983 -0.000 -0.108 -0.146 0.974 0.000 -0.101 -0.203 0.320 0.000 0.640 -0.699 0.614 -0.000 -0.790 -0.003 0.984 0.000 0.117 0.131 0.683 0.000 -0.730 -0.019 0.987 0.000 0.043 0.154 
0.999 -0.019 0.025 -0.007 0.757 -0.000 -0.653 -0.021 0.983 0.000 -0.109 -0.146 0.974 0.000 -0.102 -0.200 0.318 0.000 0.641 -0.698 0.614 0.000 -0.790 -0.003 0.984 0.000 0.117 0.131 0.683 0.000 -0.730 -0.019 0.987 0.000 0.043 0.154 
0.999 -0.019 0.025 -0.007 0.757 0.000 -0.653 -0.021 0.983 0.000 -0.109 -0.145 0.975 0.000 -0.102 -0.197 0.316 0.000 0.643 -0.697 0.614 0.000 -0.790 -0.003 0.984 -0.000 0.117 0.131 0.683 0.000 -0.730 -0.019 0.987 0.000 0.043 0.154 
0.999 -0.019 0.025 -0.007 0.757 0.000 -0.653 -0.021 0.983 0.000 -0.109 -0.145 0.976 -0.000 -0.102 -0.193 0.315 0.000 0.647 -0.694 0.614 0.000 -0.790 -0.003 0.984 0.000 0.118 0.131 0.683 0.000 -0.730 -0.018 0.987 -0.000 0.044 0.153 
0.999 -0.019 0.025 -0.008 0.757 -0.000 -0.653 -0.020 0.983 0.000 -0.109 -0.145 0.976 0.000 -0.103 -0.193 0.314 0.000 0.645 -0.697 0.614 0.000 -0.790 -0.002 0.984 0.000 0.118 0.131 0.683 0.000 -0.730 -0.018 0.987 -0.000 0.044 0.153 
0.999 -0.019 0.025 -0.007 0.757 0.000 -0.653 -0.020 0.983 0.000 -0.110 -0.145 0.976 -0.000 -0.103 -0.191 0.313 0.000 0.646 -0.697 0.614 0.000 -0.790 -0.002 0.984 0.000 0.118 0.130 0.683 0.000 -0.731 -0.018 0.987 -0.000 0.044 0.153 
0.999 -0.019 0.025 -0.007 0.757 0.000 -0.653 -0.020 0.983 0.000 -0.110 -0.145 0.976 0.000 -0.103 -0.189 0.312 0.000 0.646 -0.697 0.614 0.000 -0.790 -0.002 0.984 0.000 0.117 0.130 0.683 0.000 -0.731 -0.018 0.987 -0.000 0.044 0.154 
0.999 -0.019 0.026 -0.007 0.758 0.000 -0.652 -0.020 0.983 0.000 -0.110 -0.145 0.977 0.000 -0.104 -0.188 0.311 0.000 0.646 -0.697 0.614 0.000 -0.789 -0.001 0.985 0.000 0.118 0.130 0.682 0.000 -0.731 -0.018 0.987 0.000 0.044 0.153 
0.999 -0.019 0.026 -0.006 0.758 0.000 -0.652 -0.020 0.983 0.000 -0.110 -0.145 0.977 0.000 -0.104 -0.188 0.311 0.000 0.646 -0.697 0.614 0.000 -0.789 -0.001 0.985 0.000 0.117 0.130 0.682 0.000 -0.731 -0.019 0.987 0.000 0.044 0.154 
0.999 -0.019 0.026 -0.006 0.758 0.000 -0.652 -0.020 0.983 0.000 -0.110 -0.145 0.977 0.000 -0.103 -0.188 0.310 0.000 0.646 -0.697 0.614 0.000 -0.789 -0.001 0.985 0.000 0.117 0.130 0.682 0.000 -0.731 -0.019 0.987 0.000 0.044 0.154 
0.999 -0.019 0.026 -0.006 0.758 -0.000 -0.652 -0.021 0.983 0.000 -0.110 -0.145 0.977 0.000 -0.103 -0.187 0.310 0.000 0.646 -0.698 0.614 0.000 -0.789 -0.001 0.985 -0.000 0.117 0.130 0.682 0.000 -0.731 -0.019 0.987 0.000 0.044 0.154 
0.999 -0.019 0.026 -0.006 0.758 0.000 -0.652 -0.021 0.983 -0.000 -0.110 -0.145 0.977 0.000 -0.102 -0.187 0.311 -0.000 0.644 -0.699 0.614 -0.000 -0.789 -0.001 0.985 0.000 0.117 0.130 0.682 0.000 -0.731 -0.019 0.987 0.000 0.044 0.154 
0.999 -0.019 0.026 -0.006 0.758 0.000 -0.652 -0.021 0.983 0.000 -0.110 -0.145 0.977 0.000 -0.102 -0.187 0.311 0.000 0.644 -0.699 0.614 0.000 -0.789 -0.002 0.985 -0.000 0.117 0.130 0.682 -0.000 -0.731 -0.019 0.987 0.000 0.044 0.155 
0.999 -0.019 0.026 -0.006 0.758 0.000 -0.652 -0.021 0.983 0.000 -0.110 -0.145 0.977 0.000 -0.101 -0.188 0.312 0.000 0.643 -0.699 0.614 0.000 -0.789 -0.001 0.985 0.000 0.117 0.130 0.682 0.000 -0.731 -0.019 0.987 0.000 0.044 0.154 
0.999 -0.019 0.026 -0.005 0.758 0.000 -0.652 -0.021 0.983 -0.000 -0.110 -0.146 0.977 0.000 -0.100 -0.188 0.312 0.000 0.643 -0.700 0.614 0.000 -0.789 -0.002 0.985 0.000 0.117 0.131 0.682 0.000 -0.731 -0.019 0.987 0.000 0.044 0.154 
0.999 -0.019 0.026 -0.005 0.758 -0.000 -0.651 -0.022 0.983 0.000 -0.110 -0.146 0.977 0.000 -0.098 -0.189 0.313 0.000 0.642 -0.700 0.614 0.000 -0.789 -0.002 0.985 0.000 0.117 0.130 0.682 0.000 -0.731 -0.020 0.987 -0.000 0.044 0.154 
0.999 -0.019 0.026 -0.005 0.758 -0.000 -0.651 -0.022 0.983 0.000 -0.110 -0.145 0.977 0.000 -0.097 -0.190 0.314 0.000 0.642 -0.699 0.614 0.000 -0.789 -0.002 0.985 0.000 0.117 0.131 0.683 -0.000 -0.731 -0.020 0.987 0.000 0.044 0.154 
0.999 -0.019 0.026 -0.004 0.758 0.000 -0.651 -0.022 0.983 -0.000 -0.110 -0.147 0.977 0.000 -0.096 -0.191 0.315 0.000 0.641 -0.700 0.614 0.000 -0.789 -0.002 0.985 -0.000 0.116 0.131 0.682 0.000 -0.731 -0.020 0.987 0.000 0.044 0.154 
0.999 -0.019 0.026 -0.004 0.758 0.000 -0.651 -0.022 0.983 0.000 -0.110 -0.147 0.977 0.000 -0.094 -0.193 0.316 -0.000 0.640 -0.700 0.614 0.000 -0.789 -0.002 0.985 0.000 0.116 0.131 0.682 0.000 -0.731 -0.020 0.987 0.000 0.044 0.154 
0.999 -0.018 0.026 -0.003 0.759 0.000 -0.651 -0.023 0.983 0.000 -0.109 -0.147 0.976 0.000 -0.093 -0.196 0.318 0.000 0.639 -0.701 0.614 -0.000 -0.789 -0.002 0.985 0.000 0.116 0.131 0.682 0.000 -0.731 -0.021 0.987 0.000 0.044 0.155 
0.999 -0.018 0.026 -0.003 0.759 0.000 -0.651 -0.023 0.983 0.000 -0.109 -0.147 0.976 0.000 -0.091 -0.197 0.319 0.000 0.637 -0.701 0.614 0.000 -0.789 -0.002 0.985 -0.000 0.116 0.131 0.682 0.000 -0.731 -0.021 0.987 0.000 0.044 0.155 
0.999 -0.019 0.026 -0.003 0.759 0.000 -0.651 -0.023 0.983 0.000 -0.109 -0.147 0.976 0.000 -0.090 -0.200 0.321 0.000 0.637 -0.701 0.614 0.000 -0.789 -0.002 0.985 0.000 0.116 0.131 0.683 -0.000 -0.731 -0.021 0.987 0.000 0.044 0.155 
0.999 -0.018 0.026 -0.002 0.759 0.000 -0.651 -0.024 0.983 0.000 -0.109 -0.148 0.975 -0.000 -0.088 -0.202 0.323 0.000 0.635 -0.702 0.614 0.000 -0.789 -0.002 0.985 0.000 0.116 0.131 0.683 0.000 -0.731 -0.022 0.987 0.000 0.044 0.155 
0.999 -0.018 0.026 -0.002 0.759 0.000 -0.651 -0.024 0.983 0.000 -0.108 -0.148 0.975 0.000 -0.087 -0.205 0.324 0.000 0.633 -0.703 0.614 0.000 -0.789 -0.002 0.985 0.000 0.116 0.131 0.683 0.000 -0.731 -0.022 0.987 -0.000 0.044 0.155 
0.999 -0.018 0.026 -0.002 0.759 0.000 -0.651 -0.025 0.983 0.000 -0.108 -0.148 0.974 0.000 -0.085 -0.208 0.326 0.000 0.632 -0.703 0.614 0.000 -0.789 -0.002 0.985 -0.000 0.116 0.131 0.683 0.000 -0.730 -0.022 0.987 0.000 0.044 0.155 
0.999 -0.018 0.026 -0.001 0.759 -0.000 -0.651 -0.025 0.983 0.000 -0.108 -0.148 0.974 0.000 -0.083 -0.211 0.328 0.000 0.630 -0.704 0.614 -0.000 -0.789 -0.002 0.985 0.000 0.116 0.131 0.683 -0.000 -0.730 -0.022 0.987 0.000 0.044 0.155 
0.999 -0.018 0.026 -0.001 0.759 0.000 -0.651 -0.025 0.983 0.000 -0.108 -0.148 0.973 0.000 -0.082 -0.214 0.330 0.000 0.629 -0.704 0.614 0.000 -0.789 -0.002 0.985 -0.000 0.116 0.131 0.683 0.000 -0.730 -0.022 0.987 0.000 0.044 0.155 
0.999 -0.018 0.026 -0.001 0.759 0.000 -0.651 -0.026 0.983 0.000 -0.107 -0.148 0.973 0.000 -0.080 -0.217 0.332 0.000 0.628 -0.704 0.614 0.000 -0.789 -0.002 0.985 -0.000 0.116 0.131 0.683 0.000 -0.730 -0.023 0.987 0.000 0.044 0.155 
0.999 -0.018 0.026 -0.000 0.759 0.000 -0.651 -0.026 0.983 -0.000 -0.107 -0.149 0.972 0.000 -0.078 -0.221 0.333 0.000 0.625 -0.706 0.614 0.000 -0.789 -0.003 0.985 0.000 0.116 0.132 0.683 0.000 -0.730 -0.023 0.987 0.000 0.044 0.155 
0.999 -0.018 0.026 -0.000 0.759 0.000 -0.651 -0.027 0.983 0.000 -0.107 -0.149 0.972 0.000 -0.075 -0.224 0.335 0.000 0.627 -0.703 0.614 0.000 -0.789 -0.004 0.984 0.000 0.116 0.132 0.683 0.000 -0.730 -0.024 0.987 0.000 0.044 0.155 
0.999 -0.018 0.026 0.000 0.758 0.000 -0.651 -0.027 0.983 -0.000 -0.107 -0.149 0.971 0.000 -0.074 -0.228 0.337 0.000 0.622 -0.707 0.614 0.000 -0.789 -0.004 0.984 0.000 0.116 0.132 0.683 0.000 -0.730 -0.024 0.987 -0.000 0.044 0.155 
0.999 -0.018 0.026 0.000 0.758 0.000 -0.651 -0.028 0.983 0.000 -0.107 -0.149 0.970 0.000 -0.072 -0.232 0.339 0.000 0.621 -0.707 0.614 0.000 -0.789 -0.003 0.984 0.000 0.116 0.132 0.683 0.000 -0.730 -0.024 0.987 0.000 0.044 0.155 
0.999 -0.018 0.026 0.000 0.758 0.000 -0.651 -0.028 0.983 0.000 -0.107 -0.149 0.969 0.000 -0.070 -0.236 0.341 0.000 0.619 -0.708 0.614 0.000 -0.789 -0.004 0.984 0.000 0.116 0.132 0.683 0.000 -0.730 -0.024 0.987 0.000 0.043 0.155 
0.999 -0.018 0.026 0.001 0.758 0.000 -0.651 -0.029 0.983 0.000 -0.107 -0.149 0.968 0.000 -0.068 -0.240 0.343 0.000 0.618 -0.708 0.614 0.000 -0.789 -0.004 0.984 0.000 0.116 0.133 0.683 0.000 -0.730 -0.024 0.987 0.000 0.043 0.155 
0.999 -0.018 0.026 0.001 0.758 0.000 -0.651 -0.029 0.983 0.000 -0.107 -0.149 0.968 0.000 -0.066 -0.244 0.345 0.000 0.615 -0.709 0.614 -0.000 -0.789 -0.004 0.984 -0.000 0.116 0.133 0.683 0.000 -0.730 -0.024 0.987 0.000 0.043 0.155 
0.999 -0.018 0.026 0.001 0.758 -0.000 -0.651 -0.029 0.983 0.000 -0.107 -0.149 0.967 -0.000 -0.061 -0.248 0.348 0.000 0.614 -0.709 0.614 0.000 -0.789 -0.004 0.984 0.000 0.116 0.133 0.682 0.000 -0.731 -0.024 0.987 0.000 0.043 0.155 
0.999 -0.018 0.026 0.001 0.758 0.000 -0.652 -0.029 0.983 0.000 -0.106 -0.150 0.966 0.000 -0.059 -0.252 0.350 -0.000 0.611 -0.710 0.614 0.000 -0.789 -0.004 0.984 -0.000 0.116 0.133 0.683 -0.000 -0.730 -0.025 0.987 0.000 0.043 0.155 
0.999 -0.018 0.026 0.001 0.758 0.000 -0.652 -0.030 0.983 0.000 -0.106 -0.150 0.965 0.000 -0.057 -0.257 0.352 0.000 0.609 -0.711 0.614 0.000 -0.789 -0.005 0.984 0.000 0.116 0.133 0.683 0.000 -0.730 -0.025 0.987 0.000 0.043 0.155 
1.000 -0.018 0.026 0.002 0.758 0.000 -0.652 -0.030 0.983 -0.000 -0.106 -0.149 0.964 0.000 -0.054 -0.261 0.354 0.000 0.609 -0.710 0.615 0.000 -0.789 -0.005 0.984 0.000 0.116 0.133 0.683 0.000 -0.730 -0.025 0.987 0.000 0.043 0.155 
1.000 -0.017 0.026 0.002 0.758 0.000 -0.652 -0.031 0.983 -0.000 -0.106 -0.149 0.963 0.000 -0.052 -0.265 0.356 0.000 0.607 -0.711 0.615 -0.000 -0.789 -0.005 0.984 0.000 0.115 0.133 0.683 0.000 -0.730 -0.025 0.987 0.000 0.043 0.155 
1.000 -0.017 0.026 0.002 0.757 0.000 -0.652 -0.031 0.983 0.000 -0.106 -0.150 0.962 0.000 -0.049 -0.270 0.357 0.000 0.607 -0.710 0.615 0.000 -0.789 -0.006 0.984 0.000 0.115 0.134 0.683 0.000 -0.730 -0.025 0.987 0.000 0.043 0.155 
1.000 -0.017 0.026 0.002 0.757 0.000 -0.652 -0.031 0.983 0.000 -0.106 -0.150 0.960 -0.000 -0.047 -0.274 0.359 0.000 0.607 -0.709 0.615 0.000 -0.789 -0.006 0.984 0.000 0.115 0.134 0.683 0.000 -0.730 -0.025 0.987 0.000 0.043 0.155 
1.000 -0.017 0.026 0.002 0.757 0.000 -0.652 -0.031 0.983 0.000 -0.106 -0.149 0.959 0.000 -0.045 -0.279 0.362 0.000 0.603 -0.711 0.615 -0.000 -0.789 -0.006 0.984 0.000 0.115 0.134 0.683 0.000 -0.730 -0.026 0.987 -0.000 0.043 0.155 
1.000 -0.017 0.026 0.003 0.757 -0.000 -0.653 -0.031 0.983 0.000 -0.106 -0.149 0.958 0.000 -0.043 -0.284 0.364 0.000 0.601 -0.711 0.615 0.000 -0.789 -0.006 0.984 0.000 0.115 0.134 0.682 0.000 -0.730 -0.026 0.987 0.000 0.043 0.154 
1.000 -0.017 0.026 0.002 0.757 0.000 -0.653 -0.032 0.983 0.000 -0.106 -0.149 0.957 0.000 -0.040 -0.289 0.366 0.000 0.600 -0.711 0.615 0.000 -0.789 -0.007 0.984 0.000 0.115 0.135 0.682 0.000 -0.730 -0.026 0.987 0.000 0.043 0.154 
1.000 -0.017 0.026 0.002 0.757 0.000 -0.653 -0.032 0.983 0.000 -0.106 -0.149 0.955 -0.000 -0.038 -0.293 0.368 0.000 0.598 -0.712 0.615 0.000 -0.789 -0.007 0.984 0.000 0.115 0.135 0.682 -0.000 -0.731 -0.025 0.987 0.000 0.043 0.154 
1.000 -0.017 0.026 0.003 0.757 0.000 -0.653 -0.032 0.983 0.000 -0.106 -0.149 0.954 0.000 -0.036 -0.298 0.370 0.000 0.596 -0.713 0.615 0.000 -0.788 -0.007 0.984 0.000 0.115 0.135 0.682 -0.000 -0.731 -0.025 0.987 0.000 0.043 0.154 
1.000 -0.017 0.026 0.003 0.757 0.000 -0.653 -0.032 0.983 0.000 -0.106 -0.149 0.952 0.000 -0.033 -0.303 0.372 -0.000 0.596 -0.712 0.615 0.000 -0.789 -0.007 0.984 0.000 0.115 0.135 0.682 0.000 -0.731 -0.026 0.987 -0.000 0.043 0.154 
1.000 -0.016 0.026 0.004 0.756 -0.000 -0.653 -0.032 0.983 0.000 -0.106 -0.149 0.951 0.000 -0.031 -0.308 0.375 0.000 0.594 -0.712 0.615 0.000 -0.789 -0.008 0.984 0.000 0.115 0.135 0.682 0.000 -0.731 -0.027 0.987 0.000 0.043 0.155 
1.000 -0.016 0.026 0.004 0.756 0.000 -0.653 -0.032 0.983 0.000 -0.106 -0.149 0.949 0.000 -0.029 -0.313 0.377 0.000 0.592 -0.712 0.615 0.000 -0.789 -0.008 0.984 0.000 0.115 0.135 0.682 0.000 -0.731 -0.028 0.987 0.000 0.043 0.155 
1.000 -0.016 0.026 0.004 0.756 0.000 -0.653 -0.032 0.983 0.000 -0.106 -0.149 0.948 0.000 -0.026 -0.318 0.380 0.000 0.589 -0.713 0.615 0.000 -0.789 -0.008 0.984 0.000 0.115 0.135 0.682 0.000 -0.731 -0.028 0.987 0.000 0.042 0.155 
1.000 -0.016 0.026 0.004 0.756 -0.000 -0.654 -0.032 0.983 0.000 -0.106 -0.149 0.946 0.000 -0.024 -0.322 0.382 0.000 0.587 -0.713 0.615 0.000 -0.788 -0.008 0.984 -0.000 0.115 0.136 0.682 0.000 -0.731 -0.028 0.987 0.000 0.042 0.155 
1.000 -0.016 0.026 0.005 0.756 -0.000 -0.654 -0.032 0.983 0.000 -0.106 -0.149 0.945 0.000 -0.022 -0.327 0.385 0.000 0.586 -0.713 0.615 0.000 -0.788 -0.009 0.984 0.000 0.115 0.136 0.682 0.000 -0.731 -0.029 0.987 -0.000 0.042 0.155 
1.000 -0.016 0.026 0.005 0.756 0.000 -0.654 -0.032 0.983 -0.000 -0.106 -0.148 0.943 -0.000 -0.019 -0.332 0.388 0.000 0.583 -0.714 0.615 0.000 -0.788 -0.009 0.984 -0.000 0.115 0.136 0.682 0.000 -0.731 -0.029 0.987 0.000 0.042 0.155 
1.000 -0.016 0.026 0.005 0.756 0.000 -0.654 -0.032 0.983 0.000 -0.106 -0.148 0.942 0.000 -0.017 -0.336 0.390 -0.000 0.582 -0.714 0.615 0.000 -0.788 -0.009 0.984 0.000 0.115 0.136 0.682 -0.000 -0.731 -0.029 0.987 0.000 0.041 0.155 
1.000 -0.016 0.026 0.006 0.756 0.000 -0.654 -0.032 0.983 0.000 -0.106 -0.148 0.940 0.000 -0.015 -0.341 0.392 -0.000 0.581 -0.713 0.615 0.000 -0.789 -0.009 0.984 0.000 0.115 0.136 0.682 0.000 -0.731 -0.030 0.987 0.000 0.041 0.155 
1.000 -0.016 0.027 0.006 0.756 0.000 -0.654 -0.032 0.983 0.000 -0.106 -0.148 0.939 0.000 -0.013 -0.345 0.395 0.000 0.579 -0.713 0.615 0.000 -0.789 -0.009 0.984 0.000 0.115 0.136 0.682 0.000 -0.731 -0.030 0.987 0.000 0.042 0.155 
1.000 -0.016 0.027 0.006 0.755 0.000 -0.654 -0.032 0.983 0.000 -0.107 -0.149 0.937 0.000 -0.011 -0.349 0.397 0.000 0.576 -0.715 0.615 -0.000 -0.789 -0.009 0.984 0.000 0.116 0.136 0.682 -0.000 -0.731 -0.031 0.987 0.000 0.042 0.155 
1.000 -0.016 0.027 0.007 0.755 0.000 -0.655 -0.032 0.983 0.000 -0.107 -0.148 0.936 0.000 -0.010 -0.353 0.400 0.000 0.575 -0.714 0.615 0.000 -0.789 -0.010 0.984 -0.000 0.115 0.136 0.682 0.000 -0.731 -0.031 0.987 0.000 0.042 0.156 
0.999 -0.016 0.027 0.007 0.755 0.000 -0.655 -0.032 0.983 -0.000 -0.106 -0.148 0.934 -0.000 -0.008 -0.357 0.402 0.000 0.573 -0.714 0.615 0.000 -0.789 -0.010 0.984 0.000 0.115 0.136 0.682 0.000 -0.731 -0.031 0.987 0.000 0.042 0.156 
0.999 -0.016 0.027 0.008 0.755 0.000 -0.655 -0.032 0.983 0.000 -0.107 -0.148 0.932 0.000 -0.008 -0.362 0.404 0.000 0.568 -0.717 0.615 0.000 -0.789 -0.009 0.984 0.000 0.116 0.137 0.682 0.000 -0.731 -0.031 0.987 0.000 0.041 0.156 
0.999 -0.016 0.027 0.008 0.755 0.000 -0.655 -0.032 0.983 0.000 -0.106 -0.148 0.931 -0.000 -0.006 -0.366 0.407 -0.000 0.566 -0.716 0.615 -0.000 -0.788 -0.010 0.984 0.000 0.115 0.137 0.682 0.000 -0.731 -0.031 0.987 0.000 0.041 0.156 
0.999 -0.016 0.027 0.009 0.755 0.000 -0.655 -0.031 0.983 0.000 -0.106 -0.148 0.929 -0.000 -0.005 -0.370 0.409 0.000 0.566 -0.716 0.615 0.000 -0.788 -0.009 0.984 0.000 0.115 0.137 0.682 0.000 -0.730 -0.032 0.987 0.000 0.041 0.156 
0.999 -0.016 0.027 0.009 0.755 0.000 -0.655 -0.032 0.983 0.000 -0.106 -0.148 0.928 0.000 -0.003 -0.374 0.411 0.000 0.564 -0.716 0.615 0.000 -0.788 -0.010 0.984 -0.000 0.115 0.137 0.682 0.000 -0.730 -0.033 0.987 0.000 0.040 0.157 
0.999 -0.016 0.027 0.010 0.755 0.000 -0.656 -0.031 0.983 -0.000 -0.106 -0.148 0.927 -0.000 -0.001 -0.375 0.414 0.000 0.566 -0.713 0.615 -0.000 -0.788 -0.010 0.984 0.000 0.115 0.137 0.682 0.000 -0.730 -0.033 0.987 -0.000 0.040 0.157 
0.999 -0.016 0.027 0.010 0.754 0.000 -0.656 -0.031 0.983 0.000 -0.106 -0.148 0.926 -0.000 0.000 -0.378 0.416 -0.000 0.564 -0.713 0.615 0.000 -0.788 -0.010 0.984 0.000 0.115 0.137 0.682 0.000 -0.730 -0.034 0.987 -0.000 0.040 0.157 
0.999 -0.016 0.027 0.011 0.754 0.000 -0.656 -0.031 0.983 0.000 -0.106 -0.148 0.924 0.000 0.001 -0.382 0.417 0.000 0.562 -0.714 0.615 0.000 -0.788 -0.010 0.984 -0.000 0.115 0.138 0.682 0.000 -0.730 -0.034 0.987 0.000 0.039 0.157 
0.999 -0.016 0.027 0.011 0.754 0.000 -0.656 -0.031 0.983 0.000 -0.106 -0.148 0.923 0.000 0.002 -0.385 0.419 -0.000 0.561 -0.714 0.615 0.000 -0.788 -0.010 0.984 0.000 0.115 0.138 0.682 0.000 -0.730 -0.035 0.987 0.000 0.039 0.158 
0.999 -0.016 0.027 0.012 0.754 0.000 -0.656 -0.031 0.983 0.000 -0.106 -0.148 0.922 0.000 0.003 -0.387 0.421 0.000 0.561 -0.713 0.615 0.000 -0.788 -0.010 0.984 0.000 0.115 0.138 0.682 0.000 -0.730 -0.035 0.987 0.000 0.039 0.158 
0.999 -0.016 0.027 0.012 0.754 0.000 -0.656 -0.031 0.983 0.000 -0.107 -0.148 0.921 0.000 0.004 -0.389 0.423 0.000 0.558 -0.714 0.615 0.000 -0.788 -0.010 0.984 0.000 0.116 0.138 0.682 0.000 -0.730 -0.035 0.987 0.000 0.039 0.158 
0.999 -0.015 0.027 0.012 0.754 0.000 -0.656 -0.031 0.983 0.000 -0.107 -0.148 0.920 0.000 0.005 -0.392 0.425 0.000 0.556 -0.714 0.615 0.000 -0.788 -0.010 0.984 0.000 0.116 0.138 0.682 0.000 -0.730 -0.036 0.987 0.000 0.039 0.158 
0.999 -0.016 0.027 0.013 0.754 0.000 -0.656 -0.031 0.983 0.000 -0.110 -0.148 0.919 0.000 0.006 -0.394 0.426 0.000 0.555 -0.714 0.615 0.000 -0.788 -0.010 0.984 0.000 0.116 0.138 0.682 0.000 -0.730 -0.036 0.987 0.000 0.039 0.158 
0.999 -0.016 0.027 0.013 0.754 -0.000 -0.656 -0.031 0.983 0.000 -0.110 -0.148 0.918 0.000 0.007 -0.396 0.428 0.000 0.554 -0.714 0.615 0.000 -0.788 -0.010 0.984 -0.000 0.116 0.138 0.682 0.000 -0.730 -0.036 0.987 0.000 0.039 0.158 
0.999 -0.016 0.027 0.013 0.754 0.000 -0.656 -0.031 0.983 0.000 -0.110 -0.148 0.918 0.000 0.007 -0.397 0.429 0.000 0.554 -0.714 0.615 -0.000 -0.788 -0.010 0.984 0.000 0.116 0.138 0.682 -0.000 -0.730 -0.036 0.987 0.000 0.038 0.158 
0.999 -0.016 0.027 0.013 0.754 0.000 -0.656 -0.031 0.983 -0.000 -0.110 -0.148 0.917 -0.000 0.008 -0.399 0.431 -0.000 0.552 -0.714 0.615 0.000 -0.788 -0.010 0.984 0.000 0.116 0.138 0.683 0.000 -0.730 -0.036 0.987 0.000 0.038 0.158 
0.999 -0.016 0.027 0.014 0.754 -0.000 -0.656 -0.031 0.983 0.000 -0.107 -0.148 0.917 0.000 0.008 -0.400 0.432 0.000 0.551 -0.714 0.615 0.000 -0.788 -0.010 0.984 -0.000 0.116 0.138 0.683 0.000 -0.730 -0.036 0.987 -0.000 0.038 0.158 
0.999 -0.016 0.027 0.014 0.754 0.000 -0.656 -0.031 0.983 0.000 -0.106 -0.148 0.916 0.000 0.009 -0.401 0.433 -0.000 0.549 -0.715 0.615 -0.000 -0.788 -0.010 0.984 -0.000 0.116 0.138 0.683 -0.000 -0.730 -0.036 0.987 0.000 0.038 0.158 
0.999 -0.016 0.027 0.014 0.754 0.000 -0.656 -0.031 0.983 0.000 -0.110 -0.148 0.916 0.000 0.009 -0.402 0.434 0.000 0.549 -0.715 0.615 0.000 -0.788 -0.010 0.984 0.000 0.116 0.138 0.683 0.000 -0.730 -0.036 0.987 0.000 0.038 0.158 
0.999 -0.016 0.027 0.014 0.754 0.000 -0.656 -0.031 0.983 0.000 -0.110 -0.148 0.916 0.000 0.010 -0.402 0.434 0.000 0.548 -0.715 0.615 -0.000 -0.788 -0.010 0.984 0.000 0.116 0.138 0.683 0.000 -0.730 -0.036 0.987 0.000 0.038 0.158 
0.999 -0.016 0.027 0.014 0.754 0.000 -0.656 -0.031 0.983 0.000 -0.110 -0.148 0.915 0.000 0.010 -0.403 0.435 0.000 0.547 -0.715 0.615 0.000 -0.788 -0.010 0.984 0.000 0.117 0.138 0.683 0.000 -0.730 -0.036 0.987 0.000 0.037 0.158 
0.999 -0.016 0.027 0.014 0.754 0.000 -0.656 -0.031 0.983 0.000 -0.110 -0.147 0.915 0.000 0.010 -0.403 0.435 0.000 0.547 -0.715 0.615 0.000 -0.788 -0.010 0.984 0.000 0.117 0.138 0.683 0.000 -0.730 -0.036 0.987 0.000 0.038 0.158 
0.999 -0.016 0.027 0.014 0.754 0.000 -0.656 -0.031 0.983 0.000 -0.110 -0.147 0.915 -0.000 0.010 -0.402 0.436 0.000 0.546 -0.715 0.615 0.000 -0.788 -0.010 0.984 -0.000 0.117 0.138 0.683 0.000 -0.730 -0.036 0.987 0.000 0.038 0.158 
0.999 -0.016 0.027 0.014 0.754 0.000 -0.656 -0.031 0.983 0.000 -0.106 -0.148 0.916 0.000 0.010 -0.402 0.436 0.000 0.546 -0.715 0.615 0.000 -0.788 -0.010 0.984 0.000 0.117 0.138 0.683 0.000 -0.730 -0.036 0.987 -0.000 0.038 0.158 
0.999 -0.016 0.027 0.014 0.754 0.000 -0.656 -0.032 0.983 0.000 -0.106 -0.147 0.916 0.000 0.010 -0.401 0.438 0.000 0.545 -0.715 0.615 0.000 -0.788 -0.009 0.984 -0.000 0.117 0.138 0.683 0.000 -0.730 -0.036 0.987 -0.000 0.038 0.158 
0.999 -0.016 0.027 0.014 0.754 0.000 -0.656 -0.031 0.983 0.000 -0.106 -0.147 0.916 0.000 0.009 -0.401 0.437 0.000 0.546 -0.715 0.615 0.000 -0.789 -0.010 0.984 0.000 0.117 0.138 0.683 -0.000 -0.730 -0.036 0.987 0.000 0.038 0.158 
0.999 -0.016 0.027 0.014 0.754 0.000 -0.656 -0.031 0.983 -0.000 -0.106 -0.148 0.917 0.000 0.009 -0.399 0.437 0.000 0.545 -0.715 0.615 0.000 -0.789 -0.010 0.984 0.000 0.117 0.138 0.683 0.000 -0.730 -0.036 0.987 0.000 0.037 0.158 
0.999 -0.016 0.027 0.013 0.754 0.000 -0.656 -0.032 0.983 0.000 -0.106 -0.147 0.918 0.000 0.008 -0.398 0.436 0.000 0.545 -0.716 0.615 0.000 -0.789 -0.010 0.984 -0.000 0.117 0.138 0.683 0.000 -0.730 -0.036 0.987 0.000 0.038 0.158 
0.999 -0.016 0.027 0.013 0.754 0.000 -0.656 -0.031 0.983 0.000 -0.105 -0.147 0.918 0.000 0.008 -0.396 0.436 -0.000 0.545 -0.716 0.615 -0.000 -0.789 -0.009 0.984 0.000 0.117 0.138 0.682 0.000 -0.730 -0.035 0.987 0.000 0.038 0.158 
0.999 -0.016 0.027 0.013 0.754 0.000 -0.656 -0.031 0.983 0.000 -0.105 -0.148 0.919 0.000 0.007 -0.395 0.436 0.000 0.545 -0.716 0.615 -0.000 -0.789 -0.009 0.984 0.000 0.117 0.138 0.683 0.000 -0.730 -0.036 0.987 0.000 0.038 0.158 
0.999 -0.016 0.027 0.013 0.754 0.000 -0.656 -0.032 0.983 -0.000 -0.105 -0.147 0.920 0.000 0.006 -0.393 0.435 0.000 0.545 -0.717 0.615 -0.000 -0.789 -0.009 0.984 0.000 0.117 0.138 0.683 0.000 -0.730 -0.035 0.987 0.000 0.038 0.158 
0.999 -0.016 0.027 0.013 0.754 0.000 -0.656 -0.032 0.984 0.000 -0.105 -0.147 0.920 0.000 0.005 -0.391 0.435 0.000 0.545 -0.717 0.615 0.000 -0.789 -0.009 0.984 0.000 0.117 0.137 0.683 0.000 -0.730 -0.035 0.987 -0.000 0.037 0.158 
0.999 -0.016 0.027 0.013 0.754 0.000 -0.656 -0.032 0.984 0.000 -0.105 -0.147 0.921 0.000 0.004 -0.389 0.434 -0.000 0.545 -0.717 0.615 0.000 -0.789 -0.009 0.984 0.000 0.117 0.138 0.683 0.000 -0.730 -0.035 0.987 0.000 0.038 0.158 
0.999 -0.016 0.027 0.013 0.754 0.000 -0.656 -0.032 0.983 0.000 -0.105 -0.147 0.922 0.000 0.003 -0.387 0.434 -0.000 0.545 -0.718 0.615 -0.000 -0.789 -0.009 0.984 -0.000 0.117 0.137 0.683 0.000 -0.730 -0.035 0.987 -0.000 0.037 0.158 
0.999 -0.016 0.027 0.013 0.754 -0.000 -0.656 -0.032 0.984 -0.000 -0.105 -0.147 0.923 0.000 0.002 -0.384 0.433 0.000 0.545 -0.718 0.615 0.000 -0.789 -0.009 0.984 0.000 0.117 0.137 0.683 0.000 -0.730 -0.035 0.987 0.000 0.038 0.158 
0.999 -0.017 0.027 0.013 0.754 0.000 -0.656 -0.032 0.984 0.000 -0.105 -0.147 0.924 0.000 0.001 -0.382 0.432 0.000 0.546 -0.718 0.615 0.000 -0.789 -0.008 0.984 0.000 0.118 0.137 0.682 0.000 -0.730 -0.034 0.987 0.000 0.038 0.158 
0.999 -0.017 0.027 0.012 0.754 0.000 -0.656 -0.032 0.984 0.000 -0.105 -0.147 0.925 -0.000 -0.001 -0.379 0.431 -0.000 0.545 -0.720 0.615 0.000 -0.789 -0.008 0.984 0.000 0.117 0.137 0.682 -0.000 -0.730 -0.034 0.987 -0.000 0.038 0.158 
0.999 -0.017 0.027 0.012 0.754 -0.000 -0.656 -0.032 0.983 0.000 -0.105 -0.147 0.927 0.000 -0.002 -0.376 0.429 0.000 0.545 -0.720 0.615 0.000 -0.789 -0.008 0.984 0.000 0.118 0.137 0.682 0.000 -0.730 -0.034 0.987 0.000 0.038 0.158 
0.999 -0.017 0.027 0.012 0.754 0.000 -0.656 -0.032 0.983 0.000 -0.105 -0.147 0.928 0.000 -0.003 -0.373 0.428 -0.000 0.546 -0.720 0.615 0.000 -0.789 -0.008 0.984 0.000 0.117 0.137 0.683 0.000 -0.730 -0.034 0.987 0.000 0.038 0.158 
0.999 -0.017 0.027 0.012 0.754 0.000 -0.656 -0.032 0.983 -0.000 -0.105 -0.148 0.929 -0.000 -0.005 -0.370 0.427 0.000 0.548 -0.720 0.615 0.000 -0.789 -0.008 0.984 0.000 0.118 0.137 0.683 0.000 -0.730 -0.034 0.987 -0.000 0.038 0.158 
0.999 -0.017 0.027 0.012 0.754 0.000 -0.656 -0.032 0.983 0.000 -0.105 -0.147 0.930 0.000 -0.006 -0.366 0.426 0.000 0.548 -0.720 0.615 0.000 -0.789 -0.007 0.984 0.000 0.118 0.137 0.683 0.000 -0.730 -0.033 0.987 0.000 0.038 0.158 
0.999 -0.017 0.027 0.012 0.754 0.000 -0.656 -0.032 0.983 0.000 -0.105 -0.148 0.932 0.000 -0.008 -0.363 0.424 -0.000 0.549 -0.721 0.615 0.000 -0.789 -0.007 0.984 -0.000 0.118 0.137 0.683 0.000 -0.730 -0.033 0.987 0.000 0.038 0.158 
0.999 -0.017 0.027 0.012 0.754 0.000 -0.656 -0.032 0.983 0.000 -0.105 -0.148 0.933 0.000 -0.010 -0.360 0.422 0.000 0.550 -0.721 0.615 0.000 -0.789 -0.007 0.984 0.000 0.118 0.137 0.683 0.000 -0.730 -0.033 0.987 0.000 0.038 0.158 
0.999 -0.017 0.027 0.012 0.754 0.000 -0.656 -0.032 0.983 0.000 -0.105 -0.148 0.934 -0.000 -0.011 -0.356 0.421 0.000 0.550 -0.721 0.615 -0.000 -0.789 -0.007 0.984 0.000 0.118 0.137 0.683 0.000 -0.730 -0.033 0.987 0.000 0.038 0.158 
0.999 -0.017 0.027 0.012 0.754 0.000 -0.656 -0.032 0.983 0.000 -0.105 -0.148 0.936 0.000 -0.013 -0.353 0.419 0.000 0.552 -0.721 0.615 0.000 -0.789 -0.007 0.984 0.000 0.118 0.137 0.683 -0.000 -0.730 -0.033 0.987 0.000 0.038 0.158 
0.999 -0.018 0.027 0.012 0.754 0.000 -0.656 -0.032 0.983 0.000 -0.105 -0.148 0.937 0.000 -0.015 -0.349 0.417 0.000 0.553 -0.722 0.615 0.000 -0.789 -0.006 0.984 0.000 0.118 0.136 0.682 0.000 -0.730 -0.032 0.987 0.000 0.038 0.158 
0.999 -0.018 0.027 0.012 0.754 0.000 -0.656 -0.032 0.983 -0.000 -0.105 -0.148 0.938 0.000 -0.017 -0.346 0.416 -0.000 0.554 -0.722 0.615 0.000 -0.789 -0.006 0.984 0.000 0.118 0.136 0.682 -0.000 -0.730 -0.032 0.987 0.000 0.038 0.158 
0.999 -0.018 0.027 0.012 0.754 0.000 -0.656 -0.032 0.983 0.000 -0.105 -0.148 0.940 -0.000 -0.020 -0.342 0.414 0.000 0.555 -0.722 0.615 0.000 -0.789 -0.006 0.984 0.000 0.118 0.137 0.682 0.000 -0.730 -0.031 0.987 0.000 0.039 0.157 
0.999 -0.018 0.027 0.012 0.754 0.000 -0.656 -0.032 0.983 0.000 -0.105 -0.148 0.941 0.000 -0.022 -0.338 0.411 -0.000 0.557 -0.721 0.615 0.000 -0.789 -0.006 0.984 0.000 0.118 0.136 0.682 0.000 -0.730 -0.032 0.987 0.000 0.039 0.158 
0.999 -0.018 0.027 0.012 0.754 0.000 -0.656 -0.032 0.983 0.000 -0.105 -0.148 0.942 0.000 -0.024 -0.334 0.409 0.000 0.560 -0.721 0.615 0.000 -0.789 -0.006 0.984 0.000 0.118 0.136 0.683 0.000 -0.730 -0.032 0.987 0.000 0.039 0.158 
0.999 -0.018 0.027 0.011 0.754 0.000 -0.656 -0.032 0.983 0.000 -0.105 -0.148 0.945 0.000 -0.025 -0.327 0.406 0.000 0.566 -0.718 0.615 0.000 -0.789 -0.005 0.984 0.000 0.118 0.136 0.682 0.000 -0.730 -0.031 0.987 0.000 0.038 0.157 
0.999 -0.018 0.027 0.011 0.754 0.000 -0.656 -0.032 0.983 0.000 -0.105 -0.148 0.946 0.000 -0.027 -0.323 0.404 0.000 0.568 -0.717 0.615 0.000 -0.789 -0.005 0.984 0.000 0.118 0.136 0.682 0.000 -0.730 -0.031 0.987 0.000 0.039 0.157 
0.999 -0.018 0.027 0.011 0.754 0.000 -0.656 -0.031 0.983 0.000 -0.105 -0.149 0.947 -0.000 -0.029 -0.319 0.402 0.000 0.573 -0.714 0.615 0.000 -0.789 -0.005 0.984 -0.000 0.118 0.136 0.683 0.000 -0.730 -0.031 0.987 0.000 0.039 0.157 
0.999 -0.018 0.027 0.011 0.754 0.000 -0.656 -0.031 0.983 0.000 -0.106 -0.149 0.949 -0.000 -0.032 -0.314 0.399 0.000 0.576 -0.714 0.615 0.000 -0.789 -0.005 0.984 0.000 0.118 0.136 0.682 0.000 -0.730 -0.030 0.987 0.000 0.039 0.156 
0.999 -0.018 0.027 0.011 0.754 0.000 -0.656 -0.031 0.983 0.000 -0.105 -0.149 0.950 0.000 -0.034 -0.309 0.397 0.000 0.581 -0.711 0.615 0.000 -0.789 -0.004 0.984 0.000 0.118 0.135 0.683 0.000 -0.730 -0.031 0.987 -0.000 0.039 0.158 
0.999 -0.018 0.027 0.011 0.754 -0.000 -0.656 -0.031 0.983 -0.000 -0.105 -0.148 0.951 -0.000 -0.039 -0.305 0.395 0.000 0.584 -0.709 0.615 -0.000 -0.789 -0.004 0.984 0.000 0.118 0.136 0.682 -0.000 -0.730 -0.030 0.987 0.000 0.039 0.157 
0.999 -0.018 0.026 0.011 0.754 0.000 -0.657 -0.031 0.983 -0.000 -0.105 -0.148 0.953 0.000 -0.041 -0.301 0.391 0.000 0.587 -0.709 0.615 0.000 -0.789 -0.004 0.984 0.000 0.118 0.135 0.683 0.000 -0.730 -0.030 0.987 0.000 0.039 0.157 
0.999 -0.019 0.027 0.011 0.754 0.000 -0.657 -0.031 0.983 0.000 -0.105 -0.148 0.954 0.000 -0.044 -0.295 0.388 0.000 0.590 -0.708 0.615 0.000 -0.789 -0.004 0.984 0.000 0.118 0.136 0.683 0.000 -0.730 -0.030 0.987 0.000 0.039 0.158 
0.999 -0.019 0.027 0.011 0.754 0.000 -0.657 -0.031 0.983 -0.000 -0.105 -0.148 0.956 0.000 -0.047 -0.290 0.386 0.000 0.594 -0.706 0.615 -0.000 -0.789 -0.004 0.984 -0.000 0.118 0.135 0.683 0.000 -0.730 -0.030 0.987 0.000 0.039 0.158 
0.999 -0.019 0.026 0.011 0.753 0.000 -0.657 -0.030 0.983 0.000 -0.105 -0.149 0.957 0.000 -0.049 -0.286 0.383 0.000 0.599 -0.703 0.615 0.000 -0.789 -0.004 0.984 -0.000 0.118 0.136 0.683 0.000 -0.730 -0.030 0.987 0.000 0.039 0.158 
0.999 -0.019 0.026 0.011 0.753 0.000 -0.657 -0.030 0.983 0.000 -0.105 -0.149 0.958 0.000 -0.052 -0.281 0.381 0.000 0.603 -0.701 0.615 -0.000 -0.789 -0.004 0.984 0.000 0.118 0.136 0.683 -0.000 -0.730 -0.029 0.987 0.000 0.040 0.157 
0.999 -0.019 0.026 0.010 0.753 -0.000 -0.657 -0.030 0.983 0.000 -0.105 -0.149 0.960 0.000 -0.055 -0.276 0.378 -0.000 0.607 -0.699 0.615 0.000 -0.789 -0.004 0.984 0.000 0.118 0.136 0.683 0.000 -0.730 -0.029 0.987 0.000 0.040 0.157 
0.999 -0.019 0.026 0.010 0.753 0.000 -0.657 -0.029 0.983 0.000 -0.105 -0.149 0.961 0.000 -0.057 -0.271 0.376 0.000 0.613 -0.695 0.615 0.000 -0.789 -0.004 0.984 0.000 0.118 0.136 0.683 0.000 -0.730 -0.029 0.987 0.000 0.040 0.157 
0.999 -0.019 0.026 0.010 0.753 0.000 -0.657 -0.029 0.983 -0.000 -0.105 -0.149 0.962 0.000 -0.060 -0.266 0.373 0.000 0.616 -0.694 0.615 0.000 -0.789 -0.003 0.984 0.000 0.117 0.136 0.683 0.000 -0.730 -0.029 0.987 0.000 0.040 0.157 
0.999 -0.019 0.026 0.010 0.753 0.000 -0.657 -0.029 0.983 0.000 -0.106 -0.149 0.963 -0.000 -0.063 -0.261 0.371 -0.000 0.619 -0.692 0.615 0.000 -0.789 -0.003 0.984 0.000 0.117 0.135 0.682 0.000 -0.730 -0.028 0.987 0.000 0.040 0.157 
0.999 -0.019 0.026 0.010 0.753 0.000 -0.657 -0.028 0.983 0.000 -0.106 -0.150 0.964 0.000 -0.065 -0.256 0.369 -0.000 0.624 -0.689 0.615 0.000 -0.789 -0.003 0.984 0.000 0.117 0.135 0.683 0.000 -0.730 -0.028 0.987 0.000 0.040 0.157 
0.999 -0.019 0.026 0.010 0.753 0.000 -0.657 -0.028 0.983 0.000 -0.106 -0.149 0.966 0.000 -0.067 -0.250 0.366 0.000 0.628 -0.687 0.615 0.000 -0.789 -0.003 0.984 0.000 0.117 0.135 0.683 0.000 -0.730 -0.028 0.987 0.000 0.040 0.157 
0.999 -0.019 0.026 0.010 0.753 0.000 -0.657 -0.029 0.983 0.000 -0.106 -0.149 0.967 0.000 -0.070 -0.245 0.363 -0.000 0.632 -0.685 0.615 0.000 -0.789 -0.003 0.984 -0.000 0.117 0.135 0.683 0.000 -0.730 -0.028 0.987 -0.000 0.040 0.157 
0.999 -0.019 0.026 0.009 0.753 0.000 -0.658 -0.028 0.983 0.000 -0.106 -0.149 0.968 0.000 -0.072 -0.239 0.361 0.000 0.636 -0.682 0.615 0.000 -0.789 -0.003 0.984 0.000 0.117 0.135 0.683 0.000 -0.730 -0.027 0.987 0.000 0.040 0.157 
0.999 -0.020 0.026 0.009 0.753 0.000 -0.658 -0.029 0.983 0.000 -0.106 -0.149 0.969 0.000 -0.074 -0.234 0.359 0.000 0.639 -0.680 0.615 -0.000 -0.788 -0.002 0.984 0.000 0.117 0.135 0.683 0.000 -0.730 -0.027 0.987 0.000 0.040 0.157 
0.999 -0.020 0.026 0.009 0.753 0.000 -0.658 -0.028 0.983 0.000 -0.106 -0.149 0.970 0.000 -0.076 -0.229 0.356 0.000 0.644 -0.677 0.615 0.000 -0.788 -0.003 0.984 0.000 0.117 0.135 0.683 0.000 -0.730 -0.027 0.987 0.000 0.040 0.157 
0.999 -0.020 0.026 0.008 0.753 0.000 -0.658 -0.028 0.983 0.000 -0.106 -0.149 0.972 0.000 -0.078 -0.224 0.354 -0.000 0.647 -0.675 0.615 0.000 -0.788 -0.003 0.984 0.000 0.117 0.135 0.683 0.000 -0.730 -0.027 0.987 -0.000 0.040 0.157 
0.999 -0.020 0.026 0.008 0.752 -0.000 -0.658 -0.028 0.983 -0.000 -0.106 -0.149 0.973 0.000 -0.080 -0.218 0.351 -0.000 0.650 -0.674 0.615 0.000 -0.789 -0.003 0.984 0.000 0.117 0.135 0.683 0.000 -0.730 -0.027 0.987 0.000 0.040 0.157 
0.999 -0.020 0.026 0.008 0.752 0.000 -0.658 -0.028 0.983 0.000 -0.106 -0.149 0.973 0.000 -0.083 -0.213 0.348 0.000 0.655 -0.671 0.615 0.000 -0.789 -0.003 0.984 0.000 0.117 0.135 0.683 0.000 -0.730 -0.027 0.987 0.000 0.041 0.157 
0.999 -0.020 0.026 0.008 0.752 -0.000 -0.658 -0.028 0.983 0.000 -0.106 -0.149 0.974 0.000 -0.086 -0.208 0.347 0.000 0.657 -0.669 0.615 0.000 -0.789 -0.002 0.984 0.000 0.117 0.134 0.683 0.000 -0.730 -0.026 0.987 0.000 0.041 0.156 
0.999 -0.020 0.026 0.007 0.752 0.000 -0.658 -0.027 0.983 0.000 -0.106 -0.149 0.975 0.000 -0.088 -0.203 0.345 0.000 0.660 -0.667 0.615 0.000 -0.789 -0.003 0.984 0.000 0.117 0.134 0.683 0.000 -0.730 -0.027 0.987 0.000 0.041 0.157 
0.999 -0.020 0.026 0.007 0.752 0.000 -0.658 -0.027 0.983 0.000 -0.106 -0.149 0.976 0.000 -0.090 -0.199 0.343 0.000 0.663 -0.665 0.615 0.000 -0.789 -0.003 0.984 0.000 0.117 0.134 0.683 0.000 -0.730 -0.026 0.987 -0.000 0.040 0.156 
0.999 -0.020 0.026 0.006 0.752 0.000 -0.658 -0.027 0.983 0.000 -0.106 -0.149 0.977 0.000 -0.092 -0.194 0.341 0.000 0.665 -0.664 0.615 0.000 -0.788 -0.003 0.984 0.000 0.116 0.134 0.683 0.000 -0.730 -0.026 0.987 -0.000 0.041 0.157 
0.999 -0.020 0.026 0.006 0.752 0.000 -0.658 -0.027 0.983 0.000 -0.106 -0.149 0.977 0.000 -0.094 -0.190 0.339 0.000 0.668 -0.663 0.615 0.000 -0.789 -0.002 0.984 -0.000 0.117 0.134 0.683 0.000 -0.730 -0.026 0.987 0.000 0.041 0.157 
