# T   LUA LFA RUA RFA LT  LS  RT  RS  
1.000 0.007 -0.019 0.004 0.693 0.000 -0.707 0.138 0.974 0.000 0.117 -0.193 0.784 0.000 -0.609 0.123 0.980 -0.000 -0.066 -0.187 0.685 0.000 -0.727 0.048 0.999 0.000 -0.010 0.041 0.713 0.000 -0.701 -0.034 0.998 0.000 -0.002 0.071 
1.000 0.008 -0.019 0.002 0.693 0.000 -0.707 0.139 0.974 0.000 0.115 -0.193 0.784 0.000 -0.609 0.122 0.980 0.000 -0.065 -0.189 0.685 0.000 -0.727 0.047 0.999 0.000 -0.009 0.040 0.713 0.000 -0.701 -0.033 0.998 -0.000 -0.002 0.068 
1.000 0.008 -0.019 0.001 0.693 0.000 -0.708 0.139 0.975 0.000 0.112 -0.193 0.784 0.000 -0.609 0.123 0.979 0.000 -0.065 -0.192 0.684 0.000 -0.728 0.047 0.999 0.000 -0.008 0.040 0.713 -0.000 -0.700 -0.032 0.998 -0.000 -0.002 0.066 
1.000 0.009 -0.020 -0.001 0.693 0.000 -0.707 0.139 0.975 0.000 0.109 -0.193 0.784 -0.000 -0.609 0.123 0.978 0.000 -0.064 -0.196 0.684 0.000 -0.728 0.047 0.999 0.000 -0.007 0.039 0.713 0.000 -0.700 -0.030 0.998 0.000 -0.001 0.063 
1.000 0.009 -0.020 -0.003 0.694 0.000 -0.706 0.138 0.976 0.000 0.106 -0.192 0.784 0.000 -0.609 0.123 0.978 0.000 -0.063 -0.198 0.684 0.000 -0.728 0.046 0.999 0.000 -0.007 0.039 0.713 0.000 -0.700 -0.028 0.998 0.000 -0.001 0.060 
1.000 0.009 -0.020 -0.004 0.695 -0.000 -0.706 0.136 0.976 0.000 0.102 -0.190 0.783 0.000 -0.609 0.124 0.977 -0.000 -0.063 -0.201 0.685 0.000 -0.727 0.046 0.999 -0.000 -0.007 0.039 0.713 -0.000 -0.700 -0.027 0.998 0.000 -0.000 0.057 
1.000 0.009 -0.020 -0.006 0.696 0.000 -0.705 0.135 0.977 0.000 0.098 -0.189 0.783 0.000 -0.609 0.124 0.977 0.000 -0.062 -0.205 0.685 -0.000 -0.727 0.046 0.999 0.000 -0.007 0.039 0.714 0.000 -0.700 -0.025 0.998 0.000 -0.001 0.057 
1.000 0.009 -0.020 -0.008 0.697 0.000 -0.704 0.133 0.978 0.000 0.095 -0.186 0.783 0.000 -0.609 0.125 0.976 0.000 -0.061 -0.208 0.685 0.000 -0.727 0.046 0.999 0.000 -0.008 0.040 0.714 0.000 -0.700 -0.024 0.999 -0.000 -0.001 0.054 
1.000 0.009 -0.020 -0.009 0.699 0.000 -0.703 0.130 0.979 0.000 0.091 -0.185 0.783 0.000 -0.609 0.127 0.975 0.000 -0.061 -0.212 0.686 0.000 -0.726 0.045 0.999 0.000 -0.008 0.040 0.714 0.000 -0.700 -0.023 0.999 0.000 -0.000 0.054 
1.000 0.008 -0.020 -0.011 0.700 0.000 -0.702 0.128 0.979 0.000 0.088 -0.184 0.782 0.000 -0.610 0.128 0.974 0.000 -0.061 -0.216 0.687 0.000 -0.726 0.045 0.999 0.000 -0.009 0.041 0.714 0.000 -0.700 -0.023 0.999 0.000 -0.000 0.053 
1.000 0.008 -0.020 -0.012 0.701 0.000 -0.702 0.125 0.980 0.000 0.085 -0.182 0.782 0.000 -0.610 0.129 0.974 0.000 -0.060 -0.220 0.687 0.000 -0.725 0.046 0.999 0.000 -0.010 0.041 0.714 -0.000 -0.699 -0.022 0.999 0.000 0.001 0.053 
1.000 0.008 -0.020 -0.013 0.702 -0.000 -0.702 0.123 0.980 -0.000 0.082 -0.182 0.782 -0.000 -0.610 0.130 0.973 -0.000 -0.059 -0.223 0.688 0.000 -0.725 0.045 0.999 0.000 -0.011 0.042 0.714 0.000 -0.700 -0.022 0.999 0.000 0.002 0.053 
1.000 0.007 -0.020 -0.014 0.703 0.000 -0.701 0.120 0.980 -0.000 0.079 -0.182 0.781 0.000 -0.610 0.131 0.972 -0.000 -0.058 -0.227 0.688 0.000 -0.724 0.045 0.999 0.000 -0.011 0.043 0.714 0.000 -0.700 -0.022 0.998 0.000 0.002 0.055 
1.000 0.007 -0.021 -0.015 0.704 0.000 -0.701 0.118 0.980 -0.000 0.076 -0.183 0.781 0.000 -0.610 0.133 0.971 -0.000 -0.058 -0.230 0.689 0.000 -0.723 0.046 0.999 -0.000 -0.012 0.043 0.714 0.000 -0.700 -0.022 0.999 0.000 0.003 0.053 
1.000 0.007 -0.021 -0.015 0.705 -0.000 -0.700 0.114 0.980 -0.000 0.074 -0.184 0.781 0.000 -0.610 0.134 0.971 0.000 -0.058 -0.233 0.690 0.000 -0.723 0.046 0.999 0.000 -0.012 0.044 0.714 -0.000 -0.700 -0.022 0.999 0.000 0.004 0.054 
1.000 0.007 -0.021 -0.016 0.705 0.000 -0.700 0.112 0.980 0.000 0.071 -0.185 0.781 0.000 -0.610 0.135 0.970 0.000 -0.057 -0.237 0.690 0.000 -0.723 0.046 0.999 0.000 -0.012 0.045 0.714 0.000 -0.700 -0.022 0.999 0.000 0.007 0.054 
1.000 0.006 -0.021 -0.017 0.706 0.000 -0.700 0.109 0.980 0.000 0.068 -0.186 0.780 0.000 -0.610 0.136 0.969 -0.000 -0.057 -0.240 0.690 0.000 -0.722 0.046 0.999 0.000 -0.012 0.046 0.713 0.000 -0.701 -0.022 0.999 0.000 0.008 0.053 
1.000 0.006 -0.021 -0.017 0.707 0.000 -0.699 0.107 0.980 0.000 0.066 -0.188 0.780 -0.000 -0.611 0.137 0.968 0.000 -0.056 -0.243 0.690 0.000 -0.722 0.046 0.999 0.000 -0.012 0.047 0.713 0.000 -0.701 -0.022 0.999 0.000 0.009 0.054 
1.000 0.006 -0.021 -0.017 0.708 0.000 -0.699 0.105 0.980 0.000 0.063 -0.191 0.780 0.000 -0.611 0.138 0.967 -0.000 -0.056 -0.247 0.691 0.000 -0.722 0.046 0.999 0.000 -0.012 0.048 0.713 -0.000 -0.701 -0.023 0.998 -0.000 0.010 0.055 
1.000 0.005 -0.022 -0.016 0.708 0.000 -0.698 0.103 0.979 0.000 0.061 -0.193 0.780 0.000 -0.610 0.138 0.967 0.000 -0.056 -0.249 0.691 0.000 -0.721 0.047 0.999 0.000 -0.012 0.048 0.712 0.000 -0.701 -0.023 0.998 0.000 0.011 0.054 
1.000 0.005 -0.022 -0.016 0.708 0.000 -0.698 0.102 0.979 -0.000 0.060 -0.194 0.780 0.000 -0.611 0.138 0.966 0.000 -0.056 -0.251 0.691 0.000 -0.721 0.048 0.999 0.000 -0.012 0.049 0.712 0.000 -0.702 -0.022 0.998 -0.000 0.012 0.055 
1.000 0.004 -0.022 -0.016 0.709 0.000 -0.698 0.100 0.979 0.000 0.058 -0.195 0.780 -0.000 -0.611 0.139 0.966 0.000 -0.056 -0.253 0.691 0.000 -0.721 0.049 0.999 0.000 -0.012 0.049 0.712 -0.000 -0.702 -0.022 0.998 0.000 0.013 0.055 
1.000 0.004 -0.022 -0.017 0.710 0.000 -0.697 0.097 0.979 0.000 0.056 -0.198 0.779 -0.000 -0.611 0.138 0.965 0.000 -0.055 -0.255 0.692 0.000 -0.720 0.047 0.999 0.000 -0.011 0.052 0.712 0.000 -0.702 -0.023 0.998 0.000 0.012 0.057 
1.000 0.004 -0.022 -0.017 0.711 0.000 -0.697 0.095 0.978 0.000 0.054 -0.200 0.779 0.000 -0.611 0.137 0.965 0.000 -0.055 -0.257 0.692 0.000 -0.720 0.047 0.999 0.000 -0.011 0.053 0.711 0.000 -0.703 -0.023 0.998 0.000 0.013 0.057 
1.000 0.003 -0.022 -0.017 0.712 0.000 -0.696 0.093 0.978 0.000 0.053 -0.201 0.779 0.000 -0.612 0.137 0.965 -0.000 -0.054 -0.258 0.692 0.000 -0.720 0.048 0.998 0.000 -0.011 0.054 0.711 0.000 -0.703 -0.022 0.998 0.000 0.013 0.059 
1.000 0.003 -0.022 -0.017 0.712 0.000 -0.696 0.090 0.978 0.000 0.052 -0.202 0.779 0.000 -0.612 0.137 0.964 0.000 -0.054 -0.260 0.693 0.000 -0.719 0.049 0.998 0.000 -0.011 0.055 0.711 0.000 -0.703 -0.022 0.998 0.000 0.012 0.061 
1.000 0.002 -0.022 -0.017 0.713 0.000 -0.696 0.088 0.978 0.000 0.050 -0.204 0.779 -0.000 -0.612 0.136 0.964 0.000 -0.053 -0.261 0.693 0.000 -0.719 0.050 0.998 0.000 -0.012 0.056 0.711 -0.000 -0.703 -0.022 0.998 0.000 0.011 0.063 
1.000 0.001 -0.022 -0.016 0.713 0.000 -0.696 0.086 0.977 0.000 0.050 -0.205 0.779 0.000 -0.612 0.136 0.964 0.000 -0.053 -0.261 0.693 -0.000 -0.719 0.052 0.998 0.000 -0.010 0.057 0.711 0.000 -0.703 -0.021 0.998 0.000 0.011 0.063 
1.000 0.001 -0.022 -0.016 0.713 0.000 -0.696 0.084 0.977 0.000 0.050 -0.206 0.779 0.000 -0.612 0.136 0.963 0.000 -0.053 -0.263 0.693 0.000 -0.719 0.053 0.998 -0.000 -0.010 0.057 0.710 -0.000 -0.703 -0.019 0.998 0.000 0.010 0.064 
1.000 -0.000 -0.023 -0.015 0.713 0.000 -0.696 0.081 0.977 0.000 0.050 -0.207 0.779 0.000 -0.612 0.136 0.963 0.000 -0.052 -0.264 0.693 0.000 -0.719 0.055 0.998 -0.000 -0.011 0.058 0.711 0.000 -0.703 -0.019 0.998 0.000 0.009 0.066 
1.000 -0.001 -0.023 -0.015 0.714 0.000 -0.696 0.079 0.977 0.000 0.049 -0.207 0.779 0.000 -0.612 0.135 0.963 0.000 -0.052 -0.264 0.693 0.000 -0.718 0.057 0.998 0.000 -0.009 0.058 0.710 0.000 -0.704 -0.017 0.998 0.000 0.009 0.067 
1.000 -0.002 -0.023 -0.015 0.714 0.000 -0.696 0.077 0.977 0.000 0.050 -0.208 0.779 0.000 -0.612 0.135 0.963 0.000 -0.051 -0.265 0.693 0.000 -0.718 0.058 0.998 0.000 -0.009 0.060 0.710 -0.000 -0.704 -0.016 0.998 0.000 0.009 0.068 
1.000 -0.003 -0.023 -0.014 0.714 0.000 -0.697 0.074 0.977 0.000 0.051 -0.209 0.779 0.000 -0.612 0.136 0.963 0.000 -0.050 -0.266 0.694 -0.000 -0.718 0.060 0.998 0.000 -0.010 0.060 0.710 0.000 -0.704 -0.014 0.998 0.000 0.008 0.069 
1.000 -0.004 -0.024 -0.013 0.714 0.000 -0.697 0.072 0.976 0.000 0.051 -0.209 0.779 0.000 -0.612 0.136 0.963 0.000 -0.050 -0.266 0.693 -0.000 -0.718 0.063 0.998 0.000 -0.008 0.061 0.710 -0.000 -0.704 -0.013 0.997 -0.000 0.007 0.071 
1.000 -0.006 -0.024 -0.012 0.714 -0.000 -0.697 0.070 0.976 0.000 0.052 -0.209 0.779 0.000 -0.612 0.137 0.963 0.000 -0.049 -0.267 0.694 0.000 -0.717 0.066 0.998 0.000 -0.008 0.061 0.710 0.000 -0.704 -0.010 0.997 -0.000 0.008 0.072 
1.000 -0.007 -0.024 -0.011 0.714 0.000 -0.697 0.068 0.976 0.000 0.052 -0.210 0.778 -0.000 -0.612 0.138 0.962 0.000 -0.049 -0.267 0.693 -0.000 -0.717 0.069 0.998 0.000 -0.008 0.062 0.710 0.000 -0.704 -0.006 0.998 -0.000 0.008 0.070 
1.000 -0.009 -0.025 -0.009 0.714 0.000 -0.697 0.066 0.976 0.000 0.053 -0.210 0.779 0.000 -0.612 0.139 0.962 0.000 -0.050 -0.267 0.693 0.000 -0.717 0.073 0.998 -0.000 -0.008 0.062 0.710 0.000 -0.704 -0.004 0.997 0.000 0.009 0.072 
1.000 -0.010 -0.024 -0.007 0.715 0.000 -0.696 0.064 0.976 0.000 0.054 -0.211 0.778 -0.000 -0.613 0.139 0.963 0.000 -0.049 -0.266 0.694 0.000 -0.716 0.075 0.998 0.000 -0.006 0.064 0.709 -0.000 -0.705 -0.001 0.997 0.000 0.009 0.073 
1.000 -0.012 -0.024 -0.006 0.715 0.000 -0.696 0.061 0.976 0.000 0.055 -0.211 0.778 0.000 -0.613 0.140 0.963 0.000 -0.049 -0.267 0.694 0.000 -0.716 0.077 0.998 0.000 -0.006 0.066 0.709 -0.000 -0.706 0.002 0.997 0.000 0.009 0.074 
1.000 -0.013 -0.024 -0.005 0.715 0.000 -0.696 0.059 0.976 0.000 0.056 -0.211 0.778 0.000 -0.613 0.141 0.962 0.000 -0.049 -0.267 0.694 0.000 -0.716 0.079 0.998 0.000 -0.004 0.069 0.709 0.000 -0.706 0.005 0.997 -0.000 0.009 0.075 
1.000 -0.015 -0.024 -0.004 0.716 0.000 -0.696 0.057 0.976 0.000 0.057 -0.212 0.777 0.000 -0.613 0.143 0.962 0.000 -0.050 -0.268 0.694 0.000 -0.716 0.081 0.997 0.000 -0.004 0.072 0.708 0.000 -0.706 0.008 0.997 0.000 0.009 0.075 
1.000 -0.017 -0.025 -0.002 0.716 0.000 -0.696 0.055 0.976 0.000 0.058 -0.212 0.777 0.000 -0.613 0.143 0.962 0.000 -0.049 -0.267 0.694 -0.000 -0.715 0.083 0.997 0.000 -0.002 0.075 0.708 0.000 -0.706 0.011 0.997 0.000 0.008 0.076 
1.000 -0.019 -0.025 0.000 0.716 0.000 -0.696 0.053 0.975 0.000 0.058 -0.213 0.777 0.000 -0.613 0.145 0.962 0.000 -0.050 -0.267 0.694 0.000 -0.715 0.085 0.997 -0.000 -0.002 0.078 0.709 0.000 -0.705 0.014 0.997 -0.000 0.007 0.078 
0.999 -0.021 -0.025 0.002 0.717 0.000 -0.695 0.052 0.975 0.000 0.059 -0.213 0.777 0.000 -0.613 0.146 0.962 0.000 -0.051 -0.268 0.693 0.000 -0.715 0.087 0.997 0.000 -0.002 0.083 0.707 0.000 -0.707 0.021 0.997 0.000 0.012 0.073 
0.999 -0.023 -0.025 0.004 0.717 -0.000 -0.695 0.050 0.975 0.000 0.060 -0.214 0.777 0.000 -0.612 0.148 0.962 0.000 -0.051 -0.267 0.693 0.000 -0.715 0.088 0.996 -0.000 0.000 0.087 0.707 0.000 -0.706 0.026 0.997 0.000 0.013 0.073 
0.999 -0.025 -0.025 0.007 0.717 0.000 -0.695 0.049 0.975 0.000 0.061 -0.215 0.777 0.000 -0.612 0.149 0.962 -0.000 -0.052 -0.267 0.693 -0.000 -0.715 0.089 0.996 0.000 0.000 0.092 0.707 0.000 -0.706 0.030 0.997 0.000 0.012 0.075 
0.999 -0.027 -0.026 0.009 0.718 0.000 -0.694 0.048 0.975 0.000 0.061 -0.215 0.776 0.000 -0.612 0.151 0.962 0.000 -0.052 -0.267 0.693 -0.000 -0.715 0.090 0.995 0.000 0.001 0.098 0.708 0.000 -0.706 0.033 0.997 -0.000 0.012 0.076 
0.999 -0.029 -0.026 0.011 0.718 0.000 -0.694 0.047 0.974 0.000 0.062 -0.216 0.776 0.000 -0.612 0.153 0.962 0.000 -0.054 -0.268 0.693 -0.000 -0.715 0.091 0.995 0.000 0.001 0.104 0.708 0.000 -0.706 0.038 0.997 0.000 0.012 0.077 
0.999 -0.031 -0.026 0.013 0.719 -0.000 -0.693 0.046 0.974 -0.000 0.063 -0.218 0.776 0.000 -0.612 0.154 0.962 0.000 -0.054 -0.269 0.693 0.000 -0.715 0.089 0.994 0.000 0.001 0.111 0.707 0.000 -0.706 0.041 0.997 0.000 0.012 0.077 
0.999 -0.033 -0.026 0.015 0.720 0.000 -0.693 0.045 0.974 -0.000 0.064 -0.219 0.776 0.000 -0.611 0.156 0.961 0.000 -0.055 -0.269 0.693 0.000 -0.715 0.087 0.993 0.000 0.001 0.119 0.708 0.000 -0.705 0.045 0.997 0.000 0.011 0.078 
0.999 -0.034 -0.025 0.016 0.721 -0.000 -0.692 0.043 0.973 0.000 0.065 -0.221 0.775 0.000 -0.612 0.157 0.961 0.000 -0.056 -0.270 0.694 0.000 -0.715 0.082 0.992 -0.000 0.000 0.128 0.708 -0.000 -0.705 0.047 0.997 0.000 0.011 0.079 
0.999 -0.036 -0.025 0.018 0.721 0.000 -0.691 0.042 0.973 0.000 0.065 -0.223 0.775 0.000 -0.612 0.159 0.961 0.000 -0.056 -0.271 0.694 0.000 -0.715 0.079 0.990 0.000 -0.001 0.139 0.708 -0.000 -0.705 0.049 0.997 0.000 0.011 0.079 
0.999 -0.037 -0.025 0.020 0.722 -0.000 -0.691 0.042 0.972 0.000 0.066 -0.226 0.775 0.000 -0.611 0.160 0.961 -0.000 -0.058 -0.271 0.695 0.000 -0.716 0.074 0.989 0.000 -0.002 0.148 0.708 -0.000 -0.704 0.052 0.997 0.000 0.010 0.082 
0.999 -0.039 -0.025 0.021 0.723 0.000 -0.690 0.041 0.971 0.000 0.067 -0.228 0.775 0.000 -0.611 0.162 0.960 0.000 -0.059 -0.273 0.695 0.000 -0.716 0.069 0.987 -0.000 -0.003 0.158 0.708 0.000 -0.704 0.052 0.996 0.000 0.009 0.085 
0.999 -0.040 -0.025 0.023 0.723 0.000 -0.690 0.041 0.971 0.000 0.068 -0.231 0.775 0.000 -0.610 0.163 0.960 -0.000 -0.060 -0.273 0.695 0.000 -0.717 0.064 0.986 0.000 -0.004 0.169 0.708 -0.000 -0.704 0.056 0.996 0.000 0.009 0.085 
0.999 -0.041 -0.026 0.025 0.723 0.000 -0.689 0.041 0.970 0.000 0.069 -0.234 0.775 0.000 -0.610 0.164 0.960 0.000 -0.061 -0.273 0.694 0.000 -0.717 0.057 0.983 0.000 -0.004 0.181 0.709 0.000 -0.703 0.057 0.996 0.000 0.009 0.087 
0.998 -0.042 -0.026 0.026 0.724 0.000 -0.689 0.042 0.969 0.000 0.070 -0.237 0.776 0.000 -0.609 0.165 0.960 0.000 -0.063 -0.272 0.694 0.000 -0.719 0.049 0.981 -0.000 -0.004 0.194 0.709 0.000 -0.703 0.059 0.996 0.000 0.009 0.089 
0.998 -0.044 -0.027 0.028 0.724 0.000 -0.689 0.042 0.968 0.000 0.071 -0.239 0.776 0.000 -0.608 0.166 0.960 0.000 -0.064 -0.272 0.692 0.000 -0.721 0.039 0.978 0.000 -0.004 0.209 0.710 0.000 -0.702 0.060 0.996 0.000 0.009 0.090 
0.998 -0.044 -0.027 0.030 0.724 0.000 -0.688 0.043 0.968 0.000 0.070 -0.243 0.776 0.000 -0.608 0.166 0.960 0.000 -0.063 -0.271 0.690 0.000 -0.723 0.027 0.974 0.000 -0.003 0.226 0.710 0.000 -0.701 0.062 0.996 0.000 0.008 0.092 
0.998 -0.046 -0.028 0.033 0.724 -0.000 -0.688 0.045 0.967 0.000 0.071 -0.246 0.777 0.000 -0.607 0.167 0.961 0.000 -0.065 -0.270 0.687 0.000 -0.726 0.017 0.970 0.000 -0.003 0.242 0.711 0.000 -0.700 0.063 0.996 0.000 0.008 0.093 
0.998 -0.047 -0.029 0.035 0.724 0.000 -0.688 0.047 0.966 0.000 0.071 -0.248 0.777 0.000 -0.607 0.167 0.961 0.000 -0.065 -0.270 0.685 0.000 -0.728 0.004 0.966 -0.000 -0.004 0.258 0.712 0.000 -0.700 0.065 0.995 0.000 0.008 0.095 
0.998 -0.048 -0.030 0.037 0.724 0.000 -0.688 0.048 0.965 0.000 0.073 -0.251 0.777 0.000 -0.607 0.167 0.961 0.000 -0.065 -0.269 0.683 0.000 -0.731 -0.009 0.961 -0.000 -0.008 0.275 0.712 0.000 -0.699 0.066 0.995 0.000 0.008 0.097 
0.998 -0.048 -0.030 0.039 0.724 0.000 -0.688 0.050 0.964 0.000 0.073 -0.255 0.778 0.000 -0.606 0.168 0.961 0.000 -0.066 -0.268 0.681 -0.000 -0.732 -0.024 0.957 0.000 -0.015 0.291 0.713 0.000 -0.698 0.067 0.995 0.000 0.008 0.098 
0.997 -0.049 -0.031 0.041 0.724 0.000 -0.688 0.052 0.963 0.000 0.075 -0.257 0.777 0.000 -0.606 0.169 0.961 0.000 -0.066 -0.268 0.682 0.000 -0.731 -0.038 0.952 0.000 -0.027 0.305 0.714 -0.000 -0.697 0.067 0.995 0.000 0.006 0.101 
0.997 -0.049 -0.032 0.043 0.723 0.000 -0.688 0.054 0.963 0.000 0.075 -0.260 0.778 0.000 -0.605 0.169 0.961 0.000 -0.067 -0.269 0.683 0.000 -0.729 -0.051 0.948 0.000 -0.040 0.315 0.715 0.000 -0.696 0.068 0.995 0.000 0.006 0.103 
0.997 -0.050 -0.033 0.046 0.723 0.000 -0.689 0.057 0.962 0.000 0.077 -0.263 0.778 -0.000 -0.604 0.170 0.961 0.000 -0.068 -0.269 0.683 0.000 -0.727 -0.066 0.944 0.000 -0.053 0.326 0.716 -0.000 -0.695 0.068 0.994 -0.000 0.005 0.105 
0.997 -0.051 -0.034 0.048 0.722 0.000 -0.689 0.060 0.961 0.000 0.077 -0.266 0.779 -0.000 -0.603 0.171 0.961 0.000 -0.069 -0.269 0.683 0.000 -0.726 -0.079 0.941 0.000 -0.064 0.334 0.718 0.000 -0.693 0.069 0.994 0.000 0.004 0.107 
0.997 -0.051 -0.035 0.050 0.721 0.000 -0.690 0.063 0.960 -0.000 0.079 -0.269 0.780 0.000 -0.602 0.172 0.960 -0.000 -0.071 -0.269 0.683 -0.000 -0.725 -0.091 0.937 0.000 -0.075 0.340 0.719 0.000 -0.692 0.070 0.994 0.000 0.003 0.109 
0.997 -0.052 -0.036 0.052 0.721 0.000 -0.690 0.065 0.959 0.000 0.079 -0.271 0.781 0.000 -0.601 0.172 0.960 0.000 -0.073 -0.269 0.683 0.000 -0.724 -0.101 0.936 0.000 -0.084 0.341 0.720 -0.000 -0.690 0.071 0.994 -0.000 0.002 0.111 
0.996 -0.053 -0.038 0.054 0.720 0.000 -0.691 0.067 0.959 -0.000 0.080 -0.272 0.782 0.000 -0.599 0.172 0.960 0.000 -0.074 -0.269 0.682 0.000 -0.723 -0.108 0.936 -0.000 -0.090 0.340 0.722 -0.000 -0.688 0.073 0.994 0.000 0.001 0.113 
0.996 -0.054 -0.039 0.056 0.720 0.000 -0.691 0.070 0.959 0.000 0.080 -0.273 0.783 0.000 -0.598 0.172 0.961 -0.000 -0.074 -0.268 0.681 0.000 -0.723 -0.114 0.937 0.000 -0.095 0.337 0.723 0.000 -0.686 0.075 0.993 0.000 0.001 0.115 
0.996 -0.055 -0.040 0.058 0.719 0.000 -0.691 0.073 0.959 -0.000 0.080 -0.272 0.783 0.000 -0.598 0.171 0.961 -0.000 -0.074 -0.267 0.680 0.000 -0.723 -0.120 0.938 0.000 -0.097 0.333 0.725 0.000 -0.685 0.076 0.993 0.000 -0.000 0.117 
0.996 -0.055 -0.042 0.060 0.719 0.000 -0.691 0.075 0.959 0.000 0.080 -0.272 0.783 0.000 -0.597 0.171 0.961 0.000 -0.075 -0.266 0.679 -0.000 -0.723 -0.126 0.939 0.000 -0.099 0.328 0.726 0.000 -0.683 0.078 0.993 0.000 -0.001 0.117 
0.996 -0.056 -0.043 0.062 0.719 0.000 -0.691 0.078 0.959 0.000 0.081 -0.272 0.784 0.000 -0.597 0.170 0.962 0.000 -0.075 -0.264 0.678 0.000 -0.723 -0.132 0.942 0.000 -0.098 0.322 0.727 0.000 -0.682 0.081 0.993 0.000 -0.001 0.118 
0.995 -0.057 -0.044 0.064 0.718 0.000 -0.691 0.080 0.959 -0.000 0.082 -0.271 0.784 0.000 -0.597 0.170 0.962 0.000 -0.076 -0.264 0.677 0.000 -0.723 -0.137 0.944 0.000 -0.097 0.314 0.728 0.000 -0.680 0.083 0.993 0.000 -0.001 0.120 
0.995 -0.058 -0.045 0.066 0.718 0.000 -0.691 0.082 0.959 0.000 0.082 -0.269 0.784 0.000 -0.597 0.170 0.961 0.000 -0.076 -0.264 0.677 0.000 -0.723 -0.141 0.948 0.000 -0.096 0.305 0.729 0.000 -0.679 0.085 0.993 0.000 0.000 0.120 
0.995 -0.059 -0.045 0.069 0.718 0.000 -0.691 0.085 0.960 0.000 0.083 -0.269 0.784 0.000 -0.597 0.170 0.961 0.000 -0.078 -0.264 0.676 -0.000 -0.722 -0.145 0.951 0.000 -0.093 0.294 0.729 0.000 -0.679 0.087 0.993 0.000 0.001 0.121 
0.995 -0.059 -0.046 0.071 0.717 0.000 -0.691 0.087 0.960 -0.000 0.085 -0.267 0.784 0.000 -0.597 0.171 0.961 0.000 -0.079 -0.265 0.675 0.000 -0.722 -0.149 0.956 0.000 -0.089 0.281 0.730 0.000 -0.678 0.089 0.992 0.000 0.002 0.123 
0.994 -0.059 -0.047 0.073 0.717 0.000 -0.691 0.091 0.960 0.000 0.085 -0.267 0.785 -0.000 -0.596 0.171 0.960 0.000 -0.081 -0.267 0.674 0.000 -0.722 -0.152 0.960 0.000 -0.083 0.268 0.730 0.000 -0.677 0.090 0.992 0.000 0.003 0.125 
0.994 -0.060 -0.048 0.076 0.716 -0.000 -0.691 0.094 0.960 0.000 0.087 -0.267 0.785 0.000 -0.596 0.171 0.960 0.000 -0.082 -0.268 0.674 -0.000 -0.722 -0.155 0.964 0.000 -0.077 0.254 0.731 0.000 -0.677 0.091 0.992 0.000 0.004 0.125 
0.994 -0.060 -0.048 0.078 0.716 0.000 -0.691 0.097 0.960 0.000 0.088 -0.265 0.785 0.000 -0.595 0.171 0.959 -0.000 -0.084 -0.269 0.674 0.000 -0.722 -0.159 0.968 0.000 -0.069 0.241 0.731 0.000 -0.677 0.093 0.992 0.000 0.005 0.126 
0.994 -0.060 -0.048 0.080 0.716 -0.000 -0.690 0.100 0.960 0.000 0.089 -0.264 0.785 -0.000 -0.595 0.171 0.959 -0.000 -0.087 -0.271 0.673 0.000 -0.721 -0.162 0.972 0.000 -0.062 0.227 0.730 0.000 -0.677 0.094 0.992 0.000 0.007 0.128 
0.993 -0.061 -0.049 0.084 0.716 0.000 -0.690 0.104 0.960 0.000 0.090 -0.263 0.786 0.000 -0.595 0.171 0.958 0.000 -0.089 -0.272 0.674 0.000 -0.720 -0.164 0.976 0.000 -0.056 0.212 0.731 0.000 -0.676 0.095 0.992 -0.000 0.008 0.129 
0.993 -0.060 -0.048 0.086 0.716 0.000 -0.690 0.108 0.961 0.000 0.091 -0.263 0.785 0.000 -0.595 0.171 0.957 0.000 -0.091 -0.274 0.675 0.000 -0.719 -0.169 0.979 0.000 -0.049 0.199 0.730 0.000 -0.677 0.095 0.991 0.000 0.010 0.132 
0.993 -0.060 -0.048 0.089 0.716 0.000 -0.689 0.111 0.961 0.000 0.092 -0.260 0.785 0.000 -0.596 0.170 0.957 -0.000 -0.093 -0.275 0.676 0.000 -0.716 -0.174 0.981 0.000 -0.045 0.187 0.730 0.000 -0.677 0.096 0.991 0.000 0.012 0.133 
0.993 -0.060 -0.048 0.092 0.717 0.000 -0.688 0.114 0.961 0.000 0.093 -0.260 0.785 0.000 -0.596 0.169 0.956 -0.000 -0.095 -0.276 0.678 0.000 -0.714 -0.177 0.984 0.000 -0.039 0.172 0.729 0.000 -0.677 0.097 0.991 0.000 0.013 0.135 
0.992 -0.060 -0.047 0.096 0.717 0.000 -0.687 0.118 0.962 0.000 0.094 -0.257 0.785 0.000 -0.596 0.167 0.956 -0.000 -0.097 -0.277 0.679 0.000 -0.712 -0.179 0.987 0.000 -0.032 0.157 0.729 0.000 -0.677 0.097 0.991 0.000 0.015 0.136 
0.992 -0.060 -0.047 0.099 0.717 -0.000 -0.687 0.122 0.962 -0.000 0.095 -0.255 0.785 0.000 -0.597 0.165 0.956 0.000 -0.100 -0.277 0.681 0.000 -0.710 -0.181 0.990 0.000 -0.026 0.142 0.729 0.000 -0.677 0.099 0.990 0.000 0.017 0.137 
0.992 -0.060 -0.047 0.104 0.716 0.000 -0.686 0.127 0.963 0.000 0.096 -0.253 0.786 0.000 -0.597 0.163 0.956 0.000 -0.103 -0.276 0.683 0.000 -0.708 -0.180 0.992 0.000 -0.021 0.127 0.729 0.000 -0.677 0.100 0.990 0.000 0.019 0.139 
0.991 -0.060 -0.046 0.107 0.716 0.000 -0.686 0.130 0.963 0.000 0.097 -0.252 0.786 0.000 -0.597 0.161 0.955 0.000 -0.105 -0.276 0.686 0.000 -0.704 -0.184 0.994 0.000 -0.016 0.111 0.729 0.000 -0.677 0.101 0.990 0.000 0.020 0.140 
0.991 -0.060 -0.045 0.110 0.716 0.000 -0.685 0.135 0.963 0.000 0.098 -0.251 0.786 -0.000 -0.598 0.159 0.955 0.000 -0.107 -0.276 0.688 0.000 -0.701 -0.188 0.995 0.000 -0.012 0.101 0.729 0.000 -0.677 0.101 0.990 -0.000 0.021 0.142 
0.991 -0.060 -0.044 0.114 0.716 0.000 -0.684 0.138 0.964 0.000 0.099 -0.247 0.786 0.000 -0.598 0.156 0.955 -0.000 -0.110 -0.276 0.690 0.000 -0.698 -0.190 0.996 0.000 -0.007 0.088 0.729 0.000 -0.677 0.103 0.990 0.000 0.022 0.143 
0.990 -0.060 -0.043 0.118 0.716 -0.000 -0.683 0.142 0.964 0.000 0.100 -0.245 0.786 0.000 -0.599 0.153 0.955 0.000 -0.112 -0.276 0.692 0.000 -0.696 -0.191 0.997 0.000 -0.001 0.076 0.728 0.000 -0.677 0.104 0.989 0.000 0.023 0.144 
0.990 -0.059 -0.042 0.121 0.716 0.000 -0.683 0.146 0.965 0.000 0.101 -0.243 0.786 0.000 -0.600 0.151 0.955 -0.000 -0.114 -0.275 0.695 -0.000 -0.693 -0.193 0.998 -0.000 0.003 0.067 0.728 -0.000 -0.677 0.105 0.989 0.000 0.024 0.145 
0.990 -0.059 -0.041 0.125 0.716 0.000 -0.682 0.151 0.965 0.000 0.101 -0.242 0.786 0.000 -0.601 0.148 0.955 0.000 -0.115 -0.275 0.696 0.000 -0.691 -0.196 0.998 0.000 0.008 0.059 0.728 0.000 -0.677 0.107 0.989 0.000 0.025 0.146 
0.989 -0.059 -0.041 0.128 0.715 0.000 -0.682 0.155 0.965 0.000 0.102 -0.240 0.786 -0.000 -0.601 0.145 0.955 0.000 -0.117 -0.274 0.698 0.000 -0.688 -0.199 0.999 0.000 0.012 0.052 0.728 0.000 -0.677 0.108 0.989 -0.000 0.026 0.147 
0.989 -0.059 -0.040 0.132 0.714 0.000 -0.681 0.159 0.966 0.000 0.103 -0.238 0.786 0.000 -0.602 0.143 0.954 0.000 -0.119 -0.274 0.700 0.000 -0.686 -0.201 0.999 0.000 0.016 0.045 0.728 0.000 -0.677 0.109 0.988 0.000 0.027 0.149 
0.988 -0.059 -0.039 0.136 0.714 0.000 -0.681 0.163 0.966 0.000 0.104 -0.237 0.786 -0.000 -0.602 0.140 0.954 0.000 -0.121 -0.274 0.702 0.000 -0.683 -0.204 0.999 0.000 0.019 0.040 0.728 0.000 -0.676 0.109 0.988 0.000 0.028 0.151 
0.988 -0.058 -0.039 0.141 0.713 0.000 -0.682 0.166 0.966 0.000 0.106 -0.235 0.786 -0.000 -0.603 0.136 0.954 0.000 -0.122 -0.273 0.703 -0.000 -0.679 -0.209 0.999 -0.000 0.020 0.036 0.730 0.000 -0.675 0.107 0.988 0.000 0.028 0.154 
0.987 -0.058 -0.039 0.144 0.711 0.000 -0.682 0.170 0.966 0.000 0.107 -0.234 0.787 0.000 -0.602 0.133 0.954 0.000 -0.123 -0.272 0.705 -0.000 -0.677 -0.211 0.999 0.000 0.021 0.031 0.730 0.000 -0.675 0.108 0.987 0.000 0.030 0.156 
0.987 -0.058 -0.039 0.147 0.710 0.000 -0.682 0.174 0.966 0.000 0.108 -0.233 0.787 0.000 -0.603 0.131 0.954 0.000 -0.123 -0.272 0.707 0.000 -0.675 -0.214 0.999 0.000 0.021 0.028 0.731 0.000 -0.674 0.110 0.987 -0.000 0.031 0.157 
0.986 -0.058 -0.039 0.151 0.708 0.000 -0.683 0.179 0.966 0.000 0.111 -0.234 0.787 -0.000 -0.603 0.129 0.955 0.000 -0.124 -0.271 0.708 0.000 -0.672 -0.216 0.999 0.000 0.021 0.024 0.731 0.000 -0.673 0.111 0.987 0.000 0.032 0.158 
0.986 -0.058 -0.039 0.154 0.706 0.000 -0.684 0.183 0.966 0.000 0.112 -0.233 0.788 0.000 -0.603 0.127 0.955 0.000 -0.125 -0.271 0.710 0.000 -0.670 -0.218 1.000 0.000 0.019 0.021 0.732 -0.000 -0.673 0.112 0.986 0.000 0.034 0.160 
0.985 -0.058 -0.039 0.158 0.704 0.000 -0.685 0.187 0.966 0.000 0.115 -0.233 0.789 0.000 -0.602 0.124 0.955 0.000 -0.126 -0.268 0.711 0.000 -0.668 -0.219 1.000 -0.000 0.018 0.017 0.732 -0.000 -0.671 0.113 0.986 0.000 0.035 0.163 
0.984 -0.058 -0.039 0.162 0.702 0.000 -0.686 0.192 0.965 0.000 0.117 -0.234 0.789 0.000 -0.602 0.122 0.955 0.000 -0.127 -0.267 0.713 0.000 -0.665 -0.220 1.000 0.000 0.016 0.014 0.733 0.000 -0.671 0.114 0.986 -0.000 0.038 0.165 
0.984 -0.058 -0.040 0.166 0.700 0.000 -0.687 0.196 0.965 0.000 0.119 -0.234 0.790 0.000 -0.602 0.119 0.956 0.000 -0.128 -0.265 0.714 0.000 -0.664 -0.221 1.000 0.000 0.015 0.012 0.734 0.000 -0.670 0.115 0.985 0.000 0.040 0.167 
0.983 -0.058 -0.040 0.171 0.698 -0.000 -0.688 0.201 0.965 0.000 0.121 -0.235 0.790 -0.000 -0.601 0.117 0.956 -0.000 -0.128 -0.264 0.716 0.000 -0.663 -0.220 1.000 0.000 0.014 0.009 0.734 0.000 -0.669 0.115 0.985 0.000 0.043 0.169 
0.982 -0.058 -0.040 0.175 0.696 0.000 -0.689 0.205 0.964 0.000 0.124 -0.235 0.791 -0.000 -0.601 0.115 0.956 -0.000 -0.129 -0.262 0.717 0.000 -0.661 -0.221 1.000 0.000 0.012 0.007 0.735 -0.000 -0.668 0.116 0.984 0.000 0.046 0.172 
0.981 -0.057 -0.039 0.180 0.694 0.000 -0.689 0.209 0.964 0.000 0.125 -0.235 0.791 -0.000 -0.601 0.113 0.956 0.000 -0.131 -0.261 0.719 0.000 -0.659 -0.221 1.000 -0.000 0.010 0.005 0.735 0.000 -0.668 0.117 0.984 0.000 0.051 0.173 
0.981 -0.057 -0.039 0.184 0.692 0.000 -0.690 0.213 0.963 0.000 0.128 -0.236 0.792 0.000 -0.600 0.111 0.957 0.000 -0.132 -0.260 0.721 0.000 -0.657 -0.220 1.000 0.000 0.010 0.005 0.735 0.000 -0.668 0.118 0.983 0.000 0.054 0.174 
0.980 -0.057 -0.038 0.188 0.691 0.000 -0.690 0.217 0.963 0.000 0.130 -0.236 0.792 -0.000 -0.600 0.109 0.957 0.000 -0.133 -0.259 0.722 0.000 -0.656 -0.219 1.000 0.000 0.010 0.006 0.735 0.000 -0.668 0.119 0.983 0.000 0.059 0.176 
0.979 -0.057 -0.037 0.192 0.690 0.000 -0.690 0.220 0.963 0.000 0.131 -0.235 0.792 0.000 -0.601 0.107 0.957 0.000 -0.134 -0.257 0.724 0.000 -0.654 -0.218 1.000 0.000 0.010 0.007 0.734 -0.000 -0.668 0.121 0.982 0.000 0.063 0.177 
0.978 -0.057 -0.037 0.196 0.688 0.000 -0.690 0.224 0.963 0.000 0.133 -0.236 0.793 -0.000 -0.600 0.105 0.957 -0.000 -0.135 -0.256 0.726 0.000 -0.653 -0.216 1.000 0.000 0.011 0.007 0.733 0.000 -0.669 0.122 0.982 0.000 0.068 0.178 
0.977 -0.057 -0.035 0.201 0.687 0.000 -0.691 0.226 0.962 0.000 0.136 -0.236 0.793 -0.000 -0.600 0.103 0.957 0.000 -0.137 -0.254 0.728 0.000 -0.652 -0.214 1.000 -0.000 0.011 0.009 0.733 0.000 -0.668 0.125 0.982 -0.000 0.070 0.177 
0.977 -0.056 -0.034 0.205 0.686 0.000 -0.691 0.229 0.962 0.000 0.137 -0.234 0.793 -0.000 -0.600 0.101 0.957 0.000 -0.138 -0.253 0.729 0.000 -0.651 -0.211 1.000 -0.000 0.012 0.009 0.733 0.000 -0.668 0.128 0.981 0.000 0.074 0.177 
0.976 -0.056 -0.033 0.209 0.685 0.000 -0.691 0.231 0.962 0.000 0.139 -0.233 0.793 0.000 -0.600 0.100 0.958 0.000 -0.140 -0.252 0.731 -0.000 -0.650 -0.208 1.000 0.000 0.012 0.009 0.733 0.000 -0.668 0.130 0.981 0.000 0.077 0.178 
0.975 -0.056 -0.031 0.212 0.684 0.000 -0.691 0.233 0.962 0.000 0.141 -0.232 0.794 0.000 -0.601 0.097 0.958 0.000 -0.141 -0.250 0.732 0.000 -0.649 -0.205 1.000 0.000 0.012 0.010 0.733 0.000 -0.667 0.132 0.981 0.000 0.079 0.178 
0.975 -0.055 -0.030 0.215 0.683 -0.000 -0.691 0.235 0.962 0.000 0.143 -0.231 0.794 0.000 -0.600 0.096 0.958 0.000 -0.142 -0.249 0.733 0.000 -0.649 -0.201 1.000 0.000 0.013 0.011 0.733 0.000 -0.666 0.134 0.981 0.000 0.081 0.178 
0.974 -0.055 -0.028 0.218 0.683 0.000 -0.691 0.236 0.962 0.000 0.145 -0.230 0.794 0.000 -0.600 0.095 0.958 -0.000 -0.143 -0.247 0.734 0.000 -0.651 -0.197 1.000 -0.000 0.014 0.011 0.734 0.000 -0.666 0.137 0.980 -0.000 0.083 0.179 
0.973 -0.055 -0.027 0.221 0.682 -0.000 -0.691 0.239 0.962 0.000 0.146 -0.230 0.794 0.000 -0.600 0.094 0.958 0.000 -0.144 -0.246 0.734 0.000 -0.652 -0.192 1.000 0.000 0.015 0.012 0.734 0.000 -0.665 0.140 0.980 0.000 0.085 0.179 
0.973 -0.055 -0.025 0.224 0.681 0.000 -0.692 0.240 0.963 -0.000 0.147 -0.228 0.795 0.000 -0.599 0.094 0.959 0.000 -0.145 -0.245 0.734 0.000 -0.653 -0.186 1.000 0.000 0.016 0.013 0.734 -0.000 -0.665 0.142 0.979 0.000 0.090 0.181 
0.972 -0.054 -0.024 0.226 0.681 -0.000 -0.691 0.241 0.963 0.000 0.148 -0.227 0.795 0.000 -0.599 0.093 0.959 0.000 -0.146 -0.244 0.734 0.000 -0.655 -0.181 1.000 0.000 0.017 0.014 0.734 -0.000 -0.664 0.144 0.979 0.000 0.092 0.182 
0.972 -0.054 -0.022 0.228 0.681 0.000 -0.691 0.242 0.963 0.000 0.150 -0.226 0.796 0.000 -0.598 0.093 0.959 0.000 -0.146 -0.243 0.734 0.000 -0.657 -0.175 1.000 -0.000 0.017 0.015 0.734 -0.000 -0.663 0.148 0.979 -0.000 0.094 0.182 
0.972 -0.054 -0.020 0.230 0.681 0.000 -0.691 0.243 0.963 0.000 0.151 -0.224 0.796 -0.000 -0.598 0.094 0.959 0.000 -0.147 -0.243 0.733 -0.000 -0.659 -0.167 1.000 -0.000 0.017 0.015 0.735 0.000 -0.661 0.151 0.978 0.000 0.095 0.183 
0.971 -0.054 -0.018 0.231 0.680 -0.000 -0.691 0.244 0.963 0.000 0.152 -0.224 0.797 0.000 -0.597 0.094 0.959 0.000 -0.148 -0.242 0.732 0.000 -0.662 -0.160 1.000 0.000 0.018 0.012 0.735 -0.000 -0.660 0.154 0.978 0.000 0.097 0.184 
0.971 -0.054 -0.016 0.232 0.681 0.000 -0.690 0.244 0.963 0.000 0.153 -0.222 0.797 0.000 -0.596 0.096 0.959 0.000 -0.149 -0.242 0.732 0.000 -0.664 -0.152 1.000 -0.000 0.019 0.008 0.735 0.000 -0.659 0.157 0.978 0.000 0.099 0.186 
0.971 -0.054 -0.014 0.232 0.681 0.000 -0.690 0.244 0.963 0.000 0.154 -0.220 0.798 -0.000 -0.595 0.097 0.959 0.000 -0.149 -0.242 0.731 0.000 -0.667 -0.143 1.000 0.000 0.020 0.002 0.735 0.000 -0.659 0.161 0.977 0.000 0.103 0.187 
0.971 -0.054 -0.012 0.232 0.682 0.000 -0.689 0.243 0.964 0.000 0.153 -0.218 0.798 -0.000 -0.595 0.097 0.959 0.000 -0.148 -0.241 0.731 -0.000 -0.668 -0.137 1.000 0.000 0.020 -0.004 0.734 0.000 -0.659 0.163 0.976 0.000 0.106 0.189 
0.971 -0.053 -0.011 0.231 0.683 0.000 -0.689 0.242 0.964 -0.000 0.152 -0.216 0.799 0.000 -0.594 0.097 0.960 0.000 -0.147 -0.240 0.730 -0.000 -0.670 -0.131 1.000 0.000 0.021 -0.006 0.734 0.000 -0.659 0.165 0.975 0.000 0.109 0.192 
0.972 -0.053 -0.011 0.229 0.684 0.000 -0.689 0.240 0.965 0.000 0.151 -0.213 0.799 -0.000 -0.593 0.098 0.960 0.000 -0.144 -0.239 0.730 0.000 -0.671 -0.129 1.000 0.000 0.022 -0.004 0.734 0.000 -0.659 0.166 0.975 0.000 0.111 0.194 
0.972 -0.052 -0.011 0.227 0.684 0.000 -0.690 0.238 0.966 0.000 0.148 -0.210 0.800 0.000 -0.591 0.098 0.961 0.000 -0.140 -0.237 0.729 -0.000 -0.672 -0.130 1.000 0.000 0.019 -0.000 0.734 0.000 -0.658 0.168 0.974 0.000 0.113 0.197 
0.974 -0.051 -0.012 0.222 0.684 0.000 -0.691 0.234 0.967 -0.000 0.146 -0.207 0.802 0.000 -0.590 0.100 0.962 0.000 -0.135 -0.238 0.729 0.000 -0.671 -0.133 1.000 -0.000 0.014 0.004 0.734 0.000 -0.658 0.168 0.973 0.000 0.114 0.202 
0.975 -0.051 -0.014 0.217 0.684 0.000 -0.692 0.231 0.968 0.000 0.143 -0.204 0.803 0.000 -0.587 0.102 0.963 0.000 -0.130 -0.236 0.728 0.000 -0.673 -0.134 1.000 0.000 0.011 0.006 0.735 0.000 -0.657 0.169 0.972 -0.000 0.116 0.206 
0.976 -0.051 -0.016 0.212 0.683 0.000 -0.694 0.228 0.969 0.000 0.141 -0.203 0.805 -0.000 -0.585 0.104 0.964 0.000 -0.124 -0.236 0.726 0.000 -0.675 -0.135 1.000 0.000 0.008 0.007 0.736 0.000 -0.655 0.170 0.971 0.000 0.118 0.210 
0.977 -0.050 -0.019 0.207 0.682 0.000 -0.696 0.224 0.970 0.000 0.138 -0.201 0.806 -0.000 -0.582 0.106 0.965 0.000 -0.118 -0.234 0.723 0.000 -0.677 -0.135 1.000 0.000 0.004 0.008 0.737 0.000 -0.654 0.171 0.970 0.000 0.119 0.214 
0.978 -0.050 -0.022 0.201 0.680 0.000 -0.699 0.221 0.970 -0.000 0.136 -0.202 0.808 -0.000 -0.578 0.108 0.966 0.000 -0.114 -0.233 0.722 0.000 -0.679 -0.137 1.000 0.000 -0.002 0.010 0.739 0.000 -0.652 0.171 0.969 -0.000 0.119 0.217 
0.979 -0.049 -0.025 0.196 0.679 0.000 -0.701 0.218 0.970 0.000 0.134 -0.201 0.810 0.000 -0.575 0.110 0.967 0.000 -0.109 -0.231 0.720 0.000 -0.681 -0.137 1.000 0.000 -0.008 0.010 0.741 0.000 -0.650 0.172 0.968 0.000 0.121 0.222 
0.980 -0.049 -0.027 0.191 0.678 -0.000 -0.703 0.214 0.970 0.000 0.133 -0.202 0.812 0.000 -0.573 0.113 0.968 0.000 -0.105 -0.230 0.718 -0.000 -0.682 -0.139 1.000 0.000 -0.013 0.011 0.741 0.000 -0.650 0.169 0.966 0.000 0.125 0.228 
0.981 -0.048 -0.028 0.187 0.677 0.000 -0.705 0.212 0.970 -0.000 0.132 -0.204 0.814 0.000 -0.570 0.114 0.968 0.000 -0.101 -0.228 0.715 -0.000 -0.685 -0.138 1.000 0.000 -0.014 0.011 0.741 0.000 -0.650 0.166 0.963 0.000 0.130 0.235 
0.981 -0.047 -0.029 0.183 0.676 0.000 -0.706 0.208 0.970 -0.000 0.131 -0.204 0.815 -0.000 -0.568 0.116 0.969 0.000 -0.097 -0.226 0.713 -0.000 -0.687 -0.138 1.000 -0.000 -0.017 0.013 0.741 0.000 -0.651 0.162 0.961 0.000 0.133 0.243 
0.982 -0.046 -0.030 0.180 0.676 0.000 -0.708 0.205 0.970 0.000 0.130 -0.207 0.816 -0.000 -0.567 0.117 0.970 0.000 -0.094 -0.223 0.711 0.000 -0.689 -0.139 1.000 0.000 -0.018 0.015 0.741 0.000 -0.653 0.157 0.959 0.000 0.133 0.252 
0.983 -0.046 -0.030 0.178 0.676 0.000 -0.708 0.201 0.970 0.000 0.129 -0.208 0.816 0.000 -0.565 0.118 0.971 0.000 -0.090 -0.221 0.710 0.000 -0.691 -0.135 1.000 0.000 -0.017 0.015 0.742 0.000 -0.653 0.151 0.955 0.000 0.133 0.263 
0.983 -0.045 -0.030 0.175 0.677 0.000 -0.709 0.198 0.969 -0.000 0.128 -0.210 0.817 -0.000 -0.565 0.118 0.972 -0.000 -0.087 -0.217 0.708 0.000 -0.693 -0.133 1.000 0.000 -0.016 0.014 0.743 0.000 -0.654 0.142 0.952 -0.000 0.131 0.277 
0.984 -0.044 -0.030 0.173 0.678 -0.000 -0.709 0.195 0.969 0.000 0.127 -0.213 0.817 0.000 -0.565 0.117 0.973 0.000 -0.083 -0.215 0.707 0.000 -0.696 -0.130 1.000 0.000 -0.014 0.013 0.744 0.000 -0.655 0.133 0.948 0.000 0.128 0.291 
0.983 -0.045 -0.029 0.173 0.678 0.000 -0.709 0.194 0.968 0.000 0.127 -0.215 0.817 0.000 -0.565 0.117 0.974 0.000 -0.082 -0.212 0.705 0.000 -0.698 -0.120 1.000 0.000 -0.012 0.009 0.745 0.000 -0.655 0.126 0.945 0.000 0.127 0.303 
0.984 -0.044 -0.028 0.170 0.679 0.000 -0.709 0.190 0.968 0.000 0.125 -0.218 0.817 0.000 -0.564 0.116 0.975 0.000 -0.080 -0.210 0.704 0.000 -0.700 -0.119 1.000 0.000 -0.011 0.008 0.746 0.000 -0.656 0.116 0.941 0.000 0.123 0.316 
0.984 -0.044 -0.028 0.169 0.679 0.000 -0.709 0.188 0.967 0.000 0.124 -0.222 0.818 0.000 -0.564 0.116 0.975 0.000 -0.079 -0.208 0.703 0.000 -0.702 -0.112 1.000 0.000 -0.010 0.004 0.746 0.000 -0.657 0.108 0.936 0.000 0.122 0.330 
0.985 -0.043 -0.028 0.166 0.680 0.000 -0.710 0.184 0.967 -0.000 0.122 -0.225 0.818 0.000 -0.563 0.116 0.975 0.000 -0.076 -0.207 0.701 0.000 -0.704 -0.110 1.000 0.000 -0.009 0.003 0.747 -0.000 -0.657 0.098 0.932 0.000 0.118 0.343 
0.985 -0.042 -0.029 0.163 0.681 -0.000 -0.710 0.181 0.966 0.000 0.120 -0.229 0.819 0.000 -0.562 0.115 0.975 0.000 -0.075 -0.207 0.700 0.000 -0.705 -0.108 1.000 0.000 -0.011 0.003 0.748 0.000 -0.658 0.088 0.928 0.000 0.114 0.356 
0.986 -0.042 -0.029 0.161 0.681 0.000 -0.710 0.179 0.965 0.000 0.118 -0.234 0.819 0.000 -0.561 0.115 0.975 -0.000 -0.074 -0.208 0.699 0.000 -0.708 -0.102 1.000 0.000 -0.010 -0.000 0.749 0.000 -0.658 0.080 0.924 -0.000 0.112 0.367 
0.986 -0.042 -0.030 0.159 0.681 0.000 -0.711 0.177 0.964 0.000 0.116 -0.238 0.820 0.000 -0.560 0.116 0.975 0.000 -0.073 -0.209 0.697 -0.000 -0.710 -0.099 1.000 -0.000 -0.011 -0.001 0.750 0.000 -0.658 0.070 0.919 0.000 0.109 0.380 
0.986 -0.041 -0.030 0.157 0.681 0.000 -0.711 0.175 0.963 0.000 0.112 -0.244 0.820 0.000 -0.560 0.116 0.975 0.000 -0.073 -0.211 0.695 0.000 -0.712 -0.095 1.000 0.000 -0.011 -0.001 0.750 0.000 -0.659 0.060 0.914 0.000 0.105 0.393 
0.987 -0.041 -0.031 0.155 0.682 0.000 -0.710 0.172 0.963 0.000 0.110 -0.248 0.821 0.000 -0.560 0.116 0.975 -0.000 -0.072 -0.213 0.694 0.000 -0.714 -0.093 1.000 0.000 -0.011 -0.001 0.750 0.000 -0.659 0.049 0.909 0.000 0.101 0.405 
0.987 -0.039 -0.030 0.152 0.683 0.000 -0.710 0.169 0.961 0.000 0.107 -0.254 0.821 -0.000 -0.560 0.116 0.974 0.000 -0.070 -0.215 0.693 0.000 -0.715 -0.092 1.000 0.000 -0.011 -0.001 0.750 0.000 -0.661 0.039 0.904 0.000 0.095 0.417 
0.987 -0.038 -0.030 0.150 0.685 0.000 -0.710 0.166 0.961 -0.000 0.103 -0.258 0.820 0.000 -0.560 0.115 0.974 0.000 -0.069 -0.217 0.692 0.000 -0.716 -0.090 1.000 0.000 -0.011 -0.001 0.749 -0.000 -0.662 0.029 0.900 0.000 0.091 0.427 
0.988 -0.037 -0.029 0.148 0.686 0.000 -0.709 0.163 0.960 0.000 0.101 -0.263 0.820 -0.000 -0.561 0.115 0.973 0.000 -0.069 -0.219 0.692 0.000 -0.716 -0.088 1.000 -0.000 -0.012 -0.000 0.748 0.000 -0.664 0.019 0.897 0.000 0.085 0.435 
0.988 -0.036 -0.028 0.147 0.688 0.000 -0.708 0.159 0.959 0.000 0.098 -0.267 0.819 0.000 -0.562 0.115 0.973 -0.000 -0.069 -0.221 0.692 0.000 -0.717 -0.086 1.000 0.000 -0.012 -0.000 0.746 0.000 -0.666 0.009 0.894 0.000 0.080 0.441 
0.988 -0.035 -0.027 0.146 0.690 0.000 -0.707 0.156 0.958 0.000 0.095 -0.271 0.818 0.000 -0.563 0.115 0.972 -0.000 -0.068 -0.224 0.692 -0.000 -0.717 -0.084 1.000 0.000 -0.013 0.000 0.744 0.000 -0.668 -0.001 0.892 0.000 0.074 0.447 
0.988 -0.035 -0.026 0.146 0.692 0.000 -0.706 0.153 0.957 0.000 0.093 -0.274 0.817 0.000 -0.565 0.115 0.972 0.000 -0.067 -0.226 0.692 0.000 -0.717 -0.079 1.000 0.000 -0.013 0.000 0.742 -0.000 -0.670 -0.009 0.890 0.000 0.071 0.449 
0.989 -0.032 -0.023 0.143 0.695 -0.000 -0.704 0.148 0.957 0.000 0.089 -0.278 0.815 0.000 -0.568 0.114 0.971 -0.000 -0.065 -0.230 0.694 0.000 -0.716 -0.081 1.000 0.000 -0.014 0.002 0.739 0.000 -0.673 -0.020 0.890 0.000 0.063 0.452 
0.989 -0.031 -0.022 0.142 0.697 0.000 -0.702 0.143 0.956 0.000 0.087 -0.280 0.814 0.000 -0.569 0.114 0.970 0.000 -0.066 -0.233 0.694 0.000 -0.716 -0.080 1.000 0.000 -0.014 0.003 0.737 0.000 -0.675 -0.030 0.889 0.000 0.056 0.454 
0.989 -0.030 -0.020 0.141 0.700 0.000 -0.701 0.139 0.955 0.000 0.085 -0.283 0.813 0.000 -0.571 0.114 0.969 0.000 -0.065 -0.237 0.694 -0.000 -0.715 -0.079 1.000 -0.000 -0.013 0.002 0.736 0.000 -0.676 -0.040 0.890 0.000 0.047 0.453 
0.989 -0.029 -0.019 0.141 0.702 0.000 -0.699 0.134 0.955 0.000 0.083 -0.285 0.812 0.000 -0.573 0.113 0.969 0.000 -0.063 -0.240 0.694 0.000 -0.715 -0.077 1.000 0.000 -0.013 0.003 0.734 0.000 -0.677 -0.050 0.891 0.000 0.040 0.452 
0.990 -0.027 -0.017 0.140 0.704 0.000 -0.698 0.129 0.954 0.000 0.082 -0.287 0.810 0.000 -0.575 0.114 0.968 0.000 -0.063 -0.245 0.695 -0.000 -0.715 -0.075 1.000 0.000 -0.013 0.003 0.732 0.000 -0.679 -0.059 0.894 0.000 0.032 0.448 
0.990 -0.026 -0.015 0.139 0.706 0.000 -0.697 0.125 0.954 0.000 0.079 -0.290 0.809 0.000 -0.577 0.114 0.966 0.000 -0.063 -0.249 0.695 0.000 -0.715 -0.074 1.000 0.000 -0.013 0.004 0.731 -0.000 -0.680 -0.067 0.896 0.000 0.025 0.442 
0.990 -0.026 -0.014 0.139 0.708 0.000 -0.695 0.122 0.953 0.000 0.077 -0.292 0.808 -0.000 -0.578 0.114 0.965 0.000 -0.062 -0.253 0.695 0.000 -0.715 -0.070 1.000 0.000 -0.012 0.003 0.729 0.000 -0.680 -0.073 0.900 -0.000 0.020 0.436 
0.990 -0.025 -0.012 0.139 0.711 0.000 -0.694 0.118 0.953 0.000 0.075 -0.295 0.806 -0.000 -0.581 0.114 0.964 0.000 -0.062 -0.258 0.696 0.000 -0.715 -0.067 1.000 0.000 -0.012 0.003 0.727 -0.000 -0.681 -0.080 0.904 0.000 0.014 0.428 
0.990 -0.024 -0.011 0.138 0.713 0.000 -0.692 0.114 0.952 0.000 0.074 -0.297 0.805 -0.000 -0.582 0.114 0.963 0.000 -0.062 -0.262 0.696 0.000 -0.715 -0.065 1.000 0.000 -0.012 0.003 0.726 -0.000 -0.682 -0.087 0.908 0.000 0.009 0.420 
0.990 -0.023 -0.009 0.137 0.714 0.000 -0.691 0.111 0.951 0.000 0.071 -0.300 0.804 0.000 -0.584 0.114 0.962 -0.000 -0.061 -0.267 0.697 0.000 -0.714 -0.063 1.000 0.000 -0.013 0.003 0.725 0.000 -0.683 -0.093 0.912 0.000 0.004 0.411 
0.990 -0.022 -0.008 0.136 0.717 0.000 -0.689 0.107 0.951 -0.000 0.069 -0.302 0.803 -0.000 -0.585 0.114 0.961 0.000 -0.060 -0.271 0.698 0.000 -0.714 -0.061 1.000 -0.000 -0.014 0.003 0.724 0.000 -0.683 -0.099 0.917 -0.000 -0.002 0.399 
0.991 -0.021 -0.007 0.134 0.719 0.000 -0.688 0.104 0.950 0.000 0.066 -0.305 0.801 0.000 -0.587 0.114 0.959 0.000 -0.060 -0.275 0.698 0.000 -0.713 -0.060 1.000 0.000 -0.015 0.004 0.724 0.000 -0.682 -0.108 0.920 0.000 -0.012 0.391 
0.991 -0.020 -0.005 0.132 0.721 0.000 -0.686 0.099 0.950 0.000 0.063 -0.307 0.800 0.000 -0.589 0.114 0.958 0.000 -0.059 -0.279 0.699 -0.000 -0.712 -0.059 1.000 0.000 -0.016 0.004 0.723 0.000 -0.682 -0.112 0.926 -0.000 -0.016 0.378 
0.991 -0.019 -0.004 0.130 0.723 -0.000 -0.684 0.096 0.949 0.000 0.061 -0.309 0.799 -0.000 -0.591 0.114 0.957 0.000 -0.058 -0.284 0.700 0.000 -0.711 -0.058 1.000 0.000 -0.018 0.005 0.722 0.000 -0.682 -0.116 0.932 0.000 -0.020 0.363 
0.992 -0.018 -0.002 0.128 0.725 -0.000 -0.682 0.092 0.949 0.000 0.057 -0.310 0.797 0.000 -0.593 0.115 0.956 0.000 -0.058 -0.288 0.701 0.000 -0.711 -0.057 1.000 0.000 -0.019 0.005 0.721 0.000 -0.682 -0.119 0.937 0.000 -0.023 0.348 
0.992 -0.017 -0.001 0.126 0.727 0.000 -0.681 0.087 0.949 -0.000 0.054 -0.312 0.796 0.000 -0.594 0.115 0.955 0.000 -0.057 -0.291 0.702 0.000 -0.710 -0.056 1.000 -0.000 -0.020 0.006 0.721 0.000 -0.682 -0.123 0.943 0.000 -0.025 0.332 
0.992 -0.017 0.000 0.124 0.730 -0.000 -0.679 0.083 0.949 0.000 0.051 -0.312 0.795 -0.000 -0.596 0.115 0.954 0.000 -0.056 -0.294 0.703 -0.000 -0.709 -0.055 1.000 0.000 -0.022 0.007 0.719 0.000 -0.684 -0.121 0.950 0.000 -0.022 0.313 
0.992 -0.016 0.001 0.121 0.732 0.000 -0.677 0.079 0.948 -0.000 0.048 -0.314 0.794 -0.000 -0.597 0.116 0.953 0.000 -0.055 -0.297 0.704 -0.000 -0.708 -0.054 1.000 -0.000 -0.024 0.007 0.718 0.000 -0.685 -0.121 0.955 0.000 -0.022 0.294 
0.993 -0.016 0.002 0.119 0.734 0.000 -0.675 0.074 0.948 0.000 0.045 -0.315 0.792 0.000 -0.599 0.116 0.952 -0.000 -0.054 -0.300 0.705 0.000 -0.707 -0.053 1.000 0.000 -0.025 0.008 0.718 0.000 -0.686 -0.121 0.961 -0.000 -0.021 0.275 
0.993 -0.015 0.003 0.115 0.736 0.000 -0.674 0.069 0.948 -0.000 0.042 -0.317 0.791 -0.000 -0.601 0.117 0.952 -0.000 -0.052 -0.303 0.706 0.000 -0.706 -0.054 1.000 0.000 -0.027 0.010 0.718 0.000 -0.686 -0.119 0.967 0.000 -0.020 0.254 
0.994 -0.014 0.004 0.111 0.737 -0.000 -0.672 0.064 0.947 0.000 0.039 -0.318 0.790 0.000 -0.602 0.118 0.951 0.000 -0.051 -0.305 0.707 -0.000 -0.705 -0.055 1.000 0.000 -0.029 0.011 0.717 0.000 -0.687 -0.116 0.972 0.000 -0.018 0.233 
0.994 -0.014 0.004 0.107 0.739 0.000 -0.671 0.060 0.947 0.000 0.035 -0.319 0.789 0.000 -0.603 0.120 0.950 0.000 -0.050 -0.307 0.707 0.000 -0.705 -0.052 0.999 0.000 -0.031 0.011 0.716 0.000 -0.690 -0.107 0.978 0.000 -0.012 0.209 
0.994 -0.014 0.005 0.104 0.740 0.000 -0.670 0.056 0.947 0.000 0.033 -0.320 0.788 0.000 -0.604 0.121 0.950 0.000 -0.051 -0.309 0.708 0.000 -0.705 -0.050 0.999 0.000 -0.033 0.011 0.715 0.000 -0.691 -0.103 0.982 -0.000 -0.008 0.187 
0.995 -0.013 0.005 0.101 0.741 0.000 -0.669 0.052 0.946 0.000 0.032 -0.322 0.787 0.000 -0.604 0.122 0.949 0.000 -0.051 -0.310 0.708 0.000 -0.704 -0.049 0.999 0.000 -0.035 0.012 0.714 -0.000 -0.693 -0.098 0.986 0.000 -0.001 0.167 
0.995 -0.012 0.005 0.097 0.742 0.000 -0.669 0.047 0.946 0.000 0.030 -0.324 0.787 -0.000 -0.605 0.122 0.949 0.000 -0.050 -0.311 0.709 0.000 -0.704 -0.051 0.999 0.000 -0.036 0.014 0.713 0.000 -0.694 -0.095 0.988 0.000 0.004 0.152 
0.996 -0.012 0.005 0.093 0.743 -0.000 -0.668 0.043 0.945 0.000 0.028 -0.326 0.786 -0.000 -0.606 0.123 0.949 0.000 -0.049 -0.311 0.709 0.000 -0.703 -0.051 0.999 -0.000 -0.038 0.016 0.711 0.000 -0.697 -0.093 0.991 0.000 0.011 0.135 
0.996 -0.012 0.006 0.091 0.743 0.000 -0.668 0.040 0.944 0.000 0.028 -0.328 0.786 0.000 -0.606 0.123 0.949 0.000 -0.049 -0.310 0.710 0.000 -0.703 -0.050 0.999 0.000 -0.039 0.016 0.709 -0.000 -0.699 -0.091 0.992 0.000 0.016 0.122 
0.996 -0.011 0.005 0.088 0.744 0.000 -0.668 0.037 0.944 0.000 0.028 -0.330 0.785 0.000 -0.607 0.124 0.950 0.000 -0.049 -0.310 0.710 0.000 -0.703 -0.049 0.999 -0.000 -0.040 0.017 0.708 0.000 -0.700 -0.091 0.994 0.000 0.019 0.111 
0.996 -0.011 0.005 0.084 0.744 -0.000 -0.668 0.034 0.943 0.000 0.028 -0.331 0.785 0.000 -0.607 0.124 0.950 0.000 -0.049 -0.309 0.710 0.000 -0.703 -0.048 0.999 -0.000 -0.041 0.018 0.708 0.000 -0.700 -0.091 0.995 0.000 0.019 0.102 
0.997 -0.011 0.005 0.081 0.744 0.000 -0.668 0.030 0.943 0.000 0.028 -0.332 0.784 0.000 -0.608 0.124 0.950 0.000 -0.048 -0.307 0.710 0.000 -0.703 -0.047 0.999 0.000 -0.042 0.019 0.708 0.000 -0.700 -0.093 0.995 0.000 0.018 0.095 
0.997 -0.011 0.005 0.078 0.744 0.000 -0.668 0.027 0.943 -0.000 0.029 -0.332 0.784 0.000 -0.608 0.124 0.951 0.000 -0.048 -0.305 0.710 0.000 -0.703 -0.046 0.999 0.000 -0.043 0.020 0.708 0.000 -0.700 -0.094 0.996 0.000 0.016 0.087 
0.997 -0.011 0.005 0.074 0.744 0.000 -0.668 0.024 0.943 0.000 0.030 -0.333 0.783 0.000 -0.609 0.124 0.952 0.000 -0.047 -0.303 0.710 0.000 -0.703 -0.045 0.999 0.000 -0.044 0.021 0.709 0.000 -0.699 -0.094 0.997 -0.000 0.014 0.081 
0.997 -0.011 0.005 0.071 0.743 0.000 -0.668 0.022 0.942 -0.000 0.031 -0.333 0.783 -0.000 -0.610 0.124 0.953 0.000 -0.046 -0.300 0.710 0.000 -0.702 -0.044 0.999 -0.000 -0.045 0.022 0.709 0.000 -0.699 -0.095 0.997 0.000 0.012 0.076 
0.998 -0.011 0.005 0.068 0.743 0.000 -0.669 0.019 0.943 0.000 0.033 -0.332 0.782 0.000 -0.610 0.123 0.953 0.000 -0.046 -0.298 0.710 0.000 -0.703 -0.043 0.999 0.000 -0.045 0.024 0.709 0.000 -0.698 -0.097 0.997 0.000 0.010 0.075 
0.998 -0.011 0.005 0.065 0.743 0.000 -0.669 0.016 0.943 0.000 0.035 -0.332 0.782 0.000 -0.611 0.124 0.954 -0.000 -0.046 -0.295 0.711 0.000 -0.702 -0.042 0.999 -0.000 -0.045 0.025 0.709 0.000 -0.698 -0.099 0.997 0.000 0.008 0.074 
0.998 -0.011 0.006 0.062 0.743 0.000 -0.669 0.014 0.943 0.000 0.036 -0.332 0.781 0.000 -0.612 0.124 0.955 0.000 -0.046 -0.293 0.711 0.000 -0.702 -0.040 0.999 0.000 -0.046 0.026 0.709 0.000 -0.698 -0.101 0.997 0.000 0.006 0.075 
0.998 -0.012 0.006 0.059 0.742 0.000 -0.670 0.013 0.943 0.000 0.037 -0.332 0.781 0.000 -0.612 0.124 0.956 0.000 -0.047 -0.291 0.711 0.000 -0.702 -0.038 0.999 0.000 -0.046 0.027 0.709 -0.000 -0.697 -0.104 0.997 0.000 0.004 0.077 
0.998 -0.012 0.006 0.056 0.742 0.000 -0.670 0.012 0.942 -0.000 0.039 -0.332 0.781 0.000 -0.612 0.125 0.956 -0.000 -0.047 -0.288 0.711 0.000 -0.702 -0.037 0.999 0.000 -0.046 0.028 0.709 0.000 -0.697 -0.107 0.997 -0.000 0.002 0.080 
0.998 -0.013 0.005 0.054 0.741 -0.000 -0.671 0.011 0.942 -0.000 0.041 -0.333 0.781 -0.000 -0.612 0.125 0.957 0.000 -0.048 -0.285 0.711 0.000 -0.702 -0.034 0.998 0.000 -0.046 0.029 0.709 0.000 -0.696 -0.110 0.996 0.000 -0.000 0.084 
0.999 -0.013 0.005 0.051 0.741 -0.000 -0.672 0.011 0.942 -0.000 0.042 -0.333 0.781 0.000 -0.612 0.126 0.958 -0.000 -0.048 -0.283 0.711 -0.000 -0.703 -0.033 0.998 0.000 -0.046 0.031 0.710 0.000 -0.695 -0.113 0.996 0.000 -0.003 0.089 
0.999 -0.014 0.005 0.049 0.740 0.000 -0.672 0.011 0.942 0.000 0.042 -0.334 0.781 0.000 -0.611 0.127 0.958 -0.000 -0.049 -0.281 0.711 -0.000 -0.703 -0.031 0.998 0.000 -0.047 0.033 0.710 0.000 -0.694 -0.116 0.996 0.000 -0.005 0.091 
0.999 -0.014 0.004 0.047 0.740 -0.000 -0.673 0.012 0.941 0.000 0.042 -0.335 0.782 0.000 -0.610 0.127 0.959 0.000 -0.050 -0.278 0.710 0.000 -0.703 -0.029 0.998 0.000 -0.046 0.034 0.711 0.000 -0.693 -0.118 0.995 0.000 -0.007 0.096 
0.999 -0.015 0.003 0.045 0.739 0.000 -0.673 0.013 0.941 0.000 0.042 -0.336 0.782 0.000 -0.610 0.128 0.960 0.000 -0.051 -0.276 0.710 0.000 -0.704 -0.026 0.998 0.000 -0.046 0.036 0.711 0.000 -0.692 -0.120 0.995 0.000 -0.009 0.101 
0.999 -0.016 0.002 0.042 0.739 0.000 -0.674 0.014 0.941 0.000 0.041 -0.337 0.782 0.000 -0.610 0.130 0.960 0.000 -0.051 -0.274 0.709 -0.000 -0.705 -0.023 0.998 0.000 -0.045 0.037 0.712 0.000 -0.691 -0.121 0.994 0.000 -0.012 0.107 
0.999 -0.017 0.001 0.039 0.739 0.000 -0.674 0.015 0.941 -0.000 0.039 -0.336 0.782 0.000 -0.609 0.131 0.961 0.000 -0.052 -0.271 0.708 0.000 -0.706 -0.020 0.998 0.000 -0.044 0.038 0.713 0.000 -0.691 -0.122 0.994 -0.000 -0.014 0.111 
0.999 -0.018 0.001 0.037 0.738 0.000 -0.674 0.017 0.941 0.000 0.038 -0.337 0.782 0.000 -0.609 0.132 0.962 0.000 -0.052 -0.269 0.707 0.000 -0.707 -0.017 0.998 0.000 -0.043 0.039 0.714 0.000 -0.690 -0.121 0.993 0.000 -0.014 0.114 
0.999 -0.020 -0.000 0.034 0.738 -0.000 -0.675 0.019 0.941 -0.000 0.037 -0.337 0.783 0.000 -0.608 0.133 0.962 -0.000 -0.053 -0.267 0.707 0.000 -0.707 -0.013 0.998 0.000 -0.042 0.039 0.714 0.000 -0.690 -0.118 0.993 -0.000 -0.013 0.115 
0.999 -0.021 -0.002 0.032 0.737 0.000 -0.675 0.021 0.941 0.000 0.034 -0.337 0.783 -0.000 -0.608 0.134 0.963 0.000 -0.053 -0.264 0.706 0.000 -0.709 -0.010 0.998 0.000 -0.041 0.041 0.715 0.000 -0.689 -0.117 0.993 0.000 -0.014 0.118 
0.999 -0.022 -0.003 0.029 0.737 0.000 -0.675 0.023 0.941 0.000 0.032 -0.337 0.783 0.000 -0.607 0.136 0.963 0.000 -0.053 -0.263 0.705 0.000 -0.710 -0.007 0.998 0.000 -0.039 0.042 0.716 0.000 -0.689 -0.114 0.993 0.000 -0.014 0.120 
0.999 -0.024 -0.005 0.026 0.736 0.000 -0.676 0.025 0.941 0.000 0.030 -0.337 0.784 0.000 -0.606 0.138 0.964 -0.000 -0.054 -0.262 0.703 0.000 -0.711 -0.002 0.998 0.000 -0.037 0.043 0.717 -0.000 -0.688 -0.110 0.992 0.000 -0.014 0.122 
0.999 -0.025 -0.006 0.024 0.736 0.000 -0.677 0.028 0.941 0.000 0.028 -0.336 0.784 0.000 -0.605 0.140 0.964 0.000 -0.054 -0.260 0.702 0.000 -0.712 0.002 0.998 -0.000 -0.035 0.043 0.718 0.000 -0.688 -0.105 0.992 0.000 -0.014 0.124 
0.999 -0.027 -0.008 0.021 0.735 0.000 -0.677 0.031 0.942 0.000 0.026 -0.336 0.784 0.000 -0.604 0.142 0.964 0.000 -0.054 -0.259 0.701 0.000 -0.713 0.006 0.998 0.000 -0.034 0.045 0.719 -0.000 -0.688 -0.100 0.992 -0.000 -0.013 0.123 
0.999 -0.028 -0.010 0.019 0.734 0.000 -0.678 0.034 0.942 0.000 0.025 -0.336 0.785 0.000 -0.603 0.144 0.965 0.000 -0.055 -0.257 0.700 0.000 -0.714 0.011 0.998 0.000 -0.032 0.046 0.720 0.000 -0.688 -0.093 0.992 -0.000 -0.010 0.122 
0.999 -0.030 -0.011 0.016 0.733 0.000 -0.679 0.037 0.942 0.000 0.023 -0.335 0.785 0.000 -0.602 0.146 0.965 0.000 -0.055 -0.256 0.699 0.000 -0.715 0.014 0.998 -0.000 -0.030 0.049 0.721 0.000 -0.687 -0.087 0.993 0.000 -0.009 0.121 
0.999 -0.032 -0.014 0.014 0.732 0.000 -0.680 0.041 0.943 0.000 0.023 -0.333 0.786 0.000 -0.600 0.148 0.966 0.000 -0.056 -0.253 0.698 0.000 -0.716 0.019 0.998 0.000 -0.028 0.049 0.723 0.000 -0.686 -0.081 0.992 -0.000 -0.008 0.123 
0.999 -0.034 -0.015 0.014 0.731 0.000 -0.681 0.046 0.943 0.000 0.023 -0.333 0.787 0.000 -0.599 0.150 0.966 0.000 -0.058 -0.251 0.697 0.000 -0.717 0.026 0.998 0.000 -0.028 0.048 0.723 -0.000 -0.687 -0.072 0.993 0.000 -0.006 0.121 
0.999 -0.035 -0.016 0.011 0.730 0.000 -0.682 0.049 0.943 0.000 0.023 -0.331 0.787 0.000 -0.598 0.151 0.967 0.000 -0.059 -0.249 0.696 0.000 -0.717 0.030 0.998 0.000 -0.029 0.049 0.724 -0.000 -0.687 -0.066 0.993 -0.000 -0.004 0.120 
0.999 -0.037 -0.018 0.010 0.729 -0.000 -0.683 0.054 0.943 0.000 0.023 -0.331 0.787 0.000 -0.597 0.152 0.967 -0.000 -0.059 -0.246 0.695 -0.000 -0.718 0.033 0.998 0.000 -0.029 0.051 0.725 0.000 -0.686 -0.059 0.993 0.000 -0.004 0.118 
0.999 -0.039 -0.020 0.010 0.727 0.000 -0.684 0.059 0.944 0.000 0.025 -0.329 0.788 0.000 -0.596 0.153 0.968 0.000 -0.060 -0.243 0.694 0.000 -0.718 0.040 0.998 -0.000 -0.029 0.050 0.726 0.000 -0.685 -0.050 0.993 -0.000 -0.002 0.116 
0.999 -0.041 -0.021 0.009 0.725 0.000 -0.686 0.065 0.944 0.000 0.026 -0.328 0.789 0.000 -0.595 0.154 0.969 0.000 -0.061 -0.240 0.693 0.000 -0.719 0.044 0.998 -0.000 -0.029 0.052 0.728 0.000 -0.685 -0.043 0.993 0.000 -0.002 0.116 
0.999 -0.043 -0.023 0.009 0.724 0.000 -0.686 0.069 0.945 0.000 0.027 -0.325 0.789 0.000 -0.594 0.155 0.969 0.000 -0.061 -0.237 0.693 0.000 -0.720 0.048 0.998 0.000 -0.029 0.053 0.729 0.000 -0.684 -0.036 0.994 0.000 0.000 0.111 
0.999 -0.044 -0.024 0.008 0.723 0.000 -0.687 0.074 0.946 0.000 0.029 -0.324 0.790 0.000 -0.594 0.155 0.970 0.000 -0.062 -0.234 0.692 -0.000 -0.720 0.052 0.998 0.000 -0.028 0.054 0.729 0.000 -0.683 -0.029 0.994 0.000 0.002 0.108 
0.999 -0.045 -0.025 0.008 0.721 0.000 -0.688 0.080 0.946 0.000 0.030 -0.322 0.790 0.000 -0.593 0.156 0.971 0.000 -0.063 -0.232 0.691 0.000 -0.720 0.054 0.998 -0.000 -0.027 0.055 0.730 0.000 -0.683 -0.022 0.995 0.000 0.004 0.104 
0.999 -0.046 -0.025 0.008 0.720 0.000 -0.688 0.085 0.947 0.000 0.031 -0.320 0.790 0.000 -0.593 0.156 0.972 0.000 -0.063 -0.228 0.691 0.000 -0.721 0.057 0.998 0.000 -0.026 0.057 0.730 0.000 -0.683 -0.015 0.995 0.000 0.006 0.099 
0.998 -0.048 -0.026 0.008 0.719 0.000 -0.689 0.090 0.948 0.000 0.033 -0.318 0.790 0.000 -0.593 0.157 0.972 0.000 -0.064 -0.227 0.690 -0.000 -0.721 0.060 0.998 0.000 -0.024 0.058 0.730 -0.000 -0.683 -0.008 0.995 0.000 0.007 0.097 
0.998 -0.049 -0.026 0.009 0.719 0.000 -0.689 0.094 0.949 0.000 0.035 -0.314 0.789 -0.000 -0.593 0.158 0.972 0.000 -0.065 -0.225 0.690 0.000 -0.721 0.063 0.998 0.000 -0.022 0.059 0.730 0.000 -0.683 -0.002 0.996 0.000 0.009 0.090 
0.998 -0.049 -0.026 0.009 0.718 0.000 -0.689 0.099 0.950 0.000 0.036 -0.311 0.789 0.000 -0.594 0.158 0.973 0.000 -0.065 -0.222 0.690 0.000 -0.721 0.064 0.998 -0.000 -0.020 0.061 0.730 0.000 -0.684 0.004 0.996 0.000 0.010 0.088 
0.998 -0.050 -0.025 0.010 0.718 0.000 -0.689 0.105 0.950 -0.000 0.037 -0.309 0.789 0.000 -0.595 0.156 0.974 -0.000 -0.065 -0.218 0.689 0.000 -0.721 0.067 0.998 0.000 -0.018 0.062 0.730 0.000 -0.684 0.010 0.997 0.000 0.012 0.083 
0.998 -0.051 -0.025 0.011 0.717 0.000 -0.689 0.108 0.952 0.000 0.039 -0.304 0.788 0.000 -0.595 0.158 0.974 -0.000 -0.066 -0.218 0.689 0.000 -0.721 0.068 0.998 -0.000 -0.016 0.063 0.729 0.000 -0.684 0.016 0.997 0.000 0.013 0.077 
0.998 -0.051 -0.024 0.012 0.717 0.000 -0.688 0.113 0.953 0.000 0.039 -0.300 0.788 0.000 -0.596 0.158 0.974 0.000 -0.067 -0.216 0.689 0.000 -0.721 0.070 0.998 0.000 -0.014 0.064 0.729 0.000 -0.684 0.021 0.997 0.000 0.015 0.073 
0.998 -0.052 -0.024 0.013 0.716 0.000 -0.688 0.117 0.954 0.000 0.041 -0.296 0.787 0.000 -0.596 0.157 0.975 -0.000 -0.067 -0.214 0.689 0.000 -0.722 0.071 0.998 0.000 -0.011 0.065 0.729 -0.000 -0.684 0.026 0.997 0.000 0.016 0.070 
0.998 -0.052 -0.024 0.013 0.716 0.000 -0.688 0.121 0.955 0.000 0.041 -0.293 0.787 -0.000 -0.596 0.157 0.975 0.000 -0.068 -0.213 0.688 0.000 -0.722 0.071 0.998 -0.000 -0.009 0.067 0.729 0.000 -0.684 0.029 0.998 0.000 0.018 0.066 
0.998 -0.051 -0.024 0.013 0.715 0.000 -0.687 0.125 0.957 -0.000 0.041 -0.289 0.787 0.000 -0.597 0.157 0.975 0.000 -0.068 -0.212 0.688 0.000 -0.723 0.070 0.998 0.000 -0.007 0.069 0.728 0.000 -0.685 0.031 0.998 0.000 0.019 0.064 
0.998 -0.052 -0.024 0.015 0.715 0.000 -0.687 0.129 0.958 0.000 0.042 -0.285 0.787 0.000 -0.597 0.156 0.975 0.000 -0.069 -0.211 0.688 0.000 -0.723 0.071 0.998 0.000 -0.006 0.069 0.728 0.000 -0.684 0.033 0.998 0.000 0.020 0.062 
0.998 -0.052 -0.024 0.016 0.714 0.000 -0.687 0.132 0.959 0.000 0.043 -0.280 0.787 0.000 -0.597 0.156 0.975 0.000 -0.070 -0.211 0.687 -0.000 -0.723 0.072 0.998 0.000 -0.004 0.070 0.728 -0.000 -0.684 0.035 0.998 0.000 0.020 0.061 
0.998 -0.052 -0.025 0.020 0.713 0.000 -0.687 0.138 0.960 -0.000 0.043 -0.277 0.788 -0.000 -0.596 0.155 0.975 0.000 -0.072 -0.209 0.686 0.000 -0.724 0.076 0.998 0.000 -0.003 0.069 0.728 -0.000 -0.684 0.037 0.998 -0.000 0.021 0.061 
0.998 -0.052 -0.025 0.020 0.713 0.000 -0.686 0.142 0.961 0.000 0.042 -0.273 0.788 -0.000 -0.597 0.154 0.975 -0.000 -0.073 -0.209 0.686 0.000 -0.724 0.075 0.998 0.000 -0.003 0.070 0.728 0.000 -0.684 0.036 0.998 0.000 0.021 0.063 
0.998 -0.051 -0.025 0.022 0.713 0.000 -0.686 0.144 0.963 0.000 0.042 -0.268 0.788 0.000 -0.597 0.153 0.975 0.000 -0.073 -0.208 0.686 0.000 -0.724 0.075 0.998 0.000 -0.002 0.070 0.728 -0.000 -0.685 0.034 0.998 0.000 0.021 0.065 
0.998 -0.051 -0.025 0.024 0.713 0.000 -0.686 0.147 0.964 0.000 0.042 -0.263 0.788 0.000 -0.597 0.151 0.976 -0.000 -0.074 -0.206 0.686 0.000 -0.724 0.077 0.998 -0.000 -0.001 0.069 0.728 0.000 -0.685 0.033 0.998 -0.000 0.021 0.067 
0.998 -0.051 -0.025 0.025 0.712 0.000 -0.685 0.152 0.965 0.000 0.040 -0.259 0.788 -0.000 -0.597 0.150 0.976 0.000 -0.074 -0.206 0.686 0.000 -0.724 0.077 0.998 -0.000 -0.001 0.069 0.728 -0.000 -0.684 0.031 0.997 -0.000 0.020 0.070 
0.998 -0.051 -0.026 0.027 0.712 0.000 -0.685 0.155 0.966 0.000 0.039 -0.254 0.788 -0.000 -0.597 0.148 0.976 0.000 -0.075 -0.205 0.686 0.000 -0.724 0.080 0.998 0.000 -0.001 0.069 0.729 0.000 -0.684 0.031 0.997 0.000 0.019 0.072 
0.998 -0.051 -0.026 0.027 0.712 0.000 -0.684 0.159 0.968 0.000 0.038 -0.249 0.788 -0.000 -0.598 0.147 0.976 0.000 -0.075 -0.205 0.685 -0.000 -0.724 0.081 0.998 -0.000 -0.001 0.069 0.729 0.000 -0.683 0.031 0.997 0.000 0.018 0.073 
0.998 -0.051 -0.027 0.029 0.712 0.000 -0.684 0.161 0.969 0.000 0.036 -0.244 0.788 0.000 -0.598 0.145 0.976 0.000 -0.075 -0.205 0.685 0.000 -0.724 0.082 0.998 0.000 -0.000 0.069 0.730 0.000 -0.683 0.031 0.997 0.000 0.018 0.075 
0.998 -0.052 -0.027 0.029 0.711 0.000 -0.683 0.165 0.970 0.000 0.034 -0.239 0.788 0.000 -0.598 0.144 0.976 0.000 -0.075 -0.205 0.685 -0.000 -0.724 0.084 0.998 0.000 0.000 0.069 0.730 0.000 -0.682 0.031 0.997 0.000 0.017 0.077 
0.998 -0.052 -0.028 0.029 0.711 0.000 -0.683 0.168 0.972 0.000 0.031 -0.234 0.788 -0.000 -0.598 0.143 0.976 0.000 -0.074 -0.205 0.684 -0.000 -0.725 0.085 0.998 -0.000 0.001 0.069 0.731 0.000 -0.682 0.031 0.997 0.000 0.016 0.078 
0.998 -0.052 -0.029 0.029 0.711 0.000 -0.683 0.170 0.973 0.000 0.029 -0.228 0.788 0.000 -0.598 0.142 0.976 0.000 -0.074 -0.206 0.683 0.000 -0.725 0.086 0.998 0.000 0.001 0.069 0.732 0.000 -0.681 0.030 0.997 0.000 0.015 0.080 
0.998 -0.052 -0.030 0.028 0.711 0.000 -0.682 0.173 0.974 0.000 0.025 -0.223 0.788 0.000 -0.599 0.142 0.976 0.000 -0.073 -0.207 0.683 0.000 -0.726 0.087 0.998 0.000 0.002 0.069 0.732 0.000 -0.680 0.031 0.997 0.000 0.014 0.081 
0.998 -0.052 -0.031 0.027 0.710 -0.000 -0.682 0.175 0.976 0.000 0.021 -0.217 0.788 0.000 -0.599 0.141 0.976 0.000 -0.072 -0.208 0.682 -0.000 -0.726 0.087 0.998 0.000 0.002 0.070 0.733 0.000 -0.679 0.032 0.997 0.000 0.014 0.082 
0.998 -0.052 -0.032 0.025 0.710 -0.000 -0.682 0.176 0.977 0.000 0.018 -0.212 0.789 0.000 -0.598 0.141 0.975 -0.000 -0.071 -0.210 0.681 0.000 -0.727 0.087 0.998 0.000 0.003 0.071 0.734 0.000 -0.678 0.032 0.996 0.000 0.013 0.083 
0.998 -0.052 -0.033 0.023 0.710 0.000 -0.681 0.178 0.979 0.000 0.013 -0.205 0.789 0.000 -0.598 0.141 0.975 0.000 -0.070 -0.212 0.680 0.000 -0.728 0.088 0.998 0.000 0.003 0.071 0.735 -0.000 -0.677 0.033 0.996 0.000 0.012 0.084 
0.998 -0.052 -0.035 0.020 0.710 0.000 -0.681 0.180 0.980 0.000 0.007 -0.200 0.789 0.000 -0.598 0.140 0.975 0.000 -0.068 -0.213 0.680 0.000 -0.728 0.089 0.997 0.000 0.003 0.071 0.736 0.000 -0.676 0.035 0.996 0.000 0.012 0.083 
0.998 -0.052 -0.036 0.017 0.710 0.000 -0.681 0.181 0.981 0.000 0.001 -0.194 0.789 0.000 -0.598 0.140 0.974 0.000 -0.066 -0.215 0.679 0.000 -0.729 0.089 0.997 0.000 0.003 0.071 0.737 -0.000 -0.675 0.036 0.996 0.000 0.012 0.083 
0.998 -0.051 -0.038 0.014 0.709 0.000 -0.681 0.181 0.982 -0.000 -0.006 -0.188 0.790 0.000 -0.598 0.139 0.974 0.000 -0.063 -0.217 0.678 0.000 -0.730 0.089 0.998 0.000 0.002 0.071 0.737 -0.000 -0.674 0.037 0.996 0.000 0.013 0.083 
0.998 -0.051 -0.040 0.010 0.709 -0.000 -0.681 0.183 0.983 0.000 -0.013 -0.183 0.790 0.000 -0.597 0.139 0.974 -0.000 -0.060 -0.220 0.677 0.000 -0.731 0.088 0.998 0.000 0.002 0.070 0.738 0.000 -0.673 0.039 0.997 0.000 0.013 0.082 
0.998 -0.050 -0.042 0.006 0.709 0.000 -0.681 0.183 0.984 0.000 -0.020 -0.178 0.790 -0.000 -0.597 0.139 0.973 0.000 -0.058 -0.223 0.676 0.000 -0.731 0.088 0.998 0.000 0.001 0.070 0.739 0.000 -0.673 0.039 0.996 0.000 0.013 0.083 
0.998 -0.050 -0.043 0.002 0.709 0.000 -0.681 0.184 0.984 0.000 -0.027 -0.176 0.790 0.000 -0.597 0.139 0.973 0.000 -0.055 -0.226 0.675 0.000 -0.732 0.088 0.998 0.000 0.001 0.068 0.740 0.000 -0.672 0.041 0.996 -0.000 0.013 0.083 
0.998 -0.049 -0.045 -0.002 0.709 0.000 -0.681 0.185 0.985 0.000 -0.034 -0.172 0.791 0.000 -0.596 0.139 0.972 -0.000 -0.053 -0.229 0.674 -0.000 -0.733 0.087 0.998 -0.000 0.001 0.067 0.740 -0.000 -0.671 0.041 0.996 0.000 0.014 0.084 
0.998 -0.048 -0.047 -0.007 0.709 0.000 -0.680 0.186 0.985 0.000 -0.042 -0.170 0.791 0.000 -0.596 0.140 0.971 0.000 -0.050 -0.233 0.674 0.000 -0.734 0.086 0.998 0.000 0.001 0.066 0.741 0.000 -0.670 0.040 0.996 0.000 0.013 0.086 
0.998 -0.047 -0.048 -0.011 0.709 0.000 -0.680 0.188 0.984 -0.000 -0.049 -0.169 0.791 0.000 -0.596 0.140 0.970 0.000 -0.048 -0.237 0.673 0.000 -0.735 0.086 0.998 -0.000 0.001 0.064 0.742 0.000 -0.670 0.040 0.996 0.000 0.014 0.087 
0.998 -0.046 -0.049 -0.015 0.709 0.000 -0.680 0.188 0.984 0.000 -0.056 -0.166 0.791 0.000 -0.595 0.140 0.970 0.000 -0.045 -0.241 0.673 0.000 -0.735 0.085 0.998 -0.000 -0.000 0.063 0.742 0.000 -0.669 0.040 0.996 0.000 0.013 0.088 
0.998 -0.045 -0.050 -0.020 0.709 0.000 -0.680 0.188 0.984 0.000 -0.063 -0.165 0.791 0.000 -0.595 0.141 0.969 0.000 -0.043 -0.245 0.673 0.000 -0.735 0.083 0.998 -0.000 -0.001 0.062 0.743 0.000 -0.668 0.040 0.996 0.000 0.013 0.089 
0.997 -0.044 -0.051 -0.023 0.709 0.000 -0.680 0.188 0.984 0.000 -0.069 -0.164 0.791 -0.000 -0.595 0.142 0.968 0.000 -0.040 -0.249 0.673 0.000 -0.735 0.082 0.998 -0.000 -0.002 0.061 0.743 0.000 -0.668 0.040 0.996 0.000 0.014 0.088 
