# T   LUA LFA RUA RFA LT  LS  RT  RS  
-0.681 0.121 -0.169 -0.702 0.829 0.000 -0.455 -0.325 0.870 0.000 0.018 -0.493 0.843 0.000 -0.338 -0.418 0.882 -0.000 0.112 -0.457 0.671 0.000 -0.365 -0.645 0.680 -0.000 -0.597 0.426 0.652 0.000 -0.399 -0.645 0.697 0.000 -0.577 0.425 
-0.681 0.121 -0.169 -0.702 0.831 0.000 -0.450 -0.327 0.869 0.000 0.017 -0.494 0.843 -0.000 -0.341 -0.416 0.882 0.000 0.111 -0.458 0.671 -0.000 -0.365 -0.645 0.680 0.000 -0.597 0.426 0.652 0.000 -0.399 -0.645 0.697 0.000 -0.577 0.426 
-0.681 0.121 -0.169 -0.702 0.831 0.000 -0.448 -0.329 0.870 0.000 0.021 -0.493 0.843 0.000 -0.343 -0.415 0.882 0.000 0.110 -0.458 0.671 0.000 -0.365 -0.645 0.680 0.000 -0.597 0.426 0.652 0.000 -0.399 -0.645 0.697 0.000 -0.577 0.426 
-0.681 0.122 -0.169 -0.702 0.832 0.000 -0.445 -0.331 0.870 -0.000 0.023 -0.492 0.842 0.000 -0.346 -0.413 0.882 0.000 0.108 -0.459 0.671 0.000 -0.366 -0.645 0.680 0.000 -0.597 0.427 0.652 0.000 -0.400 -0.645 0.697 0.000 -0.577 0.426 
-0.681 0.122 -0.169 -0.702 0.833 0.000 -0.441 -0.333 0.870 0.000 0.026 -0.493 0.842 0.000 -0.349 -0.412 0.882 0.000 0.106 -0.459 0.671 0.000 -0.366 -0.645 0.680 0.000 -0.597 0.427 0.652 0.000 -0.400 -0.645 0.697 0.000 -0.577 0.426 
-0.681 0.122 -0.170 -0.702 0.834 0.000 -0.437 -0.336 0.870 0.000 0.028 -0.493 0.842 0.000 -0.352 -0.410 0.882 0.000 0.104 -0.460 0.671 0.000 -0.366 -0.645 0.680 0.000 -0.596 0.427 0.652 0.000 -0.400 -0.644 0.697 0.000 -0.576 0.427 
-0.681 0.122 -0.170 -0.702 0.836 0.000 -0.433 -0.338 0.870 0.000 0.030 -0.493 0.841 0.000 -0.355 -0.409 0.882 0.000 0.102 -0.459 0.671 0.000 -0.366 -0.645 0.679 0.000 -0.596 0.427 0.652 0.000 -0.400 -0.644 0.697 0.000 -0.576 0.427 
-0.681 0.122 -0.170 -0.702 0.837 0.000 -0.429 -0.340 0.869 0.000 0.032 -0.493 0.841 0.000 -0.358 -0.407 0.883 0.000 0.099 -0.459 0.671 0.000 -0.367 -0.645 0.679 0.000 -0.596 0.428 0.652 0.000 -0.400 -0.644 0.697 0.000 -0.576 0.427 
-0.681 0.122 -0.170 -0.702 0.838 0.000 -0.425 -0.343 0.869 -0.000 0.035 -0.493 0.840 -0.000 -0.361 -0.405 0.883 0.000 0.096 -0.459 0.671 0.000 -0.367 -0.644 0.679 0.000 -0.596 0.428 0.652 0.000 -0.401 -0.644 0.697 -0.000 -0.576 0.427 
-0.681 0.122 -0.170 -0.702 0.839 0.000 -0.421 -0.346 0.869 0.000 0.037 -0.493 0.839 0.000 -0.365 -0.404 0.884 0.000 0.094 -0.458 0.671 0.000 -0.367 -0.644 0.679 0.000 -0.596 0.428 0.652 0.000 -0.401 -0.644 0.697 0.000 -0.576 0.427 
-0.681 0.122 -0.170 -0.701 0.840 0.000 -0.417 -0.348 0.869 -0.000 0.040 -0.493 0.839 0.000 -0.368 -0.402 0.885 0.000 0.091 -0.457 0.671 0.000 -0.367 -0.644 0.679 0.000 -0.596 0.428 0.652 0.000 -0.401 -0.644 0.697 0.000 -0.576 0.427 
-0.681 0.122 -0.170 -0.701 0.841 0.000 -0.412 -0.351 0.869 -0.000 0.043 -0.493 0.838 0.000 -0.371 -0.400 0.886 -0.000 0.088 -0.456 0.671 0.000 -0.368 -0.644 0.679 0.000 -0.596 0.428 0.652 0.000 -0.401 -0.644 0.697 0.000 -0.576 0.428 
-0.681 0.122 -0.170 -0.701 0.842 0.000 -0.408 -0.354 0.869 0.000 0.046 -0.493 0.837 0.000 -0.375 -0.398 0.887 0.000 0.085 -0.455 0.671 0.000 -0.368 -0.644 0.679 0.000 -0.596 0.429 0.652 0.000 -0.401 -0.644 0.697 0.000 -0.576 0.428 
-0.681 0.123 -0.170 -0.701 0.843 -0.000 -0.404 -0.356 0.868 0.000 0.048 -0.494 0.836 0.000 -0.379 -0.396 0.888 0.000 0.082 -0.453 0.671 0.000 -0.368 -0.644 0.679 -0.000 -0.595 0.429 0.652 0.000 -0.401 -0.644 0.697 0.000 -0.575 0.428 
-0.681 0.123 -0.170 -0.701 0.844 0.000 -0.399 -0.359 0.868 0.000 0.051 -0.494 0.835 0.000 -0.383 -0.394 0.888 0.000 0.079 -0.453 0.671 0.000 -0.368 -0.644 0.679 0.000 -0.596 0.429 0.652 0.000 -0.401 -0.644 0.697 0.000 -0.575 0.428 
-0.681 0.123 -0.170 -0.701 0.845 0.000 -0.395 -0.362 0.868 0.000 0.054 -0.494 0.834 0.000 -0.387 -0.393 0.889 -0.000 0.076 -0.451 0.671 0.000 -0.368 -0.644 0.680 0.000 -0.595 0.429 0.652 -0.000 -0.402 -0.643 0.697 0.000 -0.575 0.428 
-0.681 0.123 -0.170 -0.701 0.845 0.000 -0.390 -0.365 0.867 0.000 0.057 -0.495 0.833 0.000 -0.391 -0.391 0.890 0.000 0.073 -0.450 0.671 0.000 -0.368 -0.644 0.680 -0.000 -0.596 0.428 0.652 0.000 -0.402 -0.644 0.697 0.000 -0.575 0.429 
-0.681 0.123 -0.170 -0.701 0.847 0.000 -0.385 -0.367 0.866 0.000 0.058 -0.497 0.832 0.000 -0.395 -0.389 0.891 0.000 0.070 -0.449 0.671 0.000 -0.368 -0.644 0.680 0.000 -0.595 0.428 0.652 0.000 -0.402 -0.644 0.697 0.000 -0.575 0.429 
-0.681 0.123 -0.170 -0.701 0.848 0.000 -0.380 -0.369 0.866 0.000 0.060 -0.497 0.832 0.000 -0.399 -0.387 0.892 0.000 0.067 -0.447 0.671 0.000 -0.368 -0.644 0.680 0.000 -0.596 0.428 0.652 0.000 -0.401 -0.644 0.697 0.000 -0.575 0.429 
-0.681 0.123 -0.170 -0.701 0.849 0.000 -0.376 -0.372 0.865 0.000 0.063 -0.498 0.831 0.000 -0.402 -0.385 0.893 0.000 0.064 -0.446 0.671 0.000 -0.368 -0.644 0.680 0.000 -0.596 0.428 0.652 0.000 -0.401 -0.644 0.697 0.000 -0.575 0.429 
-0.681 0.123 -0.170 -0.701 0.850 0.000 -0.372 -0.374 0.865 0.000 0.066 -0.498 0.830 0.000 -0.406 -0.383 0.894 0.000 0.060 -0.445 0.671 0.000 -0.368 -0.644 0.680 0.000 -0.596 0.428 0.651 0.000 -0.401 -0.644 0.697 -0.000 -0.575 0.429 
-0.681 0.123 -0.170 -0.702 0.850 0.000 -0.368 -0.376 0.864 0.000 0.070 -0.499 0.829 0.000 -0.409 -0.381 0.895 0.000 0.057 -0.443 0.671 0.000 -0.367 -0.644 0.680 0.000 -0.596 0.427 0.651 0.000 -0.401 -0.644 0.697 0.000 -0.575 0.429 
-0.681 0.123 -0.170 -0.702 0.851 0.000 -0.365 -0.378 0.863 0.000 0.073 -0.499 0.828 0.000 -0.413 -0.379 0.896 0.000 0.054 -0.441 0.671 0.000 -0.367 -0.644 0.680 0.000 -0.596 0.427 0.651 0.000 -0.401 -0.645 0.696 0.000 -0.575 0.429 
-0.681 0.123 -0.170 -0.702 0.852 0.000 -0.361 -0.380 0.863 0.000 0.076 -0.500 0.828 0.000 -0.416 -0.377 0.896 0.000 0.049 -0.440 0.671 0.000 -0.367 -0.644 0.680 0.000 -0.596 0.427 0.651 0.000 -0.401 -0.645 0.696 0.000 -0.575 0.429 
-0.681 0.123 -0.170 -0.701 0.852 0.000 -0.358 -0.382 0.862 0.000 0.079 -0.501 0.827 0.000 -0.418 -0.375 0.897 0.000 0.045 -0.439 0.671 0.000 -0.367 -0.644 0.680 0.000 -0.596 0.427 0.651 0.000 -0.401 -0.645 0.696 0.000 -0.575 0.429 
-0.681 0.123 -0.170 -0.702 0.852 0.000 -0.355 -0.384 0.861 0.000 0.082 -0.502 0.827 0.000 -0.421 -0.374 0.898 0.000 0.041 -0.438 0.671 0.000 -0.368 -0.644 0.680 0.000 -0.596 0.427 0.651 0.000 -0.401 -0.645 0.696 0.000 -0.575 0.430 
-0.681 0.123 -0.170 -0.701 0.853 0.000 -0.353 -0.385 0.860 0.000 0.085 -0.503 0.826 0.000 -0.423 -0.373 0.899 0.000 0.037 -0.436 0.671 0.000 -0.367 -0.643 0.680 0.000 -0.596 0.426 0.651 0.000 -0.401 -0.645 0.696 0.000 -0.575 0.430 
-0.681 0.123 -0.169 -0.701 0.853 0.000 -0.351 -0.386 0.859 -0.000 0.088 -0.505 0.826 0.000 -0.425 -0.371 0.900 0.000 0.034 -0.435 0.671 0.000 -0.368 -0.643 0.681 0.000 -0.596 0.426 0.651 0.000 -0.401 -0.645 0.696 -0.000 -0.575 0.430 
-0.682 0.123 -0.169 -0.701 0.853 0.000 -0.349 -0.387 0.858 0.000 0.091 -0.506 0.826 0.000 -0.426 -0.370 0.901 0.000 0.030 -0.434 0.671 0.000 -0.368 -0.644 0.681 0.000 -0.596 0.426 0.651 0.000 -0.401 -0.645 0.696 -0.000 -0.575 0.431 
-0.682 0.124 -0.169 -0.701 0.853 0.000 -0.348 -0.388 0.857 -0.000 0.094 -0.507 0.825 0.000 -0.428 -0.369 0.901 -0.000 0.027 -0.433 0.671 -0.000 -0.368 -0.644 0.681 0.000 -0.596 0.425 0.651 0.000 -0.400 -0.645 0.695 0.000 -0.575 0.431 
-0.681 0.123 -0.169 -0.701 0.854 0.000 -0.346 -0.388 0.856 0.000 0.096 -0.508 0.825 0.000 -0.429 -0.368 0.902 0.000 0.025 -0.432 0.672 0.000 -0.367 -0.643 0.681 -0.000 -0.597 0.425 0.651 0.000 -0.400 -0.645 0.696 0.000 -0.575 0.431 
-0.681 0.123 -0.169 -0.701 0.854 0.000 -0.345 -0.389 0.855 0.000 0.098 -0.510 0.824 0.000 -0.431 -0.368 0.902 0.000 0.023 -0.431 0.672 0.000 -0.367 -0.643 0.681 0.000 -0.597 0.425 0.651 -0.000 -0.400 -0.645 0.696 0.000 -0.575 0.431 
-0.681 0.123 -0.169 -0.701 0.854 0.000 -0.345 -0.389 0.854 0.000 0.100 -0.511 0.824 -0.000 -0.432 -0.367 0.902 0.000 0.022 -0.431 0.672 0.000 -0.367 -0.643 0.681 0.000 -0.597 0.425 0.651 0.000 -0.400 -0.645 0.696 0.000 -0.575 0.431 
-0.682 0.124 -0.169 -0.701 0.854 -0.000 -0.345 -0.389 0.853 0.000 0.102 -0.513 0.824 0.000 -0.432 -0.366 0.902 0.000 0.020 -0.430 0.671 0.000 -0.367 -0.644 0.681 -0.000 -0.597 0.424 0.651 0.000 -0.400 -0.645 0.695 -0.000 -0.575 0.431 
-0.682 0.124 -0.169 -0.701 0.854 -0.000 -0.345 -0.389 0.851 0.000 0.103 -0.514 0.824 0.000 -0.433 -0.366 0.902 0.000 0.018 -0.430 0.671 0.000 -0.367 -0.644 0.681 0.000 -0.597 0.424 0.650 0.000 -0.400 -0.646 0.695 0.000 -0.575 0.431 
-0.682 0.123 -0.169 -0.701 0.854 0.000 -0.345 -0.389 0.850 -0.000 0.104 -0.516 0.824 -0.000 -0.433 -0.366 0.903 -0.000 0.018 -0.430 0.671 0.000 -0.367 -0.644 0.681 0.000 -0.597 0.424 0.650 0.000 -0.400 -0.646 0.695 0.000 -0.575 0.431 
-0.682 0.123 -0.169 -0.701 0.855 0.000 -0.345 -0.388 0.849 0.000 0.104 -0.517 0.823 0.000 -0.433 -0.366 0.903 0.000 0.018 -0.430 0.671 0.000 -0.367 -0.644 0.681 0.000 -0.597 0.424 0.650 0.000 -0.400 -0.646 0.695 0.000 -0.575 0.431 
-0.682 0.123 -0.169 -0.701 0.854 0.000 -0.347 -0.388 0.850 0.000 0.106 -0.517 0.823 0.000 -0.433 -0.367 0.902 -0.000 0.017 -0.431 0.672 0.000 -0.367 -0.644 0.681 0.000 -0.598 0.423 0.650 0.000 -0.400 -0.646 0.695 0.000 -0.575 0.431 
-0.682 0.123 -0.169 -0.701 0.854 0.000 -0.347 -0.387 0.849 -0.000 0.106 -0.518 0.823 0.000 -0.433 -0.367 0.902 0.000 0.018 -0.431 0.672 -0.000 -0.366 -0.644 0.681 0.000 -0.598 0.423 0.650 0.000 -0.400 -0.646 0.695 -0.000 -0.575 0.431 
-0.682 0.123 -0.169 -0.701 0.854 0.000 -0.348 -0.387 0.849 0.000 0.106 -0.518 0.823 0.000 -0.433 -0.367 0.902 0.000 0.019 -0.432 0.672 -0.000 -0.366 -0.644 0.681 0.000 -0.598 0.423 0.650 0.000 -0.399 -0.646 0.695 0.000 -0.576 0.431 
-0.682 0.123 -0.168 -0.701 0.854 0.000 -0.349 -0.386 0.848 0.000 0.105 -0.519 0.823 0.000 -0.432 -0.368 0.902 0.000 0.020 -0.432 0.672 0.000 -0.366 -0.644 0.681 0.000 -0.598 0.423 0.651 0.000 -0.399 -0.646 0.695 0.000 -0.576 0.431 
-0.682 0.123 -0.169 -0.701 0.854 0.000 -0.351 -0.385 0.848 0.000 0.104 -0.520 0.823 0.000 -0.431 -0.369 0.901 -0.000 0.021 -0.433 0.672 0.000 -0.366 -0.644 0.681 0.000 -0.598 0.423 0.651 0.000 -0.399 -0.646 0.695 0.000 -0.576 0.430 
-0.682 0.123 -0.169 -0.701 0.853 0.000 -0.352 -0.384 0.848 0.000 0.103 -0.520 0.823 0.000 -0.431 -0.369 0.901 0.000 0.022 -0.433 0.672 -0.000 -0.366 -0.644 0.681 0.000 -0.599 0.422 0.651 0.000 -0.399 -0.646 0.695 0.000 -0.576 0.430 
-0.682 0.123 -0.169 -0.701 0.853 0.000 -0.354 -0.383 0.848 -0.000 0.101 -0.520 0.824 0.000 -0.429 -0.370 0.901 0.000 0.023 -0.434 0.672 0.000 -0.366 -0.644 0.681 0.000 -0.599 0.422 0.651 0.000 -0.399 -0.646 0.695 0.000 -0.576 0.431 
-0.682 0.123 -0.169 -0.701 0.853 0.000 -0.356 -0.382 0.848 0.000 0.099 -0.520 0.824 0.000 -0.428 -0.371 0.901 -0.000 0.025 -0.434 0.672 0.000 -0.366 -0.644 0.681 0.000 -0.598 0.422 0.651 0.000 -0.400 -0.646 0.695 0.000 -0.575 0.431 
-0.682 0.123 -0.169 -0.701 0.853 0.000 -0.358 -0.380 0.849 0.000 0.095 -0.520 0.824 0.000 -0.427 -0.373 0.900 0.000 0.027 -0.434 0.672 0.000 -0.366 -0.644 0.681 0.000 -0.598 0.423 0.651 0.000 -0.400 -0.645 0.696 0.000 -0.575 0.431 
-0.682 0.123 -0.169 -0.701 0.853 0.000 -0.360 -0.379 0.849 0.000 0.092 -0.520 0.824 0.000 -0.426 -0.375 0.900 0.000 0.029 -0.435 0.672 0.000 -0.366 -0.644 0.681 0.000 -0.598 0.423 0.651 0.000 -0.400 -0.646 0.696 0.000 -0.575 0.430 
-0.682 0.122 -0.169 -0.701 0.852 0.000 -0.362 -0.377 0.850 0.000 0.089 -0.519 0.824 0.000 -0.424 -0.376 0.900 0.000 0.031 -0.435 0.672 -0.000 -0.366 -0.644 0.681 0.000 -0.598 0.423 0.651 0.000 -0.400 -0.645 0.696 0.000 -0.575 0.430 
-0.682 0.122 -0.170 -0.701 0.852 0.000 -0.364 -0.376 0.851 0.000 0.086 -0.518 0.824 0.000 -0.422 -0.378 0.900 0.000 0.033 -0.435 0.672 0.000 -0.366 -0.643 0.681 -0.000 -0.598 0.423 0.651 0.000 -0.400 -0.645 0.696 0.000 -0.575 0.430 
-0.682 0.122 -0.170 -0.701 0.852 0.000 -0.367 -0.375 0.852 0.000 0.082 -0.517 0.824 0.000 -0.420 -0.380 0.900 0.000 0.035 -0.435 0.672 0.000 -0.366 -0.643 0.681 0.000 -0.598 0.423 0.651 0.000 -0.400 -0.645 0.696 0.000 -0.575 0.430 
-0.682 0.122 -0.170 -0.701 0.852 -0.000 -0.368 -0.373 0.852 0.000 0.078 -0.518 0.825 0.000 -0.417 -0.381 0.899 0.000 0.037 -0.436 0.672 0.000 -0.366 -0.643 0.681 0.000 -0.598 0.423 0.651 -0.000 -0.401 -0.645 0.696 0.000 -0.575 0.430 
-0.682 0.122 -0.170 -0.701 0.851 0.000 -0.371 -0.372 0.853 -0.000 0.074 -0.517 0.825 0.000 -0.415 -0.383 0.899 0.000 0.040 -0.436 0.673 -0.000 -0.366 -0.643 0.681 0.000 -0.598 0.423 0.651 0.000 -0.400 -0.645 0.696 0.000 -0.575 0.430 
-0.682 0.122 -0.170 -0.701 0.850 0.000 -0.374 -0.370 0.854 0.000 0.071 -0.515 0.826 0.000 -0.412 -0.385 0.899 0.000 0.042 -0.436 0.673 0.000 -0.366 -0.643 0.681 0.000 -0.598 0.423 0.651 0.000 -0.401 -0.645 0.696 0.000 -0.575 0.430 
-0.682 0.122 -0.170 -0.701 0.850 0.000 -0.378 -0.368 0.855 0.000 0.068 -0.514 0.827 0.000 -0.409 -0.387 0.898 0.000 0.044 -0.437 0.673 0.000 -0.366 -0.643 0.681 -0.000 -0.598 0.423 0.651 0.000 -0.401 -0.645 0.696 0.000 -0.575 0.431 
-0.682 0.122 -0.170 -0.701 0.849 0.000 -0.381 -0.366 0.856 -0.000 0.065 -0.513 0.827 0.000 -0.406 -0.389 0.898 0.000 0.046 -0.437 0.673 -0.000 -0.366 -0.643 0.681 0.000 -0.598 0.424 0.650 0.000 -0.401 -0.645 0.696 -0.000 -0.574 0.431 
-0.682 0.122 -0.170 -0.701 0.848 0.000 -0.385 -0.364 0.857 0.000 0.062 -0.512 0.827 -0.000 -0.403 -0.391 0.898 0.000 0.049 -0.437 0.673 0.000 -0.366 -0.643 0.681 0.000 -0.597 0.424 0.650 0.000 -0.401 -0.645 0.696 0.000 -0.575 0.431 
-0.682 0.122 -0.170 -0.701 0.847 -0.000 -0.389 -0.361 0.858 0.000 0.060 -0.511 0.828 -0.000 -0.400 -0.393 0.898 0.000 0.052 -0.438 0.673 0.000 -0.366 -0.643 0.681 0.000 -0.598 0.424 0.650 0.000 -0.401 -0.645 0.696 0.000 -0.575 0.431 
-0.682 0.122 -0.170 -0.701 0.847 0.000 -0.393 -0.359 0.858 0.000 0.056 -0.510 0.829 0.000 -0.396 -0.395 0.897 0.000 0.054 -0.438 0.672 0.000 -0.366 -0.643 0.681 0.000 -0.597 0.424 0.650 -0.000 -0.401 -0.645 0.696 0.000 -0.575 0.431 
-0.682 0.122 -0.170 -0.701 0.846 0.000 -0.398 -0.356 0.859 -0.000 0.054 -0.509 0.829 0.000 -0.393 -0.397 0.897 -0.000 0.056 -0.439 0.672 0.000 -0.366 -0.643 0.681 0.000 -0.598 0.424 0.650 0.000 -0.401 -0.645 0.696 0.000 -0.575 0.431 
-0.682 0.122 -0.170 -0.701 0.845 0.000 -0.402 -0.353 0.859 0.000 0.052 -0.509 0.830 0.000 -0.390 -0.399 0.896 0.000 0.059 -0.439 0.672 0.000 -0.366 -0.643 0.681 0.000 -0.597 0.424 0.650 0.000 -0.401 -0.645 0.696 0.000 -0.575 0.431 
-0.682 0.122 -0.170 -0.701 0.844 0.000 -0.407 -0.350 0.860 0.000 0.049 -0.509 0.830 0.000 -0.386 -0.401 0.896 0.000 0.062 -0.440 0.672 0.000 -0.366 -0.643 0.680 -0.000 -0.597 0.424 0.650 0.000 -0.401 -0.645 0.696 0.000 -0.575 0.431 
-0.682 0.122 -0.170 -0.701 0.843 -0.000 -0.412 -0.346 0.860 0.000 0.047 -0.509 0.831 0.000 -0.383 -0.404 0.896 -0.000 0.064 -0.440 0.672 0.000 -0.366 -0.644 0.680 0.000 -0.597 0.425 0.650 0.000 -0.401 -0.645 0.696 0.000 -0.575 0.430 
-0.682 0.122 -0.170 -0.701 0.842 0.000 -0.417 -0.342 0.860 0.000 0.044 -0.509 0.831 0.000 -0.379 -0.406 0.896 0.000 0.067 -0.440 0.672 0.000 -0.366 -0.644 0.680 0.000 -0.597 0.425 0.650 -0.000 -0.401 -0.645 0.696 0.000 -0.575 0.430 
-0.682 0.122 -0.170 -0.701 0.841 -0.000 -0.422 -0.339 0.860 0.000 0.042 -0.509 0.832 0.000 -0.376 -0.408 0.895 -0.000 0.069 -0.440 0.672 0.000 -0.366 -0.644 0.680 -0.000 -0.598 0.425 0.650 0.000 -0.401 -0.645 0.696 0.000 -0.575 0.430 
-0.682 0.122 -0.170 -0.701 0.839 0.000 -0.428 -0.336 0.861 0.000 0.041 -0.507 0.833 0.000 -0.372 -0.410 0.895 -0.000 0.072 -0.440 0.672 0.000 -0.366 -0.644 0.680 0.000 -0.597 0.425 0.650 0.000 -0.401 -0.645 0.696 0.000 -0.575 0.430 
-0.682 0.122 -0.170 -0.701 0.838 0.000 -0.432 -0.332 0.861 0.000 0.039 -0.507 0.833 0.000 -0.369 -0.412 0.895 0.000 0.075 -0.440 0.672 0.000 -0.366 -0.644 0.680 0.000 -0.598 0.425 0.650 0.000 -0.400 -0.646 0.696 0.000 -0.575 0.429 
-0.682 0.122 -0.170 -0.701 0.838 0.000 -0.437 -0.328 0.861 0.000 0.037 -0.507 0.833 -0.000 -0.366 -0.414 0.895 0.000 0.077 -0.440 0.672 0.000 -0.366 -0.644 0.680 0.000 -0.598 0.425 0.650 0.000 -0.400 -0.646 0.696 0.000 -0.575 0.429 
-0.682 0.121 -0.170 -0.701 0.837 0.000 -0.441 -0.325 0.861 0.000 0.034 -0.507 0.834 0.000 -0.362 -0.416 0.894 0.000 0.080 -0.440 0.672 0.000 -0.365 -0.645 0.680 0.000 -0.598 0.425 0.651 0.000 -0.400 -0.646 0.696 0.000 -0.576 0.429 
-0.682 0.121 -0.169 -0.701 0.836 0.000 -0.445 -0.322 0.862 0.000 0.032 -0.506 0.834 0.000 -0.359 -0.418 0.894 0.000 0.083 -0.440 0.671 0.000 -0.365 -0.645 0.680 -0.000 -0.598 0.425 0.651 0.000 -0.400 -0.646 0.696 0.000 -0.576 0.429 
-0.682 0.121 -0.169 -0.701 0.835 0.000 -0.449 -0.318 0.863 -0.000 0.030 -0.505 0.835 0.000 -0.356 -0.420 0.894 -0.000 0.085 -0.440 0.671 0.000 -0.365 -0.645 0.680 0.000 -0.598 0.425 0.651 0.000 -0.400 -0.646 0.696 0.000 -0.576 0.428 
-0.682 0.121 -0.169 -0.701 0.834 0.000 -0.453 -0.315 0.863 0.000 0.027 -0.504 0.835 0.000 -0.353 -0.423 0.894 0.000 0.088 -0.439 0.671 0.000 -0.365 -0.645 0.680 0.000 -0.598 0.425 0.651 0.000 -0.399 -0.646 0.696 0.000 -0.576 0.428 
-0.682 0.121 -0.169 -0.701 0.833 0.000 -0.456 -0.312 0.864 -0.000 0.024 -0.503 0.835 0.000 -0.350 -0.425 0.894 0.000 0.090 -0.439 0.671 0.000 -0.365 -0.645 0.679 0.000 -0.598 0.425 0.651 0.000 -0.399 -0.646 0.697 0.000 -0.576 0.428 
-0.682 0.121 -0.169 -0.702 0.833 0.000 -0.459 -0.310 0.865 -0.000 0.021 -0.502 0.835 0.000 -0.347 -0.427 0.894 0.000 0.094 -0.438 0.671 -0.000 -0.365 -0.645 0.679 0.000 -0.598 0.425 0.651 0.000 -0.399 -0.646 0.697 0.000 -0.576 0.427 
-0.682 0.121 -0.169 -0.702 0.832 0.000 -0.462 -0.307 0.865 0.000 0.019 -0.501 0.835 -0.000 -0.344 -0.429 0.894 -0.000 0.096 -0.438 0.671 0.000 -0.364 -0.646 0.679 0.000 -0.598 0.425 0.651 0.000 -0.399 -0.646 0.697 0.000 -0.577 0.427 
-0.682 0.121 -0.169 -0.702 0.831 0.000 -0.464 -0.305 0.866 0.000 0.017 -0.499 0.836 0.000 -0.342 -0.430 0.894 -0.000 0.099 -0.438 0.671 0.000 -0.365 -0.646 0.679 0.000 -0.598 0.426 0.651 0.000 -0.399 -0.646 0.697 0.000 -0.577 0.426 
-0.682 0.121 -0.169 -0.702 0.831 0.000 -0.466 -0.303 0.867 0.000 0.014 -0.497 0.836 0.000 -0.339 -0.432 0.894 0.000 0.101 -0.437 0.671 0.000 -0.364 -0.646 0.679 -0.000 -0.598 0.426 0.651 0.000 -0.399 -0.646 0.697 0.000 -0.577 0.426 
-0.682 0.120 -0.169 -0.702 0.830 -0.000 -0.468 -0.302 0.868 0.000 0.012 -0.496 0.836 0.000 -0.337 -0.433 0.893 -0.000 0.104 -0.437 0.671 0.000 -0.364 -0.646 0.679 -0.000 -0.598 0.426 0.651 0.000 -0.398 -0.646 0.697 -0.000 -0.577 0.426 
-0.682 0.120 -0.169 -0.702 0.830 0.000 -0.470 -0.300 0.869 0.000 0.010 -0.494 0.836 -0.000 -0.335 -0.434 0.893 0.000 0.106 -0.437 0.671 0.000 -0.364 -0.646 0.679 0.000 -0.598 0.426 0.651 0.000 -0.398 -0.646 0.697 0.000 -0.577 0.425 
-0.682 0.120 -0.169 -0.702 0.830 0.000 -0.471 -0.299 0.870 0.000 0.008 -0.493 0.836 0.000 -0.334 -0.435 0.893 -0.000 0.109 -0.437 0.671 0.000 -0.364 -0.646 0.679 0.000 -0.598 0.426 0.651 0.000 -0.398 -0.646 0.697 0.000 -0.577 0.425 
-0.681 0.120 -0.169 -0.702 0.829 0.000 -0.473 -0.298 0.871 0.000 0.007 -0.492 0.836 0.000 -0.333 -0.436 0.893 0.000 0.111 -0.436 0.671 0.000 -0.364 -0.647 0.679 0.000 -0.598 0.426 0.651 0.000 -0.398 -0.646 0.697 0.000 -0.577 0.425 
-0.681 0.120 -0.169 -0.702 0.829 -0.000 -0.474 -0.297 0.871 0.000 0.005 -0.491 0.836 -0.000 -0.332 -0.437 0.893 -0.000 0.113 -0.436 0.671 0.000 -0.363 -0.647 0.679 -0.000 -0.598 0.425 0.651 0.000 -0.398 -0.646 0.697 0.000 -0.578 0.425 
-0.681 0.120 -0.169 -0.702 0.829 0.000 -0.474 -0.297 0.872 0.000 0.004 -0.490 0.836 0.000 -0.331 -0.438 0.892 0.000 0.115 -0.436 0.671 -0.000 -0.363 -0.647 0.679 0.000 -0.598 0.426 0.651 0.000 -0.398 -0.646 0.697 0.000 -0.578 0.425 
-0.681 0.120 -0.168 -0.702 0.829 0.000 -0.474 -0.297 0.872 0.000 0.003 -0.489 0.836 0.000 -0.330 -0.438 0.892 0.000 0.117 -0.436 0.671 -0.000 -0.363 -0.647 0.679 0.000 -0.598 0.425 0.651 0.000 -0.398 -0.647 0.697 0.000 -0.578 0.425 
-0.682 0.120 -0.168 -0.702 0.829 0.000 -0.474 -0.297 0.873 0.000 0.003 -0.488 0.836 0.000 -0.330 -0.438 0.892 0.000 0.119 -0.437 0.671 0.000 -0.363 -0.647 0.679 0.000 -0.598 0.425 0.651 0.000 -0.397 -0.647 0.697 0.000 -0.578 0.424 
-0.682 0.120 -0.168 -0.702 0.829 0.000 -0.474 -0.297 0.873 0.000 0.002 -0.488 0.836 0.000 -0.331 -0.438 0.892 0.000 0.121 -0.437 0.671 -0.000 -0.363 -0.647 0.679 0.000 -0.598 0.425 0.651 0.000 -0.397 -0.647 0.697 0.000 -0.578 0.424 
-0.681 0.120 -0.168 -0.702 0.829 -0.000 -0.474 -0.297 0.873 -0.000 0.002 -0.487 0.836 0.000 -0.331 -0.438 0.891 0.000 0.122 -0.438 0.671 0.000 -0.363 -0.647 0.679 0.000 -0.599 0.424 0.651 0.000 -0.397 -0.647 0.697 0.000 -0.579 0.424 
-0.682 0.120 -0.168 -0.702 0.829 0.000 -0.473 -0.298 0.873 -0.000 0.002 -0.487 0.836 0.000 -0.332 -0.437 0.891 0.000 0.123 -0.438 0.671 0.000 -0.363 -0.647 0.679 0.000 -0.599 0.424 0.651 0.000 -0.396 -0.647 0.697 0.000 -0.579 0.424 
-0.682 0.120 -0.168 -0.702 0.829 0.000 -0.472 -0.299 0.873 0.000 0.003 -0.487 0.836 0.000 -0.333 -0.437 0.890 0.000 0.123 -0.439 0.671 0.000 -0.362 -0.647 0.679 0.000 -0.599 0.424 0.651 0.000 -0.396 -0.647 0.697 0.000 -0.579 0.423 
-0.682 0.119 -0.167 -0.702 0.830 -0.000 -0.471 -0.300 0.873 0.000 0.003 -0.487 0.836 0.000 -0.334 -0.436 0.890 0.000 0.124 -0.440 0.671 0.000 -0.362 -0.647 0.679 0.000 -0.599 0.424 0.651 0.000 -0.396 -0.647 0.697 0.000 -0.579 0.423 
-0.681 0.119 -0.167 -0.702 0.830 0.000 -0.469 -0.301 0.873 -0.000 0.004 -0.488 0.835 0.000 -0.336 -0.435 0.889 0.000 0.124 -0.440 0.671 -0.000 -0.362 -0.647 0.679 0.000 -0.599 0.424 0.651 0.000 -0.396 -0.648 0.697 0.000 -0.579 0.423 
-0.682 0.120 -0.167 -0.702 0.830 0.000 -0.468 -0.303 0.873 -0.000 0.005 -0.488 0.835 -0.000 -0.338 -0.434 0.889 0.000 0.123 -0.441 0.671 0.000 -0.362 -0.647 0.679 0.000 -0.599 0.424 0.651 0.000 -0.396 -0.648 0.697 0.000 -0.579 0.423 
-0.682 0.120 -0.167 -0.702 0.831 0.000 -0.466 -0.304 0.873 0.000 0.006 -0.488 0.835 -0.000 -0.340 -0.433 0.889 0.000 0.122 -0.442 0.671 0.000 -0.362 -0.647 0.680 0.000 -0.599 0.424 0.651 0.000 -0.396 -0.648 0.697 0.000 -0.579 0.423 
-0.681 0.120 -0.167 -0.702 0.832 0.000 -0.463 -0.306 0.872 0.000 0.006 -0.490 0.835 0.000 -0.341 -0.431 0.889 -0.000 0.121 -0.442 0.671 0.000 -0.362 -0.647 0.679 0.000 -0.599 0.423 0.651 0.000 -0.396 -0.647 0.697 0.000 -0.579 0.423 
-0.681 0.120 -0.167 -0.702 0.832 0.000 -0.462 -0.308 0.872 0.000 0.009 -0.489 0.835 0.000 -0.343 -0.430 0.889 0.000 0.119 -0.442 0.671 0.000 -0.362 -0.647 0.679 0.000 -0.599 0.423 0.651 0.000 -0.396 -0.647 0.697 0.000 -0.579 0.423 
-0.682 0.120 -0.167 -0.702 0.833 0.000 -0.458 -0.310 0.871 0.000 0.008 -0.492 0.835 0.000 -0.346 -0.429 0.889 -0.000 0.117 -0.442 0.671 0.000 -0.362 -0.647 0.679 0.000 -0.599 0.424 0.651 0.000 -0.396 -0.647 0.697 0.000 -0.579 0.423 
-0.682 0.120 -0.167 -0.702 0.834 0.000 -0.455 -0.312 0.870 0.000 0.010 -0.493 0.834 -0.000 -0.348 -0.427 0.890 -0.000 0.115 -0.442 0.671 0.000 -0.362 -0.647 0.679 0.000 -0.599 0.424 0.651 -0.000 -0.396 -0.647 0.697 0.000 -0.579 0.424 
-0.681 0.120 -0.167 -0.702 0.834 0.000 -0.454 -0.314 0.870 0.000 0.014 -0.492 0.834 0.000 -0.350 -0.426 0.890 0.000 0.112 -0.442 0.671 0.000 -0.362 -0.647 0.679 0.000 -0.599 0.424 0.651 0.000 -0.397 -0.647 0.697 0.000 -0.579 0.424 
-0.681 0.120 -0.167 -0.702 0.835 -0.000 -0.450 -0.316 0.869 0.000 0.014 -0.495 0.834 0.000 -0.353 -0.424 0.891 0.000 0.109 -0.442 0.671 0.000 -0.362 -0.647 0.679 0.000 -0.599 0.424 0.651 0.000 -0.397 -0.647 0.697 0.000 -0.579 0.424 
-0.681 0.120 -0.168 -0.702 0.836 0.000 -0.447 -0.318 0.868 -0.000 0.016 -0.496 0.834 0.000 -0.355 -0.423 0.891 0.000 0.106 -0.441 0.671 0.000 -0.363 -0.647 0.679 0.000 -0.599 0.424 0.651 0.000 -0.397 -0.647 0.697 0.000 -0.578 0.424 
-0.681 0.120 -0.168 -0.702 0.837 0.000 -0.444 -0.320 0.867 -0.000 0.018 -0.497 0.833 0.000 -0.358 -0.421 0.892 0.000 0.102 -0.440 0.671 0.000 -0.363 -0.647 0.679 0.000 -0.599 0.424 0.651 -0.000 -0.397 -0.647 0.697 0.000 -0.578 0.424 
-0.681 0.120 -0.168 -0.702 0.838 0.000 -0.440 -0.323 0.867 0.000 0.021 -0.498 0.833 -0.000 -0.360 -0.420 0.893 0.000 0.099 -0.439 0.671 0.000 -0.363 -0.647 0.679 0.000 -0.598 0.425 0.651 0.000 -0.397 -0.646 0.697 0.000 -0.578 0.424 
-0.681 0.120 -0.168 -0.702 0.839 0.000 -0.437 -0.325 0.866 0.000 0.023 -0.499 0.832 -0.000 -0.364 -0.418 0.894 0.000 0.096 -0.438 0.671 0.000 -0.364 -0.646 0.679 0.000 -0.598 0.425 0.651 0.000 -0.398 -0.646 0.697 0.000 -0.578 0.425 
-0.681 0.121 -0.168 -0.702 0.840 0.000 -0.433 -0.328 0.865 0.000 0.025 -0.500 0.832 -0.000 -0.367 -0.417 0.895 0.000 0.093 -0.437 0.671 0.000 -0.364 -0.646 0.679 0.000 -0.598 0.425 0.651 0.000 -0.398 -0.646 0.697 0.000 -0.578 0.425 
-0.681 0.121 -0.168 -0.702 0.841 0.000 -0.429 -0.330 0.864 0.000 0.026 -0.502 0.831 0.000 -0.370 -0.415 0.896 0.000 0.090 -0.435 0.671 0.000 -0.364 -0.646 0.679 0.000 -0.598 0.425 0.651 0.000 -0.398 -0.646 0.697 0.000 -0.578 0.425 
-0.681 0.121 -0.168 -0.702 0.842 0.000 -0.426 -0.332 0.864 0.000 0.029 -0.503 0.831 0.000 -0.373 -0.413 0.897 0.000 0.086 -0.434 0.671 0.000 -0.364 -0.646 0.680 0.000 -0.598 0.425 0.651 0.000 -0.398 -0.646 0.697 0.000 -0.577 0.426 
-0.681 0.121 -0.168 -0.702 0.843 -0.000 -0.421 -0.335 0.863 -0.000 0.031 -0.504 0.830 0.000 -0.377 -0.411 0.898 0.000 0.083 -0.433 0.671 -0.000 -0.364 -0.646 0.679 -0.000 -0.598 0.426 0.651 0.000 -0.398 -0.646 0.697 -0.000 -0.577 0.426 
-0.681 0.121 -0.168 -0.702 0.844 0.000 -0.418 -0.337 0.862 -0.000 0.034 -0.505 0.830 0.000 -0.380 -0.409 0.898 0.000 0.080 -0.432 0.671 0.000 -0.365 -0.646 0.679 0.000 -0.598 0.426 0.651 -0.000 -0.399 -0.646 0.697 0.000 -0.577 0.426 
-0.681 0.121 -0.168 -0.702 0.844 0.000 -0.414 -0.340 0.862 0.000 0.037 -0.506 0.829 0.000 -0.384 -0.407 0.899 -0.000 0.077 -0.431 0.671 -0.000 -0.365 -0.646 0.680 0.000 -0.598 0.426 0.651 0.000 -0.399 -0.646 0.697 0.000 -0.577 0.426 
-0.681 0.121 -0.168 -0.702 0.845 0.000 -0.410 -0.343 0.861 -0.000 0.040 -0.507 0.829 0.000 -0.387 -0.404 0.900 0.000 0.073 -0.430 0.671 0.000 -0.365 -0.646 0.680 0.000 -0.597 0.426 0.651 -0.000 -0.399 -0.646 0.697 0.000 -0.577 0.427 
-0.681 0.121 -0.168 -0.702 0.846 0.000 -0.406 -0.345 0.861 -0.000 0.042 -0.508 0.828 0.000 -0.391 -0.402 0.900 0.000 0.069 -0.429 0.671 0.000 -0.365 -0.646 0.680 0.000 -0.597 0.426 0.651 0.000 -0.399 -0.646 0.697 0.000 -0.577 0.427 
-0.681 0.121 -0.168 -0.702 0.847 0.000 -0.402 -0.348 0.860 0.000 0.045 -0.508 0.828 0.000 -0.394 -0.400 0.901 -0.000 0.066 -0.428 0.671 0.000 -0.365 -0.646 0.680 0.000 -0.597 0.426 0.651 0.000 -0.399 -0.646 0.696 0.000 -0.577 0.427 
-0.681 0.122 -0.169 -0.702 0.848 0.000 -0.398 -0.350 0.859 0.000 0.048 -0.509 0.827 -0.000 -0.397 -0.397 0.902 -0.000 0.063 -0.427 0.671 -0.000 -0.365 -0.645 0.680 0.000 -0.597 0.426 0.651 0.000 -0.399 -0.646 0.696 0.000 -0.576 0.428 
-0.681 0.122 -0.168 -0.702 0.849 0.000 -0.394 -0.353 0.859 0.000 0.051 -0.509 0.827 0.000 -0.401 -0.395 0.903 0.000 0.060 -0.426 0.671 0.000 -0.365 -0.646 0.680 0.000 -0.597 0.426 0.651 0.000 -0.399 -0.646 0.696 0.000 -0.577 0.428 
-0.681 0.122 -0.168 -0.702 0.850 0.000 -0.390 -0.355 0.859 0.000 0.054 -0.510 0.826 0.000 -0.404 -0.393 0.903 -0.000 0.058 -0.425 0.671 0.000 -0.365 -0.645 0.680 0.000 -0.597 0.426 0.651 0.000 -0.399 -0.646 0.696 0.000 -0.576 0.428 
-0.681 0.122 -0.168 -0.702 0.850 0.000 -0.386 -0.358 0.858 0.000 0.057 -0.510 0.826 0.000 -0.407 -0.391 0.904 0.000 0.055 -0.424 0.671 0.000 -0.365 -0.645 0.680 -0.000 -0.597 0.426 0.651 0.000 -0.399 -0.646 0.696 0.000 -0.576 0.428 
-0.681 0.122 -0.168 -0.702 0.851 0.000 -0.382 -0.360 0.858 0.000 0.060 -0.511 0.825 0.000 -0.410 -0.389 0.904 -0.000 0.052 -0.423 0.671 -0.000 -0.365 -0.645 0.680 0.000 -0.597 0.426 0.651 0.000 -0.399 -0.646 0.696 0.000 -0.576 0.428 
-0.681 0.122 -0.168 -0.702 0.852 0.000 -0.379 -0.362 0.857 0.000 0.063 -0.511 0.825 0.000 -0.412 -0.387 0.905 0.000 0.050 -0.423 0.671 0.000 -0.366 -0.645 0.680 0.000 -0.597 0.425 0.651 0.000 -0.399 -0.646 0.696 0.000 -0.576 0.429 
-0.682 0.122 -0.168 -0.702 0.852 0.000 -0.375 -0.365 0.856 0.000 0.066 -0.512 0.825 -0.000 -0.415 -0.384 0.905 -0.000 0.048 -0.422 0.671 0.000 -0.366 -0.645 0.680 0.000 -0.597 0.425 0.651 0.000 -0.399 -0.646 0.696 0.000 -0.576 0.429 
-0.682 0.122 -0.168 -0.702 0.853 0.000 -0.372 -0.366 0.856 0.000 0.069 -0.513 0.825 0.000 -0.417 -0.382 0.905 0.000 0.045 -0.422 0.671 0.000 -0.366 -0.645 0.680 0.000 -0.597 0.425 0.651 0.000 -0.399 -0.646 0.696 0.000 -0.576 0.429 
-0.682 0.123 -0.168 -0.701 0.853 0.000 -0.370 -0.368 0.855 0.000 0.072 -0.514 0.825 0.000 -0.419 -0.380 0.906 0.000 0.043 -0.422 0.670 0.000 -0.366 -0.645 0.680 0.000 -0.597 0.425 0.651 0.000 -0.399 -0.646 0.696 0.000 -0.576 0.430 
-0.682 0.122 -0.168 -0.702 0.854 0.000 -0.366 -0.370 0.854 0.000 0.075 -0.514 0.824 0.000 -0.421 -0.379 0.906 -0.000 0.041 -0.421 0.671 0.000 -0.366 -0.645 0.680 0.000 -0.597 0.425 0.651 0.000 -0.399 -0.646 0.696 -0.000 -0.576 0.429 
-0.682 0.122 -0.168 -0.702 0.854 0.000 -0.364 -0.371 0.853 0.000 0.077 -0.515 0.824 0.000 -0.423 -0.378 0.906 -0.000 0.040 -0.421 0.671 0.000 -0.366 -0.645 0.680 0.000 -0.597 0.425 0.651 0.000 -0.399 -0.646 0.696 -0.000 -0.576 0.429 
-0.682 0.122 -0.168 -0.702 0.855 0.000 -0.361 -0.373 0.853 -0.000 0.081 -0.516 0.823 -0.000 -0.425 -0.377 0.907 0.000 0.039 -0.420 0.671 0.000 -0.366 -0.645 0.680 0.000 -0.597 0.425 0.651 0.000 -0.399 -0.646 0.696 0.000 -0.576 0.430 
-0.682 0.122 -0.168 -0.702 0.855 -0.000 -0.359 -0.374 0.852 0.000 0.083 -0.517 0.823 0.000 -0.426 -0.376 0.907 -0.000 0.038 -0.419 0.671 0.000 -0.366 -0.645 0.680 0.000 -0.597 0.425 0.651 -0.000 -0.399 -0.646 0.696 0.000 -0.575 0.430 
-0.682 0.122 -0.168 -0.702 0.855 0.000 -0.358 -0.375 0.851 0.000 0.086 -0.518 0.823 0.000 -0.427 -0.375 0.907 0.000 0.037 -0.418 0.671 0.000 -0.366 -0.645 0.680 0.000 -0.597 0.425 0.651 0.000 -0.399 -0.646 0.696 0.000 -0.576 0.430 
-0.682 0.122 -0.168 -0.701 0.855 0.000 -0.356 -0.376 0.850 0.000 0.090 -0.519 0.823 0.000 -0.428 -0.374 0.908 0.000 0.036 -0.418 0.671 0.000 -0.366 -0.645 0.680 0.000 -0.597 0.425 0.651 0.000 -0.399 -0.646 0.696 0.000 -0.575 0.430 
-0.682 0.122 -0.168 -0.701 0.856 0.000 -0.355 -0.376 0.849 0.000 0.092 -0.520 0.822 0.000 -0.428 -0.374 0.908 -0.000 0.035 -0.417 0.671 -0.000 -0.366 -0.645 0.680 -0.000 -0.597 0.425 0.651 0.000 -0.399 -0.646 0.696 0.000 -0.575 0.430 
-0.682 0.122 -0.168 -0.701 0.856 0.000 -0.355 -0.377 0.848 0.000 0.096 -0.521 0.822 0.000 -0.429 -0.374 0.909 0.000 0.035 -0.416 0.671 -0.000 -0.366 -0.645 0.681 0.000 -0.597 0.424 0.651 0.000 -0.399 -0.646 0.696 0.000 -0.575 0.430 
-0.682 0.122 -0.168 -0.701 0.856 0.000 -0.354 -0.376 0.847 0.000 0.098 -0.522 0.822 0.000 -0.429 -0.375 0.909 0.000 0.035 -0.415 0.671 0.000 -0.366 -0.645 0.681 -0.000 -0.597 0.424 0.651 0.000 -0.399 -0.646 0.696 0.000 -0.575 0.430 
-0.682 0.122 -0.168 -0.702 0.855 0.000 -0.356 -0.377 0.847 0.000 0.102 -0.522 0.822 0.000 -0.428 -0.375 0.909 0.000 0.036 -0.415 0.671 0.000 -0.366 -0.645 0.681 0.000 -0.598 0.424 0.651 0.000 -0.399 -0.646 0.696 0.000 -0.575 0.430 
-0.682 0.122 -0.168 -0.701 0.855 -0.000 -0.356 -0.376 0.846 0.000 0.104 -0.523 0.822 0.000 -0.428 -0.376 0.910 0.000 0.036 -0.414 0.671 0.000 -0.366 -0.645 0.681 -0.000 -0.597 0.424 0.651 0.000 -0.399 -0.646 0.696 0.000 -0.576 0.430 
-0.682 0.122 -0.168 -0.701 0.855 -0.000 -0.357 -0.376 0.845 0.000 0.106 -0.525 0.822 0.000 -0.427 -0.377 0.910 0.000 0.037 -0.413 0.671 0.000 -0.365 -0.645 0.680 0.000 -0.598 0.424 0.651 0.000 -0.399 -0.646 0.696 0.000 -0.576 0.430 
-0.682 0.122 -0.168 -0.701 0.855 0.000 -0.358 -0.375 0.844 -0.000 0.107 -0.526 0.822 0.000 -0.426 -0.377 0.910 0.000 0.038 -0.413 0.671 0.000 -0.365 -0.645 0.680 0.000 -0.598 0.424 0.651 0.000 -0.399 -0.646 0.696 0.000 -0.576 0.430 
-0.682 0.122 -0.168 -0.701 0.855 0.000 -0.359 -0.375 0.843 0.000 0.108 -0.527 0.822 0.000 -0.425 -0.379 0.910 -0.000 0.040 -0.412 0.671 0.000 -0.366 -0.645 0.681 0.000 -0.598 0.424 0.651 0.000 -0.399 -0.646 0.696 0.000 -0.576 0.430 
-0.682 0.122 -0.168 -0.701 0.855 0.000 -0.360 -0.374 0.842 0.000 0.108 -0.528 0.822 0.000 -0.424 -0.380 0.910 0.000 0.041 -0.412 0.671 0.000 -0.365 -0.645 0.681 0.000 -0.598 0.424 0.651 0.000 -0.399 -0.646 0.696 -0.000 -0.576 0.429 
-0.682 0.122 -0.168 -0.702 0.855 0.000 -0.361 -0.373 0.842 0.000 0.108 -0.528 0.823 -0.000 -0.422 -0.381 0.910 0.000 0.043 -0.412 0.671 0.000 -0.365 -0.645 0.680 0.000 -0.598 0.423 0.651 0.000 -0.399 -0.646 0.696 0.000 -0.576 0.429 
-0.682 0.122 -0.168 -0.701 0.854 0.000 -0.363 -0.372 0.842 0.000 0.107 -0.529 0.823 0.000 -0.420 -0.382 0.910 0.000 0.045 -0.412 0.671 0.000 -0.365 -0.645 0.680 0.000 -0.598 0.423 0.651 -0.000 -0.399 -0.646 0.696 0.000 -0.576 0.429 
-0.682 0.122 -0.168 -0.701 0.854 0.000 -0.365 -0.371 0.841 0.000 0.107 -0.530 0.823 0.000 -0.418 -0.384 0.910 0.000 0.046 -0.412 0.671 0.000 -0.365 -0.645 0.681 0.000 -0.598 0.423 0.651 0.000 -0.399 -0.646 0.696 0.000 -0.576 0.429 
-0.682 0.122 -0.168 -0.701 0.853 -0.000 -0.367 -0.370 0.841 -0.000 0.104 -0.531 0.824 0.000 -0.416 -0.385 0.910 0.000 0.048 -0.413 0.671 0.000 -0.365 -0.645 0.680 0.000 -0.598 0.423 0.651 -0.000 -0.398 -0.646 0.696 0.000 -0.576 0.429 
-0.682 0.122 -0.168 -0.701 0.853 0.000 -0.369 -0.369 0.841 0.000 0.102 -0.531 0.824 -0.000 -0.414 -0.387 0.909 0.000 0.050 -0.413 0.671 0.000 -0.365 -0.645 0.681 0.000 -0.598 0.423 0.651 0.000 -0.398 -0.646 0.696 0.000 -0.576 0.429 
-0.682 0.122 -0.168 -0.701 0.852 0.000 -0.372 -0.368 0.841 0.000 0.100 -0.531 0.825 0.000 -0.411 -0.388 0.909 0.000 0.052 -0.413 0.671 0.000 -0.365 -0.645 0.680 0.000 -0.598 0.423 0.651 0.000 -0.398 -0.646 0.696 -0.000 -0.576 0.429 
-0.682 0.122 -0.168 -0.701 0.852 0.000 -0.374 -0.367 0.842 0.000 0.097 -0.531 0.825 0.000 -0.408 -0.390 0.909 0.000 0.054 -0.414 0.671 0.000 -0.365 -0.645 0.680 0.000 -0.598 0.423 0.651 0.000 -0.399 -0.646 0.696 0.000 -0.576 0.429 
-0.682 0.122 -0.168 -0.701 0.851 0.000 -0.376 -0.366 0.842 0.000 0.095 -0.531 0.825 0.000 -0.406 -0.393 0.909 0.000 0.057 -0.414 0.671 0.000 -0.365 -0.645 0.681 0.000 -0.598 0.423 0.651 0.000 -0.399 -0.646 0.696 -0.000 -0.576 0.429 
-0.682 0.121 -0.168 -0.701 0.851 0.000 -0.378 -0.365 0.843 0.000 0.092 -0.530 0.826 0.000 -0.403 -0.395 0.908 0.000 0.059 -0.414 0.671 0.000 -0.365 -0.645 0.680 0.000 -0.598 0.423 0.651 0.000 -0.399 -0.646 0.696 0.000 -0.576 0.429 
-0.682 0.122 -0.168 -0.701 0.850 0.000 -0.381 -0.363 0.844 -0.000 0.088 -0.530 0.826 0.000 -0.400 -0.397 0.908 -0.000 0.061 -0.415 0.671 0.000 -0.365 -0.645 0.681 0.000 -0.598 0.423 0.651 0.000 -0.399 -0.646 0.696 0.000 -0.576 0.429 
-0.682 0.121 -0.168 -0.701 0.849 0.000 -0.384 -0.362 0.845 0.000 0.085 -0.528 0.827 0.000 -0.396 -0.399 0.908 0.000 0.063 -0.415 0.671 0.000 -0.365 -0.645 0.680 0.000 -0.598 0.423 0.650 0.000 -0.399 -0.646 0.696 0.000 -0.576 0.429 
-0.682 0.121 -0.168 -0.701 0.849 0.000 -0.387 -0.361 0.846 0.000 0.082 -0.527 0.828 0.000 -0.393 -0.401 0.907 0.000 0.064 -0.415 0.671 0.000 -0.365 -0.645 0.680 0.000 -0.598 0.423 0.650 0.000 -0.399 -0.647 0.696 0.000 -0.576 0.429 
-0.682 0.121 -0.168 -0.701 0.848 0.000 -0.390 -0.359 0.847 0.000 0.078 -0.526 0.828 0.000 -0.389 -0.403 0.907 0.000 0.066 -0.416 0.671 0.000 -0.365 -0.645 0.680 0.000 -0.598 0.423 0.650 0.000 -0.399 -0.647 0.696 0.000 -0.576 0.429 
-0.682 0.121 -0.168 -0.701 0.848 0.000 -0.392 -0.358 0.847 0.000 0.072 -0.527 0.829 0.000 -0.385 -0.406 0.907 0.000 0.067 -0.415 0.671 0.000 -0.365 -0.645 0.680 0.000 -0.598 0.423 0.650 0.000 -0.399 -0.647 0.696 0.000 -0.576 0.429 
-0.682 0.121 -0.168 -0.701 0.847 0.000 -0.395 -0.356 0.848 0.000 0.069 -0.525 0.829 0.000 -0.381 -0.409 0.907 0.000 0.069 -0.415 0.672 0.000 -0.365 -0.645 0.681 0.000 -0.598 0.423 0.650 0.000 -0.399 -0.647 0.696 0.000 -0.576 0.429 
-0.682 0.121 -0.168 -0.702 0.846 0.000 -0.399 -0.354 0.849 0.000 0.066 -0.524 0.830 0.000 -0.377 -0.411 0.907 0.000 0.070 -0.415 0.672 0.000 -0.365 -0.645 0.681 0.000 -0.598 0.423 0.650 0.000 -0.399 -0.647 0.696 0.000 -0.576 0.429 
-0.682 0.121 -0.168 -0.702 0.844 0.000 -0.404 -0.352 0.851 -0.000 0.063 -0.522 0.830 0.000 -0.372 -0.414 0.907 0.000 0.070 -0.415 0.672 0.000 -0.365 -0.645 0.680 0.000 -0.598 0.423 0.650 0.000 -0.399 -0.647 0.696 0.000 -0.576 0.429 
-0.682 0.121 -0.168 -0.702 0.843 0.000 -0.408 -0.350 0.852 0.000 0.059 -0.520 0.831 0.000 -0.368 -0.417 0.907 0.000 0.071 -0.414 0.672 0.000 -0.365 -0.645 0.680 0.000 -0.598 0.423 0.650 0.000 -0.399 -0.647 0.696 -0.000 -0.576 0.429 
-0.682 0.121 -0.168 -0.702 0.842 0.000 -0.412 -0.347 0.853 0.000 0.056 -0.519 0.831 0.000 -0.363 -0.420 0.908 0.000 0.072 -0.414 0.672 0.000 -0.364 -0.645 0.680 0.000 -0.598 0.423 0.650 -0.000 -0.399 -0.647 0.696 0.000 -0.576 0.429 
-0.682 0.121 -0.168 -0.702 0.841 0.000 -0.417 -0.344 0.854 0.000 0.052 -0.517 0.832 0.000 -0.359 -0.423 0.908 0.000 0.073 -0.412 0.672 0.000 -0.364 -0.645 0.680 0.000 -0.598 0.423 0.650 0.000 -0.399 -0.647 0.696 -0.000 -0.576 0.429 
-0.682 0.121 -0.168 -0.702 0.840 0.000 -0.422 -0.341 0.856 0.000 0.049 -0.515 0.832 0.000 -0.355 -0.427 0.908 -0.000 0.074 -0.412 0.672 0.000 -0.365 -0.645 0.680 0.000 -0.598 0.424 0.650 0.000 -0.399 -0.647 0.696 0.000 -0.576 0.429 
-0.682 0.121 -0.168 -0.702 0.839 0.000 -0.426 -0.338 0.857 0.000 0.046 -0.514 0.832 0.000 -0.350 -0.430 0.909 0.000 0.075 -0.410 0.672 -0.000 -0.364 -0.645 0.680 0.000 -0.598 0.424 0.650 0.000 -0.399 -0.647 0.696 0.000 -0.576 0.428 
-0.682 0.121 -0.168 -0.702 0.838 0.000 -0.431 -0.335 0.858 0.000 0.042 -0.512 0.832 0.000 -0.346 -0.433 0.909 0.000 0.077 -0.410 0.672 0.000 -0.364 -0.645 0.680 0.000 -0.598 0.424 0.650 0.000 -0.399 -0.647 0.696 -0.000 -0.576 0.428 
-0.682 0.121 -0.168 -0.702 0.837 0.000 -0.436 -0.331 0.859 -0.000 0.038 -0.511 0.833 0.000 -0.341 -0.436 0.910 0.000 0.078 -0.408 0.671 -0.000 -0.364 -0.645 0.680 0.000 -0.598 0.424 0.650 0.000 -0.398 -0.647 0.696 0.000 -0.577 0.428 
-0.682 0.121 -0.168 -0.702 0.836 0.000 -0.441 -0.327 0.860 0.000 0.035 -0.509 0.833 0.000 -0.337 -0.439 0.910 0.000 0.079 -0.407 0.671 0.000 -0.364 -0.646 0.680 0.000 -0.598 0.424 0.650 0.000 -0.398 -0.647 0.696 0.000 -0.577 0.427 
-0.682 0.121 -0.168 -0.702 0.835 0.000 -0.445 -0.324 0.862 0.000 0.033 -0.507 0.833 -0.000 -0.333 -0.442 0.910 0.000 0.081 -0.407 0.671 0.000 -0.364 -0.646 0.680 0.000 -0.598 0.424 0.650 0.000 -0.398 -0.647 0.696 0.000 -0.577 0.427 
-0.681 0.120 -0.168 -0.702 0.834 -0.000 -0.450 -0.320 0.863 -0.000 0.030 -0.504 0.833 -0.000 -0.330 -0.444 0.910 0.000 0.082 -0.406 0.671 0.000 -0.364 -0.646 0.680 0.000 -0.598 0.424 0.650 0.000 -0.398 -0.647 0.696 -0.000 -0.577 0.426 
-0.682 0.120 -0.168 -0.702 0.833 0.000 -0.454 -0.317 0.865 -0.000 0.027 -0.502 0.833 0.000 -0.326 -0.447 0.910 0.000 0.084 -0.406 0.671 0.000 -0.363 -0.646 0.680 0.000 -0.598 0.424 0.651 0.000 -0.397 -0.647 0.696 0.000 -0.578 0.426 
-0.682 0.120 -0.168 -0.702 0.831 0.000 -0.459 -0.314 0.867 0.000 0.026 -0.498 0.833 0.000 -0.323 -0.449 0.910 0.000 0.086 -0.405 0.671 -0.000 -0.363 -0.647 0.680 0.000 -0.598 0.424 0.651 0.000 -0.397 -0.647 0.696 0.000 -0.578 0.426 
-0.682 0.120 -0.168 -0.702 0.830 0.000 -0.463 -0.311 0.868 0.000 0.023 -0.496 0.833 0.000 -0.320 -0.451 0.910 0.000 0.087 -0.405 0.671 0.000 -0.363 -0.647 0.679 0.000 -0.599 0.424 0.651 -0.000 -0.397 -0.647 0.697 0.000 -0.578 0.425 
-0.682 0.120 -0.168 -0.702 0.829 0.000 -0.466 -0.309 0.870 0.000 0.020 -0.493 0.833 -0.000 -0.317 -0.453 0.910 0.000 0.090 -0.405 0.671 0.000 -0.363 -0.647 0.679 0.000 -0.599 0.424 0.651 0.000 -0.397 -0.647 0.697 0.000 -0.578 0.425 
-0.682 0.120 -0.167 -0.702 0.828 0.000 -0.469 -0.306 0.871 0.000 0.018 -0.491 0.833 -0.000 -0.315 -0.454 0.910 0.000 0.092 -0.405 0.670 0.000 -0.362 -0.647 0.679 0.000 -0.599 0.424 0.651 0.000 -0.397 -0.647 0.697 0.000 -0.578 0.425 
-0.682 0.120 -0.167 -0.702 0.827 0.000 -0.472 -0.304 0.873 -0.000 0.016 -0.488 0.833 0.000 -0.313 -0.456 0.910 0.000 0.094 -0.405 0.670 0.000 -0.362 -0.648 0.679 0.000 -0.599 0.424 0.651 0.000 -0.396 -0.648 0.697 0.000 -0.578 0.425 
-0.682 0.119 -0.167 -0.702 0.827 0.000 -0.475 -0.302 0.874 -0.000 0.013 -0.486 0.833 0.000 -0.311 -0.458 0.909 -0.000 0.096 -0.405 0.670 0.000 -0.362 -0.648 0.679 0.000 -0.599 0.424 0.651 0.000 -0.396 -0.648 0.697 0.000 -0.578 0.424 
-0.682 0.119 -0.167 -0.702 0.826 0.000 -0.477 -0.300 0.875 0.000 0.011 -0.484 0.833 0.000 -0.309 -0.459 0.909 0.000 0.099 -0.405 0.670 0.000 -0.362 -0.648 0.679 0.000 -0.599 0.424 0.651 0.000 -0.396 -0.648 0.697 0.000 -0.579 0.424 
-0.682 0.119 -0.167 -0.702 0.826 0.000 -0.478 -0.299 0.877 0.000 0.009 -0.481 0.833 -0.000 -0.308 -0.460 0.909 0.000 0.101 -0.405 0.670 0.000 -0.361 -0.648 0.679 0.000 -0.599 0.424 0.651 0.000 -0.395 -0.648 0.697 0.000 -0.579 0.423 
-0.682 0.119 -0.167 -0.703 0.825 0.000 -0.480 -0.297 0.878 0.000 0.008 -0.479 0.833 -0.000 -0.307 -0.461 0.908 0.000 0.103 -0.405 0.670 0.000 -0.361 -0.648 0.679 0.000 -0.599 0.424 0.651 0.000 -0.395 -0.648 0.697 0.000 -0.579 0.423 
-0.682 0.119 -0.167 -0.703 0.825 0.000 -0.481 -0.297 0.879 0.000 0.006 -0.477 0.833 0.000 -0.306 -0.461 0.908 -0.000 0.105 -0.406 0.670 0.000 -0.361 -0.649 0.679 -0.000 -0.599 0.424 0.651 0.000 -0.395 -0.649 0.697 0.000 -0.579 0.423 
-0.682 0.119 -0.166 -0.703 0.825 -0.000 -0.482 -0.296 0.880 0.000 0.005 -0.475 0.833 0.000 -0.306 -0.461 0.907 0.000 0.106 -0.407 0.670 0.000 -0.361 -0.649 0.679 0.000 -0.599 0.423 0.651 0.000 -0.395 -0.649 0.697 0.000 -0.580 0.423 
-0.682 0.119 -0.166 -0.703 0.825 -0.000 -0.482 -0.296 0.881 -0.000 0.004 -0.473 0.833 0.000 -0.306 -0.461 0.907 -0.000 0.108 -0.408 0.670 0.000 -0.361 -0.649 0.679 0.000 -0.599 0.423 0.651 0.000 -0.394 -0.649 0.697 0.000 -0.580 0.422 
-0.682 0.119 -0.166 -0.703 0.825 0.000 -0.482 -0.295 0.882 0.000 0.004 -0.472 0.833 0.000 -0.306 -0.461 0.906 0.000 0.109 -0.409 0.670 -0.000 -0.360 -0.649 0.680 0.000 -0.599 0.423 0.651 0.000 -0.394 -0.649 0.697 0.000 -0.580 0.422 
-0.682 0.119 -0.166 -0.703 0.825 0.000 -0.482 -0.295 0.882 0.000 0.003 -0.470 0.833 0.000 -0.306 -0.461 0.906 0.000 0.110 -0.410 0.670 0.000 -0.360 -0.649 0.680 0.000 -0.600 0.423 0.651 0.000 -0.394 -0.649 0.697 0.000 -0.580 0.422 
-0.682 0.118 -0.166 -0.703 0.825 0.000 -0.482 -0.296 0.883 0.000 0.003 -0.470 0.833 -0.000 -0.307 -0.460 0.905 0.000 0.111 -0.410 0.670 0.000 -0.360 -0.649 0.680 0.000 -0.600 0.422 0.650 0.000 -0.394 -0.649 0.697 0.000 -0.580 0.422 
-0.682 0.118 -0.166 -0.703 0.825 0.000 -0.481 -0.296 0.883 0.000 0.004 -0.469 0.833 0.000 -0.308 -0.460 0.905 0.000 0.112 -0.411 0.670 0.000 -0.360 -0.649 0.680 0.000 -0.600 0.422 0.650 0.000 -0.394 -0.650 0.697 -0.000 -0.580 0.422 
-0.682 0.118 -0.166 -0.703 0.825 0.000 -0.481 -0.297 0.883 0.000 0.004 -0.469 0.833 0.000 -0.309 -0.459 0.904 -0.000 0.112 -0.412 0.670 0.000 -0.360 -0.649 0.680 0.000 -0.600 0.422 0.650 -0.000 -0.393 -0.650 0.697 0.000 -0.580 0.422 
-0.682 0.118 -0.166 -0.703 0.826 0.000 -0.479 -0.297 0.883 0.000 0.004 -0.469 0.833 0.000 -0.311 -0.458 0.904 0.000 0.113 -0.413 0.670 0.000 -0.359 -0.649 0.680 0.000 -0.600 0.422 0.650 -0.000 -0.393 -0.650 0.697 0.000 -0.580 0.422 
-0.682 0.118 -0.166 -0.703 0.826 0.000 -0.478 -0.299 0.883 -0.000 0.005 -0.469 0.833 0.000 -0.312 -0.457 0.903 0.000 0.113 -0.414 0.670 0.000 -0.359 -0.649 0.680 0.000 -0.600 0.422 0.650 -0.000 -0.393 -0.650 0.697 0.000 -0.580 0.422 
-0.682 0.118 -0.165 -0.703 0.827 0.000 -0.476 -0.300 0.883 0.000 0.006 -0.469 0.833 0.000 -0.314 -0.456 0.903 0.000 0.113 -0.415 0.671 0.000 -0.359 -0.649 0.680 0.000 -0.600 0.421 0.650 0.000 -0.393 -0.650 0.697 0.000 -0.580 0.422 
-0.682 0.118 -0.165 -0.703 0.827 0.000 -0.474 -0.301 0.883 0.000 0.007 -0.469 0.833 0.000 -0.316 -0.455 0.903 0.000 0.112 -0.415 0.671 0.000 -0.359 -0.649 0.680 -0.000 -0.600 0.421 0.650 0.000 -0.393 -0.650 0.697 0.000 -0.580 0.422 
-0.682 0.118 -0.165 -0.703 0.828 0.000 -0.472 -0.302 0.883 -0.000 0.009 -0.470 0.832 0.000 -0.318 -0.453 0.903 0.000 0.110 -0.415 0.671 0.000 -0.359 -0.649 0.680 0.000 -0.600 0.421 0.650 0.000 -0.393 -0.650 0.697 0.000 -0.580 0.422 
-0.682 0.118 -0.165 -0.703 0.829 0.000 -0.470 -0.304 0.882 0.000 0.010 -0.471 0.832 0.000 -0.321 -0.452 0.904 0.000 0.109 -0.414 0.671 0.000 -0.359 -0.649 0.680 0.000 -0.600 0.421 0.650 0.000 -0.393 -0.650 0.697 0.000 -0.580 0.422 
-0.682 0.118 -0.166 -0.703 0.830 -0.000 -0.467 -0.306 0.882 0.000 0.012 -0.472 0.832 0.000 -0.323 -0.451 0.904 0.000 0.107 -0.414 0.671 0.000 -0.359 -0.649 0.680 0.000 -0.600 0.421 0.650 0.000 -0.393 -0.650 0.697 0.000 -0.580 0.422 
-0.682 0.118 -0.166 -0.703 0.830 0.000 -0.465 -0.308 0.881 0.000 0.013 -0.473 0.832 0.000 -0.326 -0.450 0.905 0.000 0.105 -0.413 0.671 0.000 -0.359 -0.649 0.680 0.000 -0.600 0.422 0.650 0.000 -0.394 -0.650 0.696 0.000 -0.580 0.422 
-0.682 0.119 -0.166 -0.703 0.831 0.000 -0.462 -0.309 0.880 0.000 0.015 -0.474 0.831 0.000 -0.329 -0.448 0.905 0.000 0.102 -0.412 0.671 0.000 -0.360 -0.649 0.680 0.000 -0.600 0.422 0.650 0.000 -0.394 -0.650 0.696 -0.000 -0.580 0.422 
-0.682 0.119 -0.166 -0.703 0.832 0.000 -0.459 -0.312 0.880 0.000 0.017 -0.475 0.831 -0.000 -0.332 -0.447 0.906 0.000 0.100 -0.411 0.671 0.000 -0.360 -0.648 0.680 0.000 -0.600 0.422 0.650 0.000 -0.394 -0.650 0.696 0.000 -0.580 0.423 
-0.682 0.119 -0.166 -0.703 0.833 -0.000 -0.455 -0.315 0.879 0.000 0.019 -0.476 0.830 -0.000 -0.336 -0.445 0.907 -0.000 0.098 -0.410 0.671 0.000 -0.361 -0.648 0.680 0.000 -0.599 0.423 0.650 0.000 -0.395 -0.649 0.697 0.000 -0.579 0.423 
-0.682 0.119 -0.166 -0.703 0.834 0.000 -0.452 -0.317 0.879 0.000 0.022 -0.477 0.830 0.000 -0.339 -0.443 0.908 0.000 0.095 -0.409 0.671 0.000 -0.361 -0.648 0.680 0.000 -0.599 0.423 0.650 0.000 -0.395 -0.649 0.696 0.000 -0.579 0.423 
-0.682 0.119 -0.166 -0.702 0.835 0.000 -0.449 -0.319 0.878 0.000 0.024 -0.478 0.829 0.000 -0.343 -0.441 0.909 -0.000 0.092 -0.407 0.671 0.000 -0.361 -0.648 0.680 0.000 -0.599 0.423 0.650 0.000 -0.395 -0.649 0.696 0.000 -0.579 0.424 
-0.682 0.119 -0.167 -0.702 0.836 0.000 -0.445 -0.322 0.877 0.000 0.027 -0.480 0.829 0.000 -0.347 -0.439 0.909 -0.000 0.089 -0.407 0.671 0.000 -0.361 -0.648 0.680 -0.000 -0.599 0.423 0.650 0.000 -0.395 -0.649 0.696 0.000 -0.579 0.424 
-0.682 0.119 -0.167 -0.702 0.837 0.000 -0.441 -0.325 0.876 0.000 0.029 -0.481 0.828 -0.000 -0.351 -0.437 0.910 0.000 0.086 -0.406 0.671 -0.000 -0.362 -0.648 0.680 0.000 -0.599 0.424 0.650 0.000 -0.396 -0.648 0.697 0.000 -0.579 0.424 
-0.682 0.120 -0.167 -0.702 0.838 0.000 -0.437 -0.328 0.876 0.000 0.032 -0.481 0.828 -0.000 -0.355 -0.435 0.911 -0.000 0.083 -0.405 0.671 -0.000 -0.362 -0.648 0.680 0.000 -0.599 0.424 0.650 0.000 -0.396 -0.648 0.696 0.000 -0.579 0.424 
-0.682 0.120 -0.167 -0.702 0.839 0.000 -0.433 -0.330 0.875 -0.000 0.034 -0.483 0.827 0.000 -0.359 -0.432 0.911 0.000 0.080 -0.404 0.671 0.000 -0.362 -0.648 0.680 0.000 -0.599 0.424 0.651 0.000 -0.396 -0.648 0.697 0.000 -0.578 0.425 
-0.682 0.120 -0.167 -0.702 0.840 0.000 -0.429 -0.332 0.874 0.000 0.037 -0.484 0.827 0.000 -0.363 -0.429 0.911 0.000 0.077 -0.404 0.671 0.000 -0.362 -0.647 0.680 0.000 -0.599 0.424 0.651 0.000 -0.396 -0.648 0.696 0.000 -0.578 0.425 
-0.682 0.120 -0.168 -0.702 0.841 -0.000 -0.425 -0.335 0.874 -0.000 0.039 -0.485 0.826 -0.000 -0.368 -0.427 0.912 0.000 0.074 -0.403 0.671 0.000 -0.362 -0.647 0.680 0.000 -0.599 0.424 0.651 0.000 -0.397 -0.648 0.696 0.000 -0.578 0.425 
-0.682 0.120 -0.168 -0.702 0.842 -0.000 -0.421 -0.338 0.873 0.000 0.041 -0.486 0.826 0.000 -0.372 -0.425 0.913 0.000 0.071 -0.402 0.670 0.000 -0.363 -0.647 0.680 0.000 -0.598 0.425 0.651 0.000 -0.397 -0.647 0.696 0.000 -0.578 0.426 
-0.682 0.120 -0.168 -0.702 0.843 0.000 -0.417 -0.340 0.872 0.000 0.044 -0.487 0.825 0.000 -0.376 -0.422 0.913 0.000 0.068 -0.402 0.671 0.000 -0.363 -0.647 0.679 0.000 -0.598 0.425 0.651 0.000 -0.397 -0.647 0.696 0.000 -0.578 0.426 
-0.682 0.120 -0.168 -0.702 0.844 0.000 -0.413 -0.343 0.871 0.000 0.047 -0.488 0.824 0.000 -0.381 -0.419 0.913 -0.000 0.066 -0.402 0.670 0.000 -0.363 -0.647 0.679 0.000 -0.598 0.425 0.651 0.000 -0.397 -0.647 0.696 0.000 -0.578 0.426 
-0.682 0.120 -0.168 -0.702 0.845 0.000 -0.409 -0.345 0.871 0.000 0.050 -0.490 0.824 0.000 -0.385 -0.417 0.914 -0.000 0.063 -0.402 0.670 -0.000 -0.363 -0.647 0.680 0.000 -0.598 0.425 0.651 -0.000 -0.397 -0.647 0.696 0.000 -0.577 0.426 
-0.682 0.120 -0.168 -0.702 0.846 0.000 -0.405 -0.347 0.870 0.000 0.053 -0.491 0.823 0.000 -0.389 -0.414 0.914 0.000 0.060 -0.401 0.670 0.000 -0.363 -0.647 0.679 0.000 -0.598 0.425 0.651 -0.000 -0.398 -0.647 0.696 -0.000 -0.577 0.426 
-0.682 0.120 -0.168 -0.702 0.847 0.000 -0.402 -0.349 0.869 0.000 0.056 -0.492 0.822 0.000 -0.393 -0.412 0.914 0.000 0.058 -0.401 0.670 0.000 -0.363 -0.647 0.680 0.000 -0.598 0.425 0.650 0.000 -0.398 -0.647 0.696 -0.000 -0.577 0.426 
-0.682 0.120 -0.168 -0.702 0.848 0.000 -0.398 -0.351 0.868 -0.000 0.059 -0.493 0.821 0.000 -0.397 -0.409 0.915 0.000 0.056 -0.400 0.670 0.000 -0.364 -0.647 0.679 -0.000 -0.598 0.425 0.650 0.000 -0.398 -0.647 0.696 -0.000 -0.577 0.427 
-0.682 0.120 -0.168 -0.702 0.848 0.000 -0.394 -0.353 0.867 0.000 0.062 -0.494 0.821 0.000 -0.401 -0.407 0.915 0.000 0.053 -0.400 0.670 0.000 -0.364 -0.647 0.680 0.000 -0.598 0.425 0.650 0.000 -0.398 -0.647 0.696 0.000 -0.577 0.427 
-0.682 0.121 -0.168 -0.702 0.849 0.000 -0.391 -0.355 0.866 -0.000 0.064 -0.495 0.820 0.000 -0.405 -0.405 0.915 0.000 0.050 -0.400 0.671 0.000 -0.364 -0.647 0.680 0.000 -0.598 0.425 0.650 0.000 -0.398 -0.647 0.696 0.000 -0.577 0.427 
-0.682 0.121 -0.168 -0.702 0.850 -0.000 -0.388 -0.357 0.866 0.000 0.067 -0.496 0.819 0.000 -0.409 -0.403 0.916 -0.000 0.048 -0.399 0.670 0.000 -0.364 -0.647 0.680 0.000 -0.598 0.425 0.650 0.000 -0.398 -0.647 0.696 0.000 -0.577 0.427 
-0.682 0.121 -0.168 -0.702 0.851 0.000 -0.385 -0.358 0.865 0.000 0.070 -0.497 0.818 0.000 -0.412 -0.401 0.916 0.000 0.046 -0.398 0.670 0.000 -0.364 -0.647 0.680 0.000 -0.598 0.425 0.650 0.000 -0.398 -0.647 0.696 0.000 -0.577 0.427 
-0.682 0.121 -0.168 -0.702 0.851 0.000 -0.382 -0.360 0.864 0.000 0.072 -0.498 0.818 0.000 -0.414 -0.398 0.916 0.000 0.043 -0.398 0.670 0.000 -0.364 -0.647 0.680 0.000 -0.598 0.424 0.650 -0.000 -0.397 -0.647 0.696 0.000 -0.577 0.428 
-0.682 0.121 -0.168 -0.702 0.852 -0.000 -0.379 -0.362 0.863 0.000 0.075 -0.499 0.817 0.000 -0.418 -0.397 0.917 0.000 0.042 -0.397 0.670 0.000 -0.364 -0.647 0.680 0.000 -0.598 0.424 0.651 0.000 -0.397 -0.647 0.696 0.000 -0.577 0.427 
-0.682 0.121 -0.168 -0.702 0.853 0.000 -0.376 -0.363 0.862 0.000 0.078 -0.500 0.817 0.000 -0.420 -0.395 0.917 0.000 0.040 -0.397 0.670 -0.000 -0.363 -0.647 0.680 0.000 -0.598 0.424 0.651 0.000 -0.397 -0.647 0.696 -0.000 -0.577 0.427 
-0.682 0.121 -0.168 -0.702 0.853 0.000 -0.374 -0.364 0.862 0.000 0.080 -0.501 0.816 0.000 -0.423 -0.394 0.917 0.000 0.038 -0.396 0.671 0.000 -0.363 -0.647 0.680 -0.000 -0.598 0.424 0.650 0.000 -0.397 -0.647 0.696 0.000 -0.577 0.428 
-0.682 0.121 -0.168 -0.702 0.854 0.000 -0.372 -0.365 0.861 0.000 0.083 -0.502 0.815 0.000 -0.425 -0.393 0.918 0.000 0.036 -0.396 0.671 0.000 -0.363 -0.647 0.680 0.000 -0.598 0.424 0.650 0.000 -0.397 -0.647 0.696 -0.000 -0.577 0.427 
-0.682 0.121 -0.167 -0.702 0.854 -0.000 -0.370 -0.365 0.860 0.000 0.085 -0.503 0.815 0.000 -0.428 -0.392 0.918 0.000 0.036 -0.395 0.671 0.000 -0.363 -0.647 0.680 0.000 -0.598 0.424 0.650 0.000 -0.397 -0.648 0.696 0.000 -0.577 0.428 
-0.682 0.121 -0.167 -0.702 0.855 -0.000 -0.368 -0.366 0.859 0.000 0.086 -0.504 0.814 0.000 -0.430 -0.391 0.918 0.000 0.034 -0.395 0.671 -0.000 -0.363 -0.647 0.680 0.000 -0.598 0.424 0.650 0.000 -0.397 -0.647 0.696 0.000 -0.577 0.428 
-0.682 0.121 -0.167 -0.702 0.855 0.000 -0.367 -0.366 0.859 -0.000 0.088 -0.505 0.814 0.000 -0.431 -0.390 0.919 0.000 0.033 -0.394 0.670 0.000 -0.364 -0.647 0.680 0.000 -0.598 0.423 0.650 0.000 -0.397 -0.648 0.696 0.000 -0.577 0.428 
-0.682 0.121 -0.167 -0.702 0.855 0.000 -0.366 -0.367 0.858 0.000 0.090 -0.506 0.813 0.000 -0.433 -0.389 0.919 0.000 0.032 -0.393 0.670 0.000 -0.363 -0.647 0.680 0.000 -0.599 0.423 0.650 0.000 -0.397 -0.648 0.696 0.000 -0.577 0.428 
-0.682 0.121 -0.167 -0.702 0.856 0.000 -0.365 -0.367 0.857 0.000 0.092 -0.507 0.813 0.000 -0.434 -0.389 0.919 0.000 0.031 -0.393 0.671 0.000 -0.363 -0.647 0.680 0.000 -0.599 0.423 0.649 0.000 -0.397 -0.649 0.696 0.000 -0.577 0.428 
-0.682 0.120 -0.167 -0.702 0.856 0.000 -0.364 -0.367 0.856 0.000 0.093 -0.508 0.812 0.000 -0.435 -0.390 0.919 0.000 0.030 -0.392 0.671 0.000 -0.363 -0.647 0.680 0.000 -0.599 0.423 0.649 0.000 -0.397 -0.649 0.696 -0.000 -0.578 0.427 
-0.682 0.120 -0.167 -0.702 0.856 -0.000 -0.363 -0.367 0.856 0.000 0.094 -0.509 0.811 0.000 -0.436 -0.390 0.920 0.000 0.030 -0.392 0.671 0.000 -0.363 -0.647 0.680 0.000 -0.599 0.423 0.649 0.000 -0.397 -0.649 0.696 0.000 -0.577 0.427 
-0.682 0.120 -0.167 -0.702 0.857 0.000 -0.363 -0.366 0.855 0.000 0.095 -0.509 0.811 0.000 -0.436 -0.390 0.920 0.000 0.029 -0.391 0.671 -0.000 -0.363 -0.647 0.680 0.000 -0.599 0.423 0.649 0.000 -0.397 -0.649 0.696 -0.000 -0.578 0.427 
-0.682 0.120 -0.167 -0.702 0.857 0.000 -0.363 -0.366 0.855 0.000 0.096 -0.510 0.811 0.000 -0.436 -0.390 0.920 0.000 0.029 -0.391 0.671 0.000 -0.363 -0.647 0.680 0.000 -0.599 0.423 0.649 0.000 -0.397 -0.649 0.696 0.000 -0.578 0.427 
-0.682 0.120 -0.167 -0.702 0.857 0.000 -0.363 -0.365 0.855 0.000 0.096 -0.510 0.810 0.000 -0.436 -0.392 0.920 0.000 0.030 -0.390 0.671 0.000 -0.362 -0.647 0.680 0.000 -0.599 0.423 0.649 0.000 -0.397 -0.649 0.696 -0.000 -0.578 0.427 
-0.682 0.120 -0.167 -0.702 0.857 0.000 -0.364 -0.365 0.854 0.000 0.096 -0.511 0.810 0.000 -0.436 -0.392 0.920 0.000 0.028 -0.390 0.671 0.000 -0.362 -0.647 0.680 -0.000 -0.599 0.423 0.649 -0.000 -0.397 -0.649 0.696 0.000 -0.578 0.427 
-0.682 0.120 -0.167 -0.702 0.857 -0.000 -0.365 -0.364 0.854 0.000 0.096 -0.511 0.810 0.000 -0.436 -0.393 0.920 -0.000 0.029 -0.390 0.671 0.000 -0.362 -0.647 0.680 0.000 -0.599 0.423 0.649 0.000 -0.396 -0.649 0.696 0.000 -0.578 0.427 
-0.682 0.120 -0.167 -0.702 0.857 0.000 -0.365 -0.363 0.854 0.000 0.095 -0.511 0.810 0.000 -0.435 -0.394 0.921 0.000 0.031 -0.389 0.671 0.000 -0.362 -0.647 0.680 0.000 -0.599 0.423 0.649 0.000 -0.397 -0.649 0.696 0.000 -0.578 0.427 
-0.682 0.120 -0.167 -0.702 0.857 0.000 -0.367 -0.362 0.854 0.000 0.094 -0.512 0.809 -0.000 -0.434 -0.396 0.921 0.000 0.030 -0.389 0.671 -0.000 -0.362 -0.647 0.680 0.000 -0.599 0.423 0.649 -0.000 -0.397 -0.649 0.696 0.000 -0.578 0.427 
-0.682 0.120 -0.167 -0.702 0.857 0.000 -0.368 -0.361 0.854 0.000 0.093 -0.512 0.810 0.000 -0.433 -0.397 0.921 0.000 0.031 -0.389 0.671 0.000 -0.362 -0.647 0.680 0.000 -0.599 0.423 0.649 0.000 -0.397 -0.649 0.696 0.000 -0.577 0.427 
-0.682 0.120 -0.167 -0.702 0.857 0.000 -0.369 -0.360 0.854 0.000 0.092 -0.512 0.810 -0.000 -0.431 -0.398 0.921 0.000 0.031 -0.389 0.671 0.000 -0.362 -0.647 0.680 -0.000 -0.599 0.423 0.649 0.000 -0.397 -0.649 0.696 -0.000 -0.578 0.427 
-0.682 0.120 -0.167 -0.702 0.857 -0.000 -0.371 -0.359 0.855 -0.000 0.090 -0.511 0.810 0.000 -0.430 -0.400 0.920 0.000 0.032 -0.390 0.671 0.000 -0.362 -0.647 0.680 -0.000 -0.599 0.423 0.649 0.000 -0.397 -0.649 0.696 0.000 -0.578 0.427 
-0.682 0.120 -0.167 -0.702 0.856 -0.000 -0.372 -0.358 0.855 0.000 0.088 -0.510 0.810 0.000 -0.428 -0.401 0.920 0.000 0.033 -0.390 0.671 0.000 -0.362 -0.647 0.680 0.000 -0.599 0.423 0.650 0.000 -0.397 -0.649 0.696 0.000 -0.577 0.427 
-0.682 0.120 -0.167 -0.702 0.856 0.000 -0.374 -0.356 0.856 0.000 0.086 -0.510 0.810 -0.000 -0.426 -0.402 0.920 0.000 0.034 -0.391 0.671 -0.000 -0.362 -0.647 0.680 0.000 -0.599 0.423 0.649 -0.000 -0.397 -0.649 0.696 0.000 -0.578 0.427 
-0.682 0.120 -0.167 -0.702 0.856 0.000 -0.376 -0.355 0.857 0.000 0.083 -0.509 0.811 0.000 -0.424 -0.404 0.920 0.000 0.035 -0.391 0.671 0.000 -0.362 -0.647 0.680 0.000 -0.599 0.423 0.650 0.000 -0.397 -0.649 0.696 0.000 -0.578 0.427 
-0.682 0.120 -0.167 -0.702 0.855 0.000 -0.378 -0.354 0.857 0.000 0.081 -0.508 0.811 0.000 -0.422 -0.405 0.919 0.000 0.036 -0.392 0.671 0.000 -0.363 -0.647 0.680 0.000 -0.599 0.423 0.650 0.000 -0.397 -0.649 0.696 0.000 -0.577 0.427 
-0.682 0.120 -0.167 -0.702 0.855 -0.000 -0.381 -0.352 0.858 0.000 0.079 -0.507 0.811 0.000 -0.419 -0.407 0.919 0.000 0.037 -0.392 0.671 0.000 -0.362 -0.647 0.680 0.000 -0.599 0.423 0.650 -0.000 -0.397 -0.649 0.696 -0.000 -0.578 0.427 
-0.682 0.120 -0.167 -0.702 0.855 0.000 -0.383 -0.350 0.859 -0.000 0.076 -0.507 0.812 0.000 -0.417 -0.409 0.919 0.000 0.038 -0.393 0.671 0.000 -0.363 -0.647 0.680 0.000 -0.599 0.423 0.650 0.000 -0.397 -0.649 0.696 0.000 -0.578 0.427 
-0.682 0.120 -0.167 -0.702 0.854 -0.000 -0.385 -0.349 0.860 0.000 0.073 -0.506 0.812 0.000 -0.414 -0.411 0.919 -0.000 0.039 -0.393 0.671 0.000 -0.363 -0.647 0.680 0.000 -0.599 0.423 0.650 0.000 -0.397 -0.648 0.696 0.000 -0.577 0.427 
-0.682 0.120 -0.167 -0.702 0.854 0.000 -0.388 -0.347 0.860 0.000 0.070 -0.505 0.813 0.000 -0.411 -0.413 0.918 0.000 0.040 -0.394 0.671 0.000 -0.363 -0.647 0.680 -0.000 -0.599 0.423 0.650 0.000 -0.397 -0.648 0.696 0.000 -0.577 0.427 
-0.682 0.120 -0.167 -0.702 0.853 0.000 -0.391 -0.345 0.861 -0.000 0.067 -0.503 0.813 0.000 -0.408 -0.415 0.918 -0.000 0.041 -0.395 0.671 0.000 -0.363 -0.647 0.680 0.000 -0.599 0.423 0.650 0.000 -0.397 -0.648 0.696 0.000 -0.577 0.427 
-0.682 0.120 -0.167 -0.702 0.852 0.000 -0.394 -0.343 0.862 0.000 0.065 -0.502 0.814 -0.000 -0.404 -0.417 0.918 -0.000 0.043 -0.395 0.671 0.000 -0.362 -0.647 0.680 -0.000 -0.599 0.423 0.650 -0.000 -0.397 -0.648 0.696 0.000 -0.577 0.427 
-0.682 0.120 -0.167 -0.702 0.852 0.000 -0.397 -0.341 0.863 0.000 0.062 -0.501 0.815 0.000 -0.401 -0.419 0.917 -0.000 0.043 -0.396 0.671 0.000 -0.363 -0.646 0.680 -0.000 -0.599 0.423 0.650 0.000 -0.397 -0.648 0.696 0.000 -0.577 0.427 
-0.682 0.120 -0.167 -0.702 0.851 0.000 -0.401 -0.339 0.864 -0.000 0.059 -0.500 0.815 0.000 -0.397 -0.421 0.917 0.000 0.045 -0.396 0.671 0.000 -0.362 -0.647 0.680 0.000 -0.599 0.423 0.650 0.000 -0.397 -0.648 0.696 -0.000 -0.577 0.427 
-0.682 0.120 -0.167 -0.702 0.850 0.000 -0.404 -0.336 0.865 0.000 0.056 -0.499 0.816 0.000 -0.393 -0.424 0.917 0.000 0.046 -0.396 0.671 0.000 -0.362 -0.647 0.680 0.000 -0.599 0.423 0.650 0.000 -0.397 -0.648 0.696 0.000 -0.577 0.427 
-0.682 0.120 -0.167 -0.702 0.850 0.000 -0.408 -0.334 0.866 0.000 0.054 -0.498 0.817 0.000 -0.389 -0.427 0.917 0.000 0.047 -0.396 0.671 0.000 -0.362 -0.647 0.680 0.000 -0.599 0.423 0.650 0.000 -0.397 -0.648 0.696 0.000 -0.578 0.427 
-0.682 0.120 -0.167 -0.702 0.849 0.000 -0.412 -0.331 0.866 -0.000 0.051 -0.497 0.817 0.000 -0.384 -0.429 0.917 0.000 0.047 -0.396 0.671 0.000 -0.363 -0.647 0.680 0.000 -0.599 0.423 0.650 0.000 -0.397 -0.648 0.696 0.000 -0.577 0.427 
-0.682 0.120 -0.167 -0.702 0.848 0.000 -0.415 -0.329 0.867 0.000 0.048 -0.496 0.818 0.000 -0.380 -0.432 0.917 0.000 0.048 -0.395 0.671 0.000 -0.363 -0.647 0.680 0.000 -0.599 0.423 0.650 0.000 -0.397 -0.648 0.696 0.000 -0.578 0.427 
-0.682 0.120 -0.168 -0.702 0.847 0.000 -0.419 -0.326 0.867 0.000 0.045 -0.496 0.819 0.000 -0.375 -0.436 0.918 -0.000 0.048 -0.395 0.671 0.000 -0.363 -0.647 0.680 0.000 -0.599 0.423 0.650 0.000 -0.397 -0.648 0.696 0.000 -0.578 0.427 
-0.682 0.120 -0.168 -0.702 0.846 0.000 -0.424 -0.323 0.868 0.000 0.042 -0.495 0.819 -0.000 -0.370 -0.439 0.918 0.000 0.049 -0.393 0.671 0.000 -0.362 -0.647 0.680 0.000 -0.599 0.423 0.650 0.000 -0.397 -0.648 0.696 0.000 -0.578 0.426 
-0.682 0.120 -0.168 -0.702 0.845 0.000 -0.428 -0.320 0.868 0.000 0.040 -0.494 0.819 0.000 -0.365 -0.442 0.919 0.000 0.050 -0.392 0.671 0.000 -0.362 -0.647 0.680 0.000 -0.599 0.423 0.650 0.000 -0.397 -0.648 0.696 0.000 -0.577 0.426 
-0.682 0.120 -0.168 -0.702 0.844 0.000 -0.432 -0.317 0.869 0.000 0.038 -0.494 0.820 0.000 -0.360 -0.446 0.919 0.000 0.050 -0.390 0.671 0.000 -0.363 -0.647 0.680 0.000 -0.599 0.423 0.650 -0.000 -0.397 -0.648 0.696 -0.000 -0.578 0.426 
-0.682 0.120 -0.168 -0.702 0.843 0.000 -0.437 -0.313 0.869 0.000 0.036 -0.493 0.820 0.000 -0.355 -0.450 0.920 0.000 0.051 -0.389 0.671 0.000 -0.363 -0.647 0.680 -0.000 -0.599 0.423 0.650 -0.000 -0.397 -0.648 0.696 0.000 -0.578 0.426 
-0.682 0.120 -0.168 -0.702 0.842 0.000 -0.441 -0.310 0.870 0.000 0.033 -0.493 0.820 0.000 -0.350 -0.453 0.921 0.000 0.053 -0.387 0.671 0.000 -0.362 -0.647 0.680 -0.000 -0.599 0.423 0.650 0.000 -0.397 -0.648 0.696 0.000 -0.578 0.426 
-0.682 0.120 -0.167 -0.702 0.841 0.000 -0.445 -0.307 0.870 0.000 0.031 -0.492 0.820 0.000 -0.345 -0.456 0.921 0.000 0.054 -0.386 0.671 0.000 -0.362 -0.647 0.680 0.000 -0.599 0.423 0.651 0.000 -0.396 -0.648 0.697 0.000 -0.578 0.425 
-0.682 0.119 -0.168 -0.702 0.840 0.000 -0.449 -0.304 0.871 0.000 0.028 -0.491 0.821 0.000 -0.340 -0.459 0.921 -0.000 0.055 -0.385 0.670 0.000 -0.362 -0.648 0.680 0.000 -0.599 0.423 0.651 0.000 -0.396 -0.648 0.697 -0.000 -0.578 0.425 
-0.682 0.119 -0.167 -0.702 0.839 -0.000 -0.453 -0.301 0.871 0.000 0.026 -0.490 0.821 -0.000 -0.335 -0.462 0.922 0.000 0.055 -0.384 0.670 0.000 -0.362 -0.648 0.680 0.000 -0.599 0.423 0.651 0.000 -0.396 -0.648 0.697 0.000 -0.578 0.425 
-0.682 0.119 -0.167 -0.702 0.838 0.000 -0.457 -0.299 0.872 0.000 0.024 -0.489 0.822 0.000 -0.331 -0.464 0.922 0.000 0.056 -0.383 0.670 0.000 -0.361 -0.648 0.680 -0.000 -0.600 0.423 0.651 0.000 -0.396 -0.648 0.697 0.000 -0.578 0.424 
-0.682 0.119 -0.167 -0.702 0.837 0.000 -0.460 -0.296 0.873 0.000 0.022 -0.488 0.822 0.000 -0.327 -0.467 0.922 0.000 0.057 -0.382 0.670 0.000 -0.361 -0.648 0.679 0.000 -0.600 0.422 0.651 0.000 -0.395 -0.648 0.697 0.000 -0.579 0.424 
-0.682 0.119 -0.167 -0.702 0.836 0.000 -0.464 -0.294 0.874 -0.000 0.019 -0.486 0.822 0.000 -0.323 -0.469 0.923 0.000 0.058 -0.381 0.670 -0.000 -0.361 -0.648 0.679 0.000 -0.600 0.423 0.651 0.000 -0.395 -0.648 0.697 0.000 -0.579 0.424 
-0.682 0.119 -0.167 -0.702 0.835 0.000 -0.467 -0.292 0.875 0.000 0.018 -0.484 0.822 0.000 -0.320 -0.470 0.922 0.000 0.059 -0.381 0.670 0.000 -0.361 -0.649 0.679 0.000 -0.600 0.423 0.651 0.000 -0.395 -0.648 0.696 0.000 -0.579 0.424 
-0.682 0.119 -0.167 -0.702 0.834 -0.000 -0.470 -0.290 0.875 0.000 0.016 -0.483 0.822 -0.000 -0.317 -0.472 0.922 0.000 0.061 -0.381 0.670 0.000 -0.361 -0.649 0.679 0.000 -0.600 0.422 0.651 0.000 -0.395 -0.648 0.696 0.000 -0.579 0.423 
-0.682 0.119 -0.167 -0.702 0.833 0.000 -0.473 -0.288 0.876 0.000 0.014 -0.481 0.823 0.000 -0.315 -0.473 0.922 0.000 0.062 -0.381 0.670 0.000 -0.360 -0.649 0.679 0.000 -0.600 0.422 0.651 0.000 -0.395 -0.648 0.697 0.000 -0.579 0.423 
-0.682 0.118 -0.167 -0.702 0.832 0.000 -0.475 -0.287 0.877 0.000 0.013 -0.480 0.823 0.000 -0.313 -0.475 0.922 0.000 0.064 -0.382 0.670 0.000 -0.360 -0.649 0.679 0.000 -0.600 0.422 0.651 0.000 -0.395 -0.648 0.696 0.000 -0.580 0.423 
-0.682 0.118 -0.167 -0.702 0.831 -0.000 -0.478 -0.286 0.878 0.000 0.011 -0.478 0.823 0.000 -0.311 -0.475 0.922 0.000 0.066 -0.383 0.670 0.000 -0.360 -0.649 0.680 0.000 -0.600 0.422 0.651 0.000 -0.394 -0.649 0.696 0.000 -0.580 0.423 
-0.682 0.118 -0.167 -0.702 0.830 0.000 -0.480 -0.285 0.879 0.000 0.010 -0.477 0.823 0.000 -0.310 -0.476 0.921 0.000 0.067 -0.383 0.670 0.000 -0.360 -0.649 0.679 0.000 -0.600 0.422 0.651 -0.000 -0.394 -0.649 0.697 0.000 -0.580 0.423 
-0.682 0.118 -0.167 -0.702 0.829 0.000 -0.481 -0.284 0.880 0.000 0.009 -0.475 0.823 0.000 -0.309 -0.477 0.921 0.000 0.069 -0.384 0.670 0.000 -0.360 -0.649 0.680 0.000 -0.600 0.422 0.651 0.000 -0.395 -0.649 0.696 0.000 -0.580 0.423 
-0.682 0.118 -0.166 -0.702 0.828 0.000 -0.483 -0.284 0.880 0.000 0.008 -0.474 0.823 0.000 -0.308 -0.477 0.920 0.000 0.071 -0.385 0.670 0.000 -0.360 -0.649 0.680 0.000 -0.600 0.422 0.651 0.000 -0.394 -0.649 0.696 0.000 -0.580 0.423 
-0.682 0.118 -0.166 -0.702 0.828 -0.000 -0.484 -0.283 0.881 0.000 0.007 -0.473 0.823 0.000 -0.307 -0.478 0.920 0.000 0.072 -0.385 0.671 0.000 -0.360 -0.649 0.680 -0.000 -0.600 0.421 0.651 0.000 -0.394 -0.649 0.696 0.000 -0.580 0.423 
-0.682 0.118 -0.166 -0.702 0.827 0.000 -0.485 -0.283 0.882 0.000 0.006 -0.472 0.823 0.000 -0.307 -0.478 0.920 0.000 0.074 -0.386 0.671 0.000 -0.360 -0.649 0.680 0.000 -0.601 0.421 0.651 0.000 -0.394 -0.649 0.696 0.000 -0.580 0.423 
-0.682 0.118 -0.166 -0.702 0.827 0.000 -0.486 -0.283 0.882 0.000 0.006 -0.471 0.823 -0.000 -0.307 -0.478 0.920 0.000 0.075 -0.386 0.671 0.000 -0.359 -0.649 0.680 0.000 -0.601 0.421 0.651 0.000 -0.394 -0.649 0.696 0.000 -0.580 0.422 
-0.682 0.118 -0.166 -0.702 0.826 0.000 -0.487 -0.284 0.882 0.000 0.006 -0.471 0.823 0.000 -0.307 -0.478 0.919 0.000 0.077 -0.386 0.671 0.000 -0.359 -0.649 0.680 0.000 -0.601 0.421 0.651 -0.000 -0.394 -0.649 0.696 0.000 -0.580 0.422 
-0.682 0.118 -0.166 -0.702 0.826 0.000 -0.487 -0.284 0.883 0.000 0.006 -0.470 0.823 0.000 -0.308 -0.478 0.919 0.000 0.078 -0.386 0.671 -0.000 -0.359 -0.649 0.680 0.000 -0.601 0.421 0.650 0.000 -0.394 -0.650 0.696 -0.000 -0.580 0.423 
-0.682 0.118 -0.166 -0.702 0.825 0.000 -0.487 -0.285 0.883 0.000 0.006 -0.470 0.823 0.000 -0.308 -0.477 0.919 0.000 0.079 -0.386 0.671 0.000 -0.359 -0.649 0.680 -0.000 -0.601 0.420 0.651 -0.000 -0.393 -0.650 0.696 0.000 -0.581 0.422 
-0.682 0.118 -0.166 -0.702 0.825 0.000 -0.487 -0.285 0.882 -0.000 0.006 -0.471 0.823 0.000 -0.310 -0.477 0.919 0.000 0.080 -0.387 0.671 0.000 -0.359 -0.649 0.680 0.000 -0.601 0.420 0.651 0.000 -0.393 -0.650 0.696 0.000 -0.581 0.422 
-0.682 0.118 -0.166 -0.702 0.825 0.000 -0.487 -0.286 0.882 -0.000 0.007 -0.471 0.823 0.000 -0.311 -0.476 0.918 0.000 0.080 -0.388 0.671 0.000 -0.359 -0.649 0.680 0.000 -0.601 0.420 0.651 0.000 -0.393 -0.650 0.696 0.000 -0.581 0.422 
-0.682 0.118 -0.166 -0.702 0.825 0.000 -0.487 -0.287 0.882 -0.000 0.008 -0.472 0.822 -0.000 -0.313 -0.475 0.918 0.000 0.080 -0.389 0.671 0.000 -0.359 -0.649 0.680 0.000 -0.601 0.420 0.651 0.000 -0.393 -0.650 0.696 0.000 -0.581 0.422 
-0.682 0.118 -0.166 -0.702 0.825 0.000 -0.486 -0.288 0.881 0.000 0.009 -0.472 0.822 0.000 -0.315 -0.474 0.917 0.000 0.081 -0.390 0.671 0.000 -0.358 -0.649 0.680 0.000 -0.601 0.419 0.651 0.000 -0.393 -0.650 0.696 0.000 -0.581 0.422 
-0.682 0.118 -0.166 -0.702 0.825 0.000 -0.485 -0.290 0.881 0.000 0.010 -0.473 0.822 -0.000 -0.317 -0.473 0.917 0.000 0.081 -0.390 0.671 0.000 -0.359 -0.649 0.680 -0.000 -0.601 0.420 0.651 0.000 -0.393 -0.650 0.696 0.000 -0.581 0.422 
-0.682 0.118 -0.166 -0.702 0.825 0.000 -0.484 -0.291 0.880 0.000 0.011 -0.475 0.822 0.000 -0.320 -0.472 0.917 0.000 0.081 -0.391 0.671 0.000 -0.359 -0.649 0.680 -0.000 -0.601 0.420 0.651 0.000 -0.393 -0.650 0.696 0.000 -0.581 0.422 
-0.682 0.118 -0.166 -0.702 0.825 0.000 -0.483 -0.292 0.880 0.000 0.012 -0.476 0.822 -0.000 -0.322 -0.470 0.917 0.000 0.080 -0.392 0.671 0.000 -0.359 -0.649 0.680 0.000 -0.601 0.420 0.651 0.000 -0.393 -0.650 0.696 0.000 -0.581 0.422 
-0.682 0.118 -0.166 -0.702 0.826 0.000 -0.481 -0.294 0.879 0.000 0.014 -0.477 0.821 0.000 -0.325 -0.469 0.916 0.000 0.080 -0.392 0.671 -0.000 -0.359 -0.649 0.680 -0.000 -0.601 0.420 0.651 0.000 -0.393 -0.649 0.696 0.000 -0.581 0.422 
-0.682 0.118 -0.166 -0.702 0.826 0.000 -0.480 -0.296 0.878 0.000 0.015 -0.478 0.821 0.000 -0.328 -0.467 0.916 0.000 0.079 -0.393 0.671 0.000 -0.359 -0.649 0.680 -0.000 -0.601 0.420 0.651 0.000 -0.393 -0.649 0.696 0.000 -0.581 0.422 
-0.682 0.118 -0.166 -0.702 0.827 0.000 -0.478 -0.297 0.877 0.000 0.017 -0.480 0.821 -0.000 -0.332 -0.465 0.916 0.000 0.078 -0.394 0.671 -0.000 -0.359 -0.649 0.680 0.000 -0.601 0.420 0.651 0.000 -0.393 -0.649 0.696 -0.000 -0.581 0.422 
-0.682 0.118 -0.166 -0.702 0.827 0.000 -0.476 -0.299 0.877 0.000 0.018 -0.481 0.820 0.000 -0.335 -0.463 0.916 0.000 0.077 -0.393 0.671 0.000 -0.359 -0.649 0.680 0.000 -0.601 0.420 0.651 0.000 -0.393 -0.649 0.696 0.000 -0.581 0.422 
-0.682 0.118 -0.166 -0.702 0.828 -0.000 -0.474 -0.301 0.876 0.000 0.020 -0.482 0.820 0.000 -0.339 -0.461 0.916 0.000 0.076 -0.394 0.671 0.000 -0.359 -0.649 0.680 -0.000 -0.601 0.420 0.651 -0.000 -0.394 -0.649 0.696 -0.000 -0.580 0.422 
-0.682 0.118 -0.166 -0.702 0.828 0.000 -0.471 -0.304 0.875 0.000 0.022 -0.484 0.820 0.000 -0.342 -0.459 0.916 0.000 0.075 -0.394 0.671 0.000 -0.360 -0.649 0.680 -0.000 -0.601 0.421 0.651 0.000 -0.394 -0.649 0.696 0.000 -0.580 0.422 
-0.682 0.118 -0.166 -0.702 0.829 0.000 -0.469 -0.306 0.874 0.000 0.024 -0.485 0.820 0.000 -0.346 -0.457 0.916 0.000 0.072 -0.396 0.671 0.000 -0.360 -0.649 0.680 0.000 -0.601 0.421 0.651 -0.000 -0.394 -0.649 0.697 0.000 -0.580 0.422 
-0.682 0.119 -0.166 -0.702 0.829 0.000 -0.466 -0.308 0.873 0.000 0.026 -0.487 0.819 0.000 -0.350 -0.454 0.916 0.000 0.071 -0.395 0.671 0.000 -0.360 -0.649 0.680 0.000 -0.601 0.421 0.651 0.000 -0.394 -0.649 0.697 0.000 -0.580 0.422 
-0.682 0.119 -0.166 -0.702 0.830 0.000 -0.464 -0.310 0.872 0.000 0.028 -0.488 0.819 -0.000 -0.354 -0.452 0.916 -0.000 0.069 -0.395 0.671 0.000 -0.360 -0.649 0.680 0.000 -0.600 0.421 0.651 0.000 -0.394 -0.648 0.697 0.000 -0.580 0.422 
-0.682 0.119 -0.166 -0.702 0.831 0.000 -0.461 -0.312 0.871 0.000 0.030 -0.490 0.818 0.000 -0.358 -0.450 0.916 0.000 0.067 -0.395 0.671 0.000 -0.360 -0.648 0.680 0.000 -0.600 0.421 0.651 0.000 -0.394 -0.648 0.697 0.000 -0.580 0.422 
-0.682 0.119 -0.166 -0.702 0.831 0.000 -0.458 -0.314 0.870 -0.000 0.032 -0.491 0.818 -0.000 -0.362 -0.447 0.916 0.000 0.064 -0.396 0.671 0.000 -0.360 -0.648 0.680 0.000 -0.600 0.422 0.651 0.000 -0.394 -0.648 0.697 0.000 -0.580 0.422 
-0.682 0.119 -0.166 -0.702 0.832 0.000 -0.455 -0.316 0.869 0.000 0.035 -0.493 0.817 0.000 -0.366 -0.445 0.916 -0.000 0.061 -0.396 0.671 0.000 -0.361 -0.648 0.680 0.000 -0.600 0.422 0.652 0.000 -0.394 -0.648 0.697 0.000 -0.580 0.422 
-0.682 0.119 -0.167 -0.702 0.833 0.000 -0.453 -0.318 0.868 0.000 0.037 -0.495 0.817 0.000 -0.370 -0.443 0.916 0.000 0.059 -0.396 0.671 0.000 -0.361 -0.648 0.680 0.000 -0.600 0.422 0.652 0.000 -0.395 -0.648 0.697 -0.000 -0.580 0.422 
-0.682 0.119 -0.167 -0.702 0.834 0.000 -0.450 -0.320 0.867 0.000 0.039 -0.496 0.816 0.000 -0.374 -0.441 0.916 0.000 0.056 -0.396 0.671 0.000 -0.361 -0.648 0.680 0.000 -0.600 0.422 0.652 0.000 -0.395 -0.648 0.697 0.000 -0.580 0.423 
-0.682 0.119 -0.167 -0.702 0.834 0.000 -0.447 -0.322 0.866 0.000 0.042 -0.498 0.816 0.000 -0.378 -0.439 0.917 -0.000 0.054 -0.395 0.671 0.000 -0.361 -0.648 0.680 0.000 -0.600 0.422 0.652 0.000 -0.395 -0.648 0.697 0.000 -0.580 0.423 
-0.682 0.119 -0.167 -0.702 0.835 0.000 -0.445 -0.324 0.865 0.000 0.044 -0.500 0.815 0.000 -0.381 -0.436 0.917 0.000 0.052 -0.395 0.671 -0.000 -0.361 -0.648 0.680 0.000 -0.600 0.422 0.652 0.000 -0.395 -0.648 0.697 0.000 -0.580 0.423 
-0.682 0.119 -0.167 -0.702 0.836 0.000 -0.442 -0.325 0.864 0.000 0.047 -0.502 0.815 0.000 -0.384 -0.435 0.918 0.000 0.049 -0.395 0.671 0.000 -0.361 -0.648 0.680 0.000 -0.600 0.422 0.652 0.000 -0.395 -0.648 0.697 0.000 -0.580 0.423 
-0.682 0.120 -0.167 -0.702 0.837 0.000 -0.440 -0.327 0.863 -0.000 0.048 -0.504 0.814 0.000 -0.387 -0.433 0.918 0.000 0.047 -0.394 0.671 -0.000 -0.361 -0.648 0.680 0.000 -0.600 0.422 0.652 0.000 -0.395 -0.648 0.697 0.000 -0.580 0.423 
-0.682 0.120 -0.167 -0.702 0.837 0.000 -0.438 -0.328 0.862 0.000 0.051 -0.505 0.814 -0.000 -0.390 -0.431 0.918 -0.000 0.044 -0.393 0.671 0.000 -0.361 -0.648 0.680 0.000 -0.600 0.422 0.652 0.000 -0.395 -0.648 0.697 -0.000 -0.579 0.423 
-0.682 0.120 -0.166 -0.702 0.838 0.000 -0.435 -0.330 0.861 0.000 0.053 -0.507 0.813 0.000 -0.394 -0.429 0.919 0.000 0.042 -0.392 0.671 0.000 -0.361 -0.648 0.680 0.000 -0.600 0.422 0.651 -0.000 -0.395 -0.648 0.696 0.000 -0.580 0.423 
-0.682 0.120 -0.166 -0.702 0.838 0.000 -0.433 -0.332 0.860 0.000 0.055 -0.508 0.813 0.000 -0.396 -0.427 0.919 0.000 0.039 -0.392 0.671 0.000 -0.361 -0.648 0.680 0.000 -0.600 0.422 0.651 0.000 -0.395 -0.648 0.696 0.000 -0.580 0.423 
-0.682 0.120 -0.166 -0.702 0.839 0.000 -0.430 -0.333 0.859 0.000 0.058 -0.509 0.812 0.000 -0.399 -0.426 0.920 0.000 0.037 -0.391 0.671 0.000 -0.361 -0.648 0.680 -0.000 -0.600 0.421 0.651 0.000 -0.394 -0.648 0.696 0.000 -0.580 0.423 
-0.682 0.120 -0.166 -0.702 0.840 0.000 -0.428 -0.334 0.858 -0.000 0.061 -0.511 0.811 0.000 -0.402 -0.424 0.920 0.000 0.034 -0.391 0.671 0.000 -0.361 -0.648 0.680 0.000 -0.600 0.421 0.651 0.000 -0.394 -0.648 0.696 0.000 -0.580 0.423 
-0.682 0.120 -0.166 -0.703 0.840 0.000 -0.426 -0.336 0.857 0.000 0.063 -0.512 0.811 0.000 -0.405 -0.423 0.920 0.000 0.032 -0.390 0.671 0.000 -0.360 -0.648 0.680 0.000 -0.600 0.420 0.651 0.000 -0.394 -0.649 0.696 0.000 -0.580 0.423 
-0.682 0.119 -0.166 -0.703 0.841 0.000 -0.424 -0.337 0.856 0.000 0.065 -0.513 0.811 0.000 -0.406 -0.421 0.920 0.000 0.030 -0.390 0.671 0.000 -0.360 -0.648 0.680 0.000 -0.601 0.420 0.651 0.000 -0.393 -0.649 0.696 0.000 -0.580 0.422 
-0.682 0.119 -0.165 -0.703 0.841 -0.000 -0.422 -0.339 0.855 -0.000 0.068 -0.514 0.811 0.000 -0.408 -0.420 0.921 0.000 0.028 -0.389 0.671 0.000 -0.360 -0.648 0.680 0.000 -0.601 0.419 0.651 0.000 -0.393 -0.649 0.696 0.000 -0.581 0.422 
-0.682 0.119 -0.165 -0.703 0.841 0.000 -0.420 -0.340 0.854 -0.000 0.070 -0.515 0.810 0.000 -0.410 -0.419 0.921 0.000 0.025 -0.388 0.671 0.000 -0.360 -0.648 0.681 0.000 -0.601 0.419 0.651 0.000 -0.393 -0.650 0.696 0.000 -0.581 0.422 
-0.682 0.119 -0.165 -0.703 0.842 0.000 -0.419 -0.341 0.853 0.000 0.071 -0.516 0.810 0.000 -0.412 -0.418 0.921 0.000 0.023 -0.388 0.671 0.000 -0.359 -0.648 0.681 0.000 -0.601 0.419 0.651 0.000 -0.393 -0.650 0.696 0.000 -0.581 0.422 
-0.682 0.119 -0.165 -0.703 0.842 0.000 -0.417 -0.342 0.853 -0.000 0.074 -0.517 0.809 0.000 -0.414 -0.416 0.922 0.000 0.021 -0.388 0.671 0.000 -0.359 -0.649 0.681 0.000 -0.601 0.418 0.651 0.000 -0.392 -0.650 0.696 0.000 -0.581 0.422 
-0.682 0.119 -0.165 -0.703 0.842 0.000 -0.416 -0.343 0.852 0.000 0.076 -0.518 0.809 0.000 -0.416 -0.416 0.922 0.000 0.019 -0.387 0.671 0.000 -0.358 -0.649 0.681 0.000 -0.602 0.418 0.651 0.000 -0.392 -0.650 0.696 -0.000 -0.581 0.422 
-0.682 0.119 -0.164 -0.703 0.842 0.000 -0.415 -0.344 0.851 0.000 0.078 -0.519 0.809 0.000 -0.417 -0.415 0.922 0.000 0.018 -0.386 0.671 0.000 -0.358 -0.649 0.681 0.000 -0.602 0.418 0.651 0.000 -0.392 -0.651 0.696 0.000 -0.581 0.421 
-0.682 0.118 -0.164 -0.703 0.842 0.000 -0.414 -0.345 0.850 0.000 0.080 -0.520 0.808 0.000 -0.419 -0.414 0.922 0.000 0.017 -0.386 0.671 0.000 -0.358 -0.649 0.681 0.000 -0.602 0.417 0.651 -0.000 -0.391 -0.651 0.696 0.000 -0.581 0.421 
-0.682 0.118 -0.164 -0.703 0.843 0.000 -0.413 -0.346 0.850 0.000 0.081 -0.521 0.808 0.000 -0.420 -0.414 0.923 0.000 0.016 -0.386 0.671 -0.000 -0.357 -0.649 0.681 0.000 -0.602 0.417 0.651 0.000 -0.391 -0.651 0.696 0.000 -0.582 0.421 
