# T   LUA LFA RUA RFA LT  LS  RT  RS  
-0.674 0.155 -0.207 -0.692 0.990 0.000 -0.138 0.032 0.988 -0.000 0.127 -0.090 0.983 0.000 -0.174 0.058 0.992 0.000 0.118 -0.047 0.666 0.000 -0.433 -0.608 0.674 0.000 -0.524 0.520 0.645 0.000 -0.471 -0.601 0.696 0.000 -0.526 0.489 
-0.674 0.155 -0.207 -0.692 0.990 0.000 -0.134 0.030 0.988 -0.000 0.129 -0.090 0.984 0.000 -0.167 0.056 0.992 0.000 0.118 -0.049 0.665 0.000 -0.433 -0.608 0.674 0.000 -0.524 0.520 0.645 0.000 -0.471 -0.602 0.696 -0.000 -0.526 0.489 
-0.674 0.155 -0.207 -0.692 0.991 0.000 -0.130 0.029 0.987 -0.000 0.130 -0.091 0.986 0.000 -0.160 0.053 0.992 0.000 0.119 -0.050 0.665 0.000 -0.433 -0.608 0.674 -0.000 -0.524 0.520 0.645 0.000 -0.471 -0.602 0.696 0.000 -0.526 0.489 
-0.674 0.155 -0.207 -0.692 0.992 -0.000 -0.125 0.027 0.987 0.000 0.131 -0.092 0.987 -0.000 -0.153 0.050 0.992 0.000 0.117 -0.052 0.665 0.000 -0.433 -0.608 0.674 0.000 -0.525 0.519 0.645 0.000 -0.470 -0.602 0.696 0.000 -0.526 0.488 
-0.674 0.155 -0.207 -0.692 0.992 0.000 -0.121 0.025 0.987 0.000 0.132 -0.093 0.988 -0.000 -0.147 0.047 0.992 -0.000 0.118 -0.053 0.665 0.000 -0.433 -0.608 0.674 0.000 -0.525 0.519 0.645 0.000 -0.470 -0.602 0.696 0.000 -0.526 0.488 
-0.674 0.154 -0.207 -0.692 0.993 0.000 -0.117 0.022 0.987 -0.000 0.133 -0.093 0.989 0.000 -0.140 0.044 0.992 0.000 0.117 -0.054 0.665 0.000 -0.432 -0.609 0.674 0.000 -0.525 0.519 0.645 0.000 -0.470 -0.602 0.696 0.000 -0.526 0.488 
-0.674 0.154 -0.206 -0.692 0.993 0.000 -0.113 0.020 0.987 0.000 0.135 -0.092 0.990 0.000 -0.134 0.040 0.992 0.000 0.117 -0.055 0.665 0.000 -0.432 -0.609 0.674 0.000 -0.525 0.519 0.645 -0.000 -0.470 -0.603 0.696 0.000 -0.527 0.488 
-0.674 0.154 -0.206 -0.692 0.994 0.000 -0.109 0.017 0.986 0.000 0.135 -0.092 0.991 0.000 -0.128 0.036 0.992 -0.000 0.118 -0.055 0.665 0.000 -0.432 -0.609 0.674 0.000 -0.525 0.519 0.645 0.000 -0.470 -0.603 0.696 0.000 -0.527 0.488 
-0.674 0.154 -0.206 -0.692 0.994 0.000 -0.105 0.014 0.986 0.000 0.136 -0.093 0.992 -0.000 -0.121 0.032 0.992 0.000 0.117 -0.055 0.665 -0.000 -0.432 -0.609 0.674 0.000 -0.525 0.519 0.645 0.000 -0.470 -0.603 0.696 -0.000 -0.527 0.488 
-0.674 0.154 -0.206 -0.692 0.995 0.000 -0.101 0.011 0.986 0.000 0.138 -0.092 0.993 0.000 -0.115 0.028 0.992 0.000 0.117 -0.056 0.665 0.000 -0.431 -0.609 0.674 0.000 -0.526 0.518 0.645 0.000 -0.469 -0.603 0.696 0.000 -0.527 0.488 
-0.674 0.154 -0.206 -0.693 0.995 0.000 -0.097 0.008 0.986 0.000 0.139 -0.092 0.994 0.000 -0.110 0.023 0.992 0.000 0.117 -0.056 0.665 0.000 -0.431 -0.609 0.674 0.000 -0.526 0.518 0.645 0.000 -0.469 -0.603 0.696 0.000 -0.527 0.488 
-0.674 0.154 -0.206 -0.692 0.996 0.000 -0.093 0.004 0.986 0.000 0.140 -0.092 0.994 0.000 -0.104 0.019 0.992 0.000 0.117 -0.055 0.665 0.000 -0.431 -0.609 0.674 -0.000 -0.526 0.518 0.645 0.000 -0.469 -0.604 0.696 0.000 -0.527 0.487 
-0.674 0.154 -0.206 -0.693 0.996 0.000 -0.090 0.000 0.986 -0.000 0.141 -0.091 0.995 0.000 -0.099 0.013 0.992 0.000 0.117 -0.053 0.665 0.000 -0.431 -0.609 0.675 -0.000 -0.526 0.518 0.645 0.000 -0.469 -0.604 0.696 0.000 -0.527 0.487 
-0.674 0.154 -0.206 -0.693 0.996 0.000 -0.086 -0.004 0.986 0.000 0.141 -0.091 0.996 0.000 -0.094 0.008 0.992 0.000 0.117 -0.053 0.665 0.000 -0.431 -0.609 0.675 0.000 -0.526 0.518 0.645 0.000 -0.469 -0.604 0.696 -0.000 -0.527 0.487 
-0.674 0.154 -0.205 -0.693 0.997 -0.000 -0.083 -0.008 0.986 0.000 0.142 -0.090 0.996 0.000 -0.091 0.002 0.991 0.000 0.120 -0.051 0.666 0.000 -0.431 -0.609 0.675 0.000 -0.526 0.518 0.645 0.000 -0.469 -0.604 0.696 0.000 -0.527 0.487 
-0.674 0.154 -0.205 -0.693 0.997 0.000 -0.080 -0.013 0.986 -0.000 0.144 -0.089 0.996 0.000 -0.086 -0.003 0.992 0.000 0.120 -0.050 0.666 0.000 -0.431 -0.609 0.675 -0.000 -0.526 0.517 0.644 0.000 -0.469 -0.604 0.696 0.000 -0.528 0.487 
-0.674 0.154 -0.205 -0.693 0.997 -0.000 -0.076 -0.018 0.986 0.000 0.144 -0.088 0.997 0.000 -0.082 -0.008 0.992 0.000 0.120 -0.048 0.666 0.000 -0.431 -0.609 0.675 0.000 -0.527 0.517 0.644 0.000 -0.469 -0.604 0.696 0.000 -0.528 0.487 
-0.674 0.154 -0.205 -0.693 0.997 0.000 -0.074 -0.023 0.986 0.000 0.145 -0.087 0.997 0.000 -0.078 -0.013 0.992 0.000 0.120 -0.048 0.666 0.000 -0.430 -0.609 0.675 0.000 -0.527 0.517 0.644 0.000 -0.468 -0.605 0.696 0.000 -0.528 0.487 
-0.674 0.154 -0.205 -0.693 0.997 0.000 -0.070 -0.028 0.986 0.000 0.146 -0.086 0.997 -0.000 -0.075 -0.019 0.992 0.000 0.121 -0.046 0.666 0.000 -0.430 -0.609 0.675 0.000 -0.527 0.517 0.644 0.000 -0.468 -0.605 0.696 0.000 -0.528 0.487 
-0.674 0.154 -0.205 -0.693 0.997 0.000 -0.068 -0.034 0.986 0.000 0.147 -0.085 0.997 0.000 -0.071 -0.025 0.992 0.000 0.121 -0.046 0.666 0.000 -0.430 -0.609 0.675 0.000 -0.527 0.517 0.644 0.000 -0.468 -0.605 0.696 0.000 -0.528 0.487 
-0.674 0.154 -0.205 -0.693 0.997 0.000 -0.065 -0.039 0.986 0.000 0.146 -0.085 0.997 0.000 -0.068 -0.030 0.992 -0.000 0.121 -0.045 0.666 0.000 -0.430 -0.609 0.675 -0.000 -0.527 0.516 0.644 0.000 -0.468 -0.605 0.696 0.000 -0.528 0.487 
-0.674 0.154 -0.204 -0.693 0.997 0.000 -0.063 -0.045 0.986 0.000 0.147 -0.084 0.997 0.000 -0.065 -0.035 0.992 0.000 0.121 -0.044 0.666 0.000 -0.430 -0.609 0.675 0.000 -0.527 0.516 0.644 0.000 -0.468 -0.605 0.696 0.000 -0.528 0.487 
-0.674 0.154 -0.204 -0.693 0.997 0.000 -0.060 -0.050 0.986 0.000 0.147 -0.084 0.997 0.000 -0.063 -0.041 0.992 0.000 0.122 -0.044 0.666 0.000 -0.430 -0.609 0.675 0.000 -0.528 0.516 0.644 0.000 -0.468 -0.605 0.696 -0.000 -0.528 0.487 
-0.674 0.154 -0.204 -0.693 0.997 0.000 -0.058 -0.056 0.986 -0.000 0.147 -0.084 0.997 0.000 -0.061 -0.046 0.992 0.000 0.122 -0.044 0.666 0.000 -0.430 -0.610 0.675 0.000 -0.527 0.516 0.645 0.000 -0.468 -0.605 0.696 0.000 -0.529 0.486 
-0.674 0.153 -0.204 -0.693 0.996 0.000 -0.057 -0.061 0.985 -0.000 0.148 -0.084 0.997 0.000 -0.059 -0.051 0.991 0.000 0.123 -0.044 0.666 0.000 -0.430 -0.610 0.675 0.000 -0.528 0.516 0.645 0.000 -0.467 -0.605 0.696 0.000 -0.529 0.486 
-0.674 0.153 -0.204 -0.693 0.996 0.000 -0.055 -0.067 0.985 0.000 0.147 -0.085 0.997 -0.000 -0.057 -0.057 0.991 0.000 0.123 -0.044 0.666 0.000 -0.429 -0.610 0.675 0.000 -0.528 0.516 0.645 0.000 -0.467 -0.605 0.696 0.000 -0.529 0.486 
-0.674 0.153 -0.204 -0.693 0.996 -0.000 -0.053 -0.072 0.985 0.000 0.147 -0.086 0.997 0.000 -0.055 -0.062 0.992 0.000 0.120 -0.044 0.666 0.000 -0.429 -0.610 0.675 -0.000 -0.528 0.516 0.645 0.000 -0.466 -0.606 0.696 0.000 -0.530 0.485 
-0.674 0.153 -0.203 -0.694 0.996 0.000 -0.052 -0.077 0.985 0.000 0.147 -0.087 0.996 0.000 -0.054 -0.067 0.992 0.000 0.121 -0.044 0.666 0.000 -0.429 -0.610 0.675 0.000 -0.528 0.515 0.645 0.000 -0.466 -0.606 0.696 0.000 -0.530 0.485 
-0.674 0.153 -0.203 -0.694 0.995 0.000 -0.051 -0.082 0.985 0.000 0.145 -0.088 0.996 0.000 -0.053 -0.072 0.992 0.000 0.121 -0.045 0.666 0.000 -0.428 -0.611 0.675 0.000 -0.528 0.515 0.645 0.000 -0.466 -0.606 0.696 0.000 -0.530 0.485 
-0.674 0.153 -0.203 -0.694 0.995 0.000 -0.050 -0.086 0.985 -0.000 0.145 -0.091 0.996 0.000 -0.053 -0.077 0.992 0.000 0.122 -0.045 0.666 0.000 -0.428 -0.611 0.675 -0.000 -0.529 0.515 0.645 0.000 -0.465 -0.606 0.696 0.000 -0.531 0.484 
-0.674 0.152 -0.203 -0.694 0.995 0.000 -0.049 -0.091 0.985 0.000 0.143 -0.093 0.995 0.000 -0.053 -0.082 0.991 0.000 0.122 -0.046 0.666 -0.000 -0.428 -0.611 0.675 0.000 -0.529 0.515 0.645 -0.000 -0.465 -0.607 0.696 0.000 -0.531 0.483 
-0.674 0.152 -0.202 -0.694 0.994 0.000 -0.048 -0.095 0.985 -0.000 0.141 -0.095 0.995 0.000 -0.053 -0.086 0.991 0.000 0.122 -0.048 0.666 0.000 -0.427 -0.612 0.675 0.000 -0.529 0.514 0.645 0.000 -0.464 -0.607 0.696 0.000 -0.532 0.483 
-0.674 0.152 -0.202 -0.694 0.994 0.000 -0.047 -0.100 0.985 -0.000 0.140 -0.097 0.994 -0.000 -0.054 -0.090 0.991 0.000 0.124 -0.051 0.666 0.000 -0.427 -0.612 0.675 0.000 -0.530 0.514 0.645 0.000 -0.464 -0.607 0.696 0.000 -0.532 0.482 
-0.674 0.151 -0.202 -0.694 0.993 -0.000 -0.048 -0.104 0.985 0.000 0.139 -0.099 0.994 -0.000 -0.055 -0.093 0.991 0.000 0.124 -0.053 0.666 0.000 -0.426 -0.612 0.675 0.000 -0.530 0.514 0.645 0.000 -0.463 -0.608 0.696 0.000 -0.532 0.482 
-0.674 0.151 -0.201 -0.694 0.993 -0.000 -0.048 -0.108 0.985 0.000 0.138 -0.102 0.994 0.000 -0.057 -0.097 0.991 0.000 0.125 -0.056 0.665 0.000 -0.426 -0.613 0.675 -0.000 -0.530 0.513 0.645 -0.000 -0.463 -0.608 0.696 0.000 -0.533 0.481 
-0.674 0.151 -0.201 -0.695 0.993 -0.000 -0.048 -0.111 0.985 0.000 0.136 -0.106 0.993 -0.000 -0.059 -0.099 0.990 0.000 0.126 -0.061 0.665 0.000 -0.425 -0.613 0.675 0.000 -0.531 0.513 0.645 0.000 -0.462 -0.608 0.696 0.000 -0.533 0.481 
-0.674 0.150 -0.200 -0.695 0.992 0.000 -0.049 -0.115 0.985 0.000 0.135 -0.109 0.993 0.000 -0.062 -0.101 0.990 0.000 0.127 -0.065 0.665 0.000 -0.425 -0.614 0.675 0.000 -0.531 0.512 0.645 0.000 -0.461 -0.609 0.696 0.000 -0.534 0.480 
-0.674 0.150 -0.200 -0.695 0.992 0.000 -0.050 -0.118 0.985 -0.000 0.133 -0.114 0.993 0.000 -0.064 -0.103 0.989 0.000 0.128 -0.071 0.665 0.000 -0.424 -0.615 0.675 0.000 -0.532 0.512 0.645 -0.000 -0.460 -0.610 0.696 0.000 -0.534 0.479 
-0.674 0.150 -0.200 -0.695 0.991 -0.000 -0.051 -0.121 0.984 0.000 0.132 -0.117 0.992 0.000 -0.068 -0.104 0.989 0.000 0.129 -0.077 0.665 0.000 -0.423 -0.615 0.675 0.000 -0.532 0.511 0.645 -0.000 -0.460 -0.610 0.696 0.000 -0.535 0.478 
-0.674 0.149 -0.199 -0.695 0.991 0.000 -0.054 -0.124 0.984 0.000 0.132 -0.120 0.992 -0.000 -0.071 -0.104 0.988 0.000 0.129 -0.084 0.665 0.000 -0.423 -0.616 0.675 0.000 -0.533 0.511 0.645 0.000 -0.459 -0.611 0.696 0.000 -0.536 0.478 
-0.675 0.149 -0.199 -0.695 0.990 0.000 -0.056 -0.127 0.983 0.000 0.132 -0.124 0.992 0.000 -0.075 -0.104 0.987 0.000 0.130 -0.092 0.665 0.000 -0.422 -0.616 0.675 0.000 -0.533 0.510 0.645 -0.000 -0.458 -0.611 0.696 -0.000 -0.536 0.477 
-0.675 0.148 -0.198 -0.695 0.990 -0.000 -0.058 -0.130 0.983 0.000 0.131 -0.128 0.992 -0.000 -0.079 -0.103 0.986 0.000 0.132 -0.100 0.665 0.000 -0.421 -0.617 0.675 -0.000 -0.534 0.509 0.645 0.000 -0.457 -0.612 0.696 0.000 -0.537 0.476 
-0.675 0.148 -0.198 -0.696 0.989 -0.000 -0.060 -0.132 0.983 0.000 0.130 -0.132 0.991 -0.000 -0.083 -0.102 0.985 -0.000 0.134 -0.109 0.665 0.000 -0.420 -0.617 0.675 0.000 -0.535 0.509 0.645 0.000 -0.457 -0.613 0.696 0.000 -0.537 0.476 
-0.675 0.148 -0.197 -0.696 0.989 0.000 -0.063 -0.135 0.982 0.000 0.130 -0.135 0.991 0.000 -0.089 -0.101 0.984 0.000 0.136 -0.118 0.665 0.000 -0.420 -0.618 0.675 0.000 -0.535 0.508 0.645 0.000 -0.456 -0.613 0.696 0.000 -0.538 0.475 
-0.675 0.147 -0.197 -0.696 0.988 0.000 -0.066 -0.138 0.982 -0.000 0.130 -0.138 0.991 0.000 -0.094 -0.100 0.982 0.000 0.139 -0.126 0.665 0.000 -0.419 -0.618 0.675 -0.000 -0.536 0.508 0.645 0.000 -0.456 -0.614 0.696 0.000 -0.538 0.475 
-0.675 0.147 -0.197 -0.696 0.988 0.000 -0.070 -0.140 0.981 -0.000 0.130 -0.141 0.990 0.000 -0.100 -0.099 0.981 0.000 0.142 -0.135 0.665 0.000 -0.418 -0.618 0.675 0.000 -0.536 0.507 0.645 0.000 -0.455 -0.614 0.696 0.000 -0.538 0.475 
-0.675 0.147 -0.196 -0.696 0.987 0.000 -0.074 -0.142 0.981 0.000 0.129 -0.144 0.990 0.000 -0.106 -0.097 0.979 0.000 0.144 -0.143 0.665 0.000 -0.418 -0.619 0.675 0.000 -0.537 0.506 0.645 0.000 -0.455 -0.615 0.696 0.000 -0.539 0.474 
-0.675 0.147 -0.196 -0.696 0.987 0.000 -0.078 -0.143 0.981 0.000 0.130 -0.147 0.989 0.000 -0.112 -0.096 0.978 0.000 0.146 -0.151 0.665 0.000 -0.418 -0.619 0.675 0.000 -0.537 0.506 0.645 0.000 -0.454 -0.615 0.696 0.000 -0.539 0.474 
-0.675 0.146 -0.196 -0.696 0.986 0.000 -0.082 -0.144 0.980 -0.000 0.129 -0.151 0.989 -0.000 -0.117 -0.095 0.976 -0.000 0.147 -0.159 0.665 0.000 -0.417 -0.620 0.675 0.000 -0.537 0.506 0.645 -0.000 -0.454 -0.615 0.696 0.000 -0.540 0.473 
-0.675 0.146 -0.196 -0.696 0.986 0.000 -0.087 -0.145 0.979 0.000 0.129 -0.155 0.988 0.000 -0.124 -0.094 0.975 0.000 0.149 -0.166 0.665 0.000 -0.417 -0.620 0.675 0.000 -0.538 0.505 0.645 0.000 -0.453 -0.616 0.696 0.000 -0.540 0.473 
-0.675 0.146 -0.195 -0.696 0.986 0.000 -0.090 -0.144 0.979 -0.000 0.124 -0.162 0.987 0.000 -0.129 -0.093 0.974 -0.000 0.148 -0.173 0.665 0.000 -0.416 -0.620 0.675 0.000 -0.538 0.505 0.645 0.000 -0.453 -0.616 0.696 0.000 -0.540 0.473 
-0.675 0.146 -0.195 -0.696 0.985 0.000 -0.094 -0.143 0.978 0.000 0.123 -0.168 0.986 0.000 -0.136 -0.092 0.972 0.000 0.149 -0.180 0.665 0.000 -0.416 -0.621 0.675 -0.000 -0.539 0.504 0.645 0.000 -0.452 -0.616 0.696 0.000 -0.541 0.472 
-0.675 0.145 -0.195 -0.696 0.985 -0.000 -0.100 -0.143 0.977 0.000 0.123 -0.172 0.986 0.000 -0.141 -0.090 0.971 -0.000 0.148 -0.188 0.665 0.000 -0.415 -0.621 0.675 0.000 -0.540 0.503 0.645 0.000 -0.451 -0.617 0.696 0.000 -0.541 0.472 
-0.676 0.145 -0.195 -0.696 0.984 0.000 -0.107 -0.144 0.977 0.000 0.127 -0.174 0.985 0.000 -0.148 -0.088 0.970 -0.000 0.149 -0.194 0.665 0.000 -0.414 -0.621 0.675 0.000 -0.540 0.503 0.645 0.000 -0.451 -0.617 0.696 0.000 -0.542 0.471 
-0.676 0.145 -0.194 -0.696 0.983 0.000 -0.112 -0.144 0.976 0.000 0.126 -0.178 0.984 0.000 -0.154 -0.087 0.969 0.000 0.149 -0.200 0.665 0.000 -0.413 -0.622 0.675 0.000 -0.541 0.502 0.645 0.000 -0.450 -0.618 0.696 0.000 -0.542 0.471 
-0.676 0.144 -0.194 -0.696 0.983 0.000 -0.118 -0.144 0.975 0.000 0.125 -0.182 0.983 0.000 -0.160 -0.086 0.967 0.000 0.149 -0.205 0.665 0.000 -0.413 -0.622 0.675 0.000 -0.541 0.502 0.645 -0.000 -0.450 -0.618 0.696 -0.000 -0.543 0.470 
-0.676 0.144 -0.194 -0.696 0.982 0.000 -0.123 -0.143 0.975 0.000 0.124 -0.185 0.982 0.000 -0.167 -0.085 0.967 0.000 0.148 -0.209 0.665 0.000 -0.412 -0.622 0.675 -0.000 -0.541 0.501 0.645 0.000 -0.449 -0.618 0.696 0.000 -0.543 0.470 
-0.676 0.144 -0.194 -0.696 0.981 0.000 -0.129 -0.142 0.974 0.000 0.124 -0.189 0.982 0.000 -0.173 -0.083 0.966 0.000 0.146 -0.214 0.665 0.000 -0.412 -0.623 0.675 0.000 -0.542 0.501 0.645 0.000 -0.449 -0.619 0.696 0.000 -0.543 0.469 
-0.676 0.143 -0.194 -0.697 0.981 0.000 -0.134 -0.142 0.974 0.000 0.123 -0.192 0.981 0.000 -0.178 -0.082 0.966 0.000 0.143 -0.217 0.665 -0.000 -0.411 -0.623 0.675 0.000 -0.542 0.500 0.645 0.000 -0.448 -0.619 0.696 -0.000 -0.544 0.469 
-0.676 0.143 -0.193 -0.697 0.980 0.000 -0.139 -0.141 0.973 0.000 0.121 -0.195 0.979 0.000 -0.185 -0.082 0.965 0.000 0.143 -0.218 0.665 0.000 -0.411 -0.623 0.675 -0.000 -0.543 0.500 0.645 0.000 -0.448 -0.619 0.696 0.000 -0.544 0.468 
-0.676 0.143 -0.193 -0.697 0.979 0.000 -0.145 -0.140 0.973 0.000 0.120 -0.196 0.978 -0.000 -0.192 -0.081 0.965 0.000 0.142 -0.221 0.665 0.000 -0.410 -0.623 0.675 0.000 -0.543 0.500 0.645 0.000 -0.448 -0.619 0.696 -0.000 -0.544 0.468 
-0.676 0.143 -0.193 -0.697 0.979 0.000 -0.150 -0.139 0.973 0.000 0.119 -0.197 0.977 0.000 -0.198 -0.079 0.964 0.000 0.141 -0.224 0.665 0.000 -0.410 -0.624 0.675 0.000 -0.544 0.499 0.645 0.000 -0.447 -0.620 0.696 0.000 -0.545 0.467 
-0.676 0.142 -0.192 -0.697 0.978 0.000 -0.155 -0.139 0.973 0.000 0.118 -0.197 0.976 0.000 -0.205 -0.077 0.964 0.000 0.142 -0.226 0.665 0.000 -0.409 -0.624 0.675 0.000 -0.545 0.498 0.645 0.000 -0.446 -0.620 0.696 -0.000 -0.545 0.467 
-0.676 0.142 -0.192 -0.697 0.977 0.000 -0.161 -0.137 0.973 0.000 0.116 -0.198 0.974 0.000 -0.212 -0.074 0.963 0.000 0.142 -0.229 0.665 -0.000 -0.408 -0.625 0.675 -0.000 -0.545 0.497 0.645 0.000 -0.446 -0.621 0.696 0.000 -0.546 0.466 
-0.676 0.142 -0.192 -0.697 0.977 0.000 -0.166 -0.136 0.973 0.000 0.116 -0.198 0.973 0.000 -0.219 -0.072 0.963 0.000 0.141 -0.231 0.665 0.000 -0.408 -0.625 0.675 0.000 -0.546 0.497 0.645 0.000 -0.445 -0.621 0.696 0.000 -0.547 0.465 
-0.676 0.141 -0.192 -0.697 0.976 0.000 -0.172 -0.135 0.973 0.000 0.115 -0.199 0.972 0.000 -0.226 -0.069 0.962 -0.000 0.142 -0.232 0.665 -0.000 -0.407 -0.626 0.675 0.000 -0.546 0.496 0.645 0.000 -0.444 -0.621 0.696 0.000 -0.547 0.465 
-0.677 0.141 -0.191 -0.697 0.975 0.000 -0.178 -0.133 0.973 0.000 0.114 -0.199 0.971 0.000 -0.232 -0.065 0.962 0.000 0.140 -0.232 0.665 0.000 -0.407 -0.626 0.675 0.000 -0.547 0.496 0.645 0.000 -0.444 -0.622 0.696 0.000 -0.547 0.464 
-0.677 0.141 -0.191 -0.697 0.974 0.000 -0.183 -0.131 0.973 0.000 0.114 -0.199 0.969 -0.000 -0.238 -0.062 0.962 -0.000 0.140 -0.233 0.665 0.000 -0.406 -0.627 0.675 0.000 -0.547 0.495 0.645 0.000 -0.443 -0.622 0.696 0.000 -0.548 0.464 
-0.677 0.140 -0.190 -0.697 0.974 0.000 -0.188 -0.129 0.973 0.000 0.113 -0.199 0.968 0.000 -0.245 -0.058 0.962 0.000 0.140 -0.234 0.665 0.000 -0.405 -0.627 0.675 0.000 -0.548 0.494 0.645 -0.000 -0.442 -0.623 0.697 0.000 -0.548 0.463 
-0.677 0.140 -0.190 -0.697 0.973 -0.000 -0.194 -0.126 0.973 0.000 0.112 -0.199 0.966 0.000 -0.251 -0.055 0.962 0.000 0.139 -0.234 0.665 -0.000 -0.404 -0.628 0.675 0.000 -0.548 0.494 0.645 0.000 -0.442 -0.623 0.696 0.000 -0.549 0.462 
-0.677 0.139 -0.190 -0.697 0.972 0.000 -0.199 -0.123 0.974 -0.000 0.112 -0.199 0.965 0.000 -0.257 -0.051 0.962 0.000 0.139 -0.234 0.665 0.000 -0.404 -0.628 0.675 0.000 -0.549 0.493 0.645 0.000 -0.441 -0.624 0.696 0.000 -0.549 0.462 
-0.677 0.139 -0.189 -0.698 0.971 0.000 -0.204 -0.120 0.974 0.000 0.112 -0.198 0.964 0.000 -0.263 -0.047 0.962 -0.000 0.138 -0.234 0.665 0.000 -0.403 -0.628 0.675 0.000 -0.549 0.493 0.645 0.000 -0.441 -0.624 0.696 0.000 -0.549 0.461 
-0.677 0.139 -0.189 -0.698 0.971 0.000 -0.210 -0.117 0.974 0.000 0.111 -0.198 0.962 0.000 -0.268 -0.042 0.962 0.000 0.137 -0.235 0.665 0.000 -0.402 -0.629 0.675 0.000 -0.550 0.492 0.645 0.000 -0.440 -0.625 0.696 -0.000 -0.550 0.461 
-0.677 0.139 -0.189 -0.698 0.970 0.000 -0.215 -0.113 0.974 0.000 0.110 -0.198 0.961 -0.000 -0.273 -0.035 0.962 0.000 0.136 -0.238 0.665 0.000 -0.402 -0.629 0.675 0.000 -0.550 0.492 0.645 0.000 -0.439 -0.625 0.696 0.000 -0.551 0.460 
-0.677 0.138 -0.188 -0.698 0.969 0.000 -0.221 -0.109 0.974 -0.000 0.111 -0.197 0.960 0.000 -0.279 -0.030 0.961 0.000 0.135 -0.240 0.665 -0.000 -0.401 -0.629 0.675 0.000 -0.551 0.491 0.645 -0.000 -0.439 -0.626 0.696 0.000 -0.551 0.460 
-0.677 0.138 -0.188 -0.699 0.969 0.000 -0.226 -0.105 0.974 0.000 0.110 -0.197 0.958 0.000 -0.286 -0.025 0.961 0.000 0.136 -0.240 0.666 0.000 -0.400 -0.629 0.675 0.000 -0.552 0.490 0.644 0.000 -0.438 -0.627 0.696 0.000 -0.552 0.459 
-0.677 0.138 -0.187 -0.699 0.968 0.000 -0.231 -0.100 0.974 0.000 0.110 -0.196 0.957 -0.000 -0.290 -0.019 0.961 0.000 0.135 -0.242 0.666 0.000 -0.399 -0.630 0.675 0.000 -0.552 0.489 0.644 0.000 -0.437 -0.628 0.696 0.000 -0.552 0.459 
-0.677 0.137 -0.187 -0.699 0.967 0.000 -0.236 -0.096 0.975 0.000 0.108 -0.196 0.955 0.000 -0.295 -0.013 0.961 0.000 0.135 -0.242 0.666 0.000 -0.399 -0.630 0.675 0.000 -0.553 0.489 0.644 0.000 -0.436 -0.628 0.696 -0.000 -0.553 0.458 
-0.677 0.137 -0.187 -0.699 0.966 0.000 -0.241 -0.091 0.975 0.000 0.107 -0.195 0.954 0.000 -0.300 -0.008 0.961 -0.000 0.134 -0.242 0.666 0.000 -0.398 -0.631 0.675 0.000 -0.553 0.488 0.644 0.000 -0.436 -0.628 0.696 0.000 -0.553 0.458 
-0.677 0.137 -0.186 -0.699 0.966 0.000 -0.245 -0.085 0.975 0.000 0.106 -0.195 0.953 0.000 -0.304 -0.003 0.962 0.000 0.131 -0.241 0.666 0.000 -0.398 -0.631 0.675 0.000 -0.554 0.488 0.644 0.000 -0.436 -0.629 0.696 0.000 -0.553 0.458 
-0.677 0.137 -0.186 -0.699 0.965 0.000 -0.249 -0.080 0.975 0.000 0.104 -0.195 0.952 0.000 -0.307 0.002 0.962 -0.000 0.129 -0.239 0.666 0.000 -0.398 -0.631 0.675 0.000 -0.554 0.488 0.645 0.000 -0.435 -0.629 0.696 0.000 -0.554 0.457 
-0.677 0.137 -0.186 -0.699 0.965 0.000 -0.253 -0.074 0.976 0.000 0.102 -0.195 0.951 0.000 -0.310 0.007 0.963 -0.000 0.126 -0.237 0.666 0.000 -0.397 -0.632 0.675 0.000 -0.554 0.487 0.645 0.000 -0.434 -0.629 0.696 0.000 -0.554 0.457 
-0.677 0.137 -0.186 -0.699 0.964 0.000 -0.257 -0.068 0.976 -0.000 0.100 -0.194 0.950 0.000 -0.313 0.012 0.964 0.000 0.123 -0.234 0.666 -0.000 -0.397 -0.632 0.675 -0.000 -0.554 0.487 0.645 0.000 -0.434 -0.629 0.696 0.000 -0.554 0.456 
-0.677 0.137 -0.186 -0.699 0.964 0.000 -0.260 -0.062 0.976 0.000 0.098 -0.193 0.949 -0.000 -0.315 0.016 0.966 0.000 0.121 -0.230 0.666 0.000 -0.397 -0.632 0.675 0.000 -0.554 0.487 0.645 0.000 -0.434 -0.629 0.696 0.000 -0.555 0.456 
-0.677 0.137 -0.186 -0.699 0.963 0.000 -0.263 -0.056 0.977 0.000 0.096 -0.191 0.948 0.000 -0.317 0.021 0.967 0.000 0.118 -0.226 0.666 0.000 -0.397 -0.632 0.675 0.000 -0.554 0.487 0.645 0.000 -0.434 -0.629 0.696 0.000 -0.555 0.456 
-0.677 0.137 -0.186 -0.699 0.963 0.000 -0.265 -0.051 0.977 0.000 0.094 -0.189 0.948 0.000 -0.318 0.025 0.968 0.000 0.115 -0.221 0.666 0.000 -0.398 -0.632 0.675 0.000 -0.554 0.488 0.645 0.000 -0.434 -0.629 0.696 0.000 -0.554 0.456 
-0.677 0.137 -0.186 -0.699 0.963 -0.000 -0.267 -0.045 0.978 0.000 0.092 -0.187 0.947 0.000 -0.320 0.029 0.970 0.000 0.112 -0.215 0.666 0.000 -0.398 -0.631 0.675 0.000 -0.554 0.488 0.645 0.000 -0.435 -0.628 0.696 0.000 -0.554 0.456 
-0.677 0.137 -0.186 -0.698 0.962 0.000 -0.269 -0.040 0.979 0.000 0.089 -0.186 0.947 0.000 -0.321 0.035 0.972 0.000 0.109 -0.210 0.665 0.000 -0.399 -0.631 0.675 0.000 -0.553 0.489 0.646 0.000 -0.436 -0.627 0.697 -0.000 -0.553 0.457 
-0.677 0.138 -0.187 -0.698 0.962 0.000 -0.271 -0.034 0.979 0.000 0.088 -0.183 0.946 0.000 -0.322 0.038 0.973 0.000 0.108 -0.203 0.665 0.000 -0.399 -0.631 0.675 0.000 -0.552 0.490 0.646 -0.000 -0.436 -0.627 0.696 0.000 -0.553 0.457 
-0.677 0.138 -0.187 -0.698 0.962 0.000 -0.272 -0.029 0.980 0.000 0.086 -0.181 0.946 -0.000 -0.322 0.043 0.975 0.000 0.106 -0.197 0.665 0.000 -0.400 -0.631 0.675 0.000 -0.552 0.490 0.646 0.000 -0.436 -0.626 0.697 0.000 -0.553 0.457 
-0.677 0.138 -0.187 -0.699 0.962 0.000 -0.273 -0.022 0.980 0.000 0.085 -0.180 0.945 0.000 -0.324 0.047 0.976 0.000 0.105 -0.192 0.665 0.000 -0.400 -0.630 0.675 -0.000 -0.552 0.491 0.646 0.000 -0.437 -0.626 0.697 0.000 -0.553 0.458 
-0.677 0.138 -0.187 -0.698 0.962 0.000 -0.274 -0.016 0.981 0.000 0.084 -0.178 0.945 0.000 -0.324 0.051 0.977 0.000 0.105 -0.185 0.665 0.000 -0.401 -0.630 0.675 0.000 -0.551 0.491 0.646 0.000 -0.437 -0.626 0.697 -0.000 -0.553 0.458 
-0.677 0.138 -0.188 -0.698 0.962 0.000 -0.274 -0.011 0.981 -0.000 0.083 -0.175 0.944 0.000 -0.324 0.056 0.979 0.000 0.104 -0.178 0.665 0.000 -0.401 -0.630 0.675 0.000 -0.551 0.491 0.646 0.000 -0.438 -0.626 0.697 0.000 -0.552 0.458 
-0.677 0.138 -0.188 -0.698 0.962 0.000 -0.274 -0.006 0.982 -0.000 0.083 -0.172 0.944 0.000 -0.324 0.060 0.980 0.000 0.103 -0.172 0.665 0.000 -0.402 -0.629 0.674 0.000 -0.551 0.492 0.646 0.000 -0.438 -0.625 0.697 0.000 -0.552 0.458 
-0.677 0.139 -0.188 -0.698 0.962 0.000 -0.274 -0.000 0.982 0.000 0.083 -0.169 0.944 0.000 -0.324 0.065 0.981 -0.000 0.104 -0.165 0.665 0.000 -0.402 -0.629 0.674 0.000 -0.550 0.492 0.646 0.000 -0.438 -0.625 0.697 0.000 -0.552 0.458 
-0.677 0.139 -0.188 -0.698 0.962 0.000 -0.274 0.005 0.983 0.000 0.084 -0.166 0.944 0.000 -0.324 0.070 0.982 0.000 0.104 -0.159 0.665 0.000 -0.402 -0.629 0.674 0.000 -0.550 0.493 0.646 0.000 -0.439 -0.624 0.697 0.000 -0.552 0.458 
-0.676 0.139 -0.189 -0.698 0.962 0.000 -0.273 0.011 0.983 0.000 0.084 -0.164 0.943 0.000 -0.323 0.074 0.983 0.000 0.105 -0.152 0.665 0.000 -0.403 -0.629 0.674 0.000 -0.550 0.493 0.646 0.000 -0.439 -0.624 0.697 0.000 -0.551 0.459 
-0.677 0.140 -0.189 -0.698 0.962 -0.000 -0.273 0.016 0.983 0.000 0.084 -0.161 0.943 0.000 -0.322 0.079 0.984 -0.000 0.105 -0.146 0.665 -0.000 -0.404 -0.628 0.674 0.000 -0.549 0.494 0.647 0.000 -0.440 -0.623 0.697 -0.000 -0.550 0.460 
-0.677 0.140 -0.189 -0.698 0.962 0.000 -0.272 0.021 0.984 0.000 0.085 -0.157 0.943 0.000 -0.321 0.083 0.985 0.000 0.106 -0.139 0.665 0.000 -0.404 -0.628 0.674 0.000 -0.549 0.494 0.647 0.000 -0.441 -0.623 0.697 0.000 -0.550 0.460 
-0.677 0.140 -0.190 -0.698 0.963 0.000 -0.270 0.026 0.984 0.000 0.085 -0.155 0.943 0.000 -0.320 0.087 0.986 0.000 0.107 -0.131 0.665 0.000 -0.405 -0.627 0.674 0.000 -0.548 0.495 0.647 0.000 -0.441 -0.622 0.697 0.000 -0.550 0.461 
-0.677 0.141 -0.190 -0.697 0.963 0.000 -0.268 0.031 0.985 0.000 0.086 -0.152 0.944 -0.000 -0.318 0.091 0.986 0.000 0.107 -0.125 0.665 0.000 -0.406 -0.627 0.674 0.000 -0.547 0.495 0.647 0.000 -0.442 -0.622 0.697 0.000 -0.549 0.461 
-0.676 0.141 -0.191 -0.697 0.963 0.000 -0.266 0.036 0.985 0.000 0.087 -0.149 0.944 0.000 -0.316 0.095 0.987 0.000 0.109 -0.118 0.665 0.000 -0.406 -0.626 0.674 -0.000 -0.547 0.496 0.647 0.000 -0.443 -0.621 0.697 0.000 -0.549 0.462 
-0.676 0.142 -0.191 -0.697 0.964 0.000 -0.263 0.041 0.985 -0.000 0.087 -0.146 0.944 0.000 -0.314 0.098 0.988 0.000 0.109 -0.112 0.665 0.000 -0.407 -0.626 0.674 0.000 -0.546 0.497 0.647 0.000 -0.444 -0.620 0.697 0.000 -0.548 0.463 
-0.676 0.142 -0.192 -0.697 0.964 0.000 -0.261 0.046 0.986 0.000 0.088 -0.144 0.945 0.000 -0.311 0.101 0.988 0.000 0.110 -0.105 0.665 0.000 -0.408 -0.625 0.675 -0.000 -0.546 0.497 0.647 0.000 -0.445 -0.620 0.697 0.000 -0.547 0.464 
-0.676 0.143 -0.192 -0.697 0.965 0.000 -0.258 0.050 0.986 0.000 0.088 -0.141 0.946 0.000 -0.308 0.104 0.989 0.000 0.108 -0.099 0.665 0.000 -0.409 -0.624 0.675 0.000 -0.545 0.498 0.647 0.000 -0.446 -0.619 0.697 0.000 -0.547 0.465 
-0.676 0.143 -0.192 -0.697 0.965 0.000 -0.255 0.055 0.986 0.000 0.090 -0.138 0.946 -0.000 -0.305 0.106 0.990 0.000 0.110 -0.092 0.666 0.000 -0.409 -0.624 0.675 0.000 -0.545 0.498 0.646 0.000 -0.446 -0.619 0.697 -0.000 -0.546 0.465 
-0.676 0.143 -0.193 -0.697 0.966 0.000 -0.254 0.058 0.986 -0.000 0.095 -0.133 0.947 0.000 -0.303 0.107 0.990 0.000 0.113 -0.085 0.666 0.000 -0.410 -0.623 0.675 0.000 -0.544 0.499 0.646 0.000 -0.447 -0.619 0.697 0.000 -0.546 0.466 
-0.676 0.144 -0.193 -0.697 0.966 0.000 -0.251 0.061 0.987 0.000 0.096 -0.131 0.947 0.000 -0.301 0.109 0.990 0.000 0.116 -0.079 0.666 0.000 -0.411 -0.623 0.675 0.000 -0.543 0.500 0.646 0.000 -0.448 -0.618 0.696 0.000 -0.545 0.467 
-0.676 0.144 -0.194 -0.696 0.967 0.000 -0.247 0.064 0.987 0.000 0.097 -0.127 0.948 0.000 -0.298 0.111 0.990 0.000 0.117 -0.075 0.666 -0.000 -0.412 -0.622 0.675 0.000 -0.543 0.500 0.646 0.000 -0.449 -0.617 0.696 0.000 -0.544 0.468 
-0.676 0.145 -0.195 -0.696 0.968 0.000 -0.244 0.067 0.987 0.000 0.099 -0.123 0.949 0.000 -0.294 0.114 0.990 0.000 0.118 -0.071 0.666 0.000 -0.413 -0.621 0.675 0.000 -0.542 0.501 0.646 0.000 -0.450 -0.617 0.696 0.000 -0.543 0.469 
-0.675 0.145 -0.195 -0.696 0.968 0.000 -0.240 0.069 0.988 0.000 0.101 -0.119 0.950 0.000 -0.291 0.116 0.991 0.000 0.119 -0.067 0.666 -0.000 -0.414 -0.621 0.675 -0.000 -0.541 0.502 0.646 0.000 -0.451 -0.616 0.696 -0.000 -0.543 0.470 
-0.675 0.145 -0.195 -0.696 0.969 -0.000 -0.236 0.071 0.988 0.000 0.102 -0.117 0.951 0.000 -0.287 0.118 0.991 0.000 0.120 -0.065 0.666 0.000 -0.414 -0.620 0.675 0.000 -0.541 0.503 0.646 0.000 -0.452 -0.616 0.696 0.000 -0.542 0.470 
-0.675 0.146 -0.196 -0.696 0.970 0.000 -0.232 0.074 0.988 0.000 0.103 -0.114 0.952 0.000 -0.283 0.121 0.991 -0.000 0.122 -0.063 0.666 0.000 -0.415 -0.620 0.675 -0.000 -0.540 0.503 0.646 0.000 -0.452 -0.615 0.696 0.000 -0.542 0.471 
-0.675 0.146 -0.196 -0.696 0.971 0.000 -0.227 0.076 0.988 0.000 0.104 -0.113 0.953 0.000 -0.278 0.123 0.991 0.000 0.123 -0.061 0.666 0.000 -0.416 -0.619 0.675 0.000 -0.540 0.503 0.646 0.000 -0.453 -0.615 0.696 0.000 -0.541 0.472 
-0.675 0.146 -0.197 -0.696 0.972 0.000 -0.223 0.077 0.988 0.000 0.106 -0.110 0.954 0.000 -0.274 0.124 0.991 0.000 0.124 -0.059 0.666 0.000 -0.416 -0.619 0.675 0.000 -0.539 0.504 0.646 0.000 -0.454 -0.614 0.696 0.000 -0.541 0.473 
-0.675 0.147 -0.197 -0.695 0.973 0.000 -0.218 0.079 0.988 0.000 0.107 -0.109 0.955 -0.000 -0.270 0.127 0.990 0.000 0.125 -0.059 0.666 -0.000 -0.417 -0.619 0.675 0.000 -0.539 0.505 0.646 0.000 -0.454 -0.614 0.696 -0.000 -0.540 0.473 
-0.675 0.147 -0.197 -0.695 0.974 0.000 -0.213 0.081 0.988 0.000 0.108 -0.108 0.956 0.000 -0.265 0.128 0.990 0.000 0.125 -0.058 0.666 0.000 -0.417 -0.618 0.675 -0.000 -0.538 0.505 0.646 0.000 -0.455 -0.613 0.696 0.000 -0.540 0.474 
-0.675 0.147 -0.198 -0.695 0.974 0.000 -0.209 0.082 0.988 0.000 0.110 -0.106 0.957 0.000 -0.261 0.131 0.990 0.000 0.126 -0.058 0.666 0.000 -0.418 -0.618 0.675 0.000 -0.538 0.506 0.646 0.000 -0.455 -0.613 0.696 0.000 -0.539 0.474 
-0.675 0.147 -0.198 -0.695 0.975 0.000 -0.204 0.083 0.988 -0.000 0.111 -0.106 0.958 0.000 -0.256 0.132 0.990 0.000 0.127 -0.058 0.666 0.000 -0.418 -0.618 0.675 0.000 -0.538 0.506 0.645 0.000 -0.456 -0.613 0.696 0.000 -0.539 0.475 
-0.675 0.147 -0.198 -0.695 0.976 0.000 -0.200 0.084 0.988 -0.000 0.112 -0.105 0.959 0.000 -0.251 0.133 0.990 0.000 0.127 -0.057 0.666 0.000 -0.419 -0.617 0.674 0.000 -0.537 0.506 0.645 0.000 -0.457 -0.612 0.696 0.000 -0.538 0.475 
-0.675 0.148 -0.199 -0.695 0.977 0.000 -0.195 0.085 0.988 0.000 0.113 -0.104 0.960 -0.000 -0.246 0.133 0.990 0.000 0.127 -0.058 0.666 -0.000 -0.419 -0.617 0.675 -0.000 -0.537 0.507 0.645 0.000 -0.457 -0.612 0.696 0.000 -0.538 0.476 
-0.675 0.148 -0.199 -0.695 0.978 0.000 -0.190 0.085 0.988 0.000 0.115 -0.104 0.961 0.000 -0.241 0.133 0.990 -0.000 0.127 -0.057 0.666 0.000 -0.419 -0.617 0.674 -0.000 -0.536 0.507 0.645 0.000 -0.458 -0.611 0.696 0.000 -0.537 0.476 
-0.675 0.148 -0.199 -0.695 0.979 0.000 -0.186 0.086 0.988 0.000 0.116 -0.105 0.963 -0.000 -0.235 0.133 0.990 0.000 0.126 -0.056 0.666 0.000 -0.420 -0.616 0.674 0.000 -0.536 0.508 0.645 0.000 -0.458 -0.611 0.696 0.000 -0.537 0.477 
-0.675 0.148 -0.200 -0.694 0.980 0.000 -0.181 0.086 0.988 0.000 0.118 -0.104 0.965 0.000 -0.229 0.132 0.991 -0.000 0.126 -0.055 0.666 0.000 -0.420 -0.616 0.674 0.000 -0.536 0.508 0.645 0.000 -0.459 -0.611 0.696 0.000 -0.537 0.477 
-0.675 0.148 -0.200 -0.694 0.980 0.000 -0.177 0.085 0.987 0.000 0.119 -0.104 0.966 0.000 -0.223 0.130 0.991 0.000 0.126 -0.053 0.666 -0.000 -0.421 -0.616 0.674 0.000 -0.535 0.509 0.645 -0.000 -0.459 -0.610 0.696 0.000 -0.536 0.478 
-0.675 0.149 -0.200 -0.694 0.981 0.000 -0.172 0.085 0.987 0.000 0.121 -0.104 0.968 0.000 -0.217 0.128 0.991 0.000 0.126 -0.052 0.666 0.000 -0.421 -0.616 0.674 -0.000 -0.535 0.509 0.646 0.000 -0.460 -0.610 0.696 0.000 -0.536 0.478 
-0.675 0.149 -0.201 -0.694 0.982 0.000 -0.168 0.084 0.987 0.000 0.122 -0.104 0.969 0.000 -0.211 0.126 0.991 0.000 0.126 -0.050 0.666 0.000 -0.422 -0.615 0.674 -0.000 -0.535 0.510 0.646 0.000 -0.460 -0.610 0.696 0.000 -0.535 0.478 
-0.675 0.149 -0.201 -0.694 0.983 0.000 -0.163 0.082 0.987 0.000 0.122 -0.104 0.971 -0.000 -0.205 0.124 0.991 0.000 0.127 -0.049 0.666 0.000 -0.422 -0.615 0.674 0.000 -0.534 0.510 0.646 -0.000 -0.461 -0.609 0.696 0.000 -0.535 0.479 
-0.675 0.149 -0.201 -0.694 0.984 0.000 -0.159 0.081 0.987 0.000 0.123 -0.103 0.972 0.000 -0.200 0.121 0.991 0.000 0.128 -0.048 0.666 0.000 -0.423 -0.615 0.674 0.000 -0.534 0.511 0.646 0.000 -0.461 -0.609 0.696 -0.000 -0.534 0.479 
-0.675 0.149 -0.202 -0.694 0.985 0.000 -0.154 0.079 0.987 -0.000 0.124 -0.103 0.974 -0.000 -0.193 0.119 0.991 0.000 0.128 -0.047 0.666 0.000 -0.423 -0.614 0.674 -0.000 -0.533 0.511 0.646 0.000 -0.462 -0.608 0.696 0.000 -0.534 0.480 
-0.675 0.149 -0.202 -0.694 0.986 0.000 -0.150 0.076 0.987 0.000 0.125 -0.103 0.975 0.000 -0.188 0.116 0.991 0.000 0.130 -0.045 0.666 -0.000 -0.424 -0.614 0.674 0.000 -0.533 0.511 0.646 0.000 -0.462 -0.608 0.696 0.000 -0.534 0.480 
-0.675 0.150 -0.202 -0.694 0.987 0.000 -0.145 0.074 0.987 0.000 0.126 -0.103 0.977 0.000 -0.183 0.113 0.991 0.000 0.130 -0.045 0.666 0.000 -0.424 -0.614 0.674 0.000 -0.533 0.512 0.646 0.000 -0.463 -0.607 0.696 0.000 -0.533 0.480 
-0.675 0.150 -0.203 -0.693 0.987 0.000 -0.141 0.071 0.987 -0.000 0.126 -0.102 0.978 -0.000 -0.178 0.109 0.990 0.000 0.133 -0.042 0.666 -0.000 -0.424 -0.614 0.674 0.000 -0.532 0.512 0.646 -0.000 -0.463 -0.607 0.696 0.000 -0.533 0.480 
-0.675 0.150 -0.203 -0.693 0.988 0.000 -0.137 0.068 0.987 0.000 0.128 -0.101 0.979 0.000 -0.173 0.105 0.990 0.000 0.134 -0.042 0.666 0.000 -0.424 -0.614 0.674 -0.000 -0.532 0.512 0.646 0.000 -0.463 -0.607 0.696 0.000 -0.533 0.481 
-0.675 0.150 -0.203 -0.693 0.989 0.000 -0.133 0.064 0.987 -0.000 0.129 -0.100 0.981 0.000 -0.168 0.102 0.990 0.000 0.135 -0.041 0.666 -0.000 -0.425 -0.613 0.674 -0.000 -0.532 0.513 0.646 0.000 -0.464 -0.607 0.696 0.000 -0.533 0.481 
-0.675 0.150 -0.203 -0.693 0.990 0.000 -0.129 0.061 0.987 0.000 0.130 -0.100 0.982 0.000 -0.164 0.097 0.990 0.000 0.136 -0.040 0.666 0.000 -0.425 -0.613 0.674 -0.000 -0.532 0.513 0.646 0.000 -0.464 -0.606 0.697 0.000 -0.533 0.481 
-0.675 0.150 -0.203 -0.693 0.991 0.000 -0.125 0.057 0.987 -0.000 0.130 -0.099 0.983 0.000 -0.159 0.093 0.990 0.000 0.138 -0.039 0.666 0.000 -0.425 -0.613 0.674 0.000 -0.532 0.513 0.646 0.000 -0.464 -0.606 0.696 0.000 -0.532 0.481 
-0.675 0.150 -0.203 -0.693 0.991 0.000 -0.121 0.054 0.986 0.000 0.131 -0.099 0.984 -0.000 -0.154 0.089 0.990 0.000 0.139 -0.038 0.666 0.000 -0.425 -0.613 0.674 0.000 -0.532 0.513 0.646 0.000 -0.464 -0.606 0.697 0.000 -0.532 0.481 
-0.675 0.150 -0.203 -0.693 0.992 0.000 -0.118 0.050 0.986 0.000 0.132 -0.098 0.985 0.000 -0.150 0.085 0.990 -0.000 0.139 -0.039 0.666 0.000 -0.425 -0.613 0.674 0.000 -0.532 0.513 0.646 0.000 -0.464 -0.606 0.697 0.000 -0.532 0.481 
-0.675 0.150 -0.203 -0.693 0.992 -0.000 -0.114 0.046 0.986 0.000 0.133 -0.098 0.986 -0.000 -0.145 0.081 0.989 0.000 0.139 -0.039 0.666 0.000 -0.425 -0.613 0.674 0.000 -0.532 0.513 0.646 0.000 -0.464 -0.606 0.697 0.000 -0.532 0.481 
-0.675 0.150 -0.203 -0.693 0.993 0.000 -0.110 0.042 0.986 -0.000 0.134 -0.098 0.987 0.000 -0.141 0.076 0.989 0.000 0.141 -0.038 0.666 0.000 -0.425 -0.613 0.674 0.000 -0.532 0.513 0.646 0.000 -0.464 -0.606 0.697 0.000 -0.532 0.481 
-0.675 0.150 -0.203 -0.693 0.994 0.000 -0.107 0.038 0.986 0.000 0.134 -0.097 0.988 0.000 -0.135 0.071 0.989 0.000 0.141 -0.037 0.666 0.000 -0.425 -0.613 0.674 0.000 -0.532 0.513 0.646 0.000 -0.463 -0.606 0.696 0.000 -0.533 0.481 
-0.675 0.150 -0.203 -0.693 0.994 0.000 -0.103 0.034 0.986 -0.000 0.135 -0.098 0.989 0.000 -0.131 0.065 0.989 0.000 0.141 -0.036 0.666 0.000 -0.425 -0.613 0.674 0.000 -0.532 0.512 0.646 0.000 -0.463 -0.607 0.696 0.000 -0.533 0.481 
-0.675 0.150 -0.203 -0.693 0.995 0.000 -0.100 0.030 0.986 0.000 0.136 -0.097 0.990 0.000 -0.127 0.060 0.989 0.000 0.141 -0.035 0.666 0.000 -0.424 -0.614 0.674 0.000 -0.532 0.512 0.646 -0.000 -0.463 -0.607 0.696 0.000 -0.533 0.480 
-0.675 0.150 -0.202 -0.694 0.995 0.000 -0.097 0.025 0.986 0.000 0.136 -0.096 0.991 -0.000 -0.123 0.054 0.989 0.000 0.141 -0.034 0.666 0.000 -0.424 -0.614 0.674 0.000 -0.533 0.512 0.646 0.000 -0.463 -0.607 0.696 0.000 -0.533 0.480 
-0.675 0.150 -0.202 -0.694 0.995 0.000 -0.094 0.021 0.986 0.000 0.136 -0.097 0.992 -0.000 -0.118 0.048 0.989 0.000 0.141 -0.032 0.666 0.000 -0.424 -0.614 0.674 0.000 -0.533 0.512 0.646 0.000 -0.462 -0.608 0.696 0.000 -0.534 0.480 
-0.675 0.150 -0.202 -0.694 0.996 0.000 -0.091 0.016 0.986 0.000 0.137 -0.096 0.993 0.000 -0.114 0.042 0.989 0.000 0.141 -0.031 0.666 0.000 -0.423 -0.614 0.674 0.000 -0.533 0.511 0.646 0.000 -0.462 -0.608 0.696 0.000 -0.534 0.480 
-0.675 0.149 -0.201 -0.694 0.996 0.000 -0.088 0.012 0.986 0.000 0.138 -0.096 0.993 0.000 -0.110 0.037 0.989 0.000 0.142 -0.030 0.666 0.000 -0.423 -0.614 0.674 0.000 -0.533 0.511 0.646 0.000 -0.462 -0.608 0.696 0.000 -0.534 0.480 
-0.675 0.149 -0.201 -0.694 0.996 0.000 -0.086 0.007 0.986 0.000 0.139 -0.095 0.994 0.000 -0.107 0.030 0.989 0.000 0.143 -0.028 0.666 0.000 -0.422 -0.615 0.674 0.000 -0.534 0.510 0.646 0.000 -0.461 -0.609 0.696 0.000 -0.535 0.479 
-0.675 0.149 -0.201 -0.694 0.997 0.000 -0.083 0.003 0.986 0.000 0.138 -0.096 0.994 0.000 -0.103 0.024 0.989 0.000 0.144 -0.026 0.666 0.000 -0.422 -0.615 0.674 -0.000 -0.534 0.510 0.646 0.000 -0.460 -0.609 0.696 0.000 -0.535 0.479 
-0.675 0.149 -0.200 -0.694 0.997 0.000 -0.081 -0.001 0.986 0.000 0.139 -0.096 0.995 0.000 -0.100 0.017 0.989 0.000 0.145 -0.025 0.666 0.000 -0.421 -0.615 0.674 -0.000 -0.535 0.509 0.645 -0.000 -0.460 -0.610 0.696 0.000 -0.535 0.478 
-0.675 0.148 -0.200 -0.694 0.997 0.000 -0.078 -0.005 0.986 0.000 0.138 -0.098 0.995 0.000 -0.097 0.011 0.989 0.000 0.146 -0.024 0.666 0.000 -0.421 -0.616 0.674 0.000 -0.535 0.509 0.645 -0.000 -0.459 -0.611 0.696 0.000 -0.536 0.478 
-0.675 0.148 -0.199 -0.695 0.997 0.000 -0.076 -0.009 0.985 -0.000 0.139 -0.098 0.996 0.000 -0.094 0.005 0.989 0.000 0.147 -0.024 0.666 0.000 -0.420 -0.616 0.674 0.000 -0.536 0.508 0.645 0.000 -0.458 -0.611 0.696 0.000 -0.537 0.477 
-0.675 0.148 -0.199 -0.695 0.997 0.000 -0.075 -0.013 0.985 -0.000 0.139 -0.099 0.996 0.000 -0.092 -0.001 0.989 -0.000 0.148 -0.024 0.666 0.000 -0.420 -0.616 0.675 0.000 -0.536 0.507 0.645 -0.000 -0.458 -0.612 0.696 -0.000 -0.537 0.477 
-0.675 0.147 -0.198 -0.695 0.997 0.000 -0.073 -0.017 0.985 0.000 0.140 -0.101 0.996 0.000 -0.089 -0.007 0.989 0.000 0.149 -0.024 0.666 -0.000 -0.419 -0.617 0.675 0.000 -0.537 0.507 0.645 0.000 -0.457 -0.612 0.696 0.000 -0.538 0.476 
-0.675 0.147 -0.198 -0.695 0.997 0.000 -0.072 -0.021 0.985 0.000 0.141 -0.101 0.996 0.000 -0.087 -0.013 0.988 0.000 0.150 -0.025 0.666 0.000 -0.418 -0.617 0.675 0.000 -0.538 0.506 0.645 -0.000 -0.456 -0.613 0.696 -0.000 -0.538 0.475 
-0.675 0.147 -0.197 -0.695 0.997 -0.000 -0.071 -0.025 0.985 -0.000 0.141 -0.102 0.996 -0.000 -0.085 -0.019 0.988 -0.000 0.150 -0.024 0.666 0.000 -0.418 -0.618 0.675 0.000 -0.538 0.505 0.645 0.000 -0.456 -0.613 0.696 0.000 -0.539 0.475 
-0.675 0.147 -0.197 -0.695 0.997 0.000 -0.070 -0.029 0.984 -0.000 0.142 -0.104 0.996 -0.000 -0.083 -0.025 0.988 0.000 0.151 -0.025 0.666 0.000 -0.417 -0.618 0.675 0.000 -0.538 0.505 0.645 0.000 -0.455 -0.614 0.696 0.000 -0.539 0.474 
-0.675 0.146 -0.196 -0.696 0.997 0.000 -0.070 -0.033 0.984 0.000 0.143 -0.104 0.996 0.000 -0.082 -0.030 0.988 0.000 0.153 -0.027 0.666 0.000 -0.416 -0.619 0.675 0.000 -0.539 0.504 0.645 0.000 -0.454 -0.614 0.696 0.000 -0.540 0.473 
-0.676 0.146 -0.196 -0.696 0.997 0.000 -0.070 -0.037 0.984 0.000 0.145 -0.105 0.996 0.000 -0.081 -0.036 0.988 0.000 0.153 -0.029 0.666 0.000 -0.415 -0.619 0.675 0.000 -0.540 0.504 0.645 0.000 -0.453 -0.615 0.696 0.000 -0.541 0.473 
-0.676 0.145 -0.195 -0.696 0.997 0.000 -0.071 -0.041 0.984 0.000 0.147 -0.105 0.996 0.000 -0.081 -0.041 0.988 0.000 0.154 -0.033 0.666 -0.000 -0.415 -0.620 0.675 0.000 -0.540 0.503 0.645 0.000 -0.452 -0.616 0.696 0.000 -0.542 0.472 
-0.676 0.145 -0.195 -0.696 0.996 0.000 -0.072 -0.045 0.983 0.000 0.149 -0.105 0.996 0.000 -0.081 -0.045 0.987 0.000 0.156 -0.035 0.666 0.000 -0.414 -0.621 0.675 -0.000 -0.541 0.502 0.645 0.000 -0.451 -0.616 0.696 0.000 -0.542 0.471 
-0.676 0.144 -0.194 -0.696 0.996 0.000 -0.073 -0.048 0.983 0.000 0.151 -0.106 0.995 0.000 -0.081 -0.050 0.987 0.000 0.157 -0.039 0.666 0.000 -0.413 -0.621 0.675 -0.000 -0.541 0.502 0.645 0.000 -0.450 -0.617 0.696 -0.000 -0.543 0.470 
-0.676 0.144 -0.194 -0.696 0.996 0.000 -0.074 -0.052 0.983 0.000 0.152 -0.107 0.995 0.000 -0.082 -0.054 0.987 0.000 0.157 -0.045 0.666 0.000 -0.412 -0.622 0.675 0.000 -0.542 0.501 0.645 0.000 -0.450 -0.618 0.696 -0.000 -0.543 0.469 
-0.676 0.144 -0.193 -0.697 0.996 0.000 -0.075 -0.056 0.982 0.000 0.153 -0.107 0.995 0.000 -0.083 -0.057 0.986 0.000 0.157 -0.052 0.666 0.000 -0.411 -0.622 0.675 0.000 -0.543 0.500 0.645 0.000 -0.449 -0.618 0.696 0.000 -0.544 0.469 
-0.676 0.143 -0.193 -0.697 0.995 0.000 -0.077 -0.060 0.982 0.000 0.154 -0.108 0.995 0.000 -0.083 -0.060 0.986 0.000 0.154 -0.058 0.666 0.000 -0.411 -0.623 0.675 0.000 -0.543 0.499 0.645 0.000 -0.448 -0.619 0.696 0.000 -0.545 0.468 
-0.676 0.143 -0.192 -0.697 0.995 -0.000 -0.079 -0.063 0.982 0.000 0.155 -0.109 0.994 -0.000 -0.085 -0.063 0.986 -0.000 0.156 -0.064 0.666 -0.000 -0.410 -0.624 0.675 0.000 -0.544 0.499 0.645 0.000 -0.447 -0.620 0.696 0.000 -0.546 0.467 
-0.676 0.142 -0.192 -0.697 0.995 0.000 -0.080 -0.067 0.982 0.000 0.155 -0.110 0.994 -0.000 -0.087 -0.067 0.985 0.000 0.156 -0.068 0.666 0.000 -0.409 -0.624 0.675 0.000 -0.545 0.498 0.645 0.000 -0.446 -0.620 0.696 0.000 -0.546 0.466 
-0.676 0.142 -0.191 -0.697 0.994 0.000 -0.083 -0.071 0.982 0.000 0.156 -0.111 0.994 -0.000 -0.089 -0.070 0.985 0.000 0.156 -0.074 0.666 -0.000 -0.408 -0.625 0.675 0.000 -0.546 0.497 0.645 0.000 -0.445 -0.621 0.696 -0.000 -0.547 0.465 
-0.676 0.141 -0.191 -0.697 0.994 -0.000 -0.085 -0.074 0.982 0.000 0.156 -0.111 0.993 0.000 -0.091 -0.073 0.985 0.000 0.157 -0.079 0.666 0.000 -0.407 -0.626 0.675 0.000 -0.546 0.496 0.645 0.000 -0.444 -0.622 0.696 0.000 -0.548 0.464 
-0.676 0.141 -0.190 -0.697 0.993 -0.000 -0.087 -0.078 0.981 0.000 0.156 -0.112 0.993 -0.000 -0.094 -0.076 0.984 0.000 0.157 -0.084 0.666 0.000 -0.406 -0.626 0.675 0.000 -0.547 0.495 0.645 0.000 -0.443 -0.622 0.696 -0.000 -0.548 0.463 
-0.677 0.140 -0.190 -0.698 0.993 0.000 -0.090 -0.081 0.981 0.000 0.155 -0.113 0.992 0.000 -0.097 -0.079 0.983 0.000 0.157 -0.089 0.666 0.000 -0.405 -0.627 0.675 0.000 -0.548 0.494 0.646 0.000 -0.442 -0.623 0.696 0.000 -0.549 0.463 
-0.677 0.140 -0.189 -0.698 0.992 0.000 -0.092 -0.084 0.981 0.000 0.154 -0.115 0.992 -0.000 -0.100 -0.082 0.983 0.000 0.158 -0.094 0.666 0.000 -0.404 -0.627 0.675 0.000 -0.548 0.493 0.645 0.000 -0.441 -0.623 0.696 0.000 -0.550 0.462 
-0.677 0.139 -0.189 -0.698 0.992 0.000 -0.095 -0.088 0.981 0.000 0.154 -0.115 0.991 0.000 -0.104 -0.085 0.982 0.000 0.159 -0.099 0.666 0.000 -0.403 -0.628 0.675 0.000 -0.549 0.493 0.645 0.000 -0.441 -0.624 0.696 0.000 -0.550 0.461 
-0.677 0.139 -0.188 -0.698 0.991 0.000 -0.098 -0.091 0.981 0.000 0.153 -0.117 0.990 0.000 -0.107 -0.088 0.982 -0.000 0.159 -0.104 0.666 -0.000 -0.403 -0.628 0.675 -0.000 -0.550 0.492 0.646 0.000 -0.440 -0.624 0.696 0.000 -0.551 0.461 
-0.677 0.139 -0.188 -0.698 0.990 0.000 -0.100 -0.094 0.981 0.000 0.152 -0.118 0.990 -0.000 -0.111 -0.090 0.981 0.000 0.159 -0.110 0.666 0.000 -0.402 -0.629 0.675 0.000 -0.551 0.491 0.645 0.000 -0.439 -0.625 0.696 0.000 -0.551 0.460 
-0.677 0.138 -0.187 -0.698 0.990 0.000 -0.103 -0.097 0.981 0.000 0.151 -0.119 0.989 0.000 -0.115 -0.093 0.981 0.000 0.159 -0.114 0.666 0.000 -0.401 -0.629 0.675 0.000 -0.551 0.491 0.646 0.000 -0.438 -0.626 0.696 0.000 -0.552 0.459 
-0.677 0.138 -0.187 -0.698 0.989 0.000 -0.106 -0.101 0.981 -0.000 0.150 -0.120 0.988 0.000 -0.119 -0.095 0.980 0.000 0.160 -0.118 0.666 0.000 -0.400 -0.630 0.675 0.000 -0.552 0.490 0.646 0.000 -0.437 -0.626 0.696 0.000 -0.552 0.459 
-0.677 0.138 -0.187 -0.698 0.989 0.000 -0.109 -0.103 0.981 -0.000 0.148 -0.123 0.988 0.000 -0.123 -0.097 0.980 0.000 0.160 -0.123 0.666 0.000 -0.400 -0.630 0.675 0.000 -0.552 0.489 0.646 0.000 -0.437 -0.627 0.696 0.000 -0.553 0.458 
-0.677 0.137 -0.186 -0.698 0.988 0.000 -0.113 -0.106 0.981 0.000 0.148 -0.124 0.987 0.000 -0.127 -0.099 0.979 -0.000 0.160 -0.127 0.666 0.000 -0.399 -0.630 0.675 0.000 -0.553 0.489 0.645 0.000 -0.436 -0.627 0.696 0.000 -0.553 0.458 
-0.677 0.137 -0.186 -0.699 0.987 0.000 -0.116 -0.108 0.981 0.000 0.146 -0.127 0.986 -0.000 -0.132 -0.102 0.978 0.000 0.161 -0.129 0.666 0.000 -0.398 -0.631 0.675 0.000 -0.554 0.488 0.645 0.000 -0.435 -0.628 0.696 -0.000 -0.554 0.457 
-0.677 0.136 -0.185 -0.699 0.987 0.000 -0.119 -0.110 0.981 0.000 0.146 -0.129 0.985 0.000 -0.136 -0.103 0.978 0.000 0.161 -0.134 0.666 0.000 -0.397 -0.632 0.675 0.000 -0.554 0.487 0.645 0.000 -0.434 -0.628 0.696 0.000 -0.555 0.456 
-0.678 0.136 -0.185 -0.699 0.986 0.000 -0.123 -0.111 0.981 0.000 0.144 -0.132 0.985 0.000 -0.140 -0.105 0.977 0.000 0.161 -0.137 0.666 0.000 -0.396 -0.632 0.675 0.000 -0.555 0.486 0.645 0.000 -0.434 -0.629 0.696 0.000 -0.555 0.455 
-0.678 0.135 -0.184 -0.699 0.986 -0.000 -0.127 -0.113 0.981 0.000 0.144 -0.134 0.984 0.000 -0.144 -0.105 0.977 -0.000 0.159 -0.142 0.666 0.000 -0.395 -0.633 0.675 0.000 -0.556 0.485 0.645 0.000 -0.433 -0.630 0.696 0.000 -0.556 0.455 
-0.678 0.135 -0.184 -0.699 0.985 0.000 -0.130 -0.113 0.980 0.000 0.143 -0.137 0.983 0.000 -0.149 -0.106 0.976 0.000 0.159 -0.145 0.666 -0.000 -0.394 -0.633 0.675 0.000 -0.557 0.484 0.645 0.000 -0.431 -0.630 0.696 0.000 -0.557 0.454 
-0.678 0.134 -0.183 -0.699 0.984 -0.000 -0.134 -0.114 0.980 0.000 0.142 -0.139 0.982 0.000 -0.154 -0.106 0.976 0.000 0.160 -0.149 0.666 0.000 -0.393 -0.634 0.675 0.000 -0.557 0.483 0.645 0.000 -0.430 -0.631 0.696 0.000 -0.557 0.453 
-0.678 0.134 -0.183 -0.699 0.984 0.000 -0.138 -0.115 0.980 0.000 0.141 -0.141 0.981 0.000 -0.160 -0.106 0.975 0.000 0.161 -0.153 0.666 0.000 -0.392 -0.635 0.675 -0.000 -0.558 0.483 0.645 0.000 -0.429 -0.632 0.696 0.000 -0.558 0.452 
-0.678 0.133 -0.182 -0.699 0.983 0.000 -0.141 -0.116 0.980 0.000 0.140 -0.143 0.980 -0.000 -0.166 -0.106 0.974 0.000 0.162 -0.157 0.666 0.000 -0.391 -0.635 0.675 -0.000 -0.559 0.482 0.646 0.000 -0.428 -0.632 0.696 0.000 -0.559 0.451 
-0.678 0.133 -0.182 -0.699 0.982 0.000 -0.145 -0.117 0.980 0.000 0.140 -0.144 0.980 0.000 -0.171 -0.106 0.973 0.000 0.163 -0.160 0.666 0.000 -0.390 -0.636 0.675 0.000 -0.560 0.481 0.646 0.000 -0.428 -0.633 0.696 -0.000 -0.559 0.450 
-0.678 0.132 -0.182 -0.700 0.982 0.000 -0.149 -0.118 0.980 0.000 0.138 -0.145 0.979 0.000 -0.176 -0.105 0.973 -0.000 0.163 -0.165 0.666 0.000 -0.389 -0.636 0.675 -0.000 -0.560 0.480 0.645 0.000 -0.427 -0.633 0.696 0.000 -0.560 0.450 
-0.678 0.132 -0.181 -0.700 0.981 0.000 -0.152 -0.118 0.980 0.000 0.138 -0.146 0.978 0.000 -0.181 -0.105 0.972 0.000 0.163 -0.168 0.666 0.000 -0.389 -0.637 0.675 0.000 -0.561 0.479 0.645 0.000 -0.426 -0.634 0.696 0.000 -0.560 0.449 
-0.679 0.131 -0.181 -0.700 0.981 0.000 -0.156 -0.119 0.980 0.000 0.137 -0.146 0.977 -0.000 -0.185 -0.105 0.972 0.000 0.162 -0.171 0.666 0.000 -0.388 -0.637 0.675 0.000 -0.562 0.479 0.645 0.000 -0.426 -0.634 0.696 -0.000 -0.561 0.448 
-0.679 0.131 -0.181 -0.700 0.980 0.000 -0.160 -0.119 0.980 0.000 0.136 -0.147 0.976 0.000 -0.190 -0.105 0.972 0.000 0.161 -0.173 0.666 0.000 -0.388 -0.638 0.675 0.000 -0.562 0.478 0.645 0.000 -0.425 -0.635 0.696 0.000 -0.561 0.448 
-0.679 0.131 -0.181 -0.700 0.979 0.000 -0.164 -0.120 0.980 0.000 0.135 -0.146 0.975 0.000 -0.195 -0.105 0.972 0.000 0.160 -0.175 0.666 0.000 -0.387 -0.638 0.675 0.000 -0.562 0.478 0.645 0.000 -0.425 -0.635 0.696 -0.000 -0.561 0.448 
-0.679 0.131 -0.180 -0.700 0.979 0.000 -0.168 -0.119 0.980 0.000 0.134 -0.147 0.974 0.000 -0.199 -0.104 0.972 -0.000 0.158 -0.177 0.666 0.000 -0.387 -0.638 0.675 0.000 -0.562 0.478 0.645 0.000 -0.425 -0.635 0.696 0.000 -0.561 0.447 
-0.679 0.131 -0.180 -0.700 0.978 -0.000 -0.172 -0.119 0.980 -0.000 0.134 -0.147 0.974 0.000 -0.203 -0.104 0.972 0.000 0.157 -0.178 0.666 0.000 -0.387 -0.638 0.675 0.000 -0.562 0.478 0.645 0.000 -0.424 -0.635 0.696 0.000 -0.561 0.447 
-0.679 0.131 -0.180 -0.700 0.977 0.000 -0.176 -0.119 0.980 0.000 0.133 -0.147 0.973 0.000 -0.208 -0.103 0.971 0.000 0.155 -0.179 0.666 0.000 -0.387 -0.638 0.675 0.000 -0.563 0.477 0.645 0.000 -0.424 -0.635 0.696 0.000 -0.562 0.447 
-0.679 0.130 -0.180 -0.700 0.977 0.000 -0.178 -0.118 0.980 0.000 0.129 -0.149 0.972 -0.000 -0.212 -0.102 0.971 0.000 0.154 -0.181 0.666 0.000 -0.386 -0.638 0.675 0.000 -0.563 0.477 0.645 0.000 -0.424 -0.636 0.696 0.000 -0.562 0.447 
-0.679 0.130 -0.180 -0.700 0.976 0.000 -0.182 -0.117 0.980 0.000 0.128 -0.149 0.971 -0.000 -0.217 -0.101 0.971 0.000 0.154 -0.182 0.666 0.000 -0.386 -0.639 0.675 0.000 -0.563 0.477 0.645 0.000 -0.424 -0.636 0.696 -0.000 -0.562 0.447 
-0.679 0.130 -0.180 -0.700 0.976 0.000 -0.186 -0.116 0.980 -0.000 0.128 -0.149 0.970 0.000 -0.222 -0.099 0.971 -0.000 0.153 -0.184 0.666 0.000 -0.386 -0.639 0.675 0.000 -0.563 0.477 0.645 0.000 -0.424 -0.636 0.696 0.000 -0.562 0.447 
-0.679 0.130 -0.180 -0.700 0.975 0.000 -0.191 -0.115 0.981 0.000 0.129 -0.149 0.969 0.000 -0.228 -0.097 0.971 0.000 0.153 -0.186 0.666 0.000 -0.386 -0.639 0.675 -0.000 -0.563 0.477 0.645 -0.000 -0.424 -0.636 0.696 0.000 -0.562 0.447 
-0.679 0.130 -0.180 -0.700 0.974 0.000 -0.194 -0.114 0.981 0.000 0.128 -0.148 0.968 0.000 -0.233 -0.094 0.970 0.000 0.153 -0.188 0.666 -0.000 -0.386 -0.639 0.675 -0.000 -0.563 0.476 0.645 0.000 -0.423 -0.636 0.696 0.000 -0.562 0.446 
-0.679 0.130 -0.180 -0.700 0.974 -0.000 -0.198 -0.113 0.981 0.000 0.128 -0.148 0.967 0.000 -0.238 -0.091 0.970 0.000 0.152 -0.191 0.666 0.000 -0.385 -0.639 0.675 0.000 -0.564 0.476 0.645 0.000 -0.423 -0.636 0.696 0.000 -0.562 0.446 
-0.679 0.130 -0.180 -0.700 0.973 0.000 -0.202 -0.111 0.981 0.000 0.128 -0.148 0.966 0.000 -0.242 -0.088 0.970 0.000 0.151 -0.192 0.666 0.000 -0.385 -0.639 0.675 0.000 -0.564 0.476 0.645 0.000 -0.423 -0.636 0.696 0.000 -0.562 0.446 
-0.679 0.130 -0.180 -0.700 0.972 0.000 -0.206 -0.109 0.981 0.000 0.128 -0.148 0.965 0.000 -0.247 -0.086 0.970 0.000 0.150 -0.193 0.666 0.000 -0.385 -0.639 0.675 0.000 -0.563 0.476 0.645 0.000 -0.423 -0.636 0.696 0.000 -0.563 0.446 
-0.679 0.130 -0.179 -0.700 0.972 0.000 -0.210 -0.107 0.981 0.000 0.128 -0.148 0.964 -0.000 -0.251 -0.084 0.970 0.000 0.149 -0.192 0.666 0.000 -0.385 -0.639 0.675 0.000 -0.563 0.476 0.645 0.000 -0.423 -0.636 0.696 0.000 -0.562 0.446 
-0.679 0.130 -0.179 -0.700 0.971 -0.000 -0.214 -0.105 0.981 0.000 0.128 -0.149 0.964 0.000 -0.255 -0.081 0.970 0.000 0.147 -0.192 0.666 0.000 -0.385 -0.639 0.675 0.000 -0.564 0.476 0.645 0.000 -0.423 -0.636 0.696 0.000 -0.563 0.446 
-0.679 0.130 -0.179 -0.700 0.971 0.000 -0.217 -0.102 0.981 0.000 0.127 -0.149 0.963 0.000 -0.259 -0.078 0.970 0.000 0.146 -0.192 0.666 0.000 -0.385 -0.639 0.675 0.000 -0.563 0.476 0.645 -0.000 -0.423 -0.636 0.696 0.000 -0.562 0.446 
-0.679 0.130 -0.179 -0.700 0.970 -0.000 -0.220 -0.100 0.981 0.000 0.127 -0.149 0.962 0.000 -0.262 -0.075 0.971 0.000 0.145 -0.191 0.665 0.000 -0.385 -0.640 0.675 0.000 -0.564 0.476 0.646 -0.000 -0.422 -0.636 0.696 0.000 -0.563 0.446 
-0.679 0.130 -0.179 -0.700 0.970 0.000 -0.223 -0.097 0.981 0.000 0.126 -0.149 0.961 -0.000 -0.266 -0.072 0.971 0.000 0.144 -0.191 0.665 0.000 -0.385 -0.640 0.675 -0.000 -0.564 0.476 0.646 0.000 -0.422 -0.636 0.696 0.000 -0.563 0.445 
-0.679 0.130 -0.179 -0.700 0.970 0.000 -0.226 -0.094 0.981 0.000 0.126 -0.150 0.960 0.000 -0.270 -0.069 0.971 0.000 0.142 -0.190 0.665 0.000 -0.385 -0.639 0.675 -0.000 -0.564 0.476 0.646 -0.000 -0.423 -0.636 0.696 0.000 -0.563 0.446 
-0.679 0.130 -0.179 -0.700 0.969 0.000 -0.228 -0.091 0.981 0.000 0.125 -0.149 0.960 0.000 -0.274 -0.066 0.972 0.000 0.141 -0.188 0.666 -0.000 -0.385 -0.639 0.675 0.000 -0.564 0.476 0.645 0.000 -0.422 -0.637 0.696 -0.000 -0.563 0.445 
-0.679 0.130 -0.179 -0.700 0.969 0.000 -0.231 -0.088 0.981 0.000 0.124 -0.149 0.959 0.000 -0.277 -0.064 0.972 0.000 0.140 -0.187 0.666 0.000 -0.385 -0.639 0.675 0.000 -0.564 0.475 0.645 0.000 -0.422 -0.637 0.696 0.000 -0.563 0.445 
-0.679 0.130 -0.179 -0.700 0.969 -0.000 -0.232 -0.085 0.981 0.000 0.123 -0.148 0.958 0.000 -0.280 -0.060 0.973 0.000 0.138 -0.185 0.666 0.000 -0.385 -0.639 0.675 0.000 -0.564 0.476 0.645 0.000 -0.422 -0.637 0.696 0.000 -0.563 0.445 
-0.678 0.131 -0.179 -0.700 0.969 0.000 -0.234 -0.081 0.981 0.000 0.123 -0.147 0.958 0.000 -0.283 -0.057 0.974 0.000 0.137 -0.182 0.666 0.000 -0.385 -0.639 0.675 -0.000 -0.564 0.476 0.645 0.000 -0.422 -0.637 0.696 0.000 -0.563 0.446 
-0.678 0.131 -0.179 -0.700 0.969 0.000 -0.236 -0.078 0.982 0.000 0.121 -0.146 0.957 0.000 -0.285 -0.053 0.974 0.000 0.135 -0.180 0.666 -0.000 -0.386 -0.639 0.675 0.000 -0.563 0.476 0.645 0.000 -0.423 -0.636 0.696 0.000 -0.563 0.446 
-0.678 0.131 -0.180 -0.700 0.969 0.000 -0.237 -0.075 0.982 0.000 0.120 -0.146 0.956 0.000 -0.288 -0.049 0.975 0.000 0.134 -0.177 0.666 0.000 -0.386 -0.638 0.675 0.000 -0.563 0.477 0.645 0.000 -0.423 -0.636 0.696 0.000 -0.562 0.446 
-0.678 0.131 -0.180 -0.700 0.969 0.000 -0.238 -0.072 0.982 0.000 0.119 -0.145 0.956 0.000 -0.291 -0.044 0.975 -0.000 0.133 -0.177 0.666 0.000 -0.387 -0.638 0.675 0.000 -0.563 0.477 0.645 0.000 -0.424 -0.635 0.696 0.000 -0.562 0.447 
-0.678 0.131 -0.180 -0.700 0.969 0.000 -0.239 -0.068 0.983 0.000 0.118 -0.143 0.955 0.000 -0.294 -0.039 0.976 0.000 0.132 -0.175 0.666 0.000 -0.387 -0.638 0.675 0.000 -0.563 0.477 0.645 0.000 -0.424 -0.635 0.696 0.000 -0.562 0.447 
-0.678 0.132 -0.181 -0.700 0.969 0.000 -0.239 -0.065 0.983 0.000 0.117 -0.143 0.955 0.000 -0.296 -0.035 0.976 -0.000 0.131 -0.172 0.666 0.000 -0.388 -0.637 0.675 0.000 -0.562 0.478 0.645 0.000 -0.425 -0.635 0.696 -0.000 -0.561 0.448 
-0.678 0.132 -0.181 -0.700 0.969 0.000 -0.239 -0.060 0.983 0.000 0.116 -0.143 0.954 -0.000 -0.298 -0.031 0.977 -0.000 0.131 -0.168 0.666 -0.000 -0.388 -0.637 0.675 -0.000 -0.562 0.479 0.645 0.000 -0.425 -0.634 0.696 0.000 -0.561 0.448 
-0.678 0.133 -0.181 -0.700 0.969 0.000 -0.240 -0.056 0.983 0.000 0.116 -0.142 0.954 0.000 -0.300 -0.027 0.978 0.000 0.130 -0.164 0.666 0.000 -0.389 -0.637 0.675 0.000 -0.561 0.479 0.645 0.000 -0.426 -0.634 0.696 0.000 -0.561 0.448 
-0.678 0.133 -0.182 -0.700 0.969 0.000 -0.240 -0.052 0.983 -0.000 0.115 -0.141 0.953 0.000 -0.301 -0.023 0.979 0.000 0.129 -0.161 0.666 0.000 -0.390 -0.636 0.675 0.000 -0.560 0.480 0.645 0.000 -0.427 -0.634 0.696 0.000 -0.560 0.449 
-0.678 0.133 -0.182 -0.700 0.970 0.000 -0.239 -0.048 0.984 0.000 0.114 -0.140 0.953 0.000 -0.303 -0.019 0.980 0.000 0.127 -0.156 0.666 -0.000 -0.390 -0.636 0.675 0.000 -0.560 0.481 0.646 0.000 -0.427 -0.633 0.696 -0.000 -0.560 0.449 
-0.677 0.134 -0.183 -0.700 0.970 0.000 -0.239 -0.043 0.984 0.000 0.114 -0.140 0.953 0.000 -0.304 -0.016 0.980 0.000 0.126 -0.151 0.666 0.000 -0.391 -0.635 0.675 0.000 -0.559 0.481 0.645 0.000 -0.429 -0.633 0.696 0.000 -0.559 0.451 
-0.678 0.134 -0.184 -0.699 0.971 -0.000 -0.237 -0.039 0.984 0.000 0.113 -0.139 0.952 0.000 -0.305 -0.010 0.981 -0.000 0.125 -0.147 0.666 0.000 -0.393 -0.634 0.675 -0.000 -0.556 0.484 0.646 0.000 -0.431 -0.630 0.697 0.000 -0.557 0.451 
-0.678 0.135 -0.184 -0.699 0.970 0.000 -0.240 -0.036 0.984 0.000 0.118 -0.136 0.952 0.000 -0.305 -0.007 0.982 0.000 0.124 -0.142 0.666 0.000 -0.394 -0.634 0.675 0.000 -0.557 0.484 0.646 0.000 -0.431 -0.630 0.696 0.000 -0.557 0.452 
-0.677 0.135 -0.184 -0.699 0.971 0.000 -0.239 -0.031 0.984 0.000 0.118 -0.135 0.952 0.000 -0.305 -0.003 0.983 0.000 0.123 -0.138 0.666 0.000 -0.395 -0.633 0.675 0.000 -0.557 0.485 0.646 -0.000 -0.432 -0.630 0.697 0.000 -0.557 0.453 
-0.677 0.136 -0.185 -0.699 0.971 0.000 -0.237 -0.027 0.984 -0.000 0.118 -0.134 0.952 0.000 -0.305 0.001 0.983 -0.000 0.122 -0.134 0.666 0.000 -0.395 -0.633 0.675 0.000 -0.556 0.485 0.646 -0.000 -0.432 -0.629 0.697 0.000 -0.556 0.454 
-0.677 0.136 -0.185 -0.699 0.972 0.000 -0.236 -0.022 0.984 0.000 0.118 -0.133 0.952 0.000 -0.305 0.006 0.984 0.000 0.120 -0.132 0.666 0.000 -0.397 -0.632 0.675 0.000 -0.555 0.486 0.646 0.000 -0.434 -0.628 0.697 0.000 -0.555 0.454 
-0.677 0.137 -0.186 -0.699 0.972 0.000 -0.233 -0.018 0.984 0.000 0.117 -0.131 0.953 0.000 -0.304 0.010 0.984 0.000 0.120 -0.129 0.666 0.000 -0.397 -0.631 0.675 -0.000 -0.554 0.487 0.646 0.000 -0.434 -0.628 0.697 0.000 -0.555 0.455 
-0.677 0.137 -0.186 -0.699 0.973 0.000 -0.232 -0.014 0.985 0.000 0.118 -0.129 0.953 0.000 -0.304 0.015 0.985 0.000 0.119 -0.127 0.666 0.000 -0.398 -0.631 0.675 0.000 -0.554 0.488 0.646 0.000 -0.435 -0.627 0.696 0.000 -0.554 0.456 
-0.677 0.138 -0.187 -0.698 0.973 -0.000 -0.229 -0.010 0.985 0.000 0.118 -0.127 0.953 -0.000 -0.303 0.020 0.985 0.000 0.119 -0.125 0.666 0.000 -0.399 -0.630 0.675 0.000 -0.553 0.489 0.646 0.000 -0.436 -0.626 0.697 0.000 -0.553 0.457 
-0.677 0.138 -0.187 -0.698 0.974 0.000 -0.226 -0.007 0.985 0.000 0.118 -0.125 0.953 0.000 -0.302 0.025 0.985 0.000 0.118 -0.123 0.666 0.000 -0.400 -0.630 0.675 -0.000 -0.552 0.490 0.646 0.000 -0.437 -0.626 0.696 -0.000 -0.553 0.458 
-0.677 0.139 -0.188 -0.698 0.975 0.000 -0.224 -0.004 0.986 0.000 0.118 -0.121 0.953 -0.000 -0.300 0.030 0.986 0.000 0.117 -0.122 0.666 0.000 -0.401 -0.629 0.675 0.000 -0.551 0.490 0.646 0.000 -0.438 -0.625 0.696 0.000 -0.552 0.459 
-0.677 0.139 -0.188 -0.698 0.975 0.000 -0.221 -0.001 0.986 0.000 0.119 -0.119 0.954 0.000 -0.299 0.035 0.986 0.000 0.118 -0.120 0.666 -0.000 -0.402 -0.628 0.675 -0.000 -0.551 0.491 0.646 0.000 -0.439 -0.624 0.696 -0.000 -0.551 0.460 
-0.677 0.140 -0.189 -0.698 0.976 0.000 -0.218 0.002 0.986 0.000 0.119 -0.115 0.954 0.000 -0.298 0.040 0.986 0.000 0.118 -0.119 0.666 0.000 -0.403 -0.628 0.675 0.000 -0.550 0.492 0.646 0.000 -0.440 -0.624 0.696 0.000 -0.550 0.461 
-0.677 0.140 -0.189 -0.697 0.977 0.000 -0.215 0.005 0.986 -0.000 0.120 -0.113 0.954 0.000 -0.296 0.045 0.986 0.000 0.118 -0.118 0.666 0.000 -0.404 -0.627 0.675 0.000 -0.549 0.493 0.646 -0.000 -0.441 -0.623 0.696 -0.000 -0.550 0.461 
-0.677 0.141 -0.190 -0.697 0.977 -0.000 -0.211 0.007 0.987 -0.000 0.121 -0.110 0.954 0.000 -0.295 0.049 0.986 0.000 0.118 -0.115 0.666 0.000 -0.405 -0.627 0.675 0.000 -0.549 0.493 0.646 0.000 -0.442 -0.622 0.696 0.000 -0.550 0.462 
-0.677 0.141 -0.191 -0.697 0.978 0.000 -0.207 0.009 0.987 0.000 0.121 -0.106 0.955 0.000 -0.293 0.053 0.987 0.000 0.118 -0.113 0.666 0.000 -0.406 -0.626 0.675 0.000 -0.548 0.494 0.646 0.000 -0.443 -0.622 0.696 0.000 -0.549 0.463 
-0.676 0.142 -0.191 -0.697 0.979 0.000 -0.203 0.012 0.987 0.000 0.122 -0.104 0.955 0.000 -0.291 0.056 0.987 0.000 0.119 -0.111 0.666 0.000 -0.406 -0.625 0.675 0.000 -0.547 0.495 0.646 0.000 -0.444 -0.621 0.696 0.000 -0.548 0.464 
-0.676 0.142 -0.192 -0.697 0.980 -0.000 -0.199 0.014 0.987 0.000 0.122 -0.101 0.955 0.000 -0.290 0.059 0.987 0.000 0.120 -0.108 0.666 0.000 -0.407 -0.625 0.675 0.000 -0.547 0.496 0.646 -0.000 -0.445 -0.620 0.696 0.000 -0.547 0.464 
-0.676 0.143 -0.192 -0.697 0.981 -0.000 -0.194 0.016 0.988 0.000 0.122 -0.096 0.956 0.000 -0.287 0.061 0.987 0.000 0.120 -0.102 0.666 0.000 -0.408 -0.624 0.675 0.000 -0.546 0.497 0.646 0.000 -0.446 -0.619 0.696 0.000 -0.546 0.465 
-0.676 0.143 -0.193 -0.696 0.982 -0.000 -0.189 0.018 0.988 0.000 0.123 -0.093 0.957 0.000 -0.284 0.062 0.988 0.000 0.120 -0.097 0.666 0.000 -0.409 -0.623 0.675 -0.000 -0.545 0.497 0.646 0.000 -0.447 -0.619 0.696 0.000 -0.546 0.466 
-0.676 0.143 -0.193 -0.696 0.983 0.000 -0.185 0.019 0.988 0.000 0.124 -0.090 0.958 0.000 -0.280 0.063 0.989 -0.000 0.118 -0.093 0.666 0.000 -0.410 -0.623 0.675 -0.000 -0.545 0.498 0.646 0.000 -0.448 -0.618 0.696 0.000 -0.545 0.467 
-0.676 0.144 -0.194 -0.696 0.984 -0.000 -0.180 0.021 0.988 -0.000 0.125 -0.087 0.959 0.000 -0.278 0.063 0.989 0.000 0.120 -0.085 0.666 0.000 -0.411 -0.622 0.675 0.000 -0.544 0.499 0.646 0.000 -0.449 -0.617 0.696 0.000 -0.545 0.468 
-0.676 0.144 -0.194 -0.696 0.984 -0.000 -0.174 0.022 0.989 0.000 0.126 -0.084 0.960 0.000 -0.275 0.063 0.990 0.000 0.121 -0.077 0.666 0.000 -0.412 -0.622 0.675 0.000 -0.543 0.500 0.646 0.000 -0.449 -0.617 0.696 0.000 -0.544 0.469 
-0.676 0.144 -0.195 -0.696 0.985 0.000 -0.169 0.024 0.989 0.000 0.126 -0.082 0.961 0.000 -0.271 0.062 0.990 -0.000 0.121 -0.071 0.666 0.000 -0.412 -0.621 0.675 0.000 -0.543 0.500 0.646 -0.000 -0.450 -0.616 0.696 0.000 -0.543 0.469 
-0.676 0.145 -0.195 -0.696 0.986 0.000 -0.164 0.025 0.989 0.000 0.129 -0.079 0.962 0.000 -0.267 0.062 0.990 0.000 0.121 -0.065 0.666 0.000 -0.413 -0.621 0.675 0.000 -0.542 0.501 0.646 0.000 -0.451 -0.616 0.696 0.000 -0.543 0.470 
-0.676 0.145 -0.196 -0.695 0.987 -0.000 -0.158 0.026 0.989 0.000 0.129 -0.077 0.963 -0.000 -0.262 0.061 0.991 0.000 0.122 -0.059 0.666 0.000 -0.413 -0.621 0.675 0.000 -0.542 0.501 0.646 0.000 -0.451 -0.615 0.696 -0.000 -0.543 0.470 
-0.676 0.145 -0.196 -0.695 0.988 0.000 -0.152 0.026 0.989 0.000 0.131 -0.075 0.964 -0.000 -0.258 0.060 0.991 0.000 0.123 -0.052 0.666 -0.000 -0.414 -0.620 0.675 0.000 -0.542 0.501 0.646 0.000 -0.452 -0.615 0.696 -0.000 -0.542 0.471 
-0.676 0.145 -0.196 -0.695 0.989 -0.000 -0.147 0.027 0.988 0.000 0.133 -0.073 0.966 0.000 -0.253 0.059 0.991 -0.000 0.123 -0.048 0.666 0.000 -0.414 -0.620 0.675 0.000 -0.542 0.502 0.646 0.000 -0.452 -0.615 0.696 -0.000 -0.542 0.471 
-0.676 0.145 -0.196 -0.695 0.990 0.000 -0.141 0.027 0.988 -0.000 0.134 -0.072 0.967 0.000 -0.248 0.058 0.991 0.000 0.124 -0.043 0.666 0.000 -0.414 -0.620 0.674 0.000 -0.542 0.502 0.646 -0.000 -0.452 -0.615 0.696 0.000 -0.542 0.472 
-0.676 0.145 -0.197 -0.695 0.991 0.000 -0.134 0.027 0.988 0.000 0.135 -0.071 0.968 -0.000 -0.244 0.057 0.991 0.000 0.125 -0.039 0.666 0.000 -0.415 -0.620 0.675 0.000 -0.541 0.502 0.646 0.000 -0.453 -0.614 0.696 0.000 -0.541 0.472 
-0.676 0.145 -0.197 -0.695 0.991 0.000 -0.129 0.026 0.988 0.000 0.136 -0.070 0.969 0.000 -0.239 0.056 0.991 0.000 0.127 -0.035 0.666 0.000 -0.415 -0.620 0.674 0.000 -0.541 0.502 0.646 0.000 -0.453 -0.614 0.696 0.000 -0.541 0.472 
-0.676 0.145 -0.197 -0.695 0.992 0.000 -0.122 0.025 0.988 0.000 0.137 -0.070 0.971 0.000 -0.233 0.055 0.991 -0.000 0.128 -0.031 0.666 -0.000 -0.415 -0.620 0.674 0.000 -0.541 0.502 0.646 0.000 -0.453 -0.614 0.696 -0.000 -0.541 0.472 
-0.676 0.146 -0.197 -0.695 0.993 0.000 -0.115 0.024 0.988 -0.000 0.137 -0.070 0.972 0.000 -0.228 0.054 0.991 0.000 0.130 -0.028 0.666 0.000 -0.415 -0.619 0.675 0.000 -0.541 0.503 0.646 0.000 -0.453 -0.614 0.696 0.000 -0.540 0.473 
-0.676 0.146 -0.197 -0.694 0.994 0.000 -0.109 0.022 0.988 0.000 0.137 -0.069 0.974 0.000 -0.222 0.053 0.991 -0.000 0.131 -0.026 0.666 0.000 -0.415 -0.619 0.675 0.000 -0.541 0.503 0.646 0.000 -0.454 -0.613 0.696 0.000 -0.540 0.473 
-0.676 0.146 -0.197 -0.694 0.995 -0.000 -0.102 0.020 0.988 0.000 0.137 -0.069 0.975 0.000 -0.216 0.051 0.991 -0.000 0.132 -0.024 0.666 0.000 -0.416 -0.619 0.675 -0.000 -0.540 0.503 0.646 0.000 -0.454 -0.613 0.696 0.000 -0.540 0.474 
-0.676 0.146 -0.198 -0.694 0.995 0.000 -0.096 0.018 0.988 0.000 0.137 -0.069 0.976 0.000 -0.211 0.048 0.991 -0.000 0.133 -0.022 0.666 0.000 -0.416 -0.619 0.675 0.000 -0.540 0.503 0.646 0.000 -0.454 -0.613 0.696 0.000 -0.539 0.474 
-0.677 0.146 -0.198 -0.694 0.996 0.000 -0.090 0.016 0.988 0.000 0.137 -0.069 0.978 0.000 -0.205 0.046 0.991 0.000 0.134 -0.020 0.666 0.000 -0.416 -0.619 0.675 0.000 -0.540 0.503 0.646 0.000 -0.455 -0.613 0.696 0.000 -0.539 0.474 
-0.676 0.146 -0.198 -0.694 0.996 0.000 -0.083 0.014 0.988 0.000 0.138 -0.069 0.979 -0.000 -0.198 0.043 0.991 0.000 0.135 -0.020 0.666 0.000 -0.416 -0.619 0.675 0.000 -0.540 0.503 0.646 -0.000 -0.455 -0.613 0.696 0.000 -0.539 0.475 
-0.677 0.146 -0.198 -0.694 0.997 0.000 -0.077 0.011 0.988 0.000 0.137 -0.070 0.981 -0.000 -0.192 0.040 0.991 0.000 0.135 -0.020 0.666 0.000 -0.417 -0.619 0.675 0.000 -0.540 0.503 0.646 0.000 -0.455 -0.612 0.696 0.000 -0.539 0.475 
-0.677 0.146 -0.198 -0.694 0.997 0.000 -0.071 0.008 0.988 0.000 0.137 -0.069 0.982 0.000 -0.186 0.038 0.991 -0.000 0.136 -0.021 0.666 0.000 -0.417 -0.618 0.675 -0.000 -0.540 0.504 0.646 0.000 -0.456 -0.612 0.696 0.000 -0.538 0.475 
-0.677 0.146 -0.198 -0.694 0.998 0.000 -0.066 0.005 0.988 0.000 0.138 -0.070 0.983 0.000 -0.179 0.035 0.990 0.000 0.137 -0.022 0.666 0.000 -0.417 -0.618 0.675 0.000 -0.539 0.504 0.646 0.000 -0.456 -0.612 0.696 0.000 -0.538 0.476 
-0.677 0.147 -0.198 -0.694 0.998 0.000 -0.060 0.001 0.988 -0.000 0.139 -0.070 0.985 -0.000 -0.172 0.031 0.990 0.000 0.136 -0.023 0.666 0.000 -0.417 -0.618 0.675 0.000 -0.539 0.504 0.646 0.000 -0.456 -0.612 0.696 0.000 -0.538 0.476 
-0.677 0.147 -0.198 -0.694 0.998 -0.000 -0.055 -0.002 0.988 0.000 0.141 -0.070 0.986 0.000 -0.166 0.027 0.990 0.000 0.137 -0.023 0.666 -0.000 -0.417 -0.618 0.675 0.000 -0.539 0.504 0.646 0.000 -0.456 -0.612 0.696 0.000 -0.538 0.476 
-0.677 0.147 -0.198 -0.694 0.999 0.000 -0.051 -0.006 0.987 0.000 0.141 -0.071 0.987 0.000 -0.161 0.022 0.990 0.000 0.140 -0.022 0.666 0.000 -0.417 -0.618 0.675 0.000 -0.539 0.504 0.646 0.000 -0.456 -0.612 0.696 0.000 -0.538 0.476 
-0.676 0.147 -0.198 -0.694 0.999 0.000 -0.044 -0.009 0.988 0.000 0.139 -0.073 0.988 0.000 -0.155 0.017 0.990 0.000 0.140 -0.023 0.666 0.000 -0.418 -0.618 0.675 0.000 -0.539 0.504 0.646 -0.000 -0.456 -0.612 0.696 0.000 -0.538 0.477 
-0.677 0.147 -0.198 -0.694 0.999 0.000 -0.040 -0.013 0.987 0.000 0.140 -0.074 0.989 0.000 -0.148 0.012 0.990 0.000 0.140 -0.024 0.666 -0.000 -0.418 -0.618 0.675 -0.000 -0.539 0.504 0.646 -0.000 -0.456 -0.612 0.696 0.000 -0.537 0.477 
-0.676 0.147 -0.198 -0.694 0.999 0.000 -0.036 -0.017 0.987 0.000 0.140 -0.074 0.990 0.000 -0.142 0.007 0.990 0.000 0.139 -0.024 0.667 0.000 -0.418 -0.618 0.675 -0.000 -0.539 0.504 0.646 0.000 -0.457 -0.612 0.696 0.000 -0.537 0.477 
-0.676 0.147 -0.198 -0.694 0.999 0.000 -0.032 -0.022 0.987 0.000 0.141 -0.075 0.991 0.000 -0.137 0.002 0.990 0.000 0.140 -0.024 0.667 0.000 -0.418 -0.618 0.675 -0.000 -0.539 0.504 0.646 -0.000 -0.456 -0.612 0.696 0.000 -0.537 0.477 
-0.676 0.147 -0.198 -0.694 0.999 0.000 -0.029 -0.026 0.987 0.000 0.141 -0.075 0.991 0.000 -0.131 -0.003 0.990 0.000 0.140 -0.026 0.667 0.000 -0.418 -0.617 0.675 -0.000 -0.539 0.504 0.645 -0.000 -0.457 -0.612 0.695 0.000 -0.537 0.477 
-0.676 0.147 -0.198 -0.694 0.999 0.000 -0.026 -0.032 0.987 -0.000 0.142 -0.075 0.992 -0.000 -0.126 -0.008 0.990 -0.000 0.141 -0.026 0.667 0.000 -0.418 -0.617 0.675 -0.000 -0.539 0.504 0.645 0.000 -0.457 -0.612 0.696 0.000 -0.537 0.477 
-0.676 0.147 -0.198 -0.694 0.999 0.000 -0.023 -0.037 0.987 0.000 0.142 -0.075 0.993 0.000 -0.120 -0.014 0.990 0.000 0.141 -0.027 0.667 0.000 -0.418 -0.617 0.675 0.000 -0.539 0.504 0.645 0.000 -0.457 -0.612 0.696 -0.000 -0.537 0.477 
-0.676 0.147 -0.198 -0.694 0.999 0.000 -0.022 -0.044 0.987 0.000 0.144 -0.073 0.993 0.000 -0.116 -0.019 0.990 0.000 0.141 -0.028 0.667 -0.000 -0.418 -0.617 0.675 -0.000 -0.539 0.504 0.645 0.000 -0.457 -0.612 0.695 0.000 -0.537 0.477 
-0.676 0.147 -0.198 -0.694 0.999 0.000 -0.020 -0.050 0.987 0.000 0.144 -0.072 0.993 0.000 -0.112 -0.024 0.990 0.000 0.142 -0.028 0.667 0.000 -0.418 -0.617 0.675 0.000 -0.539 0.504 0.645 -0.000 -0.457 -0.612 0.696 0.000 -0.537 0.477 
-0.676 0.147 -0.198 -0.694 0.998 0.000 -0.017 -0.056 0.987 0.000 0.142 -0.072 0.994 0.000 -0.107 -0.030 0.989 0.000 0.141 -0.030 0.667 0.000 -0.418 -0.617 0.675 0.000 -0.539 0.504 0.645 0.000 -0.457 -0.612 0.696 0.000 -0.537 0.477 
-0.676 0.147 -0.198 -0.694 0.998 0.000 -0.016 -0.064 0.987 0.000 0.142 -0.070 0.994 0.000 -0.104 -0.036 0.989 0.000 0.143 -0.030 0.667 0.000 -0.418 -0.617 0.675 -0.000 -0.539 0.504 0.645 0.000 -0.457 -0.613 0.695 0.000 -0.537 0.477 
-0.676 0.147 -0.198 -0.694 0.997 0.000 -0.014 -0.070 0.988 -0.000 0.141 -0.070 0.994 0.000 -0.101 -0.041 0.989 0.000 0.143 -0.030 0.667 -0.000 -0.418 -0.617 0.675 0.000 -0.539 0.504 0.645 0.000 -0.457 -0.613 0.696 0.000 -0.537 0.477 
-0.676 0.148 -0.198 -0.694 0.997 0.000 -0.013 -0.077 0.988 0.000 0.141 -0.069 0.994 0.000 -0.098 -0.047 0.989 -0.000 0.144 -0.030 0.667 0.000 -0.418 -0.617 0.675 0.000 -0.539 0.504 0.645 0.000 -0.457 -0.613 0.695 0.000 -0.537 0.477 
-0.676 0.147 -0.198 -0.695 0.997 0.000 -0.011 -0.083 0.988 0.000 0.139 -0.069 0.994 0.000 -0.095 -0.053 0.989 0.000 0.144 -0.030 0.667 0.000 -0.418 -0.617 0.675 0.000 -0.539 0.504 0.645 -0.000 -0.456 -0.613 0.695 0.000 -0.538 0.477 
-0.676 0.147 -0.198 -0.695 0.996 0.000 -0.011 -0.090 0.988 0.000 0.139 -0.069 0.994 0.000 -0.092 -0.059 0.990 0.000 0.140 -0.031 0.667 -0.000 -0.418 -0.616 0.675 0.000 -0.539 0.504 0.645 0.000 -0.456 -0.613 0.695 -0.000 -0.538 0.477 
-0.676 0.147 -0.198 -0.695 0.995 0.000 -0.011 -0.096 0.988 0.000 0.139 -0.069 0.994 0.000 -0.090 -0.065 0.990 0.000 0.140 -0.031 0.667 0.000 -0.418 -0.617 0.675 0.000 -0.540 0.503 0.645 0.000 -0.456 -0.613 0.695 0.000 -0.538 0.476 
-0.676 0.147 -0.198 -0.695 0.995 0.000 -0.010 -0.102 0.988 0.000 0.138 -0.069 0.994 0.000 -0.088 -0.071 0.990 -0.000 0.141 -0.031 0.667 0.000 -0.418 -0.617 0.675 0.000 -0.540 0.503 0.645 0.000 -0.456 -0.613 0.695 0.000 -0.538 0.476 
-0.676 0.147 -0.197 -0.695 0.994 0.000 -0.010 -0.108 0.988 0.000 0.137 -0.069 0.993 0.000 -0.086 -0.077 0.990 -0.000 0.141 -0.031 0.668 0.000 -0.417 -0.616 0.675 0.000 -0.540 0.503 0.645 0.000 -0.456 -0.613 0.696 0.000 -0.538 0.476 
-0.676 0.147 -0.197 -0.695 0.993 0.000 -0.010 -0.114 0.988 0.000 0.136 -0.071 0.993 0.000 -0.086 -0.083 0.989 0.000 0.141 -0.032 0.668 -0.000 -0.417 -0.617 0.675 0.000 -0.540 0.503 0.645 0.000 -0.456 -0.613 0.696 0.000 -0.538 0.476 
-0.676 0.147 -0.197 -0.695 0.993 0.000 -0.011 -0.119 0.988 0.000 0.135 -0.072 0.992 0.000 -0.085 -0.089 0.989 0.000 0.142 -0.033 0.668 -0.000 -0.417 -0.617 0.675 0.000 -0.540 0.503 0.645 0.000 -0.455 -0.614 0.696 0.000 -0.539 0.476 
-0.676 0.147 -0.197 -0.695 0.992 0.000 -0.011 -0.124 0.988 0.000 0.133 -0.074 0.992 0.000 -0.084 -0.095 0.989 0.000 0.142 -0.034 0.668 0.000 -0.417 -0.617 0.675 0.000 -0.540 0.502 0.645 0.000 -0.455 -0.614 0.696 0.000 -0.539 0.475 
-0.676 0.147 -0.197 -0.695 0.992 0.000 -0.012 -0.129 0.988 0.000 0.133 -0.076 0.991 0.000 -0.084 -0.101 0.989 -0.000 0.143 -0.035 0.668 0.000 -0.417 -0.617 0.675 0.000 -0.540 0.502 0.645 0.000 -0.455 -0.614 0.695 0.000 -0.539 0.475 
-0.676 0.147 -0.197 -0.695 0.991 -0.000 -0.014 -0.134 0.988 -0.000 0.132 -0.077 0.991 0.000 -0.084 -0.107 0.989 0.000 0.143 -0.036 0.668 0.000 -0.416 -0.617 0.675 -0.000 -0.541 0.502 0.645 0.000 -0.455 -0.614 0.696 0.000 -0.539 0.475 
-0.676 0.147 -0.196 -0.695 0.990 -0.000 -0.015 -0.139 0.988 0.000 0.133 -0.079 0.990 0.000 -0.084 -0.112 0.989 0.000 0.143 -0.037 0.668 -0.000 -0.416 -0.617 0.675 0.000 -0.541 0.502 0.645 0.000 -0.454 -0.614 0.696 0.000 -0.539 0.475 
-0.676 0.147 -0.196 -0.695 0.989 0.000 -0.017 -0.144 0.988 0.000 0.133 -0.081 0.989 0.000 -0.085 -0.118 0.989 0.000 0.144 -0.039 0.668 0.000 -0.416 -0.617 0.675 0.000 -0.541 0.501 0.645 -0.000 -0.454 -0.614 0.696 0.000 -0.540 0.474 
-0.676 0.147 -0.196 -0.695 0.989 -0.000 -0.019 -0.148 0.988 0.000 0.132 -0.083 0.989 0.000 -0.085 -0.123 0.989 0.000 0.144 -0.041 0.668 0.000 -0.416 -0.617 0.675 0.000 -0.541 0.501 0.645 0.000 -0.454 -0.614 0.696 0.000 -0.540 0.474 
-0.676 0.147 -0.196 -0.695 0.988 0.000 -0.021 -0.153 0.988 0.000 0.132 -0.084 0.988 0.000 -0.086 -0.128 0.989 0.000 0.144 -0.042 0.668 0.000 -0.416 -0.617 0.675 0.000 -0.541 0.501 0.645 0.000 -0.454 -0.615 0.696 -0.000 -0.540 0.474 
-0.676 0.146 -0.196 -0.696 0.987 0.000 -0.023 -0.157 0.988 0.000 0.132 -0.086 0.987 0.000 -0.087 -0.133 0.989 -0.000 0.143 -0.045 0.668 0.000 -0.415 -0.618 0.675 0.000 -0.542 0.501 0.645 0.000 -0.453 -0.615 0.696 0.000 -0.540 0.474 
-0.676 0.146 -0.196 -0.696 0.986 0.000 -0.025 -0.162 0.988 0.000 0.131 -0.087 0.987 0.000 -0.088 -0.138 0.989 -0.000 0.144 -0.047 0.668 0.000 -0.415 -0.618 0.675 0.000 -0.542 0.500 0.645 0.000 -0.453 -0.615 0.696 0.000 -0.540 0.474 
-0.676 0.146 -0.195 -0.696 0.986 0.000 -0.028 -0.166 0.987 -0.000 0.131 -0.089 0.986 0.000 -0.089 -0.142 0.988 0.000 0.144 -0.049 0.668 0.000 -0.415 -0.618 0.675 0.000 -0.542 0.500 0.645 0.000 -0.453 -0.615 0.696 0.000 -0.540 0.473 
-0.676 0.146 -0.195 -0.696 0.985 0.000 -0.030 -0.170 0.987 0.000 0.131 -0.090 0.985 0.000 -0.091 -0.147 0.988 0.000 0.145 -0.050 0.668 0.000 -0.415 -0.618 0.675 0.000 -0.542 0.500 0.645 0.000 -0.452 -0.616 0.696 0.000 -0.541 0.473 
-0.676 0.146 -0.195 -0.696 0.984 0.000 -0.033 -0.175 0.987 0.000 0.130 -0.091 0.984 0.000 -0.093 -0.151 0.988 0.000 0.144 -0.052 0.668 0.000 -0.414 -0.619 0.675 0.000 -0.543 0.500 0.645 0.000 -0.452 -0.616 0.696 0.000 -0.541 0.473 
-0.676 0.146 -0.195 -0.696 0.983 0.000 -0.035 -0.179 0.987 -0.000 0.130 -0.092 0.983 0.000 -0.095 -0.155 0.988 0.000 0.145 -0.055 0.668 0.000 -0.414 -0.619 0.675 0.000 -0.543 0.499 0.645 0.000 -0.452 -0.616 0.696 0.000 -0.541 0.473 
-0.676 0.145 -0.195 -0.696 0.982 0.000 -0.038 -0.183 0.987 0.000 0.130 -0.093 0.983 -0.000 -0.097 -0.158 0.988 -0.000 0.145 -0.056 0.668 0.000 -0.413 -0.619 0.675 0.000 -0.543 0.499 0.645 0.000 -0.451 -0.617 0.696 0.000 -0.541 0.472 
-0.676 0.145 -0.194 -0.696 0.981 0.000 -0.041 -0.187 0.987 0.000 0.130 -0.094 0.982 0.000 -0.099 -0.162 0.988 0.000 0.145 -0.059 0.668 -0.000 -0.413 -0.620 0.675 0.000 -0.544 0.498 0.645 0.000 -0.451 -0.617 0.696 0.000 -0.542 0.472 
-0.676 0.145 -0.194 -0.696 0.981 0.000 -0.044 -0.191 0.987 0.000 0.129 -0.096 0.981 0.000 -0.101 -0.165 0.988 0.000 0.145 -0.060 0.668 0.000 -0.413 -0.620 0.675 -0.000 -0.544 0.498 0.645 0.000 -0.451 -0.617 0.696 0.000 -0.542 0.472 
-0.676 0.145 -0.194 -0.696 0.980 0.000 -0.049 -0.194 0.987 0.000 0.130 -0.097 0.980 0.000 -0.104 -0.169 0.988 0.000 0.144 -0.062 0.668 0.000 -0.412 -0.620 0.675 0.000 -0.544 0.498 0.645 0.000 -0.450 -0.618 0.696 0.000 -0.542 0.471 
-0.676 0.144 -0.194 -0.696 0.979 -0.000 -0.052 -0.198 0.987 0.000 0.130 -0.097 0.979 0.000 -0.106 -0.172 0.988 -0.000 0.144 -0.065 0.668 -0.000 -0.412 -0.620 0.675 0.000 -0.545 0.497 0.645 0.000 -0.450 -0.618 0.696 -0.000 -0.543 0.471 
-0.676 0.144 -0.193 -0.696 0.978 0.000 -0.055 -0.201 0.987 0.000 0.129 -0.099 0.979 0.000 -0.109 -0.175 0.988 0.000 0.143 -0.066 0.668 0.000 -0.411 -0.621 0.675 0.000 -0.545 0.497 0.645 0.000 -0.449 -0.619 0.696 0.000 -0.543 0.470 
-0.676 0.144 -0.193 -0.696 0.977 0.000 -0.059 -0.204 0.987 -0.000 0.130 -0.099 0.978 0.000 -0.112 -0.177 0.988 0.000 0.142 -0.068 0.668 0.000 -0.410 -0.621 0.675 0.000 -0.546 0.496 0.645 0.000 -0.449 -0.619 0.696 0.000 -0.543 0.470 
-0.676 0.144 -0.193 -0.696 0.976 -0.000 -0.064 -0.207 0.986 0.000 0.131 -0.100 0.977 0.000 -0.115 -0.179 0.988 0.000 0.140 -0.070 0.668 0.000 -0.410 -0.621 0.675 0.000 -0.546 0.496 0.645 0.000 -0.448 -0.619 0.696 -0.000 -0.544 0.469 
-0.676 0.143 -0.193 -0.697 0.975 -0.000 -0.068 -0.209 0.986 0.000 0.130 -0.101 0.976 0.000 -0.118 -0.181 0.987 -0.000 0.140 -0.072 0.668 0.000 -0.409 -0.622 0.675 0.000 -0.547 0.495 0.644 0.000 -0.447 -0.620 0.696 0.000 -0.544 0.469 
-0.676 0.143 -0.192 -0.697 0.974 0.000 -0.073 -0.213 0.986 -0.000 0.130 -0.100 0.976 0.000 -0.122 -0.183 0.987 0.000 0.139 -0.074 0.668 0.000 -0.408 -0.622 0.675 0.000 -0.547 0.494 0.644 0.000 -0.447 -0.620 0.696 0.000 -0.545 0.468 
-0.676 0.143 -0.192 -0.697 0.974 0.000 -0.078 -0.215 0.986 0.000 0.130 -0.101 0.975 0.000 -0.126 -0.185 0.987 0.000 0.139 -0.075 0.669 0.000 -0.407 -0.622 0.675 0.000 -0.548 0.494 0.644 0.000 -0.446 -0.621 0.696 0.000 -0.545 0.468 
-0.676 0.142 -0.192 -0.697 0.972 0.000 -0.082 -0.218 0.986 0.000 0.130 -0.100 0.974 0.000 -0.130 -0.186 0.987 0.000 0.139 -0.077 0.669 0.000 -0.407 -0.622 0.675 0.000 -0.549 0.493 0.644 0.000 -0.446 -0.621 0.696 0.000 -0.546 0.467 
-0.676 0.142 -0.191 -0.697 0.972 0.000 -0.085 -0.219 0.987 0.000 0.126 -0.102 0.973 0.000 -0.135 -0.188 0.987 0.000 0.139 -0.077 0.669 0.000 -0.406 -0.622 0.675 0.000 -0.549 0.492 0.644 0.000 -0.445 -0.622 0.696 -0.000 -0.546 0.467 
-0.676 0.142 -0.191 -0.697 0.971 0.000 -0.090 -0.222 0.987 0.000 0.127 -0.102 0.972 -0.000 -0.139 -0.189 0.987 0.000 0.138 -0.078 0.669 0.000 -0.406 -0.623 0.675 0.000 -0.550 0.492 0.644 0.000 -0.445 -0.622 0.696 0.000 -0.546 0.466 
-0.676 0.141 -0.191 -0.697 0.970 0.000 -0.095 -0.224 0.987 0.000 0.127 -0.102 0.971 0.000 -0.143 -0.190 0.987 0.000 0.137 -0.079 0.670 0.000 -0.405 -0.623 0.675 0.000 -0.551 0.491 0.645 0.000 -0.444 -0.623 0.696 0.000 -0.547 0.465 
-0.676 0.141 -0.190 -0.697 0.969 0.000 -0.100 -0.226 0.987 0.000 0.127 -0.102 0.970 0.000 -0.148 -0.191 0.987 0.000 0.137 -0.080 0.670 0.000 -0.404 -0.623 0.676 0.000 -0.551 0.490 0.645 0.000 -0.444 -0.623 0.696 0.000 -0.547 0.465 
-0.676 0.141 -0.190 -0.697 0.968 0.000 -0.107 -0.228 0.987 -0.000 0.128 -0.102 0.969 0.000 -0.153 -0.192 0.988 0.000 0.136 -0.079 0.670 0.000 -0.404 -0.623 0.676 0.000 -0.551 0.489 0.645 0.000 -0.443 -0.623 0.696 0.000 -0.548 0.464 
-0.676 0.141 -0.190 -0.698 0.967 0.000 -0.112 -0.230 0.986 0.000 0.129 -0.101 0.968 0.000 -0.158 -0.193 0.988 -0.000 0.136 -0.079 0.670 0.000 -0.403 -0.623 0.676 0.000 -0.552 0.489 0.645 0.000 -0.443 -0.623 0.696 0.000 -0.548 0.464 
-0.677 0.140 -0.190 -0.698 0.966 0.000 -0.117 -0.231 0.987 0.000 0.129 -0.101 0.967 0.000 -0.163 -0.194 0.988 -0.000 0.135 -0.078 0.670 0.000 -0.403 -0.624 0.676 -0.000 -0.552 0.488 0.645 0.000 -0.442 -0.623 0.696 0.000 -0.549 0.463 
-0.677 0.140 -0.190 -0.698 0.965 -0.000 -0.122 -0.233 0.987 0.000 0.129 -0.100 0.967 0.000 -0.167 -0.194 0.988 0.000 0.134 -0.078 0.670 0.000 -0.402 -0.624 0.676 0.000 -0.553 0.488 0.645 0.000 -0.442 -0.623 0.696 -0.000 -0.549 0.463 
-0.677 0.140 -0.189 -0.698 0.964 0.000 -0.126 -0.234 0.987 0.000 0.129 -0.100 0.965 0.000 -0.173 -0.195 0.988 0.000 0.135 -0.076 0.670 0.000 -0.402 -0.624 0.676 0.000 -0.553 0.487 0.645 0.000 -0.442 -0.624 0.696 0.000 -0.549 0.463 
-0.677 0.140 -0.189 -0.698 0.963 0.000 -0.131 -0.235 0.987 -0.000 0.129 -0.099 0.965 0.000 -0.177 -0.195 0.988 0.000 0.134 -0.076 0.670 0.000 -0.402 -0.624 0.676 0.000 -0.553 0.487 0.645 0.000 -0.441 -0.624 0.696 0.000 -0.549 0.462 
-0.677 0.140 -0.189 -0.698 0.962 0.000 -0.136 -0.237 0.987 0.000 0.129 -0.099 0.963 0.000 -0.183 -0.196 0.988 0.000 0.133 -0.074 0.670 0.000 -0.402 -0.624 0.676 0.000 -0.553 0.487 0.645 -0.000 -0.441 -0.624 0.696 0.000 -0.550 0.462 
-0.677 0.140 -0.189 -0.698 0.961 -0.000 -0.142 -0.237 0.987 0.000 0.129 -0.099 0.963 0.000 -0.187 -0.196 0.989 0.000 0.132 -0.074 0.670 0.000 -0.401 -0.624 0.676 0.000 -0.554 0.486 0.645 0.000 -0.441 -0.624 0.696 0.000 -0.550 0.462 
-0.677 0.140 -0.189 -0.697 0.960 0.000 -0.147 -0.238 0.987 0.000 0.129 -0.099 0.962 0.000 -0.192 -0.195 0.989 0.000 0.131 -0.073 0.670 0.000 -0.401 -0.624 0.676 -0.000 -0.554 0.486 0.646 0.000 -0.441 -0.624 0.696 0.000 -0.550 0.461 
-0.677 0.140 -0.189 -0.697 0.959 0.000 -0.152 -0.238 0.987 0.000 0.130 -0.099 0.961 0.000 -0.197 -0.195 0.989 0.000 0.131 -0.072 0.670 0.000 -0.401 -0.624 0.676 -0.000 -0.554 0.486 0.646 0.000 -0.440 -0.624 0.696 0.000 -0.550 0.461 
-0.677 0.139 -0.189 -0.698 0.959 0.000 -0.157 -0.237 0.986 0.000 0.129 -0.101 0.960 0.000 -0.203 -0.194 0.989 0.000 0.130 -0.071 0.671 0.000 -0.400 -0.625 0.676 -0.000 -0.554 0.485 0.646 0.000 -0.440 -0.624 0.696 0.000 -0.550 0.461 
-0.677 0.139 -0.189 -0.698 0.958 0.000 -0.162 -0.236 0.986 -0.000 0.130 -0.101 0.959 0.000 -0.208 -0.194 0.989 0.000 0.131 -0.070 0.671 0.000 -0.400 -0.625 0.676 0.000 -0.554 0.485 0.645 0.000 -0.440 -0.624 0.696 0.000 -0.550 0.461 
-0.677 0.139 -0.189 -0.698 0.957 0.000 -0.167 -0.235 0.986 0.000 0.129 -0.102 0.958 0.000 -0.214 -0.192 0.989 0.000 0.131 -0.071 0.671 0.000 -0.400 -0.625 0.676 0.000 -0.555 0.485 0.645 0.000 -0.440 -0.625 0.696 -0.000 -0.551 0.461 
-0.677 0.139 -0.188 -0.698 0.957 0.000 -0.172 -0.234 0.986 0.000 0.129 -0.103 0.957 0.000 -0.219 -0.190 0.989 0.000 0.130 -0.071 0.671 0.000 -0.399 -0.625 0.676 0.000 -0.555 0.484 0.645 0.000 -0.439 -0.625 0.696 0.000 -0.551 0.460 
-0.677 0.139 -0.188 -0.698 0.957 -0.000 -0.177 -0.231 0.986 0.000 0.128 -0.105 0.956 0.000 -0.224 -0.189 0.989 0.000 0.130 -0.070 0.671 0.000 -0.399 -0.625 0.676 0.000 -0.556 0.484 0.645 0.000 -0.439 -0.625 0.696 0.000 -0.551 0.460 
-0.677 0.138 -0.188 -0.698 0.956 0.000 -0.182 -0.229 0.986 0.000 0.128 -0.106 0.955 0.000 -0.229 -0.188 0.989 0.000 0.129 -0.071 0.671 0.000 -0.398 -0.626 0.676 0.000 -0.556 0.483 0.645 0.000 -0.439 -0.626 0.696 -0.000 -0.551 0.460 
-0.677 0.138 -0.188 -0.698 0.956 0.000 -0.187 -0.226 0.986 0.000 0.127 -0.108 0.955 0.000 -0.233 -0.185 0.989 -0.000 0.128 -0.071 0.671 0.000 -0.398 -0.626 0.676 0.000 -0.556 0.483 0.645 0.000 -0.438 -0.626 0.696 0.000 -0.551 0.460 
-0.677 0.138 -0.188 -0.698 0.956 0.000 -0.191 -0.223 0.986 0.000 0.127 -0.110 0.954 0.000 -0.237 -0.183 0.989 -0.000 0.126 -0.073 0.671 0.000 -0.398 -0.626 0.676 0.000 -0.557 0.483 0.645 0.000 -0.438 -0.626 0.696 0.000 -0.552 0.459 
-0.678 0.138 -0.187 -0.698 0.956 0.000 -0.196 -0.221 0.986 0.000 0.126 -0.111 0.954 0.000 -0.241 -0.180 0.989 0.000 0.125 -0.074 0.670 0.000 -0.397 -0.627 0.676 0.000 -0.557 0.482 0.645 0.000 -0.437 -0.627 0.696 0.000 -0.552 0.459 
-0.678 0.137 -0.187 -0.698 0.955 0.000 -0.200 -0.217 0.986 0.000 0.125 -0.112 0.953 -0.000 -0.246 -0.177 0.989 0.000 0.124 -0.077 0.670 0.000 -0.397 -0.627 0.676 0.000 -0.557 0.482 0.645 0.000 -0.437 -0.627 0.696 0.000 -0.552 0.459 
-0.678 0.137 -0.187 -0.698 0.955 0.000 -0.204 -0.213 0.986 0.000 0.124 -0.113 0.953 0.000 -0.249 -0.173 0.989 0.000 0.122 -0.080 0.670 0.000 -0.396 -0.627 0.676 0.000 -0.558 0.481 0.645 0.000 -0.436 -0.627 0.696 0.000 -0.553 0.458 
-0.678 0.137 -0.186 -0.698 0.955 0.000 -0.208 -0.210 0.986 0.000 0.123 -0.114 0.952 0.000 -0.254 -0.170 0.989 0.000 0.121 -0.082 0.670 0.000 -0.395 -0.628 0.676 0.000 -0.558 0.480 0.645 0.000 -0.436 -0.628 0.696 0.000 -0.553 0.458 
-0.678 0.136 -0.186 -0.698 0.956 0.000 -0.212 -0.205 0.986 0.000 0.121 -0.115 0.952 0.000 -0.257 -0.166 0.989 0.000 0.119 -0.086 0.670 0.000 -0.395 -0.628 0.676 0.000 -0.559 0.480 0.645 0.000 -0.435 -0.628 0.696 0.000 -0.554 0.457 
-0.678 0.136 -0.186 -0.698 0.956 0.000 -0.215 -0.201 0.986 0.000 0.120 -0.115 0.952 -0.000 -0.261 -0.162 0.989 0.000 0.117 -0.089 0.670 0.000 -0.394 -0.629 0.676 -0.000 -0.559 0.480 0.645 0.000 -0.435 -0.629 0.696 0.000 -0.554 0.457 
-0.678 0.136 -0.186 -0.698 0.956 -0.000 -0.219 -0.197 0.986 -0.000 0.119 -0.115 0.952 -0.000 -0.264 -0.157 0.989 -0.000 0.115 -0.091 0.670 0.000 -0.394 -0.629 0.676 0.000 -0.559 0.479 0.645 0.000 -0.434 -0.629 0.696 0.000 -0.554 0.457 
-0.678 0.136 -0.186 -0.698 0.956 0.000 -0.222 -0.192 0.986 0.000 0.118 -0.115 0.951 0.000 -0.267 -0.153 0.989 0.000 0.113 -0.094 0.670 0.000 -0.394 -0.629 0.676 0.000 -0.560 0.479 0.645 0.000 -0.434 -0.629 0.696 0.000 -0.554 0.456 
-0.678 0.136 -0.185 -0.698 0.956 0.000 -0.225 -0.187 0.987 0.000 0.117 -0.114 0.951 -0.000 -0.270 -0.148 0.989 0.000 0.112 -0.096 0.670 0.000 -0.394 -0.629 0.676 0.000 -0.560 0.479 0.645 0.000 -0.434 -0.629 0.696 0.000 -0.554 0.456 
-0.678 0.136 -0.185 -0.698 0.956 -0.000 -0.228 -0.183 0.987 0.000 0.116 -0.113 0.951 -0.000 -0.274 -0.143 0.989 0.000 0.110 -0.099 0.670 0.000 -0.393 -0.629 0.676 0.000 -0.560 0.479 0.645 0.000 -0.434 -0.629 0.696 0.000 -0.555 0.456 
-0.678 0.136 -0.185 -0.698 0.956 0.000 -0.231 -0.179 0.987 0.000 0.116 -0.111 0.951 0.000 -0.277 -0.138 0.989 0.000 0.109 -0.101 0.670 0.000 -0.394 -0.629 0.676 -0.000 -0.560 0.479 0.645 0.000 -0.434 -0.629 0.696 0.000 -0.555 0.456 
-0.678 0.136 -0.185 -0.698 0.957 -0.000 -0.234 -0.174 0.987 -0.000 0.116 -0.110 0.951 0.000 -0.280 -0.132 0.989 0.000 0.108 -0.105 0.670 0.000 -0.394 -0.629 0.676 0.000 -0.560 0.479 0.645 0.000 -0.434 -0.629 0.696 0.000 -0.555 0.456 
-0.678 0.136 -0.186 -0.698 0.957 0.000 -0.237 -0.169 0.987 -0.000 0.116 -0.109 0.951 0.000 -0.283 -0.127 0.989 0.000 0.107 -0.106 0.670 0.000 -0.394 -0.629 0.676 0.000 -0.560 0.479 0.645 -0.000 -0.434 -0.629 0.696 0.000 -0.554 0.456 
-0.678 0.136 -0.186 -0.698 0.957 0.000 -0.239 -0.163 0.987 0.000 0.116 -0.108 0.951 0.000 -0.286 -0.122 0.988 -0.000 0.107 -0.108 0.670 0.000 -0.394 -0.629 0.676 0.000 -0.560 0.479 0.645 -0.000 -0.434 -0.629 0.696 0.000 -0.554 0.456 
-0.677 0.136 -0.185 -0.699 0.957 0.000 -0.242 -0.157 0.987 0.000 0.117 -0.106 0.950 0.000 -0.288 -0.117 0.988 0.000 0.107 -0.109 0.671 0.000 -0.393 -0.629 0.676 0.000 -0.560 0.478 0.644 0.000 -0.434 -0.630 0.696 0.000 -0.555 0.456 
-0.677 0.136 -0.186 -0.699 0.958 0.000 -0.245 -0.152 0.988 0.000 0.117 -0.105 0.950 0.000 -0.291 -0.111 0.988 0.000 0.107 -0.111 0.671 0.000 -0.394 -0.629 0.676 0.000 -0.560 0.479 0.644 0.000 -0.434 -0.630 0.696 0.000 -0.554 0.457 
-0.678 0.136 -0.186 -0.698 0.958 0.000 -0.247 -0.146 0.988 -0.000 0.117 -0.103 0.950 0.000 -0.293 -0.105 0.988 0.000 0.106 -0.111 0.671 -0.000 -0.394 -0.628 0.676 0.000 -0.560 0.479 0.644 0.000 -0.434 -0.629 0.696 0.000 -0.554 0.457 
-0.677 0.137 -0.186 -0.699 0.958 0.000 -0.250 -0.140 0.988 0.000 0.118 -0.102 0.950 0.000 -0.295 -0.099 0.988 0.000 0.105 -0.111 0.671 0.000 -0.395 -0.628 0.676 -0.000 -0.560 0.479 0.644 -0.000 -0.435 -0.629 0.696 0.000 -0.554 0.457 
-0.678 0.137 -0.186 -0.698 0.958 0.000 -0.252 -0.135 0.988 -0.000 0.119 -0.100 0.950 0.000 -0.297 -0.094 0.988 0.000 0.106 -0.109 0.670 0.000 -0.395 -0.628 0.676 0.000 -0.559 0.480 0.645 0.000 -0.435 -0.628 0.696 0.000 -0.554 0.458 
-0.678 0.137 -0.187 -0.698 0.959 0.000 -0.254 -0.128 0.988 0.000 0.119 -0.099 0.950 0.000 -0.299 -0.089 0.989 0.000 0.105 -0.108 0.670 0.000 -0.396 -0.628 0.676 0.000 -0.559 0.480 0.645 0.000 -0.436 -0.628 0.696 0.000 -0.553 0.458 
-0.677 0.138 -0.187 -0.698 0.959 0.000 -0.257 -0.122 0.988 0.000 0.120 -0.097 0.950 -0.000 -0.301 -0.084 0.989 0.000 0.105 -0.105 0.670 0.000 -0.397 -0.627 0.676 0.000 -0.558 0.481 0.645 0.000 -0.436 -0.628 0.696 0.000 -0.553 0.459 
-0.677 0.138 -0.187 -0.698 0.959 -0.000 -0.259 -0.115 0.988 0.000 0.120 -0.096 0.950 0.000 -0.302 -0.079 0.989 0.000 0.104 -0.102 0.670 0.000 -0.398 -0.627 0.676 0.000 -0.557 0.482 0.645 -0.000 -0.437 -0.627 0.696 0.000 -0.552 0.459 
-0.677 0.138 -0.188 -0.698 0.959 0.000 -0.260 -0.109 0.988 0.000 0.120 -0.094 0.950 0.000 -0.303 -0.075 0.990 0.000 0.103 -0.099 0.670 0.000 -0.398 -0.626 0.676 0.000 -0.557 0.482 0.645 0.000 -0.438 -0.626 0.696 0.000 -0.552 0.460 
-0.677 0.139 -0.188 -0.698 0.960 0.000 -0.262 -0.102 0.988 0.000 0.120 -0.092 0.950 0.000 -0.304 -0.071 0.990 0.000 0.103 -0.096 0.670 0.000 -0.399 -0.626 0.676 0.000 -0.556 0.483 0.645 -0.000 -0.439 -0.626 0.696 0.000 -0.551 0.461 
-0.677 0.139 -0.189 -0.697 0.960 0.000 -0.263 -0.096 0.989 0.000 0.120 -0.089 0.950 -0.000 -0.304 -0.067 0.991 0.000 0.102 -0.092 0.670 0.000 -0.400 -0.625 0.676 0.000 -0.556 0.484 0.645 0.000 -0.439 -0.625 0.696 0.000 -0.551 0.461 
-0.677 0.140 -0.189 -0.697 0.960 0.000 -0.264 -0.089 0.989 0.000 0.120 -0.087 0.950 0.000 -0.305 -0.063 0.991 0.000 0.101 -0.088 0.670 0.000 -0.401 -0.625 0.676 0.000 -0.555 0.484 0.645 -0.000 -0.440 -0.625 0.696 0.000 -0.550 0.462 
-0.677 0.140 -0.190 -0.697 0.961 -0.000 -0.265 -0.083 0.989 0.000 0.120 -0.085 0.951 0.000 -0.304 -0.058 0.991 0.000 0.100 -0.084 0.670 0.000 -0.402 -0.624 0.676 -0.000 -0.554 0.486 0.646 0.000 -0.442 -0.623 0.696 0.000 -0.549 0.463 
-0.677 0.141 -0.191 -0.697 0.961 0.000 -0.266 -0.075 0.989 0.000 0.120 -0.084 0.951 0.000 -0.305 -0.053 0.992 0.000 0.100 -0.080 0.670 0.000 -0.403 -0.623 0.676 0.000 -0.553 0.487 0.645 -0.000 -0.443 -0.622 0.696 0.000 -0.548 0.464 
-0.677 0.141 -0.191 -0.697 0.960 0.000 -0.269 -0.070 0.989 0.000 0.125 -0.080 0.951 -0.000 -0.305 -0.048 0.992 0.000 0.100 -0.078 0.670 0.000 -0.404 -0.623 0.676 -0.000 -0.553 0.487 0.646 0.000 -0.443 -0.622 0.696 0.000 -0.548 0.464 
-0.677 0.142 -0.191 -0.696 0.961 0.000 -0.270 -0.063 0.989 0.000 0.125 -0.078 0.952 0.000 -0.304 -0.043 0.992 0.000 0.100 -0.075 0.670 0.000 -0.404 -0.623 0.676 -0.000 -0.552 0.488 0.646 0.000 -0.444 -0.621 0.696 -0.000 -0.547 0.465 
-0.677 0.142 -0.192 -0.696 0.961 -0.000 -0.270 -0.056 0.989 -0.000 0.125 -0.076 0.952 0.000 -0.304 -0.039 0.992 0.000 0.100 -0.073 0.670 0.000 -0.405 -0.622 0.676 0.000 -0.552 0.489 0.646 -0.000 -0.445 -0.621 0.696 0.000 -0.547 0.465 
-0.677 0.142 -0.192 -0.696 0.961 -0.000 -0.270 -0.050 0.989 0.000 0.125 -0.073 0.952 0.000 -0.303 -0.034 0.993 0.000 0.100 -0.069 0.670 0.000 -0.406 -0.622 0.676 0.000 -0.551 0.489 0.646 0.000 -0.445 -0.620 0.696 0.000 -0.546 0.466 
-0.677 0.143 -0.193 -0.696 0.962 0.000 -0.270 -0.044 0.990 0.000 0.125 -0.071 0.953 0.000 -0.303 -0.029 0.993 0.000 0.101 -0.068 0.669 -0.000 -0.407 -0.622 0.676 0.000 -0.550 0.490 0.646 0.000 -0.446 -0.619 0.696 0.000 -0.545 0.467 
-0.677 0.143 -0.193 -0.696 0.962 0.000 -0.270 -0.037 0.990 0.000 0.125 -0.069 0.953 0.000 -0.302 -0.024 0.993 0.000 0.103 -0.066 0.670 0.000 -0.408 -0.621 0.676 0.000 -0.550 0.491 0.646 0.000 -0.447 -0.619 0.696 0.000 -0.545 0.467 
-0.677 0.144 -0.194 -0.696 0.963 0.000 -0.269 -0.031 0.990 0.000 0.125 -0.068 0.953 0.000 -0.301 -0.018 0.992 0.000 0.103 -0.066 0.669 0.000 -0.408 -0.620 0.676 0.000 -0.549 0.492 0.646 0.000 -0.448 -0.618 0.696 0.000 -0.544 0.468 
-0.677 0.144 -0.194 -0.696 0.963 -0.000 -0.268 -0.025 0.990 -0.000 0.126 -0.067 0.954 0.000 -0.300 -0.013 0.992 0.000 0.105 -0.066 0.670 0.000 -0.409 -0.620 0.676 0.000 -0.548 0.493 0.646 0.000 -0.449 -0.618 0.696 -0.000 -0.543 0.469 
-0.677 0.145 -0.195 -0.695 0.963 0.000 -0.268 -0.020 0.990 0.000 0.127 -0.065 0.954 0.000 -0.299 -0.007 0.992 0.000 0.107 -0.065 0.670 0.000 -0.410 -0.619 0.676 0.000 -0.547 0.493 0.646 0.000 -0.450 -0.617 0.696 0.000 -0.543 0.470 
-0.676 0.145 -0.195 -0.695 0.964 0.000 -0.267 -0.013 0.990 0.000 0.127 -0.064 0.955 0.000 -0.297 -0.002 0.992 0.000 0.108 -0.064 0.670 0.000 -0.411 -0.618 0.676 0.000 -0.546 0.494 0.646 0.000 -0.451 -0.616 0.696 0.000 -0.542 0.471 
-0.676 0.146 -0.196 -0.695 0.964 0.000 -0.265 -0.008 0.990 0.000 0.127 -0.064 0.956 0.000 -0.295 0.002 0.992 0.000 0.109 -0.063 0.670 0.000 -0.412 -0.618 0.676 0.000 -0.546 0.495 0.646 -0.000 -0.452 -0.616 0.696 0.000 -0.542 0.472 
-0.676 0.146 -0.197 -0.695 0.965 0.000 -0.263 -0.002 0.990 0.000 0.129 -0.062 0.956 0.000 -0.293 0.007 0.992 -0.000 0.110 -0.063 0.670 0.000 -0.413 -0.617 0.676 -0.000 -0.545 0.496 0.646 0.000 -0.453 -0.615 0.696 0.000 -0.541 0.473 
-0.676 0.147 -0.197 -0.694 0.965 0.000 -0.261 0.003 0.990 0.000 0.129 -0.062 0.957 -0.000 -0.290 0.011 0.992 0.000 0.110 -0.062 0.670 0.000 -0.414 -0.616 0.676 0.000 -0.544 0.497 0.646 -0.000 -0.454 -0.614 0.696 0.000 -0.540 0.474 
-0.676 0.148 -0.198 -0.694 0.966 0.000 -0.259 0.008 0.990 0.000 0.130 -0.062 0.958 0.000 -0.287 0.015 0.992 0.000 0.110 -0.061 0.670 0.000 -0.416 -0.615 0.676 0.000 -0.543 0.498 0.646 0.000 -0.455 -0.613 0.696 0.000 -0.539 0.475 
-0.676 0.148 -0.199 -0.694 0.967 0.000 -0.256 0.012 0.990 0.000 0.131 -0.061 0.959 0.000 -0.284 0.019 0.992 0.000 0.111 -0.059 0.670 0.000 -0.417 -0.614 0.676 0.000 -0.542 0.499 0.646 0.000 -0.457 -0.612 0.696 0.000 -0.538 0.476 
-0.676 0.149 -0.199 -0.694 0.967 0.000 -0.253 0.016 0.990 0.000 0.131 -0.060 0.959 0.000 -0.281 0.022 0.992 0.000 0.111 -0.058 0.670 0.000 -0.418 -0.614 0.676 0.000 -0.541 0.500 0.646 0.000 -0.458 -0.611 0.696 0.000 -0.537 0.477 
