# T   LUA LFA RUA RFA LT  LS  RT  RS  
0.998 -0.008 -0.049 0.035 0.692 0.000 -0.720 0.053 0.953 0.000 -0.002 -0.302 0.820 0.000 0.319 -0.475 0.667 0.000 -0.484 0.567 0.639 -0.000 -0.769 0.022 0.998 0.000 0.010 0.055 0.713 0.000 -0.701 0.007 0.998 0.000 0.017 0.065 
0.998 -0.008 -0.049 0.035 0.692 0.000 -0.720 0.052 0.954 -0.000 -0.002 -0.301 0.820 0.000 0.318 -0.476 0.667 0.000 -0.483 0.567 0.639 0.000 -0.768 0.022 0.998 0.000 0.010 0.055 0.713 0.000 -0.702 0.007 0.998 0.000 0.017 0.065 
0.998 -0.008 -0.049 0.035 0.692 -0.000 -0.720 0.053 0.954 -0.000 -0.002 -0.301 0.820 0.000 0.317 -0.476 0.668 -0.000 -0.482 0.566 0.639 0.000 -0.769 0.022 0.998 0.000 0.010 0.055 0.713 -0.000 -0.702 0.007 0.998 0.000 0.017 0.065 
0.998 -0.008 -0.049 0.035 0.692 0.000 -0.720 0.053 0.953 0.000 -0.002 -0.301 0.820 0.000 0.318 -0.476 0.669 0.000 -0.483 0.565 0.639 0.000 -0.769 0.022 0.998 0.000 0.010 0.055 0.713 0.000 -0.702 0.007 0.998 -0.000 0.017 0.065 
0.998 -0.008 -0.049 0.035 0.692 0.000 -0.720 0.052 0.954 0.000 -0.002 -0.301 0.820 0.000 0.319 -0.476 0.669 0.000 -0.483 0.565 0.639 0.000 -0.769 0.022 0.998 0.000 0.010 0.055 0.713 0.000 -0.702 0.007 0.998 0.000 0.018 0.065 
0.998 -0.008 -0.049 0.035 0.692 0.000 -0.720 0.053 0.954 0.000 -0.002 -0.301 0.819 -0.000 0.320 -0.477 0.670 0.000 -0.483 0.563 0.639 0.000 -0.769 0.022 0.998 0.000 0.010 0.055 0.713 0.000 -0.701 0.007 0.998 0.000 0.017 0.064 
0.998 -0.008 -0.049 0.035 0.692 0.000 -0.720 0.053 0.953 0.000 -0.002 -0.302 0.819 0.000 0.320 -0.476 0.671 -0.000 -0.483 0.562 0.639 -0.000 -0.768 0.022 0.998 -0.000 0.010 0.055 0.713 0.000 -0.701 0.007 0.998 0.000 0.017 0.065 
0.998 -0.008 -0.049 0.035 0.692 0.000 -0.720 0.053 0.954 0.000 -0.002 -0.301 0.819 0.000 0.321 -0.476 0.672 -0.000 -0.484 0.561 0.639 0.000 -0.769 0.022 0.998 0.000 0.010 0.055 0.713 0.000 -0.701 0.007 0.998 0.000 0.017 0.065 
0.998 -0.008 -0.049 0.035 0.692 0.000 -0.720 0.053 0.954 0.000 -0.002 -0.301 0.818 0.000 0.322 -0.476 0.673 -0.000 -0.484 0.559 0.639 0.000 -0.769 0.022 0.998 0.000 0.010 0.055 0.713 0.000 -0.701 0.007 0.998 0.000 0.017 0.065 
0.998 -0.008 -0.049 0.035 0.692 0.000 -0.720 0.053 0.954 0.000 -0.002 -0.301 0.818 0.000 0.323 -0.475 0.674 0.000 -0.485 0.557 0.639 0.000 -0.769 0.022 0.998 -0.000 0.010 0.055 0.713 0.000 -0.701 0.007 0.998 0.000 0.017 0.064 
0.998 -0.008 -0.049 0.035 0.692 0.000 -0.720 0.053 0.954 0.000 -0.002 -0.301 0.818 0.000 0.325 -0.475 0.674 0.000 -0.486 0.556 0.639 -0.000 -0.769 0.022 0.998 0.000 0.010 0.055 0.713 -0.000 -0.701 0.007 0.998 0.000 0.017 0.065 
0.998 -0.007 -0.049 0.035 0.691 -0.000 -0.721 0.054 0.953 0.000 -0.001 -0.302 0.818 0.000 0.326 -0.474 0.675 -0.000 -0.488 0.553 0.639 0.000 -0.769 0.022 0.998 0.000 0.010 0.055 0.713 0.000 -0.701 0.007 0.998 0.000 0.017 0.065 
0.998 -0.007 -0.049 0.035 0.692 -0.000 -0.720 0.053 0.954 0.000 -0.002 -0.301 0.818 0.000 0.328 -0.472 0.676 -0.000 -0.490 0.551 0.639 0.000 -0.769 0.022 0.998 0.000 0.010 0.055 0.713 -0.000 -0.701 0.007 0.998 -0.000 0.017 0.065 
0.998 -0.007 -0.049 0.035 0.691 0.000 -0.720 0.053 0.954 0.000 -0.002 -0.301 0.818 0.000 0.330 -0.471 0.676 0.000 -0.492 0.548 0.639 0.000 -0.769 0.022 0.998 0.000 0.010 0.054 0.713 0.000 -0.701 0.007 0.998 -0.000 0.016 0.064 
0.998 -0.005 -0.049 0.035 0.692 0.000 -0.719 0.065 0.950 0.000 -0.009 -0.311 0.818 0.000 0.334 -0.468 0.676 0.000 -0.498 0.543 0.639 -0.000 -0.769 0.018 0.998 0.000 0.010 0.054 0.713 0.000 -0.701 0.003 0.998 0.000 0.017 0.064 
0.998 -0.007 -0.049 0.035 0.691 0.000 -0.721 0.053 0.954 0.000 -0.002 -0.300 0.818 0.000 0.333 -0.469 0.676 0.000 -0.497 0.543 0.639 0.000 -0.769 0.022 0.998 0.000 0.010 0.055 0.713 0.000 -0.701 0.007 0.998 -0.000 0.017 0.064 
0.998 -0.005 -0.049 0.034 0.692 0.000 -0.719 0.065 0.950 -0.000 -0.009 -0.311 0.818 0.000 0.338 -0.466 0.676 0.000 -0.503 0.538 0.639 0.000 -0.769 0.018 0.998 0.000 0.010 0.054 0.713 0.000 -0.701 0.003 0.998 0.000 0.016 0.064 
0.998 -0.007 -0.049 0.035 0.691 -0.000 -0.721 0.053 0.954 0.000 -0.002 -0.301 0.818 0.000 0.337 -0.466 0.676 -0.000 -0.502 0.539 0.639 0.000 -0.769 0.022 0.998 0.000 0.010 0.054 0.713 0.000 -0.701 0.006 0.998 0.000 0.017 0.065 
0.998 -0.006 -0.049 0.034 0.692 0.000 -0.720 0.058 0.952 0.000 -0.005 -0.305 0.818 0.000 0.339 -0.464 0.676 0.000 -0.505 0.537 0.639 -0.000 -0.769 0.020 0.998 0.000 0.010 0.055 0.713 0.000 -0.701 0.005 0.998 0.000 0.017 0.064 
0.998 -0.007 -0.049 0.034 0.691 0.000 -0.721 0.053 0.954 0.000 -0.002 -0.300 0.818 0.000 0.338 -0.465 0.675 -0.000 -0.505 0.538 0.639 0.000 -0.768 0.022 0.998 -0.000 0.010 0.054 0.713 0.000 -0.701 0.007 0.998 0.000 0.016 0.064 
0.998 -0.005 -0.049 0.034 0.692 -0.000 -0.719 0.066 0.950 0.000 -0.009 -0.312 0.818 0.000 0.341 -0.463 0.674 0.000 -0.509 0.535 0.639 0.000 -0.769 0.018 0.998 0.000 0.010 0.054 0.713 0.000 -0.702 0.003 0.998 0.000 0.017 0.065 
0.998 -0.007 -0.049 0.034 0.691 -0.000 -0.721 0.056 0.953 0.000 -0.002 -0.304 0.818 0.000 0.339 -0.464 0.672 0.000 -0.509 0.537 0.639 -0.000 -0.769 0.021 0.998 0.000 0.010 0.055 0.713 0.000 -0.701 0.006 0.998 0.000 0.016 0.064 
0.998 -0.005 -0.049 0.034 0.692 0.000 -0.719 0.065 0.950 0.000 -0.009 -0.311 0.818 0.000 0.341 -0.463 0.671 0.000 -0.511 0.536 0.639 0.000 -0.769 0.018 0.998 0.000 0.010 0.055 0.713 0.000 -0.702 0.003 0.998 0.000 0.017 0.065 
0.998 -0.007 -0.049 0.034 0.691 0.000 -0.721 0.055 0.953 0.000 -0.003 -0.302 0.818 0.000 0.338 -0.465 0.670 0.000 -0.509 0.540 0.639 0.000 -0.769 0.022 0.998 0.000 0.010 0.055 0.713 0.000 -0.702 0.006 0.998 -0.000 0.017 0.065 
0.998 -0.005 -0.049 0.034 0.692 0.000 -0.719 0.066 0.950 0.000 -0.009 -0.312 0.818 -0.000 0.340 -0.464 0.669 0.000 -0.511 0.540 0.639 0.000 -0.769 0.018 0.998 0.000 0.010 0.055 0.713 0.000 -0.702 0.003 0.998 0.000 0.017 0.064 
0.998 -0.007 -0.049 0.034 0.691 0.000 -0.721 0.056 0.953 0.000 -0.002 -0.304 0.819 0.000 0.337 -0.465 0.668 0.000 -0.508 0.544 0.640 -0.000 -0.768 0.022 0.998 0.000 0.010 0.055 0.713 0.000 -0.701 0.006 0.998 0.000 0.017 0.065 
0.998 -0.007 -0.049 0.034 0.691 0.000 -0.721 0.059 0.952 0.000 -0.004 -0.306 0.819 0.000 0.336 -0.465 0.668 -0.000 -0.507 0.545 0.639 0.000 -0.769 0.021 0.998 -0.000 0.010 0.055 0.713 -0.000 -0.701 0.006 0.998 0.000 0.016 0.064 
0.998 -0.005 -0.049 0.034 0.692 0.000 -0.719 0.066 0.950 0.000 -0.009 -0.312 0.819 0.000 0.336 -0.465 0.666 0.000 -0.507 0.547 0.639 0.000 -0.769 0.018 0.998 0.000 0.010 0.055 0.713 0.000 -0.702 0.003 0.998 -0.000 0.017 0.065 
0.998 -0.007 -0.049 0.034 0.690 -0.000 -0.722 0.057 0.952 -0.000 -0.001 -0.305 0.819 0.000 0.333 -0.467 0.665 0.000 -0.503 0.551 0.639 0.000 -0.768 0.022 0.998 0.000 0.010 0.055 0.713 0.000 -0.702 0.007 0.998 0.000 0.017 0.065 
0.998 -0.005 -0.049 0.034 0.691 0.000 -0.720 0.067 0.950 -0.000 -0.007 -0.314 0.819 0.000 0.334 -0.466 0.664 -0.000 -0.505 0.551 0.639 -0.000 -0.769 0.018 0.998 -0.000 0.010 0.055 0.713 0.000 -0.702 0.004 0.998 -0.000 0.017 0.065 
0.998 -0.007 -0.049 0.034 0.690 0.000 -0.722 0.058 0.952 0.000 -0.001 -0.305 0.820 0.000 0.330 -0.468 0.664 0.000 -0.501 0.555 0.639 0.000 -0.768 0.022 0.998 0.000 0.010 0.055 0.713 0.000 -0.701 0.007 0.998 -0.000 0.017 0.064 
0.998 -0.007 -0.049 0.034 0.690 0.000 -0.721 0.060 0.952 0.000 -0.003 -0.307 0.820 0.000 0.329 -0.468 0.663 0.000 -0.500 0.557 0.639 0.000 -0.769 0.021 0.998 -0.000 0.010 0.055 0.713 0.000 -0.702 0.006 0.998 0.000 0.017 0.064 
0.998 -0.005 -0.049 0.034 0.691 0.000 -0.720 0.068 0.949 0.000 -0.007 -0.314 0.820 0.000 0.329 -0.468 0.663 0.000 -0.498 0.558 0.640 0.000 -0.769 0.019 0.998 0.000 0.010 0.054 0.713 0.000 -0.701 0.004 0.998 0.000 0.016 0.064 
0.998 -0.008 -0.049 0.034 0.689 0.000 -0.722 0.055 0.953 0.000 0.001 -0.303 0.820 0.000 0.325 -0.471 0.663 0.000 -0.494 0.563 0.639 0.000 -0.768 0.023 0.998 0.000 0.010 0.054 0.713 0.000 -0.701 0.008 0.998 -0.000 0.016 0.064 
0.998 -0.003 -0.049 0.034 0.694 0.000 -0.716 0.075 0.947 0.000 -0.016 -0.319 0.820 0.000 0.328 -0.469 0.663 -0.000 -0.497 0.560 0.639 -0.000 -0.769 0.016 0.998 -0.000 0.010 0.054 0.713 0.000 -0.702 0.001 0.998 0.000 0.017 0.065 
0.998 -0.008 -0.049 0.034 0.689 -0.000 -0.722 0.055 0.953 0.000 0.001 -0.303 0.820 0.000 0.322 -0.472 0.662 -0.000 -0.490 0.567 0.639 0.000 -0.768 0.023 0.998 0.000 0.010 0.055 0.713 0.000 -0.701 0.008 0.998 0.000 0.017 0.064 
0.998 -0.003 -0.049 0.034 0.694 0.000 -0.716 0.074 0.948 0.000 -0.016 -0.319 0.821 0.000 0.326 -0.470 0.662 0.000 -0.494 0.563 0.639 0.000 -0.769 0.016 0.998 0.000 0.010 0.055 0.713 0.000 -0.701 0.001 0.998 0.000 0.016 0.065 
0.998 -0.008 -0.049 0.034 0.690 -0.000 -0.722 0.054 0.953 0.000 -0.000 -0.302 0.821 0.000 0.320 -0.473 0.662 -0.000 -0.488 0.569 0.639 0.000 -0.768 0.023 0.998 0.000 0.010 0.055 0.713 0.000 -0.701 0.008 0.998 -0.000 0.017 0.064 
0.998 -0.003 -0.049 0.034 0.693 0.000 -0.717 0.075 0.947 -0.000 -0.015 -0.320 0.821 0.000 0.324 -0.471 0.662 0.000 -0.492 0.566 0.639 -0.000 -0.769 0.016 0.998 0.000 0.010 0.055 0.713 0.000 -0.701 0.001 0.998 0.000 0.016 0.064 
0.998 -0.008 -0.049 0.034 0.690 0.000 -0.722 0.054 0.953 0.000 -0.001 -0.302 0.821 0.000 0.319 -0.474 0.662 0.000 -0.485 0.571 0.639 0.000 -0.768 0.023 0.998 0.000 0.010 0.055 0.713 -0.000 -0.701 0.008 0.998 0.000 0.017 0.064 
0.998 -0.003 -0.049 0.034 0.694 0.000 -0.716 0.074 0.948 -0.000 -0.016 -0.319 0.821 -0.000 0.322 -0.472 0.662 0.000 -0.490 0.567 0.639 -0.000 -0.769 0.016 0.998 0.000 0.010 0.055 0.713 0.000 -0.702 0.001 0.998 0.000 0.017 0.065 
0.998 -0.008 -0.049 0.034 0.690 0.000 -0.722 0.054 0.953 0.000 -0.001 -0.302 0.821 0.000 0.317 -0.475 0.663 0.000 -0.483 0.572 0.639 0.000 -0.769 0.023 0.998 0.000 0.010 0.055 0.713 0.000 -0.702 0.007 0.998 0.000 0.017 0.065 
0.998 -0.003 -0.049 0.034 0.694 0.000 -0.716 0.074 0.948 0.000 -0.016 -0.319 0.821 0.000 0.321 -0.472 0.663 0.000 -0.488 0.568 0.639 -0.000 -0.769 0.016 0.998 -0.000 0.010 0.055 0.713 0.000 -0.702 0.001 0.998 -0.000 0.017 0.065 
0.998 -0.007 -0.049 0.034 0.689 0.000 -0.722 0.058 0.952 -0.000 -0.001 -0.305 0.821 0.000 0.318 -0.475 0.663 -0.000 -0.483 0.572 0.639 0.000 -0.769 0.022 0.998 0.000 0.010 0.055 0.713 0.000 -0.702 0.006 0.998 -0.000 0.017 0.065 
0.998 -0.006 -0.049 0.034 0.691 0.000 -0.721 0.060 0.952 0.000 -0.004 -0.306 0.820 0.000 0.318 -0.475 0.664 0.000 -0.483 0.571 0.639 0.000 -0.769 0.020 0.998 0.000 0.010 0.055 0.713 -0.000 -0.702 0.005 0.998 0.000 0.017 0.065 
0.998 -0.007 -0.049 0.034 0.690 0.000 -0.722 0.058 0.952 0.000 -0.001 -0.305 0.820 -0.000 0.318 -0.476 0.665 0.000 -0.482 0.571 0.639 0.000 -0.769 0.021 0.998 -0.000 0.010 0.055 0.713 0.000 -0.701 0.006 0.998 0.000 0.016 0.064 
0.998 -0.005 -0.049 0.034 0.691 0.000 -0.720 0.068 0.949 0.000 -0.007 -0.314 0.820 0.000 0.320 -0.475 0.665 0.000 -0.484 0.569 0.639 0.000 -0.769 0.018 0.998 0.000 0.010 0.055 0.712 0.000 -0.702 0.003 0.998 0.000 0.017 0.065 
0.998 -0.007 -0.049 0.034 0.690 0.000 -0.722 0.058 0.952 -0.000 -0.001 -0.305 0.820 -0.000 0.318 -0.477 0.666 0.000 -0.481 0.571 0.639 0.000 -0.769 0.021 0.998 0.000 0.010 0.054 0.713 0.000 -0.701 0.006 0.998 -0.000 0.017 0.064 
0.998 -0.004 -0.049 0.034 0.691 -0.000 -0.719 0.067 0.950 -0.000 -0.009 -0.312 0.819 0.000 0.320 -0.475 0.667 0.000 -0.483 0.568 0.639 0.000 -0.769 0.017 0.998 0.000 0.010 0.055 0.713 0.000 -0.701 0.003 0.998 0.000 0.016 0.064 
0.998 -0.007 -0.049 0.034 0.691 0.000 -0.721 0.058 0.953 -0.000 -0.003 -0.304 0.819 0.000 0.319 -0.477 0.667 -0.000 -0.480 0.570 0.639 -0.000 -0.769 0.021 0.998 -0.000 0.010 0.055 0.713 0.000 -0.702 0.005 0.998 0.000 0.017 0.065 
0.998 -0.004 -0.049 0.034 0.692 0.000 -0.719 0.067 0.950 -0.000 -0.009 -0.312 0.819 0.000 0.321 -0.476 0.668 -0.000 -0.482 0.567 0.639 0.000 -0.769 0.017 0.998 0.000 0.009 0.054 0.713 0.000 -0.701 0.002 0.998 0.000 0.016 0.064 
0.998 -0.006 -0.049 0.034 0.691 0.000 -0.721 0.058 0.953 -0.000 -0.003 -0.303 0.819 0.000 0.319 -0.477 0.669 -0.000 -0.480 0.568 0.639 0.000 -0.769 0.020 0.998 0.000 0.010 0.054 0.713 0.000 -0.702 0.005 0.998 0.000 0.017 0.064 
0.998 -0.004 -0.049 0.034 0.691 0.000 -0.720 0.068 0.950 0.000 -0.007 -0.313 0.819 0.000 0.322 -0.475 0.670 0.000 -0.483 0.564 0.639 0.000 -0.769 0.017 0.998 0.000 0.010 0.054 0.713 0.000 -0.702 0.002 0.998 0.000 0.017 0.065 
0.998 -0.006 -0.049 0.034 0.691 0.000 -0.721 0.058 0.953 0.000 -0.003 -0.303 0.818 0.000 0.321 -0.476 0.671 0.000 -0.481 0.565 0.639 -0.000 -0.769 0.020 0.998 -0.000 0.010 0.054 0.713 0.000 -0.702 0.005 0.998 -0.000 0.017 0.065 
0.998 -0.004 -0.049 0.034 0.692 0.000 -0.719 0.067 0.950 0.000 -0.009 -0.311 0.818 0.000 0.324 -0.475 0.671 0.000 -0.483 0.563 0.639 0.000 -0.769 0.017 0.998 0.000 0.010 0.054 0.712 -0.000 -0.702 0.001 0.998 0.000 0.017 0.065 
0.998 -0.006 -0.049 0.035 0.691 0.000 -0.720 0.057 0.953 0.000 -0.003 -0.302 0.818 0.000 0.323 -0.476 0.672 0.000 -0.481 0.563 0.639 0.000 -0.769 0.020 0.998 0.000 0.010 0.054 0.712 0.000 -0.702 0.004 0.998 -0.000 0.017 0.065 
0.998 -0.005 -0.049 0.035 0.691 0.000 -0.720 0.060 0.952 -0.000 -0.004 -0.305 0.818 0.000 0.325 -0.475 0.673 0.000 -0.484 0.560 0.639 -0.000 -0.769 0.019 0.998 0.000 0.010 0.054 0.713 0.000 -0.702 0.004 0.998 0.000 0.017 0.065 
0.998 -0.005 -0.049 0.035 0.691 0.000 -0.720 0.060 0.952 0.000 -0.004 -0.305 0.818 0.000 0.327 -0.474 0.673 0.000 -0.485 0.558 0.639 0.000 -0.769 0.019 0.998 0.000 0.010 0.054 0.713 0.000 -0.701 0.003 0.998 0.000 0.016 0.064 
0.998 -0.006 -0.049 0.035 0.691 0.000 -0.720 0.057 0.953 -0.000 -0.003 -0.301 0.818 0.000 0.328 -0.473 0.674 0.000 -0.487 0.556 0.639 0.000 -0.769 0.020 0.998 0.000 0.010 0.054 0.713 0.000 -0.702 0.004 0.998 0.000 0.017 0.065 
0.998 -0.005 -0.049 0.035 0.692 -0.000 -0.720 0.059 0.953 0.000 -0.005 -0.304 0.818 0.000 0.330 -0.472 0.674 0.000 -0.490 0.553 0.639 0.000 -0.769 0.019 0.998 0.000 0.010 0.054 0.713 0.000 -0.702 0.003 0.998 0.000 0.017 0.065 
0.998 -0.006 -0.049 0.035 0.691 0.000 -0.720 0.058 0.953 0.000 -0.003 -0.303 0.818 0.000 0.332 -0.470 0.674 0.000 -0.493 0.550 0.639 0.000 -0.769 0.019 0.998 0.000 0.010 0.054 0.713 0.000 -0.702 0.004 0.998 -0.000 0.017 0.065 
0.998 -0.005 -0.049 0.035 0.692 0.000 -0.720 0.060 0.952 0.000 -0.004 -0.305 0.818 0.000 0.335 -0.468 0.673 0.000 -0.497 0.548 0.639 -0.000 -0.769 0.019 0.998 0.000 0.010 0.054 0.713 0.000 -0.702 0.003 0.998 0.000 0.017 0.065 
0.998 -0.006 -0.049 0.035 0.691 0.000 -0.720 0.057 0.953 0.000 -0.002 -0.302 0.818 0.000 0.335 -0.467 0.673 0.000 -0.498 0.547 0.639 0.000 -0.769 0.020 0.998 0.000 0.010 0.054 0.713 0.000 -0.702 0.004 0.998 0.000 0.017 0.065 
0.998 -0.005 -0.048 0.035 0.692 0.000 -0.719 0.059 0.953 0.000 -0.005 -0.304 0.818 0.000 0.338 -0.466 0.673 0.000 -0.501 0.544 0.639 0.000 -0.769 0.019 0.998 0.000 0.010 0.054 0.712 0.000 -0.702 0.003 0.998 0.000 0.017 0.065 
0.998 -0.006 -0.048 0.035 0.692 0.000 -0.720 0.057 0.953 0.000 -0.003 -0.301 0.818 0.000 0.338 -0.465 0.672 0.000 -0.502 0.544 0.639 0.000 -0.769 0.020 0.998 -0.000 0.010 0.054 0.713 0.000 -0.701 0.004 0.998 0.000 0.016 0.064 
0.998 -0.005 -0.049 0.035 0.692 0.000 -0.719 0.059 0.953 -0.000 -0.005 -0.304 0.818 0.000 0.339 -0.464 0.671 0.000 -0.507 0.542 0.639 0.000 -0.769 0.019 0.998 0.000 0.010 0.054 0.712 0.000 -0.702 0.003 0.998 -0.000 0.017 0.065 
0.998 -0.006 -0.048 0.035 0.692 0.000 -0.720 0.057 0.953 0.000 -0.003 -0.302 0.818 0.000 0.340 -0.464 0.670 0.000 -0.507 0.542 0.639 0.000 -0.769 0.019 0.998 0.000 0.010 0.054 0.713 0.000 -0.701 0.004 0.998 0.000 0.016 0.064 
0.998 -0.005 -0.049 0.035 0.692 0.000 -0.720 0.059 0.953 0.000 -0.005 -0.304 0.818 0.000 0.342 -0.462 0.669 -0.000 -0.510 0.541 0.639 0.000 -0.769 0.019 0.998 0.000 0.010 0.054 0.713 -0.000 -0.702 0.003 0.998 0.000 0.017 0.065 
0.998 -0.006 -0.048 0.035 0.692 0.000 -0.720 0.055 0.954 0.000 -0.002 -0.300 0.818 -0.000 0.341 -0.463 0.668 0.000 -0.509 0.542 0.639 0.000 -0.769 0.020 0.998 -0.000 0.010 0.054 0.713 0.000 -0.701 0.005 0.998 -0.000 0.016 0.064 
0.998 -0.005 -0.048 0.035 0.692 0.000 -0.719 0.059 0.953 0.000 -0.005 -0.304 0.818 0.000 0.341 -0.462 0.668 0.000 -0.510 0.542 0.639 0.000 -0.769 0.019 0.998 0.000 0.010 0.054 0.713 0.000 -0.701 0.004 0.998 -0.000 0.016 0.064 
0.998 -0.006 -0.048 0.035 0.691 0.000 -0.720 0.058 0.953 -0.000 -0.002 -0.303 0.819 -0.000 0.341 -0.462 0.667 0.000 -0.510 0.544 0.639 0.000 -0.769 0.020 0.998 0.000 0.010 0.054 0.713 -0.000 -0.701 0.004 0.998 0.000 0.016 0.064 
0.998 -0.006 -0.048 0.035 0.692 0.000 -0.720 0.055 0.954 0.000 -0.002 -0.301 0.819 0.000 0.340 -0.462 0.667 0.000 -0.510 0.544 0.639 0.000 -0.769 0.020 0.998 0.000 0.010 0.055 0.713 0.000 -0.701 0.005 0.998 0.000 0.016 0.064 
0.998 -0.005 -0.048 0.035 0.692 0.000 -0.720 0.060 0.952 0.000 -0.004 -0.305 0.819 0.000 0.341 -0.462 0.665 -0.000 -0.510 0.545 0.639 -0.000 -0.769 0.019 0.998 -0.000 0.010 0.054 0.713 0.000 -0.702 0.003 0.998 -0.000 0.017 0.065 
0.998 -0.006 -0.048 0.035 0.691 0.000 -0.721 0.056 0.953 0.000 -0.001 -0.302 0.819 -0.000 0.339 -0.463 0.665 0.000 -0.509 0.547 0.639 0.000 -0.769 0.021 0.998 -0.000 0.010 0.054 0.713 0.000 -0.701 0.005 0.998 0.000 0.016 0.064 
0.998 -0.006 -0.048 0.034 0.692 0.000 -0.720 0.059 0.952 0.000 -0.004 -0.305 0.819 0.000 0.339 -0.462 0.664 0.000 -0.509 0.548 0.639 0.000 -0.769 0.019 0.998 0.000 0.010 0.054 0.713 0.000 -0.701 0.004 0.998 0.000 0.016 0.064 
0.998 -0.007 -0.048 0.034 0.691 0.000 -0.721 0.056 0.953 0.000 -0.001 -0.302 0.819 0.000 0.337 -0.464 0.664 0.000 -0.506 0.550 0.639 0.000 -0.769 0.021 0.998 0.000 0.010 0.054 0.713 0.000 -0.701 0.006 0.998 0.000 0.016 0.064 
0.998 -0.006 -0.048 0.034 0.691 0.000 -0.721 0.056 0.953 0.000 -0.002 -0.303 0.820 -0.000 0.337 -0.464 0.663 0.000 -0.505 0.552 0.639 0.000 -0.769 0.020 0.998 0.000 0.010 0.054 0.712 0.000 -0.702 0.005 0.998 -0.000 0.017 0.064 
0.998 -0.006 -0.048 0.034 0.691 0.000 -0.721 0.056 0.953 0.000 -0.001 -0.303 0.820 0.000 0.335 -0.465 0.663 0.000 -0.503 0.554 0.639 -0.000 -0.769 0.021 0.998 0.000 0.010 0.055 0.712 -0.000 -0.702 0.005 0.998 -0.000 0.017 0.065 
0.998 -0.007 -0.048 0.034 0.691 0.000 -0.721 0.056 0.953 0.000 -0.001 -0.303 0.820 0.000 0.333 -0.466 0.662 0.000 -0.502 0.557 0.640 -0.000 -0.768 0.021 0.998 -0.000 0.010 0.054 0.712 0.000 -0.702 0.006 0.998 0.000 0.017 0.064 
0.998 -0.007 -0.048 0.034 0.691 -0.000 -0.721 0.056 0.953 -0.000 -0.001 -0.303 0.820 -0.000 0.332 -0.466 0.663 0.000 -0.498 0.559 0.639 -0.000 -0.769 0.021 0.998 0.000 0.010 0.055 0.713 -0.000 -0.701 0.006 0.998 0.000 0.017 0.064 
0.998 -0.007 -0.048 0.034 0.691 0.000 -0.721 0.056 0.953 0.000 -0.001 -0.303 0.820 0.000 0.331 -0.467 0.663 0.000 -0.496 0.561 0.639 0.000 -0.769 0.021 0.998 0.000 0.010 0.054 0.712 0.000 -0.702 0.006 0.998 -0.000 0.017 0.065 
0.998 -0.007 -0.048 0.034 0.691 0.000 -0.720 0.054 0.953 -0.000 -0.002 -0.302 0.820 0.000 0.329 -0.468 0.663 0.000 -0.494 0.563 0.639 0.000 -0.769 0.021 0.998 0.000 0.010 0.054 0.712 0.000 -0.702 0.006 0.998 0.000 0.017 0.065 
0.998 -0.007 -0.048 0.034 0.691 -0.000 -0.721 0.054 0.953 0.000 -0.001 -0.301 0.820 -0.000 0.328 -0.468 0.663 0.000 -0.493 0.564 0.639 0.000 -0.769 0.021 0.998 0.000 0.010 0.054 0.712 0.000 -0.702 0.006 0.998 0.000 0.017 0.065 
0.998 -0.007 -0.048 0.034 0.691 -0.000 -0.721 0.055 0.953 0.000 -0.001 -0.303 0.820 0.000 0.327 -0.469 0.663 0.000 -0.491 0.565 0.639 0.000 -0.769 0.021 0.998 0.000 0.010 0.055 0.713 0.000 -0.701 0.006 0.998 0.000 0.017 0.065 
0.998 -0.007 -0.048 0.034 0.691 0.000 -0.721 0.055 0.953 -0.000 -0.001 -0.303 0.821 0.000 0.326 -0.469 0.663 0.000 -0.490 0.566 0.640 0.000 -0.768 0.021 0.998 0.000 0.010 0.055 0.712 0.000 -0.702 0.006 0.998 0.000 0.017 0.064 
0.998 -0.007 -0.048 0.034 0.691 -0.000 -0.721 0.055 0.953 -0.000 -0.001 -0.303 0.821 0.000 0.325 -0.470 0.663 0.000 -0.489 0.567 0.640 0.000 -0.768 0.021 0.998 0.000 0.010 0.054 0.712 0.000 -0.702 0.006 0.998 -0.000 0.017 0.065 
0.998 -0.007 -0.048 0.034 0.691 -0.000 -0.721 0.055 0.953 0.000 -0.001 -0.303 0.821 0.000 0.324 -0.471 0.663 0.000 -0.488 0.568 0.640 0.000 -0.768 0.021 0.998 -0.000 0.010 0.055 0.713 0.000 -0.701 0.006 0.998 0.000 0.017 0.064 
0.998 -0.006 -0.048 0.034 0.691 -0.000 -0.721 0.055 0.953 -0.000 -0.002 -0.302 0.821 0.000 0.324 -0.471 0.663 0.000 -0.487 0.568 0.640 0.000 -0.769 0.021 0.998 -0.000 0.010 0.055 0.713 0.000 -0.702 0.006 0.998 0.000 0.017 0.064 
0.998 -0.006 -0.049 0.034 0.691 0.000 -0.721 0.056 0.953 0.000 -0.002 -0.303 0.821 0.000 0.323 -0.471 0.663 0.000 -0.486 0.568 0.640 0.000 -0.768 0.021 0.998 0.000 0.010 0.054 0.713 -0.000 -0.701 0.005 0.998 0.000 0.017 0.065 
0.998 -0.006 -0.049 0.034 0.691 0.000 -0.721 0.056 0.953 0.000 -0.001 -0.303 0.821 0.000 0.323 -0.471 0.664 0.000 -0.486 0.568 0.639 0.000 -0.769 0.021 0.998 0.000 0.010 0.054 0.712 0.000 -0.702 0.005 0.998 -0.000 0.017 0.065 
0.998 -0.006 -0.048 0.034 0.691 -0.000 -0.721 0.056 0.953 -0.000 -0.002 -0.303 0.821 0.000 0.323 -0.471 0.665 0.000 -0.486 0.567 0.639 0.000 -0.769 0.021 0.998 0.000 0.010 0.055 0.712 0.000 -0.702 0.005 0.998 -0.000 0.017 0.065 
0.998 -0.006 -0.049 0.034 0.691 0.000 -0.721 0.056 0.953 0.000 -0.002 -0.303 0.820 0.000 0.323 -0.472 0.666 0.000 -0.486 0.566 0.639 0.000 -0.769 0.021 0.998 0.000 0.010 0.054 0.712 0.000 -0.702 0.005 0.998 -0.000 0.017 0.065 
0.998 -0.006 -0.049 0.034 0.691 0.000 -0.721 0.056 0.953 0.000 -0.002 -0.303 0.820 0.000 0.323 -0.472 0.666 0.000 -0.485 0.566 0.639 -0.000 -0.769 0.020 0.998 0.000 0.010 0.054 0.712 -0.000 -0.702 0.005 0.998 -0.000 0.017 0.065 
0.998 -0.006 -0.049 0.035 0.691 0.000 -0.721 0.057 0.953 0.000 -0.002 -0.303 0.820 0.000 0.324 -0.472 0.667 0.000 -0.485 0.566 0.639 0.000 -0.769 0.020 0.998 0.000 0.010 0.054 0.713 0.000 -0.702 0.005 0.998 0.000 0.017 0.065 
0.998 -0.006 -0.049 0.035 0.691 0.000 -0.721 0.056 0.953 0.000 -0.002 -0.303 0.820 0.000 0.324 -0.472 0.668 0.000 -0.485 0.565 0.639 0.000 -0.769 0.020 0.998 0.000 0.010 0.055 0.713 0.000 -0.701 0.005 0.998 0.000 0.017 0.064 
0.998 -0.006 -0.049 0.035 0.691 0.000 -0.721 0.056 0.953 0.000 -0.002 -0.303 0.820 0.000 0.324 -0.472 0.669 0.000 -0.485 0.564 0.639 -0.000 -0.769 0.020 0.998 -0.000 0.010 0.054 0.713 0.000 -0.701 0.005 0.998 0.000 0.017 0.064 
0.998 -0.006 -0.049 0.035 0.691 0.000 -0.721 0.057 0.953 0.000 -0.002 -0.303 0.820 0.000 0.324 -0.472 0.669 0.000 -0.484 0.563 0.639 0.000 -0.769 0.020 0.998 0.000 0.010 0.054 0.712 0.000 -0.702 0.004 0.998 -0.000 0.017 0.065 
0.998 -0.005 -0.049 0.035 0.691 0.000 -0.721 0.057 0.953 0.000 -0.002 -0.303 0.820 0.000 0.325 -0.471 0.671 0.000 -0.485 0.561 0.639 0.000 -0.769 0.020 0.998 0.000 0.010 0.054 0.713 0.000 -0.702 0.004 0.998 0.000 0.017 0.065 
0.998 -0.005 -0.049 0.035 0.691 0.000 -0.721 0.057 0.953 0.000 -0.002 -0.303 0.820 0.000 0.326 -0.471 0.672 0.000 -0.485 0.559 0.639 0.000 -0.769 0.020 0.998 -0.000 0.010 0.054 0.713 0.000 -0.701 0.004 0.998 0.000 0.017 0.064 
0.998 -0.005 -0.049 0.035 0.691 0.000 -0.721 0.057 0.953 -0.000 -0.002 -0.302 0.820 -0.000 0.327 -0.470 0.673 0.000 -0.486 0.558 0.639 -0.000 -0.769 0.020 0.998 0.000 0.010 0.054 0.713 0.000 -0.702 0.004 0.998 0.000 0.017 0.065 
0.998 -0.005 -0.049 0.035 0.691 0.000 -0.721 0.057 0.953 0.000 -0.002 -0.302 0.820 0.000 0.328 -0.470 0.674 0.000 -0.487 0.556 0.639 -0.000 -0.769 0.019 0.998 -0.000 0.010 0.054 0.713 -0.000 -0.702 0.004 0.998 0.000 0.017 0.064 
0.998 -0.005 -0.049 0.035 0.691 0.000 -0.721 0.057 0.953 0.000 -0.002 -0.302 0.819 0.000 0.329 -0.469 0.674 0.000 -0.488 0.554 0.639 0.000 -0.769 0.020 0.998 0.000 0.010 0.054 0.713 0.000 -0.701 0.004 0.998 -0.000 0.016 0.064 
0.998 -0.005 -0.049 0.035 0.691 0.000 -0.721 0.057 0.953 0.000 -0.003 -0.302 0.819 0.000 0.330 -0.468 0.675 0.000 -0.490 0.552 0.640 0.000 -0.769 0.019 0.998 0.000 0.010 0.054 0.713 0.000 -0.701 0.004 0.998 0.000 0.016 0.064 
0.998 -0.005 -0.049 0.035 0.691 0.000 -0.721 0.057 0.953 0.000 -0.002 -0.302 0.819 0.000 0.332 -0.467 0.675 0.000 -0.492 0.549 0.640 0.000 -0.769 0.019 0.998 0.000 0.009 0.054 0.713 -0.000 -0.702 0.003 0.998 0.000 0.017 0.065 
0.998 -0.005 -0.049 0.035 0.691 0.000 -0.720 0.056 0.954 0.000 -0.003 -0.300 0.820 0.000 0.333 -0.466 0.676 -0.000 -0.494 0.547 0.640 0.000 -0.768 0.019 0.998 0.000 0.010 0.054 0.713 0.000 -0.702 0.004 0.998 -0.000 0.017 0.064 
0.998 -0.005 -0.049 0.035 0.691 0.000 -0.720 0.056 0.954 0.000 -0.003 -0.301 0.820 0.000 0.335 -0.465 0.676 0.000 -0.496 0.546 0.640 0.000 -0.769 0.019 0.999 0.000 0.009 0.054 0.713 0.000 -0.702 0.003 0.998 -0.000 0.017 0.065 
0.998 -0.002 -0.049 0.035 0.692 0.000 -0.718 0.068 0.951 0.000 -0.010 -0.311 0.820 0.000 0.338 -0.462 0.675 0.000 -0.501 0.542 0.639 0.000 -0.769 0.015 0.998 0.000 0.009 0.054 0.713 0.000 -0.701 -0.000 0.998 0.000 0.016 0.064 
0.998 -0.004 -0.049 0.035 0.691 0.000 -0.720 0.058 0.953 0.000 -0.004 -0.302 0.820 0.000 0.337 -0.463 0.674 0.000 -0.502 0.543 0.640 0.000 -0.769 0.018 0.998 0.000 0.009 0.054 0.713 0.000 -0.701 0.003 0.998 0.000 0.016 0.064 
0.998 -0.002 -0.049 0.035 0.692 0.000 -0.718 0.068 0.951 -0.000 -0.010 -0.310 0.820 0.000 0.339 -0.461 0.673 0.000 -0.505 0.540 0.640 -0.000 -0.769 0.015 0.999 0.000 0.009 0.054 0.713 -0.000 -0.701 0.000 0.998 0.000 0.016 0.064 
0.998 -0.004 -0.049 0.035 0.691 0.000 -0.720 0.058 0.953 -0.000 -0.004 -0.302 0.820 0.000 0.337 -0.462 0.674 0.000 -0.502 0.543 0.640 -0.000 -0.769 0.018 0.999 0.000 0.010 0.054 0.713 0.000 -0.702 0.003 0.998 0.000 0.017 0.064 
0.998 -0.002 -0.049 0.035 0.692 0.000 -0.718 0.068 0.951 -0.000 -0.010 -0.310 0.820 0.000 0.339 -0.461 0.672 -0.000 -0.506 0.541 0.640 0.000 -0.769 0.015 0.999 -0.000 0.010 0.054 0.713 -0.000 -0.701 0.000 0.998 0.000 0.016 0.064 
0.998 -0.004 -0.049 0.035 0.691 0.000 -0.720 0.058 0.953 0.000 -0.004 -0.302 0.820 0.000 0.337 -0.462 0.673 0.000 -0.502 0.544 0.640 0.000 -0.769 0.018 0.999 0.000 0.010 0.054 0.713 0.000 -0.702 0.003 0.998 0.000 0.017 0.064 
0.998 -0.002 -0.049 0.035 0.692 0.000 -0.719 0.068 0.951 -0.000 -0.010 -0.310 0.821 0.000 0.338 -0.461 0.670 -0.000 -0.506 0.543 0.640 0.000 -0.769 0.015 0.998 0.000 0.009 0.054 0.713 0.000 -0.701 0.000 0.998 0.000 0.016 0.064 
0.998 -0.005 -0.048 0.035 0.691 0.000 -0.720 0.056 0.954 0.000 -0.003 -0.300 0.821 0.000 0.335 -0.463 0.671 0.000 -0.501 0.546 0.639 -0.000 -0.769 0.020 0.998 0.000 0.010 0.054 0.712 0.000 -0.702 0.004 0.998 -0.000 0.017 0.064 
0.998 -0.000 -0.049 0.034 0.695 0.000 -0.715 0.075 0.948 0.000 -0.017 -0.317 0.821 0.000 0.339 -0.460 0.671 0.000 -0.505 0.543 0.639 0.000 -0.769 0.013 0.998 0.000 0.009 0.054 0.713 0.000 -0.702 -0.002 0.998 0.000 0.017 0.065 
0.998 -0.005 -0.048 0.035 0.691 0.000 -0.721 0.056 0.954 0.000 -0.003 -0.300 0.821 -0.000 0.334 -0.463 0.670 0.000 -0.500 0.549 0.640 0.000 -0.768 0.019 0.998 0.000 0.010 0.054 0.713 0.000 -0.702 0.004 0.998 0.000 0.017 0.065 
0.998 -0.000 -0.049 0.035 0.694 0.000 -0.716 0.075 0.948 0.000 -0.017 -0.317 0.821 0.000 0.337 -0.461 0.669 0.000 -0.503 0.548 0.640 -0.000 -0.769 0.013 0.998 -0.000 0.009 0.054 0.713 0.000 -0.702 -0.002 0.998 -0.000 0.016 0.065 
0.998 -0.005 -0.049 0.035 0.691 0.000 -0.721 0.056 0.954 0.000 -0.003 -0.301 0.821 0.000 0.332 -0.464 0.668 0.000 -0.498 0.553 0.640 0.000 -0.769 0.019 0.998 0.000 0.010 0.054 0.713 0.000 -0.701 0.004 0.998 0.000 0.016 0.064 
0.998 -0.001 -0.049 0.034 0.694 0.000 -0.716 0.075 0.948 0.000 -0.017 -0.317 0.821 0.000 0.336 -0.462 0.668 0.000 -0.502 0.549 0.640 0.000 -0.769 0.013 0.999 -0.000 0.009 0.054 0.713 -0.000 -0.702 -0.002 0.998 -0.000 0.017 0.064 
0.998 -0.005 -0.049 0.035 0.691 0.000 -0.721 0.056 0.953 0.000 -0.002 -0.302 0.821 0.000 0.331 -0.465 0.668 0.000 -0.495 0.555 0.640 0.000 -0.768 0.020 0.998 -0.000 0.010 0.054 0.713 0.000 -0.702 0.004 0.998 -0.000 0.017 0.064 
0.998 -0.001 -0.049 0.035 0.694 0.000 -0.716 0.075 0.948 0.000 -0.016 -0.318 0.821 -0.000 0.334 -0.463 0.667 0.000 -0.499 0.552 0.640 0.000 -0.769 0.013 0.998 -0.000 0.009 0.055 0.713 0.000 -0.702 -0.002 0.998 0.000 0.016 0.065 
0.998 -0.005 -0.049 0.035 0.691 0.000 -0.721 0.058 0.953 0.000 -0.004 -0.303 0.821 0.000 0.330 -0.466 0.667 -0.000 -0.494 0.558 0.640 0.000 -0.768 0.019 0.998 0.000 0.009 0.054 0.713 0.000 -0.702 0.004 0.998 0.000 0.017 0.065 
0.998 -0.004 -0.049 0.035 0.691 0.000 -0.721 0.061 0.952 0.000 -0.005 -0.306 0.821 -0.000 0.329 -0.467 0.667 0.000 -0.493 0.558 0.640 -0.000 -0.769 0.018 0.998 0.000 0.010 0.054 0.713 0.000 -0.702 0.003 0.998 0.000 0.017 0.065 
0.998 -0.004 -0.049 0.035 0.690 -0.000 -0.721 0.058 0.953 -0.000 -0.003 -0.304 0.821 0.000 0.329 -0.467 0.667 0.000 -0.492 0.559 0.640 0.000 -0.768 0.019 0.998 -0.000 0.010 0.054 0.713 0.000 -0.702 0.004 0.998 0.000 0.017 0.065 
0.998 -0.004 -0.049 0.035 0.691 0.000 -0.721 0.061 0.952 0.000 -0.005 -0.306 0.821 0.000 0.328 -0.468 0.667 -0.000 -0.491 0.560 0.640 0.000 -0.769 0.019 0.998 0.000 0.010 0.054 0.713 0.000 -0.701 0.003 0.998 0.000 0.016 0.064 
0.998 -0.004 -0.049 0.035 0.690 0.000 -0.721 0.058 0.953 0.000 -0.003 -0.304 0.821 0.000 0.328 -0.468 0.668 0.000 -0.490 0.560 0.640 -0.000 -0.768 0.019 0.998 0.000 0.010 0.055 0.713 -0.000 -0.702 0.004 0.998 -0.000 0.017 0.065 
0.998 -0.004 -0.049 0.035 0.691 0.000 -0.721 0.060 0.952 0.000 -0.005 -0.306 0.820 0.000 0.328 -0.468 0.668 0.000 -0.489 0.560 0.639 0.000 -0.769 0.018 0.998 0.000 0.010 0.055 0.713 0.000 -0.701 0.004 0.998 0.000 0.016 0.064 
0.998 -0.004 -0.049 0.035 0.690 0.000 -0.721 0.058 0.953 0.000 -0.003 -0.304 0.820 0.000 0.328 -0.468 0.669 0.000 -0.489 0.560 0.640 0.000 -0.769 0.019 0.998 0.000 0.010 0.054 0.713 0.000 -0.701 0.004 0.998 0.000 0.016 0.064 
0.998 -0.004 -0.049 0.034 0.691 0.000 -0.720 0.060 0.952 0.000 -0.005 -0.306 0.820 0.000 0.329 -0.468 0.670 0.000 -0.489 0.558 0.640 0.000 -0.768 0.018 0.998 0.000 0.010 0.054 0.713 -0.000 -0.702 0.003 0.998 0.000 0.017 0.065 
0.998 -0.004 -0.049 0.035 0.691 0.000 -0.721 0.058 0.953 0.000 -0.003 -0.304 0.820 -0.000 0.328 -0.469 0.670 0.000 -0.488 0.559 0.640 0.000 -0.768 0.019 0.998 0.000 0.010 0.055 0.713 0.000 -0.702 0.004 0.998 0.000 0.017 0.065 
0.998 -0.004 -0.049 0.034 0.691 0.000 -0.720 0.060 0.952 0.000 -0.005 -0.306 0.820 -0.000 0.329 -0.468 0.671 -0.000 -0.489 0.557 0.640 -0.000 -0.768 0.018 0.998 0.000 0.010 0.055 0.713 0.000 -0.702 0.003 0.998 0.000 0.017 0.065 
0.998 -0.004 -0.049 0.035 0.691 0.000 -0.721 0.058 0.953 0.000 -0.003 -0.304 0.820 -0.000 0.330 -0.468 0.672 0.000 -0.490 0.556 0.640 0.000 -0.768 0.019 0.998 0.000 0.010 0.055 0.713 0.000 -0.702 0.004 0.998 0.000 0.017 0.064 
0.998 -0.004 -0.049 0.034 0.691 0.000 -0.720 0.060 0.952 0.000 -0.005 -0.306 0.820 0.000 0.331 -0.467 0.672 0.000 -0.492 0.554 0.640 0.000 -0.769 0.018 0.998 0.000 0.010 0.055 0.713 -0.000 -0.702 0.003 0.998 0.000 0.017 0.065 
0.998 -0.004 -0.049 0.035 0.691 0.000 -0.721 0.058 0.953 0.000 -0.003 -0.304 0.820 0.000 0.332 -0.467 0.672 -0.000 -0.492 0.553 0.640 0.000 -0.769 0.019 0.998 0.000 0.010 0.055 0.713 0.000 -0.702 0.004 0.998 -0.000 0.017 0.065 
0.998 -0.003 -0.049 0.035 0.691 0.000 -0.720 0.060 0.952 -0.000 -0.005 -0.306 0.819 0.000 0.334 -0.466 0.672 0.000 -0.494 0.551 0.640 0.000 -0.768 0.018 0.998 -0.000 0.009 0.055 0.713 0.000 -0.702 0.003 0.998 0.000 0.017 0.065 
0.998 -0.004 -0.049 0.035 0.691 0.000 -0.721 0.056 0.953 0.000 -0.002 -0.303 0.819 0.000 0.334 -0.466 0.672 0.000 -0.495 0.550 0.640 0.000 -0.768 0.019 0.998 0.000 0.009 0.055 0.713 0.000 -0.702 0.004 0.998 0.000 0.017 0.065 
0.998 -0.003 -0.049 0.035 0.691 0.000 -0.721 0.060 0.952 0.000 -0.004 -0.306 0.819 0.000 0.336 -0.465 0.672 0.000 -0.498 0.548 0.640 -0.000 -0.768 0.018 0.998 -0.000 0.010 0.054 0.713 0.000 -0.702 0.003 0.998 0.000 0.017 0.065 
0.998 -0.004 -0.048 0.035 0.690 0.000 -0.721 0.056 0.953 0.000 -0.002 -0.303 0.819 0.000 0.336 -0.465 0.672 0.000 -0.499 0.547 0.640 0.000 -0.768 0.019 0.998 0.000 0.010 0.054 0.712 0.000 -0.702 0.004 0.998 -0.000 0.017 0.065 
0.998 -0.004 -0.048 0.035 0.691 0.000 -0.721 0.057 0.953 0.000 -0.002 -0.303 0.819 0.000 0.337 -0.464 0.672 0.000 -0.500 0.546 0.640 0.000 -0.768 0.019 0.998 0.000 0.010 0.054 0.713 0.000 -0.702 0.004 0.998 0.000 0.017 0.065 
0.998 -0.004 -0.048 0.035 0.690 -0.000 -0.721 0.057 0.953 0.000 -0.002 -0.303 0.819 -0.000 0.337 -0.463 0.672 -0.000 -0.501 0.545 0.640 0.000 -0.768 0.019 0.998 0.000 0.010 0.055 0.713 0.000 -0.702 0.004 0.998 0.000 0.017 0.065 
0.998 -0.004 -0.048 0.035 0.690 0.000 -0.721 0.056 0.953 -0.000 -0.002 -0.303 0.819 0.000 0.338 -0.463 0.671 -0.000 -0.501 0.546 0.640 0.000 -0.768 0.019 0.998 0.000 0.010 0.055 0.713 0.000 -0.702 0.004 0.998 -0.000 0.017 0.065 
0.998 -0.004 -0.048 0.035 0.690 0.000 -0.721 0.056 0.953 -0.000 -0.002 -0.303 0.819 0.000 0.338 -0.463 0.671 -0.000 -0.502 0.545 0.640 -0.000 -0.768 0.019 0.998 -0.000 0.010 0.055 0.713 0.000 -0.702 0.004 0.998 0.000 0.017 0.065 
0.998 -0.004 -0.048 0.035 0.690 -0.000 -0.721 0.056 0.953 -0.000 -0.002 -0.303 0.819 0.000 0.337 -0.463 0.670 -0.000 -0.502 0.546 0.640 0.000 -0.768 0.019 0.998 0.000 0.010 0.055 0.713 0.000 -0.702 0.004 0.998 0.000 0.017 0.065 
0.998 -0.004 -0.049 0.035 0.690 0.000 -0.722 0.057 0.953 0.000 -0.000 -0.304 0.820 0.000 0.337 -0.463 0.670 0.000 -0.502 0.548 0.640 0.000 -0.768 0.019 0.998 -0.000 0.010 0.055 0.713 0.000 -0.702 0.004 0.998 0.000 0.017 0.065 
0.998 -0.004 -0.048 0.035 0.690 0.000 -0.721 0.056 0.953 0.000 -0.002 -0.303 0.820 0.000 0.337 -0.463 0.669 0.000 -0.502 0.548 0.640 0.000 -0.768 0.019 0.998 0.000 0.010 0.055 0.713 0.000 -0.702 0.004 0.998 0.000 0.017 0.065 
0.998 -0.004 -0.048 0.035 0.691 0.000 -0.721 0.055 0.954 -0.000 -0.002 -0.301 0.820 0.000 0.336 -0.464 0.668 0.000 -0.501 0.550 0.640 0.000 -0.768 0.019 0.998 0.000 0.010 0.055 0.713 0.000 -0.702 0.004 0.998 0.000 0.017 0.065 
0.998 -0.001 -0.049 0.035 0.691 0.000 -0.719 0.068 0.950 -0.000 -0.009 -0.313 0.820 0.000 0.337 -0.462 0.668 0.000 -0.503 0.548 0.640 0.000 -0.769 0.015 0.998 0.000 0.010 0.055 0.713 -0.000 -0.702 0.000 0.998 0.000 0.016 0.065 
0.998 -0.004 -0.048 0.035 0.690 0.000 -0.721 0.058 0.953 0.000 -0.002 -0.304 0.820 0.000 0.334 -0.464 0.667 -0.000 -0.500 0.552 0.640 0.000 -0.768 0.019 0.998 0.000 0.010 0.055 0.713 0.000 -0.702 0.004 0.998 0.000 0.017 0.065 
0.998 -0.001 -0.049 0.035 0.691 0.000 -0.720 0.068 0.950 0.000 -0.009 -0.313 0.820 -0.000 0.336 -0.463 0.666 -0.000 -0.502 0.551 0.640 0.000 -0.769 0.015 0.998 0.000 0.010 0.055 0.712 0.000 -0.702 0.001 0.998 -0.000 0.017 0.065 
0.998 -0.004 -0.048 0.035 0.690 0.000 -0.722 0.058 0.953 0.000 -0.002 -0.304 0.821 0.000 0.333 -0.465 0.666 0.000 -0.498 0.555 0.640 0.000 -0.768 0.019 0.998 0.000 0.010 0.055 0.713 0.000 -0.702 0.004 0.998 -0.000 0.017 0.065 
0.998 -0.003 -0.048 0.035 0.691 0.000 -0.721 0.060 0.952 0.000 -0.005 -0.305 0.821 0.000 0.332 -0.465 0.665 0.000 -0.498 0.556 0.640 0.000 -0.768 0.017 0.998 0.000 0.010 0.055 0.713 0.000 -0.702 0.003 0.998 0.000 0.017 0.065 
0.998 -0.003 -0.048 0.035 0.691 0.000 -0.721 0.060 0.952 0.000 -0.005 -0.305 0.821 0.000 0.331 -0.465 0.665 0.000 -0.497 0.558 0.640 0.000 -0.768 0.018 0.998 -0.000 0.010 0.055 0.713 0.000 -0.702 0.003 0.998 0.000 0.017 0.065 
0.998 -0.003 -0.048 0.035 0.690 0.000 -0.721 0.061 0.952 0.000 -0.004 -0.307 0.821 0.000 0.330 -0.466 0.664 0.000 -0.496 0.560 0.640 -0.000 -0.768 0.017 0.998 0.000 0.010 0.056 0.713 0.000 -0.702 0.003 0.998 0.000 0.017 0.065 
0.998 -0.003 -0.049 0.035 0.691 0.000 -0.721 0.060 0.952 0.000 -0.005 -0.305 0.821 0.000 0.328 -0.466 0.664 -0.000 -0.494 0.561 0.640 0.000 -0.768 0.017 0.998 -0.000 0.010 0.055 0.713 0.000 -0.702 0.003 0.998 0.000 0.017 0.065 
0.998 -0.003 -0.048 0.035 0.691 0.000 -0.721 0.060 0.952 0.000 -0.005 -0.305 0.822 0.000 0.327 -0.467 0.664 0.000 -0.492 0.563 0.640 0.000 -0.768 0.017 0.998 -0.000 0.010 0.056 0.713 0.000 -0.702 0.003 0.998 0.000 0.017 0.065 
0.998 -0.003 -0.049 0.035 0.691 0.000 -0.721 0.060 0.952 0.000 -0.005 -0.305 0.822 -0.000 0.326 -0.468 0.663 0.000 -0.491 0.564 0.640 0.000 -0.768 0.017 0.998 0.000 0.010 0.056 0.713 -0.000 -0.702 0.003 0.998 0.000 0.017 0.065 
0.998 -0.003 -0.049 0.035 0.690 0.000 -0.721 0.061 0.952 0.000 -0.004 -0.307 0.822 0.000 0.325 -0.468 0.663 0.000 -0.490 0.565 0.640 0.000 -0.768 0.017 0.998 0.000 0.009 0.056 0.713 0.000 -0.702 0.003 0.998 0.000 0.017 0.065 
0.998 -0.002 -0.049 0.035 0.690 0.000 -0.721 0.060 0.952 0.000 -0.005 -0.305 0.822 0.000 0.325 -0.468 0.663 -0.000 -0.489 0.566 0.640 -0.000 -0.768 0.016 0.998 -0.000 0.009 0.056 0.713 0.000 -0.702 0.002 0.998 0.000 0.017 0.065 
0.998 -0.002 -0.049 0.035 0.690 0.000 -0.721 0.060 0.952 0.000 -0.005 -0.305 0.822 0.000 0.324 -0.469 0.663 0.000 -0.488 0.568 0.640 0.000 -0.768 0.016 0.998 0.000 0.009 0.056 0.712 -0.000 -0.702 0.002 0.998 -0.000 0.017 0.065 
0.998 -0.002 -0.049 0.035 0.690 -0.000 -0.721 0.060 0.952 -0.000 -0.005 -0.305 0.822 0.000 0.323 -0.469 0.663 -0.000 -0.488 0.568 0.640 -0.000 -0.768 0.016 0.998 -0.000 0.009 0.056 0.713 -0.000 -0.702 0.002 0.998 0.000 0.017 0.065 
0.998 -0.003 -0.049 0.035 0.690 0.000 -0.721 0.058 0.953 0.000 -0.004 -0.303 0.822 0.000 0.322 -0.470 0.663 0.000 -0.487 0.569 0.640 0.000 -0.768 0.017 0.998 -0.000 0.009 0.056 0.713 0.000 -0.702 0.003 0.998 0.000 0.017 0.065 
0.998 -0.002 -0.049 0.035 0.690 -0.000 -0.721 0.061 0.952 0.000 -0.005 -0.306 0.822 0.000 0.323 -0.470 0.663 0.000 -0.487 0.568 0.640 -0.000 -0.768 0.016 0.998 0.000 0.009 0.056 0.713 -0.000 -0.702 0.002 0.998 0.000 0.017 0.065 
0.998 -0.002 -0.049 0.035 0.690 0.000 -0.721 0.061 0.952 0.000 -0.005 -0.306 0.821 0.000 0.322 -0.471 0.664 0.000 -0.486 0.569 0.640 -0.000 -0.768 0.016 0.998 0.000 0.009 0.056 0.713 0.000 -0.702 0.002 0.998 0.000 0.017 0.065 
0.998 -0.002 -0.049 0.035 0.690 0.000 -0.721 0.061 0.952 0.000 -0.005 -0.306 0.821 0.000 0.322 -0.471 0.664 0.000 -0.485 0.569 0.640 0.000 -0.768 0.016 0.998 0.000 0.009 0.056 0.713 0.000 -0.702 0.002 0.998 0.000 0.017 0.065 
0.998 -0.002 -0.048 0.035 0.690 0.000 -0.721 0.062 0.952 0.000 -0.005 -0.306 0.821 0.000 0.322 -0.471 0.665 0.000 -0.485 0.568 0.640 -0.000 -0.769 0.016 0.998 0.000 0.010 0.056 0.712 -0.000 -0.702 0.001 0.998 0.000 0.017 0.065 
0.998 -0.002 -0.049 0.035 0.690 0.000 -0.721 0.061 0.952 0.000 -0.005 -0.306 0.821 0.000 0.322 -0.472 0.665 -0.000 -0.484 0.568 0.640 0.000 -0.768 0.016 0.998 0.000 0.009 0.056 0.713 0.000 -0.702 0.001 0.998 0.000 0.017 0.065 
0.998 -0.001 -0.049 0.035 0.690 0.000 -0.721 0.061 0.952 0.000 -0.005 -0.305 0.821 0.000 0.322 -0.472 0.666 -0.000 -0.483 0.569 0.640 0.000 -0.768 0.015 0.998 0.000 0.009 0.056 0.713 -0.000 -0.702 0.001 0.998 0.000 0.017 0.065 
0.998 -0.001 -0.049 0.035 0.690 0.000 -0.721 0.061 0.952 0.000 -0.005 -0.305 0.820 -0.000 0.322 -0.473 0.666 0.000 -0.482 0.569 0.640 0.000 -0.768 0.015 0.998 0.000 0.009 0.056 0.713 -0.000 -0.702 0.001 0.998 0.000 0.017 0.065 
0.998 -0.002 -0.048 0.035 0.690 0.000 -0.722 0.058 0.953 0.000 -0.003 -0.302 0.820 0.000 0.321 -0.474 0.667 0.000 -0.481 0.568 0.640 0.000 -0.768 0.016 0.998 0.000 0.009 0.055 0.712 0.000 -0.702 0.002 0.998 0.000 0.017 0.065 
0.998 -0.002 -0.049 0.035 0.690 0.000 -0.722 0.057 0.953 -0.000 -0.003 -0.301 0.820 0.000 0.321 -0.474 0.668 -0.000 -0.480 0.568 0.640 -0.000 -0.768 0.016 0.998 0.000 0.009 0.056 0.713 -0.000 -0.702 0.002 0.998 0.000 0.017 0.065 
0.998 -0.002 -0.049 0.036 0.690 0.000 -0.722 0.057 0.953 0.000 -0.002 -0.302 0.820 0.000 0.322 -0.474 0.670 0.000 -0.480 0.566 0.640 -0.000 -0.768 0.016 0.998 0.000 0.009 0.056 0.713 0.000 -0.702 0.002 0.998 0.000 0.017 0.065 
0.998 -0.002 -0.049 0.036 0.690 0.000 -0.722 0.057 0.954 -0.000 -0.003 -0.301 0.819 0.000 0.322 -0.474 0.671 -0.000 -0.480 0.566 0.640 0.000 -0.768 0.016 0.998 0.000 0.009 0.056 0.713 0.000 -0.702 0.002 0.998 -0.000 0.017 0.065 
0.998 -0.001 -0.048 0.036 0.690 0.000 -0.722 0.057 0.953 0.000 -0.002 -0.302 0.819 0.000 0.323 -0.474 0.672 0.000 -0.481 0.564 0.640 0.000 -0.769 0.016 0.998 -0.000 0.009 0.055 0.713 0.000 -0.702 0.001 0.998 -0.000 0.017 0.065 
0.998 -0.001 -0.049 0.036 0.690 0.000 -0.722 0.057 0.954 0.000 -0.003 -0.301 0.819 0.000 0.324 -0.474 0.672 0.000 -0.482 0.562 0.640 0.000 -0.769 0.016 0.998 0.000 0.009 0.055 0.713 0.000 -0.702 0.002 0.998 0.000 0.017 0.065 
0.998 -0.001 -0.049 0.036 0.690 0.000 -0.722 0.058 0.953 0.000 -0.003 -0.302 0.819 0.000 0.326 -0.473 0.673 0.000 -0.483 0.560 0.640 0.000 -0.768 0.016 0.998 0.000 0.009 0.056 0.713 0.000 -0.702 0.001 0.998 0.000 0.017 0.065 
0.998 -0.001 -0.049 0.036 0.690 0.000 -0.722 0.058 0.953 0.000 -0.003 -0.302 0.819 0.000 0.327 -0.472 0.673 0.000 -0.485 0.558 0.640 0.000 -0.769 0.016 0.998 0.000 0.009 0.055 0.713 0.000 -0.702 0.001 0.998 0.000 0.017 0.065 
0.998 -0.001 -0.049 0.036 0.690 0.000 -0.722 0.058 0.953 0.000 -0.002 -0.302 0.818 0.000 0.328 -0.472 0.674 0.000 -0.486 0.556 0.640 0.000 -0.769 0.016 0.998 -0.000 0.009 0.055 0.713 0.000 -0.702 0.002 0.998 -0.000 0.017 0.065 
0.998 -0.000 -0.049 0.036 0.690 0.000 -0.721 0.062 0.952 0.000 -0.006 -0.305 0.818 -0.000 0.330 -0.471 0.674 -0.000 -0.489 0.555 0.640 0.000 -0.769 0.015 0.998 -0.000 0.009 0.055 0.712 0.000 -0.702 0.000 0.998 0.000 0.017 0.065 
0.998 -0.001 -0.049 0.036 0.690 0.000 -0.722 0.058 0.953 0.000 -0.002 -0.302 0.818 0.000 0.330 -0.471 0.674 0.000 -0.490 0.553 0.640 0.000 -0.768 0.016 0.998 -0.000 0.009 0.056 0.713 0.000 -0.702 0.002 0.998 0.000 0.017 0.065 
0.998 -0.000 -0.049 0.036 0.690 0.000 -0.721 0.063 0.952 0.000 -0.005 -0.307 0.818 0.000 0.333 -0.469 0.674 0.000 -0.492 0.551 0.640 0.000 -0.768 0.015 0.998 0.000 0.009 0.056 0.712 0.000 -0.702 0.000 0.998 -0.000 0.017 0.065 
0.998 -0.001 -0.048 0.036 0.690 -0.000 -0.722 0.058 0.953 0.000 -0.002 -0.302 0.818 0.000 0.332 -0.470 0.673 -0.000 -0.492 0.552 0.640 0.000 -0.768 0.017 0.998 0.000 0.009 0.055 0.712 0.000 -0.702 0.002 0.998 0.000 0.017 0.065 
0.998 -0.000 -0.049 0.036 0.690 -0.000 -0.721 0.063 0.952 0.000 -0.005 -0.307 0.818 0.000 0.333 -0.469 0.673 0.000 -0.494 0.550 0.640 0.000 -0.768 0.015 0.998 -0.000 0.009 0.055 0.712 0.000 -0.702 0.000 0.998 0.000 0.017 0.065 
0.998 -0.001 -0.048 0.036 0.690 0.000 -0.722 0.058 0.953 0.000 -0.002 -0.302 0.818 0.000 0.333 -0.470 0.673 0.000 -0.493 0.552 0.640 0.000 -0.768 0.017 0.998 0.000 0.009 0.056 0.712 0.000 -0.702 0.002 0.998 0.000 0.017 0.065 
0.998 -0.000 -0.048 0.035 0.690 0.000 -0.721 0.062 0.952 0.000 -0.004 -0.306 0.818 0.000 0.334 -0.469 0.672 0.000 -0.495 0.551 0.640 -0.000 -0.768 0.015 0.998 0.000 0.009 0.056 0.712 0.000 -0.702 0.001 0.998 0.000 0.017 0.065 
0.998 -0.001 -0.048 0.035 0.690 -0.000 -0.722 0.057 0.953 0.000 -0.001 -0.302 0.818 0.000 0.332 -0.470 0.672 0.000 -0.494 0.552 0.640 0.000 -0.768 0.017 0.998 0.000 0.009 0.056 0.712 0.000 -0.702 0.003 0.998 0.000 0.017 0.065 
0.998 -0.000 -0.048 0.035 0.690 0.000 -0.721 0.062 0.952 0.000 -0.004 -0.307 0.818 0.000 0.333 -0.469 0.671 0.000 -0.495 0.552 0.640 0.000 -0.768 0.015 0.998 0.000 0.009 0.055 0.712 0.000 -0.702 0.001 0.998 -0.000 0.017 0.065 
0.998 -0.002 -0.048 0.035 0.690 0.000 -0.722 0.057 0.953 0.000 -0.001 -0.302 0.818 0.000 0.331 -0.470 0.671 0.000 -0.494 0.554 0.640 0.000 -0.768 0.017 0.998 0.000 0.009 0.056 0.712 0.000 -0.702 0.003 0.998 0.000 0.017 0.065 
0.998 -0.000 -0.048 0.035 0.690 0.000 -0.721 0.062 0.952 0.000 -0.004 -0.307 0.818 0.000 0.332 -0.469 0.670 0.000 -0.495 0.553 0.640 0.000 -0.768 0.015 0.998 0.000 0.009 0.056 0.712 0.000 -0.702 0.002 0.998 -0.000 0.017 0.065 
0.998 -0.002 -0.048 0.035 0.690 -0.000 -0.722 0.057 0.953 0.000 -0.001 -0.302 0.818 -0.000 0.331 -0.470 0.669 0.000 -0.493 0.556 0.640 0.000 -0.768 0.017 0.998 0.000 0.009 0.056 0.712 0.000 -0.702 0.004 0.998 -0.000 0.017 0.065 
0.998 -0.000 -0.048 0.035 0.690 0.000 -0.721 0.062 0.952 -0.000 -0.004 -0.306 0.818 0.000 0.331 -0.470 0.669 0.000 -0.493 0.556 0.640 0.000 -0.768 0.015 0.998 -0.000 0.009 0.056 0.712 0.000 -0.702 0.002 0.998 -0.000 0.018 0.064 
0.998 -0.002 -0.048 0.035 0.690 0.000 -0.722 0.056 0.953 0.000 -0.000 -0.302 0.818 0.000 0.328 -0.472 0.668 0.000 -0.491 0.560 0.640 -0.000 -0.768 0.018 0.998 0.000 0.009 0.056 0.712 0.000 -0.702 0.004 0.998 -0.000 0.017 0.065 
0.998 -0.001 -0.048 0.035 0.690 0.000 -0.721 0.062 0.952 0.000 -0.004 -0.307 0.818 0.000 0.329 -0.471 0.667 0.000 -0.491 0.560 0.640 -0.000 -0.768 0.016 0.998 -0.000 0.009 0.056 0.712 0.000 -0.702 0.003 0.998 0.000 0.017 0.065 
0.998 -0.002 -0.048 0.035 0.690 0.000 -0.722 0.056 0.953 0.000 -0.000 -0.302 0.819 0.000 0.326 -0.473 0.667 -0.000 -0.488 0.563 0.640 0.000 -0.768 0.018 0.998 0.000 0.009 0.056 0.712 0.000 -0.702 0.005 0.998 0.000 0.017 0.065 
0.998 -0.001 -0.048 0.035 0.690 0.000 -0.721 0.062 0.952 0.000 -0.004 -0.307 0.819 0.000 0.327 -0.472 0.666 0.000 -0.489 0.563 0.640 0.000 -0.768 0.016 0.998 -0.000 0.008 0.056 0.712 0.000 -0.702 0.003 0.998 -0.000 0.017 0.065 
0.998 -0.002 -0.048 0.035 0.689 0.000 -0.722 0.056 0.953 0.000 0.000 -0.302 0.819 -0.000 0.325 -0.474 0.666 0.000 -0.486 0.566 0.640 -0.000 -0.768 0.018 0.998 0.000 0.009 0.056 0.712 0.000 -0.702 0.005 0.998 0.000 0.017 0.065 
0.998 -0.001 -0.048 0.034 0.690 0.000 -0.721 0.062 0.952 0.000 -0.004 -0.307 0.819 0.000 0.325 -0.473 0.666 -0.000 -0.487 0.565 0.640 0.000 -0.768 0.016 0.998 0.000 0.008 0.057 0.712 0.000 -0.702 0.003 0.998 -0.000 0.017 0.065 
0.998 -0.002 -0.048 0.034 0.690 0.000 -0.722 0.056 0.953 0.000 -0.000 -0.302 0.819 0.000 0.324 -0.474 0.666 -0.000 -0.485 0.567 0.640 0.000 -0.768 0.018 0.998 0.000 0.009 0.057 0.712 0.000 -0.702 0.005 0.998 0.000 0.017 0.065 
0.998 -0.001 -0.048 0.034 0.690 0.000 -0.721 0.062 0.952 0.000 -0.004 -0.307 0.819 0.000 0.325 -0.474 0.666 0.000 -0.486 0.566 0.640 0.000 -0.768 0.016 0.998 -0.000 0.008 0.057 0.712 0.000 -0.702 0.004 0.998 0.000 0.017 0.065 
0.998 -0.002 -0.048 0.034 0.690 0.000 -0.722 0.056 0.953 -0.000 -0.000 -0.302 0.819 0.000 0.324 -0.475 0.666 0.000 -0.485 0.567 0.640 0.000 -0.768 0.018 0.998 0.000 0.009 0.057 0.712 0.000 -0.702 0.005 0.998 0.000 0.017 0.065 
0.998 -0.001 -0.048 0.034 0.690 0.000 -0.721 0.061 0.952 0.000 -0.004 -0.307 0.819 0.000 0.325 -0.474 0.666 0.000 -0.486 0.566 0.640 0.000 -0.768 0.016 0.998 0.000 0.008 0.057 0.712 0.000 -0.702 0.003 0.998 -0.000 0.017 0.065 
0.998 -0.002 -0.048 0.034 0.690 0.000 -0.722 0.056 0.953 0.000 -0.000 -0.302 0.819 0.000 0.324 -0.475 0.667 0.000 -0.484 0.567 0.640 0.000 -0.768 0.018 0.998 0.000 0.009 0.057 0.712 -0.000 -0.702 0.005 0.998 0.000 0.018 0.065 
0.998 -0.001 -0.048 0.034 0.690 0.000 -0.721 0.061 0.952 0.000 -0.004 -0.307 0.818 0.000 0.325 -0.474 0.667 0.000 -0.486 0.565 0.640 0.000 -0.768 0.016 0.998 -0.000 0.008 0.057 0.712 0.000 -0.702 0.003 0.998 0.000 0.017 0.065 
0.998 -0.002 -0.048 0.034 0.690 0.000 -0.722 0.056 0.953 0.000 -0.000 -0.303 0.818 0.000 0.324 -0.475 0.667 0.000 -0.484 0.566 0.640 0.000 -0.768 0.018 0.998 -0.000 0.009 0.057 0.712 0.000 -0.702 0.005 0.998 0.000 0.017 0.065 
0.998 -0.001 -0.048 0.034 0.691 0.000 -0.721 0.061 0.952 0.000 -0.003 -0.306 0.818 0.000 0.325 -0.474 0.668 0.000 -0.486 0.564 0.640 0.000 -0.768 0.016 0.998 -0.000 0.009 0.057 0.712 0.000 -0.702 0.004 0.998 0.000 0.017 0.065 
0.998 -0.002 -0.048 0.034 0.691 0.000 -0.721 0.055 0.954 0.000 -0.001 -0.301 0.818 0.000 0.324 -0.475 0.669 0.000 -0.484 0.564 0.640 -0.000 -0.768 0.018 0.998 0.000 0.009 0.057 0.712 0.000 -0.702 0.005 0.998 0.000 0.017 0.065 
0.998 -0.001 -0.048 0.034 0.691 0.000 -0.720 0.060 0.952 -0.000 -0.004 -0.305 0.818 0.000 0.326 -0.474 0.669 0.000 -0.485 0.562 0.640 -0.000 -0.768 0.016 0.998 0.000 0.009 0.057 0.713 0.000 -0.702 0.004 0.998 0.000 0.017 0.065 
0.998 -0.002 -0.048 0.034 0.690 0.000 -0.721 0.056 0.953 0.000 -0.001 -0.302 0.818 0.000 0.325 -0.475 0.670 0.000 -0.484 0.563 0.640 0.000 -0.768 0.018 0.998 0.000 0.009 0.057 0.712 0.000 -0.702 0.005 0.998 -0.000 0.017 0.065 
0.998 -0.001 -0.048 0.034 0.691 0.000 -0.720 0.060 0.952 0.000 -0.004 -0.305 0.818 -0.000 0.327 -0.474 0.671 0.000 -0.486 0.560 0.640 0.000 -0.768 0.017 0.998 -0.000 0.009 0.057 0.713 0.000 -0.702 0.004 0.998 0.000 0.017 0.065 
0.998 -0.002 -0.048 0.034 0.691 0.000 -0.721 0.056 0.954 0.000 -0.001 -0.301 0.817 0.000 0.327 -0.474 0.671 0.000 -0.486 0.560 0.640 0.000 -0.768 0.018 0.998 -0.000 0.009 0.057 0.712 0.000 -0.702 0.005 0.998 0.000 0.017 0.065 
0.998 -0.001 -0.048 0.034 0.691 0.000 -0.720 0.061 0.952 0.000 -0.003 -0.306 0.817 0.000 0.329 -0.473 0.671 0.000 -0.488 0.558 0.640 0.000 -0.768 0.017 0.998 0.000 0.009 0.057 0.713 0.000 -0.702 0.004 0.998 0.000 0.017 0.065 
0.998 -0.002 -0.048 0.034 0.691 0.000 -0.721 0.057 0.953 0.000 -0.001 -0.302 0.817 0.000 0.329 -0.473 0.672 0.000 -0.489 0.557 0.640 0.000 -0.768 0.018 0.998 0.000 0.009 0.057 0.712 0.000 -0.702 0.006 0.998 0.000 0.017 0.065 
0.998 -0.001 -0.048 0.034 0.691 0.000 -0.720 0.061 0.953 0.000 -0.004 -0.304 0.818 0.000 0.331 -0.471 0.673 0.000 -0.492 0.553 0.640 0.000 -0.768 0.017 0.998 -0.000 0.009 0.057 0.712 -0.000 -0.702 0.004 0.998 0.000 0.017 0.065 
0.998 -0.002 -0.048 0.034 0.691 0.000 -0.721 0.057 0.954 0.000 -0.000 -0.301 0.818 0.000 0.331 -0.471 0.673 0.000 -0.493 0.551 0.640 0.000 -0.768 0.019 0.998 -0.000 0.009 0.057 0.712 -0.000 -0.702 0.006 0.998 0.000 0.018 0.064 
0.998 -0.001 -0.048 0.034 0.691 0.000 -0.720 0.061 0.952 0.000 -0.003 -0.305 0.818 0.000 0.333 -0.470 0.673 0.000 -0.495 0.549 0.640 0.000 -0.768 0.017 0.998 -0.000 0.009 0.057 0.712 0.000 -0.702 0.004 0.998 0.000 0.017 0.065 
0.998 -0.001 -0.048 0.034 0.691 0.000 -0.721 0.059 0.953 -0.000 -0.002 -0.303 0.818 0.000 0.334 -0.469 0.673 0.000 -0.496 0.548 0.640 -0.000 -0.768 0.018 0.998 0.000 0.009 0.057 0.712 0.000 -0.702 0.005 0.998 0.000 0.018 0.064 
0.998 -0.001 -0.048 0.034 0.691 0.000 -0.720 0.062 0.952 0.000 -0.004 -0.305 0.818 -0.000 0.335 -0.468 0.673 0.000 -0.498 0.547 0.640 -0.000 -0.768 0.017 0.998 0.000 0.009 0.057 0.712 0.000 -0.702 0.004 0.998 -0.000 0.017 0.065 
0.998 -0.001 -0.048 0.034 0.691 0.000 -0.720 0.062 0.952 0.000 -0.003 -0.305 0.818 0.000 0.335 -0.468 0.672 0.000 -0.499 0.547 0.640 0.000 -0.768 0.017 0.998 0.000 0.009 0.057 0.712 0.000 -0.702 0.005 0.998 0.000 0.017 0.065 
0.998 -0.001 -0.048 0.034 0.691 0.000 -0.720 0.062 0.952 0.000 -0.003 -0.305 0.818 0.000 0.335 -0.468 0.672 0.000 -0.500 0.547 0.640 -0.000 -0.768 0.018 0.998 -0.000 0.009 0.057 0.712 0.000 -0.702 0.005 0.998 0.000 0.017 0.065 
0.998 -0.001 -0.048 0.034 0.692 0.000 -0.720 0.062 0.952 0.000 -0.003 -0.305 0.818 0.000 0.335 -0.467 0.671 0.000 -0.500 0.547 0.640 0.000 -0.768 0.018 0.998 0.000 0.009 0.057 0.712 0.000 -0.702 0.005 0.998 0.000 0.017 0.065 
0.998 -0.001 -0.048 0.034 0.692 0.000 -0.720 0.062 0.952 0.000 -0.004 -0.306 0.818 0.000 0.335 -0.467 0.671 0.000 -0.500 0.548 0.640 0.000 -0.768 0.018 0.998 0.000 0.009 0.057 0.713 0.000 -0.701 0.005 0.998 -0.000 0.017 0.065 
0.998 -0.001 -0.048 0.034 0.692 0.000 -0.720 0.062 0.952 0.000 -0.004 -0.306 0.819 0.000 0.334 -0.467 0.670 0.000 -0.500 0.549 0.640 0.000 -0.768 0.018 0.998 0.000 0.009 0.057 0.712 0.000 -0.702 0.005 0.998 0.000 0.017 0.065 
0.998 -0.001 -0.048 0.034 0.692 0.000 -0.720 0.062 0.952 0.000 -0.003 -0.306 0.819 0.000 0.334 -0.467 0.670 0.000 -0.500 0.549 0.640 0.000 -0.768 0.018 0.998 0.000 0.009 0.057 0.712 0.000 -0.702 0.005 0.998 -0.000 0.017 0.065 
0.998 -0.001 -0.048 0.034 0.692 0.000 -0.720 0.062 0.952 0.000 -0.003 -0.306 0.819 0.000 0.333 -0.467 0.669 -0.000 -0.500 0.550 0.640 -0.000 -0.768 0.019 0.998 -0.000 0.009 0.057 0.712 0.000 -0.702 0.006 0.998 -0.000 0.017 0.065 
0.998 -0.001 -0.048 0.034 0.692 0.000 -0.720 0.062 0.952 0.000 -0.004 -0.306 0.819 0.000 0.333 -0.467 0.668 0.000 -0.500 0.551 0.640 -0.000 -0.768 0.019 0.998 0.000 0.009 0.057 0.712 0.000 -0.702 0.006 0.998 -0.000 0.017 0.065 
0.998 -0.001 -0.048 0.034 0.692 0.000 -0.720 0.062 0.952 0.000 -0.004 -0.306 0.819 0.000 0.332 -0.467 0.668 0.000 -0.500 0.552 0.640 0.000 -0.768 0.019 0.998 0.000 0.009 0.057 0.712 0.000 -0.702 0.006 0.998 0.000 0.017 0.065 
0.998 -0.001 -0.048 0.034 0.692 0.000 -0.720 0.062 0.952 0.000 -0.004 -0.306 0.820 0.000 0.331 -0.467 0.667 0.000 -0.499 0.552 0.640 0.000 -0.768 0.019 0.998 0.000 0.009 0.057 0.712 -0.000 -0.702 0.006 0.998 -0.000 0.018 0.065 
0.998 -0.001 -0.048 0.034 0.692 0.000 -0.720 0.062 0.952 0.000 -0.004 -0.306 0.820 0.000 0.331 -0.467 0.667 0.000 -0.499 0.553 0.640 0.000 -0.768 0.019 0.998 -0.000 0.009 0.057 0.712 0.000 -0.702 0.006 0.998 -0.000 0.018 0.065 
0.998 -0.001 -0.048 0.034 0.692 0.000 -0.719 0.062 0.952 0.000 -0.004 -0.306 0.820 0.000 0.330 -0.467 0.666 0.000 -0.498 0.555 0.640 0.000 -0.768 0.019 0.998 -0.000 0.009 0.057 0.712 0.000 -0.702 0.006 0.998 0.000 0.018 0.065 
0.998 -0.001 -0.048 0.034 0.692 0.000 -0.720 0.062 0.952 0.000 -0.004 -0.307 0.821 0.000 0.329 -0.468 0.666 -0.000 -0.497 0.556 0.640 -0.000 -0.768 0.019 0.998 0.000 0.009 0.057 0.712 0.000 -0.702 0.006 0.998 0.000 0.018 0.065 
0.998 -0.002 -0.048 0.034 0.692 0.000 -0.719 0.062 0.952 -0.000 -0.004 -0.307 0.821 -0.000 0.328 -0.468 0.666 0.000 -0.496 0.557 0.640 0.000 -0.768 0.019 0.998 0.000 0.009 0.057 0.712 -0.000 -0.702 0.006 0.998 0.000 0.018 0.065 
0.998 -0.002 -0.048 0.034 0.692 0.000 -0.720 0.062 0.952 0.000 -0.004 -0.307 0.821 0.000 0.327 -0.469 0.665 0.000 -0.496 0.559 0.640 0.000 -0.768 0.019 0.998 -0.000 0.009 0.057 0.712 0.000 -0.702 0.006 0.998 0.000 0.018 0.065 
0.998 -0.002 -0.048 0.034 0.692 -0.000 -0.719 0.061 0.952 0.000 -0.004 -0.305 0.821 0.000 0.325 -0.469 0.664 0.000 -0.494 0.561 0.640 0.000 -0.768 0.020 0.998 -0.000 0.009 0.057 0.712 0.000 -0.702 0.006 0.998 -0.000 0.018 0.065 
0.998 -0.002 -0.048 0.034 0.692 0.000 -0.719 0.061 0.952 0.000 -0.004 -0.305 0.821 0.000 0.324 -0.470 0.664 0.000 -0.493 0.562 0.640 0.000 -0.768 0.020 0.998 0.000 0.009 0.057 0.712 0.000 -0.702 0.006 0.998 0.000 0.018 0.065 
0.998 -0.002 -0.048 0.034 0.692 0.000 -0.719 0.061 0.952 0.000 -0.005 -0.306 0.821 0.000 0.323 -0.470 0.664 0.000 -0.492 0.563 0.640 0.000 -0.768 0.019 0.998 -0.000 0.009 0.057 0.712 0.000 -0.702 0.007 0.998 -0.000 0.018 0.064 
0.998 -0.002 -0.048 0.034 0.692 0.000 -0.719 0.061 0.952 0.000 -0.004 -0.306 0.821 -0.000 0.322 -0.471 0.664 0.000 -0.491 0.564 0.640 0.000 -0.768 0.020 0.998 0.000 0.009 0.057 0.712 0.000 -0.702 0.007 0.998 0.000 0.018 0.065 
0.998 -0.002 -0.048 0.034 0.692 0.000 -0.720 0.062 0.952 0.000 -0.003 -0.306 0.822 0.000 0.321 -0.471 0.664 0.000 -0.490 0.565 0.640 -0.000 -0.768 0.020 0.998 0.000 0.009 0.057 0.712 0.000 -0.702 0.006 0.998 0.000 0.018 0.066 
0.998 -0.002 -0.048 0.034 0.691 0.000 -0.720 0.063 0.951 0.000 -0.003 -0.308 0.822 0.000 0.321 -0.471 0.664 0.000 -0.490 0.565 0.640 0.000 -0.768 0.020 0.998 0.000 0.009 0.057 0.712 0.000 -0.702 0.007 0.998 -0.000 0.018 0.065 
0.998 -0.002 -0.048 0.034 0.691 0.000 -0.720 0.063 0.951 0.000 -0.003 -0.308 0.822 0.000 0.320 -0.472 0.664 0.000 -0.489 0.565 0.640 0.000 -0.768 0.020 0.998 0.000 0.009 0.057 0.712 0.000 -0.702 0.007 0.998 0.000 0.018 0.065 
0.998 -0.002 -0.048 0.034 0.692 0.000 -0.719 0.062 0.952 -0.000 -0.004 -0.307 0.822 0.000 0.320 -0.472 0.665 0.000 -0.488 0.566 0.640 -0.000 -0.768 0.020 0.998 0.000 0.009 0.057 0.712 -0.000 -0.702 0.007 0.998 -0.000 0.018 0.065 
0.998 -0.002 -0.048 0.034 0.692 0.000 -0.719 0.062 0.952 0.000 -0.004 -0.307 0.822 0.000 0.320 -0.472 0.665 0.000 -0.488 0.566 0.640 0.000 -0.768 0.020 0.998 0.000 0.009 0.057 0.712 -0.000 -0.702 0.007 0.998 0.000 0.018 0.065 
0.998 -0.002 -0.049 0.034 0.691 0.000 -0.720 0.063 0.951 0.000 -0.002 -0.308 0.822 0.000 0.319 -0.472 0.665 -0.000 -0.487 0.566 0.640 0.000 -0.768 0.020 0.998 0.000 0.009 0.057 0.713 0.000 -0.702 0.007 0.998 0.000 0.018 0.065 
0.998 -0.002 -0.049 0.034 0.691 -0.000 -0.720 0.063 0.951 0.000 -0.003 -0.308 0.821 0.000 0.319 -0.473 0.666 0.000 -0.486 0.566 0.640 0.000 -0.768 0.020 0.998 0.000 0.009 0.057 0.713 0.000 -0.702 0.006 0.998 0.000 0.018 0.065 
0.998 -0.001 -0.049 0.034 0.691 -0.000 -0.720 0.063 0.951 -0.000 -0.003 -0.308 0.821 0.000 0.319 -0.473 0.666 0.000 -0.486 0.566 0.640 0.000 -0.768 0.019 0.998 -0.000 0.008 0.057 0.713 0.000 -0.702 0.006 0.998 0.000 0.018 0.065 
0.998 -0.001 -0.049 0.034 0.692 0.000 -0.719 0.062 0.952 0.000 -0.004 -0.307 0.821 0.000 0.319 -0.473 0.667 0.000 -0.485 0.566 0.640 0.000 -0.768 0.019 0.998 0.000 0.009 0.057 0.712 0.000 -0.702 0.006 0.998 0.000 0.018 0.065 
0.998 -0.002 -0.049 0.034 0.692 0.000 -0.720 0.059 0.953 0.000 -0.002 -0.304 0.821 0.000 0.318 -0.474 0.668 0.000 -0.484 0.566 0.640 -0.000 -0.768 0.021 0.998 -0.000 0.009 0.057 0.712 -0.000 -0.702 0.007 0.998 0.000 0.018 0.065 
0.998 -0.001 -0.049 0.034 0.692 0.000 -0.720 0.062 0.952 -0.000 -0.003 -0.307 0.821 0.000 0.319 -0.474 0.668 0.000 -0.484 0.565 0.640 0.000 -0.768 0.019 0.998 0.000 0.009 0.057 0.712 0.000 -0.702 0.006 0.998 -0.000 0.018 0.065 
0.998 -0.001 -0.049 0.035 0.692 -0.000 -0.719 0.063 0.951 0.000 -0.003 -0.308 0.821 0.000 0.319 -0.474 0.670 0.000 -0.484 0.564 0.640 0.000 -0.768 0.019 0.998 0.000 0.009 0.057 0.713 -0.000 -0.702 0.006 0.998 0.000 0.018 0.065 
0.998 -0.001 -0.049 0.035 0.692 0.000 -0.719 0.063 0.951 0.000 -0.003 -0.308 0.820 0.000 0.319 -0.474 0.670 0.000 -0.483 0.563 0.640 0.000 -0.768 0.019 0.998 0.000 0.009 0.057 0.712 0.000 -0.702 0.006 0.998 0.000 0.018 0.065 
0.998 -0.002 -0.049 0.035 0.692 0.000 -0.719 0.059 0.953 0.000 -0.002 -0.304 0.820 0.000 0.319 -0.475 0.671 -0.000 -0.482 0.563 0.640 -0.000 -0.768 0.020 0.998 0.000 0.009 0.057 0.712 0.000 -0.702 0.007 0.998 0.000 0.018 0.065 
