# T   LUA LFA RUA RFA LT  LS  RT  RS  
1.000 -0.019 0.010 -0.002 0.757 0.000 -0.653 0.003 0.975 0.000 -0.006 -0.221 0.946 0.000 -0.321 -0.055 0.512 -0.000 0.859 -0.022 0.699 0.000 -0.715 -0.002 0.995 0.000 0.039 0.090 0.699 0.000 -0.711 0.074 1.000 0.000 0.018 0.005 
1.000 -0.019 0.010 -0.002 0.757 0.000 -0.653 0.003 0.975 0.000 -0.006 -0.221 0.945 0.000 -0.321 -0.056 0.512 0.000 0.859 -0.016 0.699 -0.000 -0.715 -0.002 0.995 0.000 0.039 0.090 0.697 0.000 -0.714 0.068 1.000 0.000 0.025 0.012 
1.000 -0.019 0.009 -0.002 0.757 0.000 -0.653 0.003 0.975 0.000 -0.006 -0.221 0.945 0.000 -0.321 -0.056 0.512 0.000 0.859 -0.013 0.699 0.000 -0.715 -0.001 0.995 0.000 0.039 0.090 0.699 0.000 -0.711 0.074 1.000 0.000 0.018 0.005 
1.000 -0.019 0.009 -0.002 0.757 0.000 -0.653 0.003 0.975 0.000 -0.006 -0.221 0.945 0.000 -0.321 -0.055 0.512 0.000 0.859 -0.011 0.699 0.000 -0.715 -0.001 0.995 0.000 0.039 0.090 0.699 0.000 -0.711 0.074 1.000 0.000 0.018 0.004 
1.000 -0.019 0.009 -0.002 0.757 0.000 -0.653 0.004 0.975 0.000 -0.006 -0.221 0.945 0.000 -0.321 -0.055 0.513 0.000 0.859 -0.012 0.699 0.000 -0.715 -0.001 0.995 -0.000 0.039 0.090 0.699 0.000 -0.711 0.074 1.000 0.000 0.018 0.005 
1.000 -0.019 0.009 -0.002 0.758 0.000 -0.653 0.004 0.975 0.000 -0.006 -0.221 0.946 0.000 -0.321 -0.055 0.513 -0.000 0.858 -0.016 0.699 -0.000 -0.715 -0.001 0.995 0.000 0.039 0.090 0.699 -0.000 -0.711 0.074 1.000 0.000 0.018 0.005 
1.000 -0.019 0.009 -0.002 0.758 -0.000 -0.653 0.004 0.975 0.000 -0.006 -0.221 0.946 0.000 -0.320 -0.054 0.514 0.000 0.858 -0.021 0.699 0.000 -0.715 -0.001 0.995 0.000 0.039 0.091 0.699 0.000 -0.711 0.074 1.000 0.000 0.018 0.005 
1.000 -0.019 0.009 -0.002 0.758 0.000 -0.653 0.004 0.975 0.000 -0.006 -0.221 0.946 0.000 -0.319 -0.053 0.514 0.000 0.857 -0.029 0.699 0.000 -0.715 -0.001 0.995 0.000 0.039 0.090 0.699 0.000 -0.711 0.074 1.000 0.000 0.018 0.005 
1.000 -0.019 0.009 -0.002 0.758 -0.000 -0.652 0.005 0.976 -0.000 -0.006 -0.220 0.947 0.000 -0.317 -0.052 0.515 0.000 0.857 -0.039 0.699 0.000 -0.715 -0.001 0.995 -0.000 0.039 0.090 0.699 0.000 -0.711 0.074 1.000 0.000 0.016 0.002 
1.000 -0.019 0.009 -0.002 0.758 -0.000 -0.652 0.005 0.976 0.000 -0.006 -0.219 0.948 0.000 -0.316 -0.050 0.516 0.000 0.855 -0.049 0.699 0.000 -0.715 -0.001 0.995 -0.000 0.039 0.090 0.700 0.000 -0.711 0.074 1.000 0.000 0.016 0.003 
1.000 -0.019 0.009 -0.002 0.758 0.000 -0.652 0.004 0.976 0.000 -0.006 -0.219 0.948 0.000 -0.314 -0.050 0.517 0.000 0.854 -0.063 0.699 0.000 -0.715 -0.000 0.995 0.000 0.039 0.090 0.697 0.000 -0.714 0.070 1.000 0.000 0.025 0.011 
1.000 -0.019 0.009 -0.002 0.758 0.000 -0.652 0.004 0.976 0.000 -0.006 -0.218 0.949 0.000 -0.311 -0.048 0.518 0.000 0.852 -0.071 0.699 -0.000 -0.715 -0.000 0.995 0.000 0.039 0.090 0.700 0.000 -0.711 0.074 1.000 -0.000 0.018 0.005 
1.000 -0.019 0.009 -0.002 0.758 0.000 -0.652 0.004 0.976 0.000 -0.006 -0.217 0.950 0.000 -0.309 -0.046 0.519 0.000 0.850 -0.086 0.699 0.000 -0.715 -0.000 0.995 0.000 0.039 0.090 0.700 -0.000 -0.711 0.074 1.000 0.000 0.018 0.005 
1.000 -0.019 0.009 -0.001 0.759 0.000 -0.652 0.004 0.976 0.000 -0.006 -0.215 0.951 0.000 -0.306 -0.044 0.520 0.000 0.848 -0.103 0.699 0.000 -0.715 -0.000 0.995 0.000 0.039 0.090 0.700 0.000 -0.711 0.074 1.000 0.000 0.018 0.006 
1.000 -0.019 0.009 -0.001 0.759 0.000 -0.652 0.004 0.976 0.000 -0.005 -0.216 0.952 0.000 -0.303 -0.043 0.521 -0.000 0.846 -0.115 0.699 0.000 -0.715 -0.000 0.995 0.000 0.038 0.091 0.698 -0.000 -0.713 0.069 1.000 0.000 0.025 0.012 
1.000 -0.019 0.009 -0.001 0.759 0.000 -0.651 0.003 0.976 0.000 -0.005 -0.216 0.953 -0.000 -0.301 -0.042 0.523 0.000 0.842 -0.136 0.699 0.000 -0.715 -0.000 0.995 -0.000 0.039 0.090 0.700 0.000 -0.711 0.071 1.000 0.000 0.019 0.009 
1.000 -0.019 0.009 -0.001 0.759 -0.000 -0.651 0.003 0.977 0.000 -0.005 -0.215 0.954 0.000 -0.297 -0.040 0.524 0.000 0.838 -0.153 0.699 0.000 -0.716 -0.001 0.995 0.000 0.039 0.090 0.700 0.000 -0.711 0.070 1.000 0.000 0.016 0.007 
1.000 -0.019 0.009 -0.001 0.759 0.000 -0.651 0.003 0.977 0.000 -0.005 -0.215 0.955 -0.000 -0.294 -0.039 0.525 0.000 0.834 -0.171 0.699 0.000 -0.716 -0.001 0.995 -0.000 0.039 0.090 0.698 0.000 -0.713 0.068 1.000 0.000 0.024 0.010 
1.000 -0.019 0.009 -0.000 0.759 0.000 -0.651 0.004 0.977 0.000 -0.005 -0.215 0.956 -0.000 -0.291 -0.038 0.527 0.000 0.829 -0.189 0.699 0.000 -0.715 -0.001 0.995 0.000 0.039 0.090 0.698 -0.000 -0.713 0.067 1.000 -0.000 0.022 0.010 
1.000 -0.019 0.009 -0.000 0.759 0.000 -0.651 0.004 0.977 0.000 -0.005 -0.215 0.957 0.000 -0.287 -0.037 0.528 0.000 0.823 -0.208 0.699 0.000 -0.716 -0.001 0.995 -0.000 0.038 0.090 0.700 -0.000 -0.711 0.069 1.000 0.000 0.019 0.010 
1.000 -0.019 0.009 0.000 0.759 0.000 -0.651 0.004 0.977 0.000 -0.006 -0.215 0.958 0.000 -0.284 -0.035 0.531 0.000 0.817 -0.227 0.699 0.000 -0.716 -0.001 0.995 0.000 0.038 0.090 0.700 0.000 -0.710 0.071 1.000 0.000 0.018 0.007 
1.000 -0.019 0.009 0.000 0.760 0.000 -0.650 0.004 0.977 0.000 -0.006 -0.215 0.960 0.000 -0.279 -0.034 0.533 0.000 0.809 -0.247 0.698 0.000 -0.716 -0.001 0.995 0.000 0.039 0.090 0.700 0.000 -0.711 0.069 1.000 -0.000 0.019 0.010 
1.000 -0.019 0.009 0.001 0.760 0.000 -0.650 0.003 0.977 0.000 -0.006 -0.215 0.961 -0.000 -0.276 -0.033 0.535 0.000 0.802 -0.266 0.698 0.000 -0.716 -0.001 0.995 -0.000 0.039 0.090 0.700 0.000 -0.710 0.071 1.000 -0.000 0.018 0.007 
1.000 -0.019 0.010 0.001 0.760 0.000 -0.650 0.004 0.977 0.000 -0.007 -0.215 0.962 0.000 -0.272 -0.033 0.539 -0.000 0.792 -0.287 0.698 0.000 -0.716 -0.001 0.995 0.000 0.039 0.090 0.698 0.000 -0.713 0.066 1.000 0.000 0.024 0.014 
1.000 -0.018 0.009 0.002 0.760 -0.000 -0.650 0.004 0.977 0.000 -0.007 -0.215 0.963 0.000 -0.268 -0.032 0.541 -0.000 0.783 -0.306 0.698 0.000 -0.716 -0.001 0.995 0.000 0.038 0.090 0.699 0.000 -0.712 0.067 1.000 -0.000 0.022 0.011 
1.000 -0.018 0.010 0.002 0.761 0.000 -0.649 0.004 0.977 -0.000 -0.007 -0.215 0.964 0.000 -0.264 -0.031 0.544 0.000 0.773 -0.326 0.698 -0.000 -0.716 -0.000 0.995 0.000 0.038 0.090 0.699 0.000 -0.712 0.067 1.000 0.000 0.020 0.009 
1.000 -0.018 0.010 0.003 0.760 0.000 -0.649 0.004 0.977 0.000 -0.007 -0.215 0.965 -0.000 -0.259 -0.030 0.547 0.000 0.760 -0.351 0.698 -0.000 -0.716 -0.000 0.995 0.000 0.037 0.090 0.701 0.000 -0.710 0.069 1.000 0.000 0.016 0.005 
1.000 -0.019 0.009 0.003 0.761 0.000 -0.649 0.004 0.977 -0.000 -0.007 -0.215 0.967 0.000 -0.254 -0.030 0.551 0.000 0.748 -0.371 0.698 0.000 -0.716 0.000 0.995 0.000 0.038 0.090 0.701 0.000 -0.710 0.067 1.000 0.000 0.019 0.011 
1.000 -0.018 0.010 0.004 0.761 0.000 -0.649 0.004 0.976 0.000 -0.007 -0.216 0.968 0.000 -0.250 -0.029 0.554 0.000 0.735 -0.391 0.698 0.000 -0.716 -0.000 0.995 0.000 0.038 0.089 0.699 0.000 -0.712 0.066 1.000 0.000 0.022 0.011 
1.000 -0.018 0.009 0.004 0.761 0.000 -0.649 0.004 0.976 -0.000 -0.007 -0.216 0.969 0.000 -0.245 -0.029 0.558 0.000 0.721 -0.410 0.698 0.000 -0.716 0.000 0.995 0.000 0.038 0.089 0.701 0.000 -0.710 0.068 1.000 0.000 0.018 0.009 
1.000 -0.019 0.009 0.004 0.761 0.000 -0.649 0.003 0.976 0.000 -0.007 -0.216 0.970 -0.000 -0.241 -0.029 0.561 -0.000 0.707 -0.430 0.698 -0.000 -0.716 0.001 0.995 -0.000 0.038 0.089 0.701 0.000 -0.710 0.066 1.000 -0.000 0.016 0.003 
1.000 -0.019 0.010 0.005 0.761 0.000 -0.649 0.003 0.976 0.000 -0.007 -0.216 0.971 0.000 -0.236 -0.029 0.565 -0.000 0.692 -0.449 0.698 0.000 -0.716 0.001 0.995 0.000 0.038 0.089 0.700 -0.000 -0.711 0.065 1.000 -0.000 0.023 0.012 
1.000 -0.019 0.009 0.005 0.761 -0.000 -0.649 0.003 0.976 0.000 -0.007 -0.216 0.972 0.000 -0.232 -0.029 0.569 0.000 0.676 -0.468 0.698 0.000 -0.716 0.001 0.995 -0.000 0.038 0.089 0.701 0.000 -0.710 0.068 1.000 0.000 0.015 -0.001 
1.000 -0.019 0.009 0.006 0.761 0.000 -0.649 0.003 0.976 0.000 -0.007 -0.217 0.974 -0.000 -0.227 -0.029 0.573 0.000 0.660 -0.485 0.698 0.000 -0.716 0.001 0.995 0.000 0.038 0.089 0.701 0.000 -0.710 0.068 1.000 0.000 0.018 0.009 
1.000 -0.019 0.009 0.006 0.761 0.000 -0.649 0.003 0.976 0.000 -0.007 -0.217 0.975 0.000 -0.222 -0.030 0.577 0.000 0.643 -0.504 0.698 0.000 -0.716 0.002 0.995 0.000 0.038 0.088 0.701 0.000 -0.710 0.068 1.000 0.000 0.018 0.009 
1.000 -0.019 0.009 0.007 0.761 0.000 -0.649 0.002 0.976 0.000 -0.007 -0.217 0.976 -0.000 -0.218 -0.030 0.581 0.000 0.626 -0.520 0.698 0.000 -0.716 0.002 0.995 -0.000 0.038 0.088 0.700 0.000 -0.711 0.065 1.000 0.000 0.020 0.010 
1.000 -0.019 0.009 0.007 0.761 -0.000 -0.649 0.001 0.976 0.000 -0.007 -0.216 0.977 0.000 -0.212 -0.031 0.585 -0.000 0.608 -0.537 0.698 0.000 -0.716 0.002 0.995 0.000 0.038 0.088 0.700 0.000 -0.711 0.065 1.000 0.000 0.022 0.012 
1.000 -0.019 0.010 0.007 0.761 0.000 -0.649 0.001 0.976 0.000 -0.007 -0.217 0.978 0.000 -0.208 -0.031 0.590 -0.000 0.589 -0.552 0.698 0.000 -0.716 0.002 0.995 0.000 0.038 0.088 0.700 0.000 -0.711 0.064 1.000 0.000 0.019 0.004 
1.000 -0.019 0.010 0.008 0.761 -0.000 -0.649 0.001 0.976 0.000 -0.007 -0.217 0.978 0.000 -0.204 -0.033 0.594 0.000 0.572 -0.565 0.698 0.000 -0.716 0.003 0.995 0.000 0.038 0.088 0.700 0.000 -0.711 0.064 1.000 0.000 0.022 0.010 
1.000 -0.019 0.010 0.009 0.760 0.000 -0.649 0.001 0.976 -0.000 -0.008 -0.217 0.979 0.000 -0.200 -0.034 0.598 0.000 0.553 -0.580 0.698 0.000 -0.716 0.003 0.995 0.000 0.038 0.088 0.700 0.000 -0.711 0.064 1.000 0.000 0.022 0.013 
1.000 -0.019 0.010 0.010 0.760 0.000 -0.649 0.000 0.976 0.000 -0.008 -0.217 0.980 0.000 -0.195 -0.036 0.603 0.000 0.533 -0.594 0.698 -0.000 -0.716 0.003 0.995 0.000 0.038 0.087 0.700 0.000 -0.711 0.063 1.000 0.000 0.022 0.013 
1.000 -0.019 0.010 0.010 0.760 0.000 -0.649 0.001 0.976 -0.000 -0.008 -0.218 0.981 0.000 -0.191 -0.037 0.607 0.000 0.514 -0.607 0.698 0.000 -0.716 0.004 0.995 0.000 0.038 0.087 0.702 0.000 -0.709 0.065 1.000 0.000 0.015 0.007 
1.000 -0.019 0.010 0.011 0.760 0.000 -0.650 0.000 0.976 0.000 -0.008 -0.218 0.982 0.000 -0.187 -0.039 0.612 0.000 0.492 -0.620 0.698 0.000 -0.716 0.004 0.995 -0.000 0.038 0.087 0.701 0.000 -0.711 0.062 1.000 -0.000 0.022 0.013 
1.000 -0.019 0.010 0.011 0.760 0.000 -0.650 -0.000 0.976 0.000 -0.008 -0.218 0.982 0.000 -0.184 -0.041 0.617 0.000 0.470 -0.631 0.698 0.000 -0.716 0.004 0.995 0.000 0.038 0.087 0.701 0.000 -0.711 0.062 1.000 0.000 0.022 0.013 
1.000 -0.019 0.010 0.012 0.760 0.000 -0.650 -0.000 0.976 0.000 -0.008 -0.218 0.983 0.000 -0.181 -0.044 0.620 0.000 0.450 -0.643 0.698 -0.000 -0.716 0.004 0.995 0.000 0.038 0.087 0.701 0.000 -0.711 0.062 1.000 0.000 0.022 0.014 
1.000 -0.018 0.010 0.013 0.760 0.000 -0.650 -0.001 0.976 0.000 -0.009 -0.218 0.983 0.000 -0.177 -0.046 0.626 -0.000 0.430 -0.651 0.698 -0.000 -0.716 0.004 0.996 0.000 0.038 0.087 0.701 -0.000 -0.711 0.061 1.000 0.000 0.022 0.013 
1.000 -0.019 0.010 0.013 0.760 0.000 -0.650 -0.002 0.976 0.000 -0.009 -0.217 0.983 -0.000 -0.175 -0.050 0.631 0.000 0.410 -0.659 0.698 -0.000 -0.717 0.005 0.996 -0.000 0.038 0.087 0.702 0.000 -0.709 0.064 1.000 0.000 0.018 0.010 
1.000 -0.019 0.010 0.014 0.759 -0.000 -0.651 -0.002 0.976 0.000 -0.009 -0.217 0.984 0.000 -0.172 -0.053 0.635 0.000 0.391 -0.667 0.697 0.000 -0.717 0.005 0.996 -0.000 0.038 0.087 0.702 0.000 -0.709 0.064 1.000 0.000 0.018 0.010 
1.000 -0.019 0.010 0.014 0.759 0.000 -0.651 -0.003 0.976 0.000 -0.009 -0.217 0.984 0.000 -0.170 -0.055 0.639 0.000 0.372 -0.674 0.697 0.000 -0.717 0.005 0.995 0.000 0.038 0.087 0.702 -0.000 -0.709 0.063 1.000 0.000 0.016 0.009 
1.000 -0.019 0.010 0.015 0.759 0.000 -0.651 -0.003 0.976 0.000 -0.008 -0.218 0.984 0.000 -0.168 -0.058 0.644 0.000 0.355 -0.678 0.697 -0.000 -0.717 0.005 0.995 0.000 0.038 0.087 0.701 0.000 -0.711 0.060 1.000 0.000 0.023 0.014 
1.000 -0.019 0.010 0.016 0.759 0.000 -0.651 -0.004 0.976 -0.000 -0.008 -0.217 0.984 0.000 -0.165 -0.061 0.648 0.000 0.335 -0.684 0.697 0.000 -0.717 0.006 0.995 0.000 0.038 0.087 0.702 0.000 -0.709 0.062 1.000 0.000 0.018 0.011 
1.000 -0.019 0.010 0.017 0.759 -0.000 -0.651 -0.004 0.976 -0.000 -0.008 -0.218 0.985 -0.000 -0.163 -0.064 0.652 0.000 0.316 -0.689 0.697 0.000 -0.717 0.006 0.995 -0.000 0.038 0.087 0.702 0.000 -0.709 0.061 1.000 0.000 0.018 0.012 
1.000 -0.019 0.010 0.018 0.759 0.000 -0.651 -0.005 0.976 0.000 -0.008 -0.218 0.985 0.000 -0.161 -0.067 0.656 0.000 0.297 -0.694 0.697 0.000 -0.717 0.006 0.995 0.000 0.037 0.088 0.701 0.000 -0.711 0.059 1.000 0.000 0.020 0.012 
1.000 -0.019 0.010 0.018 0.759 0.000 -0.651 -0.005 0.976 0.000 -0.008 -0.218 0.985 -0.000 -0.159 -0.069 0.660 0.000 0.277 -0.698 0.697 0.000 -0.717 0.006 0.996 0.000 0.038 0.087 0.702 0.000 -0.709 0.061 1.000 0.000 0.018 0.012 
1.000 -0.019 0.010 0.019 0.759 0.000 -0.651 -0.006 0.976 0.000 -0.006 -0.218 0.985 0.000 -0.157 -0.072 0.664 0.000 0.257 -0.702 0.697 0.000 -0.717 0.006 0.995 0.000 0.037 0.087 0.702 0.000 -0.709 0.060 1.000 0.000 0.018 0.012 
1.000 -0.018 0.010 0.020 0.759 0.000 -0.651 -0.008 0.976 0.000 -0.008 -0.218 0.985 0.000 -0.156 -0.074 0.667 -0.000 0.238 -0.706 0.698 0.000 -0.717 0.006 0.996 0.000 0.038 0.087 0.702 0.000 -0.709 0.060 1.000 0.000 0.018 0.010 
1.000 -0.018 0.010 0.020 0.759 0.000 -0.651 -0.008 0.976 0.000 -0.008 -0.218 0.985 -0.000 -0.153 -0.077 0.670 0.000 0.218 -0.710 0.698 0.000 -0.716 0.007 0.996 0.000 0.038 0.087 0.700 0.000 -0.712 0.055 1.000 0.000 0.025 0.019 
1.000 -0.019 0.010 0.021 0.759 0.000 -0.651 -0.008 0.976 0.000 -0.007 -0.219 0.985 0.000 -0.152 -0.079 0.674 -0.000 0.199 -0.712 0.698 0.000 -0.717 0.007 0.995 0.000 0.037 0.087 0.702 0.000 -0.709 0.059 1.000 0.000 0.018 0.012 
1.000 -0.019 0.010 0.022 0.759 0.000 -0.651 -0.008 0.975 0.000 -0.008 -0.220 0.985 -0.000 -0.151 -0.082 0.678 0.000 0.179 -0.713 0.698 -0.000 -0.716 0.008 0.996 0.000 0.038 0.086 0.702 0.000 -0.710 0.059 1.000 0.000 0.019 0.013 
1.000 -0.019 0.010 0.022 0.758 0.000 -0.652 -0.008 0.975 0.000 -0.007 -0.221 0.985 0.000 -0.149 -0.085 0.682 0.000 0.161 -0.713 0.698 0.000 -0.716 0.008 0.996 -0.000 0.037 0.087 0.702 0.000 -0.710 0.059 1.000 0.000 0.019 0.013 
1.000 -0.019 0.010 0.022 0.758 0.000 -0.652 -0.009 0.975 0.000 -0.007 -0.221 0.985 -0.000 -0.148 -0.087 0.686 0.000 0.141 -0.714 0.698 0.000 -0.716 0.008 0.996 0.000 0.038 0.086 0.702 0.000 -0.710 0.059 1.000 -0.000 0.015 0.004 
1.000 -0.019 0.010 0.023 0.758 -0.000 -0.652 -0.009 0.975 0.000 -0.007 -0.222 0.985 0.000 -0.147 -0.090 0.690 0.000 0.121 -0.714 0.698 0.000 -0.716 0.008 0.996 0.000 0.038 0.087 0.702 0.000 -0.710 0.059 1.000 0.000 0.018 0.012 
1.000 -0.019 0.010 0.023 0.758 0.000 -0.652 -0.009 0.975 -0.000 -0.005 -0.223 0.985 -0.000 -0.145 -0.093 0.694 -0.000 0.101 -0.713 0.698 0.000 -0.716 0.008 0.996 0.000 0.038 0.087 0.702 0.000 -0.710 0.058 1.000 -0.000 0.018 0.013 
0.999 -0.019 0.010 0.023 0.758 0.000 -0.652 -0.009 0.975 0.000 -0.007 -0.224 0.985 0.000 -0.144 -0.096 0.698 0.000 0.081 -0.712 0.698 0.000 -0.716 0.008 0.996 0.000 0.037 0.086 0.702 0.000 -0.710 0.059 1.000 0.000 0.018 0.012 
0.999 -0.019 0.010 0.023 0.758 0.000 -0.652 -0.009 0.974 0.000 -0.007 -0.225 0.985 0.000 -0.143 -0.098 0.702 0.000 0.062 -0.710 0.698 0.000 -0.716 0.008 0.996 0.000 0.037 0.087 0.702 0.000 -0.710 0.058 1.000 0.000 0.018 0.013 
1.000 -0.019 0.010 0.023 0.758 0.000 -0.652 -0.010 0.974 0.000 -0.008 -0.225 0.985 -0.000 -0.142 -0.100 0.705 -0.000 0.043 -0.708 0.698 0.000 -0.716 0.008 0.996 -0.000 0.038 0.087 0.702 -0.000 -0.710 0.059 1.000 0.000 0.018 0.012 
0.999 -0.019 0.011 0.023 0.758 0.000 -0.653 -0.010 0.974 0.000 -0.008 -0.226 0.985 0.000 -0.142 -0.103 0.709 0.000 0.024 -0.705 0.698 0.000 -0.716 0.008 0.995 0.000 0.037 0.087 0.702 0.000 -0.710 0.059 1.000 0.000 0.018 0.013 
1.000 -0.019 0.010 0.023 0.758 0.000 -0.653 -0.010 0.974 0.000 -0.008 -0.226 0.984 0.000 -0.141 -0.105 0.713 0.000 0.005 -0.702 0.698 0.000 -0.716 0.008 0.996 0.000 0.038 0.087 0.702 0.000 -0.710 0.059 1.000 0.000 0.018 0.013 
1.000 -0.019 0.010 0.023 0.757 0.000 -0.653 -0.010 0.974 0.000 -0.008 -0.227 0.984 0.000 -0.141 -0.107 0.716 -0.000 -0.014 -0.698 0.698 0.000 -0.716 0.008 0.996 0.000 0.038 0.087 0.702 0.000 -0.710 0.059 1.000 -0.000 0.018 0.012 
1.000 -0.019 0.011 0.023 0.757 0.000 -0.653 -0.011 0.974 0.000 -0.008 -0.227 0.984 0.000 -0.140 -0.110 0.720 -0.000 -0.032 -0.693 0.698 0.000 -0.716 0.008 0.996 0.000 0.038 0.087 0.702 0.000 -0.710 0.058 1.000 0.000 0.018 0.013 
1.000 -0.018 0.011 0.023 0.757 0.000 -0.653 -0.011 0.974 0.000 -0.008 -0.227 0.984 0.000 -0.140 -0.112 0.724 -0.000 -0.051 -0.688 0.698 -0.000 -0.716 0.008 0.996 0.000 0.037 0.087 0.702 0.000 -0.710 0.058 1.000 0.000 0.018 0.013 
1.000 -0.019 0.010 0.023 0.757 0.000 -0.653 -0.011 0.974 -0.000 -0.009 -0.228 0.984 0.000 -0.139 -0.115 0.728 0.000 -0.069 -0.682 0.698 0.000 -0.716 0.008 0.995 -0.000 0.037 0.088 0.702 0.000 -0.710 0.058 1.000 -0.000 0.018 0.013 
1.000 -0.018 0.011 0.023 0.757 0.000 -0.653 -0.011 0.974 -0.000 -0.009 -0.228 0.983 0.000 -0.139 -0.118 0.732 0.000 -0.086 -0.676 0.698 0.000 -0.716 0.007 0.996 0.000 0.037 0.087 0.702 0.000 -0.710 0.058 1.000 0.000 0.018 0.013 
1.000 -0.018 0.010 0.023 0.757 -0.000 -0.653 -0.012 0.974 0.000 -0.009 -0.228 0.983 0.000 -0.139 -0.120 0.735 0.000 -0.104 -0.670 0.698 0.000 -0.716 0.008 0.996 0.000 0.037 0.087 0.702 0.000 -0.710 0.058 1.000 0.000 0.018 0.013 
1.000 -0.018 0.011 0.023 0.757 -0.000 -0.654 -0.012 0.974 0.000 -0.008 -0.228 0.983 0.000 -0.139 -0.123 0.739 0.000 -0.121 -0.663 0.698 -0.000 -0.716 0.008 0.996 0.000 0.037 0.087 0.702 0.000 -0.710 0.058 1.000 -0.000 0.018 0.013 
1.000 -0.018 0.010 0.023 0.757 0.000 -0.654 -0.012 0.974 0.000 -0.009 -0.229 0.982 0.000 -0.139 -0.125 0.742 0.000 -0.137 -0.656 0.698 0.000 -0.716 0.007 0.996 0.000 0.038 0.086 0.702 0.000 -0.710 0.058 1.000 0.000 0.018 0.013 
1.000 -0.018 0.010 0.022 0.757 0.000 -0.654 -0.013 0.974 0.000 -0.008 -0.228 0.982 0.000 -0.139 -0.126 0.745 -0.000 -0.153 -0.649 0.698 0.000 -0.716 0.007 0.996 -0.000 0.038 0.087 0.702 0.000 -0.710 0.059 1.000 0.000 0.018 0.013 
1.000 -0.018 0.010 0.022 0.757 0.000 -0.654 -0.013 0.974 0.000 -0.009 -0.227 0.982 0.000 -0.140 -0.129 0.749 0.000 -0.169 -0.641 0.698 0.000 -0.716 0.007 0.996 -0.000 0.037 0.086 0.702 0.000 -0.710 0.058 1.000 0.000 0.015 0.010 
1.000 -0.018 0.010 0.022 0.756 0.000 -0.654 -0.014 0.974 0.000 -0.008 -0.227 0.981 0.000 -0.140 -0.131 0.752 -0.000 -0.183 -0.633 0.698 0.000 -0.716 0.007 0.996 0.000 0.038 0.086 0.702 -0.000 -0.710 0.058 1.000 0.000 0.015 0.009 
1.000 -0.018 0.010 0.022 0.756 0.000 -0.654 -0.014 0.974 0.000 -0.008 -0.226 0.981 0.000 -0.141 -0.134 0.755 0.000 -0.197 -0.625 0.698 0.000 -0.716 0.007 0.996 0.000 0.037 0.086 0.700 0.000 -0.712 0.056 1.000 0.000 0.023 0.016 
1.000 -0.018 0.011 0.022 0.756 0.000 -0.654 -0.015 0.974 0.000 -0.008 -0.226 0.980 0.000 -0.142 -0.136 0.758 0.000 -0.211 -0.618 0.698 0.000 -0.716 0.007 0.996 -0.000 0.038 0.087 0.702 0.000 -0.710 0.058 1.000 0.000 0.018 0.013 
1.000 -0.018 0.011 0.022 0.756 0.000 -0.654 -0.015 0.974 0.000 -0.008 -0.225 0.980 0.000 -0.143 -0.137 0.761 0.000 -0.223 -0.610 0.698 0.000 -0.716 0.007 0.996 0.000 0.037 0.086 0.702 0.000 -0.710 0.058 1.000 0.000 0.018 0.013 
1.000 -0.018 0.011 0.022 0.756 0.000 -0.654 -0.015 0.974 0.000 -0.007 -0.225 0.980 0.000 -0.144 -0.139 0.763 -0.000 -0.234 -0.603 0.698 0.000 -0.716 0.007 0.996 0.000 0.038 0.086 0.702 0.000 -0.710 0.058 1.000 0.000 0.018 0.010 
1.000 -0.018 0.011 0.022 0.756 0.000 -0.654 -0.016 0.974 0.000 -0.007 -0.225 0.979 0.000 -0.146 -0.141 0.765 -0.000 -0.243 -0.596 0.698 0.000 -0.716 0.007 0.996 0.000 0.038 0.086 0.701 0.000 -0.710 0.058 1.000 0.000 0.018 0.012 
1.000 -0.018 0.011 0.022 0.756 0.000 -0.654 -0.016 0.974 0.000 -0.007 -0.224 0.979 -0.000 -0.147 -0.141 0.766 0.000 -0.251 -0.592 0.698 -0.000 -0.716 0.007 0.996 0.000 0.038 0.086 0.699 0.000 -0.713 0.054 1.000 0.000 0.021 0.015 
1.000 -0.018 0.011 0.022 0.756 0.000 -0.654 -0.016 0.975 0.000 -0.006 -0.224 0.979 0.000 -0.148 -0.142 0.766 0.000 -0.258 -0.588 0.698 0.000 -0.716 0.007 0.996 0.000 0.038 0.086 0.699 0.000 -0.713 0.053 1.000 -0.000 0.025 0.019 
1.000 -0.018 0.011 0.022 0.756 0.000 -0.654 -0.016 0.975 0.000 -0.005 -0.223 0.978 0.000 -0.149 -0.142 0.767 0.000 -0.264 -0.585 0.699 0.000 -0.716 0.007 0.996 0.000 0.038 0.086 0.701 -0.000 -0.710 0.059 1.000 0.000 0.018 0.012 
1.000 -0.017 0.011 0.022 0.756 0.000 -0.654 -0.016 0.975 0.000 -0.005 -0.223 0.978 -0.000 -0.150 -0.142 0.766 0.000 -0.268 -0.584 0.698 0.000 -0.716 0.007 0.996 0.000 0.038 0.086 0.701 0.000 -0.710 0.058 1.000 0.000 0.018 0.012 
1.000 -0.017 0.011 0.022 0.756 0.000 -0.654 -0.017 0.975 0.000 -0.004 -0.222 0.978 0.000 -0.151 -0.141 0.766 0.000 -0.271 -0.583 0.698 0.000 -0.716 0.007 0.996 0.000 0.038 0.086 0.701 -0.000 -0.710 0.058 1.000 0.000 0.018 0.012 
1.000 -0.017 0.011 0.022 0.757 0.000 -0.654 -0.017 0.975 0.000 -0.004 -0.222 0.978 0.000 -0.152 -0.140 0.765 0.000 -0.272 -0.583 0.699 0.000 -0.716 0.007 0.996 0.000 0.037 0.086 0.701 0.000 -0.710 0.058 1.000 -0.000 0.018 0.012 
1.000 -0.017 0.011 0.022 0.757 -0.000 -0.654 -0.017 0.975 0.000 -0.004 -0.221 0.978 0.000 -0.154 -0.139 0.764 0.000 -0.271 -0.585 0.699 0.000 -0.716 0.007 0.996 0.000 0.037 0.086 0.701 0.000 -0.710 0.058 1.000 0.000 0.019 0.012 
1.000 -0.017 0.011 0.022 0.757 0.000 -0.653 -0.017 0.975 0.000 -0.004 -0.221 0.978 0.000 -0.155 -0.137 0.763 -0.000 -0.270 -0.588 0.698 0.000 -0.716 0.007 0.996 0.000 0.038 0.086 0.701 -0.000 -0.710 0.059 1.000 -0.000 0.019 0.012 
1.000 -0.017 0.011 0.022 0.757 0.000 -0.653 -0.016 0.975 0.000 -0.004 -0.221 0.978 -0.000 -0.156 -0.136 0.762 0.000 -0.266 -0.590 0.698 0.000 -0.716 0.007 0.996 0.000 0.037 0.086 0.701 0.000 -0.710 0.059 1.000 0.000 0.018 0.012 
1.000 -0.018 0.011 0.022 0.757 0.000 -0.653 -0.015 0.975 0.000 -0.003 -0.221 0.978 0.000 -0.157 -0.134 0.761 -0.000 -0.262 -0.594 0.698 0.000 -0.716 0.007 0.996 0.000 0.038 0.086 0.702 0.000 -0.710 0.059 1.000 0.000 0.018 0.011 
1.000 -0.018 0.011 0.022 0.758 0.000 -0.653 -0.015 0.975 0.000 -0.004 -0.221 0.979 0.000 -0.158 -0.132 0.759 0.000 -0.256 -0.598 0.698 0.000 -0.716 0.008 0.996 0.000 0.038 0.086 0.702 0.000 -0.710 0.059 1.000 0.000 0.018 0.012 
1.000 -0.018 0.011 0.022 0.758 0.000 -0.652 -0.014 0.975 0.000 -0.003 -0.221 0.979 0.000 -0.159 -0.131 0.758 -0.000 -0.249 -0.603 0.698 0.000 -0.716 0.008 0.996 0.000 0.038 0.085 0.702 0.000 -0.710 0.060 1.000 0.000 0.018 0.011 
1.000 -0.018 0.011 0.022 0.758 0.000 -0.652 -0.013 0.975 0.000 -0.004 -0.221 0.979 0.000 -0.159 -0.129 0.757 0.000 -0.240 -0.608 0.698 -0.000 -0.716 0.008 0.996 -0.000 0.038 0.085 0.702 0.000 -0.710 0.060 1.000 0.000 0.018 0.011 
1.000 -0.018 0.010 0.022 0.758 0.000 -0.652 -0.012 0.975 0.000 -0.004 -0.221 0.979 -0.000 -0.160 -0.127 0.754 0.000 -0.231 -0.615 0.698 0.000 -0.716 0.009 0.996 0.000 0.038 0.085 0.702 0.000 -0.710 0.060 1.000 0.000 0.015 0.008 
1.000 -0.018 0.010 0.022 0.758 0.000 -0.652 -0.011 0.975 -0.000 -0.004 -0.221 0.979 0.000 -0.161 -0.124 0.753 0.000 -0.221 -0.620 0.698 0.000 -0.716 0.009 0.996 0.000 0.038 0.085 0.702 0.000 -0.710 0.060 1.000 0.000 0.018 0.008 
1.000 -0.018 0.010 0.022 0.759 0.000 -0.651 -0.011 0.975 0.000 -0.005 -0.220 0.979 0.000 -0.161 -0.122 0.750 0.000 -0.210 -0.627 0.698 0.000 -0.716 0.009 0.996 0.000 0.038 0.085 0.702 0.000 -0.710 0.061 1.000 0.000 0.016 0.008 
1.000 -0.018 0.010 0.021 0.759 0.000 -0.651 -0.010 0.975 0.000 -0.006 -0.220 0.980 0.000 -0.162 -0.119 0.748 0.000 -0.198 -0.634 0.698 0.000 -0.716 0.009 0.996 -0.000 0.038 0.085 0.702 0.000 -0.710 0.061 1.000 0.000 0.016 0.009 
1.000 -0.018 0.010 0.021 0.760 0.000 -0.650 -0.010 0.976 0.000 -0.006 -0.219 0.980 0.000 -0.162 -0.117 0.744 0.000 -0.185 -0.642 0.698 0.000 -0.716 0.009 0.996 0.000 0.038 0.084 0.702 0.000 -0.710 0.062 1.000 0.000 0.019 0.011 
1.000 -0.018 0.010 0.021 0.760 0.000 -0.650 -0.009 0.976 -0.000 -0.007 -0.219 0.980 0.000 -0.163 -0.115 0.741 0.000 -0.170 -0.649 0.698 0.000 -0.716 0.009 0.996 0.000 0.038 0.085 0.702 0.000 -0.709 0.061 1.000 0.000 0.018 0.010 
1.000 -0.019 0.010 0.021 0.760 0.000 -0.650 -0.008 0.976 0.000 -0.007 -0.219 0.980 0.000 -0.163 -0.112 0.738 0.000 -0.155 -0.657 0.698 0.000 -0.716 0.010 0.996 0.000 0.038 0.084 0.702 0.000 -0.709 0.062 1.000 -0.000 0.019 0.010 
1.000 -0.019 0.010 0.020 0.760 -0.000 -0.649 -0.007 0.976 0.000 -0.007 -0.218 0.980 0.000 -0.164 -0.110 0.735 -0.000 -0.139 -0.663 0.697 0.000 -0.717 0.010 0.996 0.000 0.038 0.084 0.702 0.000 -0.709 0.063 1.000 0.000 0.015 0.001 
1.000 -0.019 0.010 0.020 0.761 0.000 -0.649 -0.007 0.976 0.000 -0.007 -0.217 0.980 0.000 -0.165 -0.108 0.732 0.000 -0.122 -0.670 0.697 0.000 -0.717 0.010 0.996 -0.000 0.038 0.084 0.702 0.000 -0.709 0.063 1.000 0.000 0.018 0.010 
1.000 -0.019 0.010 0.020 0.761 0.000 -0.649 -0.007 0.976 -0.000 -0.007 -0.216 0.981 0.000 -0.166 -0.105 0.728 0.000 -0.104 -0.677 0.697 0.000 -0.717 0.011 0.996 0.000 0.038 0.084 0.702 0.000 -0.709 0.063 1.000 0.000 0.018 0.010 
1.000 -0.019 0.010 0.020 0.761 0.000 -0.649 -0.007 0.977 -0.000 -0.007 -0.215 0.981 0.000 -0.167 -0.103 0.725 0.000 -0.085 -0.684 0.697 0.000 -0.717 0.011 0.996 0.000 0.038 0.084 0.702 0.000 -0.709 0.064 1.000 0.000 0.018 0.007 
1.000 -0.019 0.010 0.020 0.761 -0.000 -0.648 -0.006 0.977 0.000 -0.007 -0.215 0.981 0.000 -0.169 -0.101 0.721 -0.000 -0.066 -0.689 0.697 0.000 -0.717 0.011 0.996 0.000 0.038 0.084 0.703 0.000 -0.709 0.064 1.000 -0.000 0.016 0.008 
1.000 -0.019 0.010 0.020 0.761 0.000 -0.648 -0.006 0.977 -0.000 -0.007 -0.214 0.980 0.000 -0.170 -0.098 0.717 0.000 -0.045 -0.695 0.697 0.000 -0.717 0.011 0.996 0.000 0.038 0.084 0.703 0.000 -0.709 0.064 1.000 -0.000 0.015 0.006 
1.000 -0.019 0.010 0.019 0.762 0.000 -0.648 -0.006 0.977 -0.000 -0.006 -0.213 0.980 0.000 -0.172 -0.095 0.713 0.000 -0.024 -0.701 0.697 0.000 -0.717 0.011 0.996 0.000 0.038 0.084 0.703 -0.000 -0.709 0.064 1.000 -0.000 0.018 0.010 
1.000 -0.019 0.010 0.019 0.762 0.000 -0.648 -0.006 0.977 -0.000 -0.006 -0.212 0.980 0.000 -0.174 -0.093 0.709 0.000 -0.002 -0.706 0.697 0.000 -0.717 0.012 0.996 0.000 0.038 0.084 0.703 -0.000 -0.709 0.065 1.000 0.000 0.019 0.008 
1.000 -0.019 0.010 0.019 0.762 0.000 -0.648 -0.006 0.977 0.000 -0.006 -0.212 0.980 0.000 -0.176 -0.091 0.704 -0.000 0.021 -0.710 0.697 0.000 -0.717 0.011 0.996 0.000 0.038 0.084 0.701 0.000 -0.710 0.063 1.000 -0.000 0.023 0.012 
1.000 -0.019 0.010 0.019 0.762 0.000 -0.648 -0.005 0.977 0.000 -0.006 -0.212 0.980 0.000 -0.178 -0.090 0.699 -0.000 0.044 -0.713 0.697 0.000 -0.717 0.012 0.996 0.000 0.038 0.084 0.703 -0.000 -0.708 0.065 1.000 0.000 0.019 0.010 
1.000 -0.019 0.010 0.019 0.762 0.000 -0.648 -0.005 0.977 0.000 -0.005 -0.211 0.980 0.000 -0.181 -0.087 0.695 0.000 0.068 -0.716 0.697 -0.000 -0.717 0.012 0.996 -0.000 0.038 0.084 0.701 0.000 -0.710 0.063 1.000 0.000 0.023 0.012 
1.000 -0.019 0.010 0.020 0.762 0.000 -0.648 -0.005 0.977 -0.000 -0.005 -0.211 0.979 0.000 -0.183 -0.086 0.689 0.000 0.093 -0.718 0.697 0.000 -0.717 0.012 0.996 0.000 0.038 0.084 0.703 -0.000 -0.708 0.065 1.000 0.000 0.019 0.007 
1.000 -0.020 0.009 0.019 0.762 -0.000 -0.648 -0.005 0.978 0.000 -0.006 -0.211 0.979 -0.000 -0.186 -0.084 0.685 0.000 0.119 -0.719 0.697 0.000 -0.717 0.012 0.996 0.000 0.038 0.084 0.703 0.000 -0.708 0.065 1.000 0.000 0.019 0.009 
1.000 -0.019 0.010 0.019 0.762 0.000 -0.647 -0.004 0.978 0.000 -0.006 -0.211 0.978 0.000 -0.189 -0.082 0.680 0.000 0.143 -0.719 0.697 0.000 -0.717 0.012 0.996 0.000 0.038 0.084 0.701 -0.000 -0.710 0.063 1.000 0.000 0.022 0.010 
1.000 -0.019 0.010 0.019 0.762 0.000 -0.648 -0.004 0.978 0.000 -0.006 -0.211 0.978 0.000 -0.191 -0.081 0.675 0.000 0.167 -0.719 0.697 0.000 -0.717 0.012 0.996 0.000 0.038 0.084 0.703 -0.000 -0.709 0.063 1.000 0.000 0.020 0.012 
1.000 -0.019 0.010 0.020 0.762 0.000 -0.648 -0.004 0.977 0.000 -0.005 -0.211 0.978 0.000 -0.194 -0.080 0.669 0.000 0.192 -0.718 0.697 0.000 -0.717 0.012 0.996 0.000 0.039 0.084 0.701 0.000 -0.710 0.063 1.000 0.000 0.023 0.013 
1.000 -0.019 0.010 0.020 0.762 0.000 -0.648 -0.004 0.977 0.000 -0.005 -0.211 0.977 -0.000 -0.198 -0.079 0.665 0.000 0.218 -0.715 0.697 0.000 -0.717 0.012 0.996 0.000 0.038 0.084 0.703 0.000 -0.708 0.065 1.000 -0.000 0.015 0.000 
1.000 -0.019 0.010 0.020 0.762 0.000 -0.648 -0.004 0.977 0.000 -0.005 -0.211 0.976 0.000 -0.201 -0.077 0.660 0.000 0.242 -0.711 0.697 0.000 -0.717 0.012 0.996 0.000 0.038 0.084 0.703 0.000 -0.708 0.065 1.000 0.000 0.015 0.006 
1.000 -0.020 0.010 0.020 0.762 0.000 -0.648 -0.003 0.977 0.000 -0.006 -0.212 0.976 0.000 -0.204 -0.077 0.655 0.000 0.266 -0.707 0.697 0.000 -0.717 0.012 0.996 0.000 0.038 0.084 0.702 0.000 -0.709 0.063 1.000 0.000 0.020 0.012 
1.000 -0.020 0.010 0.020 0.762 0.000 -0.648 -0.003 0.977 0.000 -0.006 -0.212 0.975 0.000 -0.207 -0.077 0.650 -0.000 0.291 -0.702 0.697 -0.000 -0.717 0.013 0.996 0.000 0.038 0.084 0.702 0.000 -0.709 0.064 1.000 0.000 0.020 0.010 
1.000 -0.020 0.010 0.020 0.762 0.000 -0.648 -0.003 0.977 0.000 -0.005 -0.213 0.975 -0.000 -0.210 -0.076 0.645 0.000 0.313 -0.697 0.697 -0.000 -0.717 0.013 0.996 0.000 0.039 0.084 0.703 0.000 -0.708 0.066 1.000 -0.000 0.019 0.010 
1.000 -0.020 0.010 0.020 0.762 0.000 -0.648 -0.003 0.977 0.000 -0.006 -0.213 0.974 0.000 -0.212 -0.075 0.639 -0.000 0.335 -0.692 0.697 0.000 -0.717 0.013 0.996 0.000 0.038 0.084 0.703 0.000 -0.708 0.066 1.000 0.000 0.019 0.009 
1.000 -0.020 0.010 0.020 0.762 0.000 -0.648 -0.003 0.977 0.000 -0.006 -0.213 0.974 0.000 -0.215 -0.074 0.634 0.000 0.358 -0.685 0.697 0.000 -0.717 0.013 0.996 0.000 0.039 0.084 0.702 0.000 -0.709 0.064 1.000 0.000 0.020 0.012 
1.000 -0.020 0.010 0.020 0.762 -0.000 -0.648 -0.003 0.977 0.000 -0.005 -0.214 0.973 0.000 -0.217 -0.073 0.628 0.000 0.381 -0.679 0.697 -0.000 -0.717 0.013 0.996 -0.000 0.039 0.084 0.702 0.000 -0.709 0.064 1.000 0.000 0.020 0.012 
1.000 -0.020 0.010 0.019 0.762 0.000 -0.648 -0.003 0.977 0.000 -0.006 -0.215 0.973 0.000 -0.219 -0.072 0.623 0.000 0.402 -0.671 0.697 0.000 -0.717 0.013 0.996 0.000 0.039 0.084 0.702 0.000 -0.709 0.064 1.000 0.000 0.017 0.010 
1.000 -0.020 0.010 0.019 0.761 0.000 -0.648 -0.003 0.976 0.000 -0.006 -0.216 0.973 0.000 -0.221 -0.071 0.618 0.000 0.422 -0.664 0.697 0.000 -0.717 0.013 0.996 -0.000 0.038 0.084 0.701 0.000 -0.710 0.064 1.000 0.000 0.019 0.008 
1.000 -0.019 0.010 0.019 0.761 0.000 -0.648 -0.003 0.976 0.000 -0.006 -0.216 0.972 0.000 -0.223 -0.069 0.614 0.000 0.438 -0.656 0.697 -0.000 -0.717 0.013 0.996 0.000 0.038 0.084 0.703 0.000 -0.708 0.066 1.000 -0.000 0.016 0.007 
1.000 -0.019 0.010 0.019 0.761 -0.000 -0.648 -0.003 0.976 0.000 -0.006 -0.217 0.972 -0.000 -0.225 -0.068 0.610 0.000 0.456 -0.648 0.697 0.000 -0.717 0.012 0.996 0.000 0.039 0.084 0.702 0.000 -0.709 0.065 1.000 -0.000 0.020 0.012 
1.000 -0.019 0.010 0.019 0.761 0.000 -0.648 -0.003 0.976 -0.000 -0.007 -0.218 0.972 -0.000 -0.227 -0.067 0.605 0.000 0.474 -0.639 0.697 0.000 -0.717 0.013 0.996 0.000 0.039 0.084 0.703 -0.000 -0.708 0.067 1.000 0.000 0.018 0.009 
1.000 -0.019 0.010 0.019 0.761 0.000 -0.649 -0.004 0.976 0.000 -0.006 -0.218 0.971 0.000 -0.228 -0.064 0.599 0.000 0.493 -0.631 0.697 0.000 -0.717 0.012 0.996 0.000 0.039 0.084 0.703 0.000 -0.708 0.066 1.000 0.000 0.019 0.009 
1.000 -0.019 0.010 0.018 0.761 0.000 -0.649 -0.004 0.976 0.000 -0.007 -0.219 0.971 0.000 -0.230 -0.064 0.595 0.000 0.510 -0.621 0.697 0.000 -0.717 0.012 0.996 0.000 0.039 0.084 0.701 0.000 -0.710 0.064 1.000 -0.000 0.022 0.012 
1.000 -0.019 0.010 0.018 0.761 0.000 -0.649 -0.003 0.975 -0.000 -0.007 -0.220 0.971 0.000 -0.232 -0.063 0.591 0.000 0.527 -0.611 0.697 0.000 -0.717 0.012 0.996 0.000 0.039 0.084 0.702 0.000 -0.709 0.065 1.000 0.000 0.020 0.011 
1.000 -0.019 0.010 0.018 0.761 0.000 -0.649 -0.004 0.975 0.000 -0.007 -0.220 0.970 0.000 -0.233 -0.062 0.587 0.000 0.543 -0.601 0.697 0.000 -0.717 0.012 0.996 0.000 0.039 0.084 0.701 0.000 -0.710 0.065 1.000 0.000 0.023 0.011 
1.000 -0.019 0.010 0.017 0.761 0.000 -0.649 -0.004 0.975 0.000 -0.007 -0.221 0.970 0.000 -0.235 -0.060 0.582 0.000 0.559 -0.590 0.697 0.000 -0.717 0.011 0.996 0.000 0.039 0.084 0.702 0.000 -0.709 0.065 1.000 0.000 0.020 0.011 
1.000 -0.019 0.010 0.017 0.760 0.000 -0.649 -0.004 0.975 0.000 -0.007 -0.222 0.970 0.000 -0.237 -0.059 0.578 0.000 0.574 -0.580 0.697 0.000 -0.717 0.011 0.996 -0.000 0.039 0.084 0.702 0.000 -0.709 0.065 1.000 0.000 0.020 0.011 
1.000 -0.019 0.010 0.016 0.760 0.000 -0.650 -0.004 0.975 0.000 -0.007 -0.222 0.969 0.000 -0.239 -0.058 0.574 0.000 0.589 -0.568 0.697 0.000 -0.717 0.011 0.996 0.000 0.039 0.084 0.701 0.000 -0.710 0.066 1.000 0.000 0.023 0.010 
1.000 -0.019 0.010 0.016 0.760 0.000 -0.650 -0.004 0.975 0.000 -0.007 -0.222 0.969 0.000 -0.240 -0.057 0.570 0.000 0.604 -0.557 0.697 -0.000 -0.717 0.011 0.996 -0.000 0.039 0.084 0.702 0.000 -0.709 0.066 1.000 0.000 0.017 0.008 
1.000 -0.019 0.010 0.015 0.760 0.000 -0.650 -0.004 0.975 0.000 -0.007 -0.223 0.969 0.000 -0.243 -0.055 0.567 0.000 0.616 -0.548 0.697 0.000 -0.717 0.011 0.996 0.000 0.039 0.084 0.702 0.000 -0.709 0.066 1.000 0.000 0.017 0.009 
1.000 -0.018 0.009 0.015 0.760 0.000 -0.650 -0.004 0.975 -0.000 -0.007 -0.224 0.968 0.000 -0.244 -0.054 0.563 0.000 0.628 -0.538 0.697 0.000 -0.717 0.011 0.996 -0.000 0.039 0.084 0.703 0.000 -0.708 0.068 1.000 -0.000 0.018 0.007 
1.000 -0.018 0.009 0.014 0.760 -0.000 -0.650 -0.004 0.974 0.000 -0.008 -0.224 0.968 0.000 -0.246 -0.053 0.559 0.000 0.641 -0.525 0.696 0.000 -0.718 0.011 0.996 0.000 0.039 0.084 0.701 0.000 -0.710 0.067 1.000 0.000 0.023 0.010 
1.000 -0.018 0.009 0.013 0.760 0.000 -0.650 -0.004 0.974 0.000 -0.008 -0.224 0.967 0.000 -0.249 -0.051 0.555 0.000 0.654 -0.513 0.697 0.000 -0.717 0.010 0.996 0.000 0.039 0.084 0.701 0.000 -0.710 0.067 1.000 0.000 0.023 0.010 
1.000 -0.019 0.009 0.013 0.760 0.000 -0.650 -0.004 0.974 0.000 -0.009 -0.224 0.967 0.000 -0.251 -0.050 0.552 0.000 0.666 -0.502 0.697 -0.000 -0.717 0.010 0.996 0.000 0.039 0.084 0.702 -0.000 -0.709 0.068 1.000 0.000 0.020 0.010 
1.000 -0.018 0.009 0.012 0.759 0.000 -0.651 -0.004 0.974 0.000 -0.006 -0.225 0.966 0.000 -0.253 -0.049 0.549 -0.000 0.679 -0.488 0.696 0.000 -0.718 0.010 0.996 0.000 0.039 0.084 0.702 -0.000 -0.708 0.070 1.000 0.000 0.015 0.003 
1.000 -0.018 0.009 0.012 0.760 0.000 -0.650 -0.004 0.974 0.000 -0.010 -0.224 0.966 0.000 -0.256 -0.047 0.545 0.000 0.691 -0.475 0.696 0.000 -0.718 0.010 0.996 0.000 0.039 0.085 0.701 0.000 -0.710 0.068 1.000 0.000 0.022 0.009 
1.000 -0.018 0.009 0.011 0.759 0.000 -0.651 -0.004 0.974 0.000 -0.009 -0.225 0.965 -0.000 -0.259 -0.047 0.541 0.000 0.703 -0.461 0.696 0.000 -0.718 0.010 0.996 0.000 0.040 0.084 0.702 0.000 -0.709 0.068 1.000 0.000 0.020 0.009 
1.000 -0.018 0.009 0.011 0.759 -0.000 -0.651 -0.004 0.974 0.000 -0.009 -0.225 0.964 -0.000 -0.262 -0.046 0.537 0.000 0.716 -0.446 0.696 0.000 -0.717 0.010 0.996 0.000 0.040 0.084 0.702 0.000 -0.709 0.069 1.000 0.000 0.020 0.006 
1.000 -0.018 0.009 0.011 0.759 0.000 -0.652 -0.004 0.974 0.000 -0.009 -0.224 0.963 0.000 -0.265 -0.046 0.534 0.000 0.727 -0.431 0.696 0.000 -0.718 0.010 0.996 0.000 0.040 0.084 0.701 -0.000 -0.710 0.069 1.000 0.000 0.020 0.007 
1.000 -0.018 0.009 0.010 0.758 0.000 -0.652 -0.004 0.975 0.000 -0.009 -0.224 0.962 -0.000 -0.268 -0.045 0.531 0.000 0.738 -0.416 0.696 0.000 -0.718 0.010 0.996 -0.000 0.040 0.084 0.701 0.000 -0.710 0.069 1.000 0.000 0.023 0.009 
1.000 -0.019 0.009 0.010 0.758 0.000 -0.652 -0.004 0.975 0.000 -0.009 -0.224 0.962 0.000 -0.271 -0.044 0.528 0.000 0.749 -0.401 0.696 -0.000 -0.718 0.010 0.996 -0.000 0.040 0.084 0.702 0.000 -0.709 0.072 1.000 -0.000 0.019 0.006 
1.000 -0.018 0.009 0.010 0.758 0.000 -0.652 -0.004 0.975 0.000 -0.009 -0.223 0.961 -0.000 -0.274 -0.043 0.525 0.000 0.759 -0.385 0.696 0.000 -0.718 0.010 0.996 0.000 0.040 0.084 0.702 -0.000 -0.709 0.070 1.000 -0.000 0.020 0.008 
1.000 -0.018 0.009 0.010 0.758 0.000 -0.652 -0.004 0.975 0.000 -0.009 -0.223 0.960 0.000 -0.277 -0.043 0.522 0.000 0.769 -0.369 0.696 0.000 -0.718 0.010 0.996 0.000 0.040 0.084 0.702 0.000 -0.709 0.070 1.000 0.000 0.020 0.008 
1.000 -0.018 0.009 0.009 0.758 0.000 -0.653 -0.004 0.975 0.000 -0.009 -0.223 0.959 0.000 -0.281 -0.042 0.519 0.000 0.780 -0.350 0.696 0.000 -0.718 0.010 0.996 0.000 0.041 0.083 0.702 0.000 -0.709 0.073 1.000 -0.000 0.019 0.005 
1.000 -0.019 0.009 0.009 0.757 0.000 -0.653 -0.004 0.975 0.000 -0.009 -0.223 0.958 0.000 -0.284 -0.042 0.517 -0.000 0.789 -0.333 0.696 0.000 -0.718 0.011 0.996 0.000 0.041 0.083 0.702 0.000 -0.709 0.074 1.000 0.000 0.019 0.005 
1.000 -0.019 0.009 0.009 0.757 0.000 -0.653 -0.004 0.975 0.000 -0.009 -0.222 0.957 0.000 -0.287 -0.042 0.514 0.000 0.799 -0.311 0.696 -0.000 -0.718 0.011 0.996 0.000 0.041 0.083 0.701 0.000 -0.709 0.071 1.000 -0.000 0.020 0.008 
1.000 -0.019 0.009 0.009 0.757 0.000 -0.653 -0.004 0.975 0.000 -0.008 -0.222 0.956 0.000 -0.291 -0.042 0.512 0.000 0.807 -0.293 0.696 0.000 -0.718 0.011 0.996 0.000 0.041 0.083 0.702 0.000 -0.709 0.074 1.000 -0.000 0.019 0.004 
1.000 -0.019 0.009 0.009 0.757 -0.000 -0.653 -0.004 0.975 0.000 -0.009 -0.222 0.955 0.000 -0.294 -0.042 0.511 0.000 0.815 -0.274 0.696 -0.000 -0.718 0.011 0.996 0.000 0.040 0.084 0.702 -0.000 -0.709 0.074 1.000 0.000 0.017 0.002 
1.000 -0.019 0.009 0.009 0.757 0.000 -0.653 -0.004 0.975 0.000 -0.008 -0.222 0.954 -0.000 -0.297 -0.042 0.509 0.000 0.822 -0.256 0.696 -0.000 -0.718 0.012 0.996 0.000 0.041 0.083 0.701 0.000 -0.709 0.074 1.000 -0.000 0.020 0.004 
1.000 -0.019 0.009 0.009 0.757 0.000 -0.654 -0.004 0.975 0.000 -0.008 -0.222 0.953 0.000 -0.301 -0.042 0.507 0.000 0.828 -0.239 0.696 0.000 -0.718 0.012 0.996 0.000 0.041 0.083 0.701 -0.000 -0.709 0.074 1.000 0.000 0.020 0.005 
1.000 -0.019 0.009 0.009 0.757 0.000 -0.654 -0.004 0.975 0.000 -0.008 -0.221 0.952 0.000 -0.304 -0.043 0.506 0.000 0.834 -0.221 0.696 0.000 -0.718 0.012 0.996 0.000 0.041 0.083 0.701 0.000 -0.709 0.075 1.000 0.000 0.017 0.003 
1.000 -0.019 0.009 0.009 0.757 0.000 -0.654 -0.003 0.975 0.000 -0.008 -0.221 0.951 0.000 -0.307 -0.043 0.505 0.000 0.838 -0.205 0.696 -0.000 -0.718 0.013 0.996 0.000 0.041 0.082 0.701 0.000 -0.709 0.075 1.000 0.000 0.017 0.002 
1.000 -0.019 0.010 0.010 0.757 0.000 -0.654 -0.003 0.975 0.000 -0.007 -0.221 0.950 0.000 -0.310 -0.044 0.504 0.000 0.843 -0.188 0.696 0.000 -0.718 0.013 0.996 0.000 0.042 0.082 0.701 -0.000 -0.709 0.075 1.000 -0.000 0.017 0.003 
1.000 -0.019 0.010 0.010 0.757 0.000 -0.654 -0.003 0.975 0.000 -0.007 -0.222 0.949 0.000 -0.313 -0.044 0.504 0.000 0.846 -0.173 0.696 -0.000 -0.718 0.014 0.996 0.000 0.041 0.082 0.701 0.000 -0.709 0.075 1.000 0.000 0.020 0.005 
1.000 -0.020 0.010 0.010 0.756 0.000 -0.654 -0.002 0.975 -0.000 -0.007 -0.222 0.948 0.000 -0.316 -0.045 0.503 -0.000 0.851 -0.153 0.696 0.000 -0.718 0.014 0.996 0.000 0.041 0.082 0.701 0.000 -0.709 0.075 1.000 -0.000 0.020 0.005 
1.000 -0.020 0.010 0.010 0.756 0.000 -0.654 -0.002 0.975 0.000 -0.007 -0.222 0.947 0.000 -0.319 -0.046 0.503 -0.000 0.852 -0.144 0.696 0.000 -0.718 0.014 0.996 0.000 0.042 0.082 0.701 0.000 -0.709 0.075 1.000 0.000 0.020 0.005 
1.000 -0.020 0.010 0.011 0.756 -0.000 -0.654 -0.001 0.975 0.000 -0.007 -0.222 0.946 0.000 -0.322 -0.047 0.503 0.000 0.854 -0.131 0.696 -0.000 -0.718 0.015 0.996 0.000 0.042 0.082 0.701 0.000 -0.709 0.076 1.000 0.000 0.020 0.005 
1.000 -0.020 0.010 0.011 0.757 0.000 -0.654 -0.001 0.975 0.000 -0.007 -0.222 0.945 0.000 -0.324 -0.047 0.502 0.000 0.857 -0.118 0.696 -0.000 -0.718 0.015 0.996 0.000 0.042 0.082 0.701 -0.000 -0.709 0.076 1.000 0.000 0.020 0.005 
1.000 -0.020 0.010 0.012 0.756 -0.000 -0.654 -0.000 0.975 0.000 -0.007 -0.222 0.944 0.000 -0.326 -0.049 0.503 0.000 0.858 -0.109 0.696 -0.000 -0.718 0.016 0.996 0.000 0.042 0.082 0.701 0.000 -0.709 0.076 1.000 0.000 0.016 0.002 
1.000 -0.020 0.010 0.012 0.756 0.000 -0.654 0.000 0.975 0.000 -0.007 -0.222 0.943 0.000 -0.328 -0.049 0.503 0.000 0.859 -0.099 0.696 0.000 -0.718 0.016 0.996 0.000 0.042 0.082 0.701 -0.000 -0.709 0.076 1.000 0.000 0.020 0.005 
1.000 -0.021 0.010 0.013 0.757 0.000 -0.654 0.001 0.975 0.000 -0.006 -0.222 0.943 0.000 -0.330 -0.051 0.503 0.000 0.859 -0.091 0.696 -0.000 -0.718 0.018 0.996 0.000 0.042 0.082 0.701 0.000 -0.709 0.077 1.000 0.000 0.020 0.005 
1.000 -0.021 0.010 0.013 0.757 0.000 -0.654 0.001 0.975 -0.000 -0.006 -0.221 0.942 0.000 -0.331 -0.051 0.503 0.000 0.859 -0.090 0.696 -0.000 -0.717 0.018 0.996 0.000 0.042 0.082 0.701 0.000 -0.709 0.077 1.000 0.000 0.020 0.005 
1.000 -0.021 0.010 0.013 0.757 0.000 -0.654 0.001 0.975 0.000 -0.006 -0.221 0.942 0.000 -0.332 -0.052 0.504 0.000 0.859 -0.086 0.696 0.000 -0.717 0.018 0.996 0.000 0.042 0.082 0.699 0.000 -0.712 0.072 1.000 0.000 0.027 0.012 
1.000 -0.021 0.010 0.014 0.757 0.000 -0.654 0.002 0.975 0.000 -0.006 -0.222 0.941 0.000 -0.333 -0.053 0.505 0.000 0.859 -0.084 0.696 0.000 -0.717 0.018 0.996 0.000 0.042 0.082 0.701 0.000 -0.709 0.077 1.000 0.000 0.020 0.005 
1.000 -0.022 0.010 0.014 0.757 0.000 -0.654 0.003 0.975 0.000 -0.006 -0.221 0.941 0.000 -0.333 -0.053 0.506 -0.000 0.859 -0.085 0.696 0.000 -0.717 0.019 0.996 0.000 0.042 0.082 0.701 0.000 -0.709 0.077 1.000 -0.000 0.020 0.003 
1.000 -0.022 0.010 0.014 0.757 0.000 -0.654 0.003 0.975 0.000 -0.006 -0.221 0.941 0.000 -0.333 -0.053 0.507 -0.000 0.858 -0.086 0.696 -0.000 -0.717 0.020 0.996 -0.000 0.042 0.082 0.701 0.000 -0.709 0.077 1.000 0.000 0.017 0.003 
1.000 -0.022 0.010 0.015 0.757 0.000 -0.654 0.004 0.976 -0.000 -0.006 -0.220 0.942 0.000 -0.332 -0.053 0.508 0.000 0.856 -0.090 0.696 0.000 -0.718 0.020 0.996 -0.000 0.042 0.082 0.701 0.000 -0.709 0.078 1.000 0.000 0.020 0.005 
1.000 -0.022 0.010 0.015 0.757 -0.000 -0.653 0.003 0.976 0.000 -0.005 -0.220 0.942 0.000 -0.331 -0.053 0.510 0.000 0.855 -0.096 0.696 0.000 -0.717 0.021 0.996 0.000 0.042 0.082 0.701 -0.000 -0.709 0.078 1.000 -0.000 0.020 0.006 
1.000 -0.023 0.010 0.015 0.757 0.000 -0.653 0.004 0.976 0.000 -0.005 -0.219 0.943 0.000 -0.330 -0.052 0.512 0.000 0.853 -0.104 0.696 -0.000 -0.717 0.021 0.996 0.000 0.042 0.082 0.701 0.000 -0.708 0.078 1.000 0.000 0.018 0.004 
