# T   LUA LFA RUA RFA LT  LS  RT  RS  
-0.662 0.004 -0.032 -0.749 0.717 0.000 -0.694 0.066 0.972 0.000 0.034 -0.231 0.697 0.000 -0.673 -0.246 0.808 -0.000 -0.544 -0.227 0.645 0.000 -0.762 0.058 0.993 0.000 0.102 0.051 0.627 0.000 -0.779 0.027 0.990 -0.000 0.118 0.075 
-0.661 0.004 -0.032 -0.749 0.717 0.000 -0.694 0.066 0.972 -0.000 0.034 -0.231 0.697 0.000 -0.673 -0.246 0.808 0.000 -0.544 -0.226 0.645 0.000 -0.762 0.058 0.993 0.000 0.102 0.051 0.627 0.000 -0.779 0.027 0.990 -0.000 0.119 0.074 
-0.661 0.004 -0.032 -0.749 0.717 -0.000 -0.694 0.066 0.972 0.000 0.034 -0.231 0.697 0.000 -0.673 -0.246 0.808 0.000 -0.545 -0.227 0.645 0.000 -0.762 0.058 0.993 0.000 0.102 0.051 0.627 -0.000 -0.779 0.027 0.990 0.000 0.119 0.074 
-0.661 0.004 -0.032 -0.750 0.717 0.000 -0.694 0.066 0.972 0.000 0.034 -0.231 0.697 0.000 -0.673 -0.246 0.807 -0.000 -0.545 -0.226 0.645 0.000 -0.762 0.058 0.993 0.000 0.102 0.051 0.627 -0.000 -0.779 0.027 0.990 0.000 0.119 0.074 
-0.661 0.004 -0.032 -0.750 0.717 0.000 -0.694 0.066 0.972 0.000 0.034 -0.231 0.697 0.000 -0.673 -0.246 0.807 0.000 -0.545 -0.226 0.645 0.000 -0.762 0.058 0.993 0.000 0.102 0.051 0.627 0.000 -0.779 0.027 0.990 0.000 0.119 0.074 
-0.661 0.004 -0.032 -0.750 0.717 0.000 -0.694 0.066 0.972 0.000 0.034 -0.231 0.697 0.000 -0.674 -0.246 0.808 0.000 -0.545 -0.226 0.645 0.000 -0.762 0.058 0.993 0.000 0.102 0.051 0.627 -0.000 -0.779 0.027 0.990 -0.000 0.118 0.075 
-0.661 0.004 -0.032 -0.750 0.717 0.000 -0.694 0.067 0.972 0.000 0.034 -0.231 0.697 0.000 -0.674 -0.246 0.808 0.000 -0.545 -0.226 0.645 0.000 -0.762 0.058 0.993 -0.000 0.102 0.051 0.627 0.000 -0.779 0.027 0.990 0.000 0.119 0.074 
-0.661 0.004 -0.032 -0.750 0.717 0.000 -0.693 0.067 0.972 0.000 0.034 -0.231 0.697 -0.000 -0.674 -0.246 0.808 0.000 -0.545 -0.226 0.645 0.000 -0.762 0.058 0.993 0.000 0.102 0.051 0.627 0.000 -0.779 0.027 0.990 0.000 0.119 0.074 
-0.661 0.004 -0.032 -0.750 0.717 0.000 -0.693 0.067 0.972 0.000 0.034 -0.231 0.697 0.000 -0.674 -0.246 0.808 -0.000 -0.545 -0.226 0.645 0.000 -0.762 0.058 0.993 0.000 0.102 0.051 0.627 0.000 -0.779 0.027 0.990 0.000 0.119 0.074 
-0.661 0.004 -0.032 -0.750 0.717 0.000 -0.693 0.067 0.972 0.000 0.034 -0.231 0.697 0.000 -0.674 -0.246 0.808 0.000 -0.545 -0.226 0.645 0.000 -0.762 0.058 0.993 0.000 0.102 0.051 0.626 0.000 -0.779 0.027 0.990 0.000 0.119 0.074 
-0.660 0.004 -0.032 -0.750 0.717 0.000 -0.694 0.066 0.972 0.000 0.035 -0.231 0.697 0.000 -0.674 -0.247 0.808 0.000 -0.545 -0.226 0.645 0.000 -0.762 0.058 0.993 0.000 0.102 0.051 0.627 0.000 -0.779 0.027 0.990 0.000 0.119 0.074 
-0.660 0.004 -0.032 -0.750 0.717 0.000 -0.694 0.067 0.972 0.000 0.034 -0.231 0.697 0.000 -0.674 -0.247 0.808 0.000 -0.545 -0.226 0.645 0.000 -0.762 0.058 0.993 0.000 0.102 0.051 0.627 -0.000 -0.779 0.026 0.990 0.000 0.119 0.074 
-0.660 0.004 -0.032 -0.750 0.717 0.000 -0.693 0.067 0.972 0.000 0.034 -0.231 0.697 -0.000 -0.674 -0.246 0.808 0.000 -0.545 -0.226 0.645 0.000 -0.762 0.058 0.993 0.000 0.102 0.051 0.626 0.000 -0.779 0.027 0.990 0.000 0.119 0.074 
-0.660 0.004 -0.032 -0.750 0.717 0.000 -0.693 0.066 0.972 -0.000 0.034 -0.231 0.697 0.000 -0.674 -0.247 0.808 0.000 -0.544 -0.226 0.645 0.000 -0.762 0.058 0.993 -0.000 0.102 0.051 0.627 0.000 -0.779 0.027 0.990 0.000 0.119 0.074 
-0.661 0.004 -0.032 -0.750 0.718 0.000 -0.693 0.067 0.972 0.000 0.034 -0.231 0.697 0.000 -0.674 -0.246 0.808 -0.000 -0.544 -0.227 0.645 0.000 -0.762 0.058 0.993 -0.000 0.103 0.051 0.626 0.000 -0.779 0.027 0.990 -0.000 0.119 0.074 
-0.660 0.004 -0.032 -0.750 0.717 0.000 -0.693 0.066 0.972 0.000 0.035 -0.231 0.697 0.000 -0.674 -0.246 0.808 -0.000 -0.544 -0.227 0.645 0.000 -0.762 0.058 0.993 0.000 0.102 0.051 0.627 0.000 -0.779 0.027 0.990 0.000 0.119 0.074 
-0.661 0.004 -0.032 -0.750 0.718 0.000 -0.693 0.066 0.972 0.000 0.034 -0.231 0.697 0.000 -0.674 -0.246 0.808 0.000 -0.544 -0.227 0.645 0.000 -0.762 0.058 0.993 0.000 0.103 0.051 0.626 0.000 -0.779 0.027 0.990 0.000 0.119 0.074 
-0.660 0.004 -0.032 -0.750 0.717 0.000 -0.694 0.066 0.972 0.000 0.035 -0.231 0.697 0.000 -0.674 -0.246 0.808 0.000 -0.544 -0.227 0.645 0.000 -0.762 0.057 0.993 0.000 0.103 0.051 0.626 0.000 -0.779 0.026 0.990 0.000 0.119 0.075 
-0.661 0.004 -0.032 -0.750 0.717 0.000 -0.693 0.066 0.972 0.000 0.034 -0.230 0.697 0.000 -0.674 -0.245 0.808 -0.000 -0.543 -0.228 0.646 0.000 -0.762 0.058 0.993 0.000 0.102 0.051 0.626 0.000 -0.779 0.027 0.990 0.000 0.119 0.074 
-0.660 0.004 -0.032 -0.750 0.718 0.000 -0.693 0.065 0.973 -0.000 0.035 -0.230 0.696 0.000 -0.675 -0.245 0.809 0.000 -0.542 -0.228 0.645 0.000 -0.762 0.057 0.993 0.000 0.102 0.051 0.626 -0.000 -0.779 0.026 0.990 0.000 0.119 0.075 
-0.661 0.004 -0.032 -0.750 0.718 0.000 -0.693 0.065 0.973 0.000 0.034 -0.230 0.696 0.000 -0.675 -0.244 0.809 0.000 -0.541 -0.229 0.646 0.000 -0.762 0.058 0.993 -0.000 0.103 0.051 0.626 0.000 -0.779 0.027 0.990 -0.000 0.119 0.074 
-0.661 0.004 -0.032 -0.750 0.718 0.000 -0.693 0.065 0.973 0.000 0.034 -0.230 0.696 0.000 -0.675 -0.243 0.809 0.000 -0.541 -0.229 0.646 0.000 -0.761 0.058 0.993 0.000 0.102 0.051 0.626 0.000 -0.779 0.027 0.990 -0.000 0.119 0.074 
-0.661 0.004 -0.032 -0.750 0.718 0.000 -0.693 0.065 0.973 0.000 0.034 -0.230 0.696 0.000 -0.675 -0.243 0.809 0.000 -0.541 -0.230 0.646 0.000 -0.761 0.057 0.993 -0.000 0.103 0.051 0.626 0.000 -0.779 0.027 0.990 0.000 0.119 0.074 
-0.660 0.004 -0.032 -0.750 0.718 0.000 -0.694 0.065 0.973 0.000 0.035 -0.230 0.696 0.000 -0.675 -0.243 0.810 -0.000 -0.540 -0.230 0.646 0.000 -0.762 0.057 0.993 -0.000 0.103 0.051 0.626 0.000 -0.779 0.026 0.990 -0.000 0.119 0.075 
-0.661 0.004 -0.032 -0.750 0.718 0.000 -0.693 0.065 0.973 0.000 0.034 -0.230 0.697 -0.000 -0.676 -0.241 0.810 0.000 -0.539 -0.232 0.646 0.000 -0.761 0.057 0.993 0.000 0.103 0.051 0.626 0.000 -0.779 0.026 0.990 0.000 0.119 0.074 
-0.661 0.004 -0.032 -0.750 0.718 0.000 -0.693 0.065 0.973 -0.000 0.034 -0.230 0.697 0.000 -0.676 -0.239 0.810 0.000 -0.538 -0.233 0.646 -0.000 -0.761 0.057 0.993 0.000 0.103 0.051 0.626 -0.000 -0.779 0.026 0.990 0.000 0.119 0.074 
-0.661 0.004 -0.032 -0.750 0.717 0.000 -0.694 0.064 0.973 0.000 0.035 -0.230 0.697 -0.000 -0.677 -0.237 0.810 0.000 -0.537 -0.234 0.646 -0.000 -0.761 0.057 0.993 0.000 0.102 0.051 0.626 0.000 -0.779 0.026 0.990 0.000 0.119 0.075 
-0.661 0.004 -0.032 -0.750 0.717 0.000 -0.694 0.064 0.973 0.000 0.035 -0.230 0.697 0.000 -0.678 -0.235 0.811 -0.000 -0.536 -0.235 0.646 0.000 -0.762 0.057 0.993 -0.000 0.103 0.051 0.626 0.000 -0.779 0.026 0.990 0.000 0.119 0.075 
-0.661 0.004 -0.032 -0.750 0.717 0.000 -0.694 0.064 0.972 0.000 0.035 -0.230 0.697 0.000 -0.678 -0.234 0.811 0.000 -0.535 -0.237 0.646 0.000 -0.761 0.057 0.993 0.000 0.103 0.051 0.626 0.000 -0.779 0.026 0.990 -0.000 0.119 0.075 
-0.661 0.004 -0.032 -0.750 0.717 0.000 -0.694 0.064 0.972 0.000 0.035 -0.230 0.697 0.000 -0.679 -0.231 0.811 0.000 -0.534 -0.238 0.646 0.000 -0.761 0.057 0.993 0.000 0.103 0.051 0.626 0.000 -0.779 0.026 0.990 0.000 0.119 0.075 
-0.661 0.004 -0.032 -0.750 0.717 0.000 -0.694 0.064 0.972 0.000 0.035 -0.230 0.697 0.000 -0.679 -0.229 0.811 0.000 -0.533 -0.240 0.646 0.000 -0.762 0.057 0.993 0.000 0.103 0.051 0.626 0.000 -0.779 0.026 0.990 0.000 0.119 0.075 
-0.661 0.004 -0.032 -0.750 0.717 0.000 -0.694 0.063 0.972 -0.000 0.035 -0.230 0.697 0.000 -0.680 -0.227 0.812 -0.000 -0.531 -0.242 0.646 0.000 -0.761 0.057 0.993 0.000 0.103 0.051 0.626 0.000 -0.779 0.026 0.990 0.000 0.119 0.075 
-0.661 0.004 -0.032 -0.750 0.717 0.000 -0.694 0.063 0.972 0.000 0.035 -0.231 0.697 0.000 -0.681 -0.224 0.812 0.000 -0.529 -0.245 0.646 0.000 -0.762 0.056 0.993 0.000 0.103 0.051 0.626 0.000 -0.779 0.026 0.990 -0.000 0.119 0.075 
-0.661 0.004 -0.032 -0.750 0.717 0.000 -0.694 0.063 0.972 0.000 0.035 -0.231 0.697 -0.000 -0.682 -0.222 0.813 -0.000 -0.528 -0.247 0.646 0.000 -0.761 0.057 0.993 0.000 0.103 0.051 0.626 0.000 -0.779 0.026 0.990 -0.000 0.118 0.075 
-0.661 0.004 -0.032 -0.750 0.717 0.000 -0.694 0.063 0.972 0.000 0.035 -0.231 0.697 0.000 -0.683 -0.219 0.813 -0.000 -0.525 -0.250 0.646 0.000 -0.761 0.057 0.993 -0.000 0.103 0.051 0.626 -0.000 -0.779 0.026 0.990 0.000 0.118 0.075 
-0.661 0.004 -0.032 -0.750 0.717 0.000 -0.694 0.063 0.972 0.000 0.036 -0.231 0.697 0.000 -0.684 -0.215 0.814 -0.000 -0.523 -0.253 0.646 -0.000 -0.761 0.057 0.993 0.000 0.103 0.051 0.626 0.000 -0.779 0.026 0.990 -0.000 0.119 0.074 
-0.661 0.004 -0.032 -0.750 0.717 0.000 -0.694 0.063 0.972 0.000 0.036 -0.231 0.696 0.000 -0.686 -0.212 0.814 0.000 -0.521 -0.256 0.646 0.000 -0.761 0.057 0.993 0.000 0.103 0.051 0.626 0.000 -0.779 0.026 0.990 0.000 0.118 0.075 
-0.661 0.004 -0.032 -0.750 0.717 -0.000 -0.694 0.063 0.972 0.000 0.036 -0.231 0.696 0.000 -0.687 -0.209 0.815 0.000 -0.518 -0.260 0.646 0.000 -0.761 0.057 0.993 0.000 0.103 0.051 0.626 0.000 -0.779 0.026 0.990 -0.000 0.118 0.074 
-0.661 0.004 -0.032 -0.749 0.717 0.000 -0.694 0.063 0.972 0.000 0.036 -0.231 0.696 0.000 -0.688 -0.205 0.815 0.000 -0.516 -0.264 0.646 -0.000 -0.761 0.057 0.993 -0.000 0.103 0.051 0.626 0.000 -0.779 0.026 0.990 0.000 0.118 0.074 
-0.661 0.004 -0.032 -0.749 0.717 0.000 -0.694 0.063 0.972 0.000 0.037 -0.231 0.696 -0.000 -0.689 -0.202 0.815 0.000 -0.513 -0.269 0.646 0.000 -0.761 0.057 0.993 0.000 0.103 0.051 0.626 0.000 -0.779 0.026 0.990 0.000 0.118 0.074 
-0.661 0.004 -0.032 -0.750 0.717 -0.000 -0.694 0.062 0.972 0.000 0.037 -0.231 0.696 -0.000 -0.690 -0.199 0.816 -0.000 -0.510 -0.273 0.646 -0.000 -0.761 0.056 0.993 -0.000 0.103 0.051 0.627 0.000 -0.779 0.026 0.990 0.000 0.118 0.075 
-0.661 0.004 -0.032 -0.750 0.717 0.000 -0.694 0.062 0.972 0.000 0.037 -0.231 0.696 0.000 -0.692 -0.195 0.816 0.000 -0.508 -0.278 0.646 0.000 -0.761 0.057 0.993 0.000 0.103 0.051 0.627 0.000 -0.779 0.026 0.990 0.000 0.117 0.075 
-0.661 0.004 -0.032 -0.749 0.717 0.000 -0.694 0.063 0.972 0.000 0.037 -0.231 0.695 0.000 -0.693 -0.191 0.816 0.000 -0.504 -0.283 0.646 0.000 -0.761 0.057 0.993 0.000 0.103 0.051 0.627 0.000 -0.779 0.027 0.990 0.000 0.117 0.075 
-0.662 0.004 -0.032 -0.749 0.717 0.000 -0.694 0.063 0.972 0.000 0.037 -0.231 0.696 0.000 -0.693 -0.187 0.816 0.000 -0.502 -0.288 0.646 0.000 -0.761 0.057 0.993 0.000 0.103 0.051 0.626 0.000 -0.779 0.028 0.990 0.000 0.118 0.074 
-0.661 0.004 -0.032 -0.749 0.716 0.000 -0.695 0.062 0.972 0.000 0.039 -0.231 0.695 0.000 -0.695 -0.184 0.816 0.000 -0.499 -0.293 0.646 0.000 -0.761 0.057 0.993 0.000 0.103 0.052 0.627 0.000 -0.779 0.027 0.990 -0.000 0.117 0.074 
-0.662 0.004 -0.033 -0.749 0.716 0.000 -0.695 0.062 0.972 -0.000 0.039 -0.231 0.696 0.000 -0.695 -0.181 0.816 0.000 -0.496 -0.298 0.646 0.000 -0.761 0.057 0.993 0.000 0.103 0.052 0.627 0.000 -0.779 0.028 0.990 0.000 0.117 0.073 
-0.661 0.005 -0.032 -0.749 0.717 0.000 -0.695 0.063 0.972 0.000 0.038 -0.231 0.696 -0.000 -0.696 -0.178 0.816 0.000 -0.493 -0.303 0.646 0.000 -0.761 0.057 0.993 -0.000 0.103 0.052 0.627 0.000 -0.779 0.028 0.990 0.000 0.117 0.074 
-0.662 0.005 -0.033 -0.749 0.717 -0.000 -0.695 0.063 0.972 0.000 0.037 -0.231 0.695 0.000 -0.697 -0.174 0.815 0.000 -0.489 -0.309 0.646 0.000 -0.761 0.057 0.993 0.000 0.103 0.052 0.627 0.000 -0.779 0.029 0.990 0.000 0.117 0.073 
-0.662 0.005 -0.033 -0.749 0.716 0.000 -0.695 0.063 0.972 0.000 0.039 -0.231 0.696 0.000 -0.698 -0.171 0.815 0.000 -0.486 -0.314 0.646 0.000 -0.761 0.057 0.993 0.000 0.103 0.052 0.627 -0.000 -0.779 0.029 0.990 -0.000 0.117 0.073 
-0.662 0.005 -0.033 -0.749 0.717 0.000 -0.695 0.064 0.972 0.000 0.036 -0.232 0.696 0.000 -0.698 -0.168 0.815 0.000 -0.483 -0.320 0.646 0.000 -0.761 0.057 0.993 -0.000 0.103 0.052 0.627 0.000 -0.779 0.029 0.991 0.000 0.116 0.073 
-0.662 0.005 -0.033 -0.749 0.716 0.000 -0.695 0.064 0.972 0.000 0.037 -0.232 0.695 0.000 -0.699 -0.165 0.815 0.000 -0.480 -0.324 0.646 0.000 -0.761 0.057 0.993 0.000 0.103 0.052 0.627 0.000 -0.779 0.030 0.990 0.000 0.117 0.073 
-0.662 0.005 -0.033 -0.749 0.716 0.000 -0.695 0.064 0.972 -0.000 0.038 -0.232 0.695 0.000 -0.700 -0.162 0.815 0.000 -0.476 -0.330 0.646 -0.000 -0.761 0.058 0.993 0.000 0.103 0.053 0.627 0.000 -0.778 0.030 0.991 0.000 0.117 0.072 
-0.662 0.005 -0.033 -0.748 0.716 0.000 -0.695 0.065 0.972 0.000 0.036 -0.231 0.696 0.000 -0.701 -0.159 0.815 0.000 -0.473 -0.336 0.646 0.000 -0.761 0.057 0.993 0.000 0.103 0.053 0.627 0.000 -0.779 0.030 0.991 0.000 0.117 0.072 
-0.662 0.006 -0.033 -0.748 0.716 0.000 -0.695 0.065 0.972 0.000 0.037 -0.232 0.696 0.000 -0.701 -0.156 0.815 0.000 -0.469 -0.342 0.646 -0.000 -0.761 0.058 0.993 0.000 0.103 0.052 0.627 -0.000 -0.778 0.031 0.991 0.000 0.117 0.072 
-0.663 0.006 -0.033 -0.748 0.716 0.000 -0.695 0.065 0.972 0.000 0.036 -0.231 0.696 0.000 -0.702 -0.154 0.814 0.000 -0.465 -0.348 0.646 0.000 -0.761 0.058 0.993 0.000 0.103 0.052 0.627 0.000 -0.778 0.031 0.991 0.000 0.117 0.072 
-0.663 0.006 -0.034 -0.748 0.716 0.000 -0.695 0.066 0.972 0.000 0.035 -0.232 0.696 0.000 -0.702 -0.151 0.814 0.000 -0.461 -0.354 0.646 0.000 -0.761 0.058 0.993 0.000 0.103 0.052 0.627 0.000 -0.778 0.031 0.991 0.000 0.117 0.072 
-0.663 0.006 -0.034 -0.748 0.716 0.000 -0.695 0.066 0.972 0.000 0.035 -0.232 0.696 0.000 -0.703 -0.148 0.813 0.000 -0.457 -0.359 0.646 0.000 -0.761 0.058 0.993 0.000 0.103 0.052 0.627 0.000 -0.778 0.031 0.991 0.000 0.117 0.072 
-0.663 0.006 -0.034 -0.748 0.716 -0.000 -0.695 0.067 0.972 0.000 0.035 -0.231 0.696 0.000 -0.703 -0.145 0.813 0.000 -0.454 -0.365 0.646 0.000 -0.761 0.058 0.993 0.000 0.104 0.052 0.627 -0.000 -0.778 0.031 0.991 0.000 0.117 0.073 
-0.663 0.006 -0.034 -0.748 0.716 0.000 -0.695 0.067 0.972 -0.000 0.034 -0.231 0.696 0.000 -0.703 -0.142 0.812 0.000 -0.450 -0.371 0.646 0.000 -0.761 0.058 0.993 0.000 0.103 0.052 0.627 0.000 -0.778 0.032 0.991 0.000 0.117 0.072 
-0.663 0.006 -0.034 -0.748 0.716 0.000 -0.695 0.067 0.972 0.000 0.034 -0.231 0.697 0.000 -0.704 -0.140 0.812 0.000 -0.446 -0.376 0.646 0.000 -0.761 0.058 0.993 0.000 0.103 0.052 0.627 0.000 -0.779 0.032 0.990 0.000 0.117 0.072 
-0.663 0.006 -0.034 -0.748 0.716 0.000 -0.695 0.067 0.972 0.000 0.034 -0.231 0.697 0.000 -0.704 -0.138 0.811 0.000 -0.442 -0.383 0.646 0.000 -0.761 0.058 0.993 0.000 0.103 0.052 0.627 0.000 -0.779 0.032 0.991 0.000 0.117 0.073 
-0.663 0.006 -0.034 -0.748 0.716 0.000 -0.695 0.067 0.972 -0.000 0.033 -0.231 0.697 -0.000 -0.704 -0.135 0.811 0.000 -0.437 -0.389 0.646 0.000 -0.761 0.059 0.993 0.000 0.103 0.052 0.627 0.000 -0.779 0.032 0.991 0.000 0.117 0.072 
-0.663 0.006 -0.034 -0.748 0.716 0.000 -0.695 0.068 0.973 0.000 0.033 -0.230 0.698 0.000 -0.704 -0.133 0.811 -0.000 -0.433 -0.395 0.646 0.000 -0.761 0.059 0.993 0.000 0.104 0.052 0.627 0.000 -0.778 0.032 0.991 -0.000 0.117 0.073 
-0.663 0.007 -0.034 -0.748 0.716 0.000 -0.695 0.068 0.973 0.000 0.033 -0.230 0.699 0.000 -0.704 -0.130 0.810 0.000 -0.429 -0.400 0.646 0.000 -0.761 0.059 0.993 0.000 0.103 0.052 0.627 0.000 -0.778 0.032 0.991 0.000 0.117 0.073 
-0.663 0.007 -0.034 -0.748 0.716 0.000 -0.695 0.068 0.973 0.000 0.033 -0.230 0.699 0.000 -0.703 -0.128 0.809 0.000 -0.425 -0.406 0.646 0.000 -0.761 0.059 0.993 0.000 0.104 0.052 0.627 -0.000 -0.778 0.032 0.991 0.000 0.117 0.073 
-0.663 0.007 -0.035 -0.747 0.716 -0.000 -0.695 0.069 0.973 0.000 0.033 -0.230 0.700 0.000 -0.703 -0.126 0.809 0.000 -0.421 -0.411 0.646 0.000 -0.761 0.059 0.993 0.000 0.104 0.052 0.627 0.000 -0.778 0.033 0.991 0.000 0.117 0.073 
-0.663 0.007 -0.035 -0.747 0.716 0.000 -0.695 0.069 0.973 0.000 0.032 -0.230 0.700 0.000 -0.703 -0.123 0.808 0.000 -0.417 -0.416 0.646 0.000 -0.761 0.060 0.993 0.000 0.104 0.052 0.627 0.000 -0.779 0.033 0.991 0.000 0.117 0.073 
-0.664 0.007 -0.035 -0.747 0.716 0.000 -0.695 0.069 0.973 0.000 0.032 -0.230 0.700 0.000 -0.703 -0.120 0.807 0.000 -0.412 -0.423 0.646 0.000 -0.761 0.060 0.993 -0.000 0.104 0.052 0.627 0.000 -0.779 0.033 0.991 0.000 0.117 0.073 
-0.663 0.007 -0.035 -0.747 0.716 0.000 -0.695 0.070 0.973 0.000 0.032 -0.230 0.701 0.000 -0.703 -0.119 0.807 0.000 -0.407 -0.428 0.646 0.000 -0.761 0.060 0.993 0.000 0.104 0.052 0.627 0.000 -0.779 0.033 0.991 0.000 0.116 0.073 
-0.663 0.007 -0.035 -0.747 0.715 0.000 -0.695 0.069 0.973 -0.000 0.033 -0.229 0.702 0.000 -0.703 -0.116 0.806 0.000 -0.404 -0.432 0.646 0.000 -0.761 0.060 0.993 0.000 0.104 0.052 0.627 0.000 -0.779 0.033 0.991 0.000 0.117 0.072 
-0.663 0.007 -0.035 -0.747 0.716 0.000 -0.695 0.070 0.973 0.000 0.032 -0.230 0.702 -0.000 -0.703 -0.114 0.805 0.000 -0.399 -0.439 0.646 0.000 -0.761 0.061 0.993 0.000 0.104 0.052 0.627 -0.000 -0.779 0.034 0.991 0.000 0.117 0.072 
-0.663 0.007 -0.035 -0.747 0.716 0.000 -0.695 0.070 0.973 0.000 0.032 -0.230 0.703 0.000 -0.703 -0.111 0.804 0.000 -0.395 -0.444 0.646 0.000 -0.761 0.061 0.993 0.000 0.104 0.052 0.627 -0.000 -0.779 0.034 0.991 0.000 0.117 0.072 
-0.663 0.008 -0.035 -0.748 0.716 -0.000 -0.695 0.070 0.973 0.000 0.032 -0.230 0.703 0.000 -0.703 -0.108 0.804 0.000 -0.391 -0.449 0.646 0.000 -0.761 0.061 0.993 0.000 0.104 0.052 0.627 0.000 -0.779 0.034 0.990 0.000 0.117 0.073 
-0.663 0.008 -0.036 -0.747 0.716 0.000 -0.695 0.070 0.973 0.000 0.032 -0.229 0.704 0.000 -0.703 -0.106 0.803 0.000 -0.386 -0.454 0.646 0.000 -0.761 0.061 0.993 0.000 0.104 0.052 0.627 0.000 -0.779 0.034 0.990 -0.000 0.117 0.073 
-0.663 0.008 -0.036 -0.747 0.716 0.000 -0.695 0.072 0.973 0.000 0.032 -0.230 0.705 0.000 -0.701 -0.103 0.802 0.000 -0.380 -0.461 0.646 0.000 -0.761 0.062 0.993 0.000 0.104 0.052 0.627 0.000 -0.778 0.035 0.991 0.000 0.117 0.072 
-0.663 0.008 -0.036 -0.747 0.716 0.000 -0.695 0.072 0.973 0.000 0.032 -0.230 0.706 0.000 -0.701 -0.102 0.801 0.000 -0.375 -0.467 0.646 0.000 -0.761 0.062 0.993 0.000 0.104 0.052 0.627 0.000 -0.779 0.035 0.990 0.000 0.117 0.072 
-0.663 0.008 -0.036 -0.748 0.715 -0.000 -0.695 0.072 0.973 0.000 0.033 -0.230 0.706 0.000 -0.701 -0.099 0.800 0.000 -0.371 -0.471 0.646 0.000 -0.761 0.062 0.993 -0.000 0.104 0.052 0.627 0.000 -0.778 0.035 0.990 0.000 0.117 0.073 
-0.663 0.008 -0.037 -0.748 0.715 0.000 -0.695 0.072 0.973 0.000 0.033 -0.230 0.706 0.000 -0.701 -0.096 0.799 0.000 -0.364 -0.477 0.646 0.000 -0.761 0.062 0.993 0.000 0.104 0.052 0.627 0.000 -0.778 0.035 0.991 0.000 0.116 0.073 
-0.663 0.009 -0.037 -0.748 0.715 0.000 -0.695 0.073 0.973 0.000 0.033 -0.230 0.707 0.000 -0.701 -0.093 0.799 0.000 -0.359 -0.483 0.646 0.000 -0.761 0.063 0.993 0.000 0.104 0.052 0.627 0.000 -0.779 0.036 0.990 0.000 0.117 0.072 
-0.663 0.009 -0.037 -0.748 0.716 0.000 -0.694 0.072 0.973 0.000 0.032 -0.229 0.707 0.000 -0.702 -0.090 0.798 0.000 -0.353 -0.489 0.646 -0.000 -0.761 0.063 0.993 0.000 0.104 0.052 0.627 0.000 -0.778 0.036 0.991 0.000 0.117 0.072 
-0.663 0.009 -0.037 -0.748 0.716 0.000 -0.694 0.072 0.973 0.000 0.031 -0.229 0.706 0.000 -0.703 -0.086 0.797 0.000 -0.346 -0.495 0.646 -0.000 -0.761 0.063 0.993 -0.000 0.104 0.052 0.627 -0.000 -0.778 0.036 0.990 0.000 0.117 0.073 
-0.663 0.009 -0.038 -0.748 0.717 0.000 -0.694 0.073 0.973 0.000 0.031 -0.229 0.706 0.000 -0.703 -0.083 0.796 -0.000 -0.338 -0.502 0.646 0.000 -0.760 0.064 0.993 0.000 0.104 0.052 0.627 -0.000 -0.778 0.038 0.990 -0.000 0.117 0.072 
-0.663 0.010 -0.038 -0.747 0.717 0.000 -0.694 0.073 0.973 0.000 0.031 -0.229 0.706 0.000 -0.704 -0.081 0.796 -0.000 -0.331 -0.507 0.646 0.000 -0.760 0.065 0.993 0.000 0.104 0.052 0.627 0.000 -0.778 0.039 0.991 0.000 0.117 0.072 
-0.663 0.010 -0.038 -0.747 0.717 0.000 -0.693 0.073 0.973 0.000 0.031 -0.229 0.706 0.000 -0.704 -0.077 0.794 0.000 -0.325 -0.513 0.646 0.000 -0.760 0.065 0.993 0.000 0.104 0.052 0.627 -0.000 -0.778 0.039 0.991 0.000 0.117 0.072 
-0.663 0.010 -0.038 -0.747 0.717 0.000 -0.693 0.074 0.973 0.000 0.031 -0.229 0.706 0.000 -0.704 -0.074 0.793 0.000 -0.319 -0.519 0.646 0.000 -0.760 0.066 0.993 0.000 0.104 0.052 0.627 0.000 -0.778 0.039 0.991 0.000 0.117 0.072 
-0.663 0.010 -0.039 -0.747 0.717 0.000 -0.693 0.074 0.973 0.000 0.031 -0.229 0.707 0.000 -0.704 -0.072 0.792 0.000 -0.311 -0.525 0.646 0.000 -0.760 0.067 0.993 0.000 0.104 0.052 0.627 -0.000 -0.778 0.040 0.991 0.000 0.117 0.072 
-0.663 0.011 -0.039 -0.747 0.717 0.000 -0.693 0.075 0.973 0.000 0.031 -0.229 0.708 0.000 -0.703 -0.069 0.790 0.000 -0.306 -0.531 0.646 0.000 -0.760 0.067 0.993 0.000 0.104 0.052 0.627 -0.000 -0.778 0.041 0.991 0.000 0.117 0.071 
-0.664 0.011 -0.039 -0.747 0.717 0.000 -0.693 0.075 0.973 0.000 0.031 -0.229 0.708 0.000 -0.703 -0.065 0.789 0.000 -0.299 -0.537 0.646 0.000 -0.760 0.068 0.993 0.000 0.104 0.052 0.627 0.000 -0.778 0.042 0.991 -0.000 0.117 0.071 
-0.663 0.011 -0.039 -0.747 0.717 0.000 -0.693 0.075 0.973 0.000 0.031 -0.229 0.708 0.000 -0.703 -0.062 0.787 0.000 -0.292 -0.543 0.646 0.000 -0.760 0.068 0.993 0.000 0.104 0.052 0.627 0.000 -0.778 0.042 0.991 -0.000 0.117 0.071 
-0.664 0.012 -0.040 -0.747 0.718 0.000 -0.692 0.076 0.973 0.000 0.031 -0.229 0.708 0.000 -0.704 -0.058 0.786 -0.000 -0.284 -0.549 0.646 -0.000 -0.760 0.069 0.993 0.000 0.104 0.051 0.627 0.000 -0.778 0.043 0.991 -0.000 0.117 0.071 
-0.664 0.012 -0.040 -0.747 0.718 0.000 -0.692 0.076 0.973 0.000 0.030 -0.230 0.708 0.000 -0.704 -0.055 0.785 -0.000 -0.276 -0.555 0.646 0.000 -0.760 0.070 0.993 0.000 0.104 0.051 0.627 0.000 -0.778 0.044 0.991 0.000 0.117 0.071 
-0.664 0.012 -0.040 -0.747 0.718 0.000 -0.692 0.076 0.973 0.000 0.031 -0.230 0.709 -0.000 -0.704 -0.051 0.783 -0.000 -0.269 -0.561 0.646 0.000 -0.760 0.070 0.993 -0.000 0.104 0.051 0.627 0.000 -0.778 0.044 0.991 0.000 0.117 0.071 
-0.664 0.012 -0.041 -0.746 0.718 0.000 -0.692 0.077 0.973 0.000 0.030 -0.230 0.709 0.000 -0.704 -0.047 0.782 0.000 -0.261 -0.567 0.646 0.000 -0.760 0.070 0.993 -0.000 0.104 0.051 0.627 0.000 -0.778 0.045 0.991 0.000 0.117 0.070 
-0.664 0.012 -0.041 -0.746 0.718 -0.000 -0.692 0.077 0.973 -0.000 0.030 -0.230 0.709 -0.000 -0.704 -0.044 0.780 -0.000 -0.252 -0.573 0.646 0.000 -0.760 0.071 0.993 0.000 0.104 0.051 0.627 0.000 -0.778 0.045 0.991 0.000 0.118 0.070 
-0.664 0.012 -0.041 -0.746 0.718 0.000 -0.692 0.077 0.973 0.000 0.030 -0.230 0.709 -0.000 -0.704 -0.040 0.778 0.000 -0.244 -0.579 0.646 -0.000 -0.760 0.071 0.993 0.000 0.104 0.051 0.627 0.000 -0.778 0.045 0.991 -0.000 0.117 0.071 
-0.665 0.013 -0.041 -0.746 0.718 0.000 -0.691 0.077 0.973 0.000 0.030 -0.230 0.708 0.000 -0.705 -0.035 0.776 0.000 -0.232 -0.586 0.646 0.000 -0.760 0.071 0.993 0.000 0.104 0.051 0.627 0.000 -0.778 0.046 0.991 0.000 0.118 0.070 
-0.665 0.013 -0.041 -0.746 0.718 -0.000 -0.692 0.077 0.973 0.000 0.031 -0.229 0.708 0.000 -0.706 -0.031 0.774 0.000 -0.223 -0.592 0.647 0.000 -0.760 0.071 0.993 0.000 0.104 0.051 0.627 0.000 -0.778 0.046 0.991 0.000 0.117 0.071 
-0.665 0.013 -0.041 -0.746 0.719 0.000 -0.691 0.077 0.973 0.000 0.030 -0.229 0.707 0.000 -0.706 -0.027 0.773 0.000 -0.218 -0.596 0.646 0.000 -0.760 0.071 0.993 0.000 0.104 0.051 0.627 -0.000 -0.778 0.046 0.991 0.000 0.117 0.071 
-0.665 0.013 -0.041 -0.746 0.719 0.000 -0.691 0.077 0.973 0.000 0.030 -0.229 0.707 0.000 -0.707 -0.022 0.771 -0.000 -0.209 -0.602 0.646 0.000 -0.760 0.071 0.993 0.000 0.105 0.051 0.627 0.000 -0.778 0.046 0.991 0.000 0.117 0.070 
-0.665 0.013 -0.041 -0.745 0.719 -0.000 -0.691 0.076 0.973 0.000 0.030 -0.229 0.706 -0.000 -0.708 -0.018 0.769 -0.000 -0.199 -0.608 0.646 0.000 -0.760 0.071 0.993 0.000 0.104 0.051 0.627 0.000 -0.778 0.046 0.991 0.000 0.118 0.071 
-0.665 0.013 -0.041 -0.745 0.719 0.000 -0.691 0.077 0.973 0.000 0.030 -0.230 0.706 -0.000 -0.708 -0.014 0.767 0.000 -0.188 -0.614 0.646 0.000 -0.760 0.071 0.993 0.000 0.104 0.051 0.627 0.000 -0.778 0.046 0.991 0.000 0.117 0.071 
-0.665 0.013 -0.041 -0.745 0.719 -0.000 -0.691 0.076 0.973 0.000 0.030 -0.229 0.705 -0.000 -0.709 -0.010 0.765 0.000 -0.179 -0.619 0.646 0.000 -0.760 0.071 0.993 0.000 0.104 0.051 0.627 0.000 -0.778 0.046 0.991 0.000 0.117 0.071 
-0.665 0.013 -0.041 -0.745 0.719 0.000 -0.691 0.076 0.973 0.000 0.031 -0.229 0.704 0.000 -0.710 -0.005 0.762 0.000 -0.168 -0.625 0.646 0.000 -0.760 0.071 0.993 0.000 0.104 0.051 0.627 0.000 -0.778 0.046 0.991 0.000 0.117 0.071 
-0.665 0.013 -0.041 -0.746 0.719 0.000 -0.691 0.075 0.973 0.000 0.031 -0.229 0.704 0.000 -0.710 -0.002 0.761 0.000 -0.158 -0.629 0.646 -0.000 -0.760 0.071 0.993 -0.000 0.104 0.051 0.627 0.000 -0.778 0.045 0.991 0.000 0.117 0.071 
-0.665 0.013 -0.041 -0.746 0.719 0.000 -0.691 0.075 0.973 0.000 0.032 -0.229 0.703 0.000 -0.711 0.002 0.759 0.000 -0.147 -0.635 0.646 0.000 -0.760 0.071 0.993 0.000 0.104 0.051 0.627 0.000 -0.778 0.045 0.991 0.000 0.118 0.071 
-0.665 0.013 -0.042 -0.746 0.719 0.000 -0.691 0.074 0.973 0.000 0.032 -0.229 0.703 0.000 -0.712 0.005 0.756 0.000 -0.134 -0.640 0.646 0.000 -0.760 0.071 0.993 0.000 0.104 0.051 0.627 0.000 -0.778 0.045 0.991 0.000 0.117 0.071 
-0.665 0.013 -0.042 -0.746 0.719 0.000 -0.691 0.074 0.973 0.000 0.033 -0.230 0.702 0.000 -0.712 0.009 0.754 0.000 -0.124 -0.645 0.646 -0.000 -0.760 0.071 0.993 -0.000 0.104 0.051 0.627 -0.000 -0.778 0.046 0.991 0.000 0.117 0.071 
-0.665 0.013 -0.042 -0.746 0.719 0.000 -0.691 0.074 0.973 -0.000 0.033 -0.230 0.702 0.000 -0.712 0.012 0.752 0.000 -0.111 -0.650 0.646 0.000 -0.760 0.071 0.993 0.000 0.104 0.051 0.627 0.000 -0.778 0.046 0.991 0.000 0.117 0.072 
-0.665 0.013 -0.042 -0.746 0.719 -0.000 -0.691 0.074 0.973 -0.000 0.034 -0.230 0.701 0.000 -0.713 0.015 0.749 0.000 -0.099 -0.655 0.646 0.000 -0.760 0.071 0.993 0.000 0.104 0.052 0.627 0.000 -0.778 0.045 0.991 0.000 0.117 0.072 
-0.665 0.013 -0.042 -0.746 0.719 -0.000 -0.691 0.074 0.973 0.000 0.034 -0.230 0.700 0.000 -0.713 0.018 0.747 0.000 -0.086 -0.659 0.647 -0.000 -0.760 0.071 0.993 0.000 0.104 0.051 0.627 -0.000 -0.778 0.046 0.991 0.000 0.116 0.072 
-0.665 0.013 -0.042 -0.746 0.719 0.000 -0.691 0.073 0.972 0.000 0.034 -0.230 0.700 0.000 -0.714 0.021 0.743 0.000 -0.069 -0.665 0.647 0.000 -0.760 0.071 0.993 0.000 0.104 0.051 0.627 0.000 -0.778 0.046 0.991 0.000 0.117 0.071 
-0.665 0.013 -0.042 -0.746 0.719 0.000 -0.691 0.073 0.973 -0.000 0.035 -0.230 0.700 -0.000 -0.714 0.024 0.741 0.000 -0.057 -0.669 0.647 0.000 -0.760 0.071 0.993 0.000 0.104 0.051 0.627 0.000 -0.778 0.046 0.991 0.000 0.117 0.071 
-0.665 0.013 -0.042 -0.746 0.720 -0.000 -0.691 0.073 0.972 0.000 0.035 -0.230 0.700 0.000 -0.714 0.026 0.740 0.000 -0.052 -0.671 0.647 0.000 -0.760 0.071 0.993 -0.000 0.104 0.051 0.627 0.000 -0.778 0.046 0.991 -0.000 0.117 0.071 
-0.665 0.013 -0.042 -0.746 0.720 0.000 -0.691 0.072 0.972 0.000 0.036 -0.230 0.700 -0.000 -0.714 0.028 0.737 0.000 -0.039 -0.674 0.647 0.000 -0.760 0.071 0.993 0.000 0.104 0.051 0.627 0.000 -0.778 0.046 0.991 0.000 0.117 0.071 
-0.664 0.013 -0.042 -0.747 0.719 0.000 -0.691 0.073 0.972 -0.000 0.038 -0.230 0.700 0.000 -0.714 0.031 0.735 -0.000 -0.028 -0.677 0.647 -0.000 -0.759 0.073 0.993 0.000 0.103 0.050 0.627 -0.000 -0.778 0.047 0.991 0.000 0.118 0.070 
-0.664 0.013 -0.042 -0.746 0.719 0.000 -0.691 0.073 0.972 0.000 0.038 -0.231 0.700 0.000 -0.714 0.032 0.733 0.000 -0.015 -0.680 0.647 0.000 -0.759 0.073 0.993 0.000 0.103 0.050 0.627 0.000 -0.778 0.047 0.991 0.000 0.118 0.070 
-0.664 0.014 -0.042 -0.746 0.720 -0.000 -0.691 0.073 0.972 0.000 0.037 -0.231 0.699 0.000 -0.714 0.034 0.730 0.000 -0.001 -0.683 0.647 0.000 -0.759 0.073 0.993 0.000 0.103 0.050 0.627 0.000 -0.778 0.048 0.990 0.000 0.118 0.070 
-0.664 0.013 -0.042 -0.747 0.720 -0.000 -0.690 0.073 0.972 0.000 0.037 -0.231 0.699 -0.000 -0.714 0.035 0.728 0.000 0.011 -0.685 0.647 -0.000 -0.759 0.073 0.993 0.000 0.103 0.050 0.627 0.000 -0.777 0.047 0.991 -0.000 0.117 0.070 
-0.664 0.014 -0.042 -0.746 0.720 0.000 -0.691 0.073 0.972 0.000 0.037 -0.231 0.699 0.000 -0.714 0.036 0.726 0.000 0.024 -0.687 0.647 0.000 -0.759 0.073 0.993 0.000 0.103 0.050 0.627 0.000 -0.777 0.047 0.991 0.000 0.117 0.070 
-0.664 0.014 -0.042 -0.746 0.720 0.000 -0.690 0.073 0.972 0.000 0.037 -0.231 0.700 0.000 -0.714 0.036 0.724 0.000 0.037 -0.688 0.647 0.000 -0.759 0.073 0.993 0.000 0.103 0.050 0.627 0.000 -0.777 0.047 0.991 -0.000 0.117 0.071 
-0.664 0.014 -0.042 -0.746 0.720 0.000 -0.690 0.073 0.972 0.000 0.037 -0.231 0.700 0.000 -0.713 0.037 0.722 0.000 0.055 -0.690 0.647 0.000 -0.759 0.073 0.993 0.000 0.103 0.050 0.627 0.000 -0.777 0.047 0.991 0.000 0.117 0.070 
-0.664 0.014 -0.043 -0.746 0.720 0.000 -0.690 0.073 0.972 0.000 0.038 -0.231 0.700 0.000 -0.713 0.037 0.720 0.000 0.069 -0.690 0.647 0.000 -0.759 0.073 0.993 0.000 0.103 0.050 0.627 0.000 -0.777 0.048 0.991 0.000 0.118 0.070 
-0.664 0.014 -0.043 -0.746 0.720 0.000 -0.690 0.073 0.972 0.000 0.038 -0.230 0.701 0.000 -0.713 0.037 0.718 0.000 0.083 -0.691 0.647 -0.000 -0.759 0.074 0.993 0.000 0.103 0.050 0.627 0.000 -0.777 0.047 0.991 0.000 0.118 0.070 
-0.664 0.014 -0.043 -0.746 0.720 -0.000 -0.690 0.073 0.973 0.000 0.038 -0.230 0.701 0.000 -0.712 0.037 0.716 0.000 0.098 -0.691 0.647 0.000 -0.759 0.073 0.993 0.000 0.103 0.050 0.627 0.000 -0.777 0.047 0.991 0.000 0.117 0.071 
-0.664 0.014 -0.043 -0.746 0.720 0.000 -0.690 0.073 0.973 0.000 0.038 -0.230 0.701 0.000 -0.712 0.037 0.714 0.000 0.108 -0.692 0.647 -0.000 -0.759 0.074 0.993 0.000 0.103 0.050 0.627 0.000 -0.777 0.048 0.991 0.000 0.118 0.070 
-0.665 0.014 -0.043 -0.746 0.720 -0.000 -0.690 0.073 0.973 0.000 0.037 -0.230 0.701 0.000 -0.712 0.038 0.712 0.000 0.122 -0.692 0.647 0.000 -0.759 0.074 0.993 -0.000 0.103 0.050 0.627 0.000 -0.777 0.049 0.991 0.000 0.118 0.069 
-0.665 0.014 -0.043 -0.746 0.720 0.000 -0.690 0.073 0.973 0.000 0.037 -0.230 0.701 0.000 -0.712 0.038 0.709 0.000 0.136 -0.692 0.647 0.000 -0.759 0.074 0.993 0.000 0.103 0.049 0.627 0.000 -0.778 0.048 0.991 0.000 0.117 0.070 
-0.665 0.014 -0.043 -0.746 0.721 0.000 -0.689 0.073 0.973 0.000 0.037 -0.229 0.701 -0.000 -0.712 0.037 0.707 0.000 0.151 -0.691 0.647 0.000 -0.759 0.074 0.993 0.000 0.103 0.050 0.627 0.000 -0.778 0.048 0.991 0.000 0.118 0.070 
-0.665 0.014 -0.043 -0.745 0.720 0.000 -0.690 0.073 0.973 0.000 0.038 -0.228 0.701 0.000 -0.712 0.037 0.705 -0.000 0.165 -0.689 0.647 -0.000 -0.759 0.074 0.993 0.000 0.103 0.050 0.627 0.000 -0.777 0.049 0.991 0.000 0.118 0.069 
-0.665 0.014 -0.043 -0.745 0.721 0.000 -0.689 0.073 0.973 0.000 0.038 -0.228 0.701 0.000 -0.712 0.037 0.703 0.000 0.180 -0.688 0.647 0.000 -0.759 0.074 0.993 0.000 0.103 0.050 0.627 0.000 -0.777 0.049 0.991 -0.000 0.118 0.070 
-0.665 0.014 -0.043 -0.745 0.721 0.000 -0.689 0.074 0.973 0.000 0.037 -0.228 0.701 0.000 -0.712 0.037 0.700 0.000 0.194 -0.687 0.647 0.000 -0.759 0.074 0.993 0.000 0.103 0.050 0.627 -0.000 -0.778 0.049 0.991 -0.000 0.118 0.070 
-0.665 0.014 -0.044 -0.745 0.721 0.000 -0.689 0.074 0.973 0.000 0.036 -0.228 0.701 -0.000 -0.712 0.037 0.699 0.000 0.209 -0.684 0.647 0.000 -0.759 0.074 0.993 0.000 0.104 0.050 0.627 0.000 -0.777 0.049 0.991 0.000 0.118 0.070 
-0.666 0.014 -0.044 -0.745 0.722 0.000 -0.688 0.074 0.973 0.000 0.036 -0.228 0.701 0.000 -0.712 0.036 0.697 0.000 0.227 -0.680 0.647 0.000 -0.759 0.074 0.993 -0.000 0.104 0.050 0.627 -0.000 -0.777 0.049 0.991 0.000 0.118 0.070 
-0.666 0.015 -0.043 -0.745 0.722 0.000 -0.688 0.075 0.973 0.000 0.035 -0.228 0.702 0.000 -0.712 0.036 0.695 0.000 0.242 -0.677 0.646 0.000 -0.759 0.074 0.993 0.000 0.104 0.050 0.627 0.000 -0.777 0.050 0.991 0.000 0.118 0.069 
-0.666 0.015 -0.044 -0.745 0.722 0.000 -0.688 0.075 0.973 0.000 0.035 -0.228 0.701 0.000 -0.712 0.035 0.693 -0.000 0.255 -0.674 0.646 -0.000 -0.759 0.074 0.993 0.000 0.104 0.050 0.627 0.000 -0.777 0.050 0.991 0.000 0.118 0.070 
-0.666 0.015 -0.044 -0.744 0.722 0.000 -0.688 0.075 0.973 0.000 0.036 -0.227 0.701 0.000 -0.712 0.035 0.691 0.000 0.269 -0.671 0.646 0.000 -0.760 0.074 0.993 0.000 0.104 0.050 0.627 0.000 -0.777 0.050 0.991 0.000 0.118 0.070 
-0.666 0.015 -0.044 -0.744 0.722 0.000 -0.688 0.075 0.973 -0.000 0.036 -0.227 0.701 0.000 -0.712 0.035 0.689 -0.000 0.282 -0.667 0.646 0.000 -0.760 0.074 0.993 0.000 0.104 0.050 0.627 0.000 -0.777 0.050 0.991 0.000 0.118 0.070 
-0.667 0.015 -0.044 -0.744 0.722 0.000 -0.688 0.075 0.973 0.000 0.035 -0.228 0.701 0.000 -0.712 0.035 0.687 0.000 0.295 -0.664 0.646 0.000 -0.760 0.074 0.993 0.000 0.104 0.050 0.627 0.000 -0.777 0.050 0.991 0.000 0.118 0.070 
-0.667 0.015 -0.044 -0.744 0.722 0.000 -0.688 0.076 0.973 -0.000 0.035 -0.228 0.701 -0.000 -0.712 0.035 0.685 0.000 0.308 -0.660 0.646 0.000 -0.760 0.074 0.993 0.000 0.104 0.050 0.627 0.000 -0.777 0.050 0.991 0.000 0.118 0.070 
-0.667 0.015 -0.044 -0.743 0.722 0.000 -0.687 0.076 0.973 -0.000 0.035 -0.228 0.701 0.000 -0.713 0.034 0.684 0.000 0.320 -0.656 0.646 -0.000 -0.760 0.074 0.993 0.000 0.104 0.050 0.627 0.000 -0.777 0.051 0.991 0.000 0.118 0.070 
-0.667 0.016 -0.044 -0.743 0.722 0.000 -0.687 0.076 0.973 -0.000 0.035 -0.228 0.701 0.000 -0.713 0.034 0.682 -0.000 0.332 -0.651 0.646 0.000 -0.760 0.074 0.993 0.000 0.104 0.050 0.627 0.000 -0.777 0.051 0.991 0.000 0.118 0.070 
-0.668 0.016 -0.044 -0.743 0.722 0.000 -0.688 0.076 0.973 0.000 0.037 -0.228 0.700 0.000 -0.713 0.034 0.680 0.000 0.344 -0.648 0.646 0.000 -0.760 0.074 0.993 0.000 0.104 0.050 0.627 0.000 -0.777 0.051 0.991 0.000 0.118 0.070 
-0.668 0.016 -0.044 -0.743 0.723 0.000 -0.687 0.077 0.973 0.000 0.035 -0.228 0.700 0.000 -0.713 0.034 0.678 0.000 0.354 -0.644 0.646 -0.000 -0.760 0.074 0.993 0.000 0.104 0.050 0.627 0.000 -0.777 0.051 0.991 0.000 0.118 0.070 
-0.668 0.016 -0.044 -0.743 0.722 0.000 -0.687 0.077 0.973 0.000 0.037 -0.227 0.700 0.000 -0.713 0.035 0.677 0.000 0.366 -0.639 0.646 -0.000 -0.760 0.075 0.993 0.000 0.104 0.050 0.628 0.000 -0.777 0.051 0.991 -0.000 0.118 0.070 
-0.668 0.016 -0.044 -0.742 0.723 0.000 -0.687 0.077 0.973 0.000 0.035 -0.228 0.700 0.000 -0.714 0.035 0.676 0.000 0.376 -0.634 0.646 0.000 -0.760 0.075 0.993 0.000 0.104 0.050 0.628 0.000 -0.777 0.052 0.991 0.000 0.118 0.069 
-0.668 0.016 -0.044 -0.742 0.723 0.000 -0.686 0.078 0.973 0.000 0.035 -0.228 0.699 0.000 -0.714 0.036 0.675 0.000 0.384 -0.630 0.646 0.000 -0.760 0.075 0.993 0.000 0.105 0.050 0.628 0.000 -0.777 0.052 0.991 0.000 0.118 0.070 
-0.669 0.016 -0.044 -0.742 0.723 0.000 -0.686 0.078 0.973 0.000 0.035 -0.228 0.699 0.000 -0.714 0.036 0.674 0.000 0.394 -0.625 0.646 0.000 -0.760 0.075 0.993 0.000 0.105 0.050 0.628 0.000 -0.777 0.052 0.991 0.000 0.118 0.069 
-0.669 0.016 -0.044 -0.742 0.724 0.000 -0.686 0.079 0.973 0.000 0.034 -0.228 0.699 0.000 -0.714 0.036 0.673 0.000 0.403 -0.620 0.646 0.000 -0.760 0.075 0.993 0.000 0.104 0.050 0.628 -0.000 -0.777 0.052 0.991 0.000 0.118 0.069 
-0.669 0.016 -0.044 -0.742 0.724 0.000 -0.685 0.080 0.973 0.000 0.033 -0.229 0.699 0.000 -0.714 0.036 0.673 0.000 0.412 -0.615 0.646 0.000 -0.760 0.075 0.993 -0.000 0.105 0.050 0.628 0.000 -0.777 0.053 0.991 0.000 0.118 0.069 
-0.669 0.016 -0.044 -0.741 0.724 0.000 -0.685 0.080 0.973 0.000 0.034 -0.228 0.699 -0.000 -0.714 0.036 0.672 0.000 0.421 -0.610 0.646 0.000 -0.760 0.075 0.993 0.000 0.104 0.050 0.628 0.000 -0.777 0.053 0.991 0.000 0.118 0.069 
-0.670 0.016 -0.045 -0.741 0.724 0.000 -0.685 0.081 0.973 -0.000 0.033 -0.229 0.699 0.000 -0.714 0.036 0.672 -0.000 0.430 -0.603 0.646 0.000 -0.760 0.076 0.993 0.000 0.105 0.050 0.628 0.000 -0.777 0.054 0.991 -0.000 0.118 0.069 
-0.670 0.017 -0.045 -0.741 0.724 0.000 -0.685 0.082 0.973 0.000 0.033 -0.229 0.699 0.000 -0.714 0.036 0.672 0.000 0.438 -0.597 0.646 0.000 -0.760 0.076 0.993 0.000 0.105 0.050 0.628 0.000 -0.776 0.055 0.991 0.000 0.118 0.068 
-0.670 0.017 -0.045 -0.740 0.724 0.000 -0.685 0.082 0.973 0.000 0.033 -0.229 0.699 0.000 -0.714 0.036 0.671 -0.000 0.447 -0.591 0.646 0.000 -0.760 0.077 0.993 -0.000 0.104 0.049 0.628 0.000 -0.776 0.055 0.991 0.000 0.118 0.068 
-0.671 0.017 -0.045 -0.740 0.724 0.000 -0.685 0.083 0.973 -0.000 0.032 -0.230 0.699 0.000 -0.714 0.035 0.672 0.000 0.456 -0.584 0.646 0.000 -0.760 0.077 0.993 0.000 0.104 0.049 0.628 0.000 -0.776 0.056 0.991 0.000 0.118 0.068 
-0.671 0.017 -0.045 -0.740 0.724 0.000 -0.685 0.084 0.973 0.000 0.032 -0.230 0.699 0.000 -0.714 0.035 0.671 0.000 0.464 -0.578 0.646 0.000 -0.760 0.077 0.993 0.000 0.105 0.049 0.628 0.000 -0.776 0.056 0.991 0.000 0.118 0.068 
-0.671 0.018 -0.046 -0.740 0.724 0.000 -0.684 0.084 0.973 -0.000 0.032 -0.230 0.699 0.000 -0.714 0.035 0.671 0.000 0.472 -0.572 0.646 -0.000 -0.760 0.078 0.993 0.000 0.104 0.049 0.628 -0.000 -0.776 0.057 0.991 0.000 0.118 0.068 
-0.672 0.018 -0.046 -0.739 0.724 0.000 -0.684 0.085 0.973 0.000 0.032 -0.230 0.699 -0.000 -0.714 0.035 0.670 0.000 0.480 -0.566 0.646 0.000 -0.760 0.078 0.993 0.000 0.105 0.049 0.628 -0.000 -0.776 0.057 0.991 0.000 0.118 0.068 
-0.672 0.018 -0.046 -0.739 0.724 0.000 -0.684 0.085 0.973 0.000 0.032 -0.230 0.699 0.000 -0.714 0.035 0.670 -0.000 0.487 -0.560 0.646 0.000 -0.760 0.078 0.993 0.000 0.105 0.049 0.628 -0.000 -0.776 0.057 0.991 -0.000 0.118 0.068 
-0.672 0.018 -0.046 -0.739 0.724 0.000 -0.685 0.085 0.973 -0.000 0.033 -0.230 0.699 0.000 -0.714 0.036 0.671 0.000 0.493 -0.554 0.646 0.000 -0.760 0.078 0.993 0.000 0.105 0.049 0.628 0.000 -0.776 0.057 0.991 -0.000 0.118 0.068 
-0.673 0.018 -0.046 -0.738 0.724 0.000 -0.685 0.086 0.973 0.000 0.033 -0.230 0.699 0.000 -0.715 0.036 0.671 0.000 0.499 -0.548 0.646 -0.000 -0.760 0.078 0.993 0.000 0.104 0.049 0.628 0.000 -0.776 0.057 0.991 -0.000 0.118 0.068 
-0.673 0.018 -0.046 -0.738 0.724 0.000 -0.684 0.086 0.973 0.000 0.033 -0.230 0.699 0.000 -0.715 0.037 0.671 0.000 0.505 -0.543 0.646 0.000 -0.760 0.078 0.993 0.000 0.104 0.049 0.628 0.000 -0.776 0.057 0.991 0.000 0.118 0.069 
-0.673 0.018 -0.046 -0.738 0.724 0.000 -0.684 0.086 0.973 0.000 0.032 -0.230 0.698 -0.000 -0.715 0.039 0.669 0.000 0.513 -0.537 0.646 0.000 -0.760 0.078 0.993 0.000 0.105 0.049 0.628 0.000 -0.776 0.058 0.991 -0.000 0.118 0.068 
-0.674 0.018 -0.046 -0.737 0.724 0.000 -0.684 0.086 0.973 0.000 0.032 -0.230 0.698 -0.000 -0.715 0.040 0.669 0.000 0.518 -0.533 0.646 0.000 -0.760 0.078 0.993 0.000 0.105 0.049 0.628 0.000 -0.776 0.058 0.991 0.000 0.118 0.069 
-0.674 0.018 -0.046 -0.737 0.724 0.000 -0.684 0.086 0.973 0.000 0.032 -0.230 0.698 0.000 -0.715 0.042 0.669 0.000 0.523 -0.528 0.646 0.000 -0.760 0.078 0.993 0.000 0.105 0.049 0.628 -0.000 -0.776 0.058 0.991 0.000 0.117 0.069 
-0.674 0.018 -0.046 -0.737 0.724 0.000 -0.684 0.086 0.973 0.000 0.032 -0.229 0.697 0.000 -0.716 0.044 0.669 0.000 0.528 -0.524 0.646 0.000 -0.760 0.078 0.993 -0.000 0.105 0.049 0.628 0.000 -0.776 0.058 0.991 0.000 0.118 0.069 
-0.675 0.018 -0.046 -0.737 0.724 -0.000 -0.684 0.087 0.973 0.000 0.032 -0.229 0.697 0.000 -0.716 0.045 0.668 0.000 0.533 -0.518 0.646 -0.000 -0.760 0.078 0.993 0.000 0.105 0.049 0.628 -0.000 -0.776 0.058 0.991 0.000 0.118 0.068 
-0.674 0.018 -0.046 -0.737 0.724 0.000 -0.684 0.086 0.973 -0.000 0.031 -0.229 0.697 0.000 -0.716 0.046 0.668 0.000 0.538 -0.515 0.646 -0.000 -0.760 0.078 0.993 -0.000 0.104 0.049 0.628 0.000 -0.776 0.058 0.991 0.000 0.118 0.069 
-0.674 0.018 -0.045 -0.737 0.724 0.000 -0.685 0.086 0.973 -0.000 0.032 -0.229 0.696 0.000 -0.716 0.048 0.667 0.000 0.542 -0.511 0.645 0.000 -0.760 0.077 0.993 0.000 0.105 0.050 0.628 0.000 -0.776 0.057 0.991 0.000 0.118 0.069 
-0.675 0.018 -0.045 -0.737 0.724 0.000 -0.685 0.086 0.973 0.000 0.032 -0.229 0.696 0.000 -0.716 0.049 0.667 0.000 0.546 -0.507 0.645 0.000 -0.760 0.077 0.993 0.000 0.104 0.049 0.628 -0.000 -0.776 0.057 0.991 0.000 0.118 0.069 
-0.675 0.018 -0.045 -0.736 0.724 0.000 -0.684 0.086 0.973 -0.000 0.031 -0.229 0.696 0.000 -0.717 0.051 0.667 0.000 0.551 -0.502 0.645 0.000 -0.760 0.077 0.993 0.000 0.104 0.049 0.628 0.000 -0.776 0.057 0.991 0.000 0.118 0.069 
-0.675 0.018 -0.045 -0.736 0.724 -0.000 -0.685 0.086 0.973 0.000 0.031 -0.229 0.695 0.000 -0.717 0.053 0.666 -0.000 0.554 -0.500 0.645 0.000 -0.760 0.077 0.993 0.000 0.105 0.050 0.628 0.000 -0.776 0.057 0.991 -0.000 0.118 0.069 
-0.675 0.018 -0.045 -0.736 0.724 0.000 -0.685 0.086 0.973 0.000 0.032 -0.229 0.695 0.000 -0.717 0.054 0.666 -0.000 0.558 -0.495 0.645 0.000 -0.760 0.077 0.993 0.000 0.105 0.050 0.628 -0.000 -0.776 0.057 0.991 -0.000 0.118 0.069 
-0.675 0.018 -0.045 -0.736 0.724 0.000 -0.685 0.086 0.973 -0.000 0.031 -0.229 0.695 0.000 -0.717 0.055 0.665 -0.000 0.563 -0.491 0.645 0.000 -0.760 0.077 0.993 0.000 0.105 0.050 0.628 0.000 -0.776 0.057 0.991 0.000 0.118 0.069 
-0.675 0.018 -0.045 -0.736 0.724 0.000 -0.685 0.086 0.973 0.000 0.031 -0.230 0.695 0.000 -0.717 0.056 0.666 0.000 0.566 -0.486 0.645 0.000 -0.760 0.077 0.993 0.000 0.105 0.050 0.629 0.000 -0.776 0.057 0.991 0.000 0.118 0.069 
-0.675 0.018 -0.045 -0.736 0.724 0.000 -0.685 0.086 0.973 -0.000 0.031 -0.230 0.695 0.000 -0.717 0.057 0.665 0.000 0.571 -0.481 0.645 0.000 -0.760 0.077 0.993 -0.000 0.105 0.050 0.629 -0.000 -0.776 0.058 0.991 0.000 0.118 0.069 
-0.675 0.019 -0.046 -0.736 0.723 -0.000 -0.685 0.087 0.973 0.000 0.031 -0.230 0.695 0.000 -0.717 0.058 0.665 -0.000 0.576 -0.476 0.645 0.000 -0.760 0.077 0.993 0.000 0.105 0.050 0.629 0.000 -0.776 0.058 0.991 0.000 0.118 0.069 
-0.676 0.019 -0.046 -0.736 0.723 0.000 -0.685 0.087 0.973 0.000 0.031 -0.230 0.695 0.000 -0.717 0.058 0.665 0.000 0.581 -0.470 0.645 0.000 -0.760 0.077 0.993 0.000 0.105 0.050 0.629 0.000 -0.776 0.058 0.991 0.000 0.118 0.070 
-0.676 0.019 -0.046 -0.736 0.723 0.000 -0.685 0.087 0.973 -0.000 0.031 -0.230 0.695 0.000 -0.717 0.059 0.664 0.000 0.585 -0.465 0.645 0.000 -0.760 0.077 0.993 0.000 0.105 0.051 0.629 0.000 -0.776 0.058 0.991 0.000 0.118 0.069 
-0.676 0.019 -0.046 -0.735 0.723 -0.000 -0.685 0.087 0.972 0.000 0.031 -0.231 0.695 0.000 -0.717 0.059 0.664 0.000 0.589 -0.460 0.645 0.000 -0.760 0.077 0.993 0.000 0.105 0.051 0.629 -0.000 -0.775 0.058 0.991 0.000 0.118 0.070 
-0.676 0.019 -0.046 -0.735 0.723 0.000 -0.685 0.087 0.973 0.000 0.031 -0.231 0.695 0.000 -0.717 0.060 0.665 0.000 0.592 -0.456 0.645 0.000 -0.760 0.077 0.993 0.000 0.105 0.051 0.629 -0.000 -0.775 0.059 0.991 0.000 0.118 0.069 
-0.676 0.019 -0.046 -0.735 0.723 0.000 -0.685 0.088 0.972 0.000 0.029 -0.231 0.695 0.000 -0.717 0.060 0.664 0.000 0.596 -0.451 0.645 0.000 -0.760 0.078 0.993 0.000 0.105 0.050 0.629 0.000 -0.775 0.060 0.991 0.000 0.118 0.069 
-0.676 0.019 -0.046 -0.735 0.723 -0.000 -0.685 0.088 0.972 0.000 0.029 -0.231 0.695 0.000 -0.717 0.061 0.665 0.000 0.599 -0.447 0.645 0.000 -0.760 0.078 0.993 0.000 0.105 0.050 0.629 0.000 -0.775 0.060 0.991 0.000 0.118 0.069 
-0.676 0.019 -0.046 -0.735 0.723 0.000 -0.685 0.088 0.972 0.000 0.029 -0.232 0.695 0.000 -0.716 0.062 0.665 0.000 0.602 -0.443 0.645 -0.000 -0.760 0.078 0.993 0.000 0.105 0.051 0.629 0.000 -0.775 0.060 0.991 0.000 0.118 0.069 
-0.676 0.020 -0.046 -0.735 0.723 0.000 -0.685 0.088 0.972 0.000 0.029 -0.232 0.695 -0.000 -0.716 0.062 0.665 0.000 0.604 -0.440 0.645 0.000 -0.760 0.078 0.993 -0.000 0.105 0.050 0.629 0.000 -0.775 0.060 0.991 0.000 0.118 0.069 
-0.677 0.020 -0.046 -0.735 0.723 0.000 -0.685 0.088 0.972 0.000 0.029 -0.232 0.695 0.000 -0.716 0.064 0.665 0.000 0.606 -0.437 0.645 -0.000 -0.760 0.078 0.993 0.000 0.105 0.050 0.629 -0.000 -0.775 0.060 0.991 0.000 0.118 0.069 
-0.677 0.020 -0.046 -0.734 0.723 0.000 -0.686 0.088 0.972 0.000 0.029 -0.232 0.696 0.000 -0.716 0.065 0.665 0.000 0.608 -0.434 0.645 0.000 -0.760 0.078 0.993 0.000 0.105 0.050 0.629 0.000 -0.775 0.061 0.991 -0.000 0.118 0.069 
-0.677 0.020 -0.046 -0.734 0.723 0.000 -0.686 0.088 0.972 0.000 0.029 -0.232 0.696 0.000 -0.715 0.066 0.665 0.000 0.609 -0.432 0.645 -0.000 -0.760 0.078 0.993 0.000 0.105 0.050 0.629 0.000 -0.775 0.061 0.991 0.000 0.118 0.069 
-0.677 0.020 -0.047 -0.734 0.722 -0.000 -0.686 0.088 0.972 0.000 0.028 -0.232 0.696 0.000 -0.715 0.067 0.665 0.000 0.611 -0.430 0.645 -0.000 -0.760 0.079 0.993 0.000 0.105 0.050 0.629 0.000 -0.775 0.061 0.991 0.000 0.118 0.068 
-0.677 0.020 -0.047 -0.734 0.722 0.000 -0.686 0.088 0.972 0.000 0.028 -0.232 0.697 0.000 -0.714 0.068 0.665 0.000 0.612 -0.427 0.645 -0.000 -0.760 0.079 0.993 -0.000 0.105 0.050 0.629 0.000 -0.775 0.061 0.991 0.000 0.118 0.068 
-0.677 0.020 -0.047 -0.734 0.722 0.000 -0.686 0.088 0.972 0.000 0.028 -0.232 0.697 0.000 -0.714 0.069 0.666 0.000 0.613 -0.426 0.645 0.000 -0.760 0.079 0.993 0.000 0.105 0.050 0.629 0.000 -0.775 0.061 0.991 0.000 0.118 0.068 
-0.678 0.020 -0.047 -0.734 0.722 -0.000 -0.686 0.088 0.972 0.000 0.028 -0.232 0.697 0.000 -0.713 0.071 0.666 0.000 0.613 -0.425 0.645 0.000 -0.760 0.079 0.993 0.000 0.105 0.050 0.629 -0.000 -0.775 0.062 0.991 0.000 0.118 0.068 
-0.678 0.020 -0.047 -0.734 0.722 0.000 -0.686 0.088 0.972 0.000 0.027 -0.232 0.698 0.000 -0.713 0.072 0.667 0.000 0.613 -0.424 0.645 0.000 -0.760 0.079 0.993 0.000 0.104 0.049 0.629 0.000 -0.775 0.062 0.991 0.000 0.118 0.068 
-0.678 0.020 -0.047 -0.733 0.722 0.000 -0.687 0.089 0.972 -0.000 0.027 -0.232 0.698 0.000 -0.712 0.073 0.667 -0.000 0.614 -0.422 0.645 0.000 -0.760 0.079 0.993 0.000 0.105 0.050 0.629 0.000 -0.775 0.062 0.991 0.000 0.117 0.069 
-0.678 0.020 -0.047 -0.733 0.722 0.000 -0.687 0.089 0.972 0.000 0.027 -0.232 0.699 0.000 -0.712 0.074 0.668 -0.000 0.614 -0.420 0.645 -0.000 -0.760 0.079 0.993 0.000 0.105 0.050 0.629 0.000 -0.775 0.062 0.991 0.000 0.118 0.068 
-0.678 0.021 -0.047 -0.733 0.721 0.000 -0.687 0.089 0.972 0.000 0.027 -0.231 0.699 0.000 -0.711 0.075 0.669 -0.000 0.615 -0.418 0.645 0.000 -0.760 0.079 0.993 0.000 0.104 0.049 0.629 0.000 -0.775 0.062 0.991 0.000 0.118 0.068 
-0.678 0.021 -0.047 -0.733 0.721 0.000 -0.687 0.089 0.973 0.000 0.027 -0.231 0.699 0.000 -0.711 0.076 0.669 0.000 0.616 -0.416 0.645 0.000 -0.760 0.080 0.993 0.000 0.104 0.049 0.629 0.000 -0.774 0.063 0.991 0.000 0.118 0.068 
-0.679 0.021 -0.047 -0.733 0.721 -0.000 -0.687 0.089 0.973 0.000 0.027 -0.231 0.699 0.000 -0.711 0.076 0.670 0.000 0.616 -0.414 0.645 0.000 -0.760 0.080 0.993 0.000 0.105 0.050 0.630 0.000 -0.774 0.063 0.991 0.000 0.118 0.068 
-0.679 0.021 -0.047 -0.733 0.721 0.000 -0.687 0.089 0.973 0.000 0.027 -0.231 0.699 0.000 -0.711 0.077 0.671 0.000 0.617 -0.412 0.645 0.000 -0.760 0.080 0.993 0.000 0.104 0.049 0.629 -0.000 -0.774 0.063 0.991 0.000 0.117 0.069 
-0.679 0.021 -0.047 -0.732 0.721 0.000 -0.687 0.090 0.973 0.000 0.027 -0.231 0.699 -0.000 -0.711 0.078 0.671 0.000 0.618 -0.410 0.645 0.000 -0.760 0.080 0.993 0.000 0.104 0.049 0.630 0.000 -0.774 0.064 0.991 0.000 0.118 0.068 
-0.679 0.021 -0.047 -0.732 0.721 0.000 -0.687 0.090 0.973 0.000 0.027 -0.231 0.699 0.000 -0.711 0.078 0.672 -0.000 0.618 -0.409 0.645 0.000 -0.760 0.081 0.993 0.000 0.104 0.049 0.630 0.000 -0.774 0.064 0.991 0.000 0.118 0.068 
-0.679 0.021 -0.047 -0.732 0.721 0.000 -0.688 0.090 0.973 0.000 0.027 -0.230 0.699 0.000 -0.711 0.079 0.672 0.000 0.619 -0.407 0.645 0.000 -0.760 0.081 0.993 0.000 0.104 0.049 0.630 0.000 -0.774 0.065 0.991 0.000 0.118 0.068 
-0.680 0.022 -0.048 -0.732 0.721 0.000 -0.688 0.090 0.973 -0.000 0.026 -0.230 0.699 0.000 -0.711 0.080 0.672 0.000 0.620 -0.405 0.645 0.000 -0.760 0.081 0.993 0.000 0.104 0.049 0.630 0.000 -0.774 0.065 0.991 0.000 0.118 0.068 
-0.680 0.022 -0.048 -0.732 0.720 0.000 -0.688 0.090 0.973 -0.000 0.026 -0.230 0.699 0.000 -0.711 0.080 0.673 0.000 0.620 -0.403 0.645 0.000 -0.760 0.081 0.993 -0.000 0.105 0.049 0.630 0.000 -0.774 0.065 0.991 0.000 0.118 0.068 
-0.680 0.022 -0.048 -0.731 0.720 0.000 -0.688 0.090 0.973 0.000 0.026 -0.230 0.699 0.000 -0.711 0.081 0.673 0.000 0.621 -0.402 0.645 0.000 -0.760 0.082 0.993 0.000 0.104 0.049 0.630 0.000 -0.774 0.066 0.991 -0.000 0.118 0.068 
-0.680 0.022 -0.048 -0.731 0.720 0.000 -0.688 0.090 0.973 0.000 0.026 -0.230 0.698 0.000 -0.711 0.081 0.673 0.000 0.623 -0.400 0.645 0.000 -0.760 0.082 0.993 0.000 0.104 0.049 0.630 0.000 -0.774 0.066 0.991 0.000 0.118 0.068 
-0.680 0.022 -0.048 -0.731 0.720 0.000 -0.688 0.090 0.973 -0.000 0.026 -0.230 0.698 -0.000 -0.711 0.081 0.673 0.000 0.625 -0.397 0.645 -0.000 -0.759 0.082 0.993 0.000 0.104 0.049 0.630 -0.000 -0.774 0.066 0.991 -0.000 0.118 0.068 
-0.680 0.022 -0.048 -0.731 0.720 0.000 -0.688 0.090 0.973 -0.000 0.026 -0.230 0.698 -0.000 -0.712 0.082 0.673 0.000 0.626 -0.395 0.645 0.000 -0.759 0.082 0.993 0.000 0.104 0.049 0.630 0.000 -0.774 0.066 0.991 0.000 0.118 0.067 
-0.680 0.022 -0.048 -0.731 0.720 -0.000 -0.688 0.090 0.973 0.000 0.026 -0.230 0.698 0.000 -0.712 0.083 0.672 0.000 0.626 -0.395 0.645 0.000 -0.760 0.082 0.993 0.000 0.104 0.049 0.630 0.000 -0.774 0.067 0.991 0.000 0.118 0.068 
-0.680 0.023 -0.048 -0.731 0.720 0.000 -0.688 0.090 0.973 0.000 0.025 -0.230 0.698 0.000 -0.712 0.083 0.673 0.000 0.628 -0.392 0.645 0.000 -0.759 0.083 0.993 0.000 0.104 0.049 0.630 0.000 -0.774 0.067 0.991 0.000 0.117 0.068 
-0.680 0.023 -0.049 -0.731 0.720 0.000 -0.688 0.091 0.973 0.000 0.025 -0.230 0.698 0.000 -0.712 0.083 0.673 0.000 0.628 -0.391 0.645 -0.000 -0.759 0.083 0.993 -0.000 0.105 0.049 0.630 0.000 -0.774 0.068 0.991 0.000 0.118 0.067 
-0.681 0.023 -0.049 -0.731 0.720 0.000 -0.688 0.091 0.973 0.000 0.025 -0.230 0.698 0.000 -0.712 0.083 0.673 0.000 0.628 -0.390 0.645 0.000 -0.759 0.083 0.993 0.000 0.104 0.048 0.630 0.000 -0.774 0.068 0.991 0.000 0.118 0.067 
-0.681 0.023 -0.049 -0.731 0.720 0.000 -0.688 0.091 0.973 0.000 0.025 -0.231 0.698 0.000 -0.711 0.084 0.674 0.000 0.629 -0.389 0.646 0.000 -0.759 0.084 0.993 0.000 0.104 0.048 0.630 0.000 -0.774 0.069 0.991 0.000 0.118 0.067 
-0.681 0.023 -0.049 -0.731 0.719 0.000 -0.689 0.090 0.973 0.000 0.026 -0.230 0.698 0.000 -0.711 0.084 0.674 0.000 0.628 -0.389 0.646 0.000 -0.759 0.084 0.993 0.000 0.104 0.048 0.630 0.000 -0.774 0.069 0.991 0.000 0.118 0.067 
-0.681 0.023 -0.049 -0.730 0.719 0.000 -0.689 0.091 0.973 0.000 0.026 -0.230 0.698 0.000 -0.711 0.084 0.675 -0.000 0.628 -0.388 0.646 0.000 -0.759 0.084 0.993 -0.000 0.105 0.049 0.630 -0.000 -0.774 0.069 0.991 0.000 0.118 0.067 
-0.681 0.023 -0.049 -0.730 0.719 0.000 -0.689 0.091 0.973 0.000 0.026 -0.230 0.699 0.000 -0.710 0.085 0.675 0.000 0.627 -0.388 0.646 0.000 -0.759 0.084 0.993 0.000 0.104 0.049 0.630 0.000 -0.774 0.069 0.991 0.000 0.118 0.067 
-0.681 0.023 -0.049 -0.730 0.719 0.000 -0.689 0.091 0.973 0.000 0.026 -0.230 0.699 0.000 -0.710 0.086 0.675 0.000 0.627 -0.389 0.646 0.000 -0.759 0.084 0.993 -0.000 0.104 0.048 0.630 0.000 -0.774 0.070 0.991 0.000 0.118 0.067 
-0.681 0.024 -0.050 -0.730 0.719 -0.000 -0.689 0.091 0.973 0.000 0.026 -0.230 0.699 0.000 -0.709 0.087 0.675 0.000 0.626 -0.389 0.646 0.000 -0.759 0.084 0.993 0.000 0.104 0.049 0.630 0.000 -0.774 0.070 0.991 0.000 0.118 0.067 
-0.681 0.024 -0.050 -0.730 0.719 0.000 -0.689 0.091 0.973 -0.000 0.026 -0.230 0.700 -0.000 -0.709 0.088 0.675 0.000 0.626 -0.390 0.646 0.000 -0.759 0.084 0.993 0.000 0.105 0.049 0.630 -0.000 -0.774 0.070 0.991 0.000 0.118 0.067 
-0.682 0.024 -0.050 -0.730 0.719 0.000 -0.689 0.091 0.973 -0.000 0.026 -0.230 0.700 0.000 -0.709 0.088 0.675 0.000 0.626 -0.390 0.646 0.000 -0.759 0.085 0.993 0.000 0.104 0.048 0.630 0.000 -0.774 0.070 0.991 0.000 0.117 0.067 
-0.682 0.024 -0.050 -0.730 0.719 0.000 -0.689 0.091 0.973 0.000 0.026 -0.230 0.700 0.000 -0.709 0.089 0.675 0.000 0.626 -0.389 0.646 0.000 -0.759 0.085 0.993 0.000 0.104 0.049 0.630 0.000 -0.774 0.071 0.991 0.000 0.118 0.067 
-0.682 0.024 -0.050 -0.730 0.719 0.000 -0.689 0.091 0.973 -0.000 0.026 -0.230 0.700 0.000 -0.708 0.089 0.675 0.000 0.627 -0.388 0.646 0.000 -0.759 0.085 0.993 -0.000 0.105 0.049 0.630 0.000 -0.774 0.071 0.991 0.000 0.118 0.067 
-0.682 0.024 -0.050 -0.729 0.719 0.000 -0.689 0.091 0.973 0.000 0.026 -0.230 0.700 0.000 -0.708 0.089 0.675 0.000 0.628 -0.387 0.646 0.000 -0.759 0.085 0.993 0.000 0.104 0.048 0.630 -0.000 -0.774 0.071 0.991 0.000 0.118 0.067 
-0.682 0.024 -0.050 -0.729 0.719 0.000 -0.689 0.091 0.973 0.000 0.026 -0.230 0.700 -0.000 -0.708 0.089 0.675 0.000 0.629 -0.386 0.646 0.000 -0.759 0.086 0.993 0.000 0.104 0.048 0.630 0.000 -0.774 0.072 0.991 0.000 0.118 0.066 
-0.682 0.024 -0.050 -0.729 0.719 0.000 -0.689 0.091 0.973 0.000 0.026 -0.230 0.700 0.000 -0.708 0.088 0.675 0.000 0.630 -0.385 0.646 0.000 -0.759 0.086 0.993 0.000 0.104 0.048 0.630 0.000 -0.774 0.071 0.991 0.000 0.118 0.067 
-0.682 0.025 -0.051 -0.729 0.719 0.000 -0.689 0.091 0.973 0.000 0.026 -0.230 0.701 -0.000 -0.708 0.088 0.675 0.000 0.630 -0.384 0.646 0.000 -0.759 0.086 0.993 0.000 0.104 0.048 0.630 0.000 -0.773 0.072 0.991 0.000 0.118 0.067 
-0.682 0.025 -0.051 -0.729 0.719 -0.000 -0.689 0.091 0.973 0.000 0.026 -0.230 0.701 -0.000 -0.708 0.088 0.675 0.000 0.632 -0.382 0.646 0.000 -0.759 0.086 0.993 0.000 0.104 0.048 0.630 0.000 -0.774 0.072 0.991 -0.000 0.119 0.067 
-0.682 0.025 -0.051 -0.729 0.719 0.000 -0.689 0.091 0.973 0.000 0.025 -0.230 0.701 0.000 -0.708 0.086 0.674 0.000 0.634 -0.379 0.646 0.000 -0.759 0.086 0.993 0.000 0.104 0.049 0.630 0.000 -0.774 0.072 0.991 0.000 0.118 0.067 
-0.682 0.025 -0.051 -0.729 0.719 -0.000 -0.689 0.091 0.973 -0.000 0.025 -0.230 0.700 -0.000 -0.708 0.087 0.674 0.000 0.634 -0.380 0.646 0.000 -0.759 0.086 0.993 0.000 0.104 0.049 0.630 0.000 -0.773 0.072 0.991 -0.000 0.118 0.067 
-0.682 0.025 -0.051 -0.729 0.719 0.000 -0.689 0.091 0.973 0.000 0.025 -0.230 0.700 0.000 -0.709 0.086 0.674 0.000 0.635 -0.378 0.646 0.000 -0.759 0.086 0.993 0.000 0.105 0.049 0.630 0.000 -0.773 0.072 0.991 0.000 0.118 0.067 
-0.682 0.025 -0.051 -0.729 0.719 0.000 -0.689 0.091 0.973 0.000 0.025 -0.230 0.701 0.000 -0.708 0.084 0.674 0.000 0.637 -0.375 0.645 0.000 -0.759 0.086 0.993 0.000 0.105 0.049 0.630 0.000 -0.773 0.072 0.991 0.000 0.118 0.067 
-0.683 0.025 -0.051 -0.729 0.719 0.000 -0.689 0.091 0.973 0.000 0.027 -0.230 0.701 0.000 -0.708 0.084 0.674 0.000 0.637 -0.374 0.645 0.000 -0.759 0.086 0.993 0.000 0.105 0.049 0.630 0.000 -0.773 0.072 0.991 0.000 0.118 0.067 
-0.682 0.025 -0.051 -0.729 0.719 0.000 -0.689 0.091 0.973 0.000 0.026 -0.231 0.701 -0.000 -0.708 0.083 0.674 0.000 0.638 -0.374 0.645 0.000 -0.759 0.085 0.993 0.000 0.105 0.049 0.630 0.000 -0.773 0.072 0.991 0.000 0.118 0.067 
-0.683 0.025 -0.051 -0.729 0.719 -0.000 -0.689 0.091 0.973 0.000 0.026 -0.231 0.701 0.000 -0.708 0.083 0.674 0.000 0.638 -0.373 0.645 0.000 -0.759 0.085 0.993 0.000 0.105 0.049 0.630 0.000 -0.773 0.072 0.991 0.000 0.118 0.068 
-0.682 0.025 -0.051 -0.729 0.719 0.000 -0.689 0.091 0.973 0.000 0.026 -0.231 0.701 0.000 -0.708 0.083 0.674 0.000 0.638 -0.373 0.645 0.000 -0.759 0.085 0.993 0.000 0.105 0.050 0.630 -0.000 -0.773 0.072 0.991 0.000 0.118 0.068 
-0.682 0.025 -0.051 -0.729 0.719 0.000 -0.689 0.091 0.973 0.000 0.026 -0.231 0.701 0.000 -0.708 0.082 0.674 0.000 0.637 -0.373 0.645 0.000 -0.759 0.085 0.993 0.000 0.105 0.050 0.630 0.000 -0.773 0.071 0.991 -0.000 0.118 0.068 
-0.683 0.025 -0.051 -0.729 0.719 0.000 -0.689 0.091 0.973 0.000 0.026 -0.231 0.701 0.000 -0.708 0.082 0.674 0.000 0.637 -0.374 0.645 0.000 -0.759 0.085 0.993 0.000 0.105 0.050 0.630 0.000 -0.774 0.071 0.991 0.000 0.118 0.068 
-0.683 0.025 -0.051 -0.729 0.719 0.000 -0.689 0.091 0.973 0.000 0.026 -0.231 0.701 0.000 -0.708 0.082 0.674 0.000 0.637 -0.374 0.645 0.000 -0.759 0.084 0.993 0.000 0.105 0.050 0.630 0.000 -0.774 0.071 0.991 0.000 0.118 0.068 
-0.682 0.025 -0.051 -0.729 0.719 0.000 -0.689 0.091 0.973 -0.000 0.026 -0.231 0.701 -0.000 -0.708 0.082 0.674 0.000 0.636 -0.375 0.645 0.000 -0.759 0.084 0.993 0.000 0.105 0.050 0.630 0.000 -0.774 0.071 0.991 0.000 0.119 0.068 
-0.682 0.025 -0.051 -0.729 0.719 0.000 -0.689 0.091 0.973 0.000 0.027 -0.231 0.701 -0.000 -0.708 0.083 0.674 0.000 0.635 -0.377 0.645 0.000 -0.759 0.084 0.993 0.000 0.105 0.051 0.630 0.000 -0.774 0.071 0.991 0.000 0.118 0.068 
-0.682 0.025 -0.051 -0.729 0.720 -0.000 -0.688 0.091 0.973 0.000 0.025 -0.231 0.702 0.000 -0.708 0.082 0.675 0.000 0.634 -0.378 0.645 0.000 -0.759 0.083 0.993 0.000 0.105 0.051 0.630 0.000 -0.774 0.070 0.991 0.000 0.118 0.069 
-0.682 0.025 -0.051 -0.729 0.720 0.000 -0.688 0.091 0.973 0.000 0.025 -0.231 0.701 0.000 -0.708 0.084 0.675 -0.000 0.632 -0.381 0.645 0.000 -0.759 0.084 0.993 0.000 0.105 0.051 0.630 -0.000 -0.774 0.070 0.991 0.000 0.118 0.069 
-0.682 0.025 -0.051 -0.729 0.720 0.000 -0.688 0.091 0.973 0.000 0.025 -0.231 0.701 0.000 -0.708 0.084 0.675 0.000 0.632 -0.382 0.646 0.000 -0.759 0.083 0.993 0.000 0.105 0.051 0.629 -0.000 -0.774 0.070 0.991 0.000 0.118 0.069 
-0.683 0.025 -0.051 -0.729 0.720 0.000 -0.688 0.091 0.973 0.000 0.025 -0.231 0.701 0.000 -0.708 0.084 0.675 0.000 0.631 -0.383 0.646 0.000 -0.759 0.083 0.993 0.000 0.105 0.051 0.629 -0.000 -0.774 0.070 0.991 0.000 0.118 0.069 
-0.683 0.025 -0.051 -0.729 0.720 0.000 -0.688 0.090 0.973 0.000 0.025 -0.230 0.701 0.000 -0.708 0.084 0.675 -0.000 0.631 -0.384 0.646 0.000 -0.759 0.083 0.993 0.000 0.105 0.052 0.629 0.000 -0.774 0.070 0.991 0.000 0.118 0.069 
-0.683 0.025 -0.052 -0.729 0.721 0.000 -0.688 0.091 0.973 -0.000 0.024 -0.231 0.701 0.000 -0.708 0.084 0.675 0.000 0.630 -0.385 0.646 0.000 -0.759 0.083 0.993 0.000 0.105 0.052 0.629 0.000 -0.774 0.070 0.991 -0.000 0.118 0.069 
-0.683 0.025 -0.052 -0.729 0.720 0.000 -0.688 0.090 0.973 0.000 0.025 -0.231 0.701 0.000 -0.708 0.084 0.675 0.000 0.629 -0.386 0.646 0.000 -0.759 0.082 0.993 0.000 0.105 0.052 0.629 0.000 -0.774 0.070 0.991 0.000 0.118 0.069 
-0.683 0.025 -0.052 -0.729 0.721 -0.000 -0.688 0.090 0.973 -0.000 0.025 -0.230 0.701 0.000 -0.708 0.084 0.675 0.000 0.629 -0.387 0.646 -0.000 -0.759 0.082 0.993 0.000 0.106 0.053 0.629 0.000 -0.774 0.070 0.991 0.000 0.118 0.069 
-0.682 0.025 -0.051 -0.729 0.720 0.000 -0.688 0.090 0.973 0.000 0.026 -0.231 0.702 0.000 -0.708 0.083 0.675 0.000 0.628 -0.388 0.645 0.000 -0.760 0.081 0.993 -0.000 0.106 0.053 0.630 -0.000 -0.774 0.069 0.991 0.000 0.118 0.070 
-0.682 0.025 -0.051 -0.729 0.720 0.000 -0.688 0.090 0.973 0.000 0.026 -0.231 0.702 0.000 -0.708 0.083 0.675 0.000 0.627 -0.390 0.645 0.000 -0.760 0.081 0.993 0.000 0.106 0.053 0.630 0.000 -0.774 0.068 0.991 0.000 0.118 0.070 
-0.682 0.025 -0.051 -0.729 0.720 0.000 -0.688 0.090 0.973 0.000 0.026 -0.231 0.702 0.000 -0.708 0.083 0.675 -0.000 0.626 -0.391 0.645 0.000 -0.760 0.081 0.993 0.000 0.106 0.054 0.629 0.000 -0.774 0.068 0.990 0.000 0.119 0.070 
-0.682 0.025 -0.051 -0.729 0.720 -0.000 -0.688 0.090 0.973 0.000 0.027 -0.230 0.701 0.000 -0.708 0.083 0.675 0.000 0.625 -0.392 0.645 0.000 -0.760 0.080 0.993 0.000 0.106 0.054 0.629 -0.000 -0.774 0.068 0.990 0.000 0.118 0.070 
-0.682 0.025 -0.051 -0.729 0.720 -0.000 -0.688 0.090 0.973 0.000 0.026 -0.231 0.701 0.000 -0.708 0.083 0.675 -0.000 0.624 -0.394 0.645 -0.000 -0.760 0.080 0.993 0.000 0.106 0.054 0.630 0.000 -0.774 0.068 0.990 -0.000 0.118 0.070 
-0.681 0.025 -0.051 -0.730 0.720 0.000 -0.688 0.090 0.973 0.000 0.027 -0.231 0.701 0.000 -0.708 0.083 0.675 0.000 0.623 -0.396 0.645 -0.000 -0.760 0.080 0.993 0.000 0.106 0.054 0.629 0.000 -0.774 0.067 0.990 0.000 0.118 0.071 
-0.681 0.025 -0.051 -0.730 0.720 -0.000 -0.688 0.090 0.973 0.000 0.027 -0.231 0.701 0.000 -0.708 0.083 0.675 0.000 0.621 -0.398 0.645 0.000 -0.760 0.080 0.993 0.000 0.106 0.055 0.629 -0.000 -0.774 0.067 0.990 0.000 0.119 0.071 
-0.681 0.025 -0.051 -0.730 0.720 0.000 -0.688 0.090 0.973 -0.000 0.027 -0.231 0.701 -0.000 -0.708 0.082 0.675 0.000 0.620 -0.400 0.645 -0.000 -0.760 0.079 0.993 0.000 0.106 0.055 0.629 0.000 -0.774 0.067 0.990 0.000 0.119 0.071 
-0.681 0.025 -0.051 -0.730 0.720 0.000 -0.688 0.090 0.973 0.000 0.027 -0.231 0.701 0.000 -0.708 0.082 0.675 0.000 0.618 -0.402 0.645 0.000 -0.760 0.079 0.993 0.000 0.106 0.055 0.629 0.000 -0.774 0.066 0.990 -0.000 0.119 0.071 
-0.681 0.025 -0.051 -0.730 0.720 -0.000 -0.688 0.090 0.972 0.000 0.027 -0.231 0.701 0.000 -0.708 0.082 0.675 0.000 0.617 -0.405 0.645 -0.000 -0.760 0.079 0.993 -0.000 0.106 0.055 0.629 -0.000 -0.774 0.066 0.990 0.000 0.118 0.072 
-0.681 0.025 -0.051 -0.730 0.720 -0.000 -0.688 0.090 0.972 0.000 0.027 -0.231 0.701 0.000 -0.708 0.082 0.676 -0.000 0.614 -0.407 0.645 0.000 -0.760 0.079 0.993 0.000 0.106 0.055 0.629 0.000 -0.774 0.065 0.990 0.000 0.118 0.072 
-0.681 0.025 -0.051 -0.730 0.720 0.000 -0.688 0.091 0.972 0.000 0.027 -0.232 0.701 0.000 -0.708 0.082 0.676 0.000 0.612 -0.411 0.645 0.000 -0.760 0.079 0.993 0.000 0.106 0.056 0.629 0.000 -0.775 0.065 0.990 0.000 0.119 0.073 
-0.681 0.025 -0.051 -0.731 0.720 0.000 -0.688 0.090 0.973 0.000 0.027 -0.231 0.701 0.000 -0.708 0.082 0.676 0.000 0.609 -0.414 0.645 0.000 -0.760 0.078 0.993 0.000 0.106 0.056 0.629 -0.000 -0.775 0.064 0.990 0.000 0.119 0.073 
-0.680 0.025 -0.051 -0.731 0.720 0.000 -0.688 0.090 0.973 0.000 0.027 -0.231 0.701 0.000 -0.708 0.082 0.677 -0.000 0.606 -0.417 0.645 0.000 -0.760 0.078 0.993 0.000 0.106 0.056 0.629 0.000 -0.775 0.064 0.990 0.000 0.119 0.074 
-0.680 0.025 -0.051 -0.731 0.720 0.000 -0.688 0.091 0.973 0.000 0.027 -0.231 0.701 0.000 -0.708 0.082 0.677 0.000 0.603 -0.421 0.645 0.000 -0.760 0.078 0.993 0.000 0.106 0.056 0.629 -0.000 -0.775 0.063 0.990 0.000 0.119 0.074 
-0.680 0.025 -0.051 -0.731 0.720 0.000 -0.688 0.091 0.973 0.000 0.027 -0.231 0.701 0.000 -0.708 0.082 0.678 0.000 0.600 -0.425 0.645 -0.000 -0.760 0.078 0.993 0.000 0.106 0.056 0.629 0.000 -0.775 0.063 0.990 0.000 0.119 0.074 
-0.680 0.025 -0.051 -0.731 0.720 0.000 -0.688 0.091 0.973 0.000 0.027 -0.231 0.701 0.000 -0.708 0.082 0.678 0.000 0.596 -0.429 0.645 0.000 -0.760 0.078 0.993 0.000 0.106 0.056 0.629 -0.000 -0.775 0.063 0.990 0.000 0.119 0.075 
-0.680 0.025 -0.051 -0.731 0.720 0.000 -0.688 0.092 0.973 -0.000 0.027 -0.231 0.701 0.000 -0.708 0.082 0.679 0.000 0.593 -0.433 0.645 0.000 -0.760 0.078 0.993 0.000 0.106 0.056 0.629 -0.000 -0.775 0.062 0.990 0.000 0.119 0.075 
-0.680 0.025 -0.051 -0.731 0.719 0.000 -0.688 0.092 0.973 0.000 0.027 -0.231 0.701 0.000 -0.708 0.081 0.680 0.000 0.589 -0.438 0.645 0.000 -0.760 0.078 0.993 0.000 0.106 0.056 0.629 0.000 -0.775 0.062 0.990 0.000 0.120 0.075 
-0.680 0.025 -0.051 -0.731 0.719 0.000 -0.688 0.092 0.973 0.000 0.027 -0.231 0.701 0.000 -0.708 0.081 0.680 0.000 0.585 -0.442 0.645 -0.000 -0.760 0.077 0.993 0.000 0.106 0.056 0.629 0.000 -0.775 0.061 0.990 -0.000 0.120 0.076 
-0.680 0.025 -0.051 -0.731 0.719 -0.000 -0.689 0.093 0.973 0.000 0.026 -0.231 0.701 -0.000 -0.708 0.081 0.681 -0.000 0.581 -0.447 0.645 0.000 -0.760 0.077 0.993 0.000 0.106 0.056 0.629 0.000 -0.775 0.061 0.990 -0.000 0.119 0.076 
-0.680 0.025 -0.051 -0.731 0.719 0.000 -0.688 0.093 0.973 0.000 0.026 -0.231 0.701 0.000 -0.709 0.080 0.681 -0.000 0.576 -0.452 0.645 0.000 -0.760 0.077 0.993 0.000 0.106 0.057 0.629 0.000 -0.775 0.060 0.990 0.000 0.119 0.076 
-0.680 0.025 -0.051 -0.731 0.719 0.000 -0.689 0.093 0.973 -0.000 0.026 -0.230 0.701 0.000 -0.709 0.080 0.682 0.000 0.570 -0.458 0.645 0.000 -0.760 0.077 0.993 0.000 0.106 0.057 0.629 0.000 -0.775 0.060 0.990 0.000 0.120 0.077 
-0.680 0.025 -0.051 -0.731 0.719 -0.000 -0.689 0.093 0.973 -0.000 0.027 -0.230 0.701 0.000 -0.709 0.080 0.682 0.000 0.564 -0.465 0.645 -0.000 -0.760 0.077 0.993 0.000 0.106 0.057 0.629 0.000 -0.775 0.060 0.990 -0.000 0.120 0.077 
-0.679 0.025 -0.051 -0.731 0.719 0.000 -0.689 0.094 0.973 0.000 0.026 -0.230 0.701 0.000 -0.709 0.080 0.683 0.000 0.558 -0.472 0.645 0.000 -0.760 0.076 0.993 0.000 0.106 0.057 0.629 0.000 -0.775 0.059 0.990 0.000 0.120 0.077 
-0.679 0.025 -0.051 -0.732 0.719 0.000 -0.689 0.094 0.973 -0.000 0.025 -0.230 0.701 0.000 -0.708 0.080 0.684 0.000 0.551 -0.478 0.645 0.000 -0.760 0.076 0.993 -0.000 0.106 0.057 0.629 0.000 -0.775 0.059 0.990 0.000 0.120 0.078 
-0.679 0.025 -0.051 -0.732 0.719 0.000 -0.689 0.094 0.973 0.000 0.026 -0.230 0.701 0.000 -0.708 0.080 0.685 0.000 0.542 -0.486 0.645 0.000 -0.760 0.076 0.993 0.000 0.106 0.057 0.629 0.000 -0.775 0.059 0.990 -0.000 0.120 0.077 
-0.679 0.024 -0.051 -0.732 0.719 0.000 -0.689 0.094 0.973 0.000 0.026 -0.230 0.702 0.000 -0.708 0.079 0.687 0.000 0.533 -0.494 0.645 0.000 -0.760 0.076 0.993 0.000 0.106 0.057 0.629 0.000 -0.776 0.058 0.990 -0.000 0.120 0.078 
-0.678 0.024 -0.051 -0.732 0.719 0.000 -0.689 0.095 0.973 -0.000 0.025 -0.230 0.702 0.000 -0.708 0.080 0.688 -0.000 0.524 -0.502 0.645 -0.000 -0.760 0.076 0.993 0.000 0.106 0.057 0.629 0.000 -0.776 0.058 0.990 -0.000 0.120 0.078 
-0.678 0.024 -0.051 -0.733 0.718 0.000 -0.689 0.095 0.973 0.000 0.027 -0.230 0.702 0.000 -0.708 0.079 0.689 0.000 0.515 -0.510 0.645 -0.000 -0.760 0.076 0.993 -0.000 0.106 0.058 0.628 -0.000 -0.776 0.058 0.990 0.000 0.120 0.078 
-0.678 0.024 -0.051 -0.733 0.718 0.000 -0.689 0.095 0.973 0.000 0.027 -0.230 0.702 0.000 -0.708 0.079 0.691 0.000 0.505 -0.517 0.645 0.000 -0.760 0.076 0.993 0.000 0.106 0.058 0.628 -0.000 -0.776 0.058 0.990 0.000 0.120 0.078 
-0.678 0.024 -0.052 -0.733 0.718 -0.000 -0.690 0.095 0.973 0.000 0.027 -0.230 0.702 0.000 -0.707 0.079 0.692 0.000 0.495 -0.526 0.645 -0.000 -0.760 0.076 0.993 0.000 0.106 0.058 0.628 0.000 -0.776 0.058 0.990 0.000 0.120 0.078 
-0.677 0.024 -0.052 -0.733 0.718 0.000 -0.689 0.096 0.973 0.000 0.025 -0.230 0.703 0.000 -0.707 0.078 0.693 0.000 0.485 -0.533 0.645 0.000 -0.760 0.076 0.993 0.000 0.106 0.058 0.628 0.000 -0.776 0.057 0.990 0.000 0.120 0.078 
-0.677 0.024 -0.052 -0.734 0.718 0.000 -0.690 0.096 0.973 -0.000 0.027 -0.230 0.703 0.000 -0.707 0.077 0.695 0.000 0.474 -0.541 0.645 0.000 -0.760 0.075 0.993 -0.000 0.106 0.058 0.628 0.000 -0.776 0.057 0.990 0.000 0.120 0.078 
-0.676 0.024 -0.052 -0.734 0.718 -0.000 -0.689 0.096 0.973 0.000 0.025 -0.230 0.703 -0.000 -0.707 0.076 0.696 0.000 0.463 -0.548 0.645 0.000 -0.760 0.075 0.993 0.000 0.106 0.058 0.628 0.000 -0.776 0.056 0.990 -0.000 0.120 0.079 
-0.676 0.024 -0.052 -0.735 0.718 0.000 -0.690 0.096 0.973 -0.000 0.027 -0.230 0.703 -0.000 -0.707 0.076 0.697 -0.000 0.451 -0.557 0.645 0.000 -0.760 0.075 0.993 0.000 0.106 0.058 0.628 0.000 -0.776 0.056 0.990 0.000 0.120 0.078 
-0.675 0.024 -0.052 -0.735 0.718 0.000 -0.690 0.097 0.973 0.000 0.027 -0.230 0.703 0.000 -0.707 0.075 0.699 -0.000 0.440 -0.564 0.645 0.000 -0.760 0.075 0.993 0.000 0.106 0.059 0.628 0.000 -0.776 0.056 0.990 0.000 0.120 0.078 
-0.675 0.024 -0.052 -0.736 0.717 0.000 -0.690 0.097 0.973 0.000 0.027 -0.229 0.704 0.000 -0.707 0.074 0.700 0.000 0.428 -0.572 0.645 0.000 -0.760 0.075 0.993 0.000 0.105 0.059 0.628 0.000 -0.776 0.055 0.990 0.000 0.120 0.079 
-0.674 0.024 -0.052 -0.736 0.717 0.000 -0.690 0.097 0.973 0.000 0.027 -0.229 0.704 0.000 -0.707 0.073 0.701 0.000 0.415 -0.580 0.645 0.000 -0.760 0.074 0.993 0.000 0.105 0.059 0.628 0.000 -0.776 0.054 0.990 0.000 0.121 0.079 
-0.674 0.024 -0.052 -0.737 0.717 0.000 -0.690 0.097 0.973 -0.000 0.027 -0.229 0.704 0.000 -0.707 0.072 0.703 0.000 0.402 -0.586 0.645 -0.000 -0.760 0.074 0.993 0.000 0.105 0.060 0.628 0.000 -0.776 0.054 0.990 0.000 0.121 0.079 
-0.673 0.024 -0.052 -0.737 0.717 0.000 -0.690 0.097 0.973 0.000 0.027 -0.229 0.704 0.000 -0.707 0.071 0.705 0.000 0.389 -0.593 0.645 0.000 -0.760 0.074 0.993 0.000 0.105 0.060 0.628 0.000 -0.776 0.054 0.990 0.000 0.121 0.079 
-0.673 0.024 -0.052 -0.737 0.718 0.000 -0.690 0.097 0.973 0.000 0.026 -0.229 0.704 0.000 -0.707 0.070 0.707 0.000 0.376 -0.600 0.645 -0.000 -0.760 0.074 0.993 0.000 0.105 0.060 0.628 0.000 -0.776 0.053 0.989 0.000 0.121 0.079 
-0.672 0.024 -0.052 -0.738 0.717 -0.000 -0.690 0.097 0.973 0.000 0.028 -0.229 0.704 -0.000 -0.707 0.068 0.708 0.000 0.362 -0.606 0.645 0.000 -0.760 0.074 0.993 0.000 0.105 0.060 0.628 -0.000 -0.776 0.053 0.990 0.000 0.121 0.079 
-0.672 0.024 -0.052 -0.739 0.717 0.000 -0.690 0.097 0.973 0.000 0.026 -0.230 0.704 -0.000 -0.707 0.067 0.710 0.000 0.348 -0.612 0.645 -0.000 -0.760 0.073 0.993 0.000 0.105 0.060 0.628 0.000 -0.776 0.052 0.989 0.000 0.121 0.080 
-0.671 0.023 -0.052 -0.739 0.717 0.000 -0.690 0.097 0.973 0.000 0.027 -0.229 0.704 0.000 -0.707 0.065 0.712 0.000 0.335 -0.618 0.645 0.000 -0.760 0.073 0.993 -0.000 0.105 0.061 0.628 0.000 -0.776 0.052 0.989 0.000 0.121 0.080 
-0.670 0.023 -0.052 -0.740 0.717 0.000 -0.690 0.097 0.973 0.000 0.027 -0.230 0.704 0.000 -0.707 0.063 0.713 0.000 0.321 -0.623 0.645 0.000 -0.760 0.073 0.993 0.000 0.105 0.061 0.628 -0.000 -0.777 0.050 0.989 0.000 0.121 0.080 
-0.670 0.023 -0.052 -0.740 0.717 -0.000 -0.690 0.097 0.973 0.000 0.027 -0.230 0.704 0.000 -0.707 0.062 0.715 0.000 0.307 -0.629 0.645 0.000 -0.760 0.072 0.993 0.000 0.105 0.061 0.628 0.000 -0.777 0.050 0.989 0.000 0.121 0.080 
-0.670 0.023 -0.051 -0.741 0.717 0.000 -0.690 0.096 0.973 0.000 0.027 -0.230 0.704 0.000 -0.708 0.059 0.716 -0.000 0.294 -0.633 0.645 0.000 -0.760 0.072 0.993 -0.000 0.105 0.061 0.628 0.000 -0.777 0.050 0.989 0.000 0.121 0.080 
-0.669 0.023 -0.051 -0.741 0.717 0.000 -0.690 0.096 0.973 0.000 0.027 -0.230 0.704 0.000 -0.708 0.057 0.718 -0.000 0.279 -0.638 0.645 0.000 -0.760 0.072 0.993 0.000 0.105 0.062 0.628 0.000 -0.777 0.049 0.989 -0.000 0.121 0.080 
-0.669 0.023 -0.051 -0.741 0.717 0.000 -0.690 0.096 0.973 0.000 0.028 -0.230 0.704 0.000 -0.708 0.055 0.719 0.000 0.264 -0.642 0.645 -0.000 -0.760 0.072 0.993 0.000 0.105 0.061 0.628 0.000 -0.777 0.049 0.989 0.000 0.121 0.080 
-0.668 0.022 -0.051 -0.742 0.717 0.000 -0.690 0.096 0.973 0.000 0.028 -0.230 0.704 -0.000 -0.708 0.053 0.721 -0.000 0.250 -0.646 0.646 -0.000 -0.760 0.071 0.993 0.000 0.105 0.062 0.628 0.000 -0.777 0.048 0.989 0.000 0.121 0.081 
-0.668 0.022 -0.051 -0.742 0.717 0.000 -0.690 0.096 0.973 0.000 0.028 -0.230 0.705 0.000 -0.708 0.050 0.723 0.000 0.234 -0.650 0.646 0.000 -0.760 0.071 0.993 0.000 0.105 0.062 0.628 0.000 -0.777 0.048 0.989 0.000 0.121 0.081 
-0.667 0.022 -0.051 -0.743 0.717 0.000 -0.690 0.095 0.973 0.000 0.028 -0.230 0.705 -0.000 -0.707 0.048 0.725 0.000 0.218 -0.654 0.646 0.000 -0.760 0.071 0.993 0.000 0.105 0.062 0.628 0.000 -0.777 0.047 0.989 0.000 0.121 0.081 
-0.667 0.022 -0.051 -0.743 0.717 -0.000 -0.690 0.095 0.973 0.000 0.028 -0.230 0.705 0.000 -0.707 0.046 0.727 -0.000 0.202 -0.657 0.646 0.000 -0.760 0.070 0.993 0.000 0.105 0.062 0.628 0.000 -0.777 0.046 0.989 0.000 0.121 0.081 
-0.666 0.022 -0.051 -0.744 0.717 0.000 -0.691 0.094 0.973 0.000 0.029 -0.230 0.706 0.000 -0.707 0.043 0.729 0.000 0.186 -0.659 0.646 0.000 -0.760 0.070 0.993 0.000 0.104 0.063 0.628 0.000 -0.777 0.045 0.989 0.000 0.121 0.082 
-0.666 0.022 -0.051 -0.744 0.717 -0.000 -0.691 0.094 0.973 0.000 0.029 -0.230 0.706 -0.000 -0.707 0.040 0.731 0.000 0.170 -0.661 0.646 0.000 -0.760 0.069 0.993 0.000 0.104 0.063 0.627 -0.000 -0.777 0.044 0.989 0.000 0.121 0.082 
-0.666 0.021 -0.051 -0.744 0.717 -0.000 -0.691 0.094 0.973 0.000 0.029 -0.230 0.706 -0.000 -0.707 0.037 0.733 0.000 0.150 -0.664 0.646 0.000 -0.760 0.069 0.993 0.000 0.104 0.063 0.627 0.000 -0.777 0.044 0.989 0.000 0.121 0.082 
-0.665 0.021 -0.051 -0.745 0.717 0.000 -0.691 0.094 0.973 0.000 0.029 -0.230 0.707 -0.000 -0.706 0.034 0.735 -0.000 0.133 -0.665 0.646 0.000 -0.760 0.068 0.993 -0.000 0.104 0.063 0.627 0.000 -0.777 0.043 0.989 0.000 0.121 0.082 
-0.665 0.021 -0.051 -0.745 0.717 0.000 -0.691 0.094 0.973 0.000 0.029 -0.230 0.707 0.000 -0.706 0.030 0.737 0.000 0.117 -0.666 0.646 0.000 -0.760 0.068 0.993 0.000 0.104 0.063 0.627 0.000 -0.778 0.043 0.989 0.000 0.121 0.082 
-0.666 0.021 -0.050 -0.744 0.717 -0.000 -0.691 0.093 0.973 0.000 0.028 -0.231 0.708 0.000 -0.706 0.026 0.739 0.000 0.103 -0.666 0.645 -0.000 -0.761 0.066 0.992 0.000 0.105 0.064 0.627 0.000 -0.778 0.042 0.989 0.000 0.120 0.083 
-0.665 0.020 -0.050 -0.744 0.717 0.000 -0.691 0.093 0.973 0.000 0.028 -0.231 0.708 0.000 -0.706 0.022 0.741 0.000 0.090 -0.666 0.645 -0.000 -0.761 0.065 0.992 0.000 0.105 0.064 0.627 0.000 -0.778 0.041 0.989 0.000 0.120 0.083 
-0.665 0.020 -0.050 -0.745 0.718 0.000 -0.690 0.092 0.973 0.000 0.028 -0.231 0.708 0.000 -0.706 0.018 0.742 0.000 0.077 -0.666 0.646 0.000 -0.761 0.065 0.992 -0.000 0.105 0.065 0.627 0.000 -0.778 0.040 0.989 0.000 0.120 0.083 
-0.665 0.019 -0.050 -0.745 0.718 0.000 -0.690 0.092 0.973 0.000 0.028 -0.231 0.709 0.000 -0.706 0.014 0.745 0.000 0.061 -0.665 0.646 -0.000 -0.761 0.064 0.992 0.000 0.105 0.065 0.627 0.000 -0.778 0.039 0.989 0.000 0.120 0.083 
-0.664 0.019 -0.050 -0.745 0.718 0.000 -0.690 0.091 0.973 0.000 0.029 -0.231 0.709 0.000 -0.705 0.009 0.747 0.000 0.044 -0.663 0.646 -0.000 -0.761 0.063 0.992 -0.000 0.105 0.065 0.627 0.000 -0.778 0.038 0.989 0.000 0.120 0.084 
-0.664 0.019 -0.050 -0.746 0.718 0.000 -0.690 0.091 0.973 0.000 0.029 -0.231 0.710 0.000 -0.704 0.005 0.750 0.000 0.024 -0.661 0.646 0.000 -0.761 0.063 0.992 0.000 0.105 0.065 0.627 -0.000 -0.778 0.037 0.989 0.000 0.120 0.084 
-0.664 0.019 -0.049 -0.746 0.718 0.000 -0.690 0.091 0.973 0.000 0.029 -0.231 0.711 0.000 -0.703 0.000 0.752 0.000 0.006 -0.659 0.646 0.000 -0.761 0.062 0.992 0.000 0.105 0.065 0.627 0.000 -0.778 0.036 0.989 0.000 0.120 0.084 
-0.664 0.019 -0.049 -0.746 0.718 -0.000 -0.690 0.090 0.973 0.000 0.029 -0.231 0.711 0.000 -0.703 -0.005 0.754 0.000 -0.007 -0.656 0.645 0.000 -0.761 0.062 0.992 0.000 0.105 0.065 0.627 0.000 -0.779 0.036 0.989 -0.000 0.120 0.084 
-0.664 0.018 -0.049 -0.746 0.718 0.000 -0.690 0.090 0.973 0.000 0.029 -0.231 0.712 -0.000 -0.703 -0.009 0.756 0.000 -0.023 -0.654 0.646 0.000 -0.761 0.061 0.992 0.000 0.105 0.065 0.627 0.000 -0.778 0.035 0.989 0.000 0.120 0.084 
-0.663 0.018 -0.049 -0.746 0.718 0.000 -0.690 0.090 0.973 0.000 0.029 -0.231 0.712 0.000 -0.703 -0.014 0.758 0.000 -0.038 -0.651 0.645 -0.000 -0.761 0.060 0.992 0.000 0.105 0.065 0.627 0.000 -0.779 0.034 0.989 -0.000 0.120 0.084 
-0.663 0.018 -0.048 -0.747 0.718 0.000 -0.690 0.089 0.973 0.000 0.029 -0.231 0.712 0.000 -0.702 -0.019 0.760 0.000 -0.052 -0.647 0.645 -0.000 -0.761 0.060 0.992 -0.000 0.105 0.065 0.627 0.000 -0.779 0.034 0.989 0.000 0.120 0.085 
-0.663 0.018 -0.048 -0.747 0.718 0.000 -0.690 0.088 0.973 0.000 0.029 -0.230 0.712 -0.000 -0.702 -0.023 0.762 0.000 -0.067 -0.644 0.645 0.000 -0.761 0.059 0.992 0.000 0.105 0.066 0.627 0.000 -0.778 0.033 0.989 0.000 0.120 0.085 
-0.663 0.018 -0.048 -0.747 0.718 0.000 -0.690 0.088 0.973 -0.000 0.029 -0.230 0.712 -0.000 -0.702 -0.029 0.764 0.000 -0.080 -0.640 0.645 0.000 -0.762 0.059 0.992 0.000 0.105 0.065 0.627 -0.000 -0.779 0.032 0.989 -0.000 0.120 0.085 
-0.663 0.017 -0.048 -0.747 0.718 0.000 -0.691 0.087 0.973 0.000 0.031 -0.230 0.712 0.000 -0.702 -0.033 0.765 0.000 -0.092 -0.637 0.645 0.000 -0.762 0.058 0.992 0.000 0.105 0.066 0.627 0.000 -0.779 0.032 0.989 0.000 0.120 0.085 
-0.662 0.017 -0.048 -0.748 0.718 -0.000 -0.691 0.087 0.973 -0.000 0.031 -0.230 0.711 0.000 -0.702 -0.039 0.768 0.000 -0.109 -0.632 0.645 0.000 -0.762 0.058 0.992 -0.000 0.105 0.066 0.627 -0.000 -0.779 0.031 0.989 0.000 0.120 0.085 
-0.662 0.017 -0.047 -0.748 0.718 0.000 -0.691 0.086 0.973 -0.000 0.031 -0.230 0.711 -0.000 -0.701 -0.044 0.770 0.000 -0.125 -0.626 0.645 0.000 -0.762 0.057 0.992 0.000 0.105 0.066 0.627 0.000 -0.779 0.030 0.989 0.000 0.120 0.085 
-0.662 0.017 -0.047 -0.748 0.718 0.000 -0.691 0.085 0.973 0.000 0.032 -0.230 0.711 0.000 -0.701 -0.049 0.771 0.000 -0.140 -0.621 0.645 0.000 -0.762 0.056 0.992 0.000 0.105 0.066 0.627 -0.000 -0.779 0.029 0.989 0.000 0.120 0.085 
-0.662 0.016 -0.047 -0.748 0.718 0.000 -0.691 0.085 0.973 0.000 0.032 -0.230 0.711 0.000 -0.701 -0.053 0.773 0.000 -0.156 -0.615 0.645 0.000 -0.762 0.055 0.992 0.000 0.105 0.066 0.627 0.000 -0.779 0.028 0.989 0.000 0.119 0.085 
-0.662 0.016 -0.046 -0.748 0.718 0.000 -0.691 0.085 0.973 0.000 0.032 -0.230 0.711 0.000 -0.701 -0.058 0.775 0.000 -0.169 -0.609 0.645 0.000 -0.762 0.055 0.992 0.000 0.105 0.067 0.627 0.000 -0.779 0.028 0.989 0.000 0.119 0.085 
-0.662 0.016 -0.046 -0.748 0.718 0.000 -0.691 0.084 0.973 0.000 0.032 -0.230 0.710 0.000 -0.701 -0.063 0.776 -0.000 -0.183 -0.603 0.645 0.000 -0.762 0.054 0.992 0.000 0.104 0.067 0.627 0.000 -0.779 0.027 0.989 0.000 0.119 0.085 
-0.662 0.016 -0.046 -0.748 0.718 0.000 -0.691 0.084 0.973 -0.000 0.032 -0.231 0.710 0.000 -0.701 -0.067 0.778 0.000 -0.197 -0.596 0.645 0.000 -0.762 0.053 0.992 0.000 0.104 0.067 0.627 0.000 -0.779 0.026 0.989 0.000 0.119 0.085 
-0.662 0.016 -0.046 -0.748 0.718 0.000 -0.691 0.083 0.973 0.000 0.032 -0.231 0.711 -0.000 -0.700 -0.072 0.780 0.000 -0.211 -0.589 0.645 0.000 -0.762 0.053 0.992 0.000 0.104 0.067 0.627 0.000 -0.779 0.026 0.989 -0.000 0.119 0.085 
-0.662 0.015 -0.045 -0.748 0.719 0.000 -0.690 0.084 0.972 0.000 0.031 -0.231 0.710 0.000 -0.700 -0.077 0.781 0.000 -0.219 -0.585 0.645 0.000 -0.762 0.052 0.992 0.000 0.104 0.067 0.627 0.000 -0.779 0.026 0.989 0.000 0.119 0.085 
-0.662 0.015 -0.045 -0.748 0.719 0.000 -0.690 0.083 0.972 0.000 0.031 -0.232 0.709 0.000 -0.701 -0.082 0.783 0.000 -0.232 -0.577 0.645 0.000 -0.762 0.051 0.992 0.000 0.104 0.068 0.627 0.000 -0.779 0.025 0.989 0.000 0.119 0.085 
-0.662 0.015 -0.045 -0.748 0.719 0.000 -0.690 0.083 0.972 0.000 0.031 -0.232 0.708 0.000 -0.701 -0.086 0.785 0.000 -0.245 -0.569 0.645 0.000 -0.762 0.051 0.992 0.000 0.104 0.068 0.627 0.000 -0.779 0.025 0.989 0.000 0.119 0.085 
-0.662 0.015 -0.045 -0.748 0.719 0.000 -0.690 0.082 0.972 0.000 0.031 -0.232 0.707 0.000 -0.701 -0.090 0.786 0.000 -0.259 -0.561 0.645 0.000 -0.762 0.050 0.992 0.000 0.104 0.068 0.627 0.000 -0.779 0.024 0.989 0.000 0.119 0.085 
-0.663 0.015 -0.044 -0.748 0.719 0.000 -0.690 0.082 0.972 0.000 0.031 -0.232 0.705 0.000 -0.702 -0.095 0.788 0.000 -0.268 -0.554 0.645 0.000 -0.762 0.049 0.992 -0.000 0.104 0.068 0.627 0.000 -0.779 0.024 0.989 0.000 0.119 0.085 
-0.663 0.015 -0.044 -0.747 0.719 0.000 -0.690 0.081 0.972 -0.000 0.031 -0.232 0.704 -0.000 -0.703 -0.099 0.790 0.000 -0.280 -0.546 0.645 0.000 -0.762 0.049 0.992 0.000 0.104 0.068 0.627 -0.000 -0.779 0.023 0.989 -0.000 0.119 0.085 
-0.663 0.014 -0.044 -0.747 0.719 0.000 -0.690 0.081 0.972 0.000 0.031 -0.232 0.703 -0.000 -0.703 -0.104 0.791 0.000 -0.292 -0.537 0.645 0.000 -0.762 0.048 0.992 0.000 0.104 0.068 0.627 0.000 -0.779 0.023 0.989 0.000 0.119 0.085 
-0.663 0.014 -0.044 -0.747 0.719 0.000 -0.690 0.081 0.972 0.000 0.031 -0.231 0.702 -0.000 -0.704 -0.108 0.793 0.000 -0.303 -0.529 0.645 0.000 -0.762 0.048 0.992 0.000 0.104 0.068 0.627 0.000 -0.779 0.022 0.989 0.000 0.119 0.085 
-0.663 0.014 -0.044 -0.747 0.719 0.000 -0.690 0.080 0.972 0.000 0.031 -0.231 0.701 0.000 -0.704 -0.112 0.794 -0.000 -0.314 -0.521 0.645 0.000 -0.762 0.047 0.992 0.000 0.104 0.068 0.627 0.000 -0.779 0.022 0.989 -0.000 0.119 0.086 
-0.663 0.014 -0.043 -0.747 0.719 0.000 -0.691 0.079 0.972 0.000 0.032 -0.231 0.702 0.000 -0.703 -0.116 0.794 0.000 -0.327 -0.512 0.645 0.000 -0.762 0.047 0.992 0.000 0.104 0.068 0.627 0.000 -0.779 0.022 0.989 0.000 0.118 0.085 
-0.664 0.014 -0.043 -0.747 0.719 0.000 -0.691 0.079 0.972 0.000 0.032 -0.231 0.701 0.000 -0.703 -0.120 0.795 0.000 -0.338 -0.503 0.645 0.000 -0.762 0.047 0.992 0.000 0.104 0.068 0.627 0.000 -0.779 0.021 0.989 0.000 0.118 0.086 
-0.664 0.014 -0.043 -0.747 0.719 0.000 -0.691 0.079 0.972 0.000 0.032 -0.231 0.700 0.000 -0.703 -0.124 0.796 0.000 -0.349 -0.494 0.645 0.000 -0.762 0.046 0.992 0.000 0.104 0.068 0.627 0.000 -0.779 0.021 0.989 -0.000 0.118 0.086 
-0.664 0.014 -0.043 -0.746 0.719 0.000 -0.691 0.078 0.972 0.000 0.032 -0.231 0.699 0.000 -0.703 -0.127 0.797 0.000 -0.359 -0.486 0.645 0.000 -0.762 0.046 0.992 0.000 0.104 0.068 0.627 0.000 -0.779 0.021 0.989 0.000 0.118 0.086 
-0.664 0.013 -0.043 -0.746 0.719 0.000 -0.691 0.078 0.973 -0.000 0.032 -0.231 0.699 0.000 -0.704 -0.130 0.798 0.000 -0.369 -0.477 0.645 0.000 -0.762 0.046 0.992 0.000 0.104 0.068 0.627 -0.000 -0.779 0.021 0.989 0.000 0.118 0.086 
-0.664 0.013 -0.043 -0.746 0.719 0.000 -0.691 0.078 0.972 -0.000 0.032 -0.231 0.698 -0.000 -0.703 -0.134 0.798 0.000 -0.379 -0.468 0.645 0.000 -0.762 0.046 0.992 0.000 0.104 0.067 0.627 0.000 -0.779 0.020 0.989 0.000 0.118 0.086 
-0.665 0.013 -0.042 -0.746 0.718 0.000 -0.691 0.077 0.972 0.000 0.032 -0.231 0.697 -0.000 -0.704 -0.138 0.799 0.000 -0.389 -0.458 0.645 0.000 -0.762 0.045 0.992 0.000 0.104 0.067 0.627 -0.000 -0.779 0.020 0.989 0.000 0.118 0.086 
-0.665 0.013 -0.042 -0.746 0.718 0.000 -0.691 0.077 0.973 0.000 0.032 -0.231 0.696 0.000 -0.704 -0.140 0.799 0.000 -0.399 -0.450 0.646 -0.000 -0.762 0.045 0.992 0.000 0.103 0.067 0.627 0.000 -0.779 0.020 0.989 0.000 0.118 0.086 
-0.665 0.013 -0.042 -0.746 0.718 -0.000 -0.692 0.076 0.973 0.000 0.033 -0.230 0.695 0.000 -0.704 -0.144 0.800 0.000 -0.408 -0.439 0.646 0.000 -0.762 0.045 0.992 0.000 0.103 0.067 0.627 -0.000 -0.779 0.019 0.989 0.000 0.118 0.086 
-0.665 0.013 -0.042 -0.745 0.718 0.000 -0.692 0.076 0.973 -0.000 0.033 -0.230 0.694 -0.000 -0.705 -0.148 0.801 0.000 -0.416 -0.429 0.646 0.000 -0.762 0.044 0.992 0.000 0.103 0.067 0.627 -0.000 -0.779 0.019 0.989 -0.000 0.118 0.086 
-0.665 0.013 -0.042 -0.745 0.718 0.000 -0.692 0.075 0.973 0.000 0.033 -0.230 0.693 0.000 -0.705 -0.151 0.802 0.000 -0.426 -0.420 0.646 0.000 -0.762 0.044 0.992 0.000 0.103 0.067 0.627 0.000 -0.779 0.018 0.989 0.000 0.118 0.087 
-0.666 0.012 -0.041 -0.745 0.718 0.000 -0.692 0.075 0.972 0.000 0.033 -0.231 0.692 0.000 -0.705 -0.153 0.802 0.000 -0.436 -0.409 0.646 0.000 -0.762 0.044 0.992 0.000 0.103 0.067 0.627 0.000 -0.779 0.018 0.989 0.000 0.118 0.087 
-0.666 0.012 -0.041 -0.745 0.717 -0.000 -0.693 0.075 0.972 0.000 0.034 -0.230 0.692 -0.000 -0.705 -0.157 0.802 0.000 -0.444 -0.398 0.646 0.000 -0.762 0.043 0.992 0.000 0.103 0.067 0.627 0.000 -0.779 0.018 0.989 0.000 0.118 0.087 
-0.666 0.012 -0.041 -0.744 0.717 0.000 -0.693 0.075 0.973 0.000 0.034 -0.230 0.691 0.000 -0.705 -0.161 0.803 0.000 -0.453 -0.387 0.646 0.000 -0.762 0.044 0.992 0.000 0.103 0.067 0.627 0.000 -0.779 0.018 0.989 0.000 0.118 0.087 
-0.666 0.012 -0.041 -0.744 0.717 0.000 -0.693 0.074 0.973 0.000 0.034 -0.230 0.689 0.000 -0.705 -0.165 0.804 0.000 -0.461 -0.375 0.646 0.000 -0.762 0.043 0.993 0.000 0.102 0.066 0.627 0.000 -0.779 0.017 0.989 0.000 0.118 0.087 
-0.667 0.012 -0.041 -0.744 0.717 0.000 -0.693 0.074 0.973 0.000 0.034 -0.230 0.689 -0.000 -0.705 -0.168 0.804 0.000 -0.470 -0.364 0.646 0.000 -0.762 0.043 0.993 0.000 0.102 0.066 0.627 0.000 -0.779 0.017 0.989 0.000 0.118 0.087 
-0.667 0.012 -0.041 -0.744 0.717 0.000 -0.693 0.073 0.973 0.000 0.034 -0.230 0.689 -0.000 -0.704 -0.173 0.805 -0.000 -0.477 -0.353 0.646 0.000 -0.762 0.043 0.993 0.000 0.102 0.066 0.627 0.000 -0.779 0.017 0.989 0.000 0.118 0.088 
-0.667 0.012 -0.041 -0.744 0.717 -0.000 -0.693 0.073 0.973 0.000 0.034 -0.230 0.689 0.000 -0.702 -0.179 0.805 0.000 -0.485 -0.342 0.646 0.000 -0.762 0.043 0.993 0.000 0.102 0.066 0.627 0.000 -0.779 0.016 0.989 0.000 0.118 0.088 
-0.667 0.011 -0.041 -0.744 0.717 0.000 -0.693 0.073 0.973 0.000 0.034 -0.230 0.689 0.000 -0.702 -0.183 0.805 0.000 -0.493 -0.331 0.646 -0.000 -0.762 0.043 0.993 -0.000 0.102 0.066 0.626 0.000 -0.779 0.016 0.989 0.000 0.118 0.088 
-0.667 0.011 -0.041 -0.744 0.717 0.000 -0.693 0.073 0.973 0.000 0.034 -0.230 0.688 -0.000 -0.701 -0.188 0.805 0.000 -0.499 -0.319 0.646 -0.000 -0.762 0.043 0.993 -0.000 0.102 0.066 0.626 0.000 -0.779 0.015 0.989 0.000 0.118 0.089 
-0.667 0.011 -0.040 -0.744 0.717 0.000 -0.693 0.073 0.973 0.000 0.035 -0.230 0.688 0.000 -0.700 -0.192 0.805 0.000 -0.507 -0.309 0.647 -0.000 -0.762 0.042 0.993 0.000 0.102 0.066 0.626 -0.000 -0.779 0.015 0.989 -0.000 0.117 0.089 
-0.667 0.011 -0.040 -0.744 0.717 0.000 -0.694 0.073 0.973 -0.000 0.035 -0.230 0.688 0.000 -0.698 -0.198 0.805 0.000 -0.513 -0.298 0.647 0.000 -0.762 0.042 0.993 -0.000 0.102 0.066 0.626 0.000 -0.779 0.015 0.989 0.000 0.118 0.089 
-0.666 0.011 -0.040 -0.744 0.717 0.000 -0.694 0.072 0.973 0.000 0.035 -0.230 0.688 0.000 -0.697 -0.202 0.804 0.000 -0.520 -0.288 0.647 -0.000 -0.762 0.041 0.993 0.000 0.102 0.066 0.626 0.000 -0.779 0.014 0.989 0.000 0.118 0.089 
-0.666 0.011 -0.040 -0.745 0.717 0.000 -0.694 0.072 0.973 -0.000 0.035 -0.230 0.688 -0.000 -0.696 -0.207 0.804 -0.000 -0.525 -0.279 0.647 0.000 -0.762 0.041 0.993 0.000 0.102 0.066 0.626 -0.000 -0.779 0.013 0.989 0.000 0.118 0.090 
-0.666 0.010 -0.040 -0.745 0.716 0.000 -0.694 0.072 0.973 0.000 0.035 -0.230 0.688 -0.000 -0.694 -0.211 0.803 0.000 -0.530 -0.270 0.646 -0.000 -0.762 0.040 0.993 0.000 0.102 0.067 0.626 0.000 -0.779 0.012 0.989 0.000 0.118 0.090 
-0.666 0.010 -0.039 -0.745 0.716 0.000 -0.694 0.072 0.973 -0.000 0.035 -0.229 0.688 0.000 -0.693 -0.216 0.803 0.000 -0.535 -0.263 0.646 0.000 -0.762 0.040 0.993 0.000 0.102 0.067 0.626 0.000 -0.780 0.012 0.989 -0.000 0.118 0.090 
-0.666 0.010 -0.039 -0.745 0.716 0.000 -0.694 0.071 0.973 0.000 0.035 -0.229 0.688 0.000 -0.691 -0.221 0.802 0.000 -0.539 -0.255 0.646 -0.000 -0.762 0.039 0.992 0.000 0.102 0.067 0.626 0.000 -0.780 0.011 0.989 0.000 0.118 0.090 
-0.665 0.010 -0.039 -0.746 0.716 0.000 -0.694 0.071 0.973 0.000 0.036 -0.229 0.688 0.000 -0.690 -0.223 0.802 0.000 -0.543 -0.249 0.646 0.000 -0.762 0.039 0.992 -0.000 0.102 0.068 0.626 0.000 -0.780 0.011 0.989 0.000 0.118 0.090 
-0.665 0.010 -0.039 -0.746 0.716 0.000 -0.694 0.071 0.973 0.000 0.036 -0.229 0.688 0.000 -0.688 -0.228 0.801 0.000 -0.547 -0.243 0.646 0.000 -0.762 0.038 0.992 0.000 0.102 0.068 0.626 0.000 -0.780 0.010 0.989 0.000 0.118 0.091 
-0.665 0.010 -0.038 -0.746 0.716 -0.000 -0.694 0.070 0.973 0.000 0.036 -0.229 0.688 0.000 -0.687 -0.231 0.800 0.000 -0.550 -0.240 0.646 0.000 -0.762 0.037 0.992 0.000 0.102 0.069 0.626 0.000 -0.780 0.009 0.989 0.000 0.118 0.091 
-0.664 0.009 -0.038 -0.746 0.716 0.000 -0.694 0.069 0.973 0.000 0.037 -0.228 0.689 0.000 -0.686 -0.235 0.799 0.000 -0.553 -0.235 0.646 -0.000 -0.762 0.036 0.992 0.000 0.102 0.069 0.626 -0.000 -0.780 0.008 0.989 0.000 0.118 0.091 
-0.664 0.009 -0.038 -0.747 0.716 0.000 -0.695 0.069 0.973 0.000 0.037 -0.229 0.689 0.000 -0.684 -0.238 0.798 0.000 -0.556 -0.232 0.646 0.000 -0.763 0.036 0.992 0.000 0.102 0.070 0.626 -0.000 -0.779 0.008 0.989 0.000 0.118 0.091 
-0.664 0.009 -0.038 -0.747 0.716 0.000 -0.695 0.069 0.973 0.000 0.037 -0.229 0.690 0.000 -0.683 -0.242 0.797 -0.000 -0.558 -0.230 0.646 0.000 -0.763 0.035 0.992 0.000 0.102 0.070 0.626 -0.000 -0.779 0.007 0.989 0.000 0.118 0.092 
-0.663 0.009 -0.037 -0.747 0.716 0.000 -0.695 0.069 0.973 0.000 0.037 -0.229 0.690 0.000 -0.682 -0.244 0.797 -0.000 -0.560 -0.228 0.646 0.000 -0.763 0.035 0.992 0.000 0.102 0.071 0.626 0.000 -0.779 0.007 0.989 0.000 0.118 0.092 
-0.663 0.009 -0.037 -0.747 0.716 -0.000 -0.695 0.068 0.973 0.000 0.038 -0.229 0.691 -0.000 -0.680 -0.247 0.796 -0.000 -0.562 -0.228 0.646 0.000 -0.763 0.034 0.992 -0.000 0.102 0.071 0.626 -0.000 -0.779 0.007 0.989 0.000 0.118 0.092 
-0.663 0.009 -0.037 -0.748 0.716 0.000 -0.695 0.068 0.973 -0.000 0.038 -0.229 0.691 0.000 -0.679 -0.249 0.795 0.000 -0.563 -0.226 0.646 0.000 -0.763 0.033 0.992 -0.000 0.102 0.072 0.626 0.000 -0.779 0.006 0.989 0.000 0.117 0.092 
