# T   LUA LFA RUA RFA LT  LS  RT  RS  
0.674 0.011 -0.039 -0.737 0.749 0.000 -0.662 0.024 0.949 0.000 -0.039 0.312 0.768 0.000 -0.641 0.010 0.956 0.000 -0.039 0.292 0.698 0.000 -0.709 0.102 0.980 0.000 -0.153 -0.131 0.743 0.000 -0.647 0.173 0.959 0.000 -0.139 -0.246 
0.673 0.012 -0.039 -0.738 0.748 -0.000 -0.663 0.022 0.950 0.000 -0.037 0.310 0.769 0.000 -0.639 0.012 0.956 0.000 -0.039 0.290 0.699 0.000 -0.708 0.104 0.979 0.000 -0.158 -0.133 0.742 0.000 -0.647 0.174 0.959 -0.000 -0.136 -0.248 
0.673 0.012 -0.039 -0.739 0.748 0.000 -0.663 0.020 0.950 0.000 -0.038 0.309 0.770 0.000 -0.637 0.013 0.956 -0.000 -0.039 0.290 0.700 0.000 -0.706 0.105 0.977 0.000 -0.163 -0.135 0.742 0.000 -0.647 0.175 0.959 0.000 -0.134 -0.250 
0.672 0.012 -0.039 -0.739 0.747 0.000 -0.664 0.018 0.951 0.000 -0.036 0.307 0.771 0.000 -0.636 0.015 0.956 0.000 -0.038 0.289 0.701 0.000 -0.705 0.107 0.976 0.000 -0.168 -0.137 0.741 0.000 -0.647 0.177 0.958 0.000 -0.132 -0.253 
0.672 0.012 -0.038 -0.740 0.747 0.000 -0.665 0.016 0.952 -0.000 -0.036 0.305 0.772 0.000 -0.635 0.016 0.956 0.000 -0.037 0.289 0.702 0.000 -0.704 0.109 0.975 0.000 -0.172 -0.139 0.741 -0.000 -0.647 0.179 0.958 0.000 -0.131 -0.255 
0.672 0.011 -0.038 -0.740 0.747 0.000 -0.665 0.014 0.952 0.000 -0.034 0.303 0.773 0.000 -0.634 0.017 0.957 0.000 -0.036 0.289 0.703 0.000 -0.702 0.112 0.974 0.000 -0.176 -0.142 0.740 0.000 -0.647 0.183 0.957 0.000 -0.129 -0.258 
0.672 0.011 -0.038 -0.740 0.747 0.000 -0.665 0.014 0.954 0.000 -0.033 0.298 0.773 0.000 -0.634 0.018 0.956 0.000 -0.035 0.291 0.704 -0.000 -0.701 0.115 0.973 0.000 -0.180 -0.144 0.738 0.000 -0.648 0.186 0.957 0.000 -0.126 -0.261 
0.671 0.010 -0.038 -0.740 0.746 0.000 -0.666 0.014 0.955 0.000 -0.032 0.295 0.773 0.000 -0.634 0.019 0.956 0.000 -0.033 0.291 0.705 0.000 -0.699 0.118 0.972 0.000 -0.184 -0.146 0.736 0.000 -0.649 0.191 0.956 0.000 -0.123 -0.266 
0.671 0.008 -0.038 -0.740 0.747 0.000 -0.665 0.013 0.956 0.000 -0.032 0.292 0.773 0.000 -0.634 0.020 0.956 -0.000 -0.031 0.292 0.706 0.000 -0.698 0.121 0.971 0.000 -0.187 -0.148 0.733 0.000 -0.651 0.197 0.955 0.000 -0.118 -0.272 
0.671 0.007 -0.037 -0.741 0.747 0.000 -0.665 0.012 0.957 0.000 -0.030 0.289 0.774 0.000 -0.633 0.021 0.956 0.000 -0.030 0.293 0.707 0.000 -0.696 0.124 0.970 0.000 -0.190 -0.150 0.730 0.000 -0.652 0.205 0.953 -0.000 -0.115 -0.281 
0.670 0.006 -0.036 -0.741 0.747 0.000 -0.664 0.011 0.958 -0.000 -0.030 0.286 0.774 0.000 -0.633 0.022 0.955 0.000 -0.029 0.295 0.708 -0.000 -0.694 0.126 0.969 0.000 -0.192 -0.152 0.726 0.000 -0.653 0.215 0.950 0.000 -0.112 -0.291 
0.669 0.005 -0.035 -0.742 0.748 0.000 -0.663 0.010 0.959 0.000 -0.029 0.282 0.773 0.000 -0.634 0.021 0.955 0.000 -0.028 0.297 0.710 0.000 -0.693 0.126 0.969 0.000 -0.195 -0.153 0.722 0.000 -0.654 0.225 0.947 0.000 -0.111 -0.303 
0.669 0.004 -0.034 -0.743 0.749 0.000 -0.663 0.009 0.960 0.000 -0.030 0.279 0.774 0.000 -0.633 0.023 0.954 0.000 -0.029 0.298 0.711 0.000 -0.691 0.128 0.968 0.000 -0.197 -0.154 0.719 0.000 -0.653 0.238 0.942 0.000 -0.113 -0.316 
0.668 0.003 -0.034 -0.743 0.749 0.000 -0.663 0.008 0.961 0.000 -0.028 0.276 0.774 -0.000 -0.633 0.023 0.953 0.000 -0.028 0.301 0.712 0.000 -0.690 0.130 0.967 0.000 -0.200 -0.155 0.716 0.000 -0.651 0.252 0.936 0.000 -0.120 -0.330 
0.668 0.002 -0.033 -0.744 0.750 0.000 -0.662 0.006 0.962 0.000 -0.030 0.273 0.774 0.000 -0.632 0.023 0.953 0.000 -0.027 0.303 0.713 0.000 -0.689 0.132 0.967 -0.000 -0.201 -0.157 0.715 0.000 -0.647 0.267 0.929 0.000 -0.131 -0.345 
0.668 0.000 -0.032 -0.743 0.750 0.000 -0.661 0.005 0.962 0.000 -0.030 0.270 0.774 0.000 -0.633 0.023 0.952 0.000 -0.026 0.306 0.714 0.000 -0.687 0.134 0.966 0.000 -0.203 -0.158 0.713 0.000 -0.642 0.283 0.921 -0.000 -0.145 -0.361 
0.668 -0.001 -0.032 -0.743 0.751 0.000 -0.660 0.003 0.963 0.000 -0.032 0.268 0.774 -0.000 -0.632 0.023 0.951 0.000 -0.026 0.309 0.715 -0.000 -0.685 0.136 0.966 0.000 -0.205 -0.160 0.711 0.000 -0.636 0.300 0.912 -0.000 -0.162 -0.377 
0.669 -0.002 -0.031 -0.743 0.752 0.000 -0.659 0.003 0.964 0.000 -0.032 0.266 0.774 0.000 -0.633 0.022 0.950 0.000 -0.025 0.313 0.716 0.000 -0.684 0.138 0.965 0.000 -0.207 -0.162 0.709 0.000 -0.630 0.317 0.903 -0.000 -0.179 -0.391 
0.670 -0.004 -0.030 -0.742 0.753 0.000 -0.658 0.002 0.964 0.000 -0.034 0.263 0.774 0.000 -0.633 0.021 0.948 0.000 -0.024 0.316 0.718 0.000 -0.682 0.140 0.964 0.000 -0.208 -0.164 0.707 -0.000 -0.623 0.333 0.893 0.000 -0.198 -0.405 
0.671 -0.006 -0.029 -0.741 0.754 0.000 -0.657 0.001 0.965 0.000 -0.036 0.261 0.774 -0.000 -0.633 0.020 0.947 0.000 -0.024 0.319 0.718 0.000 -0.681 0.143 0.964 0.000 -0.208 -0.166 0.705 0.000 -0.617 0.349 0.882 0.000 -0.217 -0.418 
0.672 -0.007 -0.028 -0.740 0.755 0.000 -0.656 -0.001 0.965 0.000 -0.038 0.259 0.773 0.000 -0.634 0.019 0.946 -0.000 -0.023 0.323 0.719 0.000 -0.679 0.145 0.963 0.000 -0.209 -0.169 0.703 0.000 -0.610 0.365 0.871 -0.000 -0.238 -0.429 
0.673 -0.009 -0.026 -0.739 0.756 0.000 -0.654 -0.001 0.966 0.000 -0.039 0.256 0.773 0.000 -0.634 0.018 0.945 0.000 -0.023 0.326 0.720 0.000 -0.678 0.148 0.963 0.000 -0.209 -0.172 0.700 -0.000 -0.604 0.380 0.862 0.000 -0.256 -0.438 
0.674 -0.011 -0.025 -0.738 0.758 0.000 -0.652 -0.001 0.966 0.000 -0.041 0.254 0.772 0.000 -0.635 0.017 0.944 0.000 -0.022 0.329 0.721 0.000 -0.676 0.150 0.962 0.000 -0.208 -0.175 0.698 0.000 -0.597 0.396 0.850 0.000 -0.278 -0.448 
0.675 -0.013 -0.023 -0.737 0.759 0.000 -0.651 -0.002 0.967 0.000 -0.042 0.251 0.771 0.000 -0.636 0.016 0.943 0.000 -0.021 0.331 0.722 0.000 -0.675 0.152 0.962 0.000 -0.206 -0.178 0.695 0.000 -0.589 0.412 0.838 0.000 -0.300 -0.456 
0.676 -0.015 -0.021 -0.736 0.761 0.000 -0.649 -0.002 0.968 0.000 -0.043 0.249 0.771 0.000 -0.637 0.015 0.942 0.000 -0.021 0.334 0.722 0.000 -0.674 0.155 0.962 0.000 -0.205 -0.181 0.692 0.000 -0.582 0.427 0.827 0.000 -0.322 -0.462 
0.678 -0.017 -0.019 -0.735 0.763 0.000 -0.647 -0.002 0.968 0.000 -0.045 0.247 0.769 0.000 -0.639 0.014 0.942 0.000 -0.020 0.335 0.723 0.000 -0.673 0.157 0.962 0.000 -0.202 -0.186 0.690 0.000 -0.574 0.441 0.816 0.000 -0.344 -0.465 
0.679 -0.020 -0.017 -0.734 0.764 0.000 -0.645 -0.003 0.968 0.000 -0.045 0.245 0.768 0.000 -0.641 0.012 0.941 0.000 -0.018 0.338 0.723 0.000 -0.672 0.160 0.962 0.000 -0.198 -0.190 0.687 0.000 -0.566 0.456 0.805 0.000 -0.366 -0.467 
0.679 -0.022 -0.015 -0.733 0.766 -0.000 -0.643 -0.003 0.969 0.000 -0.045 0.244 0.766 -0.000 -0.642 0.010 0.940 0.000 -0.018 0.341 0.723 0.000 -0.671 0.163 0.962 0.000 -0.194 -0.195 0.684 0.000 -0.558 0.471 0.794 0.000 -0.387 -0.468 
0.681 -0.024 -0.012 -0.732 0.767 0.000 -0.641 -0.004 0.969 -0.000 -0.046 0.242 0.765 0.000 -0.644 0.008 0.939 0.000 -0.016 0.342 0.723 0.000 -0.671 0.165 0.962 0.000 -0.188 -0.200 0.681 0.000 -0.550 0.484 0.785 0.000 -0.408 -0.467 
0.682 -0.027 -0.010 -0.731 0.769 0.000 -0.639 -0.004 0.969 0.000 -0.047 0.242 0.763 0.000 -0.647 0.007 0.939 -0.000 -0.015 0.344 0.722 0.000 -0.671 0.169 0.962 0.000 -0.182 -0.206 0.678 0.000 -0.542 0.497 0.775 0.000 -0.429 -0.464 
0.683 -0.030 -0.008 -0.730 0.771 0.000 -0.637 -0.004 0.969 0.000 -0.047 0.241 0.761 0.000 -0.649 0.005 0.938 0.000 -0.014 0.345 0.721 0.000 -0.671 0.172 0.962 0.000 -0.175 -0.212 0.675 0.000 -0.532 0.510 0.766 0.000 -0.450 -0.460 
0.683 -0.032 -0.006 -0.730 0.772 0.000 -0.636 -0.005 0.969 0.000 -0.047 0.241 0.760 0.000 -0.650 0.003 0.938 0.000 -0.013 0.347 0.720 0.000 -0.671 0.175 0.962 0.000 -0.168 -0.218 0.673 0.000 -0.522 0.524 0.756 0.000 -0.472 -0.454 
0.684 -0.035 -0.003 -0.728 0.773 0.000 -0.634 -0.006 0.969 -0.000 -0.047 0.241 0.758 0.000 -0.653 0.001 0.937 0.000 -0.012 0.348 0.719 0.000 -0.672 0.178 0.961 -0.000 -0.160 -0.224 0.671 0.000 -0.511 0.537 0.747 -0.000 -0.494 -0.445 
0.685 -0.037 -0.001 -0.728 0.775 -0.000 -0.632 -0.006 0.969 -0.000 -0.048 0.242 0.756 0.000 -0.655 -0.001 0.937 -0.000 -0.011 0.349 0.717 0.000 -0.673 0.181 0.961 0.000 -0.151 -0.230 0.669 0.000 -0.500 0.550 0.738 -0.000 -0.515 -0.436 
0.686 -0.040 0.001 -0.727 0.776 0.000 -0.630 -0.006 0.969 0.000 -0.049 0.242 0.754 0.000 -0.657 -0.003 0.937 0.000 -0.010 0.349 0.716 0.000 -0.674 0.184 0.961 0.000 -0.141 -0.236 0.667 0.000 -0.488 0.562 0.730 0.000 -0.536 -0.424 
0.687 -0.042 0.004 -0.726 0.777 0.000 -0.629 -0.007 0.969 0.000 -0.049 0.242 0.753 0.000 -0.658 -0.005 0.937 0.000 -0.009 0.349 0.713 0.000 -0.676 0.186 0.962 0.000 -0.131 -0.242 0.667 0.000 -0.476 0.573 0.722 -0.000 -0.556 -0.412 
0.687 -0.044 0.006 -0.725 0.779 0.000 -0.628 -0.006 0.969 0.000 -0.049 0.242 0.751 0.000 -0.660 -0.006 0.937 -0.000 -0.008 0.348 0.711 0.000 -0.678 0.188 0.962 0.000 -0.120 -0.247 0.665 0.000 -0.464 0.585 0.714 -0.000 -0.575 -0.399 
0.688 -0.047 0.008 -0.724 0.780 0.000 -0.626 -0.006 0.969 0.000 -0.050 0.243 0.749 0.000 -0.662 -0.007 0.938 0.000 -0.007 0.347 0.709 0.000 -0.680 0.190 0.962 0.000 -0.108 -0.253 0.664 0.000 -0.452 0.596 0.708 -0.000 -0.593 -0.384 
0.689 -0.049 0.010 -0.723 0.781 0.000 -0.624 -0.006 0.969 0.000 -0.050 0.243 0.747 0.000 -0.664 -0.008 0.938 0.000 -0.005 0.346 0.706 0.000 -0.682 0.192 0.961 0.000 -0.094 -0.258 0.662 0.000 -0.440 0.607 0.703 0.000 -0.609 -0.368 
0.689 -0.052 0.012 -0.723 0.783 0.000 -0.622 -0.006 0.968 0.000 -0.051 0.244 0.745 0.000 -0.666 -0.010 0.938 0.000 -0.003 0.346 0.703 0.000 -0.684 0.194 0.961 0.000 -0.081 -0.264 0.661 0.000 -0.427 0.616 0.698 0.000 -0.625 -0.351 
0.690 -0.054 0.014 -0.722 0.784 0.000 -0.621 -0.005 0.968 0.000 -0.052 0.245 0.744 0.000 -0.668 -0.011 0.939 0.000 -0.002 0.344 0.700 0.000 -0.688 0.195 0.961 0.000 -0.066 -0.268 0.660 0.000 -0.415 0.626 0.693 0.000 -0.639 -0.334 
0.690 -0.057 0.016 -0.721 0.785 0.000 -0.619 -0.004 0.968 0.000 -0.053 0.246 0.742 -0.000 -0.670 -0.012 0.940 0.000 -0.001 0.342 0.695 0.000 -0.692 0.194 0.962 0.000 -0.048 -0.269 0.660 -0.000 -0.402 0.635 0.689 0.000 -0.652 -0.317 
0.691 -0.059 0.017 -0.721 0.786 0.000 -0.618 -0.003 0.968 0.000 -0.053 0.247 0.741 0.000 -0.672 -0.012 0.941 -0.000 0.001 0.340 0.692 0.000 -0.696 0.192 0.962 -0.000 -0.031 -0.270 0.660 0.000 -0.389 0.643 0.686 -0.000 -0.663 -0.299 
0.691 -0.061 0.019 -0.720 0.787 0.000 -0.617 -0.002 0.967 0.000 -0.054 0.248 0.740 0.000 -0.673 -0.013 0.941 0.000 0.002 0.337 0.688 0.000 -0.700 0.190 0.963 0.000 -0.014 -0.268 0.660 -0.000 -0.376 0.651 0.683 -0.000 -0.674 -0.281 
0.692 -0.063 0.020 -0.719 0.788 0.000 -0.616 -0.001 0.967 0.000 -0.056 0.250 0.738 -0.000 -0.675 -0.015 0.942 0.000 0.004 0.336 0.686 0.000 -0.704 0.187 0.964 0.000 -0.000 -0.265 0.659 0.000 -0.364 0.658 0.682 -0.000 -0.682 -0.264 
0.693 -0.065 0.020 -0.718 0.788 0.000 -0.616 0.000 0.966 0.000 -0.057 0.251 0.737 0.000 -0.675 -0.015 0.943 0.000 0.006 0.334 0.684 0.000 -0.706 0.186 0.965 0.000 0.009 -0.262 0.660 0.000 -0.351 0.664 0.682 0.000 -0.689 -0.247 
0.693 -0.066 0.021 -0.718 0.788 0.000 -0.615 0.002 0.966 0.000 -0.057 0.252 0.736 0.000 -0.676 -0.016 0.943 0.000 0.008 0.332 0.684 0.000 -0.705 0.185 0.965 0.000 0.012 -0.260 0.662 0.000 -0.337 0.669 0.682 0.000 -0.696 -0.226 
0.693 -0.068 0.022 -0.717 0.789 -0.000 -0.615 0.003 0.966 -0.000 -0.057 0.254 0.736 0.000 -0.677 -0.016 0.945 0.000 0.012 0.328 0.686 0.000 -0.704 0.184 0.966 0.000 0.010 -0.259 0.662 0.000 -0.326 0.674 0.682 0.000 -0.700 -0.211 
0.693 -0.070 0.022 -0.717 0.789 0.000 -0.614 0.005 0.965 0.000 -0.059 0.255 0.735 -0.000 -0.678 -0.017 0.945 -0.000 0.012 0.326 0.688 0.000 -0.702 0.183 0.966 0.000 0.009 -0.258 0.661 -0.000 -0.316 0.681 0.684 0.000 -0.702 -0.199 
0.694 -0.071 0.024 -0.716 0.790 0.000 -0.613 0.005 0.965 -0.000 -0.060 0.255 0.734 0.000 -0.679 -0.018 0.947 0.000 0.014 0.322 0.689 0.000 -0.701 0.181 0.966 0.000 0.009 -0.257 0.661 0.000 -0.307 0.684 0.686 0.000 -0.704 -0.185 
0.694 -0.072 0.025 -0.716 0.790 0.000 -0.613 0.007 0.965 0.000 -0.061 0.256 0.732 0.000 -0.681 -0.019 0.948 0.000 0.015 0.319 0.691 0.000 -0.700 0.180 0.967 0.000 0.009 -0.256 0.661 0.000 -0.299 0.688 0.688 0.000 -0.705 -0.172 
0.694 -0.074 0.026 -0.715 0.791 0.000 -0.612 0.008 0.964 -0.000 -0.062 0.257 0.732 0.000 -0.681 -0.020 0.949 0.000 0.017 0.315 0.692 0.000 -0.700 0.179 0.967 0.000 0.011 -0.255 0.661 0.000 -0.291 0.692 0.692 -0.000 -0.705 -0.159 
0.694 -0.075 0.026 -0.715 0.791 -0.000 -0.612 0.009 0.964 0.000 -0.062 0.259 0.731 0.000 -0.682 -0.020 0.950 -0.000 0.015 0.312 0.693 0.000 -0.699 0.178 0.967 0.000 0.011 -0.254 0.661 0.000 -0.284 0.695 0.695 0.000 -0.704 -0.149 
0.695 -0.076 0.026 -0.715 0.791 -0.000 -0.612 0.011 0.964 0.000 -0.063 0.260 0.730 0.000 -0.683 -0.020 0.951 0.000 0.016 0.308 0.693 -0.000 -0.699 0.178 0.967 0.000 0.012 -0.254 0.661 0.000 -0.276 0.698 0.698 -0.000 -0.702 -0.140 
0.695 -0.077 0.027 -0.715 0.791 -0.000 -0.612 0.012 0.963 -0.000 -0.064 0.261 0.730 -0.000 -0.683 -0.021 0.952 0.000 0.017 0.305 0.693 0.000 -0.698 0.178 0.967 0.000 0.013 -0.255 0.661 -0.000 -0.270 0.700 0.702 0.000 -0.700 -0.131 
0.695 -0.077 0.027 -0.714 0.791 0.000 -0.612 0.013 0.963 0.000 -0.065 0.262 0.729 -0.000 -0.684 -0.021 0.953 0.000 0.018 0.302 0.694 0.000 -0.698 0.178 0.967 0.000 0.013 -0.255 0.661 0.000 -0.265 0.702 0.706 0.000 -0.697 -0.123 
0.695 -0.078 0.027 -0.714 0.790 0.000 -0.612 0.015 0.962 0.000 -0.066 0.263 0.729 0.000 -0.684 -0.021 0.954 -0.000 0.019 0.300 0.694 0.000 -0.697 0.178 0.967 0.000 0.013 -0.256 0.661 0.000 -0.260 0.704 0.711 -0.000 -0.694 -0.117 
0.695 -0.079 0.027 -0.714 0.790 0.000 -0.612 0.016 0.962 0.000 -0.066 0.265 0.728 -0.000 -0.685 -0.022 0.955 -0.000 0.020 0.297 0.694 0.000 -0.697 0.179 0.966 0.000 0.012 -0.257 0.661 0.000 -0.256 0.706 0.715 -0.000 -0.690 -0.111 
0.696 -0.080 0.027 -0.713 0.790 -0.000 -0.613 0.017 0.962 0.000 -0.066 0.266 0.728 0.000 -0.685 -0.023 0.955 0.000 0.021 0.296 0.695 -0.000 -0.696 0.179 0.966 0.000 0.012 -0.258 0.660 0.000 -0.253 0.707 0.720 0.000 -0.685 -0.107 
0.696 -0.080 0.028 -0.713 0.790 0.000 -0.613 0.018 0.961 -0.000 -0.068 0.267 0.728 0.000 -0.686 -0.024 0.956 0.000 0.021 0.293 0.695 0.000 -0.696 0.179 0.966 0.000 0.012 -0.259 0.660 -0.000 -0.251 0.708 0.725 0.000 -0.681 -0.104 
0.696 -0.080 0.028 -0.713 0.790 0.000 -0.613 0.019 0.961 -0.000 -0.068 0.267 0.727 0.000 -0.686 -0.025 0.956 0.000 0.021 0.292 0.696 0.000 -0.696 0.179 0.966 0.000 0.011 -0.260 0.660 0.000 -0.250 0.709 0.730 -0.000 -0.676 -0.102 
0.696 -0.081 0.028 -0.713 0.790 0.000 -0.613 0.020 0.961 0.000 -0.070 0.268 0.727 0.000 -0.686 -0.026 0.957 0.000 0.020 0.290 0.696 0.000 -0.695 0.179 0.965 -0.000 0.010 -0.262 0.660 0.000 -0.249 0.709 0.735 0.000 -0.671 -0.101 
0.696 -0.081 0.028 -0.713 0.789 0.000 -0.613 0.021 0.961 -0.000 -0.070 0.269 0.727 0.000 -0.687 -0.028 0.957 0.000 0.020 0.289 0.697 -0.000 -0.695 0.178 0.965 0.000 0.009 -0.263 0.659 0.000 -0.250 0.709 0.739 -0.000 -0.666 -0.101 
0.697 -0.081 0.028 -0.712 0.789 0.000 -0.614 0.021 0.960 -0.000 -0.072 0.270 0.726 0.000 -0.687 -0.029 0.957 0.000 0.020 0.288 0.697 0.000 -0.695 0.179 0.964 0.000 0.008 -0.265 0.659 -0.000 -0.250 0.709 0.744 0.000 -0.661 -0.102 
0.697 -0.081 0.028 -0.712 0.789 0.000 -0.614 0.022 0.960 0.000 -0.072 0.270 0.726 0.000 -0.687 -0.030 0.958 -0.000 0.020 0.287 0.697 0.000 -0.694 0.178 0.964 0.000 0.007 -0.266 0.659 0.000 -0.252 0.709 0.748 0.000 -0.655 -0.103 
0.697 -0.081 0.028 -0.712 0.789 0.000 -0.615 0.023 0.960 0.000 -0.073 0.270 0.726 0.000 -0.687 -0.032 0.958 0.000 0.020 0.287 0.698 -0.000 -0.694 0.179 0.963 0.000 0.005 -0.268 0.658 0.000 -0.253 0.709 0.752 0.000 -0.650 -0.105 
0.698 -0.080 0.028 -0.711 0.788 0.000 -0.615 0.025 0.960 0.000 -0.073 0.270 0.726 0.000 -0.687 -0.033 0.958 0.000 0.021 0.287 0.698 0.000 -0.694 0.178 0.963 0.000 0.004 -0.269 0.658 0.000 -0.256 0.708 0.757 0.000 -0.645 -0.107 
0.698 -0.080 0.028 -0.711 0.788 0.000 -0.616 0.025 0.960 0.000 -0.074 0.270 0.726 -0.000 -0.687 -0.035 0.957 0.000 0.020 0.289 0.698 0.000 -0.693 0.179 0.962 0.000 0.001 -0.272 0.658 -0.000 -0.257 0.708 0.760 -0.000 -0.640 -0.109 
0.698 -0.080 0.028 -0.711 0.787 0.000 -0.616 0.026 0.960 -0.000 -0.075 0.270 0.726 0.000 -0.687 -0.035 0.957 0.000 0.020 0.290 0.699 0.000 -0.693 0.178 0.962 -0.000 -0.000 -0.273 0.657 0.000 -0.261 0.707 0.765 0.000 -0.635 -0.112 
0.698 -0.080 0.028 -0.711 0.787 0.000 -0.616 0.027 0.960 0.000 -0.075 0.270 0.726 0.000 -0.687 -0.038 0.957 0.000 0.019 0.291 0.699 0.000 -0.692 0.178 0.961 0.000 -0.002 -0.275 0.657 0.000 -0.263 0.706 0.768 0.000 -0.630 -0.114 
0.698 -0.080 0.028 -0.711 0.787 0.000 -0.617 0.028 0.960 0.000 -0.076 0.270 0.725 0.000 -0.687 -0.038 0.957 0.000 0.017 0.290 0.700 0.000 -0.692 0.178 0.961 -0.000 -0.004 -0.277 0.657 0.000 -0.266 0.706 0.771 0.000 -0.626 -0.117 
0.698 -0.079 0.028 -0.711 0.786 0.000 -0.617 0.029 0.960 -0.000 -0.075 0.270 0.725 -0.000 -0.687 -0.040 0.956 0.000 0.017 0.293 0.700 0.000 -0.692 0.178 0.961 0.000 -0.005 -0.278 0.656 0.000 -0.270 0.705 0.775 0.000 -0.621 -0.120 
0.698 -0.079 0.028 -0.711 0.786 0.000 -0.618 0.030 0.960 0.000 -0.076 0.271 0.725 0.000 -0.687 -0.041 0.955 0.000 0.016 0.295 0.700 0.000 -0.692 0.178 0.960 0.000 -0.007 -0.279 0.656 0.000 -0.272 0.704 0.778 0.000 -0.617 -0.123 
0.699 -0.079 0.028 -0.711 0.786 0.000 -0.618 0.030 0.960 0.000 -0.076 0.271 0.725 0.000 -0.687 -0.043 0.955 -0.000 0.014 0.296 0.700 0.000 -0.692 0.177 0.960 0.000 -0.008 -0.281 0.655 0.000 -0.276 0.703 0.781 -0.000 -0.612 -0.127 
0.698 -0.079 0.027 -0.711 0.785 0.000 -0.619 0.031 0.960 -0.000 -0.076 0.271 0.726 0.000 -0.687 -0.043 0.955 0.000 0.012 0.296 0.700 0.000 -0.692 0.176 0.960 0.000 -0.009 -0.281 0.654 0.000 -0.279 0.703 0.783 -0.000 -0.608 -0.130 
0.698 -0.079 0.027 -0.711 0.785 0.000 -0.619 0.031 0.960 0.000 -0.076 0.271 0.725 0.000 -0.687 -0.045 0.955 0.000 0.011 0.298 0.701 0.000 -0.692 0.175 0.959 -0.000 -0.009 -0.282 0.654 0.000 -0.284 0.701 0.786 -0.000 -0.603 -0.134 
0.698 -0.079 0.026 -0.711 0.785 0.000 -0.619 0.032 0.959 -0.000 -0.077 0.271 0.725 0.000 -0.687 -0.046 0.954 -0.000 0.009 0.300 0.701 0.000 -0.692 0.174 0.959 0.000 -0.010 -0.282 0.653 0.000 -0.287 0.701 0.789 0.000 -0.599 -0.138 
0.698 -0.079 0.026 -0.711 0.784 0.000 -0.620 0.033 0.959 0.000 -0.076 0.271 0.726 0.000 -0.687 -0.046 0.954 0.000 0.008 0.301 0.701 0.000 -0.692 0.173 0.959 0.000 -0.010 -0.283 0.652 -0.000 -0.291 0.700 0.791 0.000 -0.595 -0.142 
0.697 -0.079 0.025 -0.712 0.784 0.000 -0.620 0.032 0.959 0.000 -0.076 0.272 0.726 0.000 -0.686 -0.047 0.953 0.000 0.007 0.303 0.701 0.000 -0.692 0.172 0.959 -0.000 -0.010 -0.283 0.651 -0.000 -0.294 0.699 0.794 0.000 -0.591 -0.144 
0.698 -0.078 0.025 -0.712 0.783 0.000 -0.621 0.033 0.959 0.000 -0.076 0.272 0.725 0.000 -0.687 -0.047 0.953 0.000 0.007 0.304 0.701 -0.000 -0.693 0.170 0.959 0.000 -0.010 -0.284 0.651 0.000 -0.299 0.698 0.796 0.000 -0.587 -0.149 
0.697 -0.078 0.024 -0.712 0.783 0.000 -0.621 0.034 0.959 -0.000 -0.076 0.272 0.726 0.000 -0.686 -0.047 0.952 0.000 0.005 0.305 0.701 0.000 -0.693 0.169 0.959 0.000 -0.011 -0.284 0.650 0.000 -0.303 0.697 0.798 0.000 -0.583 -0.153 
0.697 -0.079 0.023 -0.713 0.783 -0.000 -0.622 0.035 0.959 0.000 -0.076 0.272 0.726 0.000 -0.686 -0.046 0.952 -0.000 0.005 0.306 0.701 0.000 -0.692 0.170 0.958 0.000 -0.013 -0.286 0.649 -0.000 -0.307 0.696 0.799 0.000 -0.581 -0.156 
0.697 -0.079 0.022 -0.713 0.782 0.000 -0.622 0.035 0.959 0.000 -0.076 0.272 0.726 0.000 -0.686 -0.046 0.951 0.000 0.004 0.308 0.701 -0.000 -0.693 0.169 0.958 0.000 -0.013 -0.286 0.648 0.000 -0.311 0.695 0.799 -0.000 -0.580 -0.158 
0.696 -0.079 0.021 -0.713 0.782 0.000 -0.622 0.036 0.959 0.000 -0.075 0.272 0.726 0.000 -0.686 -0.045 0.951 -0.000 0.003 0.309 0.701 0.000 -0.693 0.169 0.958 0.000 -0.014 -0.287 0.648 0.000 -0.313 0.695 0.799 0.000 -0.580 -0.160 
0.696 -0.079 0.020 -0.713 0.782 0.000 -0.623 0.035 0.959 0.000 -0.076 0.273 0.726 0.000 -0.686 -0.044 0.951 0.000 0.003 0.310 0.701 0.000 -0.693 0.168 0.958 0.000 -0.015 -0.287 0.647 0.000 -0.313 0.695 0.798 0.000 -0.581 -0.160 
0.695 -0.080 0.019 -0.714 0.781 0.000 -0.623 0.036 0.959 0.000 -0.075 0.274 0.727 -0.000 -0.686 -0.042 0.951 -0.000 0.003 0.311 0.701 -0.000 -0.693 0.168 0.958 0.000 -0.015 -0.287 0.647 0.000 -0.310 0.696 0.796 -0.000 -0.584 -0.158 
0.695 -0.080 0.017 -0.715 0.781 0.000 -0.624 0.037 0.959 0.000 -0.075 0.274 0.727 0.000 -0.685 -0.040 0.950 0.000 0.003 0.312 0.701 0.000 -0.693 0.169 0.958 0.000 -0.016 -0.287 0.647 0.000 -0.307 0.698 0.794 0.000 -0.587 -0.155 
0.694 -0.081 0.016 -0.715 0.781 0.000 -0.623 0.038 0.959 -0.000 -0.075 0.274 0.727 0.000 -0.685 -0.039 0.950 0.000 0.002 0.313 0.701 0.000 -0.693 0.169 0.958 0.000 -0.016 -0.287 0.647 -0.000 -0.304 0.700 0.793 0.000 -0.590 -0.152 
0.693 -0.083 0.015 -0.716 0.781 0.000 -0.623 0.038 0.959 -0.000 -0.074 0.275 0.727 0.000 -0.686 -0.037 0.949 -0.000 0.002 0.314 0.701 -0.000 -0.693 0.170 0.958 -0.000 -0.016 -0.287 0.646 0.000 -0.301 0.701 0.792 0.000 -0.593 -0.149 
0.692 -0.084 0.014 -0.717 0.782 -0.000 -0.623 0.039 0.958 -0.000 -0.073 0.276 0.727 0.000 -0.686 -0.035 0.949 0.000 0.001 0.315 0.701 0.000 -0.693 0.170 0.958 0.000 -0.015 -0.287 0.645 0.000 -0.300 0.703 0.791 0.000 -0.593 -0.148 
0.691 -0.086 0.013 -0.718 0.782 0.000 -0.621 0.040 0.958 0.000 -0.074 0.276 0.726 0.000 -0.687 -0.033 0.949 0.000 -0.000 0.316 0.701 0.000 -0.693 0.170 0.958 0.000 -0.013 -0.287 0.645 -0.000 -0.299 0.703 0.791 0.000 -0.594 -0.147 
0.690 -0.088 0.012 -0.718 0.783 0.000 -0.621 0.040 0.958 0.000 -0.073 0.276 0.726 0.000 -0.687 -0.030 0.949 0.000 0.000 0.317 0.700 0.000 -0.694 0.170 0.958 -0.000 -0.010 -0.287 0.644 0.000 -0.299 0.704 0.791 0.000 -0.594 -0.146 
0.688 -0.090 0.010 -0.720 0.783 0.000 -0.621 0.042 0.958 -0.000 -0.072 0.277 0.726 0.000 -0.687 -0.026 0.949 0.000 0.000 0.317 0.700 0.000 -0.693 0.172 0.958 0.000 -0.012 -0.287 0.642 0.000 -0.297 0.707 0.790 -0.000 -0.595 -0.145 
0.688 -0.091 0.009 -0.720 0.784 0.000 -0.620 0.043 0.958 0.000 -0.072 0.276 0.726 0.000 -0.687 -0.022 0.948 0.000 0.001 0.317 0.701 0.000 -0.692 0.173 0.958 0.000 -0.012 -0.286 0.642 0.000 -0.296 0.707 0.790 0.000 -0.596 -0.143 
0.687 -0.093 0.007 -0.720 0.784 -0.000 -0.619 0.044 0.958 0.000 -0.073 0.276 0.726 0.000 -0.688 -0.020 0.948 -0.000 0.001 0.317 0.700 0.000 -0.692 0.173 0.958 0.000 -0.011 -0.286 0.643 0.000 -0.296 0.707 0.790 0.000 -0.597 -0.141 
0.687 -0.094 0.006 -0.720 0.784 0.000 -0.619 0.045 0.958 0.000 -0.073 0.276 0.726 0.000 -0.687 -0.016 0.948 0.000 0.002 0.318 0.700 0.000 -0.693 0.173 0.958 0.000 -0.011 -0.285 0.644 -0.000 -0.296 0.706 0.789 -0.000 -0.598 -0.139 
0.687 -0.095 0.004 -0.720 0.784 -0.000 -0.619 0.047 0.959 0.000 -0.074 0.275 0.727 -0.000 -0.687 -0.014 0.948 0.000 0.003 0.318 0.700 0.000 -0.693 0.173 0.959 0.000 -0.011 -0.285 0.645 -0.000 -0.296 0.705 0.789 0.000 -0.600 -0.136 
0.687 -0.096 0.003 -0.720 0.784 0.000 -0.619 0.048 0.959 -0.000 -0.074 0.275 0.727 0.000 -0.687 -0.011 0.948 0.000 0.003 0.318 0.700 -0.000 -0.693 0.173 0.959 0.000 -0.011 -0.284 0.645 -0.000 -0.295 0.705 0.788 0.000 -0.601 -0.134 
0.686 -0.097 0.001 -0.721 0.784 -0.000 -0.619 0.049 0.959 0.000 -0.074 0.275 0.727 0.000 -0.687 -0.007 0.948 0.000 0.004 0.319 0.700 0.000 -0.693 0.173 0.959 0.000 -0.012 -0.283 0.646 0.000 -0.295 0.704 0.788 0.000 -0.602 -0.132 
0.686 -0.098 -0.001 -0.721 0.784 0.000 -0.619 0.050 0.959 0.000 -0.074 0.275 0.728 0.000 -0.686 -0.005 0.947 0.000 0.003 0.320 0.700 0.000 -0.693 0.173 0.959 0.000 -0.012 -0.282 0.646 0.000 -0.294 0.704 0.787 0.000 -0.603 -0.131 
0.685 -0.099 -0.003 -0.722 0.784 0.000 -0.618 0.052 0.959 0.000 -0.075 0.275 0.728 0.000 -0.685 -0.002 0.947 0.000 0.002 0.321 0.700 0.000 -0.692 0.174 0.960 0.000 -0.013 -0.281 0.646 0.000 -0.294 0.704 0.787 0.000 -0.604 -0.129 
0.684 -0.101 -0.004 -0.723 0.785 0.000 -0.617 0.054 0.959 -0.000 -0.074 0.275 0.728 -0.000 -0.685 0.000 0.946 0.000 0.002 0.323 0.701 0.000 -0.692 0.174 0.960 0.000 -0.014 -0.280 0.646 0.000 -0.294 0.705 0.787 0.000 -0.604 -0.128 
0.683 -0.102 -0.006 -0.724 0.785 0.000 -0.617 0.055 0.959 0.000 -0.075 0.274 0.728 0.000 -0.685 0.003 0.946 0.000 0.002 0.324 0.701 0.000 -0.692 0.174 0.960 0.000 -0.014 -0.279 0.646 0.000 -0.294 0.705 0.787 0.000 -0.604 -0.127 
0.681 -0.103 -0.008 -0.725 0.786 0.000 -0.616 0.056 0.959 -0.000 -0.075 0.275 0.729 0.000 -0.685 0.005 0.946 0.000 0.001 0.325 0.701 0.000 -0.691 0.174 0.961 0.000 -0.015 -0.277 0.645 0.000 -0.294 0.705 0.787 -0.000 -0.603 -0.127 
0.680 -0.105 -0.009 -0.725 0.787 0.000 -0.615 0.058 0.958 0.000 -0.075 0.275 0.729 0.000 -0.685 0.009 0.946 0.000 0.000 0.325 0.702 0.000 -0.691 0.175 0.961 -0.000 -0.015 -0.277 0.645 0.000 -0.294 0.705 0.787 0.000 -0.604 -0.125 
0.679 -0.107 -0.011 -0.726 0.788 0.000 -0.613 0.060 0.958 0.000 -0.075 0.275 0.729 0.000 -0.685 0.011 0.945 0.000 0.000 0.326 0.702 0.000 -0.690 0.176 0.961 -0.000 -0.016 -0.276 0.644 0.000 -0.295 0.705 0.788 0.000 -0.602 -0.125 
0.678 -0.108 -0.013 -0.727 0.789 0.000 -0.612 0.061 0.958 0.000 -0.075 0.276 0.728 0.000 -0.685 0.014 0.945 -0.000 -0.001 0.326 0.703 0.000 -0.689 0.177 0.961 0.000 -0.016 -0.276 0.644 0.000 -0.297 0.705 0.789 0.000 -0.601 -0.125 
0.677 -0.111 -0.014 -0.727 0.790 0.000 -0.610 0.062 0.958 0.000 -0.075 0.276 0.728 0.000 -0.685 0.017 0.945 0.000 -0.001 0.326 0.704 0.000 -0.688 0.179 0.961 0.000 -0.017 -0.276 0.643 0.000 -0.298 0.705 0.791 0.000 -0.599 -0.125 
0.676 -0.113 -0.016 -0.728 0.791 0.000 -0.608 0.064 0.958 -0.000 -0.075 0.277 0.727 0.000 -0.686 0.021 0.946 -0.000 -0.001 0.325 0.704 0.000 -0.686 0.181 0.961 0.000 -0.017 -0.275 0.643 0.000 -0.301 0.704 0.793 -0.000 -0.597 -0.125 
0.676 -0.115 -0.017 -0.728 0.792 0.000 -0.607 0.065 0.958 0.000 -0.075 0.277 0.727 0.000 -0.687 0.024 0.946 0.000 -0.001 0.325 0.705 0.000 -0.685 0.183 0.961 0.000 -0.018 -0.275 0.642 0.000 -0.304 0.704 0.795 0.000 -0.594 -0.126 
0.675 -0.116 -0.019 -0.728 0.794 0.000 -0.605 0.066 0.958 -0.000 -0.075 0.277 0.726 0.000 -0.687 0.027 0.946 0.000 -0.002 0.324 0.706 0.000 -0.684 0.184 0.961 0.000 -0.019 -0.274 0.641 0.000 -0.308 0.703 0.797 0.000 -0.590 -0.129 
0.674 -0.118 -0.021 -0.729 0.795 0.000 -0.603 0.066 0.958 0.000 -0.074 0.278 0.725 0.000 -0.688 0.030 0.946 0.000 -0.003 0.323 0.707 0.000 -0.682 0.186 0.962 0.000 -0.020 -0.273 0.641 0.000 -0.312 0.702 0.799 -0.000 -0.586 -0.131 
0.674 -0.120 -0.022 -0.729 0.796 0.000 -0.602 0.066 0.958 0.000 -0.073 0.278 0.724 0.000 -0.689 0.033 0.947 0.000 -0.003 0.322 0.708 0.000 -0.681 0.187 0.962 0.000 -0.021 -0.273 0.639 0.000 -0.316 0.701 0.802 0.000 -0.582 -0.134 
0.673 -0.122 -0.024 -0.729 0.797 0.000 -0.601 0.066 0.958 0.000 -0.072 0.279 0.723 0.000 -0.689 0.036 0.947 0.000 -0.003 0.321 0.708 -0.000 -0.680 0.188 0.962 0.000 -0.019 -0.271 0.638 0.000 -0.320 0.700 0.805 -0.000 -0.578 -0.138 
0.672 -0.123 -0.026 -0.729 0.798 0.000 -0.600 0.066 0.957 0.000 -0.071 0.280 0.722 0.000 -0.690 0.038 0.947 0.000 -0.003 0.320 0.709 -0.000 -0.679 0.189 0.963 -0.000 -0.020 -0.270 0.637 0.000 -0.326 0.698 0.808 0.000 -0.572 -0.142 
0.672 -0.125 -0.027 -0.729 0.799 -0.000 -0.598 0.066 0.957 0.000 -0.071 0.280 0.721 0.000 -0.691 0.040 0.948 0.000 -0.003 0.319 0.710 0.000 -0.677 0.192 0.963 0.000 -0.023 -0.270 0.636 0.000 -0.332 0.696 0.811 0.000 -0.566 -0.147 
0.672 -0.126 -0.029 -0.729 0.800 0.000 -0.597 0.067 0.957 -0.000 -0.070 0.280 0.721 0.000 -0.692 0.042 0.948 0.000 -0.003 0.319 0.711 0.000 -0.676 0.193 0.963 0.000 -0.023 -0.269 0.635 0.000 -0.339 0.695 0.815 0.000 -0.559 -0.153 
0.672 -0.127 -0.030 -0.729 0.801 0.000 -0.596 0.066 0.957 0.000 -0.070 0.282 0.719 0.000 -0.693 0.044 0.948 0.000 -0.003 0.318 0.712 0.000 -0.675 0.195 0.963 0.000 -0.024 -0.268 0.634 0.000 -0.345 0.692 0.818 0.000 -0.553 -0.158 
0.672 -0.128 -0.032 -0.729 0.801 0.000 -0.594 0.066 0.957 0.000 -0.069 0.282 0.719 0.000 -0.694 0.045 0.948 0.000 -0.004 0.318 0.712 0.000 -0.674 0.195 0.964 0.000 -0.023 -0.267 0.633 0.000 -0.352 0.690 0.822 0.000 -0.545 -0.164 
0.672 -0.128 -0.033 -0.729 0.802 0.000 -0.593 0.066 0.957 0.000 -0.069 0.283 0.718 0.000 -0.694 0.047 0.948 0.000 -0.004 0.317 0.713 0.000 -0.673 0.197 0.964 0.000 -0.025 -0.266 0.632 0.000 -0.359 0.687 0.826 0.000 -0.538 -0.170 
0.672 -0.129 -0.035 -0.729 0.803 0.000 -0.593 0.065 0.956 0.000 -0.069 0.284 0.718 0.000 -0.695 0.047 0.948 0.000 -0.005 0.317 0.713 0.000 -0.672 0.199 0.964 0.000 -0.025 -0.266 0.631 -0.000 -0.367 0.684 0.829 0.000 -0.530 -0.176 
0.672 -0.128 -0.036 -0.728 0.803 0.000 -0.592 0.065 0.956 0.000 -0.069 0.284 0.718 0.000 -0.694 0.048 0.948 0.000 -0.006 0.318 0.714 0.000 -0.671 0.200 0.964 -0.000 -0.026 -0.266 0.630 0.000 -0.374 0.680 0.833 -0.000 -0.523 -0.182 
0.672 -0.128 -0.038 -0.728 0.803 0.000 -0.592 0.065 0.956 0.000 -0.070 0.285 0.718 0.000 -0.694 0.049 0.948 0.000 -0.006 0.318 0.714 0.000 -0.671 0.202 0.963 0.000 -0.028 -0.266 0.630 0.000 -0.381 0.677 0.836 0.000 -0.515 -0.188 
0.673 -0.128 -0.040 -0.728 0.803 0.000 -0.592 0.065 0.956 0.000 -0.070 0.286 0.719 0.000 -0.693 0.049 0.948 0.000 -0.007 0.319 0.714 0.000 -0.670 0.205 0.963 0.000 -0.030 -0.267 0.630 0.000 -0.388 0.673 0.839 0.000 -0.508 -0.194 
0.673 -0.127 -0.041 -0.727 0.803 0.000 -0.592 0.065 0.955 0.000 -0.071 0.287 0.720 -0.000 -0.692 0.049 0.947 0.000 -0.009 0.320 0.713 0.000 -0.670 0.207 0.963 0.000 -0.032 -0.269 0.630 0.000 -0.395 0.668 0.842 0.000 -0.500 -0.200 
0.674 -0.125 -0.043 -0.727 0.803 0.000 -0.592 0.066 0.955 -0.000 -0.072 0.289 0.721 0.000 -0.691 0.050 0.947 0.000 -0.011 0.321 0.713 0.000 -0.669 0.209 0.962 -0.000 -0.035 -0.271 0.631 0.000 -0.402 0.664 0.845 0.000 -0.493 -0.206 
0.674 -0.124 -0.045 -0.727 0.803 0.000 -0.592 0.066 0.954 0.000 -0.073 0.290 0.723 -0.000 -0.689 0.050 0.947 0.000 -0.013 0.322 0.713 -0.000 -0.668 0.212 0.961 0.000 -0.037 -0.273 0.631 0.000 -0.410 0.659 0.848 0.000 -0.485 -0.212 
0.675 -0.123 -0.046 -0.726 0.803 0.000 -0.592 0.067 0.954 -0.000 -0.074 0.291 0.724 0.000 -0.688 0.050 0.946 -0.000 -0.016 0.323 0.712 0.000 -0.668 0.216 0.960 0.000 -0.042 -0.277 0.632 0.000 -0.417 0.653 0.851 0.000 -0.477 -0.217 
0.676 -0.121 -0.048 -0.726 0.803 0.000 -0.593 0.067 0.953 0.000 -0.075 0.292 0.726 -0.000 -0.686 0.051 0.946 0.000 -0.018 0.323 0.712 0.000 -0.667 0.220 0.958 0.000 -0.047 -0.283 0.633 0.000 -0.425 0.647 0.854 0.000 -0.470 -0.223 
0.676 -0.119 -0.049 -0.726 0.802 0.000 -0.593 0.069 0.953 -0.000 -0.075 0.293 0.727 -0.000 -0.685 0.052 0.946 0.000 -0.020 0.323 0.712 0.000 -0.665 0.225 0.955 -0.000 -0.055 -0.290 0.634 0.000 -0.432 0.642 0.857 -0.000 -0.462 -0.227 
0.677 -0.118 -0.050 -0.725 0.802 0.000 -0.593 0.070 0.953 0.000 -0.076 0.293 0.729 0.000 -0.683 0.053 0.946 0.000 -0.022 0.323 0.712 -0.000 -0.663 0.230 0.953 0.000 -0.063 -0.298 0.635 0.000 -0.440 0.635 0.861 0.000 -0.453 -0.232 
0.677 -0.116 -0.051 -0.725 0.802 0.000 -0.593 0.072 0.953 0.000 -0.076 0.294 0.730 -0.000 -0.681 0.054 0.946 -0.000 -0.024 0.322 0.713 0.000 -0.661 0.235 0.949 -0.000 -0.073 -0.306 0.636 0.000 -0.448 0.628 0.864 0.000 -0.445 -0.236 
0.678 -0.115 -0.051 -0.725 0.802 -0.000 -0.593 0.074 0.953 0.000 -0.076 0.294 0.731 0.000 -0.680 0.055 0.946 0.000 -0.026 0.322 0.714 0.000 -0.658 0.241 0.945 -0.000 -0.085 -0.314 0.637 0.000 -0.457 0.621 0.868 0.000 -0.435 -0.240 
0.678 -0.113 -0.052 -0.724 0.802 0.000 -0.593 0.075 0.953 -0.000 -0.075 0.294 0.733 0.000 -0.678 0.057 0.947 0.000 -0.028 0.321 0.714 0.000 -0.656 0.245 0.942 0.000 -0.094 -0.322 0.638 0.000 -0.466 0.613 0.872 0.000 -0.426 -0.243 
0.678 -0.111 -0.052 -0.724 0.801 0.000 -0.593 0.076 0.953 0.000 -0.074 0.295 0.734 0.000 -0.677 0.058 0.947 0.000 -0.030 0.320 0.715 -0.000 -0.653 0.250 0.938 0.000 -0.106 -0.330 0.639 0.000 -0.475 0.605 0.876 0.000 -0.416 -0.246 
0.679 -0.109 -0.053 -0.724 0.801 0.000 -0.594 0.078 0.953 0.000 -0.073 0.295 0.735 -0.000 -0.676 0.059 0.947 0.000 -0.032 0.319 0.716 0.000 -0.650 0.256 0.933 0.000 -0.119 -0.338 0.641 0.000 -0.483 0.596 0.880 0.000 -0.406 -0.248 
0.680 -0.107 -0.054 -0.724 0.800 0.000 -0.595 0.079 0.952 0.000 -0.071 0.296 0.736 0.000 -0.674 0.061 0.948 0.000 -0.034 0.318 0.716 -0.000 -0.647 0.261 0.929 0.000 -0.133 -0.346 0.642 0.000 -0.493 0.587 0.884 0.000 -0.395 -0.251 
0.680 -0.105 -0.054 -0.724 0.799 0.000 -0.596 0.080 0.953 0.000 -0.069 0.297 0.738 0.000 -0.672 0.063 0.948 0.000 -0.035 0.316 0.717 -0.000 -0.644 0.266 0.924 0.000 -0.148 -0.353 0.644 0.000 -0.500 0.578 0.888 0.000 -0.385 -0.252 
0.680 -0.103 -0.055 -0.724 0.798 0.000 -0.598 0.081 0.952 -0.000 -0.067 0.298 0.739 0.000 -0.671 0.064 0.948 0.000 -0.036 0.315 0.718 0.000 -0.641 0.271 0.919 -0.000 -0.162 -0.359 0.646 0.000 -0.508 0.570 0.891 0.000 -0.375 -0.254 
0.681 -0.100 -0.056 -0.723 0.796 0.000 -0.599 0.082 0.952 0.000 -0.065 0.300 0.741 0.000 -0.669 0.066 0.949 -0.000 -0.037 0.314 0.715 0.000 -0.642 0.277 0.914 -0.000 -0.167 -0.370 0.648 0.000 -0.516 0.561 0.895 0.000 -0.365 -0.255 
0.681 -0.098 -0.057 -0.723 0.795 0.000 -0.601 0.082 0.951 0.000 -0.063 0.303 0.742 -0.000 -0.667 0.067 0.949 0.000 -0.038 0.313 0.720 -0.000 -0.636 0.280 0.909 0.000 -0.190 -0.371 0.650 0.000 -0.523 0.552 0.899 0.000 -0.355 -0.256 
0.682 -0.095 -0.058 -0.723 0.793 0.000 -0.603 0.082 0.951 0.000 -0.060 0.304 0.743 0.000 -0.666 0.069 0.950 0.000 -0.038 0.310 0.720 0.000 -0.634 0.283 0.904 0.000 -0.203 -0.376 0.652 0.000 -0.530 0.542 0.903 0.000 -0.345 -0.257 
0.682 -0.092 -0.060 -0.723 0.792 -0.000 -0.605 0.082 0.950 0.000 -0.057 0.306 0.744 0.000 -0.664 0.071 0.950 0.000 -0.038 0.309 0.720 0.000 -0.632 0.286 0.899 0.000 -0.216 -0.380 0.654 -0.000 -0.537 0.533 0.906 0.000 -0.335 -0.258 
0.683 -0.089 -0.061 -0.722 0.790 0.000 -0.607 0.082 0.950 0.000 -0.055 0.308 0.746 0.000 -0.662 0.072 0.951 0.000 -0.040 0.308 0.722 -0.000 -0.629 0.289 0.894 -0.000 -0.231 -0.383 0.656 0.000 -0.544 0.523 0.910 0.000 -0.325 -0.258 
0.684 -0.087 -0.061 -0.722 0.789 0.000 -0.609 0.082 0.950 0.000 -0.053 0.309 0.747 0.000 -0.660 0.073 0.951 0.000 -0.040 0.307 0.720 0.000 -0.630 0.291 0.891 0.000 -0.235 -0.389 0.658 0.000 -0.551 0.514 0.913 0.000 -0.315 -0.258 
0.684 -0.084 -0.062 -0.722 0.787 0.000 -0.611 0.082 0.949 0.000 -0.051 0.311 0.749 -0.000 -0.659 0.074 0.951 0.000 -0.041 0.307 0.720 0.000 -0.629 0.293 0.887 0.000 -0.245 -0.392 0.660 0.000 -0.557 0.503 0.917 0.000 -0.305 -0.257 
0.685 -0.081 -0.063 -0.721 0.786 0.000 -0.613 0.082 0.949 -0.000 -0.049 0.313 0.750 0.000 -0.657 0.075 0.951 0.000 -0.041 0.306 0.720 0.000 -0.628 0.294 0.883 0.000 -0.255 -0.394 0.663 0.000 -0.564 0.493 0.921 0.000 -0.295 -0.256 
0.686 -0.078 -0.064 -0.720 0.784 0.000 -0.615 0.082 0.948 0.000 -0.048 0.314 0.751 0.000 -0.656 0.075 0.951 0.000 -0.042 0.306 0.720 0.000 -0.629 0.295 0.880 0.000 -0.262 -0.397 0.665 0.000 -0.570 0.483 0.924 0.000 -0.285 -0.254 
0.687 -0.075 -0.064 -0.720 0.783 0.000 -0.617 0.081 0.948 0.000 -0.047 0.315 0.752 0.000 -0.655 0.076 0.951 -0.000 -0.043 0.306 0.719 0.000 -0.629 0.295 0.877 0.000 -0.267 -0.400 0.667 0.000 -0.577 0.472 0.928 0.000 -0.275 -0.252 
0.688 -0.072 -0.065 -0.719 0.782 0.000 -0.618 0.081 0.948 0.000 -0.046 0.316 0.753 0.000 -0.653 0.076 0.951 -0.000 -0.044 0.306 0.718 0.000 -0.630 0.296 0.874 0.000 -0.273 -0.402 0.669 -0.000 -0.583 0.461 0.931 -0.000 -0.265 -0.250 
0.689 -0.069 -0.065 -0.718 0.780 0.000 -0.620 0.081 0.947 0.000 -0.046 0.318 0.754 0.000 -0.652 0.077 0.951 0.000 -0.044 0.305 0.717 -0.000 -0.631 0.296 0.872 -0.000 -0.276 -0.405 0.672 -0.000 -0.589 0.449 0.935 0.000 -0.255 -0.247 
0.690 -0.066 -0.066 -0.717 0.779 0.000 -0.622 0.081 0.947 0.000 -0.045 0.318 0.756 0.000 -0.650 0.076 0.951 0.000 -0.046 0.307 0.716 0.000 -0.633 0.296 0.869 0.000 -0.280 -0.407 0.675 0.000 -0.594 0.438 0.938 -0.000 -0.246 -0.244 
0.692 -0.063 -0.066 -0.716 0.778 0.000 -0.624 0.081 0.947 0.000 -0.045 0.319 0.757 0.000 -0.649 0.076 0.950 -0.000 -0.046 0.307 0.714 0.000 -0.634 0.297 0.868 0.000 -0.282 -0.409 0.677 0.000 -0.599 0.426 0.942 0.000 -0.237 -0.240 
0.693 -0.059 -0.067 -0.716 0.776 0.000 -0.625 0.080 0.946 0.000 -0.046 0.320 0.759 -0.000 -0.647 0.075 0.950 -0.000 -0.048 0.309 0.712 0.000 -0.636 0.297 0.866 0.000 -0.284 -0.412 0.681 0.000 -0.604 0.414 0.945 0.000 -0.228 -0.235 
0.694 -0.056 -0.068 -0.714 0.775 0.000 -0.627 0.080 0.946 0.000 -0.047 0.321 0.760 0.000 -0.645 0.074 0.950 -0.000 -0.049 0.310 0.710 0.000 -0.639 0.297 0.865 0.000 -0.284 -0.414 0.684 -0.000 -0.609 0.402 0.948 0.000 -0.220 -0.230 
0.695 -0.053 -0.069 -0.714 0.774 -0.000 -0.629 0.080 0.946 0.000 -0.047 0.322 0.762 0.000 -0.643 0.074 0.949 0.000 -0.051 0.311 0.707 0.000 -0.642 0.297 0.864 -0.000 -0.284 -0.415 0.687 0.000 -0.612 0.391 0.951 0.000 -0.213 -0.226 
0.696 -0.049 -0.070 -0.713 0.772 -0.000 -0.630 0.079 0.945 -0.000 -0.048 0.323 0.763 0.000 -0.642 0.073 0.949 0.000 -0.052 0.312 0.704 0.000 -0.645 0.297 0.863 0.000 -0.283 -0.417 0.691 0.000 -0.616 0.379 0.954 0.000 -0.206 -0.220 
0.698 -0.045 -0.070 -0.712 0.771 -0.000 -0.632 0.079 0.945 0.000 -0.048 0.323 0.765 0.000 -0.640 0.072 0.948 0.000 -0.054 0.314 0.701 0.000 -0.648 0.298 0.863 0.000 -0.281 -0.420 0.694 -0.000 -0.619 0.366 0.956 0.000 -0.199 -0.215 
0.699 -0.042 -0.071 -0.711 0.770 -0.000 -0.634 0.078 0.945 -0.000 -0.049 0.324 0.766 0.000 -0.639 0.071 0.947 -0.000 -0.056 0.315 0.697 0.000 -0.651 0.300 0.862 0.000 -0.279 -0.423 0.698 0.000 -0.622 0.355 0.959 0.000 -0.193 -0.209 
0.700 -0.038 -0.072 -0.710 0.768 0.000 -0.635 0.077 0.944 -0.000 -0.050 0.326 0.768 0.000 -0.637 0.071 0.947 0.000 -0.057 0.316 0.693 0.000 -0.654 0.302 0.861 0.000 -0.277 -0.426 0.701 0.000 -0.625 0.344 0.961 0.000 -0.187 -0.203 
0.700 -0.035 -0.073 -0.709 0.767 0.000 -0.636 0.077 0.944 0.000 -0.051 0.326 0.769 0.000 -0.635 0.070 0.946 0.000 -0.060 0.318 0.690 0.000 -0.657 0.304 0.861 0.000 -0.275 -0.428 0.704 0.000 -0.627 0.333 0.963 0.000 -0.182 -0.198 
0.701 -0.032 -0.074 -0.708 0.766 0.000 -0.638 0.077 0.944 0.000 -0.051 0.326 0.771 0.000 -0.634 0.070 0.946 0.000 -0.062 0.319 0.686 0.000 -0.660 0.306 0.861 0.000 -0.273 -0.429 0.708 0.000 -0.629 0.322 0.965 0.000 -0.177 -0.192 
0.702 -0.028 -0.074 -0.708 0.765 0.000 -0.639 0.076 0.944 0.000 -0.052 0.327 0.772 0.000 -0.632 0.069 0.945 -0.000 -0.065 0.320 0.683 0.000 -0.662 0.308 0.861 0.000 -0.272 -0.430 0.710 -0.000 -0.631 0.312 0.967 0.000 -0.172 -0.187 
0.703 -0.025 -0.075 -0.707 0.764 0.000 -0.640 0.075 0.943 0.000 -0.052 0.328 0.773 0.000 -0.630 0.068 0.945 0.000 -0.067 0.321 0.681 0.000 -0.664 0.309 0.861 0.000 -0.272 -0.430 0.713 -0.000 -0.632 0.302 0.969 -0.000 -0.168 -0.182 
0.703 -0.022 -0.075 -0.707 0.763 0.000 -0.642 0.073 0.943 0.000 -0.053 0.329 0.774 -0.000 -0.629 0.068 0.944 -0.000 -0.069 0.322 0.680 0.000 -0.665 0.310 0.862 0.000 -0.273 -0.428 0.716 -0.000 -0.634 0.293 0.970 0.000 -0.164 -0.178 
0.704 -0.019 -0.076 -0.706 0.763 0.000 -0.642 0.072 0.943 0.000 -0.053 0.329 0.775 0.000 -0.628 0.068 0.944 0.000 -0.072 0.323 0.678 -0.000 -0.666 0.310 0.862 0.000 -0.272 -0.427 0.718 0.000 -0.635 0.284 0.972 0.000 -0.160 -0.174 
0.704 -0.016 -0.076 -0.706 0.762 0.000 -0.643 0.070 0.942 0.000 -0.054 0.331 0.776 0.000 -0.627 0.067 0.943 0.000 -0.074 0.323 0.677 0.000 -0.667 0.311 0.864 0.000 -0.272 -0.425 0.720 -0.000 -0.636 0.276 0.973 0.000 -0.157 -0.170 
0.704 -0.014 -0.076 -0.706 0.762 0.000 -0.644 0.068 0.942 0.000 -0.053 0.332 0.776 0.000 -0.627 0.067 0.943 -0.000 -0.077 0.324 0.676 0.000 -0.668 0.310 0.865 -0.000 -0.271 -0.422 0.722 0.000 -0.638 0.268 0.974 0.000 -0.153 -0.166 
0.705 -0.011 -0.076 -0.705 0.761 0.000 -0.645 0.066 0.941 0.000 -0.053 0.333 0.777 0.000 -0.626 0.067 0.943 0.000 -0.079 0.324 0.675 0.000 -0.669 0.309 0.867 0.000 -0.270 -0.419 0.724 0.000 -0.639 0.261 0.975 0.000 -0.151 -0.163 
0.705 -0.009 -0.076 -0.705 0.761 0.000 -0.646 0.064 0.941 0.000 -0.053 0.334 0.777 -0.000 -0.626 0.068 0.942 0.000 -0.081 0.325 0.675 0.000 -0.670 0.309 0.869 -0.000 -0.270 -0.415 0.726 0.000 -0.639 0.255 0.976 0.000 -0.149 -0.161 
0.705 -0.007 -0.076 -0.705 0.761 0.000 -0.646 0.062 0.941 0.000 -0.052 0.335 0.777 0.000 -0.625 0.068 0.942 0.000 -0.083 0.324 0.674 0.000 -0.672 0.307 0.871 0.000 -0.268 -0.411 0.727 0.000 -0.640 0.248 0.976 0.000 -0.147 -0.158 
0.706 -0.005 -0.076 -0.705 0.760 0.000 -0.647 0.060 0.941 0.000 -0.051 0.335 0.777 0.000 -0.625 0.069 0.942 -0.000 -0.085 0.324 0.674 0.000 -0.672 0.307 0.874 -0.000 -0.267 -0.407 0.729 0.000 -0.640 0.243 0.977 -0.000 -0.146 -0.156 
0.706 -0.003 -0.075 -0.704 0.760 0.000 -0.647 0.057 0.940 -0.000 -0.051 0.337 0.777 0.000 -0.625 0.070 0.942 0.000 -0.086 0.324 0.673 0.000 -0.674 0.305 0.876 0.000 -0.264 -0.403 0.731 -0.000 -0.640 0.238 0.977 0.000 -0.146 -0.154 
0.706 -0.001 -0.075 -0.704 0.760 0.000 -0.648 0.055 0.940 0.000 -0.050 0.337 0.777 0.000 -0.625 0.070 0.942 0.000 -0.088 0.324 0.673 -0.000 -0.675 0.303 0.879 -0.000 -0.262 -0.399 0.732 0.000 -0.640 0.233 0.977 0.000 -0.146 -0.153 
0.706 0.000 -0.075 -0.704 0.760 0.000 -0.648 0.053 0.940 0.000 -0.049 0.337 0.777 -0.000 -0.625 0.072 0.942 0.000 -0.090 0.323 0.673 0.000 -0.675 0.301 0.882 0.000 -0.260 -0.394 0.734 -0.000 -0.640 0.229 0.977 0.000 -0.147 -0.152 
0.707 0.002 -0.074 -0.704 0.760 0.000 -0.649 0.050 0.940 0.000 -0.048 0.338 0.777 -0.000 -0.625 0.073 0.942 0.000 -0.090 0.322 0.673 0.000 -0.676 0.299 0.885 0.000 -0.256 -0.389 0.735 0.000 -0.639 0.225 0.977 0.000 -0.148 -0.151 
0.707 0.003 -0.074 -0.704 0.759 -0.000 -0.649 0.047 0.940 0.000 -0.048 0.338 0.776 0.000 -0.626 0.074 0.943 0.000 -0.091 0.321 0.673 -0.000 -0.678 0.296 0.888 0.000 -0.253 -0.384 0.737 -0.000 -0.639 0.222 0.977 0.000 -0.150 -0.151 
0.707 0.004 -0.073 -0.703 0.759 0.000 -0.649 0.044 0.940 0.000 -0.047 0.338 0.776 0.000 -0.626 0.076 0.943 0.000 -0.091 0.320 0.673 0.000 -0.679 0.294 0.892 0.000 -0.249 -0.378 0.738 0.000 -0.638 0.219 0.977 0.000 -0.151 -0.150 
0.707 0.006 -0.072 -0.703 0.759 -0.000 -0.649 0.041 0.940 0.000 -0.046 0.338 0.775 0.000 -0.627 0.077 0.943 0.000 -0.090 0.321 0.673 -0.000 -0.680 0.292 0.895 0.000 -0.245 -0.373 0.740 -0.000 -0.637 0.216 0.977 0.000 -0.154 -0.150 
0.707 0.007 -0.072 -0.703 0.759 -0.000 -0.650 0.038 0.940 0.000 -0.046 0.338 0.774 0.000 -0.628 0.079 0.943 0.000 -0.090 0.320 0.673 0.000 -0.681 0.289 0.899 0.000 -0.240 -0.367 0.741 0.000 -0.636 0.214 0.976 -0.000 -0.156 -0.151 
0.708 0.008 -0.071 -0.703 0.759 0.000 -0.650 0.036 0.941 0.000 -0.045 0.336 0.774 0.000 -0.629 0.080 0.944 0.000 -0.089 0.319 0.673 -0.000 -0.682 0.286 0.902 -0.000 -0.235 -0.361 0.742 0.000 -0.636 0.212 0.976 0.000 -0.158 -0.151 
0.708 0.008 -0.070 -0.703 0.759 0.000 -0.650 0.034 0.941 -0.000 -0.045 0.336 0.773 0.000 -0.630 0.081 0.944 0.000 -0.089 0.317 0.673 0.000 -0.683 0.284 0.906 0.000 -0.230 -0.355 0.744 0.000 -0.635 0.210 0.975 0.000 -0.161 -0.152 
0.708 0.009 -0.070 -0.703 0.759 0.000 -0.650 0.031 0.941 0.000 -0.044 0.335 0.772 0.000 -0.630 0.083 0.944 0.000 -0.088 0.317 0.673 0.000 -0.684 0.281 0.910 0.000 -0.225 -0.348 0.745 0.000 -0.634 0.209 0.975 0.000 -0.164 -0.154 
0.708 0.010 -0.069 -0.703 0.759 0.000 -0.650 0.028 0.942 -0.000 -0.045 0.333 0.771 0.000 -0.632 0.084 0.945 -0.000 -0.087 0.314 0.674 0.000 -0.685 0.277 0.914 0.000 -0.219 -0.341 0.746 -0.000 -0.633 0.207 0.974 0.000 -0.166 -0.154 
0.708 0.010 -0.068 -0.703 0.759 0.000 -0.650 0.026 0.943 0.000 -0.044 0.331 0.770 0.000 -0.633 0.085 0.945 -0.000 -0.085 0.315 0.674 0.000 -0.686 0.274 0.917 0.000 -0.215 -0.336 0.746 0.000 -0.633 0.207 0.973 -0.000 -0.168 -0.156 
0.708 0.011 -0.068 -0.703 0.760 0.000 -0.650 0.024 0.944 0.000 -0.044 0.328 0.768 0.000 -0.634 0.087 0.946 -0.000 -0.084 0.312 0.674 0.000 -0.687 0.271 0.921 0.000 -0.210 -0.329 0.747 0.000 -0.632 0.206 0.973 0.000 -0.170 -0.158 
0.708 0.011 -0.067 -0.703 0.760 0.000 -0.650 0.021 0.944 0.000 -0.045 0.326 0.767 -0.000 -0.635 0.087 0.947 0.000 -0.081 0.311 0.674 0.000 -0.689 0.267 0.924 0.000 -0.204 -0.322 0.748 -0.000 -0.632 0.205 0.972 0.000 -0.172 -0.159 
0.708 0.012 -0.066 -0.703 0.760 0.000 -0.650 0.020 0.945 0.000 -0.045 0.323 0.766 0.000 -0.637 0.089 0.947 0.000 -0.080 0.310 0.675 0.000 -0.690 0.263 0.928 -0.000 -0.199 -0.315 0.748 -0.000 -0.631 0.205 0.972 0.000 -0.173 -0.161 
0.708 0.012 -0.065 -0.703 0.760 0.000 -0.649 0.018 0.947 -0.000 -0.046 0.319 0.765 -0.000 -0.638 0.090 0.948 0.000 -0.078 0.308 0.675 0.000 -0.691 0.259 0.931 0.000 -0.195 -0.308 0.748 0.000 -0.631 0.204 0.971 0.000 -0.175 -0.163 
0.708 0.013 -0.064 -0.703 0.761 0.000 -0.649 0.016 0.948 -0.000 -0.047 0.315 0.764 0.000 -0.639 0.090 0.949 0.000 -0.075 0.307 0.675 0.000 -0.692 0.256 0.934 0.000 -0.189 -0.301 0.749 0.000 -0.631 0.204 0.971 0.000 -0.176 -0.164 
0.708 0.013 -0.063 -0.703 0.761 0.000 -0.649 0.014 0.949 0.000 -0.048 0.312 0.762 0.000 -0.641 0.091 0.949 -0.000 -0.073 0.306 0.676 0.000 -0.693 0.251 0.938 -0.000 -0.185 -0.295 0.749 -0.000 -0.631 0.203 0.970 0.000 -0.177 -0.166 
0.708 0.013 -0.063 -0.703 0.761 0.000 -0.648 0.013 0.950 -0.000 -0.048 0.308 0.761 0.000 -0.642 0.091 0.950 0.000 -0.071 0.305 0.676 0.000 -0.694 0.248 0.941 0.000 -0.180 -0.288 0.749 -0.000 -0.631 0.202 0.970 -0.000 -0.177 -0.168 
0.708 0.014 -0.062 -0.703 0.761 0.000 -0.648 0.011 0.952 0.000 -0.049 0.304 0.760 0.000 -0.644 0.091 0.950 0.000 -0.068 0.304 0.676 0.000 -0.695 0.244 0.944 0.000 -0.176 -0.281 0.749 -0.000 -0.632 0.201 0.970 0.000 -0.177 -0.169 
0.708 0.014 -0.061 -0.703 0.762 0.000 -0.648 0.010 0.953 0.000 -0.050 0.299 0.759 0.000 -0.645 0.091 0.951 0.000 -0.066 0.302 0.677 0.000 -0.696 0.239 0.946 -0.000 -0.172 -0.274 0.749 0.000 -0.632 0.201 0.969 -0.000 -0.178 -0.171 
0.708 0.014 -0.060 -0.703 0.762 0.000 -0.648 0.009 0.954 -0.000 -0.052 0.294 0.758 -0.000 -0.646 0.092 0.952 -0.000 -0.063 0.301 0.677 0.000 -0.697 0.235 0.949 0.000 -0.168 -0.267 0.749 0.000 -0.632 0.200 0.969 -0.000 -0.178 -0.173 
0.708 0.015 -0.059 -0.703 0.762 0.000 -0.647 0.008 0.956 0.000 -0.053 0.289 0.757 -0.000 -0.647 0.092 0.952 0.000 -0.061 0.299 0.679 0.000 -0.697 0.231 0.952 0.000 -0.166 -0.259 0.749 -0.000 -0.632 0.199 0.969 0.000 -0.178 -0.174 
0.709 0.015 -0.058 -0.703 0.763 0.000 -0.647 0.007 0.957 -0.000 -0.054 0.284 0.755 0.000 -0.649 0.091 0.953 0.000 -0.059 0.298 0.679 0.000 -0.698 0.226 0.954 0.000 -0.163 -0.252 0.749 0.000 -0.633 0.198 0.968 0.000 -0.178 -0.175 
0.708 0.015 -0.057 -0.704 0.763 -0.000 -0.646 0.006 0.959 0.000 -0.054 0.279 0.754 0.000 -0.650 0.091 0.953 0.000 -0.057 0.297 0.681 0.000 -0.699 0.221 0.956 -0.000 -0.160 -0.244 0.748 0.000 -0.633 0.197 0.968 0.000 -0.178 -0.177 
0.708 0.016 -0.056 -0.704 0.763 0.000 -0.646 0.004 0.960 0.000 -0.054 0.274 0.753 -0.000 -0.652 0.090 0.954 0.000 -0.056 0.296 0.682 0.000 -0.699 0.215 0.959 0.000 -0.158 -0.236 0.748 0.000 -0.634 0.196 0.968 -0.000 -0.177 -0.178 
0.707 0.016 -0.055 -0.705 0.763 0.000 -0.646 0.002 0.961 -0.000 -0.055 0.270 0.752 0.000 -0.653 0.089 0.954 0.000 -0.055 0.294 0.683 0.000 -0.700 0.209 0.961 0.000 -0.157 -0.229 0.748 0.000 -0.635 0.195 0.968 0.000 -0.177 -0.180 
0.707 0.017 -0.054 -0.705 0.764 0.000 -0.645 0.001 0.962 0.000 -0.055 0.266 0.751 0.000 -0.654 0.088 0.955 0.000 -0.054 0.293 0.684 0.000 -0.700 0.203 0.963 0.000 -0.155 -0.221 0.748 0.000 -0.635 0.194 0.967 -0.000 -0.177 -0.182 
0.707 0.017 -0.052 -0.705 0.764 -0.000 -0.645 -0.001 0.964 0.000 -0.056 0.262 0.750 0.000 -0.655 0.087 0.955 0.000 -0.053 0.291 0.686 0.000 -0.700 0.197 0.964 0.000 -0.154 -0.214 0.747 0.000 -0.636 0.192 0.967 0.000 -0.177 -0.183 
0.706 0.017 -0.050 -0.706 0.765 0.000 -0.644 -0.003 0.964 0.000 -0.057 0.258 0.750 0.000 -0.656 0.086 0.956 -0.000 -0.053 0.290 0.688 0.000 -0.701 0.190 0.966 0.000 -0.154 -0.207 0.747 -0.000 -0.637 0.190 0.967 0.000 -0.176 -0.185 
0.706 0.018 -0.049 -0.707 0.765 0.000 -0.644 -0.004 0.965 -0.000 -0.057 0.255 0.749 0.000 -0.658 0.084 0.956 0.000 -0.052 0.290 0.689 0.000 -0.701 0.184 0.967 0.000 -0.154 -0.201 0.746 0.000 -0.638 0.189 0.967 0.000 -0.176 -0.186 
0.705 0.018 -0.048 -0.707 0.765 0.000 -0.643 -0.006 0.966 0.000 -0.057 0.251 0.748 0.000 -0.659 0.083 0.956 0.000 -0.051 0.289 0.691 0.000 -0.701 0.178 0.969 0.000 -0.154 -0.193 0.746 -0.000 -0.639 0.188 0.966 -0.000 -0.176 -0.188 
0.705 0.018 -0.046 -0.708 0.766 -0.000 -0.643 -0.008 0.967 0.000 -0.058 0.248 0.747 0.000 -0.661 0.080 0.956 0.000 -0.051 0.289 0.693 -0.000 -0.701 0.172 0.970 -0.000 -0.154 -0.188 0.746 0.000 -0.640 0.187 0.966 -0.000 -0.176 -0.189 
0.704 0.018 -0.044 -0.708 0.767 -0.000 -0.642 -0.010 0.968 0.000 -0.058 0.245 0.746 0.000 -0.662 0.078 0.956 0.000 -0.051 0.288 0.694 0.000 -0.701 0.165 0.971 0.000 -0.154 -0.182 0.745 0.000 -0.641 0.184 0.966 0.000 -0.176 -0.190 
0.704 0.018 -0.042 -0.709 0.767 0.000 -0.642 -0.012 0.968 0.000 -0.058 0.243 0.745 0.000 -0.663 0.076 0.957 0.000 -0.051 0.287 0.696 0.000 -0.700 0.158 0.971 0.000 -0.157 -0.178 0.745 -0.000 -0.642 0.183 0.966 0.000 -0.176 -0.191 
0.703 0.018 -0.041 -0.710 0.767 0.000 -0.641 -0.014 0.969 0.000 -0.058 0.241 0.744 0.000 -0.664 0.073 0.957 -0.000 -0.051 0.287 0.698 0.000 -0.700 0.152 0.972 0.000 -0.158 -0.174 0.744 0.000 -0.643 0.182 0.965 0.000 -0.176 -0.192 
0.703 0.019 -0.039 -0.710 0.768 0.000 -0.640 -0.016 0.969 0.000 -0.059 0.239 0.744 0.000 -0.665 0.071 0.957 -0.000 -0.051 0.287 0.699 0.000 -0.700 0.146 0.972 0.000 -0.159 -0.171 0.744 0.000 -0.644 0.180 0.965 -0.000 -0.176 -0.193 
0.702 0.019 -0.037 -0.711 0.768 0.000 -0.640 -0.017 0.970 0.000 -0.059 0.236 0.743 0.000 -0.666 0.068 0.957 -0.000 -0.052 0.286 0.701 0.000 -0.700 0.140 0.973 -0.000 -0.160 -0.169 0.743 0.000 -0.645 0.178 0.965 0.000 -0.176 -0.194 
0.702 0.019 -0.035 -0.711 0.769 0.000 -0.639 -0.019 0.970 -0.000 -0.059 0.235 0.742 0.000 -0.667 0.066 0.957 -0.000 -0.051 0.286 0.702 -0.000 -0.700 0.134 0.973 -0.000 -0.159 -0.166 0.743 -0.000 -0.645 0.176 0.965 -0.000 -0.177 -0.195 
0.702 0.019 -0.034 -0.711 0.769 0.000 -0.638 -0.020 0.971 -0.000 -0.059 0.234 0.742 0.000 -0.668 0.064 0.957 0.000 -0.051 0.285 0.703 0.000 -0.700 0.129 0.974 0.000 -0.158 -0.164 0.743 0.000 -0.646 0.175 0.964 -0.000 -0.178 -0.196 
0.702 0.019 -0.032 -0.711 0.770 0.000 -0.638 -0.021 0.971 0.000 -0.060 0.232 0.742 0.000 -0.668 0.061 0.957 -0.000 -0.050 0.285 0.703 -0.000 -0.700 0.125 0.974 0.000 -0.156 -0.162 0.743 0.000 -0.646 0.174 0.964 0.000 -0.179 -0.197 
0.702 0.020 -0.031 -0.711 0.770 0.000 -0.638 -0.021 0.971 0.000 -0.060 0.230 0.741 -0.000 -0.668 0.059 0.957 0.000 -0.049 0.284 0.703 -0.000 -0.701 0.121 0.975 0.000 -0.155 -0.160 0.744 0.000 -0.646 0.172 0.964 0.000 -0.180 -0.197 
0.702 0.020 -0.030 -0.711 0.770 0.000 -0.638 -0.021 0.972 0.000 -0.060 0.229 0.742 0.000 -0.669 0.056 0.957 0.000 -0.048 0.284 0.703 0.000 -0.702 0.118 0.975 0.000 -0.153 -0.159 0.744 0.000 -0.646 0.171 0.963 0.000 -0.181 -0.198 
0.703 0.020 -0.029 -0.711 0.770 0.000 -0.638 -0.021 0.972 0.000 -0.060 0.228 0.742 0.000 -0.668 0.053 0.958 0.000 -0.048 0.284 0.702 0.000 -0.703 0.116 0.976 0.000 -0.151 -0.159 0.745 0.000 -0.645 0.169 0.963 0.000 -0.183 -0.198 
0.703 0.021 -0.029 -0.710 0.770 0.000 -0.638 -0.021 0.972 0.000 -0.060 0.227 0.742 -0.000 -0.669 0.050 0.958 0.000 -0.046 0.284 0.702 0.000 -0.703 0.114 0.976 0.000 -0.149 -0.158 0.746 -0.000 -0.645 0.168 0.963 0.000 -0.184 -0.198 
0.704 0.021 -0.028 -0.709 0.770 -0.000 -0.638 -0.020 0.972 0.000 -0.060 0.226 0.742 0.000 -0.669 0.047 0.958 0.000 -0.045 0.283 0.701 0.000 -0.704 0.113 0.976 -0.000 -0.147 -0.158 0.746 -0.000 -0.644 0.168 0.962 0.000 -0.186 -0.199 
0.704 0.021 -0.028 -0.709 0.769 -0.000 -0.639 -0.019 0.972 0.000 -0.059 0.225 0.742 0.000 -0.668 0.044 0.958 0.000 -0.043 0.283 0.700 0.000 -0.705 0.112 0.977 0.000 -0.146 -0.157 0.747 0.000 -0.644 0.167 0.962 0.000 -0.187 -0.200 
0.705 0.021 -0.027 -0.709 0.769 0.000 -0.639 -0.018 0.972 0.000 -0.060 0.226 0.743 0.000 -0.668 0.040 0.958 0.000 -0.043 0.284 0.700 0.000 -0.705 0.111 0.977 -0.000 -0.144 -0.157 0.747 0.000 -0.643 0.167 0.962 0.000 -0.188 -0.200 
0.705 0.022 -0.027 -0.709 0.769 0.000 -0.639 -0.018 0.972 0.000 -0.059 0.227 0.743 0.000 -0.668 0.034 0.958 0.000 -0.044 0.285 0.700 0.000 -0.706 0.110 0.977 0.000 -0.144 -0.157 0.748 0.000 -0.643 0.167 0.961 0.000 -0.189 -0.201 
0.705 0.022 -0.026 -0.709 0.769 0.000 -0.639 -0.017 0.972 0.000 -0.058 0.228 0.743 0.000 -0.668 0.031 0.958 0.000 -0.044 0.284 0.700 0.000 -0.706 0.109 0.977 0.000 -0.144 -0.158 0.748 0.000 -0.643 0.167 0.961 0.000 -0.189 -0.202 
0.705 0.021 -0.026 -0.708 0.769 0.000 -0.639 -0.016 0.972 -0.000 -0.059 0.229 0.744 0.000 -0.668 0.027 0.958 0.000 -0.044 0.284 0.700 0.000 -0.706 0.109 0.977 0.000 -0.144 -0.158 0.748 0.000 -0.643 0.168 0.961 0.000 -0.190 -0.203 
0.705 0.021 -0.025 -0.709 0.769 0.000 -0.639 -0.015 0.971 0.000 -0.058 0.230 0.744 0.000 -0.668 0.022 0.958 0.000 -0.044 0.284 0.700 0.000 -0.706 0.109 0.977 -0.000 -0.144 -0.158 0.748 0.000 -0.642 0.168 0.960 0.000 -0.190 -0.203 
0.704 0.020 -0.025 -0.709 0.769 0.000 -0.639 -0.014 0.971 0.000 -0.058 0.233 0.744 0.000 -0.668 0.018 0.958 0.000 -0.045 0.284 0.701 0.000 -0.705 0.109 0.977 0.000 -0.145 -0.158 0.747 0.000 -0.643 0.169 0.960 0.000 -0.191 -0.204 
0.704 0.020 -0.024 -0.709 0.770 0.000 -0.638 -0.013 0.970 0.000 -0.059 0.235 0.744 0.000 -0.668 0.014 0.958 0.000 -0.045 0.284 0.701 0.000 -0.704 0.109 0.976 0.000 -0.146 -0.159 0.747 0.000 -0.643 0.169 0.960 0.000 -0.191 -0.205 
0.703 0.019 -0.024 -0.710 0.770 0.000 -0.638 -0.012 0.970 0.000 -0.059 0.238 0.745 0.000 -0.667 0.011 0.958 0.000 -0.046 0.282 0.702 0.000 -0.704 0.109 0.976 0.000 -0.147 -0.159 0.747 0.000 -0.643 0.170 0.960 0.000 -0.191 -0.205 
0.703 0.019 -0.023 -0.711 0.770 0.000 -0.638 -0.010 0.969 0.000 -0.058 0.240 0.745 -0.000 -0.667 0.008 0.959 -0.000 -0.047 0.281 0.703 -0.000 -0.703 0.110 0.976 -0.000 -0.149 -0.159 0.746 0.000 -0.643 0.171 0.960 0.000 -0.191 -0.206 
