# T   LUA LFA RUA RFA LT  LS  RT  RS  
-0.591 0.010 -0.023 -0.806 0.752 0.000 -0.613 -0.244 0.951 0.000 -0.054 -0.306 0.667 0.000 -0.638 0.383 0.996 -0.000 0.022 -0.088 0.623 0.000 -0.776 0.100 0.941 0.000 0.194 0.276 0.661 0.000 -0.655 -0.366 0.987 0.000 -0.044 0.152 
-0.592 0.009 -0.026 -0.805 0.752 0.000 -0.613 -0.243 0.951 0.000 -0.057 -0.304 0.665 0.000 -0.639 0.386 0.996 0.000 0.022 -0.087 0.627 0.000 -0.772 0.102 0.937 0.000 0.199 0.286 0.656 0.000 -0.661 -0.364 0.986 0.000 -0.047 0.162 
-0.594 0.008 -0.029 -0.804 0.752 0.000 -0.613 -0.241 0.952 0.000 -0.058 -0.302 0.663 0.000 -0.640 0.389 0.996 0.000 0.023 -0.087 0.630 -0.000 -0.770 0.103 0.933 0.000 0.204 0.297 0.652 -0.000 -0.667 -0.360 0.984 0.000 -0.051 0.169 
-0.594 0.006 -0.032 -0.804 0.753 0.000 -0.613 -0.238 0.952 -0.000 -0.060 -0.299 0.661 0.000 -0.641 0.391 0.996 0.000 0.024 -0.087 0.636 0.000 -0.765 0.101 0.929 0.000 0.201 0.311 0.647 0.000 -0.674 -0.355 0.983 0.000 -0.051 0.174 
-0.594 0.005 -0.035 -0.804 0.755 0.000 -0.613 -0.233 0.953 0.000 -0.064 -0.297 0.660 0.000 -0.642 0.391 0.996 0.000 0.024 -0.086 0.640 -0.000 -0.762 0.098 0.923 0.000 0.204 0.327 0.642 0.000 -0.682 -0.349 0.982 0.000 -0.052 0.179 
-0.594 0.002 -0.040 -0.804 0.758 0.000 -0.612 -0.227 0.954 0.000 -0.067 -0.294 0.657 0.000 -0.645 0.391 0.996 -0.000 0.024 -0.086 0.645 -0.000 -0.758 0.092 0.916 0.000 0.204 0.345 0.636 -0.000 -0.691 -0.344 0.981 0.000 -0.057 0.186 
-0.592 -0.002 -0.044 -0.805 0.761 0.000 -0.610 -0.220 0.955 0.000 -0.068 -0.290 0.655 0.000 -0.647 0.389 0.996 0.000 0.023 -0.086 0.652 0.000 -0.754 0.080 0.907 0.000 0.197 0.372 0.630 0.000 -0.698 -0.341 0.979 0.000 -0.063 0.193 
-0.590 -0.007 -0.048 -0.806 0.765 0.000 -0.608 -0.213 0.956 0.000 -0.071 -0.286 0.655 0.000 -0.651 0.385 0.996 0.000 0.022 -0.084 0.659 0.000 -0.750 0.066 0.898 0.000 0.189 0.399 0.624 -0.000 -0.704 -0.340 0.977 -0.000 -0.069 0.200 
-0.587 -0.011 -0.052 -0.808 0.770 -0.000 -0.605 -0.204 0.957 0.000 -0.074 -0.281 0.654 0.000 -0.654 0.380 0.996 0.000 0.021 -0.086 0.666 0.000 -0.744 0.049 0.887 0.000 0.176 0.426 0.617 -0.000 -0.710 -0.340 0.975 0.000 -0.075 0.208 
-0.584 -0.015 -0.055 -0.809 0.774 -0.000 -0.602 -0.196 0.958 0.000 -0.076 -0.276 0.654 0.000 -0.658 0.373 0.996 0.000 0.021 -0.086 0.672 0.000 -0.740 0.032 0.877 0.000 0.163 0.452 0.611 0.000 -0.715 -0.339 0.973 0.000 -0.081 0.215 
-0.581 -0.019 -0.057 -0.812 0.778 0.000 -0.600 -0.188 0.959 -0.000 -0.079 -0.271 0.656 0.000 -0.661 0.365 0.996 0.000 0.021 -0.089 0.676 0.000 -0.737 0.012 0.866 0.000 0.148 0.477 0.607 0.000 -0.718 -0.340 0.971 -0.000 -0.088 0.223 
-0.578 -0.021 -0.058 -0.814 0.781 0.000 -0.598 -0.182 0.961 0.000 -0.081 -0.264 0.658 0.000 -0.664 0.356 0.996 0.000 0.020 -0.092 0.679 0.000 -0.734 -0.008 0.855 0.000 0.131 0.502 0.603 0.000 -0.723 -0.339 0.969 0.000 -0.092 0.230 
-0.574 -0.023 -0.059 -0.816 0.783 -0.000 -0.597 -0.174 0.962 -0.000 -0.083 -0.259 0.661 0.000 -0.666 0.345 0.995 0.000 0.019 -0.097 0.681 0.000 -0.732 -0.029 0.844 0.000 0.113 0.525 0.598 0.000 -0.728 -0.335 0.968 -0.000 -0.092 0.235 
-0.571 -0.024 -0.058 -0.819 0.785 0.000 -0.596 -0.167 0.964 0.000 -0.084 -0.253 0.664 0.000 -0.669 0.334 0.995 0.000 0.020 -0.102 0.682 0.000 -0.730 -0.052 0.832 -0.000 0.090 0.548 0.595 0.000 -0.734 -0.329 0.967 0.000 -0.091 0.238 
-0.567 -0.023 -0.057 -0.822 0.786 0.000 -0.597 -0.160 0.965 0.000 -0.085 -0.247 0.667 0.000 -0.671 0.323 0.994 0.000 0.021 -0.107 0.682 0.000 -0.727 -0.075 0.820 0.000 0.064 0.569 0.592 0.000 -0.740 -0.320 0.967 0.000 -0.087 0.240 
-0.563 -0.023 -0.056 -0.825 0.787 0.000 -0.597 -0.154 0.967 0.000 -0.086 -0.241 0.672 -0.000 -0.672 0.311 0.993 0.000 0.020 -0.113 0.682 0.000 -0.725 -0.098 0.807 -0.000 0.036 0.589 0.590 0.000 -0.747 -0.308 0.968 0.000 -0.080 0.238 
-0.559 -0.022 -0.054 -0.827 0.787 0.000 -0.598 -0.149 0.969 -0.000 -0.086 -0.233 0.676 0.000 -0.674 0.297 0.993 0.000 0.021 -0.119 0.682 0.000 -0.721 -0.122 0.797 0.000 0.005 0.604 0.588 0.000 -0.753 -0.297 0.969 0.000 -0.073 0.237 
-0.554 -0.020 -0.052 -0.830 0.787 -0.000 -0.600 -0.143 0.970 0.000 -0.086 -0.226 0.681 -0.000 -0.675 0.284 0.992 0.000 0.020 -0.124 0.681 0.000 -0.718 -0.146 0.788 0.000 -0.027 0.616 0.586 0.000 -0.760 -0.283 0.970 0.000 -0.063 0.234 
-0.549 -0.019 -0.051 -0.834 0.788 0.000 -0.600 -0.136 0.972 0.000 -0.085 -0.218 0.685 0.000 -0.677 0.268 0.991 0.000 0.022 -0.129 0.680 0.000 -0.714 -0.170 0.780 0.000 -0.059 0.623 0.584 -0.000 -0.766 -0.268 0.971 0.000 -0.055 0.232 
-0.544 -0.019 -0.050 -0.838 0.789 0.000 -0.600 -0.129 0.974 0.000 -0.085 -0.210 0.690 0.000 -0.678 0.253 0.991 0.000 0.022 -0.133 0.679 0.000 -0.708 -0.193 0.773 0.000 -0.091 0.628 0.581 0.000 -0.773 -0.254 0.972 0.000 -0.046 0.229 
-0.538 -0.018 -0.049 -0.841 0.791 -0.000 -0.600 -0.121 0.976 0.000 -0.084 -0.202 0.695 -0.000 -0.679 0.237 0.990 -0.000 0.020 -0.138 0.678 -0.000 -0.703 -0.214 0.768 0.000 -0.119 0.629 0.579 0.000 -0.780 -0.238 0.974 0.000 -0.036 0.226 
-0.532 -0.018 -0.048 -0.845 0.791 0.000 -0.601 -0.112 0.977 0.000 -0.082 -0.196 0.700 0.000 -0.679 0.219 0.990 0.000 0.018 -0.141 0.677 0.000 -0.697 -0.236 0.764 0.000 -0.149 0.627 0.577 0.000 -0.786 -0.223 0.975 0.000 -0.026 0.223 
-0.526 -0.017 -0.047 -0.849 0.793 0.000 -0.601 -0.102 0.979 0.000 -0.081 -0.189 0.706 0.000 -0.679 0.202 0.989 0.000 0.015 -0.145 0.677 0.000 -0.690 -0.258 0.762 0.000 -0.178 0.623 0.575 0.000 -0.792 -0.208 0.975 -0.000 -0.017 0.220 
-0.519 -0.017 -0.046 -0.853 0.794 0.000 -0.601 -0.091 0.980 0.000 -0.079 -0.184 0.711 0.000 -0.679 0.184 0.989 0.000 0.014 -0.147 0.677 0.000 -0.682 -0.277 0.760 0.000 -0.204 0.617 0.573 0.000 -0.796 -0.195 0.975 0.000 -0.009 0.220 
-0.512 -0.017 -0.045 -0.858 0.796 -0.000 -0.600 -0.079 0.981 0.000 -0.078 -0.179 0.715 -0.000 -0.681 0.161 0.989 -0.000 0.014 -0.146 0.678 -0.000 -0.673 -0.296 0.760 0.000 -0.231 0.607 0.572 0.000 -0.800 -0.183 0.976 0.000 -0.002 0.219 
-0.504 -0.016 -0.044 -0.862 0.797 0.000 -0.601 -0.067 0.982 -0.000 -0.076 -0.174 0.719 0.000 -0.680 0.142 0.989 0.000 0.013 -0.148 0.678 -0.000 -0.665 -0.313 0.762 0.000 -0.253 0.596 0.571 -0.000 -0.804 -0.168 0.976 0.000 0.006 0.218 
-0.496 -0.015 -0.043 -0.867 0.798 0.000 -0.600 -0.053 0.982 0.000 -0.076 -0.172 0.724 0.000 -0.679 0.122 0.988 0.000 0.011 -0.151 0.678 -0.000 -0.658 -0.328 0.765 0.000 -0.272 0.584 0.570 0.000 -0.807 -0.153 0.976 0.000 0.015 0.215 
-0.489 -0.013 -0.042 -0.871 0.798 -0.000 -0.601 -0.040 0.983 0.000 -0.074 -0.167 0.727 0.000 -0.678 0.104 0.988 0.000 0.012 -0.153 0.677 0.000 -0.651 -0.342 0.770 0.000 -0.287 0.571 0.569 0.000 -0.811 -0.136 0.977 0.000 0.024 0.212 
-0.482 -0.011 -0.041 -0.875 0.798 0.000 -0.603 -0.027 0.984 -0.000 -0.070 -0.161 0.731 0.000 -0.677 0.084 0.988 0.000 0.011 -0.156 0.676 0.000 -0.646 -0.355 0.776 0.000 -0.298 0.556 0.570 0.000 -0.813 -0.118 0.978 -0.000 0.032 0.208 
-0.473 -0.011 -0.040 -0.880 0.798 0.000 -0.603 -0.014 0.985 0.000 -0.067 -0.157 0.734 0.000 -0.676 0.064 0.987 0.000 0.009 -0.160 0.676 0.000 -0.639 -0.367 0.783 0.000 -0.309 0.539 0.570 0.000 -0.815 -0.103 0.978 0.000 0.040 0.205 
-0.464 -0.008 -0.040 -0.885 0.797 0.000 -0.604 0.001 0.986 -0.000 -0.063 -0.152 0.738 0.000 -0.673 0.046 0.986 0.000 0.006 -0.166 0.676 0.000 -0.634 -0.375 0.793 0.000 -0.314 0.523 0.571 -0.000 -0.817 -0.083 0.979 0.000 0.049 0.199 
-0.455 -0.007 -0.039 -0.890 0.796 0.000 -0.605 0.014 0.987 -0.000 -0.059 -0.147 0.741 0.000 -0.671 0.027 0.985 0.000 0.003 -0.171 0.676 -0.000 -0.629 -0.383 0.803 0.000 -0.318 0.505 0.573 -0.000 -0.817 -0.068 0.979 -0.000 0.054 0.195 
-0.447 -0.005 -0.038 -0.893 0.795 0.000 -0.606 0.027 0.988 0.000 -0.059 -0.141 0.743 0.000 -0.669 0.009 0.984 0.000 0.001 -0.179 0.674 0.000 -0.627 -0.392 0.813 0.000 -0.316 0.489 0.575 0.000 -0.817 -0.051 0.980 0.000 0.061 0.190 
-0.439 -0.003 -0.036 -0.898 0.794 0.000 -0.607 0.041 0.989 -0.000 -0.058 -0.136 0.746 0.000 -0.666 -0.009 0.983 -0.000 0.000 -0.184 0.671 0.000 -0.624 -0.400 0.824 0.000 -0.314 0.472 0.577 0.000 -0.816 -0.036 0.980 0.000 0.067 0.185 
-0.431 -0.000 -0.034 -0.902 0.792 0.000 -0.608 0.054 0.990 -0.000 -0.055 -0.133 0.747 0.000 -0.664 -0.028 0.982 -0.000 0.001 -0.190 0.669 -0.000 -0.621 -0.408 0.835 0.000 -0.308 0.455 0.580 0.000 -0.814 -0.024 0.980 0.000 0.072 0.183 
-0.422 0.001 -0.033 -0.906 0.790 -0.000 -0.609 0.067 0.991 0.000 -0.052 -0.127 0.748 -0.000 -0.662 -0.046 0.981 -0.000 0.001 -0.196 0.667 0.000 -0.619 -0.413 0.848 0.000 -0.299 0.438 0.582 -0.000 -0.813 -0.012 0.980 0.000 0.078 0.181 
-0.413 0.003 -0.031 -0.910 0.789 0.000 -0.609 0.080 0.991 0.000 -0.051 -0.121 0.749 0.000 -0.660 -0.063 0.979 0.000 -0.000 -0.203 0.666 0.000 -0.617 -0.418 0.860 0.000 -0.289 0.420 0.584 0.000 -0.812 -0.002 0.980 0.000 0.083 0.180 
-0.405 0.003 -0.030 -0.914 0.788 0.000 -0.608 0.091 0.992 0.000 -0.048 -0.117 0.748 0.000 -0.658 -0.080 0.978 0.000 -0.001 -0.210 0.665 -0.000 -0.615 -0.424 0.872 0.000 -0.276 0.404 0.584 0.000 -0.811 0.007 0.980 0.000 0.088 0.180 
-0.394 0.005 -0.028 -0.918 0.786 -0.000 -0.609 0.105 0.992 0.000 -0.043 -0.119 0.748 0.000 -0.656 -0.095 0.976 0.000 -0.004 -0.219 0.663 0.000 -0.618 -0.423 0.886 0.000 -0.257 0.386 0.587 0.000 -0.809 0.017 0.979 0.000 0.095 0.180 
-0.388 0.003 -0.027 -0.921 0.786 -0.000 -0.607 0.115 0.993 0.000 -0.041 -0.115 0.746 0.000 -0.656 -0.111 0.974 0.000 -0.004 -0.227 0.665 -0.000 -0.613 -0.427 0.897 0.000 -0.243 0.369 0.587 -0.000 -0.809 0.023 0.978 -0.000 0.098 0.182 
-0.379 0.001 -0.026 -0.925 0.786 0.000 -0.606 0.125 0.993 0.000 -0.037 -0.111 0.744 0.000 -0.656 -0.126 0.972 0.000 -0.004 -0.235 0.665 0.000 -0.612 -0.428 0.909 0.000 -0.224 0.351 0.589 -0.000 -0.808 0.029 0.978 0.000 0.100 0.183 
-0.371 -0.000 -0.025 -0.928 0.786 0.000 -0.603 0.136 0.994 0.000 -0.033 -0.108 0.741 -0.000 -0.656 -0.142 0.970 0.000 -0.005 -0.244 0.667 0.000 -0.610 -0.428 0.920 0.000 -0.205 0.333 0.590 0.000 -0.806 0.036 0.977 0.000 0.104 0.185 
-0.364 -0.002 -0.025 -0.931 0.786 -0.000 -0.601 0.146 0.994 0.000 -0.031 -0.106 0.738 0.000 -0.656 -0.156 0.968 0.000 -0.005 -0.252 0.668 0.000 -0.609 -0.427 0.931 0.000 -0.185 0.315 0.591 0.000 -0.805 0.041 0.977 0.000 0.106 0.187 
-0.357 -0.005 -0.024 -0.934 0.786 -0.000 -0.599 0.156 0.994 0.000 -0.029 -0.104 0.735 0.000 -0.657 -0.171 0.965 0.000 -0.004 -0.260 0.670 -0.000 -0.607 -0.426 0.941 0.000 -0.167 0.295 0.592 -0.000 -0.804 0.047 0.976 -0.000 0.109 0.188 
-0.350 -0.007 -0.023 -0.937 0.785 0.000 -0.597 0.164 0.995 0.000 -0.026 -0.101 0.731 0.000 -0.657 -0.184 0.963 0.000 -0.004 -0.269 0.673 0.000 -0.606 -0.424 0.950 0.000 -0.148 0.276 0.593 0.000 -0.803 0.053 0.976 -0.000 0.111 0.189 
-0.343 -0.010 -0.022 -0.939 0.784 0.000 -0.595 0.174 0.995 0.000 -0.022 -0.100 0.727 0.000 -0.658 -0.197 0.961 0.000 -0.003 -0.277 0.676 0.000 -0.605 -0.421 0.958 0.000 -0.129 0.256 0.595 0.000 -0.802 0.060 0.975 0.000 0.113 0.190 
-0.337 -0.012 -0.022 -0.941 0.784 0.000 -0.593 0.182 0.995 -0.000 -0.020 -0.097 0.723 0.000 -0.658 -0.210 0.959 0.000 -0.002 -0.285 0.678 0.000 -0.605 -0.418 0.965 0.000 -0.110 0.237 0.597 0.000 -0.800 0.065 0.975 0.000 0.113 0.193 
-0.332 -0.015 -0.021 -0.943 0.784 0.000 -0.591 0.191 0.995 -0.000 -0.017 -0.096 0.719 0.000 -0.659 -0.222 0.956 0.000 0.000 -0.292 0.681 0.000 -0.604 -0.414 0.971 0.000 -0.094 0.218 0.598 0.000 -0.798 0.070 0.974 0.000 0.114 0.196 
-0.326 -0.017 -0.021 -0.945 0.783 0.000 -0.589 0.200 0.995 0.000 -0.015 -0.094 0.715 0.000 -0.659 -0.234 0.954 0.000 0.001 -0.298 0.683 0.000 -0.604 -0.410 0.977 0.000 -0.077 0.201 0.599 0.000 -0.797 0.078 0.974 0.000 0.118 0.196 
-0.321 -0.020 -0.020 -0.947 0.782 0.000 -0.587 0.208 0.996 0.000 -0.013 -0.093 0.711 0.000 -0.659 -0.245 0.953 0.000 0.003 -0.304 0.686 -0.000 -0.604 -0.406 0.981 0.000 -0.065 0.183 0.600 0.000 -0.796 0.084 0.972 0.000 0.121 0.199 
-0.315 -0.021 -0.020 -0.948 0.781 0.000 -0.586 0.216 0.996 0.000 -0.010 -0.091 0.707 -0.000 -0.659 -0.255 0.951 0.000 0.006 -0.309 0.688 0.000 -0.605 -0.401 0.984 0.000 -0.054 0.169 0.601 0.000 -0.794 0.089 0.971 0.000 0.125 0.202 
-0.311 -0.023 -0.020 -0.950 0.780 0.000 -0.585 0.224 0.996 0.000 -0.008 -0.089 0.705 -0.000 -0.659 -0.262 0.949 -0.000 0.005 -0.316 0.690 -0.000 -0.606 -0.397 0.987 0.000 -0.045 0.157 0.603 0.000 -0.792 0.095 0.970 0.000 0.129 0.206 
-0.306 -0.023 -0.020 -0.951 0.777 0.000 -0.585 0.231 0.996 0.000 -0.005 -0.088 0.702 0.000 -0.658 -0.271 0.948 0.000 0.006 -0.319 0.687 0.000 -0.610 -0.396 0.988 0.000 -0.032 0.154 0.605 0.000 -0.790 0.099 0.968 -0.000 0.134 0.211 
-0.302 -0.024 -0.020 -0.953 0.775 0.000 -0.585 0.239 0.996 0.000 -0.002 -0.086 0.699 0.000 -0.659 -0.278 0.947 0.000 0.008 -0.322 0.688 0.000 -0.610 -0.394 0.988 -0.000 -0.032 0.152 0.607 0.000 -0.788 0.104 0.966 0.000 0.139 0.217 
-0.297 -0.023 -0.019 -0.954 0.773 -0.000 -0.585 0.246 0.997 0.000 0.000 -0.083 0.697 -0.000 -0.659 -0.284 0.946 0.000 0.010 -0.324 0.688 0.000 -0.610 -0.393 0.988 0.000 -0.037 0.152 0.609 0.000 -0.786 0.107 0.964 0.000 0.145 0.224 
-0.294 -0.021 -0.019 -0.955 0.769 -0.000 -0.587 0.252 0.997 0.000 0.003 -0.081 0.696 0.000 -0.658 -0.287 0.946 -0.000 0.009 -0.325 0.687 0.000 -0.611 -0.393 0.987 0.000 -0.044 0.157 0.613 0.000 -0.783 0.111 0.961 0.000 0.151 0.231 
-0.291 -0.019 -0.019 -0.956 0.766 -0.000 -0.589 0.259 0.997 0.000 0.004 -0.080 0.696 0.000 -0.657 -0.290 0.945 -0.000 0.009 -0.326 0.685 0.000 -0.613 -0.392 0.985 0.000 -0.051 0.164 0.615 0.000 -0.780 0.115 0.958 -0.000 0.160 0.238 
-0.288 -0.016 -0.019 -0.957 0.762 -0.000 -0.590 0.265 0.997 0.000 0.005 -0.078 0.696 -0.000 -0.657 -0.290 0.945 -0.000 0.008 -0.327 0.683 0.000 -0.617 -0.391 0.983 0.000 -0.061 0.171 0.620 0.000 -0.776 0.117 0.955 -0.000 0.165 0.247 
-0.286 -0.013 -0.019 -0.958 0.759 -0.000 -0.592 0.269 0.997 0.000 0.005 -0.076 0.694 0.000 -0.659 -0.290 0.945 0.000 0.009 -0.327 0.678 0.000 -0.624 -0.389 0.981 0.000 -0.063 0.182 0.624 -0.000 -0.772 0.119 0.951 0.000 0.171 0.257 
-0.284 -0.011 -0.020 -0.959 0.757 0.000 -0.593 0.274 0.997 0.000 0.005 -0.075 0.697 -0.000 -0.658 -0.287 0.944 0.000 0.005 -0.329 0.672 -0.000 -0.632 -0.385 0.980 0.000 -0.063 0.190 0.628 -0.000 -0.769 0.120 0.947 0.000 0.175 0.269 
-0.283 -0.008 -0.020 -0.959 0.755 0.000 -0.595 0.277 0.997 0.000 0.004 -0.074 0.697 0.000 -0.658 -0.285 0.946 0.000 0.009 -0.324 0.667 0.000 -0.642 -0.379 0.980 -0.000 -0.059 0.192 0.632 -0.000 -0.766 0.117 0.942 0.000 0.177 0.284 
-0.282 -0.006 -0.021 -0.959 0.754 0.000 -0.595 0.280 0.997 0.000 0.002 -0.073 0.698 0.000 -0.659 -0.280 0.946 0.000 0.007 -0.324 0.662 0.000 -0.652 -0.370 0.980 0.000 -0.051 0.190 0.637 0.000 -0.763 0.113 0.937 0.000 0.177 0.302 
-0.282 -0.003 -0.022 -0.959 0.752 0.000 -0.596 0.282 0.997 0.000 0.000 -0.071 0.699 0.000 -0.660 -0.274 0.946 0.000 0.005 -0.325 0.657 0.000 -0.662 -0.361 0.981 0.000 -0.047 0.191 0.641 0.000 -0.760 0.107 0.930 0.000 0.177 0.321 
-0.283 0.002 -0.022 -0.959 0.750 0.000 -0.599 0.282 0.998 0.000 -0.002 -0.069 0.702 0.000 -0.661 -0.265 0.946 0.000 0.003 -0.325 0.651 0.000 -0.672 -0.352 0.980 0.000 -0.048 0.194 0.647 -0.000 -0.757 0.097 0.923 0.000 0.175 0.343 
-0.285 0.010 -0.022 -0.958 0.746 0.000 -0.603 0.281 0.998 0.000 -0.004 -0.067 0.707 -0.000 -0.659 -0.256 0.946 0.000 0.000 -0.324 0.644 0.000 -0.681 -0.347 0.979 0.000 -0.051 0.198 0.654 0.000 -0.752 0.086 0.915 0.000 0.170 0.366 
-0.288 0.017 -0.021 -0.957 0.744 0.000 -0.607 0.280 0.998 0.000 -0.010 -0.066 0.712 0.000 -0.657 -0.246 0.946 -0.000 -0.003 -0.323 0.638 -0.000 -0.688 -0.345 0.977 -0.000 -0.058 0.204 0.660 0.000 -0.748 0.072 0.906 0.000 0.164 0.391 
-0.292 0.024 -0.019 -0.956 0.742 0.000 -0.611 0.276 0.998 0.000 -0.013 -0.066 0.717 0.000 -0.655 -0.236 0.947 -0.000 -0.004 -0.320 0.631 0.000 -0.694 -0.346 0.975 0.000 -0.063 0.211 0.665 0.000 -0.744 0.056 0.895 0.000 0.157 0.418 
-0.297 0.030 -0.018 -0.954 0.740 0.000 -0.616 0.271 0.998 -0.000 -0.014 -0.064 0.723 0.000 -0.653 -0.224 0.949 0.000 -0.006 -0.317 0.625 0.000 -0.699 -0.347 0.973 0.000 -0.071 0.219 0.670 -0.000 -0.742 0.038 0.883 0.000 0.146 0.446 
-0.303 0.035 -0.015 -0.952 0.740 0.000 -0.619 0.265 0.998 0.000 -0.018 -0.066 0.730 0.000 -0.650 -0.212 0.950 0.000 -0.009 -0.313 0.619 0.000 -0.703 -0.351 0.970 0.000 -0.081 0.229 0.672 0.000 -0.740 0.018 0.871 0.000 0.134 0.473 
-0.309 0.039 -0.014 -0.950 0.740 -0.000 -0.623 0.256 0.998 0.000 -0.020 -0.067 0.734 0.000 -0.649 -0.201 0.952 0.000 -0.006 -0.306 0.612 0.000 -0.708 -0.353 0.967 0.000 -0.085 0.240 0.675 0.000 -0.738 -0.004 0.858 -0.000 0.116 0.500 
-0.316 0.041 -0.012 -0.948 0.741 0.000 -0.626 0.245 0.997 0.000 -0.021 -0.068 0.738 0.000 -0.647 -0.189 0.953 -0.000 -0.008 -0.301 0.606 0.000 -0.713 -0.352 0.965 0.000 -0.087 0.248 0.675 0.000 -0.737 -0.026 0.846 -0.000 0.096 0.525 
-0.323 0.042 -0.011 -0.945 0.743 0.000 -0.628 0.233 0.997 0.000 -0.023 -0.069 0.742 0.000 -0.647 -0.176 0.955 0.000 -0.008 -0.296 0.599 0.000 -0.721 -0.348 0.964 0.000 -0.082 0.254 0.676 0.000 -0.735 -0.048 0.834 0.000 0.071 0.548 
-0.330 0.043 -0.011 -0.943 0.745 -0.000 -0.630 0.219 0.997 -0.000 -0.025 -0.070 0.745 0.000 -0.647 -0.164 0.957 0.000 -0.009 -0.290 0.594 0.000 -0.729 -0.341 0.963 -0.000 -0.077 0.257 0.676 0.000 -0.734 -0.071 0.822 0.000 0.045 0.568 
-0.338 0.042 -0.011 -0.940 0.748 0.000 -0.631 0.205 0.997 -0.000 -0.027 -0.072 0.747 0.000 -0.648 -0.151 0.959 -0.000 -0.009 -0.285 0.591 -0.000 -0.736 -0.331 0.964 0.000 -0.073 0.257 0.675 0.000 -0.732 -0.094 0.811 0.000 0.014 0.585 
-0.345 0.041 -0.011 -0.938 0.752 0.000 -0.631 0.191 0.997 0.000 -0.029 -0.075 0.749 -0.000 -0.648 -0.138 0.961 0.000 -0.009 -0.278 0.588 0.000 -0.744 -0.318 0.964 -0.000 -0.063 0.258 0.674 0.000 -0.730 -0.114 0.803 -0.000 -0.015 0.596 
-0.353 0.041 -0.012 -0.935 0.755 0.000 -0.632 0.175 0.996 -0.000 -0.034 -0.078 0.751 -0.000 -0.648 -0.125 0.963 0.000 -0.011 -0.270 0.583 0.000 -0.753 -0.305 0.965 0.000 -0.053 0.258 0.674 0.000 -0.726 -0.137 0.796 0.000 -0.048 0.604 
-0.361 0.039 -0.013 -0.932 0.759 0.000 -0.631 0.159 0.996 0.000 -0.036 -0.081 0.752 0.000 -0.650 -0.112 0.965 0.000 -0.011 -0.260 0.582 0.000 -0.761 -0.288 0.966 0.000 -0.042 0.256 0.672 0.000 -0.723 -0.157 0.790 0.000 -0.077 0.608 
-0.367 0.038 -0.014 -0.930 0.763 -0.000 -0.631 0.144 0.996 0.000 -0.040 -0.083 0.752 0.000 -0.651 -0.099 0.968 0.000 -0.012 -0.250 0.580 0.000 -0.769 -0.268 0.967 0.000 -0.028 0.253 0.670 0.000 -0.721 -0.176 0.786 -0.000 -0.102 0.610 
-0.375 0.035 -0.016 -0.926 0.768 0.000 -0.628 0.126 0.995 0.000 -0.043 -0.086 0.752 0.000 -0.653 -0.086 0.971 0.000 -0.012 -0.239 0.579 0.000 -0.775 -0.252 0.968 0.000 -0.018 0.252 0.668 0.000 -0.718 -0.197 0.783 -0.000 -0.131 0.608 
-0.383 0.032 -0.017 -0.923 0.772 0.000 -0.627 0.107 0.995 -0.000 -0.045 -0.090 0.752 0.000 -0.655 -0.072 0.973 0.000 -0.012 -0.230 0.580 0.000 -0.780 -0.237 0.968 0.000 -0.008 0.251 0.665 -0.000 -0.714 -0.217 0.781 0.000 -0.159 0.604 
-0.394 0.028 -0.018 -0.919 0.776 0.000 -0.625 0.087 0.995 0.000 -0.049 -0.091 0.752 0.000 -0.657 -0.058 0.975 0.000 -0.013 -0.222 0.582 0.000 -0.781 -0.227 0.967 0.000 -0.001 0.253 0.664 0.000 -0.709 -0.238 0.780 0.000 -0.190 0.596 
-0.402 0.026 -0.020 -0.915 0.778 0.000 -0.624 0.067 0.994 0.000 -0.049 -0.094 0.752 0.000 -0.658 -0.042 0.977 0.000 -0.013 -0.213 0.581 -0.000 -0.786 -0.212 0.967 -0.000 0.011 0.253 0.662 0.000 -0.704 -0.257 0.781 0.000 -0.214 0.587 
-0.414 0.023 -0.021 -0.910 0.781 0.000 -0.623 0.046 0.994 0.000 -0.050 -0.098 0.752 0.000 -0.659 -0.028 0.979 0.000 -0.012 -0.204 0.581 0.000 -0.788 -0.203 0.967 0.000 0.019 0.255 0.662 0.000 -0.697 -0.276 0.783 0.000 -0.241 0.573 
-0.420 0.021 -0.023 -0.907 0.782 -0.000 -0.622 0.028 0.993 0.000 -0.051 -0.102 0.751 0.000 -0.661 -0.011 0.981 0.000 -0.012 -0.195 0.580 0.000 -0.794 -0.182 0.968 0.000 0.033 0.251 0.660 0.000 -0.692 -0.291 0.787 0.000 -0.256 0.561 
-0.427 0.019 -0.025 -0.903 0.784 0.000 -0.621 0.010 0.993 0.000 -0.051 -0.107 0.749 0.000 -0.663 0.005 0.983 0.000 -0.011 -0.184 0.579 0.000 -0.799 -0.162 0.968 0.000 0.047 0.245 0.658 0.000 -0.687 -0.307 0.792 -0.000 -0.270 0.548 
-0.436 0.017 -0.027 -0.899 0.785 0.000 -0.620 -0.009 0.992 0.000 -0.052 -0.112 0.748 0.000 -0.663 0.022 0.985 0.000 -0.010 -0.174 0.579 0.000 -0.802 -0.144 0.969 0.000 0.058 0.240 0.658 0.000 -0.682 -0.321 0.798 -0.000 -0.280 0.534 
-0.444 0.016 -0.027 -0.895 0.785 0.000 -0.619 -0.027 0.991 0.000 -0.054 -0.119 0.747 0.000 -0.664 0.037 0.987 0.000 -0.007 -0.161 0.580 0.000 -0.805 -0.126 0.970 0.000 0.068 0.234 0.657 -0.000 -0.675 -0.335 0.805 0.000 -0.289 0.518 
-0.455 0.017 -0.029 -0.890 0.784 -0.000 -0.620 -0.044 0.990 0.000 -0.056 -0.126 0.746 0.000 -0.663 0.056 0.989 0.000 -0.006 -0.151 0.580 -0.000 -0.808 -0.104 0.971 -0.000 0.079 0.226 0.657 -0.000 -0.672 -0.342 0.815 0.000 -0.288 0.503 
-0.462 0.016 -0.030 -0.886 0.783 -0.000 -0.619 -0.060 0.989 0.000 -0.054 -0.138 0.745 0.000 -0.663 0.074 0.990 0.000 -0.007 -0.143 0.582 0.000 -0.809 -0.084 0.972 0.000 0.086 0.218 0.655 0.000 -0.668 -0.352 0.825 -0.000 -0.286 0.488 
-0.466 0.012 -0.031 -0.884 0.784 -0.000 -0.616 -0.076 0.987 0.000 -0.054 -0.148 0.742 0.000 -0.665 0.087 0.991 0.000 -0.005 -0.131 0.587 -0.000 -0.806 -0.069 0.973 0.000 0.090 0.211 0.650 0.000 -0.665 -0.368 0.834 0.000 -0.284 0.474 
-0.474 0.010 -0.033 -0.880 0.783 0.000 -0.615 -0.090 0.986 0.000 -0.054 -0.157 0.739 0.000 -0.666 0.104 0.993 0.000 -0.004 -0.122 0.591 0.000 -0.805 -0.050 0.974 0.000 0.097 0.205 0.649 0.000 -0.664 -0.372 0.846 0.000 -0.275 0.457 
-0.480 0.008 -0.034 -0.877 0.783 0.000 -0.613 -0.105 0.984 0.000 -0.054 -0.168 0.735 0.000 -0.667 0.119 0.994 0.000 -0.003 -0.113 0.595 0.000 -0.803 -0.035 0.975 0.000 0.101 0.199 0.645 0.000 -0.663 -0.379 0.859 -0.000 -0.262 0.440 
-0.486 0.005 -0.035 -0.873 0.782 0.000 -0.612 -0.120 0.983 0.000 -0.051 -0.178 0.732 0.000 -0.668 0.135 0.994 -0.000 -0.001 -0.106 0.600 0.000 -0.800 -0.022 0.975 0.000 0.102 0.196 0.642 0.000 -0.662 -0.385 0.871 0.000 -0.249 0.423 
-0.493 0.003 -0.036 -0.869 0.781 0.000 -0.610 -0.133 0.981 0.000 -0.054 -0.189 0.728 0.000 -0.668 0.152 0.995 0.000 0.000 -0.100 0.603 0.000 -0.798 -0.010 0.975 0.000 0.106 0.193 0.642 0.000 -0.660 -0.390 0.883 0.000 -0.237 0.404 
-0.500 0.001 -0.037 -0.865 0.780 0.000 -0.609 -0.146 0.978 0.000 -0.055 -0.201 0.725 0.000 -0.668 0.168 0.995 0.000 0.002 -0.095 0.606 0.000 -0.796 0.001 0.975 0.000 0.111 0.190 0.641 0.000 -0.660 -0.392 0.896 0.000 -0.222 0.384 
-0.506 -0.000 -0.036 -0.862 0.778 0.000 -0.608 -0.161 0.976 -0.000 -0.055 -0.212 0.721 -0.000 -0.668 0.185 0.996 0.000 0.004 -0.094 0.608 0.000 -0.794 0.008 0.975 -0.000 0.116 0.191 0.642 -0.000 -0.658 -0.394 0.909 0.000 -0.206 0.363 
-0.513 -0.001 -0.035 -0.858 0.776 0.000 -0.607 -0.174 0.973 0.000 -0.056 -0.223 0.718 0.000 -0.666 0.201 0.996 -0.000 0.004 -0.091 0.609 0.000 -0.793 0.014 0.974 0.000 0.120 0.194 0.641 0.000 -0.657 -0.396 0.921 0.000 -0.187 0.343 
-0.518 -0.001 -0.034 -0.855 0.772 0.000 -0.607 -0.188 0.971 0.000 -0.056 -0.233 0.716 0.000 -0.664 0.217 0.996 0.000 0.005 -0.091 0.609 0.000 -0.793 0.020 0.973 0.000 0.126 0.196 0.644 -0.000 -0.653 -0.397 0.931 -0.000 -0.173 0.322 
-0.524 -0.001 -0.032 -0.851 0.769 0.000 -0.606 -0.202 0.968 0.000 -0.057 -0.243 0.713 0.000 -0.661 0.233 0.996 0.000 0.006 -0.093 0.608 0.000 -0.793 0.023 0.971 0.000 0.130 0.199 0.648 0.000 -0.650 -0.398 0.941 0.000 -0.158 0.300 
-0.530 -0.000 -0.029 -0.848 0.765 0.000 -0.606 -0.216 0.966 0.000 -0.056 -0.252 0.711 -0.000 -0.658 0.248 0.996 0.000 0.008 -0.094 0.607 0.000 -0.794 0.027 0.970 0.000 0.135 0.203 0.651 0.000 -0.647 -0.398 0.949 0.000 -0.143 0.280 
-0.535 0.001 -0.027 -0.844 0.761 0.000 -0.606 -0.229 0.964 -0.000 -0.056 -0.262 0.709 0.000 -0.654 0.263 0.995 0.000 0.008 -0.096 0.605 0.000 -0.796 0.035 0.968 0.000 0.145 0.203 0.654 0.000 -0.643 -0.398 0.957 0.000 -0.127 0.261 
-0.540 0.002 -0.025 -0.841 0.757 0.000 -0.607 -0.243 0.961 0.000 -0.055 -0.270 0.708 0.000 -0.650 0.276 0.995 0.000 0.006 -0.096 0.607 0.000 -0.794 0.038 0.968 -0.000 0.142 0.208 0.658 -0.000 -0.639 -0.397 0.964 0.000 -0.113 0.241 
-0.544 0.004 -0.023 -0.839 0.753 0.000 -0.607 -0.254 0.959 -0.000 -0.055 -0.278 0.706 -0.000 -0.648 0.286 0.995 -0.000 0.008 -0.095 0.608 0.000 -0.793 0.048 0.968 0.000 0.144 0.207 0.662 0.000 -0.637 -0.395 0.970 0.000 -0.099 0.224 
-0.549 0.005 -0.021 -0.836 0.749 0.000 -0.608 -0.265 0.957 -0.000 -0.056 -0.286 0.705 0.000 -0.644 0.298 0.995 0.000 0.007 -0.096 0.610 0.000 -0.791 0.056 0.968 0.000 0.144 0.207 0.665 0.000 -0.634 -0.394 0.975 -0.000 -0.085 0.208 
-0.553 0.006 -0.018 -0.833 0.744 0.000 -0.608 -0.276 0.954 -0.000 -0.054 -0.293 0.704 0.000 -0.640 0.308 0.995 0.000 0.007 -0.095 0.610 0.000 -0.790 0.064 0.967 0.000 0.148 0.206 0.669 0.000 -0.631 -0.394 0.978 0.000 -0.074 0.193 
-0.557 0.008 -0.016 -0.830 0.740 0.000 -0.609 -0.285 0.952 0.000 -0.054 -0.300 0.703 0.000 -0.637 0.317 0.995 0.000 0.008 -0.094 0.611 -0.000 -0.788 0.072 0.967 0.000 0.149 0.207 0.672 -0.000 -0.627 -0.393 0.982 0.000 -0.065 0.180 
-0.560 0.009 -0.015 -0.828 0.736 0.000 -0.609 -0.294 0.951 0.000 -0.052 -0.306 0.702 0.000 -0.634 0.325 0.996 0.000 0.010 -0.092 0.613 0.000 -0.786 0.076 0.966 0.000 0.149 0.212 0.674 0.000 -0.625 -0.393 0.984 0.000 -0.056 0.169 
-0.564 0.010 -0.013 -0.826 0.732 0.000 -0.610 -0.302 0.949 0.000 -0.050 -0.311 0.701 0.000 -0.632 0.332 0.996 0.000 0.011 -0.090 0.614 0.000 -0.785 0.079 0.964 -0.000 0.152 0.218 0.676 0.000 -0.624 -0.392 0.986 0.000 -0.048 0.158 
-0.567 0.010 -0.013 -0.824 0.730 0.000 -0.610 -0.308 0.948 -0.000 -0.051 -0.315 0.699 0.000 -0.630 0.339 0.996 0.000 0.011 -0.089 0.614 -0.000 -0.785 0.083 0.961 0.000 0.160 0.224 0.676 0.000 -0.626 -0.389 0.988 -0.000 -0.039 0.149 
-0.570 0.010 -0.013 -0.822 0.728 0.000 -0.610 -0.314 0.947 0.000 -0.055 -0.316 0.697 0.000 -0.628 0.345 0.996 0.000 0.012 -0.087 0.616 0.000 -0.783 0.084 0.959 0.000 0.163 0.233 0.676 0.000 -0.628 -0.386 0.989 0.000 -0.032 0.141 
-0.572 0.009 -0.013 -0.820 0.727 0.000 -0.609 -0.318 0.946 0.000 -0.050 -0.321 0.694 0.000 -0.628 0.352 0.996 0.000 0.013 -0.085 0.619 0.000 -0.781 0.086 0.955 0.000 0.169 0.242 0.674 -0.000 -0.632 -0.382 0.990 0.000 -0.027 0.136 
-0.575 0.008 -0.015 -0.818 0.725 0.000 -0.609 -0.321 0.945 0.000 -0.051 -0.322 0.691 -0.000 -0.628 0.358 0.996 0.000 0.013 -0.084 0.621 0.000 -0.779 0.089 0.952 0.000 0.177 0.250 0.672 -0.000 -0.636 -0.378 0.990 0.000 -0.026 0.135 
-0.577 0.007 -0.017 -0.816 0.724 -0.000 -0.609 -0.322 0.945 0.000 -0.053 -0.323 0.687 0.000 -0.630 0.363 0.997 0.000 0.016 -0.082 0.623 0.000 -0.777 0.095 0.948 0.000 0.187 0.257 0.670 0.000 -0.640 -0.375 0.990 0.000 -0.027 0.138 
-0.579 0.005 -0.019 -0.815 0.724 0.000 -0.610 -0.321 0.945 0.000 -0.054 -0.324 0.684 0.000 -0.630 0.368 0.997 0.000 0.018 -0.080 0.626 0.000 -0.773 0.099 0.945 0.000 0.194 0.265 0.666 0.000 -0.645 -0.374 0.989 0.000 -0.031 0.144 
-0.581 0.003 -0.022 -0.814 0.724 0.000 -0.610 -0.321 0.945 0.000 -0.056 -0.323 0.680 0.000 -0.631 0.374 0.997 0.000 0.019 -0.080 0.631 0.000 -0.769 0.100 0.941 0.000 0.198 0.275 0.663 0.000 -0.649 -0.373 0.988 0.000 -0.038 0.153 
-0.582 0.002 -0.026 -0.812 0.724 0.000 -0.611 -0.319 0.945 0.000 -0.059 -0.321 0.677 -0.000 -0.631 0.380 0.997 0.000 0.020 -0.079 0.634 -0.000 -0.766 0.104 0.936 0.000 0.205 0.285 0.660 0.000 -0.653 -0.371 0.986 0.000 -0.045 0.162 
-0.583 0.000 -0.029 -0.812 0.725 0.000 -0.612 -0.316 0.946 0.000 -0.065 -0.316 0.674 0.000 -0.631 0.384 0.997 -0.000 0.021 -0.080 0.638 0.000 -0.763 0.107 0.932 0.000 0.211 0.295 0.655 0.000 -0.659 -0.369 0.984 0.000 -0.051 0.171 
-0.584 -0.001 -0.032 -0.811 0.726 0.000 -0.613 -0.312 0.947 0.000 -0.067 -0.313 0.671 0.000 -0.632 0.387 0.997 0.000 0.021 -0.078 0.641 0.000 -0.760 0.108 0.927 0.000 0.216 0.307 0.651 0.000 -0.665 -0.367 0.982 0.000 -0.055 0.178 
-0.583 -0.004 -0.036 -0.812 0.728 0.000 -0.614 -0.306 0.948 0.000 -0.070 -0.310 0.669 0.000 -0.633 0.389 0.997 0.000 0.022 -0.078 0.645 0.000 -0.756 0.107 0.921 0.000 0.218 0.323 0.644 0.000 -0.672 -0.365 0.980 -0.000 -0.061 0.188 
-0.582 -0.009 -0.042 -0.812 0.732 0.000 -0.613 -0.298 0.949 0.000 -0.071 -0.307 0.665 0.000 -0.637 0.390 0.997 0.000 0.022 -0.077 0.651 -0.000 -0.752 0.102 0.914 0.000 0.217 0.342 0.638 0.000 -0.679 -0.363 0.978 0.000 -0.069 0.197 
-0.580 -0.014 -0.047 -0.813 0.736 0.000 -0.612 -0.288 0.950 0.000 -0.074 -0.303 0.662 0.000 -0.641 0.389 0.997 -0.000 0.023 -0.076 0.658 0.000 -0.748 0.092 0.906 0.000 0.212 0.366 0.631 0.000 -0.686 -0.362 0.976 0.000 -0.078 0.204 
-0.577 -0.020 -0.052 -0.815 0.741 0.000 -0.611 -0.279 0.952 0.000 -0.077 -0.297 0.659 0.000 -0.646 0.385 0.997 -0.000 0.023 -0.075 0.663 0.000 -0.744 0.081 0.896 0.000 0.208 0.393 0.625 0.000 -0.691 -0.363 0.973 0.000 -0.087 0.212 
-0.574 -0.025 -0.057 -0.817 0.747 -0.000 -0.609 -0.268 0.953 0.000 -0.081 -0.292 0.658 0.000 -0.650 0.380 0.997 0.000 0.022 -0.075 0.670 0.000 -0.740 0.065 0.886 0.000 0.194 0.422 0.619 -0.000 -0.696 -0.365 0.971 0.000 -0.097 0.220 
-0.570 -0.030 -0.060 -0.819 0.752 0.000 -0.607 -0.258 0.955 0.000 -0.084 -0.284 0.658 0.000 -0.654 0.373 0.997 -0.000 0.022 -0.076 0.675 -0.000 -0.737 0.048 0.875 0.000 0.180 0.450 0.613 0.000 -0.700 -0.366 0.968 0.000 -0.105 0.228 
-0.566 -0.033 -0.062 -0.821 0.757 0.000 -0.605 -0.248 0.957 0.000 -0.087 -0.278 0.658 0.000 -0.658 0.365 0.997 0.000 0.021 -0.079 0.678 0.000 -0.734 0.030 0.864 0.000 0.164 0.476 0.608 0.000 -0.705 -0.366 0.966 0.000 -0.110 0.233 
-0.562 -0.036 -0.063 -0.824 0.761 0.000 -0.604 -0.238 0.959 0.000 -0.090 -0.270 0.660 0.000 -0.662 0.355 0.996 -0.000 0.021 -0.081 0.680 0.000 -0.733 0.011 0.853 0.000 0.146 0.501 0.603 -0.000 -0.710 -0.364 0.964 0.000 -0.113 0.241 
-0.558 -0.038 -0.063 -0.827 0.764 0.000 -0.604 -0.229 0.960 0.000 -0.091 -0.263 0.663 0.000 -0.665 0.344 0.996 0.000 0.020 -0.085 0.682 0.000 -0.732 -0.009 0.842 0.000 0.125 0.525 0.600 0.000 -0.716 -0.357 0.964 0.000 -0.113 0.242 
-0.553 -0.038 -0.063 -0.830 0.766 0.000 -0.604 -0.220 0.962 0.000 -0.092 -0.257 0.666 0.000 -0.668 0.331 0.996 0.000 0.020 -0.089 0.683 0.000 -0.730 -0.031 0.831 -0.000 0.098 0.547 0.596 0.000 -0.722 -0.350 0.963 0.000 -0.110 0.245 
-0.549 -0.038 -0.062 -0.833 0.767 0.000 -0.606 -0.211 0.964 0.000 -0.092 -0.249 0.670 0.000 -0.670 0.319 0.995 0.000 0.020 -0.094 0.683 0.000 -0.729 -0.052 0.820 0.000 0.072 0.568 0.594 0.000 -0.730 -0.339 0.964 -0.000 -0.105 0.246 
-0.544 -0.036 -0.061 -0.836 0.768 0.000 -0.608 -0.203 0.965 0.000 -0.090 -0.245 0.674 -0.000 -0.673 0.306 0.995 -0.000 0.020 -0.099 0.682 -0.000 -0.727 -0.073 0.809 0.000 0.043 0.586 0.591 0.000 -0.738 -0.326 0.965 0.000 -0.097 0.246 
-0.539 -0.035 -0.060 -0.840 0.769 0.000 -0.610 -0.194 0.967 0.000 -0.089 -0.238 0.678 -0.000 -0.675 0.292 0.994 0.000 0.020 -0.104 0.681 -0.000 -0.726 -0.094 0.801 -0.000 0.012 0.598 0.589 0.000 -0.745 -0.313 0.966 0.000 -0.088 0.244 
-0.534 -0.033 -0.058 -0.843 0.769 0.000 -0.611 -0.186 0.969 0.000 -0.088 -0.230 0.681 0.000 -0.677 0.278 0.994 0.000 0.022 -0.111 0.681 -0.000 -0.723 -0.116 0.795 -0.000 -0.020 0.606 0.585 0.000 -0.754 -0.299 0.967 0.000 -0.075 0.244 
-0.528 -0.033 -0.057 -0.847 0.771 -0.000 -0.612 -0.177 0.971 0.000 -0.087 -0.222 0.685 -0.000 -0.679 0.265 0.993 0.000 0.021 -0.117 0.681 -0.000 -0.720 -0.138 0.790 -0.000 -0.050 0.610 0.583 0.000 -0.763 -0.280 0.969 0.000 -0.064 0.238 
-0.523 -0.033 -0.056 -0.850 0.773 0.000 -0.612 -0.169 0.973 0.000 -0.087 -0.212 0.687 0.000 -0.682 0.250 0.992 -0.000 0.021 -0.124 0.680 -0.000 -0.715 -0.161 0.786 0.000 -0.081 0.613 0.580 0.000 -0.770 -0.265 0.971 0.000 -0.053 0.234 
-0.518 -0.032 -0.056 -0.853 0.774 0.000 -0.612 -0.159 0.975 0.000 -0.085 -0.204 0.690 0.000 -0.684 0.236 0.991 0.000 0.022 -0.132 0.681 0.000 -0.709 -0.184 0.783 0.000 -0.113 0.612 0.576 -0.000 -0.778 -0.250 0.972 -0.000 -0.041 0.233 
-0.513 -0.032 -0.056 -0.856 0.776 0.000 -0.612 -0.150 0.977 0.000 -0.084 -0.194 0.693 -0.000 -0.687 0.221 0.990 0.000 0.020 -0.138 0.681 0.000 -0.703 -0.205 0.781 0.000 -0.140 0.609 0.571 0.000 -0.787 -0.235 0.972 0.000 -0.027 0.233 
-0.507 -0.032 -0.055 -0.860 0.778 0.000 -0.612 -0.138 0.979 -0.000 -0.082 -0.186 0.695 0.000 -0.689 0.206 0.989 0.000 0.020 -0.144 0.681 0.000 -0.696 -0.227 0.780 0.000 -0.167 0.603 0.569 0.000 -0.792 -0.221 0.973 -0.000 -0.019 0.232 
-0.501 -0.031 -0.054 -0.863 0.780 0.000 -0.613 -0.126 0.981 0.000 -0.080 -0.179 0.699 0.000 -0.690 0.189 0.989 0.000 0.020 -0.149 0.681 0.000 -0.688 -0.249 0.780 0.000 -0.194 0.595 0.567 -0.000 -0.796 -0.210 0.973 0.000 -0.011 0.232 
-0.495 -0.031 -0.053 -0.867 0.782 0.000 -0.613 -0.112 0.982 0.000 -0.078 -0.174 0.702 0.000 -0.691 0.173 0.988 0.000 0.017 -0.155 0.682 0.000 -0.680 -0.269 0.781 0.000 -0.217 0.585 0.565 0.000 -0.801 -0.196 0.973 0.000 -0.002 0.231 
-0.489 -0.031 -0.052 -0.870 0.784 0.000 -0.613 -0.098 0.983 0.000 -0.076 -0.169 0.706 0.000 -0.691 0.157 0.987 0.000 0.014 -0.161 0.682 0.000 -0.671 -0.289 0.784 0.000 -0.238 0.573 0.564 -0.000 -0.805 -0.183 0.973 0.000 0.005 0.229 
-0.479 -0.030 -0.050 -0.876 0.785 0.000 -0.614 -0.085 0.984 0.000 -0.070 -0.163 0.710 0.000 -0.691 0.138 0.986 0.000 0.008 -0.167 0.683 -0.000 -0.662 -0.309 0.788 0.000 -0.261 0.557 0.564 0.000 -0.807 -0.174 0.973 0.000 0.012 0.231 
-0.471 -0.031 -0.049 -0.880 0.787 0.000 -0.613 -0.070 0.985 0.000 -0.065 -0.157 0.712 0.000 -0.692 0.119 0.986 0.000 0.009 -0.168 0.685 0.000 -0.652 -0.325 0.793 0.000 -0.277 0.542 0.561 0.000 -0.812 -0.162 0.973 0.000 0.020 0.230 
-0.468 -0.027 -0.048 -0.882 0.786 0.000 -0.616 -0.055 0.987 0.000 -0.065 -0.147 0.716 0.000 -0.690 0.106 0.985 0.000 0.008 -0.174 0.681 0.000 -0.648 -0.340 0.799 0.000 -0.284 0.531 0.564 0.000 -0.815 -0.137 0.975 0.000 0.031 0.221 
-0.462 -0.026 -0.047 -0.885 0.786 -0.000 -0.617 -0.040 0.988 -0.000 -0.060 -0.141 0.720 0.000 -0.688 0.089 0.984 0.000 0.004 -0.177 0.680 0.000 -0.642 -0.355 0.805 -0.000 -0.292 0.516 0.564 -0.000 -0.817 -0.120 0.975 -0.000 0.040 0.217 
-0.454 -0.025 -0.046 -0.889 0.786 0.000 -0.618 -0.023 0.989 0.000 -0.056 -0.137 0.723 -0.000 -0.687 0.072 0.983 0.000 0.001 -0.183 0.679 0.000 -0.636 -0.367 0.814 0.000 -0.296 0.500 0.565 0.000 -0.819 -0.101 0.977 0.000 0.047 0.210 
-0.450 -0.022 -0.045 -0.892 0.785 0.000 -0.620 -0.009 0.990 -0.000 -0.051 -0.130 0.727 0.000 -0.684 0.057 0.980 0.000 -0.007 -0.197 0.675 0.000 -0.633 -0.379 0.822 0.000 -0.294 0.487 0.569 -0.000 -0.819 -0.078 0.978 0.000 0.054 0.200 
-0.444 -0.019 -0.042 -0.895 0.783 0.000 -0.622 0.005 0.991 0.000 -0.046 -0.125 0.732 0.000 -0.680 0.039 0.979 0.000 -0.011 -0.203 0.670 0.000 -0.630 -0.393 0.832 0.000 -0.291 0.473 0.572 0.000 -0.818 -0.062 0.979 0.000 0.061 0.195 
-0.438 -0.016 -0.041 -0.898 0.782 0.000 -0.624 0.021 0.992 0.000 -0.041 -0.119 0.736 0.000 -0.677 0.021 0.978 0.000 -0.014 -0.207 0.668 0.000 -0.627 -0.402 0.843 0.000 -0.284 0.456 0.575 0.000 -0.817 -0.045 0.980 0.000 0.068 0.190 
-0.431 -0.014 -0.039 -0.901 0.780 0.000 -0.624 0.036 0.993 0.000 -0.037 -0.114 0.738 0.000 -0.675 0.002 0.977 0.000 -0.014 -0.211 0.667 0.000 -0.622 -0.410 0.854 0.000 -0.278 0.440 0.576 -0.000 -0.817 -0.030 0.980 0.000 0.074 0.185 
-0.424 -0.011 -0.037 -0.905 0.779 -0.000 -0.625 0.050 0.994 -0.000 -0.033 -0.108 0.741 0.000 -0.671 -0.015 0.976 0.000 -0.015 -0.217 0.664 -0.000 -0.620 -0.419 0.865 0.000 -0.268 0.424 0.577 0.000 -0.816 -0.016 0.980 0.000 0.084 0.182 
-0.416 -0.008 -0.035 -0.909 0.777 0.000 -0.627 0.066 0.994 0.000 -0.030 -0.104 0.743 0.000 -0.668 -0.030 0.975 0.000 -0.019 -0.223 0.659 0.000 -0.621 -0.423 0.877 0.000 -0.251 0.409 0.581 0.000 -0.814 -0.002 0.980 0.000 0.088 0.179 
-0.409 -0.006 -0.034 -0.912 0.775 0.000 -0.627 0.080 0.994 0.000 -0.026 -0.103 0.744 0.000 -0.666 -0.047 0.973 0.000 -0.019 -0.229 0.659 0.000 -0.619 -0.428 0.889 0.000 -0.238 0.391 0.582 0.000 -0.813 0.008 0.979 0.000 0.096 0.180 
-0.402 -0.005 -0.033 -0.915 0.774 0.000 -0.625 0.095 0.994 -0.000 -0.025 -0.102 0.746 0.000 -0.663 -0.063 0.972 0.000 -0.023 -0.236 0.658 -0.000 -0.617 -0.432 0.900 -0.000 -0.222 0.375 0.585 -0.000 -0.811 0.018 0.979 0.000 0.098 0.177 
-0.395 -0.005 -0.032 -0.918 0.775 0.000 -0.623 0.109 0.995 0.000 -0.024 -0.101 0.745 0.000 -0.662 -0.078 0.970 -0.000 -0.024 -0.243 0.659 0.000 -0.614 -0.435 0.911 0.000 -0.206 0.358 0.585 0.000 -0.811 0.026 0.978 0.000 0.106 0.180 
-0.387 -0.005 -0.031 -0.921 0.775 0.000 -0.620 0.123 0.995 0.000 -0.023 -0.100 0.744 0.000 -0.661 -0.093 0.968 0.000 -0.026 -0.249 0.661 0.000 -0.612 -0.435 0.921 -0.000 -0.190 0.339 0.587 0.000 -0.809 0.033 0.978 0.000 0.108 0.181 
-0.380 -0.007 -0.030 -0.925 0.774 0.000 -0.618 0.137 0.995 0.000 -0.021 -0.100 0.743 0.000 -0.660 -0.109 0.966 0.000 -0.028 -0.256 0.663 0.000 -0.610 -0.434 0.932 0.000 -0.173 0.320 0.588 0.000 -0.808 0.038 0.976 0.000 0.112 0.186 
-0.373 -0.008 -0.030 -0.927 0.774 -0.000 -0.615 0.150 0.995 -0.000 -0.020 -0.100 0.744 0.000 -0.658 -0.118 0.962 0.000 -0.038 -0.271 0.667 0.000 -0.607 -0.431 0.941 0.000 -0.156 0.300 0.588 -0.000 -0.808 0.041 0.975 0.000 0.116 0.190 
-0.365 -0.011 -0.029 -0.930 0.775 0.000 -0.611 0.163 0.995 0.000 -0.019 -0.101 0.742 -0.000 -0.657 -0.133 0.960 0.000 -0.042 -0.278 0.672 0.000 -0.605 -0.427 0.950 0.000 -0.138 0.278 0.587 0.000 -0.808 0.045 0.973 0.000 0.121 0.195 
-0.359 -0.013 -0.028 -0.933 0.774 0.000 -0.608 0.176 0.995 0.000 -0.016 -0.103 0.739 0.000 -0.658 -0.146 0.957 0.000 -0.040 -0.286 0.675 0.000 -0.604 -0.422 0.959 -0.000 -0.119 0.257 0.587 0.000 -0.808 0.050 0.972 0.000 0.124 0.198 
-0.353 -0.017 -0.028 -0.935 0.775 -0.000 -0.604 0.188 0.995 0.000 -0.016 -0.102 0.735 0.000 -0.659 -0.160 0.956 0.000 -0.038 -0.292 0.681 0.000 -0.600 -0.419 0.966 0.000 -0.105 0.237 0.587 -0.000 -0.808 0.054 0.971 0.000 0.127 0.202 
-0.347 -0.019 -0.028 -0.937 0.775 0.000 -0.600 0.199 0.995 0.000 -0.014 -0.102 0.733 0.000 -0.658 -0.173 0.954 -0.000 -0.040 -0.299 0.686 0.000 -0.599 -0.413 0.972 0.000 -0.089 0.217 0.588 0.000 -0.807 0.061 0.970 0.000 0.129 0.205 
-0.341 -0.022 -0.028 -0.939 0.775 0.000 -0.596 0.209 0.995 0.000 -0.014 -0.100 0.728 0.000 -0.660 -0.186 0.952 0.000 -0.034 -0.303 0.690 0.000 -0.598 -0.408 0.977 0.000 -0.074 0.199 0.590 0.000 -0.805 0.066 0.969 0.000 0.130 0.208 
-0.336 -0.024 -0.029 -0.941 0.775 0.000 -0.593 0.219 0.995 0.000 -0.011 -0.098 0.725 -0.000 -0.660 -0.195 0.950 0.000 -0.034 -0.310 0.693 0.000 -0.598 -0.403 0.981 0.000 -0.061 0.182 0.590 0.000 -0.804 0.075 0.969 0.000 0.133 0.209 
-0.331 -0.025 -0.029 -0.943 0.774 0.000 -0.591 0.229 0.995 0.000 -0.009 -0.097 0.719 0.000 -0.662 -0.212 0.952 0.000 -0.024 -0.307 0.695 0.000 -0.598 -0.398 0.984 0.000 -0.051 0.168 0.593 0.000 -0.801 0.078 0.967 0.000 0.134 0.216 
-0.327 -0.026 -0.029 -0.944 0.773 -0.000 -0.588 0.238 0.995 0.000 -0.007 -0.095 0.716 -0.000 -0.662 -0.221 0.950 -0.000 -0.021 -0.312 0.697 0.000 -0.599 -0.394 0.987 -0.000 -0.041 0.157 0.595 0.000 -0.799 0.085 0.966 0.000 0.138 0.219 
-0.323 -0.026 -0.029 -0.946 0.771 0.000 -0.587 0.247 0.996 -0.000 -0.003 -0.095 0.714 0.000 -0.662 -0.227 0.948 0.000 -0.019 -0.317 0.697 -0.000 -0.601 -0.391 0.988 0.000 -0.034 0.151 0.596 0.000 -0.797 0.092 0.964 0.000 0.143 0.222 
-0.319 -0.026 -0.029 -0.947 0.769 0.000 -0.586 0.256 0.996 0.000 -0.001 -0.092 0.712 0.000 -0.662 -0.234 0.947 0.000 -0.017 -0.321 0.697 0.000 -0.603 -0.389 0.988 0.000 -0.031 0.148 0.600 0.000 -0.794 0.098 0.963 -0.000 0.147 0.227 
-0.316 -0.025 -0.029 -0.948 0.766 0.000 -0.586 0.264 0.996 0.000 0.001 -0.091 0.711 0.000 -0.662 -0.238 0.946 -0.000 -0.015 -0.325 0.696 -0.000 -0.605 -0.387 0.988 0.000 -0.033 0.149 0.603 0.000 -0.791 0.103 0.960 0.000 0.153 0.234 
-0.313 -0.022 -0.029 -0.949 0.763 0.000 -0.586 0.273 0.996 0.000 0.003 -0.089 0.710 -0.000 -0.661 -0.242 0.945 0.000 -0.014 -0.327 0.695 0.000 -0.607 -0.386 0.987 0.000 -0.039 0.153 0.606 0.000 -0.788 0.107 0.958 -0.000 0.159 0.240 
-0.310 -0.020 -0.029 -0.950 0.760 0.000 -0.587 0.281 0.996 0.000 0.004 -0.087 0.711 0.000 -0.660 -0.244 0.944 0.000 -0.014 -0.330 0.693 -0.000 -0.610 -0.385 0.986 0.000 -0.047 0.161 0.609 0.000 -0.785 0.114 0.955 -0.000 0.167 0.245 
-0.308 -0.016 -0.029 -0.951 0.756 0.000 -0.588 0.289 0.996 0.000 0.007 -0.085 0.711 0.000 -0.659 -0.244 0.943 -0.000 -0.014 -0.332 0.689 -0.000 -0.613 -0.386 0.984 0.000 -0.055 0.172 0.611 0.000 -0.782 0.119 0.952 0.000 0.176 0.252 
-0.306 -0.013 -0.030 -0.951 0.752 0.000 -0.589 0.296 0.996 0.000 0.009 -0.083 0.712 0.000 -0.659 -0.243 0.943 0.000 -0.014 -0.334 0.685 0.000 -0.619 -0.385 0.981 -0.000 -0.061 0.183 0.615 0.000 -0.780 0.121 0.947 0.000 0.183 0.264 
-0.305 -0.010 -0.030 -0.952 0.749 0.000 -0.590 0.303 0.997 0.000 0.010 -0.082 0.713 0.000 -0.658 -0.241 0.943 0.000 -0.017 -0.333 0.679 0.000 -0.626 -0.382 0.979 0.000 -0.064 0.192 0.618 0.000 -0.777 0.123 0.943 0.000 0.188 0.275 
-0.304 -0.007 -0.031 -0.952 0.746 0.000 -0.590 0.308 0.997 0.000 0.010 -0.080 0.714 -0.000 -0.658 -0.239 0.943 0.000 -0.018 -0.334 0.674 0.000 -0.635 -0.377 0.979 0.000 -0.061 0.196 0.621 -0.000 -0.774 0.124 0.939 0.000 0.192 0.287 
-0.303 -0.004 -0.032 -0.952 0.744 0.000 -0.590 0.312 0.997 0.000 0.010 -0.077 0.715 0.000 -0.658 -0.235 0.942 0.000 -0.019 -0.334 0.670 0.000 -0.644 -0.370 0.979 0.000 -0.055 0.194 0.625 0.000 -0.771 0.121 0.933 -0.000 0.194 0.304 
-0.304 -0.000 -0.032 -0.952 0.741 0.000 -0.592 0.316 0.997 0.000 0.011 -0.075 0.718 0.000 -0.657 -0.230 0.942 0.000 -0.021 -0.334 0.664 0.000 -0.655 -0.361 0.979 0.000 -0.053 0.197 0.630 0.000 -0.768 0.117 0.927 -0.000 0.194 0.322 
-0.305 0.007 -0.032 -0.952 0.737 0.000 -0.595 0.319 0.997 0.000 0.010 -0.073 0.721 0.000 -0.656 -0.223 0.943 0.000 -0.021 -0.332 0.657 -0.000 -0.666 -0.353 0.978 0.000 -0.055 0.201 0.638 0.000 -0.762 0.112 0.921 0.000 0.191 0.340 
-0.307 0.015 -0.031 -0.951 0.734 0.000 -0.599 0.320 0.998 0.000 0.008 -0.070 0.725 0.000 -0.654 -0.215 0.944 0.000 -0.021 -0.330 0.650 -0.000 -0.675 -0.349 0.977 0.000 -0.059 0.207 0.646 -0.000 -0.756 0.103 0.914 0.000 0.184 0.362 
-0.310 0.023 -0.030 -0.950 0.731 0.000 -0.603 0.320 0.998 0.000 0.006 -0.068 0.730 -0.000 -0.651 -0.206 0.945 0.000 -0.022 -0.327 0.642 0.000 -0.682 -0.349 0.975 -0.000 -0.066 0.214 0.654 0.000 -0.751 0.092 0.905 0.000 0.176 0.387 
-0.314 0.030 -0.028 -0.948 0.729 0.000 -0.607 0.318 0.998 0.000 0.003 -0.067 0.735 0.000 -0.649 -0.197 0.946 -0.000 -0.022 -0.323 0.635 0.000 -0.688 -0.351 0.972 0.000 -0.072 0.223 0.661 0.000 -0.746 0.079 0.896 0.000 0.167 0.411 
-0.319 0.036 -0.026 -0.947 0.727 0.000 -0.610 0.314 0.998 0.000 0.001 -0.067 0.741 0.000 -0.645 -0.187 0.947 0.000 -0.025 -0.319 0.628 0.000 -0.693 -0.353 0.969 0.000 -0.080 0.232 0.666 0.000 -0.743 0.062 0.885 0.000 0.157 0.438 
-0.324 0.042 -0.023 -0.945 0.727 0.000 -0.614 0.309 0.998 -0.000 -0.002 -0.069 0.746 -0.000 -0.642 -0.177 0.949 0.000 -0.027 -0.315 0.621 0.000 -0.697 -0.358 0.966 0.000 -0.089 0.243 0.671 0.000 -0.741 0.045 0.875 0.000 0.144 0.462 
-0.329 0.046 -0.021 -0.943 0.727 -0.000 -0.617 0.302 0.997 -0.000 -0.004 -0.072 0.751 -0.000 -0.639 -0.168 0.950 0.000 -0.029 -0.310 0.615 0.000 -0.702 -0.360 0.963 0.000 -0.094 0.252 0.673 0.000 -0.739 0.023 0.863 0.000 0.127 0.489 
-0.335 0.048 -0.019 -0.941 0.728 0.000 -0.620 0.293 0.997 0.000 -0.007 -0.073 0.754 -0.000 -0.637 -0.157 0.952 0.000 -0.030 -0.305 0.609 0.000 -0.707 -0.360 0.961 0.000 -0.098 0.260 0.675 0.000 -0.738 0.001 0.851 0.000 0.108 0.514 
-0.340 0.050 -0.019 -0.939 0.730 0.000 -0.621 0.283 0.997 -0.000 -0.010 -0.075 0.756 -0.000 -0.637 -0.148 0.954 0.000 -0.030 -0.299 0.604 0.000 -0.714 -0.354 0.960 0.000 -0.094 0.263 0.676 0.000 -0.737 -0.020 0.839 0.000 0.086 0.537 
-0.346 0.050 -0.017 -0.937 0.732 0.000 -0.624 0.272 0.997 0.000 -0.011 -0.078 0.759 -0.000 -0.636 -0.137 0.955 0.000 -0.031 -0.296 0.600 0.000 -0.721 -0.347 0.960 0.000 -0.089 0.264 0.676 -0.000 -0.736 -0.044 0.827 0.000 0.060 0.560 
-0.352 0.049 -0.017 -0.935 0.736 0.000 -0.625 0.261 0.997 0.000 -0.014 -0.080 0.761 0.000 -0.636 -0.125 0.955 0.000 -0.036 -0.294 0.596 0.000 -0.730 -0.335 0.961 -0.000 -0.080 0.265 0.675 0.000 -0.734 -0.067 0.814 0.000 0.032 0.580 
-0.357 0.048 -0.017 -0.933 0.739 0.000 -0.626 0.248 0.996 0.000 -0.017 -0.082 0.762 -0.000 -0.637 -0.118 0.958 -0.000 -0.029 -0.286 0.594 0.000 -0.736 -0.325 0.961 0.000 -0.074 0.266 0.675 0.000 -0.732 -0.091 0.804 0.000 0.001 0.595 
-0.363 0.047 -0.017 -0.930 0.742 0.000 -0.628 0.235 0.996 -0.000 -0.021 -0.084 0.765 0.000 -0.635 -0.103 0.958 0.000 -0.038 -0.286 0.591 -0.000 -0.744 -0.313 0.962 0.000 -0.065 0.265 0.674 0.000 -0.730 -0.113 0.797 0.000 -0.028 0.604 
-0.370 0.046 -0.017 -0.928 0.745 0.000 -0.629 0.221 0.996 -0.000 -0.023 -0.087 0.767 0.000 -0.635 -0.093 0.960 -0.000 -0.040 -0.279 0.587 0.000 -0.752 -0.299 0.963 -0.000 -0.053 0.264 0.673 0.000 -0.727 -0.138 0.790 0.000 -0.061 0.610 
-0.375 0.046 -0.017 -0.926 0.747 0.000 -0.632 0.209 0.995 0.000 -0.022 -0.096 0.768 0.000 -0.636 -0.083 0.962 0.000 -0.040 -0.269 0.583 -0.000 -0.762 -0.282 0.965 0.000 -0.040 0.261 0.673 -0.000 -0.723 -0.158 0.785 -0.000 -0.086 0.613 
-0.381 0.045 -0.017 -0.923 0.750 0.000 -0.633 0.194 0.995 0.000 -0.026 -0.099 0.769 0.000 -0.636 -0.072 0.965 0.000 -0.039 -0.260 0.580 0.000 -0.769 -0.268 0.965 -0.000 -0.030 0.260 0.672 0.000 -0.718 -0.182 0.780 0.000 -0.117 0.615 
-0.388 0.044 -0.018 -0.920 0.752 0.000 -0.634 0.179 0.995 0.000 -0.028 -0.100 0.768 0.000 -0.638 -0.062 0.968 0.000 -0.035 -0.249 0.578 0.000 -0.775 -0.256 0.965 0.000 -0.020 0.261 0.670 0.000 -0.714 -0.203 0.777 0.000 -0.144 0.613 
-0.395 0.042 -0.018 -0.917 0.755 0.000 -0.635 0.163 0.994 0.000 -0.029 -0.107 0.768 0.000 -0.639 -0.048 0.970 0.000 -0.035 -0.242 0.576 0.000 -0.780 -0.244 0.965 0.000 -0.011 0.263 0.669 0.000 -0.709 -0.224 0.775 -0.000 -0.172 0.608 
-0.403 0.041 -0.018 -0.914 0.758 0.000 -0.636 0.148 0.993 0.000 -0.029 -0.113 0.768 0.000 -0.640 -0.034 0.972 -0.000 -0.033 -0.234 0.575 0.000 -0.785 -0.231 0.965 0.000 -0.001 0.264 0.667 0.000 -0.703 -0.245 0.775 0.000 -0.198 0.601 
-0.410 0.039 -0.019 -0.911 0.760 0.000 -0.637 0.133 0.993 0.000 -0.034 -0.116 0.767 0.000 -0.641 -0.020 0.974 -0.000 -0.032 -0.226 0.572 0.000 -0.791 -0.218 0.965 0.000 0.011 0.264 0.667 0.000 -0.697 -0.264 0.776 0.000 -0.222 0.591 
-0.418 0.037 -0.020 -0.908 0.762 0.000 -0.637 0.116 0.992 0.000 -0.036 -0.120 0.768 0.000 -0.641 -0.004 0.975 0.000 -0.032 -0.219 0.572 0.000 -0.795 -0.203 0.965 -0.000 0.022 0.262 0.665 0.000 -0.691 -0.283 0.778 0.000 -0.243 0.579 
-0.428 0.034 -0.020 -0.903 0.765 0.000 -0.636 0.098 0.992 0.000 -0.039 -0.124 0.764 0.000 -0.645 0.007 0.977 0.000 -0.028 -0.209 0.574 0.000 -0.796 -0.193 0.965 0.000 0.030 0.262 0.664 -0.000 -0.684 -0.302 0.782 0.000 -0.265 0.564 
-0.436 0.032 -0.021 -0.899 0.767 0.000 -0.636 0.083 0.991 0.000 -0.041 -0.130 0.763 0.000 -0.646 0.021 0.980 0.000 -0.023 -0.198 0.574 -0.000 -0.800 -0.177 0.965 0.000 0.040 0.259 0.662 -0.000 -0.679 -0.318 0.787 0.000 -0.281 0.550 
-0.444 0.030 -0.022 -0.895 0.769 0.000 -0.636 0.068 0.990 0.000 -0.044 -0.137 0.760 0.000 -0.649 0.035 0.982 0.000 -0.020 -0.189 0.574 0.000 -0.803 -0.157 0.966 -0.000 0.053 0.252 0.661 0.000 -0.673 -0.333 0.793 0.000 -0.292 0.535 
-0.453 0.029 -0.023 -0.891 0.770 0.000 -0.636 0.053 0.988 0.000 -0.047 -0.145 0.759 0.000 -0.650 0.049 0.984 -0.000 -0.018 -0.177 0.575 -0.000 -0.806 -0.141 0.967 0.000 0.063 0.248 0.660 0.000 -0.667 -0.345 0.801 0.000 -0.302 0.516 
-0.459 0.025 -0.022 -0.888 0.771 0.000 -0.636 0.035 0.987 0.000 -0.047 -0.153 0.757 0.000 -0.651 0.060 0.986 0.000 -0.015 -0.163 0.576 0.000 -0.807 -0.132 0.967 0.000 0.070 0.244 0.656 0.000 -0.658 -0.368 0.807 0.000 -0.314 0.499 
-0.472 0.024 -0.022 -0.881 0.772 0.000 -0.635 0.018 0.985 0.000 -0.055 -0.162 0.753 0.000 -0.653 0.074 0.988 0.000 -0.009 -0.154 0.572 0.000 -0.811 -0.124 0.966 -0.000 0.081 0.245 0.658 -0.000 -0.650 -0.380 0.818 0.000 -0.323 0.477 
-0.477 0.020 -0.023 -0.878 0.774 0.000 -0.633 0.004 0.984 -0.000 -0.057 -0.170 0.750 0.000 -0.656 0.088 0.989 0.000 -0.009 -0.145 0.576 0.000 -0.810 -0.108 0.967 0.000 0.089 0.239 0.655 0.000 -0.646 -0.392 0.826 0.000 -0.323 0.463 
-0.478 0.017 -0.028 -0.878 0.777 0.000 -0.630 -0.004 0.982 0.000 -0.059 -0.181 0.746 0.000 -0.657 0.107 0.991 0.000 -0.009 -0.136 0.587 0.000 -0.806 -0.073 0.971 0.000 0.094 0.222 0.648 0.000 -0.650 -0.398 0.837 0.000 -0.310 0.451 
-0.488 0.014 -0.031 -0.872 0.779 0.000 -0.627 -0.017 0.980 0.000 -0.064 -0.189 0.741 -0.000 -0.659 0.125 0.991 -0.000 -0.010 -0.136 0.591 0.000 -0.805 -0.054 0.971 0.000 0.103 0.215 0.647 -0.000 -0.650 -0.398 0.853 0.000 -0.300 0.428 
-0.495 0.010 -0.033 -0.868 0.781 0.000 -0.624 -0.030 0.978 0.000 -0.068 -0.198 0.737 -0.000 -0.662 0.140 0.992 -0.000 -0.006 -0.128 0.595 0.000 -0.803 -0.041 0.971 0.000 0.109 0.211 0.642 0.000 -0.650 -0.406 0.865 0.000 -0.289 0.410 
-0.500 0.006 -0.035 -0.865 0.783 -0.000 -0.621 -0.043 0.976 0.000 -0.072 -0.207 0.731 0.000 -0.664 0.157 0.992 0.000 -0.003 -0.123 0.600 0.000 -0.800 -0.027 0.972 -0.000 0.114 0.207 0.639 0.000 -0.648 -0.413 0.876 0.000 -0.278 0.394 
-0.506 0.005 -0.035 -0.862 0.783 0.000 -0.620 -0.056 0.973 -0.000 -0.071 -0.218 0.728 0.000 -0.663 0.173 0.993 0.000 -0.002 -0.118 0.602 0.000 -0.798 -0.014 0.972 0.000 0.119 0.203 0.639 0.000 -0.647 -0.417 0.888 0.000 -0.264 0.376 
-0.512 0.003 -0.035 -0.859 0.782 -0.000 -0.619 -0.069 0.971 0.000 -0.074 -0.227 0.726 0.000 -0.662 0.187 0.994 0.000 -0.003 -0.111 0.605 0.000 -0.797 -0.004 0.972 0.000 0.122 0.201 0.639 0.000 -0.644 -0.420 0.900 0.000 -0.248 0.359 
-0.514 0.001 -0.033 -0.857 0.782 0.000 -0.618 -0.083 0.969 0.000 -0.075 -0.237 0.723 0.000 -0.661 0.200 0.994 -0.000 -0.001 -0.108 0.607 -0.000 -0.795 0.001 0.972 0.000 0.124 0.201 0.640 0.000 -0.638 -0.427 0.910 0.000 -0.236 0.340 
-0.520 0.002 -0.032 -0.853 0.780 0.000 -0.619 -0.096 0.966 0.000 -0.078 -0.248 0.722 0.000 -0.658 0.214 0.995 -0.000 0.001 -0.105 0.607 0.000 -0.795 0.008 0.971 0.000 0.128 0.202 0.643 -0.000 -0.634 -0.428 0.921 -0.000 -0.220 0.321 
-0.526 0.002 -0.030 -0.850 0.778 0.000 -0.619 -0.109 0.963 0.000 -0.081 -0.257 0.719 -0.000 -0.656 0.229 0.995 0.000 0.002 -0.102 0.608 0.000 -0.794 0.014 0.970 0.000 0.131 0.203 0.645 0.000 -0.633 -0.428 0.932 0.000 -0.201 0.302 
-0.531 0.002 -0.029 -0.847 0.776 0.000 -0.619 -0.120 0.960 0.000 -0.084 -0.268 0.717 0.000 -0.654 0.243 0.995 -0.000 0.003 -0.101 0.607 0.000 -0.794 0.020 0.969 -0.000 0.136 0.205 0.648 0.000 -0.631 -0.426 0.941 0.000 -0.185 0.282 
-0.537 0.003 -0.026 -0.843 0.773 0.000 -0.620 -0.133 0.957 0.000 -0.087 -0.277 0.714 0.000 -0.651 0.257 0.995 0.000 0.005 -0.100 0.608 -0.000 -0.794 0.025 0.968 0.000 0.139 0.208 0.652 -0.000 -0.631 -0.421 0.952 0.000 -0.163 0.260 
-0.542 0.004 -0.024 -0.840 0.770 0.000 -0.621 -0.145 0.954 0.000 -0.088 -0.285 0.712 0.000 -0.648 0.270 0.995 0.000 0.006 -0.100 0.608 0.000 -0.794 0.030 0.967 0.000 0.141 0.210 0.655 0.000 -0.629 -0.419 0.960 0.000 -0.144 0.241 
-0.547 0.005 -0.021 -0.837 0.767 0.000 -0.622 -0.158 0.952 0.000 -0.089 -0.293 0.711 0.000 -0.644 0.282 0.995 0.000 0.007 -0.098 0.608 0.000 -0.793 0.036 0.967 0.000 0.143 0.212 0.660 0.000 -0.627 -0.414 0.967 0.000 -0.126 0.221 
-0.551 0.007 -0.019 -0.834 0.763 0.000 -0.623 -0.170 0.950 0.000 -0.090 -0.299 0.709 0.000 -0.641 0.294 0.995 -0.000 0.010 -0.098 0.608 0.000 -0.793 0.042 0.966 -0.000 0.144 0.214 0.663 0.000 -0.626 -0.410 0.973 0.000 -0.107 0.204 
-0.556 0.009 -0.016 -0.831 0.759 0.000 -0.625 -0.182 0.948 0.000 -0.090 -0.305 0.707 0.000 -0.638 0.305 0.995 0.000 0.011 -0.097 0.608 0.000 -0.792 0.048 0.966 0.000 0.145 0.216 0.667 0.000 -0.625 -0.405 0.978 -0.000 -0.088 0.187 
-0.560 0.012 -0.014 -0.828 0.755 0.000 -0.626 -0.195 0.947 -0.000 -0.089 -0.309 0.706 0.000 -0.635 0.315 0.995 0.000 0.013 -0.096 0.608 0.000 -0.792 0.055 0.965 0.000 0.147 0.218 0.671 -0.000 -0.625 -0.399 0.983 0.000 -0.071 0.170 
-0.564 0.014 -0.011 -0.826 0.750 0.000 -0.628 -0.206 0.946 0.000 -0.087 -0.312 0.706 -0.000 -0.631 0.323 0.996 0.000 0.013 -0.094 0.608 0.000 -0.792 0.060 0.963 -0.000 0.150 0.222 0.675 0.000 -0.624 -0.393 0.986 0.000 -0.059 0.155 
-0.568 0.016 -0.009 -0.823 0.746 0.000 -0.630 -0.217 0.945 0.000 -0.085 -0.315 0.703 0.000 -0.629 0.332 0.996 0.000 0.015 -0.092 0.608 -0.000 -0.791 0.066 0.962 0.000 0.154 0.226 0.678 0.000 -0.624 -0.388 0.989 0.000 -0.047 0.143 
-0.572 0.018 -0.008 -0.820 0.743 0.000 -0.629 -0.229 0.945 0.000 -0.086 -0.316 0.701 0.000 -0.627 0.340 0.996 0.000 0.016 -0.090 0.609 0.000 -0.790 0.070 0.960 0.000 0.157 0.231 0.680 0.000 -0.624 -0.385 0.990 0.000 -0.039 0.135 
-0.575 0.018 -0.008 -0.818 0.738 0.000 -0.631 -0.238 0.945 0.000 -0.082 -0.317 0.699 -0.000 -0.625 0.347 0.996 0.000 0.017 -0.088 0.610 0.000 -0.789 0.073 0.958 0.000 0.161 0.238 0.681 0.000 -0.625 -0.383 0.991 0.000 -0.035 0.132 
-0.577 0.018 -0.008 -0.816 0.736 -0.000 -0.631 -0.245 0.945 -0.000 -0.080 -0.318 0.698 -0.000 -0.623 0.352 0.996 0.000 0.015 -0.085 0.613 0.000 -0.787 0.076 0.955 0.000 0.165 0.245 0.681 -0.000 -0.626 -0.381 0.991 0.000 -0.034 0.129 
-0.579 0.017 -0.008 -0.815 0.735 -0.000 -0.629 -0.252 0.945 0.000 -0.082 -0.318 0.694 0.000 -0.623 0.360 0.996 0.000 0.017 -0.085 0.615 0.000 -0.785 0.080 0.953 0.000 0.171 0.252 0.680 0.000 -0.628 -0.378 0.991 0.000 -0.035 0.131 
-0.582 0.016 -0.011 -0.813 0.734 0.000 -0.629 -0.256 0.945 0.000 -0.081 -0.318 0.695 0.000 -0.623 0.360 0.997 0.000 0.015 -0.075 0.619 0.000 -0.781 0.083 0.949 -0.000 0.176 0.261 0.679 0.000 -0.631 -0.376 0.990 0.000 -0.037 0.136 
-0.584 0.015 -0.013 -0.811 0.734 0.000 -0.628 -0.260 0.945 -0.000 -0.081 -0.318 0.691 0.000 -0.623 0.366 0.997 0.000 0.015 -0.075 0.622 0.000 -0.778 0.086 0.946 0.000 0.181 0.269 0.676 0.000 -0.634 -0.374 0.989 0.000 -0.043 0.144 
-0.586 0.013 -0.015 -0.810 0.734 0.000 -0.627 -0.262 0.945 0.000 -0.081 -0.316 0.687 0.000 -0.624 0.372 0.997 -0.000 0.015 -0.074 0.627 0.000 -0.774 0.088 0.942 0.000 0.187 0.279 0.673 -0.000 -0.639 -0.373 0.987 -0.000 -0.049 0.154 
-0.587 0.012 -0.018 -0.809 0.734 0.000 -0.627 -0.262 0.946 0.000 -0.081 -0.315 0.684 -0.000 -0.624 0.378 0.997 0.000 0.016 -0.074 0.630 -0.000 -0.771 0.091 0.938 0.000 0.193 0.288 0.670 -0.000 -0.644 -0.369 0.985 0.000 -0.055 0.163 
-0.588 0.010 -0.021 -0.808 0.734 0.000 -0.626 -0.262 0.946 0.000 -0.082 -0.313 0.680 0.000 -0.624 0.385 0.997 -0.000 0.017 -0.075 0.634 0.000 -0.768 0.093 0.933 0.000 0.198 0.300 0.666 -0.000 -0.651 -0.365 0.984 0.000 -0.058 0.169 
-0.589 0.008 -0.025 -0.808 0.734 0.000 -0.628 -0.259 0.947 0.000 -0.080 -0.312 0.677 0.000 -0.624 0.390 0.997 0.000 0.017 -0.076 0.638 0.000 -0.765 0.093 0.928 0.000 0.201 0.313 0.661 0.000 -0.660 -0.358 0.984 0.000 -0.058 0.171 
-0.589 0.007 -0.028 -0.807 0.736 0.000 -0.626 -0.258 0.947 0.000 -0.086 -0.308 0.675 0.000 -0.625 0.393 0.997 0.000 0.016 -0.077 0.643 0.000 -0.761 0.091 0.922 0.000 0.203 0.329 0.656 0.000 -0.669 -0.349 0.983 0.000 -0.057 0.172 
-0.588 0.003 -0.033 -0.808 0.739 0.000 -0.624 -0.255 0.949 0.000 -0.085 -0.305 0.673 0.000 -0.627 0.392 0.997 0.000 0.016 -0.073 0.648 0.000 -0.757 0.085 0.916 0.000 0.200 0.348 0.649 0.000 -0.679 -0.343 0.983 0.000 -0.060 0.176 
-0.588 -0.001 -0.038 -0.808 0.741 0.000 -0.623 -0.249 0.950 0.000 -0.089 -0.301 0.669 0.000 -0.630 0.394 0.997 0.000 0.016 -0.074 0.655 0.000 -0.751 0.078 0.908 0.000 0.196 0.370 0.643 -0.000 -0.690 -0.333 0.982 0.000 -0.061 0.180 
-0.585 -0.006 -0.043 -0.810 0.746 -0.000 -0.620 -0.242 0.951 0.000 -0.088 -0.298 0.666 0.000 -0.634 0.393 0.997 0.000 0.017 -0.074 0.663 0.000 -0.746 0.066 0.899 0.000 0.188 0.396 0.634 0.000 -0.698 -0.331 0.980 0.000 -0.064 0.186 
-0.583 -0.011 -0.047 -0.811 0.751 0.000 -0.617 -0.236 0.952 0.000 -0.091 -0.293 0.664 0.000 -0.639 0.389 0.997 0.000 0.017 -0.072 0.670 0.000 -0.741 0.051 0.889 0.000 0.177 0.423 0.628 0.000 -0.704 -0.331 0.979 0.000 -0.071 0.192 
-0.580 -0.016 -0.051 -0.813 0.755 -0.000 -0.614 -0.228 0.953 0.000 -0.094 -0.287 0.664 0.000 -0.642 0.383 0.997 0.000 0.015 -0.071 0.676 0.000 -0.736 0.036 0.878 -0.000 0.166 0.448 0.623 -0.000 -0.709 -0.331 0.976 -0.000 -0.080 0.203 
-0.579 -0.020 -0.054 -0.813 0.759 0.000 -0.612 -0.221 0.955 0.000 -0.099 -0.281 0.664 -0.000 -0.646 0.376 0.997 0.000 0.013 -0.071 0.681 0.000 -0.732 0.018 0.868 0.000 0.153 0.473 0.618 0.000 -0.714 -0.329 0.974 0.000 -0.085 0.208 
-0.575 -0.022 -0.056 -0.816 0.764 0.000 -0.610 -0.212 0.956 0.000 -0.103 -0.276 0.667 0.000 -0.649 0.367 0.997 0.000 0.012 -0.073 0.683 0.000 -0.730 0.001 0.857 -0.000 0.139 0.495 0.613 0.000 -0.718 -0.329 0.972 0.000 -0.090 0.216 
-0.572 -0.024 -0.057 -0.818 0.767 0.000 -0.608 -0.204 0.957 -0.000 -0.106 -0.271 0.670 0.000 -0.652 0.355 0.997 0.000 0.011 -0.074 0.743 0.000 -0.551 0.379 0.369 0.000 -0.728 -0.577 0.608 0.000 -0.723 -0.328 0.970 0.000 -0.093 0.224 
-0.569 -0.026 -0.057 -0.820 0.770 0.000 -0.607 -0.197 0.958 0.000 -0.108 -0.266 0.673 0.000 -0.655 0.344 0.997 0.000 0.010 -0.078 0.688 0.000 -0.724 -0.042 0.835 -0.000 0.099 0.542 0.603 -0.000 -0.729 -0.324 0.968 0.000 -0.093 0.231 
-0.564 -0.027 -0.056 -0.823 0.773 0.000 -0.606 -0.190 0.959 0.000 -0.110 -0.261 0.677 0.000 -0.658 0.330 0.997 -0.000 0.010 -0.081 0.742 0.000 -0.558 0.373 0.422 0.000 -0.653 -0.628 0.599 0.000 -0.735 -0.319 0.968 0.000 -0.090 0.235 
-0.561 -0.026 -0.056 -0.825 0.774 0.000 -0.607 -0.182 0.960 0.000 -0.113 -0.256 0.681 0.000 -0.660 0.317 0.996 -0.000 0.010 -0.086 0.687 0.000 -0.721 -0.087 0.811 0.000 0.052 0.583 0.597 0.000 -0.741 -0.307 0.969 0.000 -0.084 0.233 
-0.557 -0.025 -0.055 -0.828 0.776 0.000 -0.606 -0.175 0.962 -0.000 -0.113 -0.250 0.685 0.000 -0.663 0.303 0.996 0.000 0.011 -0.090 0.736 0.000 -0.570 0.366 0.859 -0.000 0.422 0.288 0.595 0.000 -0.748 -0.295 0.970 0.000 -0.078 0.232 
-0.551 -0.024 -0.053 -0.832 0.778 0.000 -0.606 -0.167 0.963 0.000 -0.114 -0.245 0.689 0.000 -0.665 0.289 0.995 0.000 0.012 -0.097 0.732 0.000 -0.579 0.358 0.847 0.000 0.364 0.386 0.591 -0.000 -0.755 -0.284 0.970 -0.000 -0.069 0.231 
-0.546 -0.024 -0.053 -0.836 0.779 0.000 -0.606 -0.159 0.965 0.000 -0.114 -0.238 0.692 -0.000 -0.666 0.277 0.994 0.000 0.012 -0.105 0.729 -0.000 -0.589 0.349 0.842 0.000 0.345 0.415 0.588 0.000 -0.763 -0.267 0.972 0.000 -0.059 0.228 
-0.541 -0.023 -0.053 -0.839 0.781 -0.000 -0.605 -0.151 0.966 0.000 -0.114 -0.230 0.695 0.000 -0.668 0.264 0.994 0.000 0.012 -0.112 0.726 0.000 -0.599 0.338 0.834 0.000 0.339 0.436 0.585 -0.000 -0.771 -0.251 0.973 0.000 -0.049 0.225 
-0.535 -0.023 -0.053 -0.843 0.784 0.000 -0.605 -0.141 0.968 0.000 -0.113 -0.223 0.698 -0.000 -0.670 0.251 0.993 0.000 0.011 -0.120 0.723 0.000 -0.609 0.326 0.833 -0.000 0.309 0.458 0.582 0.000 -0.779 -0.234 0.974 -0.000 -0.040 0.223 
-0.530 -0.023 -0.053 -0.846 0.786 0.000 -0.604 -0.132 0.970 0.000 -0.113 -0.215 0.702 -0.000 -0.672 0.238 0.992 0.000 0.011 -0.127 0.719 0.000 -0.620 0.313 0.831 0.000 0.294 0.472 0.578 0.000 -0.786 -0.217 0.975 0.000 -0.028 0.220 
-0.524 -0.022 -0.053 -0.850 0.788 0.000 -0.604 -0.121 0.972 0.000 -0.112 -0.208 0.705 0.000 -0.673 0.224 0.991 0.000 0.011 -0.134 0.716 0.000 -0.631 0.299 0.828 0.000 0.268 0.492 0.575 0.000 -0.793 -0.201 0.975 0.000 -0.018 0.219 
-0.518 -0.021 -0.053 -0.853 0.790 0.000 -0.603 -0.109 0.973 0.000 -0.109 -0.201 0.707 0.000 -0.673 0.217 0.989 0.000 0.008 -0.146 0.713 -0.000 -0.641 0.285 0.826 0.000 0.249 0.505 0.575 -0.000 -0.798 -0.183 0.977 0.000 -0.010 0.215 
-0.511 -0.021 -0.053 -0.858 0.792 -0.000 -0.603 -0.096 0.975 -0.000 -0.106 -0.196 0.711 0.000 -0.673 0.201 0.988 0.000 0.006 -0.153 0.709 0.000 -0.653 0.268 0.822 -0.000 0.223 0.524 0.572 0.000 -0.802 -0.172 0.976 -0.000 -0.002 0.216 
-0.504 -0.019 -0.052 -0.862 0.794 0.000 -0.603 -0.081 0.976 0.000 -0.103 -0.191 0.716 0.000 -0.674 0.185 0.987 0.000 0.004 -0.159 0.705 0.000 -0.664 0.251 0.818 0.000 0.184 0.545 0.569 0.000 -0.807 -0.155 0.977 0.000 0.008 0.215 
-0.498 -0.017 -0.052 -0.866 0.794 0.000 -0.605 -0.066 0.977 0.000 -0.098 -0.187 0.720 0.000 -0.673 0.170 0.986 0.000 0.005 -0.168 0.701 0.000 -0.674 0.234 0.821 -0.000 0.139 0.554 0.567 0.000 -0.812 -0.138 0.977 0.000 0.020 0.213 
-0.490 -0.015 -0.052 -0.870 0.794 0.000 -0.605 -0.050 0.979 -0.000 -0.095 -0.182 0.724 -0.000 -0.673 0.151 0.985 0.000 0.002 -0.170 0.696 0.000 -0.684 0.216 0.818 0.000 0.080 0.570 0.567 -0.000 -0.815 -0.121 0.977 0.000 0.028 0.211 
-0.480 -0.013 -0.049 -0.876 0.795 0.000 -0.605 -0.035 0.980 0.000 -0.090 -0.178 0.729 0.000 -0.672 0.134 0.984 0.000 -0.002 -0.177 0.692 0.000 -0.696 0.193 0.813 0.000 0.023 0.582 0.568 0.000 -0.815 -0.113 0.977 -0.000 0.034 0.213 
-0.468 -0.013 -0.049 -0.882 0.796 0.000 -0.604 -0.019 0.981 0.000 -0.086 -0.174 0.731 0.000 -0.672 0.114 0.984 0.000 -0.004 -0.177 0.675 0.000 -0.645 -0.358 0.790 -0.000 -0.287 0.543 0.566 0.000 -0.818 -0.101 0.976 -0.000 0.042 0.215 
-0.461 -0.011 -0.048 -0.886 0.796 0.000 -0.605 -0.004 0.982 0.000 -0.081 -0.168 0.734 0.000 -0.672 0.095 0.984 0.000 -0.004 -0.179 0.673 -0.000 -0.640 -0.370 0.799 0.000 -0.292 0.526 0.567 0.000 -0.819 -0.085 0.976 -0.000 0.051 0.211 
-0.454 -0.009 -0.048 -0.890 0.795 0.000 -0.606 0.013 0.984 0.000 -0.077 -0.161 0.737 0.000 -0.672 0.073 0.983 0.000 -0.004 -0.182 0.670 0.000 -0.638 -0.379 0.808 0.000 -0.293 0.511 0.569 0.000 -0.820 -0.064 0.977 0.000 0.060 0.206 
-0.448 -0.005 -0.049 -0.893 0.794 0.000 -0.607 0.029 0.985 -0.000 -0.074 -0.153 0.740 0.000 -0.670 0.058 0.982 0.000 -0.005 -0.190 0.666 0.000 -0.639 -0.385 0.820 0.000 -0.288 0.495 0.572 0.000 -0.820 -0.037 0.978 0.000 0.068 0.195 
-0.438 -0.004 -0.049 -0.898 0.794 0.000 -0.607 0.046 0.987 0.000 -0.068 -0.147 0.742 0.000 -0.669 0.040 0.981 0.000 -0.009 -0.194 0.668 0.000 -0.635 -0.388 0.831 0.000 -0.285 0.477 0.572 0.000 -0.820 -0.017 0.979 0.000 0.077 0.189 
-0.429 -0.001 -0.048 -0.902 0.792 0.000 -0.608 0.061 0.988 0.000 -0.063 -0.140 0.744 -0.000 -0.668 0.023 0.980 0.000 -0.010 -0.197 0.666 -0.000 -0.633 -0.394 0.844 0.000 -0.279 0.458 0.576 0.000 -0.818 -0.001 0.979 0.000 0.082 0.184 
-0.421 0.001 -0.047 -0.906 0.790 0.000 -0.608 0.075 0.989 0.000 -0.059 -0.132 0.746 0.000 -0.666 0.005 0.979 -0.000 -0.013 -0.202 0.665 0.000 -0.630 -0.400 0.856 0.000 -0.273 0.439 0.577 0.000 -0.816 0.014 0.980 0.000 0.089 0.180 
-0.413 0.002 -0.045 -0.910 0.789 0.000 -0.608 0.088 0.991 0.000 -0.053 -0.125 0.746 -0.000 -0.666 -0.011 0.978 0.000 -0.011 -0.211 0.664 0.000 -0.628 -0.405 0.868 0.000 -0.263 0.421 0.578 0.000 -0.815 0.025 0.979 0.000 0.095 0.178 
-0.404 0.004 -0.044 -0.914 0.787 0.000 -0.608 0.102 0.992 0.000 -0.049 -0.118 0.747 0.000 -0.664 -0.029 0.977 0.000 -0.013 -0.214 0.663 -0.000 -0.627 -0.408 0.881 0.000 -0.249 0.402 0.580 0.000 -0.814 0.036 0.979 -0.000 0.101 0.178 
-0.396 0.004 -0.043 -0.917 0.786 -0.000 -0.607 0.115 0.993 0.000 -0.045 -0.112 0.747 0.000 -0.663 -0.047 0.976 0.000 -0.014 -0.219 0.662 0.000 -0.627 -0.411 0.893 0.000 -0.234 0.384 0.582 -0.000 -0.812 0.045 0.978 0.000 0.106 0.177 
-0.387 0.004 -0.042 -0.921 0.785 0.000 -0.606 0.128 0.994 0.000 -0.042 -0.105 0.745 0.000 -0.664 -0.061 0.974 0.000 -0.014 -0.225 0.663 0.000 -0.625 -0.413 0.905 0.000 -0.219 0.365 0.583 0.000 -0.811 0.052 0.977 0.000 0.112 0.180 
-0.379 0.003 -0.040 -0.925 0.783 0.000 -0.606 0.140 0.994 0.000 -0.036 -0.100 0.744 0.000 -0.663 -0.080 0.974 0.000 -0.016 -0.227 0.663 0.000 -0.624 -0.414 0.916 -0.000 -0.201 0.346 0.584 0.000 -0.810 0.058 0.976 0.000 0.117 0.182 
-0.371 0.002 -0.040 -0.928 0.784 0.000 -0.602 0.153 0.995 0.000 -0.035 -0.095 0.742 -0.000 -0.664 -0.098 0.972 0.000 -0.014 -0.233 0.665 0.000 -0.622 -0.413 0.927 0.000 -0.182 0.327 0.585 0.000 -0.809 0.063 0.975 0.000 0.121 0.186 
-0.364 -0.000 -0.039 -0.931 0.783 0.000 -0.600 0.164 0.995 0.000 -0.032 -0.090 0.738 -0.000 -0.665 -0.111 0.970 0.000 -0.014 -0.241 0.667 0.000 -0.621 -0.412 0.938 0.000 -0.164 0.306 0.585 0.000 -0.808 0.067 0.974 -0.000 0.125 0.190 
-0.356 -0.002 -0.038 -0.934 0.782 0.000 -0.597 0.176 0.996 0.000 -0.030 -0.087 0.735 0.000 -0.666 -0.127 0.969 0.000 -0.015 -0.246 0.668 0.000 -0.621 -0.409 0.948 0.000 -0.144 0.285 0.586 0.000 -0.807 0.072 0.972 0.000 0.129 0.194 
-0.348 -0.004 -0.036 -0.937 0.782 0.000 -0.595 0.187 0.996 0.000 -0.028 -0.084 0.732 0.000 -0.666 -0.144 0.968 0.000 -0.015 -0.250 0.671 0.000 -0.619 -0.408 0.956 0.000 -0.126 0.264 0.587 0.000 -0.807 0.071 0.971 0.000 0.131 0.200 
-0.341 -0.007 -0.036 -0.939 0.781 0.000 -0.592 0.198 0.996 0.000 -0.026 -0.082 0.728 0.000 -0.666 -0.162 0.967 0.000 -0.015 -0.253 0.675 -0.000 -0.618 -0.403 0.964 0.000 -0.107 0.243 0.587 0.000 -0.806 0.076 0.970 -0.000 0.134 0.203 
-0.335 -0.009 -0.036 -0.942 0.780 -0.000 -0.589 0.209 0.997 0.000 -0.023 -0.079 0.724 0.000 -0.668 -0.173 0.965 0.000 -0.012 -0.262 0.678 0.000 -0.619 -0.398 0.971 0.000 -0.088 0.222 0.588 0.000 -0.805 0.082 0.969 -0.000 0.139 0.206 
-0.329 -0.013 -0.036 -0.944 0.780 0.000 -0.586 0.221 0.997 -0.000 -0.021 -0.081 0.719 0.000 -0.670 -0.185 0.964 0.000 -0.011 -0.267 0.681 0.000 -0.618 -0.392 0.977 0.000 -0.071 0.200 0.588 -0.000 -0.804 0.087 0.968 -0.000 0.141 0.209 
-0.323 -0.015 -0.036 -0.946 0.780 0.000 -0.582 0.230 0.997 0.000 -0.021 -0.077 0.715 0.000 -0.671 -0.197 0.962 -0.000 -0.010 -0.272 0.684 -0.000 -0.619 -0.386 0.982 -0.000 -0.055 0.183 0.590 0.000 -0.802 0.093 0.967 0.000 0.142 0.211 
-0.319 -0.017 -0.036 -0.947 0.779 -0.000 -0.579 0.240 0.997 0.000 -0.020 -0.076 0.712 0.000 -0.670 -0.210 0.962 0.000 -0.008 -0.273 0.686 0.000 -0.619 -0.381 0.985 0.000 -0.044 0.167 0.590 -0.000 -0.801 0.102 0.966 0.000 0.147 0.213 
-0.315 -0.019 -0.036 -0.948 0.778 -0.000 -0.577 0.250 0.997 0.000 -0.018 -0.076 0.708 0.000 -0.671 -0.220 0.961 0.000 -0.006 -0.277 0.688 0.000 -0.619 -0.378 0.987 0.000 -0.035 0.155 0.592 0.000 -0.799 0.106 0.965 0.000 0.149 0.217 
-0.309 -0.021 -0.035 -0.950 0.776 0.000 -0.575 0.260 0.997 0.000 -0.017 -0.075 0.704 0.000 -0.673 -0.228 0.959 0.000 -0.003 -0.284 0.688 -0.000 -0.618 -0.380 0.988 0.000 -0.030 0.151 0.594 0.000 -0.797 0.112 0.964 0.000 0.154 0.219 
-0.305 -0.022 -0.035 -0.951 0.774 0.000 -0.573 0.270 0.997 0.000 -0.016 -0.075 0.700 0.000 -0.673 -0.237 0.958 0.000 -0.001 -0.286 0.689 0.000 -0.616 -0.381 0.988 0.000 -0.031 0.152 0.596 0.000 -0.795 0.116 0.962 0.000 0.159 0.223 
-0.302 -0.021 -0.034 -0.952 0.771 0.000 -0.573 0.279 0.997 0.000 -0.015 -0.074 0.699 0.000 -0.671 -0.247 0.959 0.000 -0.000 -0.285 0.689 0.000 -0.615 -0.383 0.987 -0.000 -0.037 0.154 0.599 0.000 -0.792 0.119 0.959 0.000 0.164 0.230 
-0.299 -0.020 -0.034 -0.953 0.767 0.000 -0.574 0.288 0.997 0.000 -0.014 -0.073 0.697 -0.000 -0.672 -0.250 0.957 0.000 0.003 -0.291 0.688 0.000 -0.615 -0.385 0.986 0.000 -0.046 0.160 0.602 0.000 -0.789 0.124 0.957 0.000 0.170 0.235 
-0.296 -0.018 -0.034 -0.954 0.763 0.000 -0.574 0.297 0.997 0.000 -0.014 -0.073 0.697 0.000 -0.669 -0.257 0.957 0.000 0.002 -0.289 0.685 -0.000 -0.617 -0.386 0.984 0.000 -0.054 0.169 0.605 -0.000 -0.786 0.127 0.954 0.000 0.176 0.243 
-0.294 -0.014 -0.033 -0.955 0.759 0.000 -0.575 0.304 0.997 0.000 -0.014 -0.071 0.698 0.000 -0.668 -0.259 0.957 0.000 0.002 -0.291 0.682 -0.000 -0.621 -0.387 0.982 -0.000 -0.061 0.180 0.610 -0.000 -0.782 0.130 0.951 0.000 0.182 0.251 
-0.291 -0.011 -0.033 -0.956 0.756 -0.000 -0.576 0.311 0.998 0.000 -0.014 -0.069 0.698 0.000 -0.668 -0.258 0.956 0.000 0.003 -0.295 0.677 0.000 -0.627 -0.386 0.980 0.000 -0.065 0.190 0.614 0.000 -0.778 0.133 0.947 0.000 0.188 0.260 
-0.289 -0.008 -0.033 -0.957 0.752 0.000 -0.578 0.317 0.998 0.000 -0.014 -0.068 0.699 0.000 -0.666 -0.260 0.956 0.000 0.001 -0.293 0.671 0.000 -0.635 -0.383 0.978 0.000 -0.066 0.198 0.618 0.000 -0.775 0.133 0.943 -0.000 0.192 0.272 
-0.287 -0.005 -0.034 -0.957 0.749 0.000 -0.579 0.323 0.998 0.000 -0.013 -0.066 0.700 0.000 -0.666 -0.259 0.956 0.000 -0.000 -0.294 0.666 0.000 -0.644 -0.376 0.978 0.000 -0.061 0.197 0.623 0.000 -0.771 0.132 0.938 0.000 0.195 0.286 
-0.286 -0.002 -0.034 -0.958 0.746 0.000 -0.581 0.327 0.998 0.000 -0.013 -0.064 0.701 0.000 -0.666 -0.256 0.955 0.000 -0.002 -0.295 0.661 0.000 -0.653 -0.368 0.979 0.000 -0.056 0.196 0.628 0.000 -0.767 0.128 0.933 0.000 0.195 0.303 
-0.286 0.003 -0.034 -0.958 0.742 0.000 -0.583 0.329 0.998 0.000 -0.014 -0.061 0.704 0.000 -0.666 -0.248 0.954 -0.000 -0.003 -0.299 0.656 0.000 -0.664 -0.359 0.978 0.000 -0.056 0.199 0.635 0.000 -0.763 0.122 0.927 0.000 0.193 0.322 
-0.286 0.011 -0.033 -0.958 0.738 0.000 -0.588 0.331 0.998 -0.000 -0.015 -0.058 0.708 0.000 -0.664 -0.241 0.954 -0.000 -0.005 -0.299 0.649 0.000 -0.674 -0.353 0.977 0.000 -0.059 0.203 0.643 0.000 -0.757 0.112 0.920 0.000 0.189 0.343 
-0.288 0.018 -0.032 -0.957 0.735 0.000 -0.593 0.330 0.998 0.000 -0.016 -0.055 0.713 0.000 -0.660 -0.236 0.955 0.000 -0.008 -0.295 0.643 0.000 -0.681 -0.350 0.976 0.000 -0.066 0.209 0.651 -0.000 -0.752 0.100 0.912 0.000 0.182 0.367 
-0.291 0.025 -0.030 -0.956 0.732 0.000 -0.597 0.327 0.999 0.000 -0.019 -0.051 0.718 0.000 -0.658 -0.227 0.956 -0.000 -0.009 -0.294 0.635 -0.000 -0.687 -0.354 0.973 0.000 -0.074 0.219 0.659 0.000 -0.748 0.085 0.903 -0.000 0.174 0.393 
-0.294 0.031 -0.028 -0.955 0.730 0.000 -0.602 0.323 0.999 0.000 -0.020 -0.050 0.723 -0.000 -0.657 -0.214 0.955 -0.000 -0.011 -0.295 0.629 -0.000 -0.690 -0.357 0.970 0.000 -0.083 0.228 0.664 0.000 -0.744 0.068 0.893 0.000 0.166 0.419 
-0.298 0.036 -0.026 -0.953 0.729 0.000 -0.607 0.317 0.998 -0.000 -0.022 -0.051 0.728 0.000 -0.654 -0.205 0.956 0.000 -0.013 -0.293 0.623 0.000 -0.693 -0.361 0.967 -0.000 -0.092 0.237 0.669 0.000 -0.742 0.048 0.881 0.000 0.154 0.447 
-0.303 0.041 -0.023 -0.952 0.728 0.000 -0.612 0.310 0.998 -0.000 -0.023 -0.053 0.734 0.000 -0.651 -0.195 0.957 0.000 -0.014 -0.289 0.618 0.000 -0.696 -0.364 0.964 0.000 -0.101 0.245 0.672 0.000 -0.740 0.026 0.869 0.000 0.139 0.475 
-0.308 0.043 -0.021 -0.950 0.729 0.000 -0.615 0.301 0.998 0.000 -0.026 -0.055 0.737 0.000 -0.650 -0.185 0.958 0.000 -0.015 -0.286 0.613 0.000 -0.699 -0.367 0.961 0.000 -0.108 0.253 0.674 0.000 -0.739 0.002 0.857 -0.000 0.122 0.501 
-0.313 0.044 -0.019 -0.948 0.731 0.000 -0.618 0.290 0.998 0.000 -0.028 -0.057 0.740 0.000 -0.649 -0.176 0.959 0.000 -0.016 -0.282 0.609 0.000 -0.704 -0.365 0.960 0.000 -0.109 0.259 0.674 0.000 -0.738 -0.022 0.844 0.000 0.100 0.527 
-0.319 0.044 -0.019 -0.947 0.732 0.000 -0.622 0.278 0.998 0.000 -0.028 -0.060 0.742 0.000 -0.649 -0.168 0.961 0.000 -0.017 -0.277 0.604 0.000 -0.711 -0.359 0.959 -0.000 -0.105 0.262 0.674 0.000 -0.737 -0.047 0.831 0.000 0.075 0.551 
-0.324 0.043 -0.018 -0.945 0.736 0.000 -0.623 0.266 0.997 0.000 -0.033 -0.063 0.743 0.000 -0.651 -0.157 0.962 0.000 -0.017 -0.274 0.602 0.000 -0.718 -0.349 0.960 0.000 -0.098 0.261 0.673 0.000 -0.736 -0.071 0.819 0.000 0.049 0.572 
-0.330 0.040 -0.018 -0.943 0.740 0.000 -0.625 0.249 0.998 0.000 -0.031 -0.062 0.744 -0.000 -0.651 -0.152 0.964 0.000 -0.018 -0.265 0.598 0.000 -0.726 -0.339 0.961 0.000 -0.090 0.262 0.672 0.000 -0.734 -0.096 0.807 0.000 0.018 0.590 
-0.336 0.038 -0.019 -0.941 0.744 0.000 -0.625 0.237 0.997 0.000 -0.036 -0.069 0.744 0.000 -0.653 -0.142 0.966 0.000 -0.017 -0.259 0.595 0.000 -0.734 -0.328 0.962 0.000 -0.077 0.261 0.671 0.000 -0.732 -0.120 0.797 0.000 -0.015 0.604 
-0.342 0.037 -0.019 -0.939 0.747 0.000 -0.627 0.221 0.997 -0.000 -0.037 -0.070 0.745 0.000 -0.654 -0.131 0.967 0.000 -0.016 -0.254 0.592 -0.000 -0.742 -0.314 0.963 0.000 -0.069 0.261 0.670 0.000 -0.728 -0.143 0.789 0.000 -0.046 0.613 
-0.349 0.036 -0.019 -0.936 0.750 -0.000 -0.630 0.204 0.997 0.000 -0.038 -0.072 0.746 0.000 -0.655 -0.120 0.969 0.000 -0.016 -0.245 0.590 0.000 -0.750 -0.299 0.964 0.000 -0.058 0.259 0.670 0.000 -0.724 -0.164 0.783 0.000 -0.076 0.617 
-0.356 0.035 -0.020 -0.934 0.753 0.000 -0.631 0.187 0.996 0.000 -0.041 -0.074 0.748 0.000 -0.654 -0.113 0.972 0.000 -0.015 -0.236 0.587 0.000 -0.758 -0.284 0.965 0.000 -0.047 0.258 0.669 -0.000 -0.720 -0.186 0.779 0.000 -0.106 0.618 
-0.363 0.033 -0.021 -0.931 0.757 0.000 -0.631 0.170 0.996 0.000 -0.044 -0.077 0.748 0.000 -0.657 -0.099 0.973 0.000 -0.014 -0.231 0.585 0.000 -0.765 -0.268 0.966 0.000 -0.035 0.257 0.667 0.000 -0.716 -0.206 0.775 -0.000 -0.134 0.617 
-0.371 0.031 -0.022 -0.928 0.760 0.000 -0.632 0.151 0.996 -0.000 -0.044 -0.080 0.749 0.000 -0.657 -0.088 0.975 0.000 -0.014 -0.221 0.583 0.000 -0.771 -0.256 0.966 0.000 -0.025 0.259 0.666 0.000 -0.711 -0.226 0.773 -0.000 -0.162 0.614 
-0.378 0.029 -0.023 -0.925 0.764 0.000 -0.632 0.132 0.996 0.000 -0.046 -0.082 0.749 0.000 -0.659 -0.074 0.976 0.000 -0.014 -0.216 0.581 -0.000 -0.776 -0.243 0.965 0.000 -0.014 0.260 0.665 0.000 -0.706 -0.246 0.772 0.000 -0.190 0.607 
-0.386 0.027 -0.024 -0.922 0.766 0.000 -0.632 0.114 0.995 -0.000 -0.049 -0.086 0.749 0.000 -0.660 -0.058 0.977 0.000 -0.014 -0.211 0.580 0.000 -0.781 -0.230 0.965 -0.000 -0.005 0.260 0.663 0.000 -0.700 -0.264 0.772 -0.000 -0.213 0.599 
-0.394 0.025 -0.025 -0.918 0.770 0.000 -0.631 0.094 0.995 0.000 -0.052 -0.088 0.749 -0.000 -0.661 -0.042 0.978 0.000 -0.015 -0.208 0.579 0.000 -0.786 -0.216 0.966 -0.000 0.006 0.260 0.662 0.000 -0.694 -0.283 0.772 0.000 -0.236 0.590 
-0.402 0.024 -0.026 -0.915 0.772 0.000 -0.631 0.075 0.994 0.000 -0.055 -0.092 0.749 0.000 -0.662 -0.024 0.979 0.000 -0.014 -0.203 0.577 0.000 -0.792 -0.199 0.966 -0.000 0.018 0.256 0.661 0.000 -0.688 -0.300 0.774 0.000 -0.256 0.579 
-0.410 0.022 -0.026 -0.911 0.774 0.000 -0.631 0.056 0.994 0.000 -0.059 -0.097 0.749 0.000 -0.663 -0.009 0.980 0.000 -0.013 -0.198 0.578 0.000 -0.795 -0.184 0.967 0.000 0.027 0.252 0.660 0.000 -0.681 -0.317 0.778 0.000 -0.274 0.565 
-0.418 0.020 -0.028 -0.908 0.776 0.000 -0.630 0.039 0.993 0.000 -0.060 -0.102 0.749 -0.000 -0.663 0.006 0.982 0.000 -0.015 -0.190 0.579 0.000 -0.799 -0.164 0.968 0.000 0.039 0.247 0.659 -0.000 -0.676 -0.330 0.784 -0.000 -0.286 0.552 
-0.430 0.017 -0.027 -0.902 0.777 0.000 -0.629 0.017 0.992 0.000 -0.065 -0.108 0.747 -0.000 -0.665 0.022 0.983 0.000 -0.010 -0.184 0.577 0.000 -0.801 -0.156 0.968 0.000 0.048 0.246 0.659 0.000 -0.668 -0.346 0.790 0.000 -0.302 0.533 
-0.436 0.016 -0.029 -0.899 0.778 -0.000 -0.628 0.002 0.991 0.000 -0.067 -0.115 0.746 0.000 -0.664 0.039 0.984 0.000 -0.013 -0.177 0.579 0.000 -0.805 -0.132 0.970 0.000 0.060 0.237 0.656 0.000 -0.665 -0.357 0.798 -0.000 -0.305 0.520 
-0.443 0.013 -0.031 -0.896 0.779 -0.000 -0.627 -0.015 0.990 -0.000 -0.068 -0.122 0.744 0.000 -0.666 0.054 0.986 0.000 -0.011 -0.169 0.582 0.000 -0.805 -0.115 0.970 0.000 0.067 0.232 0.654 0.000 -0.661 -0.369 0.806 0.000 -0.309 0.504 
-0.449 0.010 -0.031 -0.893 0.780 -0.000 -0.625 -0.031 0.989 -0.000 -0.069 -0.133 0.742 0.000 -0.667 0.068 0.987 0.000 -0.010 -0.158 0.585 0.000 -0.805 -0.101 0.972 0.000 0.073 0.225 0.650 0.000 -0.656 -0.385 0.814 0.000 -0.313 0.489 
-0.457 0.006 -0.032 -0.889 0.781 0.000 -0.623 -0.047 0.987 -0.000 -0.072 -0.143 0.740 0.000 -0.668 0.081 0.989 0.000 -0.010 -0.148 0.588 0.000 -0.804 -0.084 0.972 -0.000 0.082 0.219 0.647 0.000 -0.652 -0.395 0.825 0.000 -0.311 0.472 
-0.469 0.005 -0.034 -0.883 0.781 0.000 -0.622 -0.062 0.985 0.000 -0.078 -0.152 0.736 -0.000 -0.669 0.101 0.989 -0.000 -0.007 -0.145 0.590 0.000 -0.804 -0.065 0.973 0.000 0.091 0.214 0.647 -0.000 -0.650 -0.398 0.837 -0.000 -0.305 0.454 
-0.478 0.001 -0.036 -0.878 0.781 0.000 -0.620 -0.076 0.983 0.000 -0.080 -0.163 0.732 0.000 -0.671 0.117 0.990 0.000 -0.005 -0.138 0.595 -0.000 -0.802 -0.050 0.973 -0.000 0.097 0.209 0.644 -0.000 -0.651 -0.403 0.850 0.000 -0.297 0.435 
-0.485 -0.002 -0.037 -0.874 0.780 0.000 -0.619 -0.092 0.981 0.000 -0.081 -0.174 0.730 0.000 -0.671 0.129 0.991 0.000 -0.004 -0.130 0.598 -0.000 -0.800 -0.039 0.973 0.000 0.101 0.206 0.642 0.000 -0.646 -0.411 0.861 0.000 -0.290 0.418 
-0.492 -0.005 -0.036 -0.870 0.780 0.000 -0.617 -0.107 0.979 0.000 -0.085 -0.186 0.726 0.000 -0.672 0.145 0.992 0.000 -0.003 -0.124 0.601 0.000 -0.798 -0.031 0.973 0.000 0.106 0.205 0.641 0.000 -0.643 -0.419 0.872 0.000 -0.280 0.401 
-0.499 -0.006 -0.036 -0.866 0.778 -0.000 -0.616 -0.123 0.976 -0.000 -0.087 -0.198 0.724 -0.000 -0.671 0.158 0.993 0.000 -0.003 -0.115 0.604 -0.000 -0.796 -0.024 0.973 0.000 0.109 0.203 0.642 0.000 -0.639 -0.425 0.884 0.000 -0.269 0.382 
-0.507 -0.007 -0.035 -0.861 0.776 0.000 -0.616 -0.138 0.974 0.000 -0.089 -0.210 0.722 0.000 -0.670 0.172 0.994 0.000 -0.002 -0.109 0.606 0.000 -0.795 -0.018 0.972 0.000 0.113 0.204 0.642 0.000 -0.636 -0.428 0.896 0.000 -0.254 0.364 
-0.513 -0.008 -0.033 -0.857 0.774 0.000 -0.615 -0.152 0.971 0.000 -0.092 -0.222 0.720 0.000 -0.668 0.186 0.995 0.000 -0.001 -0.103 0.607 0.000 -0.794 -0.011 0.972 0.000 0.117 0.205 0.643 0.000 -0.634 -0.429 0.908 0.000 -0.236 0.345 
-0.521 -0.007 -0.032 -0.853 0.770 0.000 -0.616 -0.167 0.968 0.000 -0.094 -0.233 0.719 -0.000 -0.666 0.197 0.995 0.000 -0.000 -0.097 0.608 0.000 -0.794 -0.005 0.971 0.000 0.122 0.206 0.646 0.000 -0.631 -0.429 0.920 0.000 -0.219 0.326 
-0.528 -0.007 -0.029 -0.849 0.766 0.000 -0.617 -0.182 0.965 0.000 -0.095 -0.245 0.717 0.000 -0.664 0.213 0.996 0.000 0.001 -0.095 0.608 0.000 -0.794 -0.001 0.970 -0.000 0.126 0.208 0.648 0.000 -0.629 -0.429 0.931 0.000 -0.200 0.306 
-0.534 -0.006 -0.027 -0.845 0.762 0.000 -0.617 -0.196 0.962 0.000 -0.098 -0.256 0.716 0.000 -0.661 0.224 0.996 0.000 0.002 -0.090 0.608 0.000 -0.794 0.004 0.969 0.000 0.131 0.210 0.651 -0.000 -0.627 -0.427 0.941 0.000 -0.181 0.287 
-0.540 -0.005 -0.025 -0.841 0.757 0.000 -0.618 -0.211 0.959 -0.000 -0.097 -0.267 0.710 -0.000 -0.660 0.244 0.995 0.000 0.008 -0.097 0.608 0.000 -0.794 0.009 0.968 0.000 0.134 0.212 0.654 0.000 -0.625 -0.425 0.950 -0.000 -0.163 0.268 
-0.546 -0.004 -0.023 -0.837 0.754 0.000 -0.617 -0.224 0.956 0.000 -0.098 -0.278 0.711 0.000 -0.654 0.257 0.995 0.000 0.002 -0.096 0.610 -0.000 -0.792 0.012 0.967 0.000 0.135 0.217 0.658 0.000 -0.624 -0.422 0.958 0.000 -0.144 0.248 
-0.552 -0.002 -0.020 -0.834 0.748 0.000 -0.619 -0.238 0.953 0.000 -0.097 -0.286 0.710 -0.000 -0.651 0.268 0.996 0.000 0.003 -0.093 0.611 -0.000 -0.792 0.019 0.966 -0.000 0.137 0.217 0.661 -0.000 -0.623 -0.418 0.966 -0.000 -0.125 0.228 
-0.558 -0.001 -0.018 -0.830 0.744 -0.000 -0.619 -0.250 0.951 0.000 -0.097 -0.295 0.705 0.000 -0.650 0.284 0.995 0.000 0.008 -0.097 0.612 0.000 -0.791 0.024 0.966 -0.000 0.139 0.220 0.665 0.000 -0.622 -0.413 0.972 0.000 -0.107 0.209 
-0.563 0.001 -0.016 -0.826 0.738 0.000 -0.621 -0.264 0.949 0.000 -0.094 -0.302 0.704 0.000 -0.647 0.294 0.996 0.000 0.007 -0.094 0.613 0.000 -0.789 0.030 0.965 -0.000 0.140 0.222 0.668 0.000 -0.622 -0.408 0.978 0.000 -0.090 0.191 
-0.567 0.002 -0.014 -0.823 0.736 0.000 -0.619 -0.274 0.946 0.000 -0.092 -0.310 0.702 0.000 -0.644 0.304 0.996 0.000 0.008 -0.093 0.614 0.000 -0.789 0.034 0.964 0.000 0.143 0.226 0.670 0.000 -0.622 -0.406 0.982 0.000 -0.074 0.175 
-0.572 0.004 -0.012 -0.820 0.730 0.000 -0.621 -0.287 0.945 0.000 -0.088 -0.315 0.699 0.000 -0.642 0.315 0.996 0.000 0.010 -0.092 0.614 0.000 -0.788 0.039 0.962 0.000 0.145 0.230 0.673 0.000 -0.622 -0.401 0.985 0.000 -0.060 0.160 
-0.576 0.005 -0.011 -0.817 0.726 0.000 -0.621 -0.296 0.943 0.000 -0.086 -0.321 0.696 0.000 -0.640 0.325 0.996 0.000 0.012 -0.091 0.614 -0.000 -0.788 0.043 0.960 0.000 0.149 0.236 0.674 -0.000 -0.622 -0.398 0.988 0.000 -0.048 0.149 
-0.580 0.006 -0.010 -0.815 0.722 0.000 -0.623 -0.303 0.942 0.000 -0.082 -0.327 0.693 -0.000 -0.639 0.334 0.996 0.000 0.013 -0.090 0.614 -0.000 -0.788 0.047 0.958 -0.000 0.155 0.242 0.675 0.000 -0.622 -0.397 0.989 0.000 -0.039 0.140 
-0.584 0.007 -0.009 -0.812 0.719 0.000 -0.623 -0.308 0.940 0.000 -0.081 -0.332 0.691 -0.000 -0.638 0.340 0.996 0.000 0.015 -0.086 0.615 0.000 -0.787 0.051 0.955 0.000 0.160 0.249 0.675 0.000 -0.624 -0.394 0.990 -0.000 -0.031 0.134 
-0.586 0.007 -0.009 -0.810 0.716 0.000 -0.623 -0.314 0.939 0.000 -0.078 -0.336 0.687 0.000 -0.637 0.349 0.996 0.000 0.016 -0.087 0.616 0.000 -0.786 0.054 0.953 0.000 0.164 0.256 0.674 -0.000 -0.625 -0.393 0.991 0.000 -0.027 0.131 
-0.589 0.007 -0.009 -0.808 0.715 -0.000 -0.623 -0.317 0.938 0.000 -0.076 -0.339 0.684 -0.000 -0.637 0.355 0.996 0.000 0.018 -0.083 0.618 0.000 -0.784 0.058 0.950 0.000 0.170 0.263 0.673 0.000 -0.628 -0.390 0.991 0.000 -0.026 0.130 
-0.591 0.006 -0.010 -0.807 0.715 0.000 -0.623 -0.318 0.936 0.000 -0.076 -0.343 0.681 0.000 -0.637 0.361 0.997 0.000 0.019 -0.081 0.621 0.000 -0.781 0.061 0.947 0.000 0.173 0.270 0.672 0.000 -0.631 -0.388 0.991 0.000 -0.028 0.131 
-0.592 0.006 -0.012 -0.806 0.716 -0.000 -0.623 -0.316 0.935 0.000 -0.075 -0.346 0.677 0.000 -0.637 0.367 0.997 -0.000 0.019 -0.079 0.623 -0.000 -0.779 0.065 0.944 0.000 0.179 0.278 0.670 0.000 -0.633 -0.386 0.990 0.000 -0.034 0.136 
-0.594 0.004 -0.014 -0.805 0.717 0.000 -0.622 -0.314 0.934 0.000 -0.077 -0.348 0.673 -0.000 -0.638 0.374 0.997 0.000 0.020 -0.078 0.627 0.000 -0.776 0.069 0.940 0.000 0.184 0.287 0.668 0.000 -0.636 -0.385 0.989 0.000 -0.042 0.143 
-0.595 0.003 -0.017 -0.804 0.719 0.000 -0.622 -0.310 0.933 0.000 -0.079 -0.350 0.670 0.000 -0.638 0.380 0.997 0.000 0.022 -0.080 0.630 0.000 -0.773 0.071 0.936 0.000 0.188 0.297 0.665 0.000 -0.641 -0.384 0.987 0.000 -0.049 0.152 
-0.595 0.002 -0.019 -0.803 0.721 0.000 -0.622 -0.306 0.933 0.000 -0.080 -0.350 0.667 0.000 -0.638 0.386 0.997 0.000 0.020 -0.077 0.634 0.000 -0.770 0.074 0.932 -0.000 0.191 0.308 0.662 -0.000 -0.646 -0.380 0.986 0.000 -0.055 0.160 
-0.595 0.001 -0.023 -0.803 0.724 -0.000 -0.622 -0.300 0.933 0.000 -0.082 -0.350 0.664 0.000 -0.638 0.391 0.997 0.000 0.021 -0.079 0.638 0.000 -0.766 0.075 0.927 0.000 0.193 0.321 0.657 0.000 -0.655 -0.374 0.985 0.000 -0.058 0.165 
-0.595 0.000 -0.025 -0.803 0.727 0.000 -0.621 -0.293 0.933 0.000 -0.086 -0.349 0.662 0.000 -0.638 0.395 0.997 0.000 0.021 -0.079 0.643 0.000 -0.763 0.073 0.922 0.000 0.193 0.337 0.653 0.000 -0.663 -0.366 0.984 0.000 -0.056 0.167 
-0.595 -0.000 -0.029 -0.804 0.731 0.000 -0.619 -0.287 0.934 0.000 -0.089 -0.347 0.658 0.000 -0.638 0.400 0.996 0.000 0.022 -0.081 0.648 -0.000 -0.759 0.070 0.915 0.000 0.190 0.355 0.648 0.000 -0.673 -0.357 0.984 0.000 -0.054 0.169 
-0.592 -0.002 -0.033 -0.805 0.737 0.000 -0.616 -0.279 0.935 0.000 -0.093 -0.343 0.657 0.000 -0.638 0.402 0.997 0.000 0.021 -0.080 0.654 0.000 -0.754 0.064 0.908 0.000 0.183 0.376 0.642 0.000 -0.683 -0.349 0.983 0.000 -0.057 0.173 
-0.589 -0.006 -0.037 -0.807 0.741 0.000 -0.615 -0.270 0.936 0.000 -0.092 -0.338 0.655 -0.000 -0.641 0.401 0.997 0.000 0.021 -0.081 0.661 0.000 -0.748 0.052 0.899 0.000 0.171 0.402 0.636 0.000 -0.689 -0.347 0.982 0.000 -0.065 0.179 
-0.586 -0.010 -0.042 -0.809 0.747 -0.000 -0.613 -0.260 0.938 -0.000 -0.095 -0.333 0.654 0.000 -0.642 0.400 0.997 0.000 0.018 -0.079 0.668 -0.000 -0.743 0.041 0.890 0.000 0.161 0.426 0.630 -0.000 -0.696 -0.344 0.980 0.000 -0.071 0.185 
-0.582 -0.014 -0.046 -0.812 0.752 0.000 -0.610 -0.249 0.941 -0.000 -0.095 -0.326 0.653 0.000 -0.645 0.397 0.997 0.000 0.016 -0.079 0.674 0.000 -0.738 0.029 0.881 -0.000 0.150 0.448 0.625 -0.000 -0.701 -0.345 0.978 -0.000 -0.079 0.192 
-0.578 -0.018 -0.049 -0.814 0.759 0.000 -0.606 -0.238 0.943 0.000 -0.099 -0.319 0.653 0.000 -0.648 0.392 0.997 0.000 0.015 -0.079 0.678 0.000 -0.735 0.016 0.872 0.000 0.139 0.469 0.619 0.000 -0.706 -0.345 0.976 0.000 -0.087 0.201 
-0.573 -0.022 -0.051 -0.818 0.764 0.000 -0.604 -0.226 0.945 -0.000 -0.100 -0.311 0.655 0.000 -0.651 0.384 0.997 0.000 0.013 -0.081 0.682 0.000 -0.732 0.000 0.863 0.000 0.126 0.490 0.613 0.000 -0.710 -0.347 0.973 0.000 -0.094 0.210 
-0.568 -0.024 -0.053 -0.821 0.769 -0.000 -0.602 -0.215 0.948 0.000 -0.101 -0.303 0.657 0.000 -0.654 0.375 0.997 0.000 0.012 -0.082 0.684 0.000 -0.729 -0.018 0.853 0.000 0.110 0.511 0.607 0.000 -0.714 -0.349 0.971 0.000 -0.100 0.219 
