# T   LUA LFA RUA RFA LT  LS  RT  RS  
0.739 0.014 0.067 0.670 0.805 -0.000 -0.587 0.082 0.963 0.000 -0.105 -0.248 0.730 0.000 -0.608 -0.313 0.782 0.000 -0.436 -0.446 0.703 -0.000 -0.707 0.074 0.990 0.000 0.140 -0.007 0.643 0.000 -0.757 0.119 0.995 -0.000 0.089 -0.042 
0.739 0.014 0.067 0.670 0.805 0.000 -0.587 0.082 0.963 0.000 -0.104 -0.248 0.730 0.000 -0.608 -0.313 0.782 0.000 -0.435 -0.447 0.703 0.000 -0.707 0.074 0.990 0.000 0.140 -0.008 0.643 0.000 -0.757 0.119 0.995 -0.000 0.089 -0.042 
0.739 0.015 0.067 0.670 0.806 -0.000 -0.587 0.082 0.963 0.000 -0.104 -0.249 0.730 -0.000 -0.608 -0.313 0.782 0.000 -0.435 -0.447 0.703 0.000 -0.707 0.075 0.990 -0.000 0.140 -0.008 0.643 0.000 -0.757 0.119 0.995 0.000 0.089 -0.042 
0.739 0.015 0.066 0.671 0.806 0.000 -0.587 0.082 0.963 0.000 -0.104 -0.249 0.730 0.000 -0.607 -0.314 0.782 0.000 -0.435 -0.447 0.703 -0.000 -0.707 0.075 0.990 0.000 0.140 -0.008 0.643 0.000 -0.757 0.119 0.995 0.000 0.089 -0.042 
0.738 0.015 0.066 0.671 0.806 0.000 -0.587 0.082 0.963 0.000 -0.104 -0.249 0.730 0.000 -0.607 -0.314 0.782 0.000 -0.435 -0.447 0.703 0.000 -0.707 0.076 0.990 0.000 0.140 -0.008 0.643 0.000 -0.757 0.119 0.995 -0.000 0.089 -0.042 
0.738 0.015 0.066 0.672 0.806 0.000 -0.587 0.081 0.963 0.000 -0.104 -0.249 0.730 -0.000 -0.608 -0.314 0.782 0.000 -0.435 -0.446 0.703 0.000 -0.707 0.076 0.990 0.000 0.139 -0.008 0.643 0.000 -0.757 0.118 0.995 0.000 0.089 -0.042 
0.738 0.015 0.066 0.672 0.806 0.000 -0.587 0.081 0.963 0.000 -0.104 -0.249 0.730 0.000 -0.608 -0.314 0.782 0.000 -0.435 -0.446 0.703 0.000 -0.707 0.076 0.990 0.000 0.139 -0.009 0.643 0.000 -0.757 0.118 0.995 0.000 0.089 -0.042 
0.737 0.015 0.066 0.672 0.806 0.000 -0.587 0.081 0.963 0.000 -0.103 -0.249 0.729 0.000 -0.608 -0.314 0.782 0.000 -0.435 -0.446 0.703 0.000 -0.707 0.077 0.990 -0.000 0.139 -0.008 0.643 0.000 -0.757 0.118 0.995 0.000 0.089 -0.042 
0.737 0.015 0.066 0.673 0.806 0.000 -0.587 0.081 0.963 0.000 -0.102 -0.249 0.729 0.000 -0.608 -0.314 0.782 -0.000 -0.435 -0.446 0.703 0.000 -0.707 0.077 0.990 0.000 0.139 -0.009 0.643 0.000 -0.757 0.118 0.995 0.000 0.089 -0.042 
0.736 0.015 0.066 0.673 0.806 0.000 -0.587 0.081 0.963 0.000 -0.102 -0.249 0.729 0.000 -0.608 -0.314 0.782 0.000 -0.435 -0.446 0.703 0.000 -0.707 0.078 0.990 -0.000 0.139 -0.009 0.643 0.000 -0.757 0.118 0.995 -0.000 0.089 -0.043 
0.736 0.015 0.066 0.674 0.806 0.000 -0.587 0.081 0.963 0.000 -0.102 -0.250 0.729 0.000 -0.608 -0.314 0.782 0.000 -0.435 -0.446 0.703 0.000 -0.707 0.078 0.990 -0.000 0.139 -0.009 0.643 0.000 -0.757 0.118 0.995 0.000 0.089 -0.042 
0.736 0.015 0.066 0.674 0.806 0.000 -0.587 0.081 0.963 0.000 -0.102 -0.250 0.729 0.000 -0.608 -0.314 0.783 0.000 -0.435 -0.446 0.703 0.000 -0.707 0.078 0.990 0.000 0.139 -0.009 0.643 0.000 -0.757 0.118 0.995 0.000 0.089 -0.042 
0.735 0.015 0.066 0.674 0.806 -0.000 -0.586 0.081 0.963 0.000 -0.102 -0.251 0.729 0.000 -0.608 -0.314 0.783 -0.000 -0.435 -0.446 0.703 0.000 -0.707 0.078 0.990 0.000 0.139 -0.009 0.643 0.000 -0.757 0.117 0.995 0.000 0.089 -0.042 
0.735 0.015 0.066 0.674 0.806 0.000 -0.586 0.081 0.963 0.000 -0.101 -0.251 0.729 0.000 -0.608 -0.314 0.783 0.000 -0.434 -0.446 0.703 0.000 -0.707 0.078 0.990 0.000 0.139 -0.009 0.643 0.000 -0.757 0.117 0.995 0.000 0.089 -0.042 
0.735 0.015 0.066 0.675 0.806 0.000 -0.586 0.081 0.963 0.000 -0.101 -0.251 0.729 0.000 -0.608 -0.314 0.783 0.000 -0.434 -0.446 0.703 -0.000 -0.707 0.079 0.990 0.000 0.139 -0.009 0.643 0.000 -0.757 0.117 0.995 0.000 0.090 -0.042 
0.735 0.015 0.066 0.675 0.806 0.000 -0.586 0.081 0.963 0.000 -0.101 -0.251 0.729 -0.000 -0.609 -0.314 0.783 0.000 -0.433 -0.447 0.703 0.000 -0.707 0.079 0.990 0.000 0.139 -0.010 0.643 0.000 -0.757 0.117 0.995 0.000 0.090 -0.042 
0.734 0.015 0.066 0.675 0.806 0.000 -0.586 0.080 0.963 0.000 -0.101 -0.251 0.729 -0.000 -0.609 -0.313 0.783 0.000 -0.433 -0.448 0.703 0.000 -0.707 0.079 0.990 0.000 0.139 -0.010 0.643 -0.000 -0.757 0.117 0.995 0.000 0.090 -0.042 
0.734 0.015 0.066 0.676 0.806 0.000 -0.587 0.080 0.963 -0.000 -0.100 -0.251 0.729 -0.000 -0.610 -0.312 0.782 0.000 -0.432 -0.449 0.703 0.000 -0.707 0.080 0.990 0.000 0.139 -0.010 0.643 0.000 -0.757 0.116 0.995 0.000 0.090 -0.042 
0.734 0.015 0.066 0.676 0.806 0.000 -0.587 0.080 0.963 0.000 -0.100 -0.251 0.728 -0.000 -0.611 -0.311 0.782 -0.000 -0.431 -0.450 0.703 0.000 -0.707 0.080 0.990 0.000 0.139 -0.010 0.643 0.000 -0.757 0.116 0.995 0.000 0.090 -0.041 
0.733 0.016 0.066 0.676 0.806 -0.000 -0.587 0.081 0.963 -0.000 -0.100 -0.252 0.728 0.000 -0.611 -0.310 0.782 -0.000 -0.429 -0.452 0.703 0.000 -0.707 0.080 0.990 -0.000 0.139 -0.010 0.643 0.000 -0.757 0.116 0.995 0.000 0.090 -0.041 
0.733 0.016 0.066 0.677 0.806 -0.000 -0.587 0.081 0.963 0.000 -0.100 -0.252 0.728 0.000 -0.613 -0.308 0.782 0.000 -0.427 -0.454 0.703 0.000 -0.707 0.080 0.990 0.000 0.139 -0.010 0.643 -0.000 -0.757 0.115 0.995 0.000 0.090 -0.040 
0.733 0.016 0.066 0.677 0.806 0.000 -0.587 0.081 0.962 0.000 -0.099 -0.253 0.728 0.000 -0.613 -0.307 0.781 0.000 -0.426 -0.456 0.703 0.000 -0.707 0.081 0.990 0.000 0.139 -0.010 0.643 0.000 -0.757 0.115 0.995 0.000 0.090 -0.040 
0.733 0.016 0.066 0.677 0.806 0.000 -0.587 0.081 0.962 0.000 -0.099 -0.253 0.727 0.000 -0.615 -0.305 0.781 0.000 -0.423 -0.459 0.703 0.000 -0.707 0.081 0.990 0.000 0.139 -0.010 0.643 -0.000 -0.757 0.114 0.995 0.000 0.090 -0.040 
0.732 0.016 0.066 0.677 0.806 0.000 -0.587 0.081 0.962 0.000 -0.099 -0.253 0.727 0.000 -0.616 -0.304 0.782 -0.000 -0.420 -0.462 0.703 0.000 -0.707 0.081 0.990 0.000 0.139 -0.010 0.643 0.000 -0.757 0.115 0.995 -0.000 0.090 -0.040 
0.732 0.016 0.066 0.678 0.806 0.000 -0.587 0.082 0.962 0.000 -0.099 -0.253 0.727 0.000 -0.617 -0.302 0.781 0.000 -0.417 -0.465 0.703 -0.000 -0.707 0.082 0.990 0.000 0.139 -0.011 0.643 0.000 -0.757 0.115 0.995 -0.000 0.090 -0.040 
0.732 0.016 0.066 0.678 0.806 0.000 -0.587 0.081 0.963 0.000 -0.098 -0.253 0.726 0.000 -0.619 -0.299 0.781 0.000 -0.414 -0.467 0.703 0.000 -0.707 0.082 0.990 -0.000 0.139 -0.011 0.643 0.000 -0.757 0.115 0.995 -0.000 0.090 -0.040 
0.732 0.016 0.066 0.678 0.806 0.000 -0.587 0.081 0.963 -0.000 -0.098 -0.253 0.726 0.000 -0.620 -0.297 0.781 0.000 -0.411 -0.470 0.703 -0.000 -0.707 0.082 0.990 0.000 0.139 -0.011 0.643 0.000 -0.757 0.115 0.995 -0.000 0.090 -0.040 
0.732 0.016 0.066 0.678 0.806 0.000 -0.587 0.081 0.962 0.000 -0.098 -0.253 0.726 0.000 -0.622 -0.294 0.781 0.000 -0.408 -0.474 0.703 0.000 -0.707 0.082 0.990 -0.000 0.139 -0.011 0.644 -0.000 -0.757 0.114 0.995 -0.000 0.090 -0.040 
0.732 0.016 0.066 0.678 0.806 0.000 -0.587 0.081 0.962 0.000 -0.098 -0.253 0.725 0.000 -0.624 -0.292 0.781 0.000 -0.403 -0.477 0.703 0.000 -0.707 0.082 0.990 0.000 0.139 -0.011 0.644 0.000 -0.757 0.115 0.995 0.000 0.090 -0.040 
0.731 0.016 0.066 0.678 0.806 -0.000 -0.587 0.081 0.962 0.000 -0.098 -0.254 0.725 0.000 -0.625 -0.289 0.780 0.000 -0.400 -0.481 0.703 0.000 -0.707 0.083 0.990 -0.000 0.139 -0.012 0.644 0.000 -0.757 0.115 0.995 -0.000 0.090 -0.040 
0.731 0.016 0.066 0.679 0.806 -0.000 -0.587 0.081 0.962 -0.000 -0.097 -0.254 0.724 0.000 -0.627 -0.286 0.780 0.000 -0.395 -0.485 0.703 0.000 -0.707 0.084 0.990 0.000 0.139 -0.012 0.644 0.000 -0.757 0.115 0.995 -0.000 0.090 -0.040 
0.731 0.016 0.066 0.679 0.806 -0.000 -0.587 0.081 0.962 0.000 -0.097 -0.254 0.724 0.000 -0.629 -0.281 0.779 0.000 -0.393 -0.488 0.703 0.000 -0.707 0.083 0.990 0.000 0.139 -0.012 0.644 0.000 -0.757 0.114 0.995 0.000 0.090 -0.040 
0.731 0.016 0.066 0.679 0.806 0.000 -0.587 0.081 0.962 -0.000 -0.097 -0.254 0.724 0.000 -0.631 -0.278 0.779 0.000 -0.388 -0.493 0.703 -0.000 -0.707 0.083 0.990 0.000 0.139 -0.012 0.644 0.000 -0.757 0.114 0.995 -0.000 0.090 -0.040 
0.731 0.016 0.066 0.679 0.806 0.000 -0.587 0.081 0.962 -0.000 -0.097 -0.254 0.723 0.000 -0.633 -0.275 0.779 0.000 -0.383 -0.496 0.703 0.000 -0.707 0.084 0.990 -0.000 0.139 -0.013 0.644 0.000 -0.757 0.114 0.995 0.000 0.090 -0.040 
0.731 0.016 0.066 0.679 0.806 0.000 -0.587 0.081 0.962 0.000 -0.097 -0.254 0.722 0.000 -0.636 -0.272 0.779 0.000 -0.378 -0.500 0.703 0.000 -0.707 0.084 0.990 0.000 0.139 -0.013 0.644 0.000 -0.757 0.114 0.995 -0.000 0.090 -0.040 
0.731 0.016 0.066 0.679 0.806 0.000 -0.587 0.081 0.962 0.000 -0.097 -0.254 0.721 0.000 -0.638 -0.270 0.780 0.000 -0.371 -0.504 0.703 -0.000 -0.706 0.085 0.990 0.000 0.139 -0.013 0.644 0.000 -0.757 0.115 0.995 0.000 0.090 -0.040 
0.731 0.016 0.066 0.679 0.806 0.000 -0.587 0.081 0.962 0.000 -0.097 -0.254 0.721 0.000 -0.640 -0.268 0.781 0.000 -0.365 -0.507 0.703 -0.000 -0.706 0.085 0.990 0.000 0.139 -0.013 0.644 0.000 -0.757 0.115 0.995 0.000 0.090 -0.041 
0.731 0.016 0.066 0.679 0.806 0.000 -0.586 0.081 0.962 0.000 -0.097 -0.254 0.720 -0.000 -0.641 -0.265 0.780 0.000 -0.360 -0.511 0.703 0.000 -0.706 0.086 0.990 0.000 0.138 -0.014 0.644 -0.000 -0.756 0.115 0.995 0.000 0.089 -0.041 
0.730 0.016 0.066 0.680 0.806 0.000 -0.586 0.081 0.962 0.000 -0.097 -0.254 0.719 0.000 -0.644 -0.261 0.780 0.000 -0.354 -0.515 0.703 0.000 -0.706 0.086 0.990 0.000 0.138 -0.014 0.644 0.000 -0.756 0.115 0.995 0.000 0.089 -0.041 
0.730 0.016 0.066 0.680 0.806 0.000 -0.586 0.081 0.962 0.000 -0.097 -0.254 0.719 0.000 -0.646 -0.258 0.780 0.000 -0.349 -0.519 0.703 -0.000 -0.706 0.086 0.990 0.000 0.138 -0.014 0.644 0.000 -0.757 0.115 0.995 -0.000 0.089 -0.041 
0.730 0.016 0.066 0.680 0.806 0.000 -0.586 0.081 0.962 0.000 -0.097 -0.254 0.718 0.000 -0.647 -0.255 0.779 0.000 -0.343 -0.524 0.703 -0.000 -0.706 0.086 0.990 -0.000 0.138 -0.014 0.644 0.000 -0.757 0.115 0.995 0.000 0.089 -0.041 
0.730 0.016 0.066 0.680 0.806 -0.000 -0.586 0.081 0.962 0.000 -0.097 -0.254 0.718 0.000 -0.649 -0.253 0.779 0.000 -0.338 -0.528 0.703 0.000 -0.706 0.086 0.990 0.000 0.138 -0.015 0.644 0.000 -0.757 0.115 0.995 0.000 0.089 -0.041 
0.730 0.016 0.066 0.680 0.806 -0.000 -0.586 0.081 0.962 0.000 -0.097 -0.254 0.717 0.000 -0.650 -0.250 0.778 -0.000 -0.332 -0.533 0.703 0.000 -0.706 0.087 0.990 0.000 0.138 -0.015 0.644 0.000 -0.756 0.115 0.995 0.000 0.089 -0.041 
0.730 0.016 0.066 0.680 0.806 0.000 -0.586 0.081 0.962 0.000 -0.097 -0.254 0.717 0.000 -0.652 -0.247 0.777 -0.000 -0.326 -0.538 0.703 -0.000 -0.706 0.087 0.990 0.000 0.138 -0.015 0.644 0.000 -0.756 0.115 0.995 0.000 0.089 -0.041 
0.730 0.016 0.066 0.680 0.806 -0.000 -0.586 0.081 0.962 0.000 -0.097 -0.255 0.716 0.000 -0.653 -0.244 0.777 0.000 -0.319 -0.543 0.703 0.000 -0.706 0.087 0.990 0.000 0.138 -0.015 0.644 0.000 -0.756 0.115 0.995 0.000 0.090 -0.041 
0.730 0.016 0.067 0.680 0.806 0.000 -0.586 0.081 0.962 -0.000 -0.097 -0.255 0.716 0.000 -0.655 -0.241 0.776 0.000 -0.313 -0.548 0.703 0.000 -0.706 0.087 0.990 0.000 0.138 -0.015 0.644 0.000 -0.756 0.115 0.995 0.000 0.089 -0.041 
0.730 0.016 0.066 0.680 0.806 0.000 -0.586 0.081 0.962 0.000 -0.097 -0.255 0.716 0.000 -0.656 -0.239 0.775 0.000 -0.307 -0.552 0.703 0.000 -0.706 0.087 0.990 -0.000 0.138 -0.015 0.644 0.000 -0.757 0.115 0.995 0.000 0.090 -0.041 
0.730 0.016 0.066 0.680 0.807 0.000 -0.586 0.081 0.962 0.000 -0.098 -0.255 0.715 0.000 -0.658 -0.236 0.774 -0.000 -0.301 -0.557 0.702 0.000 -0.706 0.087 0.990 -0.000 0.138 -0.015 0.644 0.000 -0.756 0.115 0.995 0.000 0.089 -0.041 
0.730 0.016 0.067 0.680 0.807 0.000 -0.585 0.081 0.962 -0.000 -0.097 -0.255 0.715 0.000 -0.659 -0.233 0.774 0.000 -0.294 -0.561 0.702 0.000 -0.706 0.087 0.990 0.000 0.138 -0.015 0.644 0.000 -0.756 0.115 0.995 0.000 0.089 -0.041 
0.730 0.016 0.067 0.680 0.807 0.000 -0.585 0.081 0.962 0.000 -0.097 -0.255 0.715 -0.000 -0.660 -0.231 0.773 -0.000 -0.288 -0.565 0.702 0.000 -0.706 0.088 0.990 0.000 0.138 -0.015 0.644 0.000 -0.756 0.115 0.995 -0.000 0.089 -0.041 
0.730 0.016 0.067 0.680 0.807 0.000 -0.585 0.082 0.962 0.000 -0.097 -0.255 0.715 0.000 -0.661 -0.228 0.772 -0.000 -0.281 -0.570 0.702 0.000 -0.706 0.088 0.990 0.000 0.138 -0.015 0.644 -0.000 -0.756 0.115 0.995 0.000 0.089 -0.041 
0.730 0.015 0.067 0.680 0.807 0.000 -0.585 0.081 0.962 0.000 -0.097 -0.255 0.715 0.000 -0.662 -0.225 0.772 0.000 -0.274 -0.574 0.702 0.000 -0.706 0.088 0.990 -0.000 0.138 -0.015 0.644 0.000 -0.756 0.115 0.995 0.000 0.089 -0.041 
0.730 0.016 0.067 0.680 0.807 0.000 -0.585 0.081 0.962 -0.000 -0.097 -0.255 0.715 0.000 -0.663 -0.222 0.771 -0.000 -0.267 -0.578 0.702 0.000 -0.706 0.088 0.990 -0.000 0.138 -0.015 0.644 0.000 -0.756 0.115 0.995 -0.000 0.089 -0.041 
0.730 0.015 0.067 0.680 0.807 0.000 -0.585 0.081 0.962 0.000 -0.097 -0.255 0.714 -0.000 -0.665 -0.219 0.770 -0.000 -0.260 -0.583 0.702 -0.000 -0.706 0.088 0.990 -0.000 0.138 -0.015 0.644 0.000 -0.756 0.116 0.995 0.000 0.089 -0.041 
0.730 0.015 0.067 0.680 0.807 0.000 -0.585 0.081 0.962 -0.000 -0.096 -0.255 0.714 0.000 -0.666 -0.216 0.769 0.000 -0.253 -0.587 0.702 -0.000 -0.706 0.088 0.990 -0.000 0.138 -0.015 0.644 0.000 -0.756 0.115 0.995 0.000 0.089 -0.041 
0.730 0.015 0.067 0.680 0.807 0.000 -0.585 0.082 0.962 -0.000 -0.096 -0.256 0.714 0.000 -0.666 -0.214 0.768 0.000 -0.246 -0.591 0.702 0.000 -0.706 0.088 0.990 -0.000 0.138 -0.015 0.644 0.000 -0.756 0.115 0.995 0.000 0.089 -0.041 
0.730 0.015 0.067 0.680 0.807 -0.000 -0.585 0.082 0.962 0.000 -0.096 -0.256 0.714 0.000 -0.668 -0.209 0.767 0.000 -0.239 -0.596 0.702 0.000 -0.707 0.088 0.990 0.000 0.138 -0.015 0.644 0.000 -0.756 0.115 0.995 0.000 0.090 -0.041 
0.730 0.015 0.067 0.680 0.807 0.000 -0.585 0.082 0.962 -0.000 -0.096 -0.256 0.714 0.000 -0.669 -0.208 0.767 -0.000 -0.230 -0.600 0.702 0.000 -0.707 0.088 0.990 0.000 0.138 -0.015 0.644 0.000 -0.756 0.115 0.995 0.000 0.089 -0.041 
0.729 0.015 0.067 0.681 0.807 0.000 -0.585 0.082 0.962 0.000 -0.096 -0.256 0.714 0.000 -0.670 -0.203 0.765 -0.000 -0.223 -0.604 0.702 0.000 -0.707 0.088 0.990 -0.000 0.138 -0.015 0.644 0.000 -0.756 0.115 0.995 0.000 0.090 -0.041 
0.729 0.015 0.067 0.681 0.807 0.000 -0.585 0.082 0.962 0.000 -0.095 -0.256 0.714 0.000 -0.671 -0.200 0.764 0.000 -0.214 -0.608 0.702 -0.000 -0.707 0.088 0.990 0.000 0.138 -0.015 0.644 -0.000 -0.756 0.115 0.995 0.000 0.090 -0.041 
0.729 0.015 0.067 0.681 0.807 0.000 -0.584 0.082 0.962 0.000 -0.095 -0.256 0.714 -0.000 -0.672 -0.197 0.764 -0.000 -0.206 -0.612 0.702 0.000 -0.707 0.088 0.990 0.000 0.138 -0.015 0.644 0.000 -0.756 0.115 0.995 0.000 0.090 -0.041 
0.729 0.015 0.067 0.681 0.807 0.000 -0.584 0.082 0.962 0.000 -0.095 -0.256 0.715 0.000 -0.671 -0.195 0.763 -0.000 -0.197 -0.616 0.702 -0.000 -0.707 0.089 0.990 0.000 0.138 -0.015 0.644 0.000 -0.756 0.116 0.995 -0.000 0.090 -0.041 
0.729 0.015 0.067 0.681 0.807 0.000 -0.584 0.083 0.962 0.000 -0.095 -0.257 0.715 0.000 -0.672 -0.192 0.762 -0.000 -0.190 -0.619 0.702 0.000 -0.707 0.089 0.990 -0.000 0.138 -0.015 0.645 -0.000 -0.756 0.116 0.995 0.000 0.090 -0.041 
0.729 0.015 0.067 0.681 0.807 0.000 -0.584 0.083 0.962 0.000 -0.095 -0.257 0.715 -0.000 -0.673 -0.189 0.761 0.000 -0.181 -0.622 0.702 0.000 -0.707 0.089 0.990 0.000 0.138 -0.015 0.645 -0.000 -0.756 0.116 0.995 0.000 0.090 -0.041 
0.729 0.015 0.067 0.681 0.807 -0.000 -0.584 0.083 0.962 0.000 -0.094 -0.257 0.715 0.000 -0.674 -0.187 0.761 0.000 -0.172 -0.625 0.702 0.000 -0.707 0.089 0.990 0.000 0.138 -0.015 0.645 0.000 -0.756 0.116 0.995 0.000 0.090 -0.041 
0.729 0.015 0.067 0.681 0.807 0.000 -0.584 0.083 0.962 0.000 -0.094 -0.257 0.715 0.000 -0.674 -0.184 0.760 0.000 -0.164 -0.628 0.702 0.000 -0.707 0.089 0.990 0.000 0.138 -0.015 0.645 0.000 -0.756 0.116 0.995 0.000 0.090 -0.041 
0.729 0.015 0.067 0.681 0.807 0.000 -0.584 0.084 0.962 0.000 -0.093 -0.258 0.715 0.000 -0.675 -0.181 0.760 0.000 -0.156 -0.631 0.702 0.000 -0.707 0.089 0.990 0.000 0.138 -0.015 0.645 0.000 -0.756 0.116 0.995 0.000 0.090 -0.041 
0.729 0.015 0.067 0.681 0.807 0.000 -0.584 0.084 0.962 0.000 -0.093 -0.258 0.714 0.000 -0.677 -0.178 0.760 0.000 -0.144 -0.634 0.702 0.000 -0.707 0.089 0.990 0.000 0.138 -0.015 0.645 -0.000 -0.756 0.116 0.995 0.000 0.090 -0.041 
0.729 0.015 0.067 0.681 0.807 0.000 -0.584 0.084 0.962 -0.000 -0.092 -0.258 0.714 0.000 -0.678 -0.175 0.759 0.000 -0.135 -0.637 0.702 0.000 -0.707 0.089 0.990 0.000 0.138 -0.015 0.645 -0.000 -0.756 0.116 0.995 0.000 0.090 -0.041 
0.729 0.015 0.067 0.681 0.807 -0.000 -0.584 0.085 0.962 0.000 -0.092 -0.258 0.714 0.000 -0.679 -0.172 0.759 0.000 -0.125 -0.639 0.702 0.000 -0.707 0.089 0.990 -0.000 0.138 -0.015 0.645 0.000 -0.755 0.116 0.995 0.000 0.090 -0.042 
0.729 0.015 0.067 0.681 0.807 0.000 -0.584 0.085 0.962 0.000 -0.091 -0.259 0.713 0.000 -0.680 -0.169 0.759 0.000 -0.115 -0.641 0.702 -0.000 -0.707 0.089 0.990 0.000 0.138 -0.015 0.645 0.000 -0.755 0.116 0.995 0.000 0.090 -0.041 
0.729 0.015 0.067 0.681 0.807 0.000 -0.584 0.085 0.962 0.000 -0.091 -0.259 0.713 -0.000 -0.681 -0.166 0.758 0.000 -0.106 -0.644 0.702 -0.000 -0.707 0.089 0.990 0.000 0.138 -0.015 0.645 -0.000 -0.755 0.116 0.995 -0.000 0.090 -0.042 
0.729 0.015 0.067 0.681 0.807 -0.000 -0.584 0.086 0.962 -0.000 -0.091 -0.259 0.713 0.000 -0.682 -0.164 0.757 -0.000 -0.100 -0.645 0.702 0.000 -0.707 0.090 0.990 0.000 0.138 -0.015 0.645 0.000 -0.755 0.116 0.995 0.000 0.090 -0.042 
0.729 0.015 0.067 0.681 0.807 0.000 -0.584 0.086 0.962 -0.000 -0.091 -0.259 0.713 0.000 -0.683 -0.160 0.757 -0.000 -0.091 -0.648 0.702 0.000 -0.707 0.090 0.990 -0.000 0.138 -0.015 0.645 0.000 -0.755 0.117 0.995 0.000 0.090 -0.042 
0.729 0.014 0.067 0.681 0.807 0.000 -0.584 0.086 0.962 0.000 -0.091 -0.259 0.713 -0.000 -0.684 -0.157 0.756 -0.000 -0.081 -0.650 0.702 -0.000 -0.707 0.090 0.990 0.000 0.138 -0.015 0.645 0.000 -0.755 0.117 0.995 0.000 0.090 -0.042 
0.729 0.014 0.067 0.681 0.807 0.000 -0.584 0.086 0.962 -0.000 -0.090 -0.259 0.712 0.000 -0.685 -0.154 0.756 0.000 -0.071 -0.651 0.702 -0.000 -0.707 0.090 0.990 0.000 0.137 -0.016 0.645 0.000 -0.755 0.117 0.995 0.000 0.090 -0.042 
0.729 0.014 0.067 0.681 0.807 0.000 -0.584 0.087 0.961 0.000 -0.090 -0.260 0.712 -0.000 -0.685 -0.151 0.755 -0.000 -0.062 -0.653 0.702 0.000 -0.707 0.091 0.990 0.000 0.138 -0.016 0.645 0.000 -0.755 0.117 0.995 0.000 0.090 -0.042 
0.729 0.014 0.067 0.681 0.807 0.000 -0.584 0.087 0.962 0.000 -0.090 -0.260 0.712 0.000 -0.687 -0.148 0.754 0.000 -0.053 -0.654 0.702 0.000 -0.707 0.091 0.990 -0.000 0.137 -0.016 0.645 0.000 -0.755 0.117 0.995 0.000 0.090 -0.042 
0.729 0.014 0.067 0.681 0.807 -0.000 -0.584 0.087 0.961 0.000 -0.090 -0.260 0.711 0.000 -0.688 -0.145 0.754 0.000 -0.041 -0.656 0.702 0.000 -0.707 0.091 0.990 0.000 0.138 -0.016 0.645 0.000 -0.755 0.118 0.995 0.000 0.090 -0.043 
0.729 0.014 0.067 0.681 0.807 0.000 -0.584 0.087 0.961 0.000 -0.090 -0.260 0.711 0.000 -0.689 -0.141 0.753 0.000 -0.032 -0.658 0.702 0.000 -0.707 0.091 0.990 0.000 0.138 -0.016 0.645 0.000 -0.755 0.118 0.995 0.000 0.090 -0.043 
0.729 0.014 0.067 0.681 0.807 0.000 -0.584 0.088 0.961 -0.000 -0.090 -0.260 0.711 -0.000 -0.690 -0.138 0.752 0.000 -0.020 -0.659 0.702 0.000 -0.707 0.091 0.990 0.000 0.137 -0.016 0.645 0.000 -0.755 0.118 0.995 0.000 0.090 -0.043 
0.729 0.014 0.067 0.681 0.807 0.000 -0.584 0.088 0.961 0.000 -0.090 -0.260 0.710 0.000 -0.691 -0.135 0.751 0.000 -0.016 -0.660 0.702 0.000 -0.707 0.092 0.990 0.000 0.137 -0.016 0.645 0.000 -0.755 0.118 0.995 0.000 0.090 -0.043 
0.729 0.014 0.068 0.681 0.807 0.000 -0.584 0.088 0.961 0.000 -0.090 -0.260 0.710 0.000 -0.691 -0.132 0.750 0.000 -0.005 -0.661 0.702 0.000 -0.707 0.092 0.990 0.000 0.137 -0.016 0.645 0.000 -0.755 0.118 0.995 -0.000 0.090 -0.043 
0.729 0.014 0.068 0.681 0.807 0.000 -0.584 0.088 0.961 -0.000 -0.090 -0.260 0.710 0.000 -0.692 -0.129 0.749 0.000 0.005 -0.663 0.702 0.000 -0.707 0.092 0.990 0.000 0.137 -0.016 0.645 -0.000 -0.755 0.118 0.995 -0.000 0.090 -0.043 
0.729 0.014 0.068 0.681 0.807 0.000 -0.584 0.089 0.961 -0.000 -0.090 -0.260 0.710 -0.000 -0.693 -0.126 0.748 -0.000 0.017 -0.664 0.702 0.000 -0.707 0.092 0.990 -0.000 0.137 -0.017 0.645 -0.000 -0.755 0.120 0.995 0.000 0.089 -0.043 
0.729 0.014 0.068 0.681 0.807 0.000 -0.584 0.089 0.961 0.000 -0.090 -0.260 0.710 0.000 -0.693 -0.122 0.747 -0.000 0.027 -0.664 0.702 0.000 -0.707 0.092 0.990 -0.000 0.137 -0.016 0.645 0.000 -0.755 0.120 0.995 0.000 0.089 -0.043 
0.729 0.014 0.068 0.680 0.807 0.000 -0.584 0.089 0.961 0.000 -0.090 -0.260 0.710 0.000 -0.694 -0.120 0.746 0.000 0.036 -0.665 0.702 0.000 -0.707 0.092 0.990 0.000 0.137 -0.017 0.645 0.000 -0.755 0.120 0.995 0.000 0.089 -0.043 
0.730 0.014 0.068 0.680 0.807 0.000 -0.584 0.089 0.961 0.000 -0.090 -0.260 0.710 -0.000 -0.694 -0.117 0.745 0.000 0.047 -0.665 0.702 0.000 -0.707 0.092 0.990 0.000 0.137 -0.017 0.645 0.000 -0.755 0.120 0.995 0.000 0.089 -0.043 
0.730 0.014 0.068 0.680 0.807 0.000 -0.583 0.089 0.961 0.000 -0.091 -0.259 0.710 0.000 -0.695 -0.114 0.744 0.000 0.056 -0.665 0.701 0.000 -0.707 0.092 0.990 -0.000 0.137 -0.017 0.645 -0.000 -0.755 0.120 0.995 -0.000 0.089 -0.043 
0.730 0.014 0.068 0.680 0.807 0.000 -0.583 0.090 0.962 0.000 -0.091 -0.259 0.711 0.000 -0.695 -0.112 0.744 0.000 0.066 -0.665 0.702 0.000 -0.707 0.092 0.990 0.000 0.137 -0.017 0.645 0.000 -0.755 0.120 0.995 0.000 0.090 -0.043 
0.730 0.014 0.068 0.680 0.807 0.000 -0.583 0.090 0.961 0.000 -0.091 -0.259 0.711 0.000 -0.695 -0.110 0.744 0.000 0.076 -0.664 0.702 0.000 -0.707 0.092 0.990 0.000 0.137 -0.017 0.645 0.000 -0.755 0.120 0.995 0.000 0.089 -0.043 
0.730 0.014 0.068 0.680 0.808 -0.000 -0.583 0.090 0.961 0.000 -0.092 -0.259 0.712 0.000 -0.694 -0.108 0.743 0.000 0.084 -0.664 0.702 0.000 -0.707 0.092 0.990 -0.000 0.137 -0.017 0.645 0.000 -0.755 0.120 0.995 0.000 0.089 -0.043 
0.730 0.014 0.068 0.680 0.808 0.000 -0.583 0.091 0.961 0.000 -0.092 -0.259 0.712 0.000 -0.694 -0.106 0.743 0.000 0.095 -0.663 0.702 0.000 -0.707 0.092 0.990 -0.000 0.137 -0.017 0.645 -0.000 -0.755 0.120 0.995 0.000 0.089 -0.043 
0.730 0.014 0.068 0.680 0.808 0.000 -0.582 0.091 0.961 0.000 -0.092 -0.259 0.712 0.000 -0.694 -0.105 0.743 0.000 0.105 -0.661 0.702 0.000 -0.706 0.092 0.990 0.000 0.137 -0.017 0.645 0.000 -0.755 0.120 0.995 -0.000 0.089 -0.043 
0.730 0.014 0.068 0.680 0.808 -0.000 -0.582 0.091 0.961 0.000 -0.093 -0.259 0.713 0.000 -0.693 -0.103 0.743 0.000 0.115 -0.660 0.702 -0.000 -0.706 0.093 0.990 0.000 0.137 -0.017 0.645 0.000 -0.755 0.120 0.995 0.000 0.089 -0.043 
0.730 0.014 0.068 0.680 0.808 0.000 -0.582 0.092 0.961 0.000 -0.093 -0.259 0.714 -0.000 -0.693 -0.102 0.743 0.000 0.127 -0.658 0.702 0.000 -0.706 0.093 0.990 0.000 0.137 -0.017 0.645 0.000 -0.755 0.121 0.995 0.000 0.089 -0.043 
0.730 0.013 0.068 0.680 0.808 0.000 -0.582 0.092 0.962 0.000 -0.093 -0.258 0.714 0.000 -0.693 -0.100 0.743 0.000 0.137 -0.656 0.702 0.000 -0.706 0.093 0.990 -0.000 0.137 -0.017 0.645 0.000 -0.754 0.121 0.995 0.000 0.089 -0.043 
0.730 0.013 0.068 0.680 0.808 0.000 -0.582 0.092 0.962 0.000 -0.094 -0.258 0.715 0.000 -0.693 -0.099 0.743 -0.000 0.148 -0.653 0.702 0.000 -0.706 0.093 0.990 0.000 0.137 -0.017 0.645 0.000 -0.755 0.121 0.995 0.000 0.089 -0.043 
0.730 0.013 0.068 0.680 0.808 -0.000 -0.582 0.092 0.962 0.000 -0.094 -0.258 0.715 0.000 -0.692 -0.097 0.742 0.000 0.160 -0.650 0.702 0.000 -0.706 0.093 0.990 0.000 0.137 -0.017 0.645 0.000 -0.755 0.121 0.995 0.000 0.089 -0.043 
0.730 0.013 0.068 0.680 0.808 0.000 -0.582 0.092 0.962 0.000 -0.094 -0.258 0.714 0.000 -0.694 -0.096 0.743 0.000 0.176 -0.646 0.702 0.000 -0.706 0.093 0.990 0.000 0.137 -0.017 0.645 0.000 -0.754 0.121 0.995 0.000 0.089 -0.043 
0.730 0.013 0.068 0.680 0.808 0.000 -0.582 0.092 0.962 0.000 -0.094 -0.258 0.714 0.000 -0.694 -0.094 0.742 0.000 0.188 -0.643 0.702 0.000 -0.706 0.093 0.990 0.000 0.137 -0.017 0.645 0.000 -0.754 0.121 0.995 0.000 0.089 -0.043 
0.730 0.013 0.068 0.680 0.808 0.000 -0.582 0.092 0.962 -0.000 -0.094 -0.257 0.714 0.000 -0.694 -0.093 0.742 0.000 0.192 -0.642 0.702 0.000 -0.706 0.093 0.990 0.000 0.137 -0.017 0.645 0.000 -0.754 0.121 0.995 0.000 0.089 -0.043 
0.730 0.013 0.069 0.680 0.808 0.000 -0.581 0.092 0.962 0.000 -0.094 -0.257 0.714 0.000 -0.695 -0.091 0.743 0.000 0.202 -0.638 0.702 0.000 -0.706 0.093 0.990 -0.000 0.137 -0.017 0.645 0.000 -0.755 0.121 0.995 0.000 0.089 -0.043 
0.730 0.014 0.069 0.680 0.808 0.000 -0.582 0.092 0.962 0.000 -0.094 -0.257 0.713 -0.000 -0.695 -0.089 0.743 0.000 0.211 -0.635 0.702 0.000 -0.706 0.093 0.990 -0.000 0.137 -0.017 0.645 0.000 -0.755 0.121 0.995 0.000 0.090 -0.042 
0.730 0.014 0.069 0.680 0.808 -0.000 -0.581 0.092 0.962 0.000 -0.094 -0.257 0.713 0.000 -0.696 -0.087 0.743 0.000 0.222 -0.632 0.702 0.000 -0.706 0.093 0.990 0.000 0.137 -0.017 0.645 0.000 -0.755 0.120 0.995 0.000 0.089 -0.042 
0.729 0.014 0.069 0.680 0.808 -0.000 -0.581 0.092 0.962 0.000 -0.094 -0.257 0.713 0.000 -0.696 -0.086 0.742 -0.000 0.231 -0.629 0.702 0.000 -0.706 0.093 0.990 0.000 0.137 -0.017 0.645 0.000 -0.755 0.120 0.995 0.000 0.089 -0.042 
0.729 0.014 0.068 0.681 0.808 0.000 -0.581 0.092 0.962 0.000 -0.094 -0.257 0.713 -0.000 -0.697 -0.082 0.742 0.000 0.240 -0.626 0.702 0.000 -0.706 0.093 0.990 0.000 0.137 -0.017 0.645 0.000 -0.755 0.120 0.995 0.000 0.090 -0.042 
0.729 0.014 0.068 0.681 0.808 0.000 -0.581 0.092 0.962 0.000 -0.094 -0.257 0.712 0.000 -0.697 -0.080 0.741 0.000 0.249 -0.623 0.702 0.000 -0.706 0.093 0.990 -0.000 0.137 -0.017 0.645 0.000 -0.755 0.120 0.995 -0.000 0.089 -0.042 
0.729 0.014 0.068 0.681 0.808 0.000 -0.581 0.093 0.962 0.000 -0.094 -0.257 0.712 0.000 -0.697 -0.079 0.741 0.000 0.258 -0.620 0.702 0.000 -0.706 0.093 0.990 0.000 0.137 -0.017 0.645 0.000 -0.755 0.120 0.995 0.000 0.090 -0.042 
0.729 0.014 0.068 0.681 0.808 0.000 -0.581 0.093 0.962 0.000 -0.094 -0.257 0.712 -0.000 -0.698 -0.076 0.741 0.000 0.266 -0.617 0.702 0.000 -0.706 0.093 0.990 -0.000 0.137 -0.017 0.645 -0.000 -0.755 0.120 0.995 0.000 0.090 -0.042 
0.729 0.014 0.069 0.681 0.808 -0.000 -0.581 0.093 0.962 0.000 -0.094 -0.257 0.712 0.000 -0.699 -0.073 0.740 0.000 0.273 -0.615 0.702 0.000 -0.706 0.093 0.990 0.000 0.137 -0.017 0.645 0.000 -0.755 0.120 0.995 -0.000 0.090 -0.042 
0.729 0.014 0.069 0.681 0.808 0.000 -0.581 0.092 0.962 0.000 -0.094 -0.257 0.712 0.000 -0.699 -0.071 0.740 0.000 0.281 -0.612 0.702 0.000 -0.706 0.094 0.990 0.000 0.137 -0.017 0.645 -0.000 -0.755 0.120 0.995 -0.000 0.090 -0.042 
0.729 0.014 0.069 0.681 0.808 0.000 -0.581 0.092 0.962 0.000 -0.094 -0.257 0.711 0.000 -0.699 -0.069 0.739 0.000 0.289 -0.609 0.702 0.000 -0.706 0.094 0.990 0.000 0.138 -0.017 0.645 0.000 -0.755 0.120 0.995 0.000 0.090 -0.042 
0.729 0.014 0.069 0.681 0.809 -0.000 -0.581 0.092 0.962 0.000 -0.094 -0.257 0.711 -0.000 -0.700 -0.067 0.738 0.000 0.296 -0.606 0.702 0.000 -0.706 0.094 0.990 0.000 0.138 -0.017 0.645 0.000 -0.755 0.120 0.995 0.000 0.090 -0.042 
0.729 0.014 0.069 0.681 0.809 0.000 -0.581 0.092 0.962 0.000 -0.094 -0.257 0.711 0.000 -0.701 -0.064 0.738 -0.000 0.305 -0.602 0.702 0.000 -0.706 0.094 0.990 -0.000 0.137 -0.017 0.644 0.000 -0.755 0.120 0.995 0.000 0.090 -0.042 
0.729 0.014 0.069 0.681 0.809 0.000 -0.581 0.092 0.962 -0.000 -0.094 -0.257 0.710 0.000 -0.701 -0.063 0.738 0.000 0.313 -0.598 0.702 0.000 -0.706 0.095 0.990 -0.000 0.138 -0.017 0.645 0.000 -0.755 0.121 0.995 0.000 0.090 -0.042 
0.729 0.014 0.069 0.681 0.809 0.000 -0.581 0.092 0.962 0.000 -0.094 -0.257 0.710 0.000 -0.701 -0.063 0.738 0.000 0.322 -0.593 0.702 0.000 -0.706 0.095 0.990 0.000 0.137 -0.017 0.645 0.000 -0.755 0.121 0.995 0.000 0.090 -0.042 
0.729 0.014 0.069 0.681 0.809 0.000 -0.581 0.092 0.962 0.000 -0.094 -0.257 0.709 -0.000 -0.702 -0.059 0.736 0.000 0.329 -0.591 0.702 0.000 -0.706 0.095 0.990 0.000 0.137 -0.017 0.644 0.000 -0.755 0.121 0.995 -0.000 0.090 -0.042 
0.728 0.014 0.069 0.681 0.809 0.000 -0.581 0.093 0.962 -0.000 -0.094 -0.257 0.709 0.000 -0.703 -0.056 0.735 0.000 0.335 -0.590 0.702 0.000 -0.706 0.095 0.990 0.000 0.137 -0.017 0.644 0.000 -0.755 0.121 0.995 0.000 0.090 -0.042 
0.728 0.014 0.069 0.682 0.809 0.000 -0.580 0.093 0.962 -0.000 -0.095 -0.257 0.708 -0.000 -0.704 -0.056 0.735 0.000 0.345 -0.584 0.702 0.000 -0.706 0.095 0.990 0.000 0.137 -0.017 0.644 0.000 -0.755 0.121 0.995 0.000 0.090 -0.042 
0.728 0.014 0.069 0.682 0.809 0.000 -0.580 0.093 0.962 0.000 -0.095 -0.257 0.708 0.000 -0.704 -0.052 0.733 0.000 0.351 -0.583 0.702 0.000 -0.706 0.096 0.990 -0.000 0.137 -0.018 0.644 0.000 -0.755 0.121 0.995 0.000 0.090 -0.042 
0.728 0.014 0.069 0.682 0.809 0.000 -0.580 0.093 0.962 0.000 -0.094 -0.257 0.708 0.000 -0.705 -0.051 0.733 0.000 0.359 -0.578 0.702 0.000 -0.705 0.096 0.990 0.000 0.137 -0.018 0.644 -0.000 -0.755 0.121 0.995 0.000 0.090 -0.042 
0.728 0.014 0.069 0.682 0.809 0.000 -0.580 0.093 0.962 0.000 -0.095 -0.257 0.707 0.000 -0.705 -0.049 0.731 0.000 0.365 -0.576 0.702 -0.000 -0.705 0.096 0.990 0.000 0.137 -0.018 0.644 0.000 -0.755 0.121 0.995 0.000 0.090 -0.042 
0.728 0.014 0.069 0.682 0.809 0.000 -0.580 0.093 0.962 0.000 -0.095 -0.257 0.706 -0.000 -0.706 -0.047 0.730 0.000 0.374 -0.572 0.702 0.000 -0.705 0.096 0.990 0.000 0.137 -0.018 0.644 0.000 -0.755 0.121 0.995 0.000 0.090 -0.042 
0.728 0.014 0.069 0.682 0.809 0.000 -0.580 0.093 0.962 -0.000 -0.095 -0.258 0.706 0.000 -0.707 -0.045 0.729 0.000 0.380 -0.569 0.702 0.000 -0.705 0.096 0.990 0.000 0.138 -0.018 0.644 0.000 -0.755 0.121 0.995 0.000 0.090 -0.042 
0.728 0.014 0.069 0.682 0.809 0.000 -0.580 0.094 0.961 -0.000 -0.095 -0.258 0.707 -0.000 -0.706 -0.042 0.729 0.000 0.384 -0.567 0.702 0.000 -0.705 0.096 0.990 0.000 0.137 -0.018 0.644 0.000 -0.755 0.121 0.995 0.000 0.090 -0.042 
0.728 0.014 0.069 0.682 0.809 0.000 -0.580 0.094 0.961 0.000 -0.095 -0.258 0.706 0.000 -0.707 -0.041 0.728 0.000 0.393 -0.562 0.702 0.000 -0.705 0.097 0.990 0.000 0.137 -0.018 0.644 -0.000 -0.755 0.121 0.995 0.000 0.090 -0.042 
0.728 0.014 0.069 0.682 0.810 0.000 -0.579 0.094 0.961 0.000 -0.095 -0.259 0.707 0.000 -0.707 -0.038 0.727 0.000 0.395 -0.561 0.703 -0.000 -0.705 0.097 0.990 0.000 0.137 -0.018 0.644 0.000 -0.755 0.121 0.995 0.000 0.089 -0.042 
0.728 0.014 0.070 0.682 0.810 0.000 -0.579 0.094 0.961 0.000 -0.095 -0.258 0.706 -0.000 -0.707 -0.036 0.726 0.000 0.401 -0.558 0.703 0.000 -0.705 0.097 0.990 0.000 0.137 -0.018 0.644 0.000 -0.755 0.121 0.995 0.000 0.089 -0.042 
0.728 0.014 0.070 0.682 0.810 0.000 -0.579 0.094 0.961 -0.000 -0.095 -0.258 0.706 0.000 -0.707 -0.033 0.726 0.000 0.407 -0.554 0.703 0.000 -0.705 0.097 0.990 -0.000 0.137 -0.019 0.644 0.000 -0.755 0.121 0.995 -0.000 0.089 -0.041 
0.727 0.014 0.070 0.682 0.810 0.000 -0.579 0.094 0.961 -0.000 -0.095 -0.258 0.706 0.000 -0.707 -0.031 0.725 0.000 0.413 -0.551 0.703 -0.000 -0.705 0.098 0.990 0.000 0.137 -0.019 0.644 0.000 -0.755 0.121 0.995 0.000 0.089 -0.042 
0.727 0.014 0.070 0.683 0.810 0.000 -0.579 0.094 0.961 0.000 -0.095 -0.259 0.706 -0.000 -0.708 -0.029 0.724 -0.000 0.418 -0.548 0.703 0.000 -0.705 0.098 0.990 0.000 0.137 -0.019 0.644 0.000 -0.755 0.121 0.995 0.000 0.089 -0.041 
0.727 0.014 0.070 0.683 0.810 -0.000 -0.579 0.094 0.961 0.000 -0.095 -0.259 0.706 0.000 -0.708 -0.028 0.724 0.000 0.423 -0.545 0.703 0.000 -0.705 0.098 0.990 0.000 0.137 -0.019 0.644 -0.000 -0.755 0.121 0.995 0.000 0.089 -0.042 
0.727 0.014 0.070 0.683 0.810 0.000 -0.579 0.094 0.961 -0.000 -0.095 -0.259 0.706 0.000 -0.708 -0.027 0.724 0.000 0.428 -0.541 0.703 -0.000 -0.705 0.099 0.990 0.000 0.137 -0.019 0.644 0.000 -0.755 0.121 0.995 0.000 0.089 -0.042 
0.727 0.014 0.070 0.683 0.810 0.000 -0.578 0.095 0.961 0.000 -0.095 -0.259 0.706 -0.000 -0.708 -0.025 0.724 -0.000 0.434 -0.537 0.703 0.000 -0.705 0.099 0.990 0.000 0.137 -0.019 0.644 0.000 -0.755 0.122 0.995 0.000 0.089 -0.042 
0.727 0.014 0.070 0.683 0.810 -0.000 -0.578 0.094 0.961 0.000 -0.095 -0.259 0.706 0.000 -0.708 -0.024 0.723 0.000 0.439 -0.533 0.703 0.000 -0.705 0.100 0.990 0.000 0.137 -0.020 0.644 0.000 -0.755 0.122 0.995 -0.000 0.089 -0.042 
0.726 0.014 0.070 0.684 0.811 0.000 -0.578 0.095 0.961 -0.000 -0.094 -0.259 0.705 0.000 -0.708 -0.022 0.723 0.000 0.444 -0.529 0.703 0.000 -0.704 0.101 0.990 0.000 0.137 -0.020 0.644 0.000 -0.755 0.122 0.995 0.000 0.089 -0.042 
0.726 0.014 0.070 0.684 0.811 0.000 -0.578 0.094 0.961 0.000 -0.094 -0.259 0.705 0.000 -0.709 -0.021 0.723 0.000 0.449 -0.525 0.703 0.000 -0.704 0.101 0.990 0.000 0.137 -0.020 0.644 0.000 -0.755 0.123 0.995 0.000 0.089 -0.042 
0.726 0.014 0.070 0.684 0.811 0.000 -0.578 0.094 0.961 0.000 -0.094 -0.258 0.706 0.000 -0.708 -0.020 0.724 0.000 0.453 -0.520 0.703 0.000 -0.704 0.102 0.990 0.000 0.137 -0.020 0.644 -0.000 -0.755 0.123 0.995 0.000 0.089 -0.042 
0.726 0.014 0.071 0.684 0.811 0.000 -0.577 0.094 0.961 -0.000 -0.094 -0.258 0.706 0.000 -0.708 -0.019 0.723 0.000 0.460 -0.515 0.703 0.000 -0.704 0.103 0.990 0.000 0.137 -0.021 0.644 0.000 -0.755 0.123 0.995 -0.000 0.089 -0.042 
0.726 0.013 0.071 0.684 0.811 0.000 -0.577 0.094 0.961 -0.000 -0.093 -0.259 0.705 0.000 -0.709 -0.018 0.723 0.000 0.465 -0.511 0.703 -0.000 -0.704 0.103 0.990 0.000 0.137 -0.021 0.644 0.000 -0.755 0.123 0.995 0.000 0.089 -0.042 
0.725 0.013 0.071 0.685 0.811 0.000 -0.577 0.094 0.961 0.000 -0.093 -0.259 0.705 0.000 -0.709 -0.018 0.723 0.000 0.471 -0.505 0.703 0.000 -0.704 0.103 0.990 0.000 0.137 -0.021 0.644 -0.000 -0.755 0.124 0.995 0.000 0.090 -0.042 
0.725 0.013 0.071 0.685 0.811 0.000 -0.577 0.094 0.961 0.000 -0.093 -0.259 0.705 0.000 -0.709 -0.018 0.723 0.000 0.476 -0.500 0.703 0.000 -0.704 0.104 0.990 -0.000 0.137 -0.021 0.644 0.000 -0.755 0.124 0.995 0.000 0.089 -0.042 
0.725 0.013 0.071 0.685 0.811 0.000 -0.577 0.094 0.961 0.000 -0.092 -0.259 0.705 0.000 -0.709 -0.017 0.723 0.000 0.482 -0.495 0.703 0.000 -0.704 0.104 0.990 0.000 0.137 -0.021 0.644 0.000 -0.755 0.124 0.995 0.000 0.089 -0.042 
0.725 0.013 0.071 0.685 0.811 -0.000 -0.577 0.094 0.961 0.000 -0.092 -0.260 0.705 0.000 -0.709 -0.016 0.722 0.000 0.489 -0.489 0.703 -0.000 -0.704 0.104 0.990 0.000 0.137 -0.021 0.644 -0.000 -0.755 0.124 0.995 0.000 0.089 -0.042 
0.724 0.013 0.071 0.685 0.811 -0.000 -0.577 0.094 0.961 0.000 -0.091 -0.260 0.705 0.000 -0.709 -0.015 0.722 0.000 0.494 -0.483 0.703 0.000 -0.704 0.105 0.990 0.000 0.137 -0.021 0.644 0.000 -0.755 0.124 0.995 0.000 0.089 -0.042 
0.724 0.013 0.071 0.686 0.811 0.000 -0.577 0.094 0.961 0.000 -0.091 -0.260 0.704 0.000 -0.710 -0.015 0.722 0.000 0.498 -0.479 0.703 0.000 -0.704 0.105 0.990 0.000 0.137 -0.021 0.644 0.000 -0.755 0.124 0.995 -0.000 0.090 -0.042 
0.724 0.013 0.071 0.686 0.811 0.000 -0.577 0.094 0.962 0.000 -0.090 -0.260 0.704 0.000 -0.710 -0.014 0.722 0.000 0.504 -0.474 0.703 0.000 -0.704 0.105 0.990 0.000 0.137 -0.021 0.644 0.000 -0.755 0.124 0.995 -0.000 0.089 -0.042 
0.724 0.013 0.071 0.686 0.811 -0.000 -0.577 0.094 0.961 0.000 -0.089 -0.260 0.704 0.000 -0.710 -0.014 0.722 0.000 0.512 -0.465 0.703 0.000 -0.704 0.106 0.990 0.000 0.137 -0.021 0.644 0.000 -0.755 0.124 0.995 0.000 0.090 -0.042 
0.723 0.013 0.071 0.687 0.811 -0.000 -0.577 0.094 0.962 0.000 -0.088 -0.260 0.704 0.000 -0.710 -0.013 0.723 0.000 0.517 -0.459 0.703 0.000 -0.704 0.106 0.990 -0.000 0.137 -0.021 0.644 -0.000 -0.755 0.124 0.995 -0.000 0.090 -0.042 
0.723 0.013 0.072 0.687 0.811 0.000 -0.577 0.094 0.962 0.000 -0.088 -0.260 0.704 0.000 -0.710 -0.012 0.723 0.000 0.522 -0.452 0.703 0.000 -0.703 0.107 0.990 -0.000 0.137 -0.022 0.644 0.000 -0.755 0.124 0.995 -0.000 0.090 -0.042 
0.723 0.013 0.071 0.687 0.811 0.000 -0.577 0.093 0.962 0.000 -0.087 -0.260 0.703 0.000 -0.711 -0.012 0.723 -0.000 0.531 -0.442 0.703 -0.000 -0.704 0.107 0.990 0.000 0.137 -0.021 0.644 0.000 -0.755 0.124 0.995 0.000 0.090 -0.042 
0.723 0.013 0.072 0.687 0.811 0.000 -0.577 0.093 0.962 -0.000 -0.087 -0.261 0.703 -0.000 -0.711 -0.011 0.724 0.000 0.537 -0.434 0.702 -0.000 -0.704 0.108 0.990 0.000 0.137 -0.022 0.644 0.000 -0.755 0.124 0.995 -0.000 0.090 -0.042 
0.722 0.013 0.072 0.688 0.811 0.000 -0.577 0.093 0.962 0.000 -0.086 -0.261 0.703 0.000 -0.712 -0.011 0.725 0.000 0.542 -0.425 0.703 -0.000 -0.703 0.108 0.990 0.000 0.137 -0.022 0.644 -0.000 -0.755 0.124 0.995 0.000 0.090 -0.042 
0.722 0.013 0.072 0.688 0.811 0.000 -0.577 0.093 0.961 0.000 -0.086 -0.261 0.702 0.000 -0.712 -0.010 0.725 0.000 0.547 -0.418 0.703 0.000 -0.703 0.108 0.990 0.000 0.137 -0.021 0.644 0.000 -0.755 0.124 0.995 0.000 0.090 -0.042 
0.722 0.013 0.072 0.688 0.811 0.000 -0.577 0.092 0.961 0.000 -0.085 -0.261 0.702 0.000 -0.712 -0.009 0.726 0.000 0.552 -0.410 0.703 0.000 -0.703 0.108 0.990 0.000 0.137 -0.021 0.644 0.000 -0.755 0.125 0.995 0.000 0.090 -0.042 
0.722 0.013 0.072 0.688 0.811 0.000 -0.577 0.092 0.961 0.000 -0.085 -0.261 0.702 0.000 -0.712 -0.008 0.726 0.000 0.557 -0.403 0.703 0.000 -0.703 0.109 0.990 0.000 0.137 -0.022 0.644 0.000 -0.755 0.125 0.995 0.000 0.090 -0.042 
0.722 0.013 0.072 0.688 0.811 0.000 -0.577 0.092 0.961 0.000 -0.085 -0.262 0.702 0.000 -0.712 -0.007 0.726 0.000 0.562 -0.396 0.703 0.000 -0.703 0.109 0.990 0.000 0.137 -0.021 0.644 0.000 -0.755 0.125 0.995 0.000 0.090 -0.042 
0.722 0.013 0.072 0.688 0.811 0.000 -0.577 0.092 0.961 -0.000 -0.085 -0.262 0.702 0.000 -0.712 -0.006 0.726 0.000 0.568 -0.388 0.703 0.000 -0.703 0.110 0.990 0.000 0.137 -0.022 0.644 0.000 -0.755 0.125 0.995 0.000 0.090 -0.042 
0.721 0.013 0.072 0.689 0.811 0.000 -0.577 0.092 0.961 0.000 -0.085 -0.263 0.702 0.000 -0.712 -0.004 0.726 0.000 0.572 -0.382 0.703 0.000 -0.703 0.110 0.990 0.000 0.137 -0.022 0.644 -0.000 -0.755 0.125 0.995 0.000 0.090 -0.042 
0.721 0.012 0.072 0.689 0.811 0.000 -0.577 0.092 0.961 0.000 -0.085 -0.263 0.702 0.000 -0.712 -0.003 0.725 0.000 0.579 -0.373 0.703 0.000 -0.703 0.110 0.990 0.000 0.136 -0.022 0.644 0.000 -0.755 0.126 0.995 0.000 0.090 -0.042 
0.721 0.012 0.072 0.689 0.811 0.000 -0.577 0.092 0.961 0.000 -0.085 -0.264 0.701 0.000 -0.713 -0.001 0.725 0.000 0.583 -0.368 0.703 0.000 -0.703 0.110 0.990 0.000 0.136 -0.022 0.644 0.000 -0.755 0.126 0.995 -0.000 0.090 -0.042 
0.721 0.012 0.072 0.689 0.811 0.000 -0.577 0.092 0.961 0.000 -0.085 -0.264 0.700 0.000 -0.714 0.001 0.723 0.000 0.588 -0.362 0.703 -0.000 -0.703 0.111 0.990 0.000 0.136 -0.022 0.644 0.000 -0.755 0.126 0.995 0.000 0.090 -0.043 
0.721 0.012 0.073 0.689 0.811 0.000 -0.577 0.093 0.960 0.000 -0.086 -0.265 0.700 0.000 -0.714 0.002 0.722 0.000 0.593 -0.356 0.703 0.000 -0.703 0.111 0.990 0.000 0.136 -0.022 0.644 0.000 -0.755 0.127 0.995 -0.000 0.090 -0.043 
0.721 0.012 0.073 0.689 0.811 0.000 -0.577 0.093 0.960 0.000 -0.086 -0.266 0.699 -0.000 -0.715 0.004 0.721 0.000 0.595 -0.354 0.703 0.000 -0.703 0.112 0.990 -0.000 0.136 -0.022 0.644 0.000 -0.755 0.127 0.995 0.000 0.090 -0.043 
0.721 0.012 0.073 0.689 0.811 0.000 -0.577 0.094 0.960 0.000 -0.086 -0.267 0.699 0.000 -0.715 0.006 0.721 -0.000 0.599 -0.349 0.703 -0.000 -0.703 0.112 0.990 -0.000 0.136 -0.023 0.644 0.000 -0.755 0.127 0.995 0.000 0.090 -0.043 
0.721 0.012 0.073 0.689 0.811 0.000 -0.577 0.094 0.960 0.000 -0.086 -0.268 0.699 0.000 -0.716 0.008 0.720 0.000 0.603 -0.344 0.703 0.000 -0.703 0.112 0.990 0.000 0.136 -0.023 0.644 0.000 -0.755 0.127 0.995 0.000 0.090 -0.043 
0.721 0.012 0.073 0.689 0.811 0.000 -0.577 0.095 0.959 0.000 -0.086 -0.269 0.698 0.000 -0.716 0.009 0.719 0.000 0.607 -0.339 0.702 -0.000 -0.703 0.112 0.990 -0.000 0.136 -0.023 0.644 0.000 -0.754 0.128 0.995 0.000 0.090 -0.043 
0.721 0.012 0.073 0.689 0.811 0.000 -0.577 0.095 0.959 -0.000 -0.087 -0.270 0.698 0.000 -0.716 0.012 0.718 0.000 0.608 -0.339 0.703 0.000 -0.703 0.112 0.990 0.000 0.136 -0.023 0.644 -0.000 -0.754 0.128 0.995 0.000 0.090 -0.043 
0.721 0.012 0.073 0.689 0.811 0.000 -0.577 0.096 0.959 0.000 -0.087 -0.270 0.698 0.000 -0.716 0.013 0.718 0.000 0.611 -0.333 0.703 0.000 -0.703 0.113 0.990 0.000 0.136 -0.023 0.644 0.000 -0.754 0.128 0.995 -0.000 0.090 -0.043 
0.721 0.012 0.073 0.689 0.811 0.000 -0.576 0.096 0.959 0.000 -0.087 -0.271 0.699 0.000 -0.715 0.015 0.719 0.000 0.610 -0.333 0.702 0.000 -0.703 0.113 0.990 0.000 0.136 -0.023 0.644 0.000 -0.754 0.128 0.995 -0.000 0.090 -0.043 
0.721 0.012 0.073 0.689 0.812 0.000 -0.576 0.096 0.959 0.000 -0.087 -0.271 0.699 0.000 -0.715 0.017 0.719 0.000 0.613 -0.329 0.703 -0.000 -0.703 0.113 0.990 0.000 0.136 -0.023 0.644 0.000 -0.754 0.128 0.995 0.000 0.090 -0.043 
0.721 0.012 0.073 0.689 0.812 -0.000 -0.576 0.097 0.958 0.000 -0.088 -0.271 0.699 0.000 -0.715 0.017 0.718 -0.000 0.614 -0.327 0.703 -0.000 -0.703 0.113 0.991 0.000 0.135 -0.023 0.644 0.000 -0.754 0.129 0.995 0.000 0.090 -0.043 
0.722 0.012 0.073 0.688 0.812 -0.000 -0.576 0.098 0.958 0.000 -0.088 -0.272 0.698 0.000 -0.715 0.018 0.719 0.000 0.616 -0.322 0.703 0.000 -0.703 0.113 0.990 0.000 0.136 -0.023 0.644 -0.000 -0.754 0.129 0.995 0.000 0.090 -0.043 
0.722 0.012 0.073 0.688 0.812 -0.000 -0.576 0.098 0.958 0.000 -0.089 -0.272 0.698 -0.000 -0.715 0.019 0.719 -0.000 0.619 -0.316 0.703 0.000 -0.703 0.113 0.990 0.000 0.136 -0.023 0.644 -0.000 -0.754 0.129 0.995 -0.000 0.090 -0.043 
0.722 0.011 0.073 0.688 0.812 0.000 -0.576 0.098 0.958 -0.000 -0.089 -0.272 0.698 0.000 -0.716 0.020 0.719 0.000 0.619 -0.315 0.703 0.000 -0.703 0.113 0.990 0.000 0.136 -0.024 0.644 0.000 -0.754 0.129 0.995 -0.000 0.090 -0.043 
0.722 0.011 0.073 0.688 0.812 -0.000 -0.576 0.099 0.958 0.000 -0.089 -0.272 0.698 0.000 -0.716 0.020 0.719 0.000 0.623 -0.309 0.703 0.000 -0.703 0.114 0.990 0.000 0.136 -0.023 0.644 -0.000 -0.754 0.129 0.995 0.000 0.090 -0.043 
0.722 0.011 0.073 0.688 0.812 0.000 -0.575 0.099 0.958 0.000 -0.089 -0.271 0.697 -0.000 -0.717 0.020 0.718 0.000 0.625 -0.306 0.703 0.000 -0.702 0.114 0.990 0.000 0.136 -0.024 0.644 0.000 -0.754 0.130 0.995 0.000 0.090 -0.043 
0.722 0.011 0.073 0.688 0.812 0.000 -0.575 0.099 0.959 0.000 -0.089 -0.270 0.697 0.000 -0.717 0.021 0.717 -0.000 0.628 -0.301 0.703 -0.000 -0.702 0.114 0.990 0.000 0.136 -0.024 0.644 -0.000 -0.754 0.130 0.995 0.000 0.090 -0.043 
0.722 0.011 0.073 0.688 0.812 -0.000 -0.575 0.099 0.959 0.000 -0.089 -0.270 0.698 0.000 -0.716 0.021 0.717 0.000 0.629 -0.299 0.703 0.000 -0.702 0.114 0.990 0.000 0.136 -0.024 0.644 -0.000 -0.754 0.130 0.995 -0.000 0.090 -0.044 
0.722 0.011 0.073 0.688 0.812 0.000 -0.575 0.099 0.959 0.000 -0.089 -0.269 0.699 0.000 -0.715 0.023 0.718 0.000 0.628 -0.300 0.703 0.000 -0.702 0.114 0.990 0.000 0.136 -0.024 0.644 0.000 -0.754 0.130 0.995 0.000 0.090 -0.044 
0.722 0.011 0.074 0.688 0.812 0.000 -0.575 0.100 0.959 0.000 -0.089 -0.269 0.699 0.000 -0.715 0.023 0.719 0.000 0.628 -0.299 0.703 0.000 -0.702 0.114 0.990 0.000 0.136 -0.024 0.644 -0.000 -0.754 0.130 0.995 0.000 0.090 -0.044 
0.722 0.011 0.074 0.688 0.812 0.000 -0.575 0.100 0.959 0.000 -0.089 -0.268 0.700 0.000 -0.714 0.022 0.719 -0.000 0.630 -0.293 0.703 0.000 -0.702 0.115 0.990 0.000 0.136 -0.024 0.644 0.000 -0.754 0.131 0.995 -0.000 0.090 -0.044 
0.722 0.011 0.074 0.688 0.812 0.000 -0.575 0.100 0.959 0.000 -0.089 -0.267 0.699 0.000 -0.715 0.019 0.718 0.000 0.634 -0.287 0.703 0.000 -0.702 0.115 0.990 0.000 0.136 -0.024 0.644 -0.000 -0.754 0.132 0.995 0.000 0.090 -0.044 
0.722 0.011 0.074 0.688 0.812 0.000 -0.575 0.100 0.960 -0.000 -0.089 -0.266 0.699 0.000 -0.715 0.018 0.718 0.000 0.634 -0.286 0.703 0.000 -0.702 0.115 0.990 0.000 0.136 -0.024 0.644 0.000 -0.754 0.132 0.995 0.000 0.090 -0.044 
0.722 0.011 0.074 0.688 0.812 0.000 -0.575 0.100 0.960 0.000 -0.089 -0.265 0.701 0.000 -0.713 0.019 0.720 0.000 0.633 -0.285 0.703 -0.000 -0.702 0.116 0.990 0.000 0.136 -0.024 0.644 -0.000 -0.754 0.132 0.995 0.000 0.090 -0.044 
0.722 0.010 0.074 0.688 0.812 0.000 -0.575 0.100 0.960 0.000 -0.089 -0.264 0.700 0.000 -0.714 0.017 0.718 0.000 0.638 -0.278 0.703 0.000 -0.702 0.116 0.990 0.000 0.136 -0.024 0.644 0.000 -0.754 0.132 0.995 0.000 0.090 -0.044 
0.722 0.010 0.074 0.687 0.812 -0.000 -0.575 0.100 0.961 0.000 -0.089 -0.263 0.700 0.000 -0.714 0.016 0.718 0.000 0.641 -0.271 0.703 0.000 -0.702 0.116 0.990 0.000 0.136 -0.024 0.644 0.000 -0.754 0.133 0.995 0.000 0.090 -0.044 
0.722 0.010 0.074 0.687 0.812 0.000 -0.574 0.101 0.961 -0.000 -0.089 -0.263 0.701 0.000 -0.713 0.017 0.719 0.000 0.640 -0.273 0.703 -0.000 -0.702 0.116 0.990 0.000 0.136 -0.025 0.644 0.000 -0.754 0.133 0.995 0.000 0.090 -0.044 
0.723 0.010 0.074 0.687 0.812 0.000 -0.574 0.101 0.961 0.000 -0.089 -0.262 0.700 0.000 -0.714 0.014 0.717 0.000 0.645 -0.264 0.703 0.000 -0.702 0.116 0.990 0.000 0.136 -0.025 0.644 0.000 -0.754 0.133 0.995 -0.000 0.090 -0.044 
0.722 0.010 0.074 0.687 0.812 0.000 -0.574 0.101 0.961 0.000 -0.089 -0.261 0.700 -0.000 -0.714 0.013 0.717 0.000 0.646 -0.261 0.703 0.000 -0.702 0.116 0.990 0.000 0.136 -0.025 0.644 0.000 -0.754 0.133 0.995 -0.000 0.090 -0.044 
0.722 0.010 0.075 0.687 0.813 0.000 -0.574 0.101 0.961 0.000 -0.089 -0.260 0.701 0.000 -0.713 0.014 0.718 0.000 0.645 -0.263 0.703 0.000 -0.702 0.116 0.990 0.000 0.136 -0.025 0.644 -0.000 -0.754 0.133 0.995 0.000 0.089 -0.044 
0.723 0.010 0.075 0.687 0.813 0.000 -0.574 0.100 0.962 0.000 -0.089 -0.259 0.701 0.000 -0.713 0.014 0.718 0.000 0.645 -0.261 0.703 0.000 -0.702 0.116 0.990 0.000 0.136 -0.025 0.644 -0.000 -0.754 0.133 0.995 -0.000 0.089 -0.044 
0.722 0.010 0.075 0.687 0.813 0.000 -0.574 0.100 0.962 0.000 -0.089 -0.259 0.702 0.000 -0.712 0.014 0.717 0.000 0.647 -0.260 0.703 0.000 -0.702 0.117 0.990 -0.000 0.136 -0.025 0.644 0.000 -0.754 0.133 0.995 0.000 0.089 -0.044 
0.722 0.010 0.075 0.687 0.813 0.000 -0.574 0.100 0.962 0.000 -0.089 -0.258 0.701 0.000 -0.713 0.013 0.716 0.000 0.650 -0.253 0.703 0.000 -0.702 0.117 0.990 0.000 0.136 -0.025 0.643 0.000 -0.754 0.133 0.995 0.000 0.089 -0.044 
0.722 0.010 0.075 0.687 0.813 0.000 -0.574 0.100 0.962 0.000 -0.089 -0.258 0.701 0.000 -0.713 0.013 0.716 0.000 0.651 -0.252 0.703 0.000 -0.702 0.117 0.990 0.000 0.136 -0.025 0.643 -0.000 -0.754 0.133 0.995 0.000 0.089 -0.044 
0.722 0.010 0.075 0.687 0.813 -0.000 -0.573 0.100 0.962 0.000 -0.089 -0.258 0.702 -0.000 -0.712 0.013 0.717 -0.000 0.650 -0.252 0.703 0.000 -0.702 0.117 0.990 0.000 0.136 -0.025 0.643 0.000 -0.754 0.133 0.995 0.000 0.089 -0.044 
0.722 0.011 0.075 0.688 0.813 0.000 -0.573 0.100 0.962 0.000 -0.090 -0.258 0.703 0.000 -0.711 0.015 0.718 0.000 0.648 -0.255 0.703 0.000 -0.702 0.117 0.990 -0.000 0.136 -0.025 0.643 0.000 -0.754 0.133 0.995 0.000 0.089 -0.044 
0.722 0.011 0.075 0.688 0.813 0.000 -0.573 0.101 0.962 -0.000 -0.090 -0.259 0.703 0.000 -0.711 0.014 0.718 -0.000 0.647 -0.257 0.703 0.000 -0.701 0.116 0.990 -0.000 0.136 -0.025 0.643 0.000 -0.754 0.132 0.995 0.000 0.089 -0.043 
0.722 0.011 0.075 0.688 0.813 0.000 -0.573 0.101 0.962 0.000 -0.090 -0.259 0.703 -0.000 -0.711 0.014 0.719 0.000 0.645 -0.259 0.703 0.000 -0.701 0.117 0.990 0.000 0.135 -0.025 0.643 -0.000 -0.754 0.132 0.995 0.000 0.090 -0.043 
0.722 0.011 0.075 0.688 0.813 0.000 -0.573 0.101 0.962 0.000 -0.090 -0.259 0.703 0.000 -0.711 0.014 0.719 0.000 0.646 -0.256 0.704 0.000 -0.701 0.117 0.990 0.000 0.135 -0.025 0.643 0.000 -0.754 0.132 0.995 0.000 0.090 -0.043 
0.721 0.011 0.075 0.688 0.813 0.000 -0.573 0.102 0.961 0.000 -0.090 -0.260 0.704 0.000 -0.710 0.014 0.719 0.000 0.647 -0.255 0.704 0.000 -0.701 0.117 0.991 0.000 0.135 -0.025 0.643 -0.000 -0.754 0.132 0.995 0.000 0.090 -0.043 
0.721 0.011 0.075 0.689 0.814 0.000 -0.573 0.101 0.962 0.000 -0.090 -0.260 0.704 0.000 -0.710 0.015 0.719 0.000 0.646 -0.256 0.704 0.000 -0.701 0.117 0.990 0.000 0.135 -0.025 0.643 0.000 -0.755 0.131 0.995 0.000 0.090 -0.043 
0.721 0.011 0.075 0.689 0.814 -0.000 -0.572 0.100 0.962 0.000 -0.090 -0.259 0.704 0.000 -0.710 0.015 0.719 0.000 0.646 -0.255 0.704 0.000 -0.701 0.118 0.991 0.000 0.135 -0.025 0.643 0.000 -0.754 0.132 0.995 0.000 0.090 -0.043 
0.721 0.011 0.075 0.689 0.814 0.000 -0.573 0.101 0.961 0.000 -0.090 -0.260 0.704 -0.000 -0.710 0.014 0.719 0.000 0.647 -0.254 0.704 0.000 -0.701 0.118 0.991 0.000 0.135 -0.025 0.643 0.000 -0.755 0.131 0.995 -0.000 0.090 -0.043 
0.721 0.011 0.075 0.689 0.814 0.000 -0.573 0.100 0.962 0.000 -0.090 -0.259 0.704 0.000 -0.710 0.014 0.719 -0.000 0.648 -0.251 0.703 0.000 -0.701 0.119 0.990 0.000 0.135 -0.026 0.643 0.000 -0.754 0.132 0.995 0.000 0.090 -0.043 
0.721 0.011 0.075 0.689 0.814 -0.000 -0.573 0.100 0.962 0.000 -0.089 -0.259 0.704 0.000 -0.710 0.014 0.719 0.000 0.647 -0.253 0.703 0.000 -0.701 0.119 0.990 -0.000 0.135 -0.026 0.643 0.000 -0.754 0.132 0.995 0.000 0.090 -0.043 
0.720 0.011 0.075 0.689 0.814 0.000 -0.573 0.100 0.962 -0.000 -0.089 -0.260 0.704 -0.000 -0.710 0.014 0.720 0.000 0.647 -0.252 0.703 0.000 -0.701 0.119 0.990 0.000 0.135 -0.026 0.643 0.000 -0.755 0.132 0.995 0.000 0.090 -0.043 
0.720 0.011 0.075 0.690 0.813 0.000 -0.573 0.100 0.962 0.000 -0.088 -0.260 0.703 0.000 -0.711 0.012 0.718 0.000 0.650 -0.247 0.703 0.000 -0.701 0.119 0.990 0.000 0.135 -0.026 0.643 0.000 -0.754 0.132 0.995 0.000 0.090 -0.043 
0.720 0.011 0.075 0.690 0.813 0.000 -0.573 0.100 0.962 0.000 -0.088 -0.260 0.704 -0.000 -0.710 0.013 0.719 0.000 0.648 -0.249 0.703 0.000 -0.701 0.120 0.990 0.000 0.135 -0.026 0.643 0.000 -0.754 0.132 0.995 0.000 0.090 -0.043 
0.720 0.011 0.076 0.690 0.813 -0.000 -0.573 0.100 0.962 0.000 -0.088 -0.260 0.704 0.000 -0.710 0.013 0.720 -0.000 0.647 -0.251 0.703 0.000 -0.701 0.120 0.990 0.000 0.135 -0.026 0.643 -0.000 -0.754 0.132 0.995 0.000 0.090 -0.043 
0.720 0.011 0.076 0.690 0.813 0.000 -0.573 0.100 0.962 0.000 -0.087 -0.260 0.704 0.000 -0.710 0.013 0.720 0.000 0.647 -0.250 0.703 0.000 -0.701 0.120 0.990 -0.000 0.135 -0.026 0.643 0.000 -0.754 0.133 0.995 0.000 0.090 -0.043 
0.720 0.010 0.076 0.690 0.813 0.000 -0.573 0.100 0.962 -0.000 -0.087 -0.260 0.704 0.000 -0.710 0.013 0.720 0.000 0.648 -0.248 0.703 0.000 -0.701 0.120 0.990 0.000 0.135 -0.026 0.643 0.000 -0.754 0.132 0.995 -0.000 0.090 -0.043 
0.719 0.010 0.076 0.690 0.813 -0.000 -0.574 0.099 0.962 0.000 -0.087 -0.260 0.703 0.000 -0.711 0.011 0.719 0.000 0.651 -0.245 0.703 -0.000 -0.701 0.121 0.990 -0.000 0.135 -0.026 0.643 -0.000 -0.754 0.133 0.995 0.000 0.090 -0.043 
0.719 0.010 0.076 0.690 0.813 0.000 -0.574 0.099 0.962 0.000 -0.087 -0.260 0.703 0.000 -0.711 0.011 0.719 -0.000 0.651 -0.244 0.703 0.000 -0.701 0.121 0.990 0.000 0.135 -0.026 0.643 0.000 -0.754 0.133 0.995 0.000 0.090 -0.043 
0.719 0.010 0.076 0.691 0.813 0.000 -0.574 0.099 0.962 0.000 -0.086 -0.260 0.703 0.000 -0.711 0.011 0.718 0.000 0.651 -0.245 0.703 0.000 -0.700 0.121 0.990 0.000 0.135 -0.026 0.643 0.000 -0.754 0.133 0.995 0.000 0.090 -0.043 
0.719 0.010 0.076 0.691 0.813 0.000 -0.574 0.099 0.962 0.000 -0.086 -0.260 0.704 0.000 -0.711 0.012 0.719 0.000 0.649 -0.247 0.703 0.000 -0.700 0.121 0.990 0.000 0.135 -0.026 0.643 0.000 -0.754 0.133 0.995 0.000 0.090 -0.043 
0.719 0.010 0.076 0.691 0.813 0.000 -0.574 0.099 0.962 0.000 -0.086 -0.260 0.703 0.000 -0.711 0.012 0.719 0.000 0.649 -0.248 0.703 0.000 -0.700 0.121 0.990 0.000 0.135 -0.026 0.643 0.000 -0.754 0.133 0.995 -0.000 0.090 -0.043 
0.719 0.010 0.076 0.691 0.813 -0.000 -0.574 0.099 0.962 0.000 -0.086 -0.260 0.703 0.000 -0.711 0.012 0.719 -0.000 0.649 -0.248 0.703 0.000 -0.700 0.122 0.990 0.000 0.135 -0.026 0.643 0.000 -0.754 0.133 0.995 0.000 0.090 -0.043 
0.719 0.010 0.076 0.691 0.813 0.000 -0.574 0.099 0.962 0.000 -0.086 -0.260 0.703 0.000 -0.711 0.012 0.720 0.000 0.647 -0.251 0.703 0.000 -0.700 0.122 0.990 0.000 0.135 -0.026 0.643 -0.000 -0.754 0.133 0.995 0.000 0.090 -0.043 
0.719 0.010 0.076 0.691 0.813 0.000 -0.574 0.099 0.962 0.000 -0.086 -0.260 0.704 -0.000 -0.711 0.012 0.720 0.000 0.648 -0.249 0.703 0.000 -0.700 0.122 0.990 0.000 0.135 -0.027 0.643 -0.000 -0.754 0.133 0.995 0.000 0.090 -0.043 
0.719 0.010 0.076 0.691 0.813 0.000 -0.574 0.099 0.962 0.000 -0.086 -0.260 0.703 0.000 -0.711 0.011 0.719 0.000 0.649 -0.248 0.703 0.000 -0.700 0.123 0.990 0.000 0.135 -0.027 0.643 0.000 -0.754 0.133 0.995 0.000 0.090 -0.043 
0.719 0.010 0.077 0.691 0.812 0.000 -0.575 0.099 0.962 -0.000 -0.086 -0.260 0.703 0.000 -0.711 0.012 0.719 0.000 0.649 -0.248 0.703 0.000 -0.700 0.123 0.990 0.000 0.135 -0.026 0.643 0.000 -0.754 0.134 0.995 0.000 0.090 -0.043 
0.719 0.010 0.077 0.691 0.812 0.000 -0.575 0.099 0.962 -0.000 -0.086 -0.260 0.704 0.000 -0.710 0.012 0.720 0.000 0.647 -0.251 0.703 0.000 -0.700 0.123 0.990 0.000 0.135 -0.027 0.643 -0.000 -0.754 0.134 0.995 0.000 0.090 -0.043 
0.719 0.010 0.077 0.691 0.812 0.000 -0.575 0.099 0.962 0.000 -0.087 -0.260 0.704 -0.000 -0.710 0.012 0.720 0.000 0.646 -0.252 0.703 0.000 -0.700 0.123 0.990 0.000 0.135 -0.027 0.643 0.000 -0.754 0.134 0.995 0.000 0.090 -0.043 
0.719 0.009 0.077 0.691 0.812 0.000 -0.575 0.099 0.962 0.000 -0.087 -0.261 0.704 0.000 -0.710 0.012 0.720 0.000 0.646 -0.253 0.703 0.000 -0.700 0.123 0.990 0.000 0.135 -0.027 0.643 0.000 -0.754 0.134 0.995 0.000 0.090 -0.043 
0.719 0.009 0.077 0.690 0.812 0.000 -0.575 0.099 0.961 0.000 -0.087 -0.261 0.704 0.000 -0.710 0.012 0.720 0.000 0.646 -0.254 0.703 0.000 -0.700 0.123 0.990 -0.000 0.135 -0.027 0.643 -0.000 -0.754 0.135 0.995 0.000 0.090 -0.043 
0.719 0.009 0.077 0.690 0.812 0.000 -0.575 0.099 0.961 0.000 -0.088 -0.261 0.704 0.000 -0.710 0.012 0.720 0.000 0.646 -0.254 0.703 0.000 -0.700 0.124 0.991 -0.000 0.135 -0.027 0.643 0.000 -0.754 0.135 0.995 0.000 0.090 -0.043 
0.719 0.009 0.077 0.690 0.812 0.000 -0.575 0.099 0.961 -0.000 -0.088 -0.261 0.704 0.000 -0.710 0.012 0.720 -0.000 0.646 -0.255 0.703 0.000 -0.700 0.124 0.991 0.000 0.135 -0.027 0.643 0.000 -0.754 0.135 0.995 0.000 0.090 -0.043 
0.720 0.009 0.077 0.690 0.812 0.000 -0.575 0.099 0.961 0.000 -0.088 -0.261 0.704 0.000 -0.710 0.011 0.719 -0.000 0.646 -0.256 0.703 0.000 -0.700 0.124 0.990 0.000 0.135 -0.027 0.643 -0.000 -0.753 0.136 0.995 0.000 0.090 -0.043 
0.720 0.009 0.077 0.690 0.812 0.000 -0.575 0.099 0.961 0.000 -0.089 -0.261 0.704 -0.000 -0.710 0.011 0.719 0.000 0.646 -0.256 0.703 0.000 -0.700 0.124 0.991 -0.000 0.135 -0.027 0.643 -0.000 -0.753 0.136 0.995 0.000 0.090 -0.043 
0.720 0.009 0.077 0.690 0.812 0.000 -0.575 0.099 0.961 0.000 -0.089 -0.261 0.704 0.000 -0.710 0.011 0.719 0.000 0.646 -0.257 0.703 0.000 -0.700 0.124 0.990 0.000 0.135 -0.027 0.643 0.000 -0.753 0.136 0.995 0.000 0.090 -0.043 
0.720 0.009 0.077 0.690 0.812 -0.000 -0.575 0.099 0.961 0.000 -0.089 -0.261 0.704 0.000 -0.710 0.010 0.719 0.000 0.646 -0.257 0.703 0.000 -0.700 0.124 0.991 0.000 0.135 -0.027 0.643 -0.000 -0.753 0.136 0.995 0.000 0.090 -0.043 
0.720 0.009 0.077 0.690 0.812 0.000 -0.576 0.099 0.961 0.000 -0.089 -0.261 0.704 0.000 -0.710 0.010 0.719 0.000 0.645 -0.259 0.703 0.000 -0.700 0.124 0.991 0.000 0.135 -0.027 0.643 -0.000 -0.753 0.136 0.995 0.000 0.090 -0.043 
0.720 0.009 0.077 0.690 0.812 -0.000 -0.576 0.099 0.961 0.000 -0.090 -0.261 0.704 0.000 -0.710 0.009 0.720 0.000 0.643 -0.262 0.703 0.000 -0.700 0.124 0.991 -0.000 0.135 -0.027 0.644 0.000 -0.753 0.136 0.995 0.000 0.090 -0.043 
0.720 0.009 0.077 0.690 0.812 0.000 -0.576 0.099 0.961 0.000 -0.090 -0.261 0.704 0.000 -0.710 0.009 0.719 0.000 0.642 -0.265 0.703 0.000 -0.701 0.124 0.990 0.000 0.135 -0.027 0.643 0.000 -0.753 0.136 0.995 0.000 0.090 -0.043 
0.720 0.009 0.077 0.690 0.811 0.000 -0.576 0.099 0.961 0.000 -0.090 -0.261 0.704 0.000 -0.710 0.009 0.719 0.000 0.643 -0.265 0.703 -0.000 -0.701 0.124 0.990 0.000 0.135 -0.027 0.644 0.000 -0.753 0.136 0.995 0.000 0.090 -0.043 
0.720 0.009 0.077 0.690 0.811 -0.000 -0.576 0.099 0.961 0.000 -0.090 -0.261 0.704 0.000 -0.710 0.008 0.719 0.000 0.642 -0.267 0.703 0.000 -0.701 0.124 0.991 0.000 0.135 -0.027 0.644 0.000 -0.753 0.136 0.995 -0.000 0.090 -0.043 
0.720 0.008 0.077 0.690 0.811 0.000 -0.576 0.099 0.961 -0.000 -0.090 -0.261 0.704 0.000 -0.710 0.008 0.719 0.000 0.640 -0.270 0.703 0.000 -0.701 0.124 0.990 0.000 0.135 -0.027 0.644 0.000 -0.753 0.136 0.995 0.000 0.090 -0.043 
0.720 0.008 0.077 0.690 0.811 0.000 -0.577 0.099 0.961 0.000 -0.090 -0.261 0.704 0.000 -0.710 0.008 0.719 0.000 0.638 -0.275 0.703 0.000 -0.701 0.125 0.991 -0.000 0.135 -0.027 0.644 0.000 -0.753 0.136 0.995 0.000 0.090 -0.043 
0.720 0.008 0.077 0.690 0.811 0.000 -0.577 0.099 0.961 0.000 -0.090 -0.261 0.704 0.000 -0.710 0.008 0.719 -0.000 0.638 -0.276 0.703 -0.000 -0.701 0.125 0.991 0.000 0.135 -0.027 0.644 0.000 -0.753 0.136 0.995 0.000 0.090 -0.043 
0.720 0.008 0.077 0.690 0.811 0.000 -0.577 0.099 0.961 0.000 -0.089 -0.262 0.705 0.000 -0.709 0.007 0.719 -0.000 0.636 -0.280 0.702 -0.000 -0.701 0.124 0.991 0.000 0.135 -0.027 0.644 0.000 -0.753 0.136 0.995 0.000 0.090 -0.043 
0.720 0.008 0.077 0.690 0.811 0.000 -0.577 0.099 0.961 -0.000 -0.089 -0.261 0.705 0.000 -0.709 0.007 0.720 0.000 0.633 -0.285 0.702 0.000 -0.701 0.124 0.991 0.000 0.135 -0.027 0.644 -0.000 -0.753 0.136 0.995 0.000 0.090 -0.043 
0.720 0.008 0.077 0.690 0.811 0.000 -0.577 0.098 0.961 0.000 -0.090 -0.261 0.705 0.000 -0.709 0.007 0.720 -0.000 0.631 -0.289 0.702 -0.000 -0.701 0.124 0.991 0.000 0.135 -0.027 0.644 0.000 -0.753 0.136 0.995 0.000 0.090 -0.043 
0.720 0.008 0.077 0.690 0.811 0.000 -0.577 0.098 0.961 0.000 -0.090 -0.261 0.705 0.000 -0.709 0.006 0.720 -0.000 0.629 -0.293 0.702 0.000 -0.701 0.125 0.991 0.000 0.135 -0.027 0.644 0.000 -0.753 0.136 0.995 0.000 0.090 -0.042 
0.720 0.008 0.077 0.690 0.811 0.000 -0.577 0.098 0.961 0.000 -0.090 -0.261 0.705 0.000 -0.709 0.006 0.720 0.000 0.628 -0.295 0.702 0.000 -0.701 0.124 0.991 0.000 0.135 -0.026 0.644 -0.000 -0.753 0.136 0.995 0.000 0.090 -0.042 
0.720 0.008 0.077 0.690 0.810 0.000 -0.578 0.098 0.961 0.000 -0.089 -0.261 0.705 0.000 -0.709 0.005 0.720 0.000 0.626 -0.299 0.702 0.000 -0.701 0.124 0.991 -0.000 0.135 -0.026 0.644 0.000 -0.753 0.136 0.995 0.000 0.090 -0.042 
0.720 0.008 0.077 0.690 0.810 -0.000 -0.578 0.098 0.961 0.000 -0.090 -0.261 0.705 0.000 -0.709 0.004 0.721 0.000 0.624 -0.302 0.702 0.000 -0.701 0.125 0.991 0.000 0.135 -0.027 0.644 -0.000 -0.753 0.136 0.995 0.000 0.090 -0.042 
0.720 0.008 0.077 0.690 0.810 0.000 -0.578 0.098 0.961 0.000 -0.089 -0.261 0.705 0.000 -0.709 0.003 0.721 0.000 0.621 -0.306 0.702 0.000 -0.701 0.125 0.991 0.000 0.135 -0.027 0.644 -0.000 -0.753 0.136 0.995 0.000 0.090 -0.042 
0.720 0.008 0.077 0.690 0.810 0.000 -0.578 0.098 0.961 0.000 -0.089 -0.261 0.705 0.000 -0.709 0.003 0.722 0.000 0.617 -0.313 0.702 0.000 -0.701 0.124 0.991 0.000 0.135 -0.027 0.644 -0.000 -0.753 0.135 0.995 0.000 0.090 -0.042 
0.720 0.008 0.077 0.690 0.810 0.000 -0.578 0.098 0.961 0.000 -0.089 -0.261 0.705 0.000 -0.709 0.002 0.723 0.000 0.614 -0.318 0.702 0.000 -0.701 0.124 0.991 0.000 0.135 -0.026 0.644 0.000 -0.753 0.135 0.995 0.000 0.090 -0.042 
0.719 0.008 0.077 0.690 0.810 0.000 -0.578 0.098 0.961 0.000 -0.089 -0.261 0.705 -0.000 -0.709 0.001 0.723 0.000 0.613 -0.319 0.702 0.000 -0.701 0.125 0.991 0.000 0.135 -0.026 0.644 0.000 -0.753 0.135 0.995 0.000 0.090 -0.042 
0.719 0.008 0.077 0.690 0.810 0.000 -0.579 0.098 0.961 -0.000 -0.089 -0.261 0.705 0.000 -0.709 -0.000 0.724 -0.000 0.608 -0.326 0.702 0.000 -0.701 0.124 0.991 0.000 0.134 -0.026 0.644 0.000 -0.753 0.135 0.995 0.000 0.090 -0.042 
0.719 0.008 0.077 0.690 0.810 -0.000 -0.579 0.098 0.961 0.000 -0.089 -0.261 0.705 0.000 -0.709 -0.001 0.724 0.000 0.605 -0.331 0.702 0.000 -0.701 0.124 0.991 -0.000 0.135 -0.026 0.644 0.000 -0.753 0.135 0.995 0.000 0.090 -0.042 
0.719 0.008 0.077 0.690 0.810 0.000 -0.579 0.098 0.961 0.000 -0.089 -0.261 0.704 -0.000 -0.710 -0.003 0.724 0.000 0.605 -0.332 0.702 0.000 -0.701 0.124 0.991 0.000 0.135 -0.026 0.645 0.000 -0.753 0.135 0.995 -0.000 0.090 -0.042 
0.719 0.008 0.077 0.691 0.810 0.000 -0.579 0.098 0.961 0.000 -0.088 -0.261 0.704 -0.000 -0.710 -0.004 0.724 0.000 0.601 -0.338 0.702 0.000 -0.701 0.124 0.991 0.000 0.135 -0.026 0.645 0.000 -0.753 0.135 0.995 0.000 0.090 -0.042 
0.719 0.008 0.077 0.691 0.809 0.000 -0.579 0.098 0.961 0.000 -0.088 -0.261 0.704 -0.000 -0.710 -0.005 0.725 0.000 0.597 -0.343 0.702 0.000 -0.701 0.124 0.991 0.000 0.135 -0.026 0.645 0.000 -0.753 0.135 0.995 0.000 0.090 -0.042 
0.719 0.008 0.077 0.691 0.809 0.000 -0.579 0.098 0.961 0.000 -0.088 -0.262 0.705 0.000 -0.709 -0.005 0.726 0.000 0.593 -0.348 0.702 0.000 -0.701 0.124 0.991 0.000 0.135 -0.026 0.645 0.000 -0.753 0.134 0.995 0.000 0.090 -0.042 
0.719 0.008 0.077 0.691 0.809 0.000 -0.579 0.098 0.961 0.000 -0.088 -0.261 0.705 0.000 -0.709 -0.006 0.727 0.000 0.588 -0.354 0.702 0.000 -0.701 0.124 0.991 0.000 0.135 -0.026 0.645 0.000 -0.753 0.134 0.995 0.000 0.090 -0.042 
0.719 0.008 0.077 0.691 0.809 0.000 -0.579 0.098 0.961 0.000 -0.087 -0.261 0.705 0.000 -0.709 -0.007 0.727 0.000 0.585 -0.359 0.702 0.000 -0.702 0.124 0.991 0.000 0.135 -0.026 0.645 0.000 -0.753 0.134 0.995 -0.000 0.090 -0.042 
0.719 0.008 0.077 0.691 0.809 0.000 -0.579 0.098 0.961 0.000 -0.087 -0.261 0.704 0.000 -0.710 -0.008 0.727 0.000 0.583 -0.363 0.702 0.000 -0.702 0.123 0.991 0.000 0.135 -0.026 0.644 0.000 -0.753 0.134 0.995 0.000 0.090 -0.042 
0.719 0.008 0.077 0.691 0.809 0.000 -0.580 0.098 0.961 -0.000 -0.087 -0.262 0.704 0.000 -0.711 -0.009 0.727 0.000 0.579 -0.368 0.702 -0.000 -0.702 0.123 0.991 0.000 0.135 -0.026 0.645 0.000 -0.753 0.134 0.995 0.000 0.090 -0.042 
0.719 0.008 0.077 0.691 0.809 -0.000 -0.580 0.098 0.961 0.000 -0.087 -0.262 0.703 -0.000 -0.711 -0.010 0.728 0.000 0.575 -0.374 0.702 0.000 -0.702 0.123 0.991 0.000 0.135 -0.026 0.645 0.000 -0.753 0.134 0.995 0.000 0.090 -0.042 
0.719 0.008 0.076 0.691 0.809 0.000 -0.580 0.098 0.961 -0.000 -0.087 -0.261 0.703 0.000 -0.711 -0.011 0.728 0.000 0.571 -0.379 0.702 0.000 -0.702 0.123 0.991 0.000 0.135 -0.026 0.645 0.000 -0.753 0.133 0.995 0.000 0.090 -0.042 
0.719 0.008 0.076 0.691 0.809 -0.000 -0.580 0.098 0.961 0.000 -0.087 -0.262 0.703 -0.000 -0.711 -0.012 0.729 0.000 0.567 -0.384 0.702 0.000 -0.702 0.123 0.991 0.000 0.135 -0.026 0.645 0.000 -0.753 0.133 0.995 0.000 0.090 -0.042 
0.719 0.009 0.076 0.691 0.809 0.000 -0.580 0.098 0.961 0.000 -0.087 -0.261 0.703 0.000 -0.711 -0.013 0.728 0.000 0.564 -0.389 0.702 0.000 -0.702 0.123 0.991 0.000 0.135 -0.026 0.645 0.000 -0.753 0.133 0.995 0.000 0.090 -0.042 
0.719 0.009 0.076 0.691 0.809 0.000 -0.580 0.098 0.961 0.000 -0.086 -0.262 0.704 0.000 -0.710 -0.013 0.730 0.000 0.556 -0.397 0.702 0.000 -0.702 0.123 0.991 0.000 0.135 -0.026 0.645 0.000 -0.753 0.133 0.995 0.000 0.090 -0.042 
0.719 0.009 0.076 0.691 0.809 0.000 -0.580 0.098 0.961 0.000 -0.086 -0.262 0.704 0.000 -0.710 -0.014 0.731 0.000 0.551 -0.403 0.702 0.000 -0.702 0.122 0.991 0.000 0.135 -0.025 0.645 0.000 -0.753 0.133 0.995 0.000 0.090 -0.042 
0.719 0.009 0.076 0.691 0.809 0.000 -0.580 0.098 0.961 0.000 -0.086 -0.262 0.704 0.000 -0.710 -0.015 0.731 0.000 0.546 -0.409 0.702 0.000 -0.702 0.122 0.991 -0.000 0.135 -0.025 0.645 0.000 -0.753 0.132 0.995 -0.000 0.091 -0.042 
0.719 0.009 0.076 0.691 0.809 0.000 -0.580 0.098 0.961 0.000 -0.086 -0.262 0.704 0.000 -0.710 -0.016 0.732 -0.000 0.540 -0.415 0.702 -0.000 -0.702 0.122 0.991 0.000 0.135 -0.026 0.645 -0.000 -0.753 0.132 0.995 0.000 0.091 -0.042 
0.719 0.009 0.076 0.691 0.809 -0.000 -0.580 0.098 0.961 0.000 -0.086 -0.261 0.704 0.000 -0.710 -0.016 0.733 0.000 0.535 -0.420 0.702 0.000 -0.702 0.122 0.991 -0.000 0.135 -0.025 0.645 0.000 -0.753 0.132 0.995 0.000 0.090 -0.042 
0.719 0.009 0.076 0.691 0.809 0.000 -0.580 0.097 0.962 -0.000 -0.085 -0.261 0.704 0.000 -0.710 -0.017 0.734 0.000 0.528 -0.426 0.702 0.000 -0.702 0.122 0.991 0.000 0.135 -0.025 0.645 0.000 -0.753 0.132 0.995 0.000 0.091 -0.042 
0.719 0.009 0.076 0.691 0.809 0.000 -0.580 0.097 0.962 0.000 -0.086 -0.261 0.704 -0.000 -0.710 -0.018 0.735 0.000 0.523 -0.432 0.702 -0.000 -0.702 0.122 0.991 0.000 0.135 -0.025 0.645 0.000 -0.753 0.132 0.995 0.000 0.090 -0.042 
0.719 0.009 0.076 0.691 0.809 -0.000 -0.580 0.097 0.961 0.000 -0.086 -0.261 0.705 0.000 -0.709 -0.019 0.736 0.000 0.517 -0.437 0.702 0.000 -0.702 0.122 0.991 -0.000 0.135 -0.025 0.645 0.000 -0.753 0.132 0.995 -0.000 0.090 -0.042 
0.719 0.009 0.076 0.691 0.809 0.000 -0.580 0.098 0.962 -0.000 -0.086 -0.261 0.704 0.000 -0.710 -0.021 0.736 0.000 0.513 -0.441 0.702 0.000 -0.702 0.122 0.991 -0.000 0.135 -0.025 0.645 -0.000 -0.753 0.132 0.995 0.000 0.090 -0.042 
0.719 0.009 0.076 0.691 0.809 0.000 -0.580 0.098 0.962 0.000 -0.086 -0.261 0.705 0.000 -0.709 -0.022 0.738 -0.000 0.507 -0.446 0.702 0.000 -0.702 0.121 0.991 0.000 0.135 -0.025 0.645 0.000 -0.753 0.132 0.995 0.000 0.090 -0.042 
0.719 0.009 0.076 0.691 0.809 0.000 -0.580 0.098 0.961 0.000 -0.086 -0.261 0.705 0.000 -0.709 -0.023 0.738 0.000 0.501 -0.451 0.702 0.000 -0.702 0.121 0.991 0.000 0.135 -0.025 0.645 0.000 -0.753 0.132 0.995 -0.000 0.090 -0.042 
0.719 0.009 0.076 0.691 0.809 0.000 -0.580 0.098 0.961 0.000 -0.086 -0.261 0.705 -0.000 -0.709 -0.024 0.739 0.000 0.494 -0.458 0.702 0.000 -0.702 0.121 0.991 0.000 0.135 -0.025 0.645 0.000 -0.753 0.132 0.995 0.000 0.090 -0.042 
0.719 0.009 0.076 0.691 0.809 0.000 -0.580 0.098 0.961 0.000 -0.086 -0.262 0.706 -0.000 -0.708 -0.025 0.740 0.000 0.487 -0.463 0.702 -0.000 -0.702 0.121 0.991 0.000 0.135 -0.025 0.645 -0.000 -0.753 0.132 0.995 0.000 0.090 -0.042 
0.719 0.009 0.076 0.691 0.809 0.000 -0.580 0.098 0.961 0.000 -0.086 -0.262 0.706 0.000 -0.708 -0.026 0.741 0.000 0.479 -0.470 0.702 0.000 -0.702 0.121 0.991 -0.000 0.135 -0.025 0.645 -0.000 -0.753 0.132 0.995 -0.000 0.090 -0.042 
0.719 0.009 0.076 0.691 0.809 0.000 -0.580 0.098 0.961 0.000 -0.086 -0.262 0.706 -0.000 -0.708 -0.027 0.742 0.000 0.470 -0.477 0.702 0.000 -0.702 0.121 0.991 -0.000 0.135 -0.025 0.645 0.000 -0.753 0.132 0.995 -0.000 0.090 -0.042 
0.719 0.009 0.076 0.691 0.809 0.000 -0.580 0.098 0.961 0.000 -0.086 -0.261 0.706 0.000 -0.707 -0.027 0.743 0.000 0.462 -0.483 0.702 0.000 -0.702 0.121 0.991 0.000 0.135 -0.025 0.645 0.000 -0.753 0.132 0.995 0.000 0.090 -0.042 
0.719 0.009 0.076 0.691 0.809 0.000 -0.580 0.098 0.962 0.000 -0.086 -0.261 0.707 0.000 -0.707 -0.029 0.744 0.000 0.455 -0.489 0.702 0.000 -0.702 0.121 0.991 -0.000 0.135 -0.025 0.644 -0.000 -0.753 0.132 0.995 -0.000 0.091 -0.042 
0.719 0.009 0.076 0.690 0.809 0.000 -0.580 0.098 0.962 -0.000 -0.086 -0.261 0.707 0.000 -0.707 -0.029 0.745 0.000 0.448 -0.495 0.702 0.000 -0.702 0.121 0.991 0.000 0.135 -0.025 0.644 0.000 -0.753 0.132 0.995 0.000 0.090 -0.042 
0.719 0.009 0.076 0.690 0.809 0.000 -0.580 0.098 0.962 0.000 -0.086 -0.261 0.708 0.000 -0.705 -0.030 0.746 0.000 0.438 -0.502 0.702 -0.000 -0.702 0.120 0.991 -0.000 0.135 -0.025 0.644 0.000 -0.753 0.132 0.995 0.000 0.090 -0.042 
0.719 0.009 0.076 0.690 0.809 0.000 -0.580 0.098 0.962 -0.000 -0.086 -0.261 0.709 0.000 -0.705 -0.031 0.746 0.000 0.431 -0.507 0.702 0.000 -0.702 0.120 0.991 0.000 0.135 -0.025 0.644 0.000 -0.753 0.131 0.995 0.000 0.090 -0.042 
0.719 0.009 0.076 0.690 0.809 0.000 -0.580 0.099 0.961 0.000 -0.085 -0.261 0.709 0.000 -0.705 -0.032 0.747 -0.000 0.424 -0.513 0.702 0.000 -0.702 0.120 0.991 -0.000 0.135 -0.025 0.644 0.000 -0.753 0.131 0.995 0.000 0.090 -0.042 
0.720 0.009 0.076 0.690 0.809 0.000 -0.580 0.099 0.961 0.000 -0.085 -0.262 0.709 0.000 -0.704 -0.034 0.748 0.000 0.416 -0.517 0.702 -0.000 -0.702 0.120 0.991 0.000 0.135 -0.025 0.644 0.000 -0.753 0.131 0.995 0.000 0.090 -0.042 
0.720 0.009 0.076 0.690 0.809 0.000 -0.580 0.099 0.961 0.000 -0.085 -0.262 0.709 0.000 -0.704 -0.035 0.748 0.000 0.408 -0.524 0.702 0.000 -0.702 0.119 0.991 0.000 0.135 -0.025 0.644 0.000 -0.753 0.131 0.995 0.000 0.090 -0.042 
0.720 0.009 0.076 0.690 0.809 0.000 -0.580 0.099 0.961 0.000 -0.085 -0.262 0.710 0.000 -0.703 -0.036 0.749 0.000 0.400 -0.528 0.702 0.000 -0.702 0.119 0.991 0.000 0.135 -0.024 0.644 0.000 -0.753 0.131 0.995 0.000 0.090 -0.042 
0.720 0.009 0.076 0.690 0.809 0.000 -0.580 0.099 0.961 -0.000 -0.085 -0.262 0.710 0.000 -0.703 -0.037 0.749 0.000 0.392 -0.533 0.702 0.000 -0.702 0.119 0.991 0.000 0.135 -0.024 0.644 0.000 -0.753 0.131 0.995 0.000 0.090 -0.041 
0.720 0.009 0.076 0.690 0.809 0.000 -0.580 0.100 0.961 0.000 -0.085 -0.262 0.710 0.000 -0.703 -0.039 0.750 0.000 0.385 -0.538 0.702 0.000 -0.702 0.118 0.991 0.000 0.135 -0.024 0.644 0.000 -0.753 0.131 0.995 0.000 0.091 -0.041 
0.720 0.009 0.075 0.690 0.809 0.000 -0.580 0.100 0.961 0.000 -0.085 -0.261 0.711 -0.000 -0.702 -0.041 0.751 0.000 0.376 -0.542 0.702 0.000 -0.702 0.118 0.991 0.000 0.135 -0.024 0.644 0.000 -0.753 0.130 0.995 0.000 0.091 -0.041 
0.720 0.009 0.075 0.690 0.809 0.000 -0.580 0.100 0.961 0.000 -0.085 -0.261 0.711 0.000 -0.702 -0.043 0.752 0.000 0.369 -0.547 0.702 -0.000 -0.702 0.118 0.991 -0.000 0.135 -0.024 0.644 0.000 -0.754 0.130 0.995 -0.000 0.091 -0.042 
0.720 0.009 0.075 0.690 0.809 0.000 -0.580 0.100 0.962 0.000 -0.085 -0.261 0.711 0.000 -0.702 -0.044 0.752 0.000 0.360 -0.552 0.702 -0.000 -0.702 0.118 0.991 0.000 0.135 -0.024 0.644 0.000 -0.754 0.130 0.995 -0.000 0.091 -0.041 
0.720 0.009 0.075 0.689 0.809 0.000 -0.580 0.100 0.962 0.000 -0.085 -0.261 0.711 0.000 -0.702 -0.046 0.752 0.000 0.355 -0.555 0.702 0.000 -0.702 0.117 0.991 0.000 0.135 -0.024 0.644 -0.000 -0.754 0.130 0.995 0.000 0.091 -0.042 
0.720 0.009 0.075 0.689 0.809 0.000 -0.580 0.100 0.962 -0.000 -0.085 -0.261 0.712 0.000 -0.701 -0.047 0.754 -0.000 0.343 -0.561 0.702 0.000 -0.702 0.117 0.991 0.000 0.135 -0.024 0.644 0.000 -0.754 0.130 0.995 0.000 0.091 -0.042 
0.720 0.009 0.075 0.689 0.809 0.000 -0.580 0.100 0.962 0.000 -0.084 -0.261 0.712 0.000 -0.701 -0.049 0.754 0.000 0.334 -0.565 0.702 0.000 -0.702 0.117 0.991 0.000 0.135 -0.024 0.644 0.000 -0.754 0.130 0.995 0.000 0.090 -0.042 
0.720 0.009 0.075 0.689 0.809 0.000 -0.580 0.100 0.962 0.000 -0.085 -0.260 0.712 0.000 -0.701 -0.051 0.755 0.000 0.327 -0.569 0.702 0.000 -0.702 0.117 0.991 -0.000 0.135 -0.024 0.644 0.000 -0.754 0.130 0.995 0.000 0.090 -0.042 
0.721 0.009 0.075 0.689 0.809 0.000 -0.580 0.100 0.962 0.000 -0.084 -0.260 0.712 0.000 -0.700 -0.053 0.756 0.000 0.318 -0.573 0.702 0.000 -0.702 0.117 0.991 0.000 0.135 -0.024 0.644 0.000 -0.754 0.130 0.995 0.000 0.090 -0.042 
0.721 0.009 0.075 0.689 0.809 -0.000 -0.580 0.100 0.962 0.000 -0.084 -0.260 0.713 -0.000 -0.699 -0.056 0.757 -0.000 0.310 -0.575 0.702 0.000 -0.702 0.117 0.991 0.000 0.135 -0.024 0.644 0.000 -0.754 0.130 0.995 0.000 0.090 -0.042 
0.721 0.009 0.075 0.689 0.809 0.000 -0.580 0.100 0.962 0.000 -0.084 -0.260 0.713 0.000 -0.699 -0.058 0.758 -0.000 0.302 -0.579 0.702 0.000 -0.702 0.117 0.991 0.000 0.135 -0.024 0.644 -0.000 -0.754 0.130 0.995 0.000 0.091 -0.042 
0.721 0.009 0.075 0.689 0.809 0.000 -0.580 0.100 0.962 0.000 -0.085 -0.260 0.713 0.000 -0.698 -0.060 0.758 -0.000 0.291 -0.584 0.702 0.000 -0.702 0.116 0.991 0.000 0.135 -0.024 0.644 0.000 -0.754 0.130 0.995 0.000 0.090 -0.042 
0.721 0.010 0.075 0.689 0.809 -0.000 -0.580 0.100 0.962 0.000 -0.084 -0.260 0.714 0.000 -0.697 -0.062 0.759 0.000 0.280 -0.588 0.702 -0.000 -0.702 0.116 0.991 0.000 0.135 -0.024 0.644 0.000 -0.754 0.130 0.995 0.000 0.090 -0.042 
0.721 0.010 0.075 0.689 0.809 0.000 -0.580 0.100 0.962 0.000 -0.084 -0.260 0.715 0.000 -0.696 -0.064 0.759 0.000 0.272 -0.591 0.702 -0.000 -0.702 0.116 0.991 0.000 0.135 -0.024 0.644 0.000 -0.754 0.129 0.995 0.000 0.091 -0.042 
0.721 0.010 0.075 0.689 0.808 -0.000 -0.580 0.100 0.962 0.000 -0.084 -0.260 0.714 0.000 -0.697 -0.066 0.759 0.000 0.266 -0.594 0.702 0.000 -0.703 0.115 0.991 0.000 0.135 -0.024 0.644 0.000 -0.754 0.129 0.995 0.000 0.090 -0.042 
0.721 0.010 0.075 0.689 0.808 -0.000 -0.580 0.100 0.962 0.000 -0.084 -0.260 0.715 0.000 -0.696 -0.067 0.760 -0.000 0.254 -0.598 0.702 0.000 -0.703 0.115 0.991 0.000 0.135 -0.023 0.644 0.000 -0.754 0.129 0.995 0.000 0.091 -0.042 
0.721 0.010 0.074 0.689 0.808 0.000 -0.580 0.100 0.962 0.000 -0.084 -0.260 0.715 0.000 -0.696 -0.070 0.761 0.000 0.248 -0.600 0.702 0.000 -0.703 0.115 0.991 0.000 0.135 -0.023 0.644 -0.000 -0.754 0.129 0.995 0.000 0.091 -0.042 
0.721 0.010 0.074 0.689 0.808 -0.000 -0.580 0.100 0.962 0.000 -0.084 -0.259 0.716 0.000 -0.694 -0.072 0.762 0.000 0.235 -0.604 0.702 0.000 -0.703 0.115 0.991 0.000 0.135 -0.023 0.644 0.000 -0.754 0.129 0.995 -0.000 0.090 -0.042 
0.721 0.010 0.074 0.689 0.808 0.000 -0.580 0.100 0.962 0.000 -0.084 -0.259 0.716 0.000 -0.694 -0.074 0.762 0.000 0.225 -0.607 0.702 0.000 -0.703 0.115 0.991 0.000 0.135 -0.023 0.644 0.000 -0.754 0.129 0.995 0.000 0.091 -0.042 
0.721 0.010 0.074 0.689 0.808 0.000 -0.580 0.100 0.962 0.000 -0.083 -0.259 0.717 0.000 -0.693 -0.076 0.763 0.000 0.216 -0.609 0.702 0.000 -0.703 0.114 0.991 0.000 0.135 -0.023 0.644 -0.000 -0.754 0.129 0.995 0.000 0.090 -0.042 
0.721 0.010 0.074 0.688 0.808 0.000 -0.580 0.100 0.962 0.000 -0.083 -0.259 0.717 -0.000 -0.692 -0.079 0.764 0.000 0.208 -0.611 0.702 0.000 -0.703 0.114 0.991 0.000 0.135 -0.023 0.644 0.000 -0.754 0.129 0.995 0.000 0.090 -0.042 
0.722 0.010 0.074 0.688 0.808 0.000 -0.581 0.100 0.962 0.000 -0.083 -0.259 0.717 0.000 -0.692 -0.081 0.765 0.000 0.199 -0.613 0.702 0.000 -0.703 0.114 0.991 -0.000 0.135 -0.023 0.644 0.000 -0.754 0.129 0.995 0.000 0.090 -0.042 
0.722 0.010 0.074 0.688 0.808 0.000 -0.581 0.100 0.962 -0.000 -0.083 -0.260 0.718 0.000 -0.691 -0.083 0.765 0.000 0.191 -0.615 0.702 -0.000 -0.703 0.114 0.991 0.000 0.135 -0.023 0.644 0.000 -0.754 0.129 0.995 0.000 0.090 -0.042 
0.722 0.010 0.074 0.688 0.808 0.000 -0.581 0.100 0.962 0.000 -0.083 -0.260 0.718 0.000 -0.691 -0.083 0.765 0.000 0.181 -0.619 0.702 -0.000 -0.703 0.113 0.991 0.000 0.136 -0.023 0.644 0.000 -0.754 0.129 0.995 0.000 0.090 -0.043 
0.722 0.010 0.074 0.688 0.808 0.000 -0.581 0.100 0.962 0.000 -0.083 -0.260 0.718 0.000 -0.690 -0.087 0.766 0.000 0.173 -0.620 0.702 0.000 -0.703 0.113 0.991 0.000 0.135 -0.023 0.644 0.000 -0.754 0.129 0.995 0.000 0.090 -0.042 
0.722 0.010 0.074 0.688 0.808 0.000 -0.581 0.100 0.962 0.000 -0.083 -0.260 0.719 0.000 -0.690 -0.088 0.765 0.000 0.164 -0.622 0.702 0.000 -0.703 0.113 0.991 -0.000 0.135 -0.023 0.644 0.000 -0.754 0.129 0.995 -0.000 0.090 -0.042 
0.722 0.010 0.074 0.687 0.807 -0.000 -0.581 0.100 0.962 0.000 -0.083 -0.260 0.719 -0.000 -0.689 -0.090 0.766 0.000 0.154 -0.624 0.702 0.000 -0.703 0.112 0.991 0.000 0.135 -0.023 0.644 0.000 -0.754 0.128 0.995 0.000 0.091 -0.042 
0.723 0.010 0.074 0.687 0.807 -0.000 -0.581 0.100 0.962 0.000 -0.083 -0.260 0.719 0.000 -0.689 -0.093 0.767 0.000 0.147 -0.625 0.702 0.000 -0.703 0.112 0.991 0.000 0.136 -0.023 0.644 -0.000 -0.754 0.129 0.995 0.000 0.090 -0.042 
0.723 0.010 0.074 0.687 0.807 -0.000 -0.582 0.101 0.962 -0.000 -0.083 -0.260 0.721 0.000 -0.687 -0.093 0.767 0.000 0.133 -0.628 0.702 0.000 -0.703 0.112 0.991 -0.000 0.135 -0.023 0.645 0.000 -0.753 0.129 0.995 -0.000 0.089 -0.043 
0.723 0.010 0.074 0.687 0.807 -0.000 -0.582 0.101 0.962 -0.000 -0.083 -0.260 0.721 0.000 -0.687 -0.096 0.767 0.000 0.124 -0.629 0.702 0.000 -0.703 0.112 0.990 0.000 0.136 -0.023 0.644 0.000 -0.754 0.129 0.995 -0.000 0.090 -0.043 
0.724 0.010 0.073 0.686 0.807 0.000 -0.582 0.101 0.962 0.000 -0.083 -0.260 0.721 -0.000 -0.686 -0.098 0.768 0.000 0.115 -0.630 0.702 0.000 -0.703 0.112 0.990 0.000 0.136 -0.023 0.644 -0.000 -0.754 0.130 0.995 0.000 0.090 -0.043 
0.724 0.010 0.073 0.686 0.807 0.000 -0.582 0.101 0.962 -0.000 -0.083 -0.261 0.722 0.000 -0.685 -0.100 0.768 0.000 0.106 -0.631 0.702 -0.000 -0.703 0.111 0.991 -0.000 0.136 -0.022 0.644 0.000 -0.754 0.129 0.995 0.000 0.090 -0.043 
0.724 0.010 0.073 0.686 0.807 0.000 -0.582 0.101 0.962 -0.000 -0.083 -0.261 0.721 0.000 -0.685 -0.102 0.769 0.000 0.098 -0.632 0.702 0.000 -0.704 0.111 0.990 0.000 0.136 -0.022 0.644 -0.000 -0.754 0.129 0.995 0.000 0.090 -0.043 
0.724 0.010 0.073 0.686 0.807 0.000 -0.582 0.100 0.962 0.000 -0.084 -0.260 0.721 0.000 -0.685 -0.105 0.769 0.000 0.090 -0.633 0.702 0.000 -0.703 0.111 0.990 0.000 0.136 -0.022 0.644 0.000 -0.754 0.130 0.995 -0.000 0.090 -0.043 
0.724 0.010 0.073 0.685 0.807 0.000 -0.582 0.100 0.962 0.000 -0.084 -0.260 0.722 0.000 -0.684 -0.107 0.769 0.000 0.082 -0.633 0.702 0.000 -0.704 0.110 0.990 0.000 0.136 -0.022 0.644 0.000 -0.754 0.129 0.995 0.000 0.090 -0.043 
0.725 0.010 0.073 0.685 0.807 0.000 -0.582 0.100 0.962 0.000 -0.084 -0.260 0.722 0.000 -0.684 -0.110 0.770 0.000 0.075 -0.634 0.702 0.000 -0.704 0.110 0.990 0.000 0.136 -0.022 0.644 0.000 -0.754 0.129 0.995 0.000 0.090 -0.043 
0.725 0.010 0.073 0.685 0.807 0.000 -0.583 0.100 0.962 -0.000 -0.084 -0.260 0.722 0.000 -0.683 -0.113 0.770 0.000 0.068 -0.634 0.702 0.000 -0.704 0.110 0.990 0.000 0.136 -0.022 0.644 0.000 -0.754 0.129 0.995 -0.000 0.090 -0.043 
0.725 0.010 0.073 0.685 0.807 -0.000 -0.583 0.100 0.962 -0.000 -0.083 -0.260 0.722 0.000 -0.682 -0.115 0.771 0.000 0.060 -0.634 0.702 0.000 -0.704 0.109 0.990 0.000 0.136 -0.022 0.644 0.000 -0.754 0.129 0.995 0.000 0.090 -0.043 
0.725 0.010 0.073 0.684 0.807 0.000 -0.583 0.100 0.962 0.000 -0.083 -0.260 0.722 0.000 -0.682 -0.118 0.771 -0.000 0.053 -0.635 0.702 0.000 -0.704 0.109 0.990 0.000 0.136 -0.022 0.644 0.000 -0.754 0.129 0.995 0.000 0.090 -0.043 
0.726 0.010 0.073 0.684 0.806 0.000 -0.583 0.100 0.962 0.000 -0.083 -0.260 0.721 0.000 -0.682 -0.121 0.772 0.000 0.048 -0.634 0.702 0.000 -0.704 0.109 0.990 0.000 0.136 -0.022 0.644 0.000 -0.754 0.129 0.995 0.000 0.090 -0.043 
0.726 0.010 0.072 0.684 0.806 0.000 -0.583 0.100 0.962 0.000 -0.084 -0.260 0.722 0.000 -0.681 -0.124 0.772 -0.000 0.041 -0.634 0.702 0.000 -0.704 0.108 0.990 0.000 0.136 -0.022 0.644 0.000 -0.754 0.129 0.995 0.000 0.090 -0.043 
0.726 0.010 0.072 0.684 0.806 0.000 -0.583 0.100 0.962 0.000 -0.083 -0.260 0.722 0.000 -0.680 -0.127 0.772 0.000 0.035 -0.634 0.702 0.000 -0.704 0.108 0.990 0.000 0.136 -0.021 0.644 0.000 -0.754 0.129 0.995 -0.000 0.090 -0.043 
0.726 0.010 0.072 0.683 0.806 0.000 -0.583 0.100 0.962 -0.000 -0.083 -0.260 0.722 0.000 -0.680 -0.129 0.772 -0.000 0.028 -0.635 0.702 0.000 -0.704 0.108 0.990 0.000 0.136 -0.022 0.644 0.000 -0.754 0.129 0.995 0.000 0.090 -0.043 
0.727 0.011 0.072 0.683 0.806 0.000 -0.583 0.100 0.962 0.000 -0.084 -0.260 0.722 0.000 -0.679 -0.132 0.773 0.000 0.017 -0.634 0.702 0.000 -0.704 0.108 0.990 -0.000 0.136 -0.022 0.644 -0.000 -0.754 0.129 0.995 0.000 0.090 -0.043 
0.727 0.011 0.072 0.683 0.806 0.000 -0.583 0.099 0.962 -0.000 -0.084 -0.260 0.722 0.000 -0.679 -0.134 0.774 0.000 0.010 -0.634 0.702 0.000 -0.704 0.107 0.990 -0.000 0.136 -0.022 0.644 0.000 -0.754 0.129 0.995 0.000 0.090 -0.043 
0.727 0.011 0.072 0.683 0.806 0.000 -0.583 0.100 0.962 0.000 -0.084 -0.260 0.722 0.000 -0.678 -0.137 0.774 0.000 0.002 -0.633 0.702 0.000 -0.704 0.107 0.990 0.000 0.136 -0.021 0.644 0.000 -0.754 0.129 0.995 0.000 0.090 -0.043 
0.727 0.011 0.072 0.682 0.806 0.000 -0.583 0.100 0.962 -0.000 -0.084 -0.260 0.723 0.000 -0.677 -0.140 0.775 0.000 -0.005 -0.632 0.702 0.000 -0.704 0.107 0.990 0.000 0.136 -0.022 0.644 0.000 -0.754 0.129 0.995 -0.000 0.089 -0.043 
0.728 0.011 0.072 0.682 0.806 0.000 -0.583 0.099 0.962 0.000 -0.084 -0.260 0.722 0.000 -0.677 -0.142 0.775 0.000 -0.012 -0.632 0.702 0.000 -0.704 0.107 0.990 0.000 0.136 -0.022 0.645 0.000 -0.754 0.129 0.995 0.000 0.089 -0.043 
0.728 0.011 0.072 0.682 0.806 0.000 -0.583 0.099 0.962 -0.000 -0.083 -0.260 0.723 0.000 -0.676 -0.145 0.776 0.000 -0.021 -0.631 0.702 0.000 -0.704 0.106 0.990 0.000 0.136 -0.021 0.644 0.000 -0.754 0.129 0.995 0.000 0.089 -0.043 
0.728 0.011 0.072 0.682 0.806 -0.000 -0.583 0.099 0.962 0.000 -0.083 -0.260 0.722 0.000 -0.676 -0.147 0.776 0.000 -0.026 -0.630 0.702 -0.000 -0.704 0.106 0.990 0.000 0.136 -0.021 0.644 -0.000 -0.754 0.128 0.995 0.000 0.090 -0.042 
0.728 0.011 0.072 0.682 0.806 -0.000 -0.583 0.099 0.962 0.000 -0.083 -0.260 0.722 0.000 -0.675 -0.150 0.777 0.000 -0.033 -0.629 0.703 0.000 -0.704 0.106 0.990 0.000 0.136 -0.022 0.644 0.000 -0.754 0.128 0.995 0.000 0.089 -0.042 
0.728 0.011 0.072 0.681 0.806 0.000 -0.583 0.099 0.962 0.000 -0.083 -0.260 0.722 -0.000 -0.675 -0.153 0.777 0.000 -0.041 -0.628 0.703 0.000 -0.704 0.105 0.990 0.000 0.136 -0.021 0.644 -0.000 -0.754 0.128 0.995 0.000 0.089 -0.042 
0.728 0.011 0.072 0.681 0.806 0.000 -0.583 0.099 0.962 0.000 -0.083 -0.260 0.722 -0.000 -0.674 -0.155 0.778 0.000 -0.050 -0.627 0.703 0.000 -0.704 0.105 0.990 0.000 0.136 -0.021 0.644 0.000 -0.754 0.128 0.995 -0.000 0.089 -0.042 
0.729 0.011 0.072 0.681 0.806 0.000 -0.583 0.099 0.962 0.000 -0.083 -0.260 0.722 0.000 -0.673 -0.158 0.778 0.000 -0.059 -0.626 0.703 0.000 -0.704 0.105 0.991 0.000 0.136 -0.021 0.644 0.000 -0.754 0.128 0.995 0.000 0.089 -0.042 
0.729 0.011 0.072 0.681 0.806 0.000 -0.583 0.098 0.962 0.000 -0.083 -0.260 0.722 0.000 -0.673 -0.160 0.778 0.000 -0.068 -0.624 0.703 0.000 -0.704 0.105 0.990 0.000 0.136 -0.021 0.644 0.000 -0.754 0.128 0.995 0.000 0.089 -0.041 
0.729 0.011 0.071 0.681 0.806 0.000 -0.583 0.098 0.962 0.000 -0.083 -0.260 0.723 0.000 -0.672 -0.162 0.779 0.000 -0.076 -0.623 0.703 0.000 -0.704 0.105 0.990 0.000 0.136 -0.021 0.644 0.000 -0.754 0.128 0.995 0.000 0.089 -0.041 
0.729 0.011 0.071 0.680 0.806 0.000 -0.583 0.098 0.962 0.000 -0.082 -0.259 0.723 0.000 -0.671 -0.165 0.779 0.000 -0.084 -0.622 0.702 0.000 -0.704 0.105 0.990 0.000 0.136 -0.021 0.644 0.000 -0.754 0.128 0.995 0.000 0.089 -0.041 
0.729 0.011 0.071 0.680 0.806 -0.000 -0.584 0.098 0.962 0.000 -0.082 -0.259 0.723 0.000 -0.671 -0.166 0.779 0.000 -0.092 -0.620 0.702 0.000 -0.704 0.104 0.990 -0.000 0.136 -0.021 0.644 0.000 -0.754 0.128 0.995 0.000 0.089 -0.041 
0.730 0.011 0.071 0.680 0.806 0.000 -0.584 0.098 0.962 0.000 -0.082 -0.259 0.723 0.000 -0.670 -0.169 0.779 0.000 -0.100 -0.619 0.703 0.000 -0.704 0.104 0.990 0.000 0.136 -0.021 0.644 0.000 -0.754 0.128 0.995 0.000 0.089 -0.041 
0.730 0.012 0.071 0.680 0.806 0.000 -0.584 0.098 0.962 0.000 -0.082 -0.259 0.723 0.000 -0.670 -0.171 0.779 0.000 -0.109 -0.618 0.703 0.000 -0.704 0.103 0.990 0.000 0.136 -0.021 0.644 -0.000 -0.754 0.128 0.995 0.000 0.089 -0.041 
0.730 0.012 0.071 0.679 0.806 0.000 -0.584 0.097 0.962 -0.000 -0.082 -0.259 0.723 0.000 -0.669 -0.173 0.779 -0.000 -0.116 -0.616 0.703 -0.000 -0.704 0.103 0.990 0.000 0.136 -0.021 0.644 -0.000 -0.754 0.128 0.995 0.000 0.089 -0.041 
0.730 0.012 0.071 0.679 0.806 -0.000 -0.584 0.097 0.962 -0.000 -0.082 -0.260 0.722 0.000 -0.669 -0.175 0.779 0.000 -0.123 -0.615 0.703 -0.000 -0.704 0.103 0.990 0.000 0.136 -0.021 0.644 0.000 -0.754 0.128 0.995 0.000 0.089 -0.041 
0.731 0.012 0.071 0.679 0.806 0.000 -0.584 0.097 0.962 0.000 -0.081 -0.260 0.723 0.000 -0.668 -0.177 0.779 0.000 -0.123 -0.615 0.703 0.000 -0.704 0.102 0.990 0.000 0.136 -0.021 0.644 -0.000 -0.754 0.128 0.995 0.000 0.089 -0.041 
0.731 0.012 0.071 0.679 0.806 0.000 -0.584 0.097 0.962 -0.000 -0.081 -0.260 0.722 -0.000 -0.668 -0.180 0.779 0.000 -0.133 -0.613 0.703 0.000 -0.704 0.102 0.990 -0.000 0.136 -0.021 0.644 0.000 -0.754 0.128 0.995 0.000 0.089 -0.041 
0.731 0.012 0.071 0.679 0.806 0.000 -0.584 0.097 0.962 0.000 -0.081 -0.260 0.722 0.000 -0.667 -0.182 0.779 0.000 -0.144 -0.611 0.703 -0.000 -0.704 0.102 0.990 0.000 0.136 -0.021 0.644 0.000 -0.754 0.128 0.995 0.000 0.089 -0.041 
0.731 0.012 0.070 0.678 0.806 -0.000 -0.584 0.097 0.962 0.000 -0.081 -0.260 0.724 0.000 -0.664 -0.186 0.778 -0.000 -0.155 -0.608 0.703 0.000 -0.704 0.101 0.990 0.000 0.137 -0.020 0.644 0.000 -0.754 0.128 0.995 0.000 0.089 -0.041 
0.731 0.012 0.070 0.678 0.806 -0.000 -0.584 0.097 0.962 -0.000 -0.081 -0.260 0.724 0.000 -0.664 -0.188 0.778 0.000 -0.163 -0.606 0.703 -0.000 -0.704 0.101 0.990 0.000 0.137 -0.021 0.644 0.000 -0.754 0.128 0.995 0.000 0.089 -0.041 
0.732 0.012 0.070 0.678 0.806 0.000 -0.584 0.096 0.962 -0.000 -0.081 -0.260 0.724 0.000 -0.664 -0.190 0.778 0.000 -0.170 -0.604 0.703 0.000 -0.704 0.101 0.990 0.000 0.137 -0.020 0.644 0.000 -0.754 0.128 0.995 0.000 0.089 -0.041 
0.732 0.012 0.070 0.678 0.806 0.000 -0.584 0.096 0.962 -0.000 -0.081 -0.260 0.724 0.000 -0.663 -0.193 0.778 0.000 -0.177 -0.602 0.703 0.000 -0.704 0.101 0.990 -0.000 0.137 -0.021 0.644 0.000 -0.754 0.128 0.995 0.000 0.089 -0.041 
0.732 0.013 0.070 0.678 0.806 0.000 -0.585 0.096 0.962 0.000 -0.080 -0.260 0.724 0.000 -0.662 -0.195 0.778 0.000 -0.185 -0.600 0.703 0.000 -0.704 0.100 0.990 0.000 0.137 -0.021 0.644 0.000 -0.754 0.127 0.995 0.000 0.089 -0.041 
0.732 0.013 0.070 0.678 0.806 0.000 -0.585 0.095 0.962 -0.000 -0.081 -0.260 0.724 -0.000 -0.661 -0.198 0.778 0.000 -0.193 -0.597 0.703 0.000 -0.705 0.100 0.990 0.000 0.137 -0.021 0.644 0.000 -0.754 0.127 0.995 0.000 0.089 -0.041 
0.732 0.013 0.070 0.677 0.806 0.000 -0.585 0.095 0.962 -0.000 -0.080 -0.260 0.724 0.000 -0.661 -0.200 0.778 0.000 -0.201 -0.595 0.703 0.000 -0.704 0.100 0.990 0.000 0.137 -0.021 0.644 0.000 -0.755 0.127 0.995 -0.000 0.089 -0.041 
0.732 0.013 0.070 0.677 0.806 0.000 -0.585 0.095 0.962 0.000 -0.080 -0.260 0.724 -0.000 -0.659 -0.203 0.778 0.000 -0.209 -0.592 0.703 -0.000 -0.704 0.100 0.990 -0.000 0.137 -0.021 0.644 0.000 -0.755 0.127 0.995 -0.000 0.089 -0.041 
0.732 0.013 0.070 0.677 0.806 -0.000 -0.585 0.094 0.962 0.000 -0.080 -0.259 0.724 0.000 -0.658 -0.206 0.779 0.000 -0.216 -0.589 0.703 0.000 -0.704 0.100 0.990 0.000 0.137 -0.021 0.644 0.000 -0.755 0.127 0.995 0.000 0.089 -0.041 
0.732 0.013 0.070 0.677 0.806 -0.000 -0.585 0.094 0.963 -0.000 -0.080 -0.259 0.724 0.000 -0.657 -0.209 0.779 0.000 -0.224 -0.586 0.703 0.000 -0.704 0.099 0.990 0.000 0.137 -0.020 0.644 0.000 -0.755 0.127 0.995 0.000 0.089 -0.041 
0.733 0.013 0.070 0.677 0.806 0.000 -0.585 0.094 0.963 -0.000 -0.079 -0.259 0.724 0.000 -0.655 -0.214 0.780 0.000 -0.231 -0.582 0.703 0.000 -0.704 0.099 0.990 0.000 0.137 -0.021 0.644 0.000 -0.755 0.127 0.995 0.000 0.089 -0.041 
0.733 0.013 0.070 0.677 0.805 0.000 -0.585 0.094 0.962 0.000 -0.079 -0.260 0.725 0.000 -0.654 -0.216 0.779 -0.000 -0.239 -0.579 0.703 -0.000 -0.704 0.099 0.990 0.000 0.137 -0.020 0.644 0.000 -0.755 0.127 0.995 0.000 0.089 -0.041 
0.733 0.013 0.070 0.677 0.805 0.000 -0.585 0.094 0.962 0.000 -0.079 -0.260 0.725 0.000 -0.653 -0.220 0.780 0.000 -0.246 -0.575 0.703 0.000 -0.704 0.099 0.990 0.000 0.137 -0.020 0.644 0.000 -0.755 0.127 0.995 0.000 0.089 -0.041 
0.733 0.013 0.070 0.677 0.805 0.000 -0.585 0.094 0.962 0.000 -0.079 -0.260 0.725 0.000 -0.651 -0.224 0.781 0.000 -0.253 -0.572 0.703 0.000 -0.704 0.099 0.990 0.000 0.137 -0.020 0.644 0.000 -0.755 0.126 0.995 -0.000 0.089 -0.041 
0.733 0.013 0.070 0.677 0.805 0.000 -0.585 0.093 0.962 0.000 -0.079 -0.260 0.725 0.000 -0.650 -0.227 0.781 -0.000 -0.260 -0.568 0.703 0.000 -0.704 0.099 0.990 -0.000 0.137 -0.020 0.644 0.000 -0.755 0.126 0.995 0.000 0.089 -0.041 
0.733 0.014 0.069 0.676 0.805 0.000 -0.585 0.093 0.962 0.000 -0.079 -0.260 0.725 0.000 -0.649 -0.230 0.781 0.000 -0.267 -0.564 0.703 0.000 -0.704 0.098 0.990 0.000 0.137 -0.020 0.644 -0.000 -0.755 0.126 0.995 0.000 0.089 -0.040 
0.733 0.014 0.069 0.676 0.805 0.000 -0.586 0.093 0.962 0.000 -0.078 -0.260 0.724 0.000 -0.649 -0.233 0.782 0.000 -0.274 -0.560 0.703 0.000 -0.705 0.098 0.990 0.000 0.137 -0.020 0.644 0.000 -0.755 0.126 0.995 0.000 0.089 -0.040 
0.733 0.013 0.070 0.676 0.805 -0.000 -0.586 0.094 0.962 0.000 -0.079 -0.260 0.725 0.000 -0.646 -0.239 0.783 0.000 -0.278 -0.557 0.703 0.000 -0.704 0.099 0.990 0.000 0.137 -0.020 0.644 -0.000 -0.755 0.127 0.995 0.000 0.089 -0.041 
0.733 0.013 0.070 0.676 0.805 0.000 -0.586 0.094 0.962 0.000 -0.078 -0.260 0.725 0.000 -0.645 -0.242 0.783 0.000 -0.286 -0.553 0.703 -0.000 -0.705 0.098 0.990 0.000 0.137 -0.020 0.644 -0.000 -0.755 0.127 0.995 0.000 0.089 -0.040 
0.733 0.014 0.069 0.676 0.805 0.000 -0.586 0.093 0.962 0.000 -0.078 -0.260 0.724 0.000 -0.646 -0.243 0.783 0.000 -0.293 -0.549 0.703 -0.000 -0.705 0.097 0.990 0.000 0.137 -0.020 0.644 0.000 -0.755 0.126 0.995 0.000 0.089 -0.040 
0.733 0.014 0.069 0.676 0.805 -0.000 -0.586 0.093 0.962 0.000 -0.078 -0.260 0.724 0.000 -0.645 -0.246 0.783 -0.000 -0.299 -0.545 0.703 0.000 -0.705 0.097 0.990 0.000 0.137 -0.020 0.644 0.000 -0.755 0.125 0.995 0.000 0.089 -0.040 
0.733 0.014 0.069 0.676 0.805 0.000 -0.586 0.092 0.962 0.000 -0.078 -0.260 0.724 0.000 -0.644 -0.248 0.783 0.000 -0.305 -0.542 0.703 0.000 -0.705 0.097 0.990 0.000 0.137 -0.020 0.644 0.000 -0.755 0.125 0.995 -0.000 0.089 -0.040 
0.734 0.015 0.068 0.676 0.805 0.000 -0.586 0.091 0.962 0.000 -0.077 -0.260 0.724 0.000 -0.643 -0.249 0.783 0.000 -0.313 -0.538 0.703 0.000 -0.705 0.096 0.990 0.000 0.137 -0.020 0.644 0.000 -0.755 0.124 0.995 0.000 0.089 -0.040 
0.734 0.015 0.068 0.676 0.805 0.000 -0.586 0.091 0.962 -0.000 -0.077 -0.260 0.724 -0.000 -0.643 -0.251 0.782 -0.000 -0.319 -0.535 0.703 0.000 -0.705 0.095 0.990 -0.000 0.137 -0.020 0.644 0.000 -0.755 0.124 0.995 -0.000 0.089 -0.040 
0.734 0.014 0.069 0.676 0.805 0.000 -0.586 0.091 0.962 0.000 -0.077 -0.260 0.723 0.000 -0.641 -0.256 0.784 0.000 -0.323 -0.531 0.703 0.000 -0.705 0.096 0.990 0.000 0.137 -0.020 0.644 -0.000 -0.755 0.124 0.995 0.000 0.089 -0.040 
0.734 0.015 0.068 0.676 0.805 0.000 -0.586 0.091 0.962 0.000 -0.077 -0.261 0.723 0.000 -0.640 -0.258 0.783 0.000 -0.329 -0.527 0.703 0.000 -0.705 0.095 0.990 0.000 0.137 -0.020 0.644 0.000 -0.755 0.124 0.995 0.000 0.089 -0.040 
0.734 0.015 0.068 0.676 0.805 0.000 -0.587 0.090 0.963 -0.000 -0.077 -0.260 0.724 0.000 -0.639 -0.260 0.783 0.000 -0.335 -0.523 0.703 0.000 -0.705 0.095 0.990 0.000 0.137 -0.020 0.644 0.000 -0.755 0.124 0.995 0.000 0.089 -0.040 
0.734 0.015 0.068 0.676 0.805 0.000 -0.587 0.090 0.963 0.000 -0.076 -0.260 0.723 0.000 -0.639 -0.262 0.783 0.000 -0.341 -0.519 0.703 -0.000 -0.705 0.095 0.990 -0.000 0.137 -0.020 0.644 0.000 -0.755 0.124 0.995 0.000 0.090 -0.040 
0.734 0.015 0.068 0.676 0.805 -0.000 -0.587 0.090 0.963 0.000 -0.076 -0.260 0.723 0.000 -0.638 -0.263 0.783 -0.000 -0.347 -0.516 0.703 0.000 -0.705 0.094 0.990 0.000 0.137 -0.019 0.643 0.000 -0.755 0.123 0.995 0.000 0.090 -0.040 
0.734 0.015 0.068 0.676 0.805 0.000 -0.587 0.090 0.963 0.000 -0.076 -0.260 0.723 0.000 -0.637 -0.266 0.784 0.000 -0.352 -0.512 0.703 0.000 -0.705 0.094 0.990 0.000 0.137 -0.020 0.644 0.000 -0.755 0.123 0.995 -0.000 0.089 -0.040 
0.734 0.015 0.068 0.676 0.805 0.000 -0.587 0.089 0.963 0.000 -0.076 -0.260 0.723 -0.000 -0.637 -0.267 0.784 0.000 -0.357 -0.509 0.703 0.000 -0.705 0.094 0.990 0.000 0.137 -0.019 0.644 0.000 -0.755 0.123 0.995 0.000 0.089 -0.040 
0.734 0.015 0.068 0.676 0.805 0.000 -0.587 0.089 0.963 0.000 -0.076 -0.260 0.723 -0.000 -0.636 -0.270 0.784 0.000 -0.361 -0.505 0.703 0.000 -0.705 0.093 0.990 0.000 0.137 -0.019 0.644 0.000 -0.756 0.122 0.995 0.000 0.089 -0.040 
0.734 0.016 0.067 0.676 0.805 -0.000 -0.587 0.089 0.963 0.000 -0.076 -0.260 0.723 -0.000 -0.635 -0.272 0.784 0.000 -0.366 -0.501 0.703 0.000 -0.705 0.093 0.990 0.000 0.137 -0.019 0.644 0.000 -0.756 0.122 0.995 0.000 0.090 -0.040 
0.734 0.016 0.067 0.676 0.805 0.000 -0.587 0.089 0.963 0.000 -0.076 -0.260 0.723 0.000 -0.635 -0.274 0.784 0.000 -0.370 -0.498 0.703 0.000 -0.705 0.093 0.990 0.000 0.137 -0.019 0.644 -0.000 -0.756 0.122 0.995 -0.000 0.089 -0.040 
0.734 0.016 0.067 0.675 0.805 0.000 -0.587 0.089 0.962 0.000 -0.076 -0.260 0.722 0.000 -0.634 -0.276 0.785 0.000 -0.374 -0.494 0.703 0.000 -0.705 0.092 0.990 0.000 0.137 -0.019 0.644 0.000 -0.756 0.121 0.995 0.000 0.090 -0.040 
0.734 0.016 0.067 0.675 0.805 0.000 -0.587 0.089 0.962 0.000 -0.076 -0.261 0.722 -0.000 -0.633 -0.278 0.785 0.000 -0.378 -0.491 0.703 0.000 -0.706 0.092 0.990 0.000 0.137 -0.019 0.644 0.000 -0.756 0.121 0.995 0.000 0.090 -0.040 
0.734 0.017 0.066 0.675 0.805 -0.000 -0.587 0.088 0.962 -0.000 -0.075 -0.261 0.723 0.000 -0.633 -0.277 0.783 -0.000 -0.384 -0.489 0.703 0.000 -0.706 0.090 0.990 0.000 0.137 -0.019 0.644 0.000 -0.756 0.120 0.995 0.000 0.090 -0.040 
0.734 0.017 0.066 0.675 0.805 0.000 -0.587 0.088 0.962 0.000 -0.075 -0.261 0.722 -0.000 -0.632 -0.279 0.783 0.000 -0.388 -0.486 0.703 0.000 -0.706 0.090 0.990 0.000 0.137 -0.018 0.644 0.000 -0.756 0.119 0.995 0.000 0.090 -0.040 
0.734 0.017 0.066 0.675 0.805 -0.000 -0.587 0.087 0.962 0.000 -0.075 -0.261 0.722 -0.000 -0.632 -0.281 0.783 0.000 -0.391 -0.483 0.703 0.000 -0.706 0.089 0.990 0.000 0.137 -0.018 0.644 0.000 -0.756 0.119 0.995 -0.000 0.090 -0.039 
0.735 0.017 0.066 0.675 0.805 -0.000 -0.587 0.087 0.962 0.000 -0.075 -0.261 0.722 0.000 -0.632 -0.283 0.783 0.000 -0.395 -0.481 0.703 0.000 -0.706 0.089 0.990 -0.000 0.137 -0.018 0.644 0.000 -0.756 0.119 0.995 0.000 0.090 -0.039 
0.735 0.017 0.066 0.675 0.805 0.000 -0.587 0.087 0.962 -0.000 -0.075 -0.261 0.722 0.000 -0.631 -0.284 0.783 0.000 -0.398 -0.478 0.703 -0.000 -0.706 0.089 0.990 0.000 0.137 -0.018 0.644 0.000 -0.756 0.118 0.995 0.000 0.090 -0.039 
0.735 0.017 0.066 0.675 0.805 0.000 -0.587 0.087 0.962 0.000 -0.075 -0.261 0.722 0.000 -0.630 -0.286 0.782 0.000 -0.400 -0.477 0.703 0.000 -0.706 0.088 0.990 0.000 0.137 -0.018 0.644 0.000 -0.756 0.118 0.995 0.000 0.090 -0.039 
0.735 0.017 0.066 0.675 0.805 0.000 -0.587 0.087 0.962 -0.000 -0.075 -0.261 0.721 0.000 -0.630 -0.290 0.783 0.000 -0.402 -0.475 0.703 0.000 -0.706 0.089 0.990 0.000 0.137 -0.018 0.644 0.000 -0.756 0.119 0.995 0.000 0.090 -0.039 
0.735 0.017 0.066 0.675 0.805 0.000 -0.587 0.087 0.962 0.000 -0.075 -0.261 0.721 0.000 -0.629 -0.291 0.782 0.000 -0.404 -0.474 0.703 0.000 -0.706 0.089 0.990 0.000 0.137 -0.018 0.644 0.000 -0.756 0.119 0.995 0.000 0.090 -0.039 
0.735 0.017 0.066 0.675 0.805 0.000 -0.588 0.087 0.963 0.000 -0.075 -0.261 0.721 0.000 -0.629 -0.292 0.782 0.000 -0.407 -0.472 0.703 0.000 -0.706 0.088 0.990 0.000 0.137 -0.018 0.644 0.000 -0.756 0.119 0.995 0.000 0.090 -0.039 
0.735 0.017 0.066 0.675 0.805 0.000 -0.588 0.087 0.962 -0.000 -0.075 -0.261 0.721 -0.000 -0.628 -0.293 0.781 0.000 -0.409 -0.471 0.703 0.000 -0.706 0.088 0.990 -0.000 0.137 -0.018 0.644 0.000 -0.756 0.118 0.995 0.000 0.090 -0.040 
0.735 0.017 0.066 0.675 0.805 0.000 -0.588 0.087 0.962 0.000 -0.075 -0.261 0.720 0.000 -0.628 -0.295 0.781 0.000 -0.411 -0.470 0.703 0.000 -0.706 0.088 0.990 0.000 0.137 -0.018 0.644 0.000 -0.756 0.118 0.995 0.000 0.090 -0.039 
0.735 0.018 0.065 0.675 0.804 -0.000 -0.588 0.086 0.962 0.000 -0.074 -0.261 0.721 0.000 -0.628 -0.293 0.779 0.000 -0.415 -0.469 0.703 0.000 -0.706 0.086 0.990 0.000 0.137 -0.018 0.644 0.000 -0.756 0.117 0.995 0.000 0.090 -0.039 
0.735 0.018 0.065 0.675 0.805 0.000 -0.588 0.086 0.963 0.000 -0.074 -0.261 0.721 0.000 -0.627 -0.294 0.779 0.000 -0.417 -0.469 0.703 -0.000 -0.706 0.086 0.990 0.000 0.137 -0.018 0.644 0.000 -0.756 0.117 0.995 0.000 0.090 -0.039 
0.735 0.018 0.065 0.675 0.805 0.000 -0.588 0.085 0.963 0.000 -0.074 -0.260 0.721 0.000 -0.627 -0.295 0.779 0.000 -0.418 -0.468 0.703 0.000 -0.706 0.086 0.990 0.000 0.137 -0.018 0.644 0.000 -0.756 0.116 0.995 0.000 0.090 -0.040 
0.735 0.018 0.065 0.675 0.805 0.000 -0.588 0.085 0.963 0.000 -0.074 -0.261 0.721 0.000 -0.626 -0.296 0.779 0.000 -0.418 -0.468 0.703 0.000 -0.706 0.086 0.990 0.000 0.137 -0.018 0.644 0.000 -0.756 0.116 0.995 0.000 0.090 -0.040 
0.735 0.018 0.065 0.674 0.805 0.000 -0.588 0.085 0.963 0.000 -0.074 -0.261 0.721 -0.000 -0.626 -0.298 0.778 0.000 -0.420 -0.467 0.703 0.000 -0.706 0.086 0.990 0.000 0.137 -0.018 0.644 0.000 -0.756 0.116 0.995 0.000 0.090 -0.040 
0.735 0.018 0.065 0.674 0.804 -0.000 -0.588 0.085 0.963 0.000 -0.074 -0.260 0.721 0.000 -0.625 -0.299 0.778 0.000 -0.421 -0.467 0.703 -0.000 -0.706 0.086 0.990 0.000 0.137 -0.018 0.644 -0.000 -0.756 0.116 0.995 0.000 0.090 -0.040 
0.735 0.018 0.065 0.674 0.805 0.000 -0.588 0.085 0.963 0.000 -0.074 -0.261 0.721 0.000 -0.624 -0.300 0.778 0.000 -0.422 -0.466 0.703 0.000 -0.706 0.085 0.990 0.000 0.137 -0.018 0.644 0.000 -0.756 0.116 0.995 0.000 0.090 -0.039 
0.735 0.018 0.064 0.674 0.805 0.000 -0.588 0.085 0.963 0.000 -0.074 -0.261 0.722 0.000 -0.624 -0.301 0.778 -0.000 -0.423 -0.466 0.703 0.000 -0.706 0.085 0.990 0.000 0.137 -0.018 0.644 0.000 -0.756 0.116 0.995 0.000 0.090 -0.040 
0.735 0.018 0.064 0.674 0.805 0.000 -0.588 0.085 0.963 -0.000 -0.074 -0.261 0.722 0.000 -0.623 -0.302 0.777 -0.000 -0.424 -0.466 0.703 0.000 -0.706 0.085 0.990 -0.000 0.137 -0.018 0.644 0.000 -0.756 0.116 0.995 0.000 0.090 -0.040 
0.736 0.018 0.064 0.674 0.805 -0.000 -0.588 0.085 0.962 0.000 -0.074 -0.261 0.722 0.000 -0.622 -0.303 0.777 0.000 -0.424 -0.466 0.703 0.000 -0.706 0.085 0.990 0.000 0.137 -0.018 0.644 0.000 -0.756 0.116 0.995 0.000 0.090 -0.040 
0.736 0.018 0.064 0.674 0.805 0.000 -0.588 0.086 0.962 0.000 -0.074 -0.261 0.722 -0.000 -0.621 -0.304 0.776 0.000 -0.425 -0.466 0.703 0.000 -0.706 0.085 0.990 0.000 0.137 -0.018 0.644 0.000 -0.756 0.116 0.995 0.000 0.090 -0.040 
0.736 0.018 0.064 0.674 0.805 -0.000 -0.587 0.086 0.962 0.000 -0.074 -0.261 0.722 0.000 -0.621 -0.305 0.776 0.000 -0.426 -0.465 0.703 0.000 -0.706 0.085 0.990 -0.000 0.137 -0.018 0.644 0.000 -0.756 0.116 0.995 0.000 0.090 -0.040 
0.736 0.018 0.064 0.674 0.805 0.000 -0.587 0.085 0.963 0.000 -0.074 -0.261 0.722 0.000 -0.620 -0.306 0.776 0.000 -0.426 -0.465 0.703 0.000 -0.707 0.085 0.990 0.000 0.137 -0.018 0.644 0.000 -0.756 0.115 0.995 0.000 0.090 -0.040 
0.736 0.018 0.064 0.674 0.805 -0.000 -0.587 0.086 0.962 0.000 -0.075 -0.261 0.723 0.000 -0.619 -0.307 0.775 0.000 -0.428 -0.465 0.703 0.000 -0.707 0.084 0.990 0.000 0.137 -0.018 0.644 0.000 -0.756 0.115 0.995 -0.000 0.090 -0.040 
0.736 0.018 0.064 0.674 0.805 0.000 -0.587 0.085 0.963 -0.000 -0.074 -0.261 0.723 -0.000 -0.619 -0.308 0.775 0.000 -0.429 -0.465 0.702 0.000 -0.707 0.084 0.990 0.000 0.137 -0.018 0.644 0.000 -0.756 0.115 0.995 0.000 0.090 -0.040 
0.736 0.019 0.064 0.674 0.805 -0.000 -0.587 0.085 0.962 0.000 -0.075 -0.261 0.723 0.000 -0.618 -0.308 0.774 0.000 -0.430 -0.464 0.703 0.000 -0.707 0.083 0.990 -0.000 0.137 -0.017 0.644 0.000 -0.756 0.115 0.995 -0.000 0.090 -0.040 
0.736 0.019 0.064 0.674 0.805 0.000 -0.587 0.085 0.963 0.000 -0.075 -0.261 0.723 0.000 -0.618 -0.308 0.774 0.000 -0.431 -0.464 0.702 -0.000 -0.707 0.083 0.990 0.000 0.137 -0.017 0.644 0.000 -0.756 0.114 0.995 0.000 0.090 -0.040 
0.736 0.019 0.064 0.674 0.805 0.000 -0.587 0.085 0.963 -0.000 -0.075 -0.261 0.723 -0.000 -0.618 -0.308 0.774 -0.000 -0.432 -0.464 0.702 0.000 -0.707 0.083 0.990 0.000 0.137 -0.017 0.644 -0.000 -0.756 0.114 0.995 0.000 0.090 -0.040 
0.736 0.019 0.064 0.674 0.805 0.000 -0.587 0.085 0.963 0.000 -0.075 -0.261 0.723 -0.000 -0.618 -0.309 0.773 0.000 -0.433 -0.464 0.703 0.000 -0.707 0.082 0.990 0.000 0.137 -0.017 0.644 0.000 -0.756 0.114 0.995 0.000 0.090 -0.040 
0.736 0.019 0.063 0.674 0.805 0.000 -0.587 0.085 0.963 -0.000 -0.075 -0.260 0.723 0.000 -0.618 -0.309 0.773 0.000 -0.434 -0.464 0.702 0.000 -0.707 0.082 0.990 -0.000 0.137 -0.017 0.644 -0.000 -0.756 0.114 0.995 0.000 0.090 -0.040 
0.736 0.019 0.063 0.674 0.805 0.000 -0.587 0.085 0.963 -0.000 -0.075 -0.260 0.723 0.000 -0.617 -0.309 0.772 0.000 -0.435 -0.464 0.702 0.000 -0.707 0.082 0.990 0.000 0.137 -0.017 0.644 0.000 -0.756 0.114 0.995 0.000 0.090 -0.040 
0.736 0.019 0.063 0.674 0.805 0.000 -0.587 0.085 0.963 0.000 -0.075 -0.260 0.723 0.000 -0.618 -0.309 0.772 0.000 -0.435 -0.463 0.702 0.000 -0.707 0.081 0.990 0.000 0.137 -0.017 0.644 0.000 -0.756 0.113 0.995 -0.000 0.090 -0.040 
0.736 0.019 0.063 0.674 0.805 0.000 -0.587 0.085 0.963 0.000 -0.075 -0.260 0.723 0.000 -0.618 -0.309 0.771 0.000 -0.436 -0.464 0.702 0.000 -0.707 0.081 0.990 0.000 0.137 -0.017 0.644 0.000 -0.757 0.113 0.995 0.000 0.090 -0.040 
0.736 0.019 0.063 0.674 0.805 0.000 -0.586 0.085 0.963 0.000 -0.075 -0.260 0.724 0.000 -0.617 -0.309 0.771 0.000 -0.437 -0.463 0.702 0.000 -0.707 0.081 0.990 0.000 0.137 -0.017 0.644 0.000 -0.756 0.113 0.995 0.000 0.090 -0.040 
0.736 0.020 0.063 0.674 0.806 -0.000 -0.586 0.085 0.963 0.000 -0.075 -0.260 0.723 0.000 -0.618 -0.309 0.771 -0.000 -0.437 -0.463 0.702 0.000 -0.707 0.080 0.990 -0.000 0.137 -0.017 0.644 0.000 -0.757 0.112 0.995 0.000 0.090 -0.040 
0.736 0.020 0.063 0.674 0.806 0.000 -0.586 0.085 0.962 0.000 -0.075 -0.261 0.723 0.000 -0.618 -0.309 0.771 -0.000 -0.438 -0.463 0.702 0.000 -0.707 0.080 0.990 0.000 0.137 -0.017 0.644 0.000 -0.757 0.112 0.995 0.000 0.090 -0.040 
0.736 0.020 0.063 0.674 0.806 -0.000 -0.586 0.085 0.962 -0.000 -0.075 -0.261 0.723 0.000 -0.618 -0.309 0.771 -0.000 -0.438 -0.463 0.702 0.000 -0.707 0.080 0.990 0.000 0.137 -0.016 0.644 0.000 -0.757 0.112 0.995 0.000 0.090 -0.040 
0.736 0.020 0.062 0.674 0.806 0.000 -0.586 0.085 0.962 -0.000 -0.075 -0.261 0.723 0.000 -0.618 -0.309 0.771 -0.000 -0.438 -0.463 0.703 0.000 -0.707 0.080 0.990 -0.000 0.137 -0.016 0.644 0.000 -0.757 0.112 0.995 -0.000 0.091 -0.040 
0.736 0.020 0.062 0.674 0.806 0.000 -0.586 0.085 0.962 0.000 -0.076 -0.261 0.723 0.000 -0.618 -0.309 0.771 0.000 -0.438 -0.463 0.703 0.000 -0.707 0.079 0.990 0.000 0.137 -0.016 0.644 0.000 -0.757 0.111 0.995 -0.000 0.090 -0.040 
0.736 0.020 0.062 0.674 0.806 0.000 -0.586 0.086 0.962 0.000 -0.075 -0.261 0.723 -0.000 -0.618 -0.309 0.771 0.000 -0.438 -0.463 0.702 -0.000 -0.707 0.079 0.990 0.000 0.137 -0.016 0.644 0.000 -0.757 0.111 0.995 0.000 0.090 -0.040 
