# T   LUA LFA RUA RFA LT  LS  RT  RS  
1.000 -0.026 0.006 -0.009 0.750 0.000 -0.660 -0.037 0.977 0.000 -0.092 -0.194 0.943 0.000 -0.141 -0.303 0.384 0.000 0.591 -0.710 0.705 -0.000 -0.709 0.020 0.995 0.000 0.042 0.092 0.703 0.000 -0.706 0.082 1.000 0.000 0.016 0.004 
1.000 -0.026 0.006 -0.009 0.750 -0.000 -0.661 -0.036 0.976 0.000 -0.093 -0.196 0.942 0.000 -0.143 -0.303 0.384 0.000 0.595 -0.706 0.705 0.000 -0.709 0.020 0.995 0.000 0.043 0.092 0.703 0.000 -0.707 0.082 1.000 0.000 0.017 0.004 
1.000 -0.026 0.006 -0.009 0.750 0.000 -0.660 -0.035 0.976 0.000 -0.093 -0.196 0.942 0.000 -0.144 -0.304 0.384 0.000 0.599 -0.703 0.705 0.000 -0.709 0.020 0.995 0.000 0.042 0.092 0.703 0.000 -0.707 0.082 1.000 0.000 0.017 0.004 
1.000 -0.026 0.006 -0.009 0.750 -0.000 -0.661 -0.034 0.976 0.000 -0.094 -0.197 0.941 0.000 -0.144 -0.305 0.385 0.000 0.601 -0.700 0.705 0.000 -0.709 0.020 0.995 0.000 0.042 0.092 0.703 0.000 -0.707 0.083 1.000 0.000 0.016 0.004 
1.000 -0.026 0.006 -0.009 0.750 0.000 -0.660 -0.033 0.976 0.000 -0.095 -0.197 0.940 0.000 -0.145 -0.308 0.386 0.000 0.604 -0.697 0.705 0.000 -0.709 0.020 0.995 0.000 0.041 0.092 0.703 0.000 -0.707 0.082 1.000 0.000 0.016 0.004 
1.000 -0.025 0.006 -0.008 0.750 -0.000 -0.660 -0.033 0.976 0.000 -0.095 -0.198 0.939 0.000 -0.145 -0.312 0.386 0.000 0.606 -0.695 0.705 0.000 -0.709 0.020 0.995 0.000 0.042 0.092 0.703 -0.000 -0.707 0.081 1.000 0.000 0.016 0.004 
1.000 -0.025 0.006 -0.007 0.750 -0.000 -0.661 -0.032 0.976 0.000 -0.095 -0.197 0.938 0.000 -0.144 -0.316 0.387 0.000 0.607 -0.694 0.704 -0.000 -0.710 0.020 0.995 0.000 0.043 0.092 0.703 0.000 -0.706 0.081 1.000 0.000 0.016 0.004 
1.000 -0.025 0.006 -0.005 0.750 0.000 -0.661 -0.031 0.976 0.000 -0.095 -0.197 0.936 0.000 -0.143 -0.321 0.388 0.000 0.608 -0.693 0.704 0.000 -0.710 0.020 0.995 0.000 0.043 0.092 0.703 0.000 -0.706 0.080 1.000 0.000 0.016 0.005 
1.000 -0.025 0.006 -0.004 0.750 0.000 -0.661 -0.031 0.976 0.000 -0.095 -0.196 0.934 0.000 -0.143 -0.327 0.388 0.000 0.607 -0.693 0.704 0.000 -0.710 0.021 0.995 -0.000 0.042 0.092 0.703 0.000 -0.706 0.079 1.000 0.000 0.016 0.005 
1.000 -0.025 0.006 -0.002 0.750 0.000 -0.660 -0.031 0.976 0.000 -0.094 -0.194 0.932 0.000 -0.141 -0.333 0.389 -0.000 0.606 -0.693 0.704 0.000 -0.710 0.021 0.995 0.000 0.043 0.092 0.703 -0.000 -0.707 0.079 1.000 0.000 0.016 0.005 
1.000 -0.025 0.006 -0.001 0.750 0.000 -0.660 -0.031 0.977 0.000 -0.094 -0.193 0.931 0.000 -0.140 -0.338 0.390 0.000 0.605 -0.694 0.704 0.000 -0.710 0.021 0.995 0.000 0.043 0.092 0.704 -0.000 -0.706 0.077 1.000 0.000 0.016 0.005 
1.000 -0.025 0.006 0.001 0.751 0.000 -0.660 -0.032 0.977 0.000 -0.094 -0.191 0.928 0.000 -0.138 -0.345 0.391 0.000 0.603 -0.695 0.704 0.000 -0.710 0.022 0.995 0.000 0.042 0.092 0.704 0.000 -0.707 0.076 1.000 0.000 0.016 0.006 
1.000 -0.024 0.007 0.003 0.751 0.000 -0.659 -0.032 0.978 -0.000 -0.094 -0.189 0.926 -0.000 -0.136 -0.352 0.392 0.000 0.600 -0.697 0.704 0.000 -0.710 0.022 0.995 0.000 0.043 0.092 0.704 0.000 -0.706 0.076 1.000 0.000 0.015 0.006 
1.000 -0.024 0.007 0.005 0.751 0.000 -0.659 -0.033 0.978 0.000 -0.093 -0.186 0.924 0.000 -0.133 -0.358 0.393 0.000 0.597 -0.699 0.704 0.000 -0.710 0.023 0.995 0.000 0.042 0.092 0.704 0.000 -0.706 0.075 1.000 0.000 0.016 0.006 
1.000 -0.024 0.007 0.007 0.751 0.000 -0.659 -0.033 0.978 0.000 -0.092 -0.185 0.922 0.000 -0.132 -0.364 0.394 0.000 0.593 -0.702 0.704 0.000 -0.710 0.023 0.995 -0.000 0.042 0.093 0.704 0.000 -0.707 0.074 1.000 0.000 0.016 0.006 
1.000 -0.024 0.007 0.008 0.751 0.000 -0.659 -0.034 0.979 0.000 -0.092 -0.183 0.920 0.000 -0.130 -0.370 0.395 0.000 0.590 -0.705 0.704 0.000 -0.710 0.022 0.995 -0.000 0.042 0.094 0.704 0.000 -0.706 0.072 1.000 0.000 0.015 0.006 
1.000 -0.024 0.007 0.009 0.752 0.000 -0.659 -0.034 0.979 0.000 -0.091 -0.181 0.918 -0.000 -0.128 -0.375 0.396 0.000 0.586 -0.707 0.704 0.000 -0.710 0.022 0.995 0.000 0.042 0.094 0.704 0.000 -0.707 0.071 1.000 0.000 0.015 0.007 
1.000 -0.023 0.007 0.011 0.752 0.000 -0.658 -0.035 0.980 0.000 -0.091 -0.180 0.916 0.000 -0.125 -0.380 0.397 0.000 0.583 -0.709 0.704 0.000 -0.710 0.021 0.995 0.000 0.041 0.094 0.704 0.000 -0.707 0.070 1.000 0.000 0.015 0.007 
1.000 -0.023 0.007 0.011 0.752 -0.000 -0.658 -0.035 0.980 0.000 -0.090 -0.178 0.915 0.000 -0.124 -0.385 0.397 0.000 0.581 -0.711 0.704 0.000 -0.710 0.021 0.995 0.000 0.042 0.095 0.704 -0.000 -0.707 0.069 1.000 0.000 0.015 0.008 
1.000 -0.023 0.007 0.012 0.752 0.000 -0.658 -0.036 0.980 0.000 -0.089 -0.177 0.913 0.000 -0.122 -0.389 0.398 0.000 0.578 -0.713 0.704 -0.000 -0.710 0.020 0.995 0.000 0.041 0.095 0.704 0.000 -0.707 0.068 1.000 0.000 0.015 0.008 
1.000 -0.023 0.007 0.013 0.752 0.000 -0.658 -0.036 0.980 -0.000 -0.088 -0.176 0.912 -0.000 -0.122 -0.393 0.398 0.000 0.572 -0.717 0.704 0.000 -0.710 0.019 0.995 0.000 0.041 0.096 0.704 -0.000 -0.707 0.068 1.000 0.000 0.016 0.008 
1.000 -0.022 0.007 0.013 0.752 0.000 -0.658 -0.037 0.981 0.000 -0.087 -0.174 0.911 0.000 -0.120 -0.395 0.398 0.000 0.570 -0.719 0.704 0.000 -0.710 0.018 0.994 0.000 0.041 0.097 0.704 0.000 -0.707 0.067 1.000 0.000 0.016 0.009 
1.000 -0.022 0.007 0.013 0.752 0.000 -0.658 -0.037 0.981 0.000 -0.086 -0.173 0.910 0.000 -0.119 -0.397 0.398 -0.000 0.569 -0.720 0.704 0.000 -0.710 0.017 0.994 0.000 0.040 0.098 0.704 0.000 -0.707 0.066 1.000 0.000 0.016 0.009 
1.000 -0.022 0.007 0.013 0.752 0.000 -0.658 -0.038 0.981 0.000 -0.085 -0.172 0.910 0.000 -0.118 -0.398 0.398 0.000 0.567 -0.721 0.704 -0.000 -0.710 0.017 0.994 -0.000 0.040 0.098 0.704 0.000 -0.707 0.066 1.000 0.000 0.015 0.008 
1.000 -0.022 0.007 0.013 0.752 -0.000 -0.658 -0.038 0.981 0.000 -0.084 -0.172 0.909 -0.000 -0.117 -0.399 0.398 0.000 0.567 -0.721 0.704 0.000 -0.710 0.016 0.994 -0.000 0.040 0.098 0.704 0.000 -0.707 0.065 1.000 0.000 0.015 0.008 
1.000 -0.021 0.007 0.012 0.752 0.000 -0.658 -0.039 0.982 0.000 -0.083 -0.172 0.910 0.000 -0.117 -0.398 0.397 -0.000 0.568 -0.721 0.704 -0.000 -0.710 0.015 0.994 -0.000 0.039 0.098 0.704 0.000 -0.707 0.065 1.000 -0.000 0.016 0.009 
1.000 -0.021 0.007 0.012 0.752 0.000 -0.658 -0.040 0.982 0.000 -0.082 -0.171 0.910 0.000 -0.117 -0.398 0.397 0.000 0.568 -0.721 0.704 0.000 -0.710 0.014 0.994 0.000 0.039 0.099 0.705 0.000 -0.707 0.065 1.000 -0.000 0.016 0.009 
1.000 -0.021 0.007 0.011 0.752 -0.000 -0.658 -0.041 0.982 -0.000 -0.082 -0.171 0.911 0.000 -0.117 -0.396 0.396 0.000 0.570 -0.720 0.704 0.000 -0.710 0.014 0.994 0.000 0.040 0.098 0.704 0.000 -0.707 0.065 1.000 -0.000 0.016 0.009 
1.000 -0.021 0.007 0.010 0.752 0.000 -0.658 -0.041 0.982 0.000 -0.081 -0.171 0.912 -0.000 -0.117 -0.394 0.395 0.000 0.572 -0.719 0.704 0.000 -0.710 0.013 0.994 0.000 0.039 0.099 0.705 0.000 -0.707 0.065 1.000 0.000 0.016 0.009 
1.000 -0.020 0.007 0.009 0.751 -0.000 -0.658 -0.042 0.982 -0.000 -0.080 -0.172 0.913 0.000 -0.117 -0.391 0.394 0.000 0.574 -0.718 0.704 0.000 -0.710 0.012 0.994 0.000 0.040 0.098 0.705 0.000 -0.707 0.064 1.000 -0.000 0.015 0.008 
1.000 -0.020 0.006 0.007 0.751 0.000 -0.658 -0.042 0.982 -0.000 -0.080 -0.173 0.915 0.000 -0.118 -0.387 0.393 -0.000 0.577 -0.716 0.704 0.000 -0.710 0.011 0.994 -0.000 0.040 0.099 0.705 0.000 -0.707 0.065 1.000 0.000 0.015 0.008 
1.000 -0.020 0.006 0.006 0.751 0.000 -0.658 -0.043 0.982 -0.000 -0.080 -0.173 0.916 0.000 -0.118 -0.382 0.391 -0.000 0.582 -0.713 0.704 0.000 -0.710 0.011 0.994 0.000 0.039 0.098 0.704 0.000 -0.707 0.065 1.000 0.000 0.016 0.008 
1.000 -0.020 0.006 0.005 0.751 0.000 -0.658 -0.044 0.982 0.000 -0.080 -0.174 0.918 0.000 -0.119 -0.378 0.390 0.000 0.585 -0.711 0.704 0.000 -0.710 0.010 0.994 0.000 0.040 0.098 0.704 0.000 -0.707 0.065 1.000 0.000 0.015 0.007 
1.000 -0.020 0.006 0.003 0.751 -0.000 -0.658 -0.045 0.981 0.000 -0.080 -0.175 0.920 0.000 -0.121 -0.373 0.391 -0.000 0.588 -0.708 0.704 0.000 -0.710 0.009 0.994 0.000 0.039 0.098 0.704 0.000 -0.707 0.065 1.000 -0.000 0.014 0.007 
1.000 -0.020 0.006 0.001 0.751 0.000 -0.659 -0.045 0.981 0.000 -0.080 -0.176 0.922 0.000 -0.122 -0.367 0.388 0.000 0.591 -0.707 0.704 0.000 -0.710 0.008 0.994 0.000 0.039 0.098 0.704 -0.000 -0.707 0.066 1.000 0.000 0.014 0.007 
1.000 -0.020 0.006 -0.001 0.751 0.000 -0.659 -0.045 0.981 0.000 -0.080 -0.178 0.924 0.000 -0.124 -0.362 0.387 0.000 0.593 -0.706 0.705 0.000 -0.710 0.007 0.994 0.000 0.040 0.098 0.704 0.000 -0.707 0.066 1.000 0.000 0.015 0.007 
1.000 -0.020 0.006 -0.002 0.751 0.000 -0.659 -0.046 0.981 0.000 -0.081 -0.179 0.926 0.000 -0.127 -0.356 0.386 0.000 0.595 -0.705 0.705 0.000 -0.710 0.007 0.994 0.000 0.040 0.098 0.704 -0.000 -0.707 0.067 1.000 0.000 0.015 0.006 
1.000 -0.019 0.006 -0.004 0.751 0.000 -0.659 -0.046 0.980 0.000 -0.081 -0.180 0.928 0.000 -0.128 -0.349 0.385 0.000 0.598 -0.703 0.704 0.000 -0.710 0.006 0.994 0.000 0.040 0.098 0.704 0.000 -0.707 0.067 1.000 0.000 0.015 0.006 
1.000 -0.019 0.006 -0.006 0.751 0.000 -0.659 -0.046 0.980 0.000 -0.082 -0.183 0.930 -0.000 -0.131 -0.343 0.384 -0.000 0.601 -0.701 0.704 0.000 -0.710 0.005 0.994 -0.000 0.040 0.097 0.704 -0.000 -0.707 0.068 1.000 0.000 0.015 0.006 
1.000 -0.019 0.006 -0.008 0.751 0.000 -0.659 -0.046 0.980 0.000 -0.082 -0.184 0.932 0.000 -0.133 -0.337 0.383 -0.000 0.603 -0.700 0.705 0.000 -0.710 0.004 0.994 0.000 0.040 0.098 0.704 0.000 -0.707 0.068 1.000 0.000 0.016 0.006 
1.000 -0.019 0.006 -0.009 0.751 0.000 -0.659 -0.046 0.979 -0.000 -0.081 -0.186 0.934 0.000 -0.136 -0.330 0.382 0.000 0.606 -0.697 0.706 0.000 -0.709 0.003 0.995 0.000 0.039 0.097 0.703 0.000 -0.708 0.069 1.000 0.000 0.015 0.005 
1.000 -0.019 0.006 -0.010 0.751 -0.000 -0.658 -0.046 0.979 0.000 -0.084 -0.188 0.936 -0.000 -0.137 -0.324 0.381 0.000 0.608 -0.697 0.706 0.000 -0.708 0.003 0.995 0.000 0.039 0.097 0.703 0.000 -0.708 0.070 1.000 0.000 0.015 0.005 
1.000 -0.019 0.006 -0.013 0.751 0.000 -0.659 -0.046 0.978 0.000 -0.084 -0.189 0.938 0.000 -0.140 -0.318 0.381 0.000 0.610 -0.694 0.706 0.000 -0.708 0.002 0.995 0.000 0.039 0.097 0.703 0.000 -0.708 0.070 1.000 0.000 0.015 0.004 
1.000 -0.019 0.006 -0.014 0.751 0.000 -0.659 -0.046 0.978 0.000 -0.083 -0.190 0.939 0.000 -0.142 -0.313 0.382 0.000 0.612 -0.692 0.706 0.000 -0.709 0.001 0.995 0.000 0.039 0.097 0.703 0.000 -0.708 0.070 1.000 0.000 0.014 0.004 
1.000 -0.019 0.006 -0.015 0.751 -0.000 -0.659 -0.044 0.978 0.000 -0.086 -0.193 0.940 0.000 -0.143 -0.310 0.383 0.000 0.615 -0.690 0.706 0.000 -0.708 0.001 0.995 0.000 0.039 0.097 0.703 0.000 -0.708 0.071 1.000 0.000 0.014 0.004 
1.000 -0.019 0.006 -0.016 0.751 0.000 -0.659 -0.043 0.977 0.000 -0.087 -0.194 0.941 0.000 -0.144 -0.306 0.384 0.000 0.616 -0.688 0.706 0.000 -0.708 0.000 0.995 0.000 0.039 0.097 0.703 -0.000 -0.708 0.071 1.000 -0.000 0.015 0.004 
1.000 -0.019 0.006 -0.017 0.751 -0.000 -0.659 -0.042 0.977 0.000 -0.088 -0.195 0.942 0.000 -0.146 -0.304 0.385 0.000 0.617 -0.687 0.706 0.000 -0.708 0.000 0.995 0.000 0.040 0.096 0.703 0.000 -0.708 0.072 1.000 0.000 0.015 0.003 
1.000 -0.019 0.006 -0.018 0.751 -0.000 -0.659 -0.041 0.976 0.000 -0.089 -0.197 0.942 0.000 -0.147 -0.302 0.386 -0.000 0.618 -0.685 0.706 0.000 -0.708 0.000 0.995 0.000 0.040 0.096 0.703 0.000 -0.708 0.072 1.000 -0.000 0.014 0.003 
1.000 -0.019 0.006 -0.018 0.751 0.000 -0.659 -0.039 0.976 0.000 -0.090 -0.198 0.942 0.000 -0.147 -0.302 0.387 0.000 0.619 -0.684 0.706 0.000 -0.708 0.001 0.995 0.000 0.040 0.096 0.703 -0.000 -0.708 0.073 1.000 0.000 0.015 0.003 
1.000 -0.019 0.006 -0.018 0.752 0.000 -0.659 -0.038 0.976 0.000 -0.088 -0.198 0.942 0.000 -0.148 -0.302 0.389 0.000 0.619 -0.683 0.706 0.000 -0.708 0.001 0.995 0.000 0.040 0.095 0.703 -0.000 -0.708 0.073 1.000 0.000 0.014 0.003 
1.000 -0.019 0.006 -0.018 0.752 0.000 -0.658 -0.037 0.976 0.000 -0.091 -0.198 0.942 0.000 -0.147 -0.303 0.390 0.000 0.619 -0.682 0.706 0.000 -0.708 0.001 0.995 0.000 0.040 0.095 0.703 0.000 -0.708 0.072 1.000 0.000 0.015 0.003 
1.000 -0.019 0.006 -0.018 0.752 0.000 -0.658 -0.036 0.976 0.000 -0.092 -0.198 0.941 0.000 -0.147 -0.305 0.392 0.000 0.618 -0.682 0.706 0.000 -0.708 0.001 0.995 0.000 0.040 0.095 0.703 0.000 -0.708 0.072 1.000 0.000 0.015 0.003 
1.000 -0.019 0.006 -0.017 0.752 0.000 -0.658 -0.034 0.976 0.000 -0.092 -0.197 0.940 0.000 -0.146 -0.308 0.393 0.000 0.617 -0.682 0.706 0.000 -0.708 0.001 0.995 0.000 0.040 0.095 0.703 0.000 -0.708 0.072 1.000 0.000 0.015 0.003 
1.000 -0.019 0.006 -0.016 0.752 0.000 -0.658 -0.033 0.976 0.000 -0.093 -0.197 0.939 0.000 -0.146 -0.312 0.394 -0.000 0.615 -0.683 0.706 0.000 -0.708 0.001 0.995 -0.000 0.040 0.095 0.703 0.000 -0.708 0.071 1.000 0.000 0.014 0.003 
1.000 -0.019 0.006 -0.015 0.752 0.000 -0.658 -0.032 0.976 0.000 -0.093 -0.195 0.937 0.000 -0.145 -0.316 0.397 0.000 0.612 -0.684 0.706 0.000 -0.708 0.002 0.995 0.000 0.040 0.095 0.703 0.000 -0.708 0.071 1.000 0.000 0.014 0.003 
1.000 -0.019 0.006 -0.014 0.752 0.000 -0.658 -0.032 0.977 0.000 -0.093 -0.193 0.936 0.000 -0.143 -0.321 0.397 0.000 0.611 -0.685 0.706 -0.000 -0.709 0.002 0.995 0.000 0.040 0.095 0.703 0.000 -0.708 0.070 1.000 0.000 0.015 0.004 
1.000 -0.019 0.006 -0.012 0.752 0.000 -0.658 -0.031 0.977 0.000 -0.093 -0.192 0.935 0.000 -0.141 -0.326 0.398 0.000 0.608 -0.686 0.706 0.000 -0.709 0.003 0.995 0.000 0.040 0.095 0.703 -0.000 -0.708 0.069 1.000 0.000 0.015 0.004 
1.000 -0.019 0.006 -0.010 0.752 0.000 -0.658 -0.031 0.978 0.000 -0.093 -0.189 0.933 0.000 -0.139 -0.332 0.400 0.000 0.605 -0.689 0.706 -0.000 -0.709 0.004 0.995 0.000 0.040 0.094 0.703 0.000 -0.708 0.069 1.000 0.000 0.015 0.004 
1.000 -0.019 0.006 -0.009 0.752 0.000 -0.658 -0.031 0.978 0.000 -0.092 -0.187 0.931 0.000 -0.137 -0.338 0.401 0.000 0.601 -0.691 0.706 0.000 -0.709 0.005 0.995 0.000 0.040 0.094 0.703 -0.000 -0.708 0.068 1.000 0.000 0.015 0.004 
1.000 -0.019 0.006 -0.007 0.752 0.000 -0.658 -0.031 0.979 0.000 -0.092 -0.184 0.929 -0.000 -0.133 -0.344 0.402 -0.000 0.597 -0.695 0.704 0.000 -0.710 0.005 0.995 0.000 0.040 0.094 0.703 0.000 -0.708 0.067 1.000 0.000 0.015 0.004 
1.000 -0.018 0.006 -0.005 0.752 0.000 -0.658 -0.031 0.979 0.000 -0.092 -0.181 0.928 -0.000 -0.130 -0.350 0.403 0.000 0.592 -0.698 0.704 -0.000 -0.710 0.006 0.995 0.000 0.040 0.094 0.704 0.000 -0.707 0.066 1.000 -0.000 0.015 0.005 
1.000 -0.018 0.006 -0.003 0.753 -0.000 -0.658 -0.031 0.980 -0.000 -0.089 -0.179 0.926 0.000 -0.128 -0.356 0.404 -0.000 0.588 -0.701 0.704 0.000 -0.710 0.006 0.995 -0.000 0.041 0.094 0.704 0.000 -0.707 0.066 1.000 0.000 0.015 0.005 
1.000 -0.018 0.006 -0.001 0.753 0.000 -0.658 -0.031 0.980 0.000 -0.088 -0.176 0.924 0.000 -0.125 -0.362 0.405 0.000 0.584 -0.704 0.704 0.000 -0.710 0.007 0.995 -0.000 0.040 0.094 0.704 -0.000 -0.707 0.065 1.000 0.000 0.015 0.005 
1.000 -0.018 0.006 0.001 0.753 -0.000 -0.658 -0.031 0.981 0.000 -0.087 -0.174 0.922 0.000 -0.123 -0.368 0.406 0.000 0.579 -0.707 0.704 0.000 -0.710 0.007 0.995 -0.000 0.040 0.094 0.704 0.000 -0.707 0.064 1.000 0.000 0.015 0.005 
1.000 -0.018 0.006 0.002 0.753 -0.000 -0.658 -0.031 0.981 0.000 -0.086 -0.172 0.920 0.000 -0.121 -0.372 0.406 0.000 0.575 -0.711 0.704 0.000 -0.710 0.007 0.995 0.000 0.040 0.095 0.704 0.000 -0.707 0.063 1.000 0.000 0.015 0.006 
1.000 -0.018 0.006 0.003 0.753 -0.000 -0.657 -0.031 0.982 0.000 -0.086 -0.170 0.919 0.000 -0.118 -0.377 0.407 0.000 0.570 -0.713 0.704 0.000 -0.710 0.007 0.995 0.000 0.041 0.095 0.704 0.000 -0.707 0.063 1.000 0.000 0.015 0.006 
1.000 -0.018 0.006 0.005 0.753 0.000 -0.657 -0.031 0.982 0.000 -0.087 -0.168 0.917 0.000 -0.117 -0.382 0.408 0.000 0.565 -0.717 0.704 0.000 -0.710 0.008 0.995 0.000 0.040 0.096 0.704 -0.000 -0.707 0.062 1.000 0.000 0.015 0.006 
1.000 -0.018 0.006 0.006 0.753 0.000 -0.657 -0.032 0.982 0.000 -0.086 -0.167 0.915 0.000 -0.116 -0.385 0.408 0.000 0.562 -0.720 0.704 0.000 -0.710 0.008 0.995 -0.000 0.039 0.096 0.704 0.000 -0.707 0.061 1.000 0.000 0.015 0.006 
1.000 -0.018 0.006 0.006 0.753 0.000 -0.657 -0.031 0.982 0.000 -0.086 -0.166 0.914 -0.000 -0.114 -0.389 0.408 0.000 0.559 -0.722 0.704 0.000 -0.710 0.008 0.995 -0.000 0.040 0.096 0.704 0.000 -0.707 0.061 1.000 0.000 0.015 0.006 
1.000 -0.018 0.006 0.007 0.753 0.000 -0.657 -0.031 0.983 0.000 -0.085 -0.165 0.914 -0.000 -0.112 -0.391 0.408 0.000 0.558 -0.723 0.704 -0.000 -0.710 0.008 0.995 -0.000 0.039 0.096 0.704 -0.000 -0.707 0.060 1.000 0.000 0.015 0.006 
1.000 -0.018 0.006 0.008 0.753 0.000 -0.657 -0.031 0.983 -0.000 -0.084 -0.164 0.913 0.000 -0.111 -0.393 0.407 0.000 0.557 -0.724 0.704 0.000 -0.710 0.007 0.995 0.000 0.039 0.096 0.704 0.000 -0.707 0.060 1.000 0.000 0.015 0.006 
1.000 -0.018 0.006 0.008 0.753 0.000 -0.657 -0.031 0.983 -0.000 -0.082 -0.164 0.913 -0.000 -0.110 -0.393 0.407 0.000 0.556 -0.724 0.704 0.000 -0.710 0.007 0.995 0.000 0.039 0.097 0.705 0.000 -0.707 0.060 1.000 0.000 0.015 0.006 
1.000 -0.018 0.006 0.008 0.753 0.000 -0.657 -0.031 0.983 0.000 -0.081 -0.163 0.913 0.000 -0.110 -0.393 0.406 0.000 0.557 -0.724 0.704 0.000 -0.710 0.007 0.995 0.000 0.039 0.097 0.705 0.000 -0.707 0.060 1.000 0.000 0.015 0.006 
1.000 -0.018 0.006 0.008 0.753 -0.000 -0.657 -0.032 0.983 -0.000 -0.083 -0.163 0.913 0.000 -0.109 -0.393 0.406 0.000 0.557 -0.724 0.704 0.000 -0.711 0.007 0.995 0.000 0.039 0.097 0.705 0.000 -0.707 0.060 1.000 0.000 0.015 0.006 
1.000 -0.018 0.006 0.008 0.753 0.000 -0.658 -0.031 0.983 0.000 -0.082 -0.163 0.913 0.000 -0.109 -0.392 0.405 -0.000 0.559 -0.724 0.704 0.000 -0.711 0.007 0.995 0.000 0.039 0.097 0.705 0.000 -0.707 0.060 1.000 0.000 0.015 0.006 
1.000 -0.018 0.006 0.007 0.753 0.000 -0.657 -0.032 0.983 0.000 -0.083 -0.163 0.914 0.000 -0.109 -0.391 0.404 0.000 0.560 -0.723 0.704 -0.000 -0.711 0.007 0.995 0.000 0.039 0.097 0.705 0.000 -0.707 0.060 1.000 0.000 0.015 0.006 
1.000 -0.018 0.006 0.007 0.753 0.000 -0.658 -0.033 0.983 0.000 -0.081 -0.163 0.915 0.000 -0.110 -0.388 0.403 0.000 0.563 -0.722 0.704 0.000 -0.711 0.007 0.995 -0.000 0.039 0.097 0.705 0.000 -0.707 0.061 1.000 0.000 0.015 0.006 
1.000 -0.018 0.006 0.006 0.752 0.000 -0.658 -0.033 0.983 -0.000 -0.081 -0.164 0.916 0.000 -0.111 -0.385 0.402 0.000 0.564 -0.721 0.704 0.000 -0.711 0.007 0.995 0.000 0.040 0.097 0.705 0.000 -0.707 0.061 1.000 0.000 0.015 0.006 
1.000 -0.018 0.006 0.005 0.753 0.000 -0.657 -0.034 0.983 0.000 -0.082 -0.164 0.918 0.000 -0.112 -0.382 0.400 -0.000 0.567 -0.720 0.704 0.000 -0.711 0.007 0.995 0.000 0.039 0.097 0.705 0.000 -0.707 0.062 1.000 0.000 0.015 0.006 
1.000 -0.018 0.006 0.004 0.752 0.000 -0.658 -0.035 0.983 0.000 -0.080 -0.165 0.920 0.000 -0.112 -0.377 0.399 0.000 0.572 -0.717 0.704 0.000 -0.711 0.007 0.995 0.000 0.040 0.097 0.705 0.000 -0.707 0.062 1.000 0.000 0.015 0.006 
1.000 -0.018 0.006 0.003 0.752 0.000 -0.659 -0.035 0.983 0.000 -0.080 -0.166 0.921 0.000 -0.114 -0.372 0.398 0.000 0.574 -0.715 0.704 0.000 -0.710 0.007 0.995 0.000 0.039 0.097 0.705 0.000 -0.707 0.063 1.000 0.000 0.015 0.006 
1.000 -0.018 0.006 0.002 0.752 0.000 -0.659 -0.036 0.983 -0.000 -0.080 -0.167 0.923 0.000 -0.116 -0.367 0.397 0.000 0.577 -0.714 0.704 -0.000 -0.711 0.006 0.995 -0.000 0.040 0.097 0.704 0.000 -0.707 0.063 1.000 -0.000 0.016 0.006 
1.000 -0.018 0.006 0.001 0.751 0.000 -0.659 -0.037 0.982 -0.000 -0.080 -0.168 0.925 0.000 -0.118 -0.362 0.395 0.000 0.579 -0.713 0.704 0.000 -0.710 0.007 0.995 0.000 0.040 0.096 0.704 0.000 -0.707 0.064 1.000 0.000 0.016 0.006 
1.000 -0.019 0.006 -0.001 0.751 0.000 -0.659 -0.037 0.982 -0.000 -0.081 -0.169 0.927 0.000 -0.120 -0.356 0.395 0.000 0.581 -0.712 0.704 0.000 -0.710 0.007 0.995 0.000 0.040 0.096 0.704 0.000 -0.707 0.065 1.000 0.000 0.016 0.006 
1.000 -0.019 0.006 -0.002 0.751 0.000 -0.659 -0.038 0.982 0.000 -0.081 -0.171 0.929 0.000 -0.123 -0.350 0.393 0.000 0.582 -0.711 0.704 0.000 -0.710 0.007 0.995 0.000 0.041 0.095 0.704 0.000 -0.707 0.066 1.000 0.000 0.015 0.005 
1.000 -0.019 0.006 -0.004 0.751 0.000 -0.659 -0.039 0.982 0.000 -0.082 -0.172 0.931 -0.000 -0.125 -0.343 0.394 -0.000 0.584 -0.710 0.704 0.000 -0.710 0.006 0.995 0.000 0.040 0.096 0.704 0.000 -0.707 0.067 1.000 0.000 0.016 0.005 
1.000 -0.019 0.006 -0.006 0.751 0.000 -0.659 -0.039 0.981 0.000 -0.082 -0.174 0.933 -0.000 -0.128 -0.337 0.392 0.000 0.587 -0.709 0.704 0.000 -0.710 0.006 0.995 0.000 0.041 0.095 0.704 0.000 -0.707 0.068 1.000 -0.000 0.015 0.005 
1.000 -0.020 0.006 -0.007 0.751 -0.000 -0.660 -0.039 0.981 0.000 -0.082 -0.176 0.934 0.000 -0.131 -0.332 0.391 0.000 0.588 -0.708 0.704 0.000 -0.710 0.007 0.995 0.000 0.041 0.095 0.704 0.000 -0.707 0.069 1.000 -0.000 0.015 0.005 
1.000 -0.020 0.006 -0.009 0.751 0.000 -0.659 -0.040 0.981 -0.000 -0.084 -0.177 0.936 -0.000 -0.133 -0.326 0.390 0.000 0.591 -0.706 0.704 -0.000 -0.710 0.006 0.995 0.000 0.041 0.095 0.704 0.000 -0.707 0.070 1.000 0.000 0.015 0.005 
1.000 -0.020 0.006 -0.010 0.751 0.000 -0.659 -0.040 0.980 0.000 -0.085 -0.180 0.938 0.000 -0.136 -0.320 0.390 0.000 0.592 -0.705 0.705 0.000 -0.709 0.006 0.995 0.000 0.041 0.095 0.703 0.000 -0.707 0.071 1.000 -0.000 0.015 0.005 
1.000 -0.020 0.006 -0.011 0.751 -0.000 -0.659 -0.039 0.980 0.000 -0.086 -0.181 0.939 0.000 -0.139 -0.316 0.390 0.000 0.594 -0.704 0.705 0.000 -0.709 0.007 0.995 0.000 0.041 0.095 0.703 0.000 -0.707 0.072 1.000 -0.000 0.015 0.004 
1.000 -0.021 0.006 -0.013 0.751 0.000 -0.659 -0.039 0.979 0.000 -0.087 -0.183 0.940 0.000 -0.141 -0.311 0.390 0.000 0.595 -0.703 0.705 0.000 -0.709 0.007 0.995 -0.000 0.041 0.094 0.703 0.000 -0.707 0.074 1.000 0.000 0.015 0.004 
1.000 -0.021 0.006 -0.014 0.751 0.000 -0.659 -0.039 0.979 0.000 -0.088 -0.185 0.941 -0.000 -0.142 -0.308 0.391 0.000 0.597 -0.700 0.705 -0.000 -0.709 0.007 0.995 0.000 0.040 0.094 0.703 0.000 -0.708 0.074 1.000 0.000 0.015 0.004 
1.000 -0.021 0.006 -0.015 0.751 0.000 -0.659 -0.038 0.978 0.000 -0.089 -0.187 0.942 0.000 -0.143 -0.305 0.391 0.000 0.599 -0.699 0.706 0.000 -0.709 0.007 0.995 0.000 0.040 0.095 0.703 -0.000 -0.707 0.075 1.000 0.000 0.015 0.004 
1.000 -0.021 0.006 -0.016 0.751 -0.000 -0.659 -0.037 0.978 0.000 -0.090 -0.188 0.942 -0.000 -0.144 -0.303 0.391 -0.000 0.600 -0.697 0.706 0.000 -0.709 0.007 0.995 -0.000 0.040 0.095 0.703 0.000 -0.707 0.076 1.000 0.000 0.015 0.004 
1.000 -0.021 0.006 -0.017 0.751 0.000 -0.659 -0.036 0.978 0.000 -0.091 -0.190 0.943 0.000 -0.144 -0.302 0.392 -0.000 0.602 -0.696 0.705 0.000 -0.709 0.006 0.995 0.000 0.041 0.095 0.703 0.000 -0.707 0.076 1.000 -0.000 0.015 0.004 
1.000 -0.021 0.006 -0.017 0.752 0.000 -0.659 -0.035 0.977 0.000 -0.092 -0.191 0.942 0.000 -0.144 -0.302 0.392 0.000 0.602 -0.695 0.705 -0.000 -0.709 0.006 0.995 -0.000 0.040 0.095 0.703 -0.000 -0.707 0.076 1.000 -0.000 0.016 0.004 
1.000 -0.022 0.006 -0.017 0.752 0.000 -0.659 -0.034 0.977 0.000 -0.093 -0.192 0.942 -0.000 -0.143 -0.303 0.393 0.000 0.602 -0.695 0.706 0.000 -0.709 0.007 0.995 0.000 0.041 0.094 0.703 0.000 -0.707 0.076 1.000 -0.000 0.015 0.004 
1.000 -0.022 0.006 -0.017 0.752 0.000 -0.658 -0.033 0.977 0.000 -0.094 -0.192 0.942 0.000 -0.142 -0.305 0.394 -0.000 0.602 -0.695 0.706 0.000 -0.709 0.007 0.995 0.000 0.041 0.094 0.703 -0.000 -0.707 0.077 1.000 0.000 0.015 0.004 
1.000 -0.022 0.006 -0.016 0.752 -0.000 -0.659 -0.033 0.977 0.000 -0.094 -0.192 0.941 -0.000 -0.141 -0.307 0.395 0.000 0.602 -0.695 0.706 0.000 -0.709 0.008 0.995 -0.000 0.041 0.094 0.703 -0.000 -0.707 0.077 1.000 -0.000 0.015 0.004 
1.000 -0.022 0.006 -0.015 0.752 0.000 -0.658 -0.033 0.977 0.000 -0.095 -0.191 0.941 -0.000 -0.138 -0.310 0.395 -0.000 0.601 -0.694 0.705 0.000 -0.709 0.009 0.995 0.000 0.042 0.094 0.703 0.000 -0.707 0.076 1.000 0.000 0.015 0.004 
1.000 -0.022 0.006 -0.014 0.752 0.000 -0.658 -0.032 0.977 0.000 -0.096 -0.191 0.940 0.000 -0.136 -0.314 0.396 0.000 0.601 -0.694 0.705 0.000 -0.709 0.009 0.995 0.000 0.041 0.094 0.703 0.000 -0.707 0.076 1.000 -0.000 0.015 0.004 
1.000 -0.021 0.006 -0.014 0.752 -0.000 -0.658 -0.033 0.977 0.000 -0.096 -0.190 0.939 0.000 -0.134 -0.317 0.396 -0.000 0.599 -0.696 0.705 0.000 -0.709 0.009 0.995 0.000 0.041 0.094 0.703 -0.000 -0.707 0.076 1.000 -0.000 0.016 0.004 
1.000 -0.021 0.006 -0.012 0.752 0.000 -0.658 -0.033 0.977 0.000 -0.097 -0.189 0.938 0.000 -0.132 -0.321 0.397 0.000 0.598 -0.697 0.705 0.000 -0.709 0.010 0.995 0.000 0.041 0.094 0.703 0.000 -0.707 0.075 1.000 0.000 0.016 0.004 
1.000 -0.021 0.006 -0.011 0.753 0.000 -0.657 -0.033 0.978 0.000 -0.097 -0.187 0.937 0.000 -0.128 -0.326 0.397 0.000 0.596 -0.698 0.705 0.000 -0.709 0.010 0.995 -0.000 0.042 0.094 0.703 -0.000 -0.707 0.075 1.000 0.000 0.016 0.004 
1.000 -0.021 0.006 -0.010 0.753 -0.000 -0.657 -0.034 0.978 0.000 -0.097 -0.185 0.935 0.000 -0.126 -0.331 0.400 -0.000 0.594 -0.698 0.705 0.000 -0.709 0.011 0.995 -0.000 0.041 0.094 0.703 0.000 -0.707 0.075 1.000 0.000 0.016 0.004 
1.000 -0.022 0.006 -0.008 0.753 -0.000 -0.657 -0.035 0.978 0.000 -0.097 -0.183 0.933 0.000 -0.123 -0.337 0.400 0.000 0.591 -0.701 0.704 -0.000 -0.710 0.012 0.995 -0.000 0.042 0.093 0.704 0.000 -0.706 0.074 1.000 -0.000 0.015 0.004 
1.000 -0.022 0.006 -0.006 0.753 0.000 -0.657 -0.035 0.979 0.000 -0.097 -0.181 0.932 0.000 -0.120 -0.342 0.400 0.000 0.588 -0.703 0.704 0.000 -0.710 0.013 0.995 -0.000 0.042 0.093 0.704 0.000 -0.706 0.074 1.000 0.000 0.016 0.005 
1.000 -0.022 0.006 -0.005 0.753 0.000 -0.657 -0.037 0.979 0.000 -0.096 -0.179 0.931 0.000 -0.117 -0.346 0.401 0.000 0.586 -0.704 0.703 0.000 -0.711 0.013 0.995 0.000 0.041 0.094 0.704 0.000 -0.706 0.073 1.000 0.000 0.016 0.004 
1.000 -0.022 0.006 -0.003 0.753 0.000 -0.657 -0.038 0.980 0.000 -0.095 -0.176 0.929 0.000 -0.114 -0.351 0.402 0.000 0.582 -0.707 0.703 -0.000 -0.711 0.014 0.995 0.000 0.042 0.093 0.704 0.000 -0.706 0.073 1.000 0.000 0.015 0.005 
1.000 -0.022 0.006 -0.002 0.753 0.000 -0.657 -0.039 0.980 0.000 -0.092 -0.175 0.928 -0.000 -0.111 -0.355 0.402 -0.000 0.579 -0.709 0.703 -0.000 -0.711 0.014 0.995 0.000 0.041 0.094 0.704 -0.000 -0.706 0.073 1.000 0.000 0.016 0.005 
1.000 -0.022 0.006 -0.001 0.753 0.000 -0.657 -0.039 0.980 0.000 -0.093 -0.173 0.927 -0.000 -0.108 -0.359 0.403 0.000 0.575 -0.712 0.703 0.000 -0.711 0.014 0.995 -0.000 0.042 0.094 0.704 0.000 -0.706 0.072 1.000 -0.000 0.016 0.005 
1.000 -0.022 0.006 0.000 0.753 0.000 -0.656 -0.041 0.981 0.000 -0.093 -0.171 0.926 0.000 -0.106 -0.363 0.403 -0.000 0.572 -0.714 0.703 -0.000 -0.711 0.015 0.995 -0.000 0.042 0.094 0.705 -0.000 -0.706 0.072 1.000 0.000 0.016 0.005 
1.000 -0.022 0.006 0.001 0.753 0.000 -0.656 -0.042 0.981 0.000 -0.092 -0.169 0.925 0.000 -0.104 -0.367 0.404 0.000 0.569 -0.716 0.703 0.000 -0.711 0.015 0.995 0.000 0.041 0.094 0.705 0.000 -0.706 0.071 1.000 0.000 0.016 0.005 
1.000 -0.022 0.006 0.002 0.753 0.000 -0.657 -0.042 0.981 0.000 -0.091 -0.169 0.924 0.000 -0.101 -0.370 0.404 -0.000 0.567 -0.718 0.703 0.000 -0.711 0.016 0.995 0.000 0.041 0.094 0.705 0.000 -0.706 0.071 1.000 0.000 0.016 0.005 
1.000 -0.022 0.006 0.003 0.753 0.000 -0.657 -0.043 0.982 0.000 -0.088 -0.168 0.923 0.000 -0.099 -0.372 0.404 0.000 0.564 -0.720 0.703 -0.000 -0.711 0.016 0.995 0.000 0.041 0.094 0.705 0.000 -0.706 0.070 1.000 0.000 0.016 0.005 
1.000 -0.021 0.006 0.004 0.753 -0.000 -0.657 -0.044 0.982 0.000 -0.087 -0.167 0.922 0.000 -0.098 -0.374 0.405 0.000 0.563 -0.721 0.703 -0.000 -0.711 0.016 0.995 0.000 0.041 0.093 0.705 0.000 -0.706 0.070 1.000 -0.000 0.016 0.006 
1.000 -0.022 0.006 0.005 0.753 -0.000 -0.657 -0.045 0.982 0.000 -0.087 -0.166 0.922 0.000 -0.097 -0.375 0.404 0.000 0.561 -0.722 0.703 0.000 -0.711 0.017 0.995 0.000 0.041 0.093 0.705 0.000 -0.706 0.070 1.000 0.000 0.016 0.005 
1.000 -0.022 0.006 0.005 0.753 0.000 -0.657 -0.045 0.982 0.000 -0.087 -0.166 0.922 0.000 -0.096 -0.376 0.404 0.000 0.560 -0.723 0.703 0.000 -0.711 0.017 0.995 0.000 0.041 0.094 0.705 -0.000 -0.706 0.070 1.000 0.000 0.016 0.005 
1.000 -0.022 0.006 0.005 0.752 -0.000 -0.658 -0.046 0.982 0.000 -0.085 -0.166 0.922 0.000 -0.095 -0.376 0.404 0.000 0.560 -0.724 0.702 -0.000 -0.711 0.017 0.995 0.000 0.042 0.093 0.705 0.000 -0.706 0.070 1.000 -0.000 0.016 0.005 
1.000 -0.022 0.006 0.005 0.752 0.000 -0.658 -0.046 0.982 0.000 -0.084 -0.167 0.922 0.000 -0.095 -0.376 0.404 0.000 0.559 -0.724 0.702 -0.000 -0.711 0.017 0.995 0.000 0.041 0.093 0.705 0.000 -0.706 0.070 1.000 0.000 0.016 0.005 
1.000 -0.022 0.006 0.005 0.752 0.000 -0.658 -0.047 0.982 0.000 -0.084 -0.167 0.922 0.000 -0.096 -0.375 0.404 0.000 0.560 -0.724 0.703 0.000 -0.711 0.017 0.995 -0.000 0.041 0.093 0.705 0.000 -0.706 0.070 1.000 0.000 0.015 0.005 
1.000 -0.022 0.006 0.005 0.751 0.000 -0.659 -0.047 0.982 -0.000 -0.082 -0.168 0.923 -0.000 -0.096 -0.373 0.403 -0.000 0.560 -0.723 0.702 0.000 -0.711 0.017 0.995 0.000 0.041 0.093 0.705 -0.000 -0.705 0.070 1.000 0.000 0.017 0.006 
1.000 -0.022 0.006 0.005 0.751 -0.000 -0.658 -0.048 0.982 0.000 -0.082 -0.168 0.923 0.000 -0.098 -0.371 0.402 0.000 0.561 -0.723 0.702 0.000 -0.712 0.017 0.995 0.000 0.041 0.093 0.705 -0.000 -0.706 0.071 1.000 0.000 0.017 0.005 
1.000 -0.022 0.006 0.004 0.751 0.000 -0.659 -0.049 0.982 0.000 -0.082 -0.169 0.924 0.000 -0.099 -0.369 0.402 0.000 0.563 -0.722 0.703 0.000 -0.711 0.018 0.995 0.000 0.041 0.093 0.705 0.000 -0.706 0.071 1.000 0.000 0.016 0.005 
1.000 -0.022 0.006 0.004 0.751 0.000 -0.659 -0.050 0.982 0.000 -0.082 -0.170 0.925 0.000 -0.101 -0.366 0.401 0.000 0.565 -0.721 0.703 0.000 -0.711 0.018 0.995 0.000 0.041 0.093 0.705 0.000 -0.706 0.071 1.000 0.000 0.016 0.005 
1.000 -0.022 0.006 0.003 0.751 0.000 -0.659 -0.051 0.982 0.000 -0.082 -0.171 0.926 0.000 -0.103 -0.363 0.400 0.000 0.566 -0.721 0.703 0.000 -0.711 0.018 0.995 0.000 0.041 0.093 0.705 -0.000 -0.706 0.072 1.000 0.000 0.017 0.005 
1.000 -0.022 0.006 0.002 0.750 0.000 -0.659 -0.051 0.981 0.000 -0.082 -0.173 0.927 0.000 -0.105 -0.359 0.399 0.000 0.570 -0.718 0.703 -0.000 -0.711 0.017 0.995 0.000 0.042 0.093 0.705 0.000 -0.706 0.072 1.000 -0.000 0.017 0.006 
1.000 -0.022 0.006 0.002 0.750 0.000 -0.659 -0.052 0.981 0.000 -0.083 -0.175 0.929 0.000 -0.108 -0.354 0.398 0.000 0.572 -0.717 0.703 -0.000 -0.711 0.017 0.995 0.000 0.042 0.093 0.705 0.000 -0.706 0.072 1.000 0.000 0.017 0.005 
1.000 -0.022 0.006 0.000 0.750 -0.000 -0.659 -0.052 0.981 0.000 -0.083 -0.176 0.930 -0.000 -0.110 -0.350 0.397 0.000 0.575 -0.715 0.703 0.000 -0.711 0.017 0.995 -0.000 0.041 0.093 0.705 0.000 -0.706 0.073 1.000 0.000 0.016 0.005 
1.000 -0.022 0.006 -0.001 0.749 -0.000 -0.660 -0.053 0.981 0.000 -0.083 -0.178 0.932 0.000 -0.113 -0.345 0.397 0.000 0.577 -0.714 0.703 -0.000 -0.711 0.017 0.995 0.000 0.041 0.093 0.705 0.000 -0.706 0.074 1.000 0.000 0.017 0.005 
1.000 -0.022 0.006 -0.002 0.750 -0.000 -0.660 -0.054 0.980 0.000 -0.084 -0.179 0.933 -0.000 -0.115 -0.340 0.396 0.000 0.580 -0.712 0.703 0.000 -0.711 0.017 0.995 0.000 0.042 0.092 0.705 0.000 -0.706 0.074 1.000 0.000 0.016 0.005 
1.000 -0.023 0.006 -0.003 0.750 -0.000 -0.660 -0.054 0.980 0.000 -0.086 -0.182 0.935 0.000 -0.118 -0.335 0.396 0.000 0.583 -0.709 0.703 0.000 -0.711 0.017 0.995 -0.000 0.042 0.093 0.705 -0.000 -0.706 0.075 1.000 0.000 0.017 0.005 
1.000 -0.023 0.006 -0.004 0.750 0.000 -0.660 -0.054 0.979 0.000 -0.087 -0.184 0.937 0.000 -0.121 -0.329 0.395 -0.000 0.586 -0.707 0.703 0.000 -0.711 0.017 0.995 0.000 0.043 0.092 0.704 0.000 -0.706 0.076 1.000 0.000 0.017 0.005 
1.000 -0.023 0.006 -0.005 0.750 0.000 -0.660 -0.054 0.979 0.000 -0.088 -0.186 0.938 0.000 -0.124 -0.324 0.395 -0.000 0.590 -0.704 0.703 0.000 -0.711 0.017 0.995 0.000 0.043 0.092 0.704 -0.000 -0.706 0.076 1.000 0.000 0.017 0.005 
1.000 -0.023 0.006 -0.006 0.750 0.000 -0.660 -0.054 0.978 0.000 -0.089 -0.188 0.939 -0.000 -0.127 -0.319 0.395 0.000 0.592 -0.703 0.703 0.000 -0.711 0.017 0.995 0.000 0.042 0.092 0.704 0.000 -0.706 0.077 1.000 0.000 0.016 0.004 
1.000 -0.024 0.006 -0.007 0.750 -0.000 -0.659 -0.053 0.977 0.000 -0.090 -0.191 0.941 0.000 -0.130 -0.313 0.394 0.000 0.595 -0.700 0.703 0.000 -0.711 0.017 0.995 0.000 0.042 0.092 0.704 -0.000 -0.706 0.078 1.000 0.000 0.016 0.004 
1.000 -0.024 0.006 -0.008 0.750 -0.000 -0.659 -0.053 0.977 0.000 -0.091 -0.193 0.942 0.000 -0.132 -0.309 0.395 0.000 0.597 -0.698 0.703 0.000 -0.711 0.017 0.995 0.000 0.043 0.092 0.704 0.000 -0.706 0.079 1.000 0.000 0.017 0.004 
1.000 -0.024 0.006 -0.009 0.750 0.000 -0.659 -0.052 0.976 -0.000 -0.092 -0.195 0.943 0.000 -0.134 -0.305 0.395 -0.000 0.599 -0.696 0.703 -0.000 -0.711 0.017 0.995 0.000 0.042 0.092 0.704 0.000 -0.706 0.080 1.000 0.000 0.016 0.003 
1.000 -0.024 0.006 -0.010 0.750 0.000 -0.659 -0.051 0.976 0.000 -0.093 -0.197 0.943 -0.000 -0.136 -0.302 0.395 0.000 0.601 -0.694 0.704 0.000 -0.710 0.017 0.995 0.000 0.042 0.091 0.703 0.000 -0.706 0.081 1.000 -0.000 0.016 0.003 
1.000 -0.024 0.006 -0.012 0.751 -0.000 -0.659 -0.050 0.975 -0.000 -0.095 -0.199 0.944 0.000 -0.137 -0.300 0.396 0.000 0.603 -0.692 0.704 0.000 -0.710 0.017 0.995 0.000 0.043 0.091 0.703 0.000 -0.706 0.082 1.000 0.000 0.016 0.003 
1.000 -0.024 0.006 -0.012 0.751 0.000 -0.659 -0.048 0.975 0.000 -0.096 -0.201 0.944 0.000 -0.138 -0.298 0.396 0.000 0.605 -0.691 0.704 -0.000 -0.710 0.018 0.995 0.000 0.042 0.091 0.703 0.000 -0.706 0.082 1.000 0.000 0.016 0.003 
1.000 -0.025 0.006 -0.013 0.751 0.000 -0.659 -0.047 0.974 0.000 -0.098 -0.203 0.944 0.000 -0.139 -0.298 0.397 -0.000 0.605 -0.690 0.704 0.000 -0.710 0.018 0.995 0.000 0.043 0.090 0.703 0.000 -0.706 0.083 1.000 0.000 0.017 0.003 
1.000 -0.025 0.006 -0.013 0.751 -0.000 -0.659 -0.045 0.974 0.000 -0.099 -0.204 0.944 0.000 -0.139 -0.299 0.398 0.000 0.606 -0.689 0.704 0.000 -0.710 0.018 0.995 0.000 0.043 0.090 0.703 0.000 -0.706 0.083 1.000 0.000 0.016 0.003 
1.000 -0.025 0.006 -0.013 0.751 0.000 -0.658 -0.044 0.974 0.000 -0.100 -0.204 0.944 0.000 -0.138 -0.300 0.399 0.000 0.606 -0.688 0.704 0.000 -0.710 0.018 0.995 0.000 0.043 0.090 0.703 0.000 -0.706 0.083 1.000 0.000 0.016 0.003 
1.000 -0.025 0.006 -0.013 0.752 0.000 -0.658 -0.042 0.974 0.000 -0.101 -0.205 0.943 0.000 -0.138 -0.302 0.400 -0.000 0.606 -0.688 0.704 0.000 -0.710 0.019 0.995 0.000 0.043 0.090 0.703 0.000 -0.706 0.083 1.000 0.000 0.016 0.003 
1.000 -0.025 0.006 -0.012 0.752 0.000 -0.658 -0.041 0.973 0.000 -0.101 -0.205 0.942 0.000 -0.137 -0.305 0.400 0.000 0.605 -0.688 0.704 0.000 -0.710 0.019 0.995 0.000 0.043 0.089 0.703 0.000 -0.706 0.083 1.000 0.000 0.017 0.003 
1.000 -0.025 0.006 -0.011 0.752 0.000 -0.658 -0.040 0.974 0.000 -0.100 -0.205 0.941 0.000 -0.136 -0.309 0.401 0.000 0.605 -0.688 0.704 0.000 -0.710 0.019 0.995 0.000 0.042 0.089 0.703 0.000 -0.706 0.082 1.000 -0.000 0.017 0.003 
1.000 -0.024 0.005 -0.010 0.752 0.000 -0.658 -0.038 0.974 0.000 -0.102 -0.203 0.940 0.000 -0.134 -0.313 0.402 -0.000 0.604 -0.689 0.704 0.000 -0.710 0.020 0.995 0.000 0.042 0.089 0.704 0.000 -0.706 0.082 1.000 0.000 0.017 0.003 
1.000 -0.024 0.006 -0.009 0.752 -0.000 -0.658 -0.038 0.974 0.000 -0.102 -0.202 0.939 0.000 -0.133 -0.318 0.402 0.000 0.603 -0.689 0.704 0.000 -0.710 0.020 0.995 -0.000 0.042 0.089 0.704 0.000 -0.706 0.081 1.000 -0.000 0.016 0.004 
1.000 -0.024 0.005 -0.008 0.752 0.000 -0.658 -0.038 0.975 0.000 -0.099 -0.200 0.937 0.000 -0.131 -0.323 0.402 0.000 0.602 -0.690 0.703 0.000 -0.711 0.021 0.995 -0.000 0.043 0.089 0.704 0.000 -0.706 0.080 1.000 -0.000 0.016 0.004 
1.000 -0.024 0.005 -0.006 0.752 0.000 -0.658 -0.038 0.975 0.000 -0.101 -0.198 0.936 0.000 -0.129 -0.328 0.402 -0.000 0.601 -0.691 0.703 -0.000 -0.711 0.021 0.995 -0.000 0.044 0.089 0.704 0.000 -0.706 0.079 1.000 0.000 0.017 0.004 
1.000 -0.024 0.005 -0.004 0.752 0.000 -0.658 -0.038 0.976 0.000 -0.101 -0.194 0.934 0.000 -0.128 -0.334 0.402 -0.000 0.599 -0.692 0.703 0.000 -0.711 0.021 0.995 0.000 0.044 0.089 0.704 0.000 -0.705 0.079 1.000 -0.000 0.017 0.004 
1.000 -0.024 0.006 -0.003 0.752 0.000 -0.658 -0.039 0.976 -0.000 -0.100 -0.192 0.932 0.000 -0.127 -0.340 0.402 0.000 0.597 -0.695 0.703 0.000 -0.711 0.022 0.995 0.000 0.044 0.089 0.705 0.000 -0.705 0.078 1.000 0.000 0.016 0.004 
1.000 -0.024 0.006 -0.001 0.752 0.000 -0.658 -0.039 0.977 0.000 -0.099 -0.188 0.930 0.000 -0.126 -0.346 0.403 -0.000 0.595 -0.696 0.702 -0.000 -0.711 0.022 0.995 0.000 0.043 0.089 0.705 0.000 -0.705 0.077 1.000 -0.000 0.016 0.004 
1.000 -0.024 0.006 0.001 0.752 0.000 -0.658 -0.040 0.978 0.000 -0.094 -0.186 0.928 0.000 -0.124 -0.351 0.402 -0.000 0.594 -0.697 0.702 0.000 -0.711 0.023 0.995 -0.000 0.043 0.089 0.705 0.000 -0.705 0.076 1.000 0.000 0.016 0.005 
1.000 -0.024 0.006 0.002 0.753 0.000 -0.657 -0.041 0.979 -0.000 -0.097 -0.182 0.926 0.000 -0.123 -0.356 0.402 0.000 0.592 -0.698 0.702 0.000 -0.711 0.023 0.995 -0.000 0.043 0.089 0.705 0.000 -0.705 0.076 1.000 -0.000 0.017 0.005 
1.000 -0.023 0.006 0.003 0.753 0.000 -0.657 -0.042 0.979 0.000 -0.093 -0.179 0.925 0.000 -0.122 -0.361 0.402 0.000 0.591 -0.699 0.702 0.000 -0.711 0.023 0.995 -0.000 0.042 0.090 0.705 -0.000 -0.705 0.075 1.000 0.000 0.016 0.004 
1.000 -0.023 0.006 0.005 0.753 -0.000 -0.657 -0.043 0.980 0.000 -0.094 -0.176 0.923 0.000 -0.121 -0.365 0.402 -0.000 0.590 -0.700 0.702 0.000 -0.711 0.023 0.995 -0.000 0.042 0.090 0.705 -0.000 -0.705 0.075 1.000 -0.000 0.016 0.005 
1.000 -0.023 0.006 0.006 0.753 0.000 -0.657 -0.043 0.981 0.000 -0.092 -0.173 0.922 0.000 -0.120 -0.369 0.401 -0.000 0.590 -0.701 0.702 0.000 -0.711 0.023 0.995 0.000 0.043 0.090 0.705 0.000 -0.705 0.074 1.000 -0.000 0.016 0.004 
1.000 -0.023 0.006 0.006 0.753 0.000 -0.657 -0.045 0.981 0.000 -0.091 -0.171 0.920 -0.000 -0.119 -0.372 0.401 -0.000 0.590 -0.701 0.702 0.000 -0.711 0.022 0.995 0.000 0.043 0.090 0.705 0.000 -0.705 0.073 1.000 0.000 0.016 0.005 
1.000 -0.022 0.006 0.007 0.752 0.000 -0.657 -0.045 0.982 0.000 -0.089 -0.168 0.919 -0.000 -0.118 -0.375 0.400 0.000 0.589 -0.702 0.703 0.000 -0.711 0.022 0.995 0.000 0.042 0.091 0.705 0.000 -0.705 0.072 1.000 0.000 0.016 0.005 
1.000 -0.022 0.006 0.007 0.752 0.000 -0.657 -0.046 0.982 0.000 -0.088 -0.166 0.919 0.000 -0.118 -0.377 0.400 0.000 0.589 -0.702 0.702 0.000 -0.711 0.022 0.995 0.000 0.042 0.091 0.705 0.000 -0.705 0.072 1.000 0.000 0.016 0.005 
1.000 -0.022 0.006 0.008 0.752 -0.000 -0.657 -0.046 0.982 0.000 -0.087 -0.165 0.918 0.000 -0.118 -0.379 0.399 0.000 0.589 -0.703 0.702 0.000 -0.711 0.022 0.995 0.000 0.041 0.091 0.705 0.000 -0.705 0.072 1.000 0.000 0.016 0.005 
1.000 -0.022 0.006 0.008 0.752 0.000 -0.657 -0.046 0.983 -0.000 -0.085 -0.164 0.917 0.000 -0.118 -0.380 0.399 0.000 0.589 -0.703 0.702 0.000 -0.711 0.022 0.995 0.000 0.042 0.090 0.705 0.000 -0.705 0.072 1.000 0.000 0.016 0.005 
1.000 -0.022 0.006 0.008 0.753 0.000 -0.657 -0.047 0.983 -0.000 -0.085 -0.162 0.917 0.000 -0.118 -0.381 0.399 0.000 0.589 -0.703 0.702 0.000 -0.711 0.022 0.995 0.000 0.041 0.091 0.705 0.000 -0.705 0.072 1.000 0.000 0.016 0.004 
1.000 -0.022 0.006 0.007 0.752 0.000 -0.658 -0.046 0.983 0.000 -0.083 -0.161 0.917 0.000 -0.119 -0.380 0.398 0.000 0.589 -0.703 0.702 0.000 -0.711 0.021 0.995 0.000 0.041 0.091 0.705 0.000 -0.705 0.072 1.000 -0.000 0.016 0.005 
