# T   LUA LFA RUA RFA LT  LS  RT  RS  
-0.667 0.015 -0.044 -0.743 0.952 0.000 -0.239 -0.192 0.975 0.000 0.108 -0.194 0.941 -0.000 -0.274 -0.198 0.979 0.000 0.123 -0.161 0.636 0.000 -0.769 0.069 0.994 0.000 0.101 0.051 0.612 0.000 -0.790 0.029 0.992 0.000 0.112 0.064 
-0.667 0.015 -0.044 -0.744 0.951 0.000 -0.246 -0.189 0.975 0.000 0.108 -0.194 0.940 0.000 -0.280 -0.194 0.979 0.000 0.121 -0.161 0.636 0.000 -0.769 0.069 0.994 0.000 0.101 0.051 0.612 0.000 -0.790 0.028 0.992 0.000 0.112 0.064 
-0.667 0.015 -0.044 -0.744 0.950 0.000 -0.253 -0.185 0.975 0.000 0.108 -0.196 0.939 0.000 -0.286 -0.191 0.980 0.000 0.119 -0.161 0.636 0.000 -0.769 0.069 0.994 0.000 0.101 0.051 0.612 0.000 -0.790 0.028 0.992 -0.000 0.112 0.065 
-0.667 0.015 -0.044 -0.744 0.949 0.000 -0.259 -0.181 0.975 0.000 0.107 -0.196 0.938 0.000 -0.291 -0.187 0.980 0.000 0.117 -0.159 0.636 0.000 -0.769 0.068 0.994 0.000 0.101 0.051 0.612 0.000 -0.790 0.028 0.992 -0.000 0.111 0.065 
-0.667 0.015 -0.044 -0.744 0.948 0.000 -0.266 -0.177 0.975 0.000 0.106 -0.196 0.937 0.000 -0.297 -0.183 0.980 0.000 0.116 -0.159 0.636 0.000 -0.769 0.068 0.994 0.000 0.101 0.051 0.612 -0.000 -0.790 0.027 0.992 -0.000 0.112 0.065 
-0.666 0.015 -0.043 -0.744 0.947 0.000 -0.272 -0.173 0.975 0.000 0.105 -0.196 0.936 0.000 -0.304 -0.178 0.980 0.000 0.116 -0.160 0.636 0.000 -0.769 0.068 0.994 0.000 0.101 0.052 0.612 0.000 -0.790 0.027 0.992 0.000 0.112 0.066 
-0.666 0.015 -0.043 -0.744 0.946 0.000 -0.279 -0.168 0.975 0.000 0.103 -0.196 0.935 0.000 -0.308 -0.174 0.981 0.000 0.112 -0.159 0.636 0.000 -0.769 0.068 0.994 0.000 0.101 0.052 0.612 0.000 -0.790 0.027 0.992 0.000 0.112 0.066 
-0.666 0.015 -0.043 -0.744 0.944 0.000 -0.285 -0.164 0.975 0.000 0.102 -0.195 0.935 0.000 -0.313 -0.169 0.981 0.000 0.111 -0.160 0.636 0.000 -0.769 0.068 0.994 0.000 0.101 0.052 0.612 0.000 -0.790 0.026 0.992 0.000 0.112 0.066 
-0.666 0.015 -0.043 -0.745 0.943 -0.000 -0.291 -0.159 0.976 0.000 0.100 -0.195 0.934 0.000 -0.318 -0.165 0.981 0.000 0.109 -0.159 0.636 0.000 -0.769 0.068 0.994 0.000 0.101 0.052 0.612 -0.000 -0.790 0.026 0.992 -0.000 0.112 0.066 
-0.666 0.015 -0.043 -0.745 0.942 0.000 -0.297 -0.154 0.976 0.000 0.099 -0.195 0.933 0.000 -0.323 -0.161 0.982 0.000 0.107 -0.158 0.636 0.000 -0.769 0.067 0.994 0.000 0.101 0.053 0.612 0.000 -0.790 0.026 0.991 0.000 0.112 0.067 
-0.666 0.015 -0.043 -0.745 0.941 0.000 -0.303 -0.149 0.976 0.000 0.098 -0.195 0.931 -0.000 -0.329 -0.156 0.982 0.000 0.107 -0.157 0.636 0.000 -0.769 0.067 0.994 0.000 0.101 0.053 0.612 0.000 -0.790 0.026 0.991 0.000 0.112 0.067 
-0.666 0.015 -0.043 -0.745 0.940 0.000 -0.310 -0.143 0.976 -0.000 0.097 -0.194 0.931 0.000 -0.334 -0.150 0.982 0.000 0.105 -0.157 0.636 0.000 -0.769 0.067 0.993 0.000 0.101 0.053 0.612 0.000 -0.790 0.026 0.991 0.000 0.112 0.067 
-0.666 0.015 -0.043 -0.745 0.939 0.000 -0.315 -0.138 0.976 0.000 0.096 -0.194 0.930 -0.000 -0.339 -0.142 0.982 0.000 0.103 -0.161 0.636 0.000 -0.769 0.067 0.993 0.000 0.101 0.053 0.612 0.000 -0.790 0.025 0.991 0.000 0.112 0.067 
-0.666 0.015 -0.043 -0.745 0.938 -0.000 -0.321 -0.132 0.976 0.000 0.095 -0.194 0.929 0.000 -0.343 -0.135 0.982 0.000 0.102 -0.162 0.636 0.000 -0.769 0.066 0.993 0.000 0.101 0.054 0.612 0.000 -0.790 0.025 0.991 0.000 0.112 0.068 
-0.666 0.015 -0.043 -0.745 0.937 0.000 -0.327 -0.126 0.977 0.000 0.095 -0.193 0.929 0.000 -0.347 -0.130 0.982 -0.000 0.099 -0.161 0.636 0.000 -0.769 0.067 0.993 0.000 0.101 0.054 0.612 0.000 -0.790 0.025 0.991 0.000 0.112 0.068 
-0.666 0.015 -0.043 -0.744 0.935 0.000 -0.333 -0.121 0.977 0.000 0.095 -0.192 0.928 0.000 -0.351 -0.123 0.982 0.000 0.098 -0.162 0.636 0.000 -0.769 0.067 0.993 -0.000 0.101 0.054 0.612 0.000 -0.790 0.026 0.991 0.000 0.112 0.069 
-0.666 0.015 -0.043 -0.745 0.934 0.000 -0.338 -0.115 0.977 0.000 0.096 -0.192 0.927 0.000 -0.355 -0.116 0.982 0.000 0.098 -0.164 0.636 -0.000 -0.769 0.067 0.993 0.000 0.101 0.055 0.612 0.000 -0.790 0.025 0.991 0.000 0.112 0.069 
-0.666 0.015 -0.043 -0.744 0.933 0.000 -0.344 -0.109 0.977 0.000 0.096 -0.191 0.926 0.000 -0.361 -0.108 0.981 0.000 0.099 -0.165 0.636 0.000 -0.769 0.067 0.993 0.000 0.102 0.055 0.612 0.000 -0.790 0.025 0.991 0.000 0.112 0.069 
-0.666 0.015 -0.043 -0.744 0.931 0.000 -0.349 -0.102 0.977 0.000 0.097 -0.191 0.926 0.000 -0.363 -0.102 0.982 0.000 0.096 -0.164 0.636 -0.000 -0.769 0.067 0.993 0.000 0.102 0.055 0.612 0.000 -0.791 0.026 0.991 -0.000 0.113 0.069 
-0.667 0.015 -0.044 -0.744 0.930 0.000 -0.354 -0.096 0.977 0.000 0.099 -0.190 0.926 -0.000 -0.366 -0.095 0.982 0.000 0.094 -0.163 0.637 0.000 -0.768 0.067 0.993 0.000 0.101 0.056 0.612 0.000 -0.791 0.027 0.991 0.000 0.113 0.069 
-0.667 0.016 -0.043 -0.744 0.928 0.000 -0.360 -0.090 0.977 -0.000 0.100 -0.189 0.925 0.000 -0.370 -0.087 0.982 0.000 0.094 -0.163 0.635 0.000 -0.769 0.067 0.993 0.000 0.102 0.056 0.612 0.000 -0.790 0.026 0.991 0.000 0.113 0.070 
-0.667 0.016 -0.044 -0.744 0.927 0.000 -0.365 -0.083 0.977 0.000 0.101 -0.189 0.925 0.000 -0.372 -0.080 0.983 0.000 0.092 -0.161 0.636 -0.000 -0.769 0.067 0.993 0.000 0.102 0.056 0.611 0.000 -0.791 0.027 0.991 0.000 0.114 0.070 
-0.667 0.016 -0.044 -0.744 0.926 0.000 -0.369 -0.076 0.977 0.000 0.102 -0.188 0.924 0.000 -0.375 -0.073 0.983 0.000 0.090 -0.160 0.636 0.000 -0.769 0.068 0.993 0.000 0.102 0.057 0.611 0.000 -0.791 0.027 0.991 -0.000 0.114 0.070 
-0.667 0.017 -0.044 -0.744 0.925 0.000 -0.374 -0.070 0.977 0.000 0.103 -0.187 0.924 0.000 -0.377 -0.066 0.983 0.000 0.089 -0.158 0.635 0.000 -0.769 0.069 0.993 0.000 0.102 0.056 0.612 0.000 -0.791 0.027 0.991 0.000 0.114 0.071 
-0.667 0.017 -0.044 -0.744 0.924 0.000 -0.378 -0.062 0.977 0.000 0.104 -0.187 0.924 -0.000 -0.379 -0.059 0.984 0.000 0.088 -0.156 0.635 0.000 -0.769 0.069 0.993 -0.000 0.102 0.057 0.612 -0.000 -0.791 0.027 0.991 0.000 0.114 0.071 
-0.667 0.017 -0.044 -0.744 0.923 -0.000 -0.381 -0.056 0.977 0.000 0.105 -0.186 0.923 0.000 -0.381 -0.052 0.984 -0.000 0.086 -0.155 0.635 0.000 -0.769 0.069 0.993 0.000 0.102 0.057 0.611 -0.000 -0.791 0.027 0.991 0.000 0.114 0.071 
-0.667 0.017 -0.044 -0.744 0.922 0.000 -0.384 -0.048 0.977 0.000 0.105 -0.186 0.923 0.000 -0.382 -0.045 0.985 0.000 0.085 -0.153 0.635 -0.000 -0.769 0.069 0.993 0.000 0.102 0.057 0.612 0.000 -0.791 0.028 0.991 -0.000 0.114 0.071 
-0.666 0.017 -0.044 -0.744 0.922 0.000 -0.386 -0.041 0.977 0.000 0.104 -0.186 0.923 0.000 -0.384 -0.039 0.985 -0.000 0.086 -0.147 0.635 0.000 -0.769 0.070 0.993 0.000 0.102 0.057 0.611 0.000 -0.791 0.028 0.991 -0.000 0.114 0.071 
-0.666 0.017 -0.044 -0.744 0.921 0.000 -0.388 -0.034 0.977 0.000 0.103 -0.185 0.923 0.000 -0.384 -0.032 0.986 0.000 0.084 -0.146 0.635 -0.000 -0.769 0.070 0.993 0.000 0.102 0.057 0.611 0.000 -0.791 0.028 0.991 -0.000 0.114 0.072 
-0.666 0.017 -0.044 -0.744 0.921 0.000 -0.389 -0.026 0.977 0.000 0.103 -0.185 0.923 -0.000 -0.384 -0.025 0.986 0.000 0.083 -0.145 0.635 0.000 -0.769 0.070 0.993 0.000 0.102 0.057 0.611 0.000 -0.791 0.028 0.991 0.000 0.114 0.072 
-0.666 0.017 -0.044 -0.744 0.921 -0.000 -0.390 -0.020 0.978 0.000 0.102 -0.184 0.923 0.000 -0.384 -0.018 0.986 0.000 0.082 -0.143 0.635 0.000 -0.769 0.070 0.993 0.000 0.102 0.057 0.611 0.000 -0.791 0.028 0.991 0.000 0.114 0.072 
-0.666 0.016 -0.045 -0.744 0.921 0.000 -0.390 -0.012 0.978 0.000 0.101 -0.183 0.924 0.000 -0.383 -0.010 0.986 0.000 0.080 -0.143 0.636 0.000 -0.769 0.070 0.993 0.000 0.102 0.057 0.611 0.000 -0.791 0.028 0.991 0.000 0.114 0.072 
-0.666 0.016 -0.044 -0.745 0.921 0.000 -0.390 -0.005 0.978 0.000 0.100 -0.182 0.924 0.000 -0.382 -0.004 0.987 -0.000 0.080 -0.142 0.636 -0.000 -0.769 0.070 0.993 0.000 0.102 0.057 0.611 0.000 -0.791 0.028 0.991 0.000 0.114 0.072 
-0.666 0.016 -0.044 -0.745 0.921 -0.000 -0.389 0.001 0.979 0.000 0.099 -0.181 0.924 0.000 -0.381 0.003 0.987 0.000 0.081 -0.141 0.636 0.000 -0.769 0.070 0.993 0.000 0.102 0.058 0.611 -0.000 -0.791 0.028 0.991 0.000 0.114 0.072 
-0.666 0.016 -0.044 -0.745 0.921 0.000 -0.389 0.007 0.979 0.000 0.100 -0.178 0.925 0.000 -0.380 0.009 0.986 -0.000 0.083 -0.142 0.636 -0.000 -0.769 0.069 0.993 0.000 0.102 0.058 0.612 0.000 -0.791 0.028 0.991 -0.000 0.114 0.072 
-0.666 0.016 -0.044 -0.745 0.922 -0.000 -0.387 0.014 0.979 0.000 0.100 -0.176 0.926 0.000 -0.377 0.017 0.986 0.000 0.082 -0.143 0.635 0.000 -0.769 0.069 0.993 0.000 0.103 0.058 0.612 0.000 -0.791 0.028 0.991 -0.000 0.114 0.073 
-0.665 0.016 -0.044 -0.745 0.922 0.000 -0.387 0.020 0.980 0.000 0.102 -0.173 0.926 0.000 -0.376 0.026 0.985 0.000 0.085 -0.148 0.635 0.000 -0.769 0.069 0.993 0.000 0.102 0.059 0.612 0.000 -0.791 0.027 0.991 0.000 0.114 0.073 
-0.665 0.016 -0.044 -0.745 0.922 0.000 -0.385 0.026 0.980 0.000 0.102 -0.172 0.927 -0.000 -0.374 0.030 0.986 -0.000 0.088 -0.141 0.635 0.000 -0.769 0.069 0.993 0.000 0.103 0.059 0.612 -0.000 -0.791 0.028 0.991 0.000 0.114 0.073 
-0.666 0.016 -0.044 -0.745 0.923 0.000 -0.383 0.033 0.980 0.000 0.104 -0.172 0.928 0.000 -0.371 0.037 0.986 -0.000 0.089 -0.141 0.635 0.000 -0.769 0.069 0.993 0.000 0.103 0.059 0.612 0.000 -0.791 0.028 0.991 0.000 0.114 0.072 
-0.666 0.016 -0.044 -0.745 0.924 0.000 -0.382 0.039 0.980 0.000 0.106 -0.170 0.929 0.000 -0.368 0.043 0.986 0.000 0.092 -0.140 0.635 0.000 -0.769 0.069 0.993 -0.000 0.103 0.060 0.612 0.000 -0.790 0.028 0.991 0.000 0.114 0.072 
-0.665 0.016 -0.044 -0.745 0.924 0.000 -0.379 0.046 0.980 -0.000 0.108 -0.170 0.930 -0.000 -0.365 0.048 0.986 0.000 0.094 -0.140 0.635 0.000 -0.769 0.069 0.993 0.000 0.103 0.059 0.612 0.000 -0.790 0.028 0.991 0.000 0.114 0.072 
-0.665 0.016 -0.044 -0.745 0.925 0.000 -0.377 0.052 0.979 0.000 0.111 -0.169 0.931 0.000 -0.362 0.055 0.985 -0.000 0.097 -0.140 0.635 0.000 -0.769 0.069 0.993 0.000 0.103 0.060 0.612 0.000 -0.791 0.028 0.991 0.000 0.114 0.073 
-0.666 0.016 -0.044 -0.745 0.925 0.000 -0.375 0.058 0.979 0.000 0.114 -0.169 0.932 -0.000 -0.358 0.061 0.985 -0.000 0.099 -0.142 0.635 0.000 -0.769 0.069 0.993 0.000 0.103 0.060 0.612 0.000 -0.790 0.028 0.991 0.000 0.114 0.073 
-0.666 0.016 -0.044 -0.745 0.925 0.000 -0.374 0.063 0.979 0.000 0.120 -0.167 0.933 0.000 -0.354 0.067 0.984 0.000 0.101 -0.144 0.635 0.000 -0.769 0.069 0.993 0.000 0.103 0.060 0.612 0.000 -0.790 0.028 0.991 -0.000 0.114 0.073 
-0.666 0.016 -0.044 -0.745 0.927 0.000 -0.369 0.069 0.979 0.000 0.120 -0.167 0.934 -0.000 -0.350 0.073 0.984 -0.000 0.103 -0.146 0.635 0.000 -0.769 0.069 0.993 0.000 0.103 0.060 0.612 0.000 -0.790 0.028 0.991 0.000 0.114 0.073 
-0.666 0.017 -0.044 -0.745 0.928 -0.000 -0.366 0.074 0.978 0.000 0.123 -0.166 0.935 0.000 -0.345 0.078 0.984 0.000 0.105 -0.146 0.635 0.000 -0.770 0.069 0.993 0.000 0.103 0.060 0.612 0.000 -0.790 0.029 0.991 0.000 0.114 0.073 
-0.666 0.017 -0.044 -0.745 0.928 0.000 -0.364 0.078 0.978 0.000 0.129 -0.164 0.937 0.000 -0.341 0.082 0.983 0.000 0.107 -0.146 0.635 0.000 -0.770 0.069 0.993 0.000 0.103 0.060 0.612 0.000 -0.790 0.029 0.991 0.000 0.114 0.073 
-0.666 0.017 -0.044 -0.744 0.930 -0.000 -0.359 0.083 0.978 0.000 0.129 -0.165 0.938 0.000 -0.336 0.086 0.983 0.000 0.109 -0.145 0.635 -0.000 -0.770 0.069 0.993 -0.000 0.103 0.060 0.612 0.000 -0.790 0.029 0.991 -0.000 0.114 0.073 
-0.666 0.017 -0.044 -0.744 0.930 0.000 -0.356 0.086 0.978 0.000 0.135 -0.161 0.939 0.000 -0.331 0.090 0.983 0.000 0.110 -0.146 0.635 0.000 -0.770 0.070 0.993 0.000 0.103 0.061 0.612 0.000 -0.790 0.030 0.991 -0.000 0.114 0.073 
-0.666 0.017 -0.044 -0.744 0.932 0.000 -0.352 0.089 0.978 0.000 0.138 -0.159 0.941 0.000 -0.326 0.094 0.983 0.000 0.113 -0.145 0.635 -0.000 -0.770 0.070 0.993 0.000 0.103 0.060 0.612 0.000 -0.790 0.030 0.991 0.000 0.114 0.073 
-0.666 0.018 -0.044 -0.744 0.934 0.000 -0.346 0.093 0.978 0.000 0.137 -0.160 0.942 -0.000 -0.320 0.097 0.983 0.000 0.114 -0.145 0.635 0.000 -0.770 0.070 0.993 0.000 0.103 0.060 0.612 0.000 -0.790 0.030 0.991 0.000 0.114 0.073 
-0.667 0.018 -0.045 -0.744 0.935 0.000 -0.341 0.096 0.978 -0.000 0.139 -0.158 0.944 0.000 -0.316 0.099 0.983 -0.000 0.118 -0.142 0.635 0.000 -0.770 0.071 0.993 0.000 0.103 0.060 0.612 0.000 -0.790 0.031 0.991 0.000 0.115 0.073 
-0.667 0.018 -0.045 -0.744 0.937 0.000 -0.336 0.098 0.978 0.000 0.141 -0.157 0.945 0.000 -0.309 0.102 0.983 0.000 0.118 -0.142 0.635 0.000 -0.769 0.071 0.993 0.000 0.103 0.060 0.612 0.000 -0.790 0.031 0.991 0.000 0.114 0.073 
-0.667 0.018 -0.045 -0.743 0.938 0.000 -0.331 0.100 0.977 0.000 0.142 -0.156 0.947 0.000 -0.304 0.105 0.983 0.000 0.119 -0.142 0.635 0.000 -0.769 0.072 0.993 0.000 0.103 0.060 0.612 0.000 -0.790 0.032 0.991 0.000 0.114 0.073 
-0.667 0.018 -0.045 -0.743 0.940 0.000 -0.325 0.102 0.977 -0.000 0.143 -0.155 0.948 0.000 -0.300 0.108 0.982 0.000 0.122 -0.143 0.635 -0.000 -0.769 0.071 0.993 0.000 0.103 0.060 0.612 -0.000 -0.790 0.032 0.991 -0.000 0.114 0.073 
-0.667 0.018 -0.045 -0.743 0.941 0.000 -0.321 0.104 0.977 0.000 0.147 -0.153 0.949 0.000 -0.294 0.110 0.982 -0.000 0.124 -0.141 0.635 0.000 -0.769 0.072 0.993 0.000 0.103 0.059 0.612 0.000 -0.790 0.032 0.991 0.000 0.114 0.072 
-0.668 0.018 -0.046 -0.743 0.943 0.000 -0.315 0.106 0.977 0.000 0.148 -0.153 0.952 0.000 -0.287 0.109 0.983 0.000 0.124 -0.138 0.635 -0.000 -0.769 0.073 0.993 0.000 0.103 0.059 0.612 -0.000 -0.790 0.034 0.991 0.000 0.114 0.072 
-0.668 0.018 -0.045 -0.743 0.945 0.000 -0.309 0.107 0.977 0.000 0.149 -0.152 0.953 -0.000 -0.283 0.112 0.982 0.000 0.127 -0.137 0.635 -0.000 -0.769 0.073 0.993 0.000 0.103 0.059 0.612 0.000 -0.790 0.033 0.991 0.000 0.114 0.071 
-0.668 0.018 -0.046 -0.743 0.947 0.000 -0.301 0.109 0.977 0.000 0.147 -0.153 0.954 0.000 -0.277 0.113 0.982 0.000 0.129 -0.136 0.635 0.000 -0.769 0.074 0.993 0.000 0.103 0.058 0.612 0.000 -0.790 0.034 0.991 0.000 0.114 0.071 
-0.668 0.019 -0.046 -0.743 0.949 -0.000 -0.296 0.110 0.977 0.000 0.150 -0.152 0.956 0.000 -0.271 0.114 0.982 0.000 0.130 -0.134 0.635 0.000 -0.769 0.074 0.993 0.000 0.103 0.058 0.612 0.000 -0.790 0.035 0.991 0.000 0.114 0.071 
-0.668 0.019 -0.046 -0.743 0.951 0.000 -0.290 0.111 0.977 0.000 0.150 -0.152 0.958 -0.000 -0.265 0.114 0.982 0.000 0.132 -0.132 0.635 -0.000 -0.769 0.075 0.993 0.000 0.103 0.058 0.612 0.000 -0.790 0.036 0.991 0.000 0.114 0.070 
-0.668 0.019 -0.046 -0.742 0.953 0.000 -0.283 0.111 0.977 0.000 0.151 -0.151 0.959 0.000 -0.259 0.114 0.982 -0.000 0.133 -0.132 0.635 0.000 -0.768 0.075 0.993 0.000 0.103 0.058 0.612 0.000 -0.790 0.036 0.991 -0.000 0.114 0.070 
-0.668 0.019 -0.046 -0.742 0.954 0.000 -0.277 0.112 0.977 0.000 0.152 -0.151 0.961 0.000 -0.253 0.114 0.982 0.000 0.134 -0.130 0.635 -0.000 -0.768 0.076 0.993 0.000 0.103 0.057 0.612 0.000 -0.790 0.037 0.991 0.000 0.113 0.070 
-0.668 0.019 -0.046 -0.742 0.956 0.000 -0.270 0.112 0.977 0.000 0.153 -0.150 0.962 0.000 -0.247 0.114 0.982 0.000 0.135 -0.130 0.636 -0.000 -0.768 0.077 0.993 0.000 0.103 0.057 0.612 0.000 -0.790 0.038 0.991 0.000 0.114 0.069 
-0.668 0.019 -0.047 -0.742 0.958 0.000 -0.263 0.111 0.977 0.000 0.154 -0.149 0.964 0.000 -0.241 0.113 0.982 0.000 0.137 -0.127 0.636 0.000 -0.768 0.077 0.993 0.000 0.103 0.057 0.612 0.000 -0.790 0.038 0.991 0.000 0.114 0.069 
-0.668 0.020 -0.047 -0.742 0.960 0.000 -0.258 0.109 0.977 0.000 0.158 -0.142 0.965 0.000 -0.235 0.113 0.982 0.000 0.138 -0.127 0.636 0.000 -0.768 0.078 0.993 0.000 0.103 0.057 0.612 0.000 -0.790 0.039 0.991 0.000 0.114 0.069 
-0.668 0.020 -0.047 -0.742 0.962 0.000 -0.251 0.108 0.977 0.000 0.159 -0.141 0.967 0.000 -0.229 0.112 0.982 0.000 0.139 -0.125 0.636 -0.000 -0.768 0.078 0.993 0.000 0.103 0.057 0.612 0.000 -0.790 0.039 0.991 0.000 0.114 0.069 
-0.668 0.020 -0.047 -0.743 0.964 0.000 -0.245 0.107 0.977 0.000 0.161 -0.140 0.968 0.000 -0.224 0.110 0.982 0.000 0.141 -0.124 0.636 0.000 -0.768 0.078 0.993 -0.000 0.103 0.057 0.612 -0.000 -0.790 0.040 0.991 -0.000 0.114 0.069 
-0.668 0.020 -0.047 -0.743 0.965 0.000 -0.238 0.106 0.977 -0.000 0.162 -0.140 0.970 0.000 -0.218 0.109 0.982 0.000 0.142 -0.123 0.636 0.000 -0.768 0.079 0.993 0.000 0.103 0.057 0.612 0.000 -0.790 0.040 0.991 -0.000 0.114 0.068 
-0.668 0.021 -0.047 -0.743 0.967 0.000 -0.231 0.106 0.977 0.000 0.163 -0.140 0.971 0.000 -0.212 0.107 0.982 0.000 0.142 -0.121 0.636 0.000 -0.768 0.079 0.993 0.000 0.103 0.057 0.612 0.000 -0.790 0.041 0.991 0.000 0.114 0.068 
-0.668 0.021 -0.047 -0.743 0.969 0.000 -0.224 0.104 0.977 0.000 0.164 -0.140 0.973 0.000 -0.206 0.106 0.982 0.000 0.143 -0.120 0.636 -0.000 -0.768 0.079 0.993 -0.000 0.103 0.057 0.612 0.000 -0.790 0.041 0.991 0.000 0.114 0.068 
-0.668 0.021 -0.047 -0.743 0.971 0.000 -0.218 0.102 0.977 0.000 0.164 -0.139 0.974 0.000 -0.201 0.103 0.982 -0.000 0.145 -0.118 0.635 0.000 -0.768 0.080 0.993 -0.000 0.103 0.056 0.612 0.000 -0.790 0.042 0.991 -0.000 0.114 0.068 
-0.668 0.021 -0.047 -0.743 0.972 0.000 -0.211 0.101 0.977 0.000 0.165 -0.139 0.976 0.000 -0.195 0.101 0.982 -0.000 0.146 -0.117 0.636 0.000 -0.768 0.080 0.993 0.000 0.104 0.057 0.612 0.000 -0.790 0.042 0.991 0.000 0.114 0.068 
-0.668 0.021 -0.048 -0.743 0.974 0.000 -0.204 0.099 0.976 0.000 0.165 -0.139 0.977 -0.000 -0.189 0.099 0.982 0.000 0.146 -0.116 0.636 -0.000 -0.768 0.081 0.993 0.000 0.104 0.057 0.612 0.000 -0.790 0.042 0.991 -0.000 0.114 0.068 
-0.668 0.022 -0.048 -0.742 0.976 0.000 -0.197 0.096 0.976 0.000 0.166 -0.138 0.978 0.000 -0.183 0.096 0.982 0.000 0.148 -0.115 0.636 0.000 -0.768 0.081 0.993 0.000 0.104 0.057 0.612 0.000 -0.790 0.043 0.991 0.000 0.114 0.068 
-0.668 0.022 -0.048 -0.742 0.977 0.000 -0.189 0.094 0.976 0.000 0.166 -0.138 0.980 0.000 -0.177 0.094 0.982 0.000 0.149 -0.114 0.636 -0.000 -0.768 0.081 0.993 0.000 0.104 0.057 0.612 0.000 -0.790 0.043 0.991 -0.000 0.114 0.068 
-0.668 0.022 -0.048 -0.742 0.979 0.000 -0.182 0.092 0.977 0.000 0.166 -0.138 0.981 0.000 -0.172 0.091 0.982 -0.000 0.149 -0.113 0.636 0.000 -0.768 0.082 0.993 0.000 0.104 0.057 0.612 -0.000 -0.790 0.044 0.991 0.000 0.114 0.068 
-0.668 0.022 -0.048 -0.742 0.980 0.000 -0.175 0.089 0.976 0.000 0.166 -0.137 0.982 0.000 -0.165 0.088 0.983 -0.000 0.149 -0.110 0.636 0.000 -0.768 0.082 0.993 0.000 0.104 0.057 0.612 0.000 -0.790 0.044 0.991 -0.000 0.114 0.068 
-0.668 0.022 -0.048 -0.742 0.982 0.000 -0.168 0.086 0.977 0.000 0.166 -0.137 0.984 0.000 -0.159 0.085 0.983 -0.000 0.150 -0.110 0.636 0.000 -0.767 0.083 0.993 0.000 0.104 0.057 0.612 0.000 -0.790 0.045 0.991 0.000 0.114 0.068 
-0.668 0.023 -0.049 -0.742 0.983 0.000 -0.162 0.083 0.977 0.000 0.167 -0.135 0.985 0.000 -0.152 0.081 0.983 0.000 0.150 -0.109 0.636 0.000 -0.767 0.083 0.993 0.000 0.104 0.057 0.612 0.000 -0.790 0.045 0.991 0.000 0.114 0.068 
-0.668 0.023 -0.049 -0.742 0.985 -0.000 -0.155 0.080 0.977 0.000 0.167 -0.135 0.986 0.000 -0.146 0.078 0.983 0.000 0.152 -0.106 0.636 0.000 -0.767 0.083 0.993 0.000 0.104 0.057 0.612 -0.000 -0.790 0.045 0.991 0.000 0.114 0.068 
-0.668 0.023 -0.049 -0.742 0.986 -0.000 -0.148 0.076 0.977 -0.000 0.168 -0.134 0.987 0.000 -0.140 0.074 0.982 0.000 0.154 -0.108 0.636 0.000 -0.767 0.084 0.993 0.000 0.104 0.057 0.612 0.000 -0.790 0.046 0.991 -0.000 0.114 0.068 
-0.668 0.023 -0.049 -0.742 0.987 0.000 -0.141 0.073 0.977 0.000 0.168 -0.134 0.988 -0.000 -0.134 0.071 0.982 0.000 0.155 -0.107 0.637 0.000 -0.767 0.083 0.993 0.000 0.104 0.057 0.612 0.000 -0.790 0.046 0.991 0.000 0.114 0.068 
-0.668 0.023 -0.049 -0.742 0.988 -0.000 -0.135 0.070 0.977 0.000 0.168 -0.134 0.990 0.000 -0.127 0.067 0.982 0.000 0.155 -0.106 0.637 -0.000 -0.767 0.084 0.993 0.000 0.104 0.057 0.611 0.000 -0.790 0.046 0.991 0.000 0.114 0.068 
-0.668 0.023 -0.049 -0.742 0.989 0.000 -0.129 0.066 0.977 0.000 0.169 -0.134 0.991 0.000 -0.121 0.063 0.982 0.000 0.157 -0.106 0.636 0.000 -0.767 0.084 0.993 0.000 0.104 0.057 0.612 0.000 -0.790 0.047 0.991 0.000 0.114 0.068 
-0.668 0.023 -0.049 -0.742 0.990 0.000 -0.123 0.062 0.976 0.000 0.169 -0.134 0.992 -0.000 -0.115 0.059 0.982 0.000 0.158 -0.104 0.636 0.000 -0.767 0.084 0.993 0.000 0.104 0.057 0.612 0.000 -0.790 0.047 0.991 -0.000 0.114 0.068 
-0.668 0.023 -0.049 -0.742 0.991 0.000 -0.117 0.060 0.976 0.000 0.169 -0.136 0.993 0.000 -0.109 0.055 0.982 0.000 0.158 -0.103 0.636 0.000 -0.767 0.085 0.993 -0.000 0.104 0.057 0.612 0.000 -0.790 0.048 0.991 0.000 0.114 0.067 
-0.668 0.024 -0.050 -0.742 0.992 0.000 -0.111 0.055 0.976 0.000 0.169 -0.136 0.993 0.000 -0.103 0.052 0.982 0.000 0.159 -0.104 0.636 0.000 -0.767 0.085 0.993 0.000 0.105 0.057 0.612 0.000 -0.790 0.048 0.991 0.000 0.114 0.067 
-0.668 0.024 -0.050 -0.742 0.993 0.000 -0.105 0.052 0.976 0.000 0.170 -0.136 0.994 0.000 -0.097 0.047 0.981 0.000 0.161 -0.104 0.636 0.000 -0.767 0.085 0.993 0.000 0.105 0.057 0.612 0.000 -0.789 0.049 0.991 0.000 0.114 0.067 
-0.668 0.024 -0.050 -0.742 0.994 -0.000 -0.100 0.048 0.976 -0.000 0.171 -0.137 0.995 0.000 -0.091 0.043 0.981 -0.000 0.163 -0.105 0.636 0.000 -0.767 0.085 0.993 0.000 0.105 0.057 0.612 0.000 -0.789 0.049 0.991 -0.000 0.114 0.067 
-0.668 0.024 -0.050 -0.742 0.995 0.000 -0.094 0.043 0.976 -0.000 0.171 -0.137 0.995 0.000 -0.087 0.039 0.981 0.000 0.165 -0.105 0.636 0.000 -0.767 0.085 0.993 -0.000 0.104 0.058 0.612 -0.000 -0.790 0.049 0.991 0.000 0.114 0.067 
-0.668 0.024 -0.050 -0.742 0.995 0.000 -0.089 0.039 0.975 0.000 0.172 -0.138 0.996 0.000 -0.082 0.035 0.981 0.000 0.166 -0.105 0.636 0.000 -0.767 0.085 0.993 0.000 0.104 0.058 0.612 0.000 -0.790 0.049 0.991 0.000 0.114 0.067 
-0.668 0.024 -0.050 -0.742 0.996 0.000 -0.085 0.035 0.975 0.000 0.172 -0.139 0.997 -0.000 -0.076 0.031 0.980 0.000 0.168 -0.106 0.636 0.000 -0.767 0.085 0.993 -0.000 0.105 0.058 0.612 0.000 -0.789 0.049 0.991 0.000 0.114 0.067 
-0.668 0.025 -0.050 -0.742 0.996 0.000 -0.080 0.031 0.975 0.000 0.173 -0.140 0.997 0.000 -0.071 0.025 0.980 -0.000 0.169 -0.105 0.636 0.000 -0.767 0.086 0.993 0.000 0.105 0.058 0.612 0.000 -0.789 0.050 0.991 0.000 0.114 0.067 
-0.668 0.025 -0.050 -0.742 0.997 0.000 -0.075 0.026 0.975 0.000 0.173 -0.141 0.998 0.000 -0.066 0.021 0.980 0.000 0.169 -0.106 0.635 0.000 -0.767 0.086 0.993 -0.000 0.105 0.058 0.612 0.000 -0.789 0.050 0.991 0.000 0.114 0.067 
-0.668 0.025 -0.050 -0.742 0.997 0.000 -0.071 0.021 0.975 -0.000 0.172 -0.141 0.998 0.000 -0.061 0.016 0.980 0.000 0.170 -0.105 0.635 0.000 -0.767 0.086 0.993 0.000 0.105 0.058 0.612 0.000 -0.789 0.050 0.991 0.000 0.114 0.067 
-0.668 0.025 -0.050 -0.742 0.998 0.000 -0.066 0.019 0.974 0.000 0.172 -0.148 0.998 0.000 -0.058 0.012 0.979 0.000 0.171 -0.106 0.635 0.000 -0.767 0.085 0.993 0.000 0.105 0.059 0.612 0.000 -0.789 0.050 0.991 -0.000 0.114 0.067 
-0.668 0.025 -0.050 -0.742 0.998 0.000 -0.061 0.015 0.974 0.000 0.170 -0.151 0.999 0.000 -0.054 0.007 0.979 0.000 0.172 -0.107 0.636 0.000 -0.767 0.086 0.993 0.000 0.105 0.059 0.612 0.000 -0.789 0.050 0.991 0.000 0.114 0.067 
-0.669 0.025 -0.050 -0.742 0.998 0.000 -0.058 0.008 0.974 0.000 0.173 -0.148 0.999 0.000 -0.049 0.004 0.979 0.000 0.172 -0.109 0.636 -0.000 -0.767 0.084 0.993 0.000 0.104 0.059 0.612 0.000 -0.789 0.049 0.991 0.000 0.114 0.067 
-0.668 0.025 -0.050 -0.742 0.999 0.000 -0.053 0.005 0.974 0.000 0.171 -0.151 0.999 0.000 -0.044 -0.001 0.979 0.000 0.173 -0.109 0.636 0.000 -0.767 0.084 0.993 0.000 0.105 0.059 0.612 0.000 -0.789 0.049 0.991 0.000 0.114 0.067 
-0.668 0.025 -0.050 -0.742 0.999 -0.000 -0.051 -0.002 0.974 -0.000 0.172 -0.150 0.999 -0.000 -0.041 -0.007 0.979 0.000 0.173 -0.111 0.636 0.000 -0.767 0.085 0.993 0.000 0.105 0.059 0.612 -0.000 -0.789 0.050 0.991 0.000 0.114 0.067 
-0.668 0.026 -0.052 -0.742 0.999 0.000 -0.047 -0.007 0.974 0.000 0.172 -0.151 0.999 -0.000 -0.035 -0.019 0.980 0.000 0.171 -0.106 0.636 0.000 -0.767 0.087 0.993 0.000 0.105 0.059 0.613 0.000 -0.789 0.052 0.991 0.000 0.114 0.067 
-0.668 0.027 -0.052 -0.742 0.999 0.000 -0.045 -0.014 0.974 0.000 0.173 -0.149 0.999 -0.000 -0.032 -0.025 0.979 0.000 0.172 -0.106 0.635 0.000 -0.767 0.087 0.993 0.000 0.105 0.059 0.613 0.000 -0.789 0.053 0.991 0.000 0.114 0.066 
-0.668 0.027 -0.052 -0.742 0.999 -0.000 -0.042 -0.020 0.974 0.000 0.173 -0.147 0.999 -0.000 -0.029 -0.030 0.979 0.000 0.172 -0.108 0.636 0.000 -0.767 0.088 0.993 0.000 0.105 0.059 0.613 0.000 -0.789 0.053 0.991 0.000 0.114 0.066 
-0.668 0.027 -0.052 -0.742 0.999 0.000 -0.040 -0.027 0.974 0.000 0.174 -0.148 0.999 0.000 -0.026 -0.036 0.979 0.000 0.173 -0.110 0.635 0.000 -0.767 0.088 0.993 0.000 0.105 0.059 0.613 0.000 -0.788 0.053 0.991 0.000 0.113 0.066 
-0.668 0.027 -0.052 -0.742 0.999 0.000 -0.039 -0.035 0.974 0.000 0.175 -0.146 0.999 0.000 -0.025 -0.041 0.978 0.000 0.174 -0.113 0.636 0.000 -0.767 0.088 0.993 0.000 0.105 0.059 0.613 0.000 -0.788 0.054 0.991 -0.000 0.114 0.066 
-0.668 0.027 -0.052 -0.742 0.998 0.000 -0.037 -0.041 0.974 0.000 0.176 -0.146 0.999 -0.000 -0.023 -0.046 0.978 0.000 0.175 -0.115 0.636 0.000 -0.767 0.088 0.993 0.000 0.105 0.058 0.613 0.000 -0.788 0.054 0.991 0.000 0.114 0.065 
-0.668 0.027 -0.052 -0.742 0.998 0.000 -0.036 -0.048 0.974 0.000 0.177 -0.145 0.998 0.000 -0.023 -0.052 0.977 0.000 0.177 -0.118 0.635 0.000 -0.767 0.088 0.993 0.000 0.105 0.058 0.613 0.000 -0.788 0.054 0.991 0.000 0.113 0.065 
-0.668 0.027 -0.053 -0.742 0.998 0.000 -0.034 -0.057 0.974 -0.000 0.178 -0.143 0.998 0.000 -0.021 -0.059 0.977 0.000 0.176 -0.117 0.636 0.000 -0.766 0.088 0.993 0.000 0.105 0.058 0.613 -0.000 -0.789 0.055 0.991 0.000 0.113 0.065 
-0.668 0.028 -0.053 -0.742 0.997 0.000 -0.035 -0.064 0.973 0.000 0.179 -0.143 0.998 0.000 -0.021 -0.065 0.977 0.000 0.178 -0.118 0.635 0.000 -0.767 0.089 0.993 0.000 0.105 0.058 0.613 0.000 -0.788 0.055 0.991 -0.000 0.113 0.064 
-0.668 0.028 -0.053 -0.742 0.997 0.000 -0.034 -0.070 0.973 0.000 0.180 -0.144 0.997 0.000 -0.020 -0.072 0.977 0.000 0.179 -0.119 0.635 0.000 -0.767 0.089 0.993 0.000 0.105 0.058 0.613 0.000 -0.788 0.056 0.991 0.000 0.113 0.064 
-0.668 0.028 -0.053 -0.742 0.996 0.000 -0.034 -0.077 0.973 0.000 0.181 -0.145 0.997 0.000 -0.020 -0.078 0.976 0.000 0.180 -0.123 0.635 0.000 -0.767 0.089 0.993 0.000 0.105 0.058 0.613 0.000 -0.788 0.056 0.991 0.000 0.113 0.064 
-0.668 0.028 -0.053 -0.742 0.996 0.000 -0.034 -0.085 0.973 0.000 0.182 -0.145 0.996 0.000 -0.021 -0.085 0.976 0.000 0.180 -0.119 0.635 -0.000 -0.767 0.089 0.993 0.000 0.105 0.058 0.613 0.000 -0.788 0.055 0.991 -0.000 0.113 0.064 
-0.668 0.028 -0.053 -0.742 0.995 -0.000 -0.034 -0.092 0.972 0.000 0.182 -0.146 0.996 -0.000 -0.021 -0.091 0.976 0.000 0.181 -0.120 0.635 0.000 -0.767 0.089 0.993 -0.000 0.105 0.058 0.613 0.000 -0.788 0.056 0.991 0.000 0.113 0.064 
-0.668 0.028 -0.053 -0.741 0.994 0.000 -0.035 -0.100 0.972 0.000 0.182 -0.147 0.995 -0.000 -0.023 -0.097 0.976 0.000 0.181 -0.122 0.635 0.000 -0.767 0.089 0.993 -0.000 0.105 0.058 0.613 0.000 -0.788 0.056 0.991 0.000 0.113 0.064 
-0.668 0.029 -0.054 -0.741 0.994 0.000 -0.035 -0.106 0.972 0.000 0.182 -0.149 0.994 0.000 -0.026 -0.107 0.976 0.000 0.182 -0.121 0.636 -0.000 -0.767 0.090 0.993 -0.000 0.105 0.058 0.613 0.000 -0.788 0.056 0.991 0.000 0.113 0.064 
-0.668 0.029 -0.054 -0.741 0.993 0.000 -0.036 -0.113 0.972 0.000 0.182 -0.151 0.993 0.000 -0.027 -0.113 0.976 0.000 0.182 -0.123 0.636 0.000 -0.767 0.090 0.993 -0.000 0.105 0.057 0.613 0.000 -0.788 0.057 0.992 0.000 0.113 0.064 
-0.668 0.029 -0.054 -0.741 0.992 0.000 -0.037 -0.118 0.971 0.000 0.182 -0.156 0.992 0.000 -0.029 -0.120 0.976 0.000 0.182 -0.122 0.636 0.000 -0.767 0.090 0.993 0.000 0.105 0.057 0.613 -0.000 -0.788 0.057 0.992 0.000 0.113 0.064 
-0.669 0.029 -0.054 -0.741 0.991 0.000 -0.037 -0.126 0.971 0.000 0.181 -0.156 0.992 0.000 -0.031 -0.126 0.976 0.000 0.180 -0.121 0.636 0.000 -0.767 0.090 0.993 0.000 0.105 0.057 0.613 0.000 -0.788 0.057 0.992 0.000 0.113 0.063 
-0.669 0.029 -0.054 -0.741 0.990 0.000 -0.038 -0.133 0.971 0.000 0.180 -0.158 0.991 -0.000 -0.033 -0.132 0.976 -0.000 0.179 -0.121 0.636 0.000 -0.766 0.090 0.993 0.000 0.105 0.057 0.613 0.000 -0.788 0.057 0.992 0.000 0.113 0.063 
-0.669 0.029 -0.054 -0.741 0.990 -0.000 -0.039 -0.138 0.970 0.000 0.179 -0.162 0.990 0.000 -0.036 -0.139 0.977 0.000 0.177 -0.121 0.636 -0.000 -0.766 0.090 0.993 0.000 0.105 0.056 0.613 -0.000 -0.788 0.057 0.992 0.000 0.113 0.063 
-0.669 0.029 -0.054 -0.741 0.989 -0.000 -0.041 -0.145 0.970 0.000 0.179 -0.163 0.989 0.000 -0.038 -0.146 0.977 0.000 0.175 -0.122 0.636 0.000 -0.766 0.090 0.993 0.000 0.105 0.056 0.612 0.000 -0.788 0.057 0.992 0.000 0.113 0.063 
-0.669 0.029 -0.054 -0.741 0.987 0.000 -0.044 -0.153 0.970 0.000 0.179 -0.163 0.988 0.000 -0.040 -0.152 0.977 -0.000 0.173 -0.124 0.636 -0.000 -0.766 0.091 0.993 0.000 0.105 0.056 0.612 0.000 -0.788 0.057 0.992 0.000 0.113 0.063 
-0.669 0.029 -0.054 -0.741 0.986 0.000 -0.047 -0.159 0.970 0.000 0.179 -0.164 0.987 0.000 -0.043 -0.156 0.978 0.000 0.169 -0.126 0.636 0.000 -0.766 0.090 0.993 0.000 0.105 0.056 0.612 -0.000 -0.789 0.057 0.992 -0.000 0.113 0.063 
-0.669 0.029 -0.054 -0.740 0.985 -0.000 -0.049 -0.166 0.970 0.000 0.178 -0.165 0.985 0.000 -0.045 -0.164 0.978 0.000 0.167 -0.125 0.636 0.000 -0.766 0.090 0.993 0.000 0.105 0.056 0.612 0.000 -0.789 0.057 0.992 0.000 0.113 0.062 
-0.669 0.029 -0.054 -0.740 0.984 0.000 -0.052 -0.172 0.970 0.000 0.177 -0.165 0.984 0.000 -0.049 -0.170 0.978 0.000 0.166 -0.127 0.636 0.000 -0.766 0.090 0.993 0.000 0.105 0.056 0.612 0.000 -0.789 0.057 0.992 0.000 0.113 0.062 
-0.669 0.029 -0.054 -0.740 0.982 0.000 -0.056 -0.178 0.970 0.000 0.177 -0.166 0.983 0.000 -0.053 -0.175 0.978 0.000 0.166 -0.129 0.636 0.000 -0.766 0.089 0.993 0.000 0.105 0.056 0.612 0.000 -0.789 0.057 0.992 0.000 0.113 0.062 
-0.669 0.029 -0.054 -0.740 0.981 0.000 -0.058 -0.185 0.971 0.000 0.175 -0.166 0.982 0.000 -0.057 -0.181 0.978 -0.000 0.166 -0.130 0.636 -0.000 -0.766 0.089 0.993 -0.000 0.105 0.056 0.612 0.000 -0.789 0.057 0.992 0.000 0.113 0.062 
-0.669 0.029 -0.054 -0.740 0.980 0.000 -0.061 -0.191 0.971 0.000 0.173 -0.167 0.980 0.000 -0.062 -0.187 0.977 -0.000 0.166 -0.132 0.636 0.000 -0.766 0.089 0.993 0.000 0.105 0.056 0.612 0.000 -0.789 0.057 0.992 0.000 0.113 0.062 
-0.670 0.029 -0.054 -0.740 0.978 0.000 -0.066 -0.196 0.970 0.000 0.173 -0.169 0.979 0.000 -0.069 -0.190 0.976 -0.000 0.168 -0.138 0.636 0.000 -0.766 0.089 0.993 0.000 0.105 0.056 0.612 0.000 -0.789 0.056 0.992 0.000 0.113 0.061 
-0.669 0.029 -0.053 -0.740 0.977 0.000 -0.069 -0.201 0.970 -0.000 0.172 -0.169 0.978 0.000 -0.073 -0.198 0.977 0.000 0.167 -0.136 0.636 0.000 -0.766 0.089 0.993 0.000 0.105 0.056 0.612 0.000 -0.789 0.056 0.992 0.000 0.113 0.062 
-0.669 0.029 -0.053 -0.740 0.976 -0.000 -0.073 -0.206 0.971 0.000 0.170 -0.170 0.976 0.000 -0.079 -0.203 0.976 0.000 0.168 -0.139 0.636 0.000 -0.766 0.088 0.993 0.000 0.105 0.056 0.612 0.000 -0.789 0.056 0.992 0.000 0.113 0.062 
-0.669 0.029 -0.053 -0.741 0.974 0.000 -0.078 -0.212 0.971 0.000 0.170 -0.170 0.974 -0.000 -0.085 -0.209 0.976 0.000 0.169 -0.139 0.636 0.000 -0.766 0.089 0.993 -0.000 0.105 0.055 0.612 0.000 -0.789 0.056 0.992 -0.000 0.113 0.062 
-0.669 0.029 -0.053 -0.741 0.973 0.000 -0.082 -0.217 0.971 0.000 0.169 -0.171 0.972 -0.000 -0.092 -0.215 0.975 0.000 0.170 -0.140 0.636 0.000 -0.766 0.089 0.993 0.000 0.105 0.055 0.612 0.000 -0.789 0.056 0.992 0.000 0.113 0.061 
-0.669 0.030 -0.053 -0.741 0.971 0.000 -0.086 -0.222 0.971 0.000 0.167 -0.172 0.970 0.000 -0.099 -0.220 0.975 0.000 0.173 -0.141 0.636 0.000 -0.766 0.088 0.993 0.000 0.105 0.055 0.612 0.000 -0.789 0.055 0.992 0.000 0.113 0.062 
-0.669 0.029 -0.053 -0.741 0.970 -0.000 -0.091 -0.227 0.971 0.000 0.167 -0.171 0.969 0.000 -0.107 -0.225 0.974 0.000 0.175 -0.144 0.636 -0.000 -0.766 0.088 0.993 0.000 0.105 0.055 0.612 0.000 -0.789 0.055 0.992 0.000 0.112 0.061 
-0.669 0.029 -0.053 -0.741 0.968 -0.000 -0.096 -0.231 0.971 0.000 0.166 -0.172 0.967 0.000 -0.114 -0.229 0.973 0.000 0.178 -0.147 0.636 0.000 -0.766 0.088 0.993 0.000 0.105 0.055 0.612 0.000 -0.789 0.055 0.992 0.000 0.112 0.061 
-0.669 0.029 -0.052 -0.741 0.967 0.000 -0.100 -0.235 0.971 0.000 0.165 -0.172 0.965 0.000 -0.123 -0.233 0.972 -0.000 0.182 -0.150 0.636 0.000 -0.766 0.087 0.993 -0.000 0.105 0.055 0.612 0.000 -0.789 0.054 0.992 0.000 0.112 0.061 
-0.669 0.029 -0.052 -0.741 0.965 0.000 -0.106 -0.239 0.971 -0.000 0.164 -0.172 0.962 0.000 -0.131 -0.238 0.971 0.000 0.185 -0.152 0.636 0.000 -0.767 0.086 0.993 0.000 0.105 0.055 0.612 0.000 -0.789 0.054 0.992 0.000 0.112 0.061 
-0.669 0.029 -0.052 -0.741 0.964 0.000 -0.111 -0.243 0.972 0.000 0.162 -0.173 0.960 0.000 -0.139 -0.242 0.970 0.000 0.188 -0.156 0.636 0.000 -0.767 0.085 0.993 0.000 0.105 0.055 0.612 0.000 -0.789 0.053 0.992 0.000 0.112 0.061 
-0.669 0.029 -0.052 -0.741 0.962 0.000 -0.116 -0.246 0.972 0.000 0.161 -0.173 0.958 -0.000 -0.147 -0.245 0.969 -0.000 0.190 -0.160 0.636 -0.000 -0.767 0.085 0.993 0.000 0.105 0.056 0.612 0.000 -0.789 0.052 0.992 0.000 0.112 0.061 
-0.669 0.029 -0.052 -0.741 0.961 0.000 -0.122 -0.249 0.972 0.000 0.159 -0.174 0.956 0.000 -0.154 -0.250 0.968 -0.000 0.190 -0.162 0.637 0.000 -0.766 0.085 0.993 0.000 0.105 0.056 0.612 0.000 -0.789 0.052 0.992 0.000 0.112 0.061 
-0.669 0.028 -0.051 -0.741 0.959 0.000 -0.127 -0.252 0.972 0.000 0.158 -0.174 0.954 0.000 -0.165 -0.251 0.966 0.000 0.195 -0.169 0.637 0.000 -0.766 0.084 0.993 0.000 0.104 0.056 0.612 -0.000 -0.789 0.051 0.992 -0.000 0.112 0.061 
-0.669 0.028 -0.051 -0.741 0.958 0.000 -0.133 -0.256 0.972 0.000 0.157 -0.174 0.952 -0.000 -0.173 -0.253 0.965 0.000 0.195 -0.174 0.638 0.000 -0.766 0.083 0.993 0.000 0.104 0.056 0.612 -0.000 -0.789 0.051 0.992 0.000 0.111 0.061 
-0.669 0.028 -0.051 -0.741 0.956 0.000 -0.139 -0.257 0.972 0.000 0.155 -0.175 0.950 0.000 -0.180 -0.256 0.965 -0.000 0.194 -0.177 0.638 0.000 -0.766 0.083 0.993 0.000 0.104 0.056 0.612 0.000 -0.789 0.050 0.992 0.000 0.111 0.061 
-0.668 0.028 -0.051 -0.742 0.955 0.000 -0.146 -0.259 0.972 0.000 0.154 -0.176 0.948 0.000 -0.187 -0.259 0.965 0.000 0.193 -0.179 0.637 0.000 -0.766 0.083 0.993 0.000 0.104 0.056 0.612 0.000 -0.789 0.050 0.992 0.000 0.111 0.061 
-0.668 0.028 -0.051 -0.742 0.953 0.000 -0.153 -0.261 0.972 0.000 0.154 -0.176 0.945 0.000 -0.193 -0.262 0.965 0.000 0.191 -0.180 0.637 -0.000 -0.766 0.083 0.993 0.000 0.104 0.055 0.612 0.000 -0.789 0.051 0.992 0.000 0.111 0.060 
-0.668 0.028 -0.051 -0.742 0.952 0.000 -0.161 -0.262 0.972 0.000 0.153 -0.176 0.943 0.000 -0.201 -0.265 0.965 0.000 0.189 -0.181 0.637 -0.000 -0.766 0.082 0.993 0.000 0.104 0.055 0.612 0.000 -0.789 0.051 0.992 0.000 0.111 0.060 
-0.668 0.028 -0.050 -0.742 0.950 0.000 -0.168 -0.263 0.972 0.000 0.153 -0.177 0.941 -0.000 -0.208 -0.266 0.965 -0.000 0.187 -0.184 0.637 -0.000 -0.766 0.082 0.993 0.000 0.104 0.055 0.612 0.000 -0.789 0.050 0.992 0.000 0.111 0.060 
-0.668 0.027 -0.050 -0.742 0.948 0.000 -0.176 -0.264 0.972 0.000 0.151 -0.177 0.939 0.000 -0.216 -0.268 0.965 -0.000 0.185 -0.185 0.637 0.000 -0.766 0.082 0.993 0.000 0.104 0.055 0.612 0.000 -0.789 0.050 0.992 0.000 0.111 0.060 
-0.668 0.027 -0.050 -0.742 0.947 0.000 -0.183 -0.264 0.973 0.000 0.150 -0.178 0.937 0.000 -0.223 -0.268 0.965 0.000 0.183 -0.187 0.637 0.000 -0.766 0.081 0.993 0.000 0.104 0.055 0.612 0.000 -0.789 0.049 0.992 0.000 0.110 0.060 
-0.669 0.027 -0.049 -0.742 0.945 -0.000 -0.191 -0.264 0.973 -0.000 0.149 -0.178 0.935 0.000 -0.231 -0.269 0.965 0.000 0.181 -0.188 0.637 0.000 -0.766 0.080 0.993 -0.000 0.104 0.055 0.612 0.000 -0.789 0.048 0.992 0.000 0.110 0.060 
-0.669 0.026 -0.049 -0.741 0.944 0.000 -0.198 -0.265 0.973 0.000 0.147 -0.179 0.933 0.000 -0.238 -0.269 0.965 0.000 0.179 -0.189 0.637 -0.000 -0.766 0.080 0.993 0.000 0.104 0.054 0.612 0.000 -0.789 0.048 0.992 0.000 0.110 0.060 
-0.669 0.026 -0.049 -0.741 0.942 -0.000 -0.206 -0.265 0.973 0.000 0.146 -0.179 0.931 0.000 -0.245 -0.269 0.966 0.000 0.177 -0.191 0.637 0.000 -0.766 0.079 0.993 0.000 0.104 0.054 0.612 -0.000 -0.789 0.047 0.992 0.000 0.110 0.060 
-0.669 0.026 -0.048 -0.741 0.940 -0.000 -0.214 -0.264 0.973 0.000 0.144 -0.179 0.929 0.000 -0.253 -0.269 0.966 0.000 0.174 -0.191 0.637 0.000 -0.766 0.079 0.993 0.000 0.104 0.054 0.612 0.000 -0.789 0.047 0.992 0.000 0.110 0.060 
-0.669 0.026 -0.048 -0.741 0.939 0.000 -0.222 -0.263 0.973 -0.000 0.142 -0.180 0.928 0.000 -0.260 -0.268 0.966 0.000 0.172 -0.192 0.637 0.000 -0.767 0.078 0.993 0.000 0.104 0.054 0.612 0.000 -0.789 0.046 0.992 0.000 0.110 0.060 
-0.670 0.025 -0.047 -0.741 0.937 0.000 -0.230 -0.263 0.974 -0.000 0.140 -0.180 0.925 -0.000 -0.269 -0.267 0.966 0.000 0.171 -0.192 0.637 0.000 -0.767 0.077 0.993 0.000 0.104 0.054 0.612 0.000 -0.789 0.045 0.992 0.000 0.110 0.060 
-0.670 0.025 -0.047 -0.740 0.936 0.000 -0.238 -0.261 0.974 0.000 0.138 -0.182 0.923 0.000 -0.275 -0.268 0.967 0.000 0.169 -0.189 0.638 0.000 -0.767 0.076 0.993 0.000 0.104 0.054 0.612 0.000 -0.790 0.044 0.992 0.000 0.110 0.060 
-0.671 0.025 -0.047 -0.740 0.934 -0.000 -0.245 -0.260 0.974 0.000 0.136 -0.182 0.922 0.000 -0.281 -0.266 0.968 0.000 0.165 -0.189 0.638 0.000 -0.767 0.075 0.993 -0.000 0.104 0.055 0.612 0.000 -0.790 0.043 0.992 0.000 0.110 0.061 
-0.671 0.024 -0.046 -0.739 0.933 0.000 -0.252 -0.258 0.974 0.000 0.133 -0.182 0.921 -0.000 -0.289 -0.263 0.968 0.000 0.164 -0.191 0.638 0.000 -0.767 0.074 0.993 0.000 0.104 0.055 0.612 0.000 -0.790 0.042 0.992 0.000 0.109 0.061 
-0.672 0.024 -0.046 -0.739 0.931 0.000 -0.258 -0.257 0.975 0.000 0.128 -0.183 0.919 0.000 -0.295 -0.260 0.968 0.000 0.163 -0.190 0.638 0.000 -0.767 0.073 0.993 -0.000 0.104 0.055 0.612 0.000 -0.790 0.041 0.992 0.000 0.110 0.061 
-0.672 0.024 -0.045 -0.738 0.930 0.000 -0.264 -0.255 0.975 -0.000 0.124 -0.183 0.918 0.000 -0.302 -0.258 0.969 0.000 0.160 -0.190 0.638 0.000 -0.767 0.072 0.993 0.000 0.104 0.055 0.612 -0.000 -0.790 0.041 0.992 0.000 0.109 0.062 
-0.673 0.023 -0.046 -0.738 0.929 0.000 -0.270 -0.253 0.976 0.000 0.120 -0.183 0.917 -0.000 -0.307 -0.256 0.970 0.000 0.157 -0.188 0.638 -0.000 -0.766 0.071 0.993 0.000 0.104 0.055 0.611 -0.000 -0.790 0.040 0.992 0.000 0.109 0.062 
-0.673 0.024 -0.045 -0.738 0.928 -0.000 -0.276 -0.250 0.976 0.000 0.116 -0.184 0.915 0.000 -0.313 -0.253 0.970 -0.000 0.154 -0.187 0.638 -0.000 -0.767 0.071 0.993 0.000 0.104 0.055 0.612 0.000 -0.790 0.040 0.992 0.000 0.109 0.062 
-0.674 0.023 -0.044 -0.737 0.927 0.000 -0.282 -0.247 0.977 0.000 0.113 -0.183 0.914 -0.000 -0.321 -0.248 0.970 0.000 0.155 -0.187 0.638 -0.000 -0.767 0.069 0.993 0.000 0.104 0.056 0.612 0.000 -0.790 0.039 0.992 0.000 0.109 0.062 
-0.675 0.023 -0.044 -0.736 0.926 0.000 -0.288 -0.245 0.977 0.000 0.111 -0.183 0.913 0.000 -0.326 -0.245 0.971 0.000 0.152 -0.184 0.638 0.000 -0.767 0.070 0.993 0.000 0.104 0.055 0.612 0.000 -0.789 0.040 0.992 0.000 0.108 0.061 
-0.674 0.023 -0.044 -0.737 0.925 0.000 -0.294 -0.241 0.977 0.000 0.109 -0.182 0.913 0.000 -0.331 -0.240 0.972 -0.000 0.149 -0.184 0.638 -0.000 -0.767 0.068 0.993 0.000 0.104 0.056 0.612 0.000 -0.790 0.038 0.992 0.000 0.109 0.062 
-0.675 0.022 -0.043 -0.736 0.924 0.000 -0.300 -0.237 0.977 0.000 0.108 -0.183 0.912 0.000 -0.337 -0.233 0.972 0.000 0.148 -0.185 0.638 0.000 -0.767 0.067 0.993 0.000 0.104 0.056 0.613 0.000 -0.790 0.038 0.992 0.000 0.108 0.061 
-0.676 0.022 -0.043 -0.736 0.923 0.000 -0.306 -0.233 0.978 0.000 0.107 -0.182 0.912 0.000 -0.342 -0.228 0.972 0.000 0.144 -0.185 0.638 0.000 -0.767 0.066 0.993 0.000 0.104 0.056 0.613 -0.000 -0.790 0.037 0.992 0.000 0.108 0.061 
-0.675 0.022 -0.043 -0.736 0.923 0.000 -0.312 -0.227 0.978 0.000 0.106 -0.181 0.911 -0.000 -0.345 -0.226 0.973 0.000 0.141 -0.181 0.638 -0.000 -0.768 0.066 0.993 0.000 0.104 0.056 0.612 0.000 -0.790 0.036 0.992 0.000 0.109 0.062 
-0.676 0.021 -0.042 -0.736 0.922 0.000 -0.318 -0.223 0.978 0.000 0.106 -0.181 0.911 0.000 -0.351 -0.218 0.973 -0.000 0.140 -0.182 0.638 -0.000 -0.768 0.065 0.993 0.000 0.103 0.056 0.612 0.000 -0.790 0.035 0.992 0.000 0.109 0.062 
-0.676 0.021 -0.042 -0.735 0.921 0.000 -0.323 -0.218 0.978 0.000 0.106 -0.180 0.910 0.000 -0.356 -0.212 0.974 -0.000 0.138 -0.180 0.638 0.000 -0.768 0.065 0.993 0.000 0.104 0.056 0.613 0.000 -0.789 0.036 0.992 0.000 0.108 0.061 
-0.676 0.021 -0.041 -0.735 0.920 -0.000 -0.328 -0.212 0.978 0.000 0.106 -0.180 0.910 0.000 -0.360 -0.206 0.974 0.000 0.136 -0.179 0.638 -0.000 -0.768 0.064 0.993 -0.000 0.104 0.056 0.613 0.000 -0.789 0.036 0.992 -0.000 0.108 0.061 
-0.676 0.021 -0.041 -0.735 0.920 0.000 -0.334 -0.206 0.978 0.000 0.106 -0.180 0.910 0.000 -0.363 -0.201 0.975 0.000 0.134 -0.176 0.638 0.000 -0.768 0.064 0.993 -0.000 0.103 0.056 0.613 0.000 -0.789 0.036 0.992 0.000 0.107 0.060 
-0.676 0.021 -0.041 -0.735 0.919 0.000 -0.339 -0.200 0.978 0.000 0.107 -0.179 0.910 0.000 -0.367 -0.194 0.976 -0.000 0.133 -0.174 0.638 -0.000 -0.768 0.064 0.993 -0.000 0.103 0.056 0.613 -0.000 -0.789 0.036 0.992 -0.000 0.107 0.060 
-0.676 0.021 -0.041 -0.735 0.919 0.000 -0.344 -0.193 0.978 0.000 0.109 -0.179 0.910 0.000 -0.371 -0.187 0.977 0.000 0.131 -0.171 0.638 0.000 -0.768 0.064 0.993 0.000 0.103 0.056 0.613 0.000 -0.789 0.036 0.992 0.000 0.107 0.060 
-0.677 0.021 -0.041 -0.735 0.918 -0.000 -0.349 -0.186 0.978 0.000 0.110 -0.179 0.910 0.000 -0.374 -0.180 0.977 0.000 0.129 -0.169 0.638 0.000 -0.768 0.064 0.993 -0.000 0.103 0.055 0.613 0.000 -0.789 0.036 0.992 -0.000 0.107 0.060 
-0.677 0.020 -0.040 -0.735 0.918 -0.000 -0.355 -0.179 0.978 0.000 0.112 -0.177 0.910 0.000 -0.378 -0.172 0.978 -0.000 0.128 -0.167 0.638 -0.000 -0.768 0.063 0.993 -0.000 0.103 0.055 0.613 0.000 -0.789 0.035 0.992 0.000 0.107 0.060 
-0.677 0.020 -0.040 -0.735 0.917 -0.000 -0.359 -0.173 0.978 -0.000 0.113 -0.177 0.910 0.000 -0.381 -0.164 0.978 0.000 0.127 -0.166 0.638 -0.000 -0.768 0.063 0.993 0.000 0.103 0.055 0.613 -0.000 -0.789 0.035 0.992 0.000 0.107 0.060 
-0.677 0.020 -0.040 -0.735 0.917 0.000 -0.363 -0.166 0.978 0.000 0.114 -0.175 0.910 -0.000 -0.383 -0.157 0.978 0.000 0.126 -0.164 0.638 0.000 -0.768 0.063 0.993 0.000 0.103 0.055 0.613 0.000 -0.789 0.035 0.992 0.000 0.107 0.060 
-0.677 0.020 -0.040 -0.735 0.916 0.000 -0.367 -0.158 0.978 0.000 0.116 -0.173 0.910 0.000 -0.386 -0.149 0.979 0.000 0.125 -0.161 0.638 0.000 -0.768 0.062 0.993 0.000 0.103 0.055 0.613 0.000 -0.789 0.034 0.992 -0.000 0.107 0.060 
-0.677 0.020 -0.040 -0.735 0.916 0.000 -0.371 -0.152 0.978 0.000 0.116 -0.171 0.911 -0.000 -0.387 -0.142 0.980 -0.000 0.123 -0.158 0.638 0.000 -0.768 0.062 0.993 0.000 0.103 0.055 0.613 0.000 -0.789 0.035 0.992 0.000 0.107 0.059 
-0.676 0.020 -0.039 -0.736 0.916 -0.000 -0.374 -0.144 0.979 0.000 0.117 -0.169 0.911 -0.000 -0.389 -0.135 0.980 0.000 0.122 -0.158 0.637 0.000 -0.768 0.062 0.993 0.000 0.103 0.055 0.613 -0.000 -0.790 0.033 0.992 0.000 0.108 0.060 
-0.676 0.020 -0.040 -0.735 0.916 -0.000 -0.377 -0.137 0.979 0.000 0.117 -0.167 0.913 -0.000 -0.389 -0.127 0.981 0.000 0.119 -0.154 0.638 0.000 -0.768 0.063 0.993 0.000 0.103 0.055 0.613 0.000 -0.789 0.035 0.992 0.000 0.107 0.059 
-0.676 0.019 -0.039 -0.735 0.916 -0.000 -0.380 -0.129 0.979 -0.000 0.117 -0.165 0.912 0.000 -0.391 -0.119 0.981 -0.000 0.119 -0.151 0.638 0.000 -0.768 0.063 0.993 0.000 0.103 0.055 0.613 0.000 -0.789 0.035 0.993 0.000 0.107 0.059 
-0.676 0.019 -0.039 -0.735 0.916 0.000 -0.382 -0.122 0.980 0.000 0.117 -0.163 0.913 0.000 -0.392 -0.112 0.982 0.000 0.118 -0.147 0.638 -0.000 -0.768 0.063 0.993 -0.000 0.103 0.055 0.613 0.000 -0.789 0.035 0.993 -0.000 0.107 0.059 
-0.676 0.019 -0.039 -0.736 0.916 -0.000 -0.384 -0.113 0.980 0.000 0.117 -0.162 0.914 0.000 -0.393 -0.105 0.983 0.000 0.117 -0.144 0.637 0.000 -0.768 0.063 0.993 0.000 0.103 0.055 0.613 0.000 -0.789 0.035 0.993 0.000 0.107 0.059 
-0.675 0.019 -0.039 -0.736 0.917 0.000 -0.386 -0.105 0.980 0.000 0.116 -0.161 0.915 0.000 -0.391 -0.099 0.984 -0.000 0.114 -0.139 0.637 0.000 -0.768 0.063 0.993 0.000 0.103 0.055 0.613 0.000 -0.790 0.034 0.992 -0.000 0.108 0.060 
-0.675 0.019 -0.039 -0.736 0.917 0.000 -0.387 -0.096 0.981 0.000 0.115 -0.159 0.916 0.000 -0.391 -0.092 0.984 0.000 0.113 -0.136 0.637 0.000 -0.768 0.062 0.993 0.000 0.103 0.056 0.613 0.000 -0.790 0.034 0.992 0.000 0.108 0.060 
-0.675 0.019 -0.038 -0.736 0.917 0.000 -0.388 -0.089 0.981 0.000 0.114 -0.158 0.917 0.000 -0.390 -0.085 0.985 -0.000 0.112 -0.134 0.637 -0.000 -0.768 0.062 0.993 0.000 0.103 0.056 0.612 0.000 -0.790 0.033 0.992 0.000 0.108 0.060 
-0.675 0.019 -0.038 -0.736 0.918 0.000 -0.388 -0.080 0.981 -0.000 0.112 -0.158 0.918 0.000 -0.390 -0.078 0.985 0.000 0.112 -0.131 0.637 0.000 -0.768 0.061 0.993 -0.000 0.103 0.057 0.612 -0.000 -0.790 0.033 0.992 0.000 0.108 0.060 
-0.675 0.019 -0.038 -0.736 0.919 -0.000 -0.389 -0.072 0.981 -0.000 0.111 -0.157 0.919 0.000 -0.389 -0.071 0.985 0.000 0.112 -0.128 0.636 0.000 -0.769 0.061 0.993 0.000 0.104 0.057 0.613 0.000 -0.789 0.034 0.992 0.000 0.109 0.060 
-0.675 0.019 -0.038 -0.736 0.919 0.000 -0.389 -0.063 0.981 0.000 0.110 -0.157 0.919 0.000 -0.388 -0.063 0.986 0.000 0.113 -0.126 0.636 0.000 -0.769 0.061 0.993 -0.000 0.104 0.057 0.613 -0.000 -0.790 0.033 0.992 0.000 0.108 0.060 
-0.675 0.019 -0.037 -0.737 0.920 0.000 -0.388 -0.054 0.981 0.000 0.109 -0.158 0.920 0.000 -0.388 -0.057 0.986 0.000 0.115 -0.122 0.636 0.000 -0.769 0.060 0.993 0.000 0.104 0.058 0.613 0.000 -0.790 0.033 0.992 0.000 0.108 0.061 
-0.675 0.019 -0.037 -0.737 0.921 0.000 -0.387 -0.046 0.981 0.000 0.109 -0.157 0.921 0.000 -0.386 -0.049 0.986 0.000 0.115 -0.121 0.636 0.000 -0.769 0.060 0.993 0.000 0.104 0.058 0.613 -0.000 -0.790 0.032 0.992 0.000 0.109 0.061 
-0.675 0.019 -0.037 -0.737 0.921 0.000 -0.387 -0.037 0.981 0.000 0.109 -0.158 0.922 0.000 -0.385 -0.042 0.986 0.000 0.116 -0.121 0.636 0.000 -0.769 0.060 0.993 0.000 0.103 0.058 0.613 -0.000 -0.790 0.032 0.992 0.000 0.108 0.061 
-0.675 0.019 -0.037 -0.737 0.922 0.000 -0.386 -0.031 0.982 0.000 0.111 -0.156 0.923 0.000 -0.382 -0.034 0.985 0.000 0.117 -0.124 0.636 0.000 -0.769 0.060 0.993 0.000 0.103 0.058 0.613 0.000 -0.789 0.032 0.992 0.000 0.108 0.061 
-0.675 0.018 -0.037 -0.737 0.923 -0.000 -0.384 -0.023 0.982 0.000 0.111 -0.156 0.924 -0.000 -0.381 -0.026 0.985 -0.000 0.119 -0.124 0.637 -0.000 -0.769 0.059 0.993 0.000 0.103 0.059 0.613 -0.000 -0.790 0.032 0.992 0.000 0.108 0.061 
-0.675 0.018 -0.037 -0.736 0.924 0.000 -0.382 -0.015 0.981 0.000 0.112 -0.156 0.926 -0.000 -0.378 -0.018 0.985 0.000 0.118 -0.124 0.637 0.000 -0.768 0.060 0.993 0.000 0.103 0.059 0.613 0.000 -0.789 0.033 0.992 0.000 0.107 0.060 
-0.674 0.018 -0.037 -0.737 0.925 0.000 -0.380 -0.008 0.982 0.000 0.113 -0.154 0.927 0.000 -0.375 -0.012 0.985 0.000 0.119 -0.123 0.638 0.000 -0.768 0.059 0.993 0.000 0.103 0.059 0.613 -0.000 -0.790 0.031 0.992 0.000 0.108 0.061 
-0.674 0.018 -0.037 -0.737 0.926 0.000 -0.378 -0.000 0.982 -0.000 0.113 -0.154 0.928 0.000 -0.373 -0.005 0.985 0.000 0.121 -0.123 0.637 0.000 -0.768 0.060 0.993 0.000 0.104 0.059 0.614 0.000 -0.789 0.033 0.992 0.000 0.107 0.061 
-0.674 0.018 -0.037 -0.738 0.927 0.000 -0.375 0.007 0.982 -0.000 0.115 -0.153 0.929 -0.000 -0.370 0.001 0.985 0.000 0.122 -0.122 0.637 -0.000 -0.769 0.060 0.993 0.000 0.104 0.059 0.613 -0.000 -0.790 0.032 0.992 0.000 0.108 0.061 
-0.674 0.018 -0.037 -0.738 0.928 0.000 -0.372 0.013 0.982 0.000 0.115 -0.152 0.931 0.000 -0.366 0.008 0.985 -0.000 0.122 -0.123 0.637 0.000 -0.769 0.060 0.993 -0.000 0.104 0.059 0.613 0.000 -0.790 0.032 0.992 0.000 0.108 0.062 
-0.674 0.018 -0.037 -0.738 0.929 0.000 -0.369 0.020 0.982 -0.000 0.116 -0.151 0.932 0.000 -0.362 0.014 0.985 0.000 0.122 -0.122 0.637 0.000 -0.769 0.060 0.993 0.000 0.104 0.059 0.613 -0.000 -0.790 0.032 0.992 0.000 0.108 0.062 
-0.673 0.018 -0.037 -0.738 0.930 0.000 -0.367 0.025 0.982 0.000 0.120 -0.149 0.934 0.000 -0.358 0.020 0.985 0.000 0.122 -0.122 0.637 0.000 -0.769 0.061 0.993 0.000 0.104 0.059 0.613 0.000 -0.790 0.033 0.992 0.000 0.108 0.062 
-0.673 0.018 -0.037 -0.738 0.932 0.000 -0.361 0.032 0.982 -0.000 0.117 -0.150 0.935 0.000 -0.353 0.026 0.985 0.000 0.122 -0.122 0.637 0.000 -0.769 0.061 0.993 0.000 0.104 0.060 0.613 -0.000 -0.790 0.033 0.992 0.000 0.108 0.062 
-0.673 0.018 -0.037 -0.739 0.933 -0.000 -0.358 0.037 0.982 0.000 0.121 -0.148 0.937 0.000 -0.348 0.031 0.985 0.000 0.122 -0.121 0.637 -0.000 -0.769 0.061 0.993 0.000 0.104 0.059 0.613 0.000 -0.790 0.033 0.992 0.000 0.108 0.062 
-0.673 0.017 -0.038 -0.739 0.935 0.000 -0.352 0.043 0.982 0.000 0.119 -0.149 0.938 0.000 -0.344 0.037 0.985 -0.000 0.123 -0.120 0.637 0.000 -0.768 0.061 0.993 -0.000 0.104 0.060 0.612 0.000 -0.790 0.033 0.992 0.000 0.108 0.062 
-0.672 0.018 -0.037 -0.739 0.936 0.000 -0.347 0.049 0.982 0.000 0.119 -0.149 0.939 0.000 -0.341 0.042 0.985 0.000 0.126 -0.122 0.637 0.000 -0.769 0.062 0.993 0.000 0.104 0.059 0.613 -0.000 -0.790 0.033 0.992 0.000 0.108 0.062 
-0.672 0.018 -0.038 -0.739 0.937 0.000 -0.344 0.053 0.981 0.000 0.123 -0.147 0.941 -0.000 -0.334 0.049 0.985 0.000 0.123 -0.125 0.637 0.000 -0.768 0.062 0.993 0.000 0.104 0.060 0.613 0.000 -0.790 0.033 0.992 0.000 0.108 0.062 
-0.672 0.018 -0.038 -0.739 0.939 0.000 -0.339 0.058 0.981 -0.000 0.123 -0.147 0.943 0.000 -0.330 0.053 0.984 0.000 0.124 -0.124 0.637 0.000 -0.768 0.062 0.993 0.000 0.104 0.060 0.613 0.000 -0.790 0.033 0.992 0.000 0.108 0.062 
-0.672 0.018 -0.038 -0.739 0.941 -0.000 -0.334 0.063 0.981 0.000 0.124 -0.147 0.944 0.000 -0.325 0.058 0.984 0.000 0.125 -0.124 0.637 0.000 -0.768 0.062 0.993 0.000 0.104 0.060 0.613 -0.000 -0.790 0.033 0.992 0.000 0.108 0.063 
-0.672 0.018 -0.038 -0.739 0.942 -0.000 -0.328 0.067 0.981 0.000 0.125 -0.146 0.945 0.000 -0.320 0.063 0.984 0.000 0.126 -0.123 0.637 0.000 -0.768 0.062 0.993 0.000 0.104 0.060 0.612 -0.000 -0.790 0.033 0.992 0.000 0.108 0.062 
-0.672 0.018 -0.038 -0.739 0.944 0.000 -0.323 0.071 0.981 -0.000 0.125 -0.146 0.947 0.000 -0.314 0.067 0.984 0.000 0.126 -0.122 0.637 0.000 -0.768 0.062 0.993 0.000 0.104 0.060 0.613 0.000 -0.790 0.034 0.992 0.000 0.108 0.062 
-0.672 0.018 -0.038 -0.739 0.945 0.000 -0.317 0.074 0.981 0.000 0.126 -0.146 0.948 0.000 -0.309 0.070 0.985 0.000 0.127 -0.120 0.637 0.000 -0.768 0.062 0.993 -0.000 0.104 0.060 0.612 -0.000 -0.790 0.034 0.992 -0.000 0.108 0.063 
-0.672 0.018 -0.038 -0.739 0.947 0.000 -0.312 0.077 0.981 0.000 0.126 -0.145 0.950 0.000 -0.304 0.073 0.985 0.000 0.128 -0.120 0.637 0.000 -0.768 0.062 0.993 0.000 0.104 0.060 0.612 0.000 -0.790 0.034 0.992 0.000 0.108 0.062 
-0.672 0.018 -0.038 -0.739 0.949 0.000 -0.304 0.081 0.981 0.000 0.125 -0.146 0.951 0.000 -0.299 0.076 0.985 -0.000 0.128 -0.119 0.637 0.000 -0.768 0.063 0.993 0.000 0.104 0.060 0.612 0.000 -0.790 0.034 0.992 0.000 0.108 0.062 
-0.672 0.018 -0.038 -0.739 0.950 -0.000 -0.300 0.082 0.981 0.000 0.128 -0.144 0.953 0.000 -0.293 0.079 0.984 0.000 0.129 -0.119 0.637 0.000 -0.768 0.063 0.993 0.000 0.104 0.061 0.612 -0.000 -0.790 0.034 0.992 0.000 0.108 0.062 
-0.672 0.018 -0.038 -0.739 0.952 -0.000 -0.293 0.085 0.981 0.000 0.129 -0.144 0.954 0.000 -0.289 0.081 0.985 -0.000 0.130 -0.115 0.637 -0.000 -0.768 0.063 0.993 -0.000 0.104 0.061 0.612 0.000 -0.790 0.035 0.992 0.000 0.109 0.063 
-0.672 0.018 -0.038 -0.739 0.954 0.000 -0.287 0.087 0.981 0.000 0.129 -0.144 0.956 0.000 -0.282 0.084 0.985 -0.000 0.130 -0.115 0.637 0.000 -0.768 0.063 0.993 0.000 0.105 0.061 0.612 0.000 -0.790 0.035 0.992 0.000 0.109 0.062 
-0.672 0.018 -0.038 -0.739 0.956 0.000 -0.280 0.089 0.981 -0.000 0.128 -0.145 0.956 0.000 -0.279 0.087 0.984 0.000 0.134 -0.114 0.637 0.000 -0.768 0.063 0.993 0.000 0.105 0.061 0.612 0.000 -0.790 0.034 0.992 0.000 0.109 0.063 
-0.672 0.018 -0.038 -0.739 0.957 0.000 -0.274 0.089 0.981 0.000 0.131 -0.143 0.958 0.000 -0.273 0.088 0.984 0.000 0.135 -0.113 0.637 0.000 -0.769 0.063 0.993 0.000 0.105 0.061 0.612 0.000 -0.790 0.034 0.992 0.000 0.109 0.063 
-0.673 0.018 -0.038 -0.739 0.959 -0.000 -0.268 0.090 0.981 0.000 0.131 -0.142 0.959 0.000 -0.267 0.090 0.984 0.000 0.137 -0.115 0.637 0.000 -0.769 0.063 0.993 0.000 0.105 0.061 0.612 0.000 -0.790 0.035 0.992 0.000 0.109 0.063 
-0.673 0.018 -0.038 -0.739 0.961 0.000 -0.262 0.091 0.981 0.000 0.132 -0.142 0.961 0.000 -0.262 0.091 0.984 0.000 0.138 -0.114 0.637 -0.000 -0.769 0.063 0.993 0.000 0.105 0.061 0.612 0.000 -0.790 0.035 0.992 -0.000 0.109 0.063 
-0.673 0.018 -0.038 -0.739 0.963 0.000 -0.255 0.091 0.981 0.000 0.133 -0.142 0.962 0.000 -0.256 0.092 0.984 0.000 0.137 -0.112 0.637 -0.000 -0.769 0.063 0.993 0.000 0.105 0.061 0.612 0.000 -0.790 0.035 0.992 0.000 0.109 0.064 
-0.673 0.018 -0.038 -0.739 0.964 0.000 -0.248 0.091 0.981 0.000 0.134 -0.142 0.964 0.000 -0.250 0.092 0.984 0.000 0.138 -0.113 0.637 0.000 -0.768 0.064 0.993 0.000 0.105 0.061 0.612 -0.000 -0.790 0.035 0.992 -0.000 0.109 0.064 
-0.673 0.019 -0.038 -0.738 0.966 0.000 -0.240 0.092 0.981 -0.000 0.132 -0.142 0.965 0.000 -0.244 0.093 0.984 0.000 0.140 -0.114 0.637 0.000 -0.768 0.064 0.993 0.000 0.105 0.062 0.612 0.000 -0.790 0.036 0.992 0.000 0.109 0.064 
-0.673 0.019 -0.038 -0.738 0.968 0.000 -0.235 0.090 0.981 0.000 0.136 -0.140 0.967 0.000 -0.238 0.094 0.983 0.000 0.140 -0.115 0.637 -0.000 -0.768 0.064 0.993 0.000 0.105 0.062 0.612 -0.000 -0.790 0.036 0.992 0.000 0.109 0.064 
-0.673 0.019 -0.038 -0.738 0.970 0.000 -0.228 0.089 0.981 0.000 0.137 -0.139 0.968 0.000 -0.233 0.094 0.983 -0.000 0.142 -0.113 0.637 0.000 -0.768 0.064 0.993 0.000 0.105 0.062 0.612 0.000 -0.790 0.036 0.992 -0.000 0.109 0.064 
-0.673 0.019 -0.038 -0.738 0.971 -0.000 -0.222 0.087 0.981 0.000 0.138 -0.138 0.969 0.000 -0.227 0.094 0.983 0.000 0.144 -0.112 0.637 0.000 -0.768 0.064 0.992 0.000 0.105 0.062 0.612 0.000 -0.790 0.035 0.992 0.000 0.109 0.065 
-0.673 0.019 -0.039 -0.738 0.973 0.000 -0.215 0.085 0.981 0.000 0.139 -0.138 0.971 0.000 -0.221 0.095 0.983 0.000 0.144 -0.113 0.637 0.000 -0.768 0.064 0.992 0.000 0.105 0.062 0.612 0.000 -0.790 0.035 0.992 0.000 0.110 0.065 
-0.673 0.019 -0.039 -0.738 0.975 0.000 -0.208 0.082 0.981 0.000 0.140 -0.137 0.972 0.000 -0.216 0.095 0.983 0.000 0.147 -0.112 0.637 -0.000 -0.769 0.064 0.992 0.000 0.105 0.063 0.612 0.000 -0.790 0.036 0.992 0.000 0.110 0.065 
-0.674 0.019 -0.039 -0.738 0.976 0.000 -0.201 0.078 0.981 0.000 0.141 -0.136 0.973 0.000 -0.210 0.095 0.983 0.000 0.150 -0.110 0.637 0.000 -0.769 0.063 0.992 0.000 0.105 0.063 0.612 0.000 -0.790 0.036 0.992 -0.000 0.110 0.065 
-0.674 0.020 -0.039 -0.738 0.978 0.000 -0.194 0.075 0.981 -0.000 0.142 -0.135 0.975 -0.000 -0.202 0.091 0.983 0.000 0.149 -0.105 0.637 0.000 -0.768 0.065 0.992 0.000 0.106 0.063 0.612 -0.000 -0.790 0.037 0.992 0.000 0.110 0.065 
-0.674 0.019 -0.040 -0.738 0.980 -0.000 -0.186 0.070 0.980 0.000 0.144 -0.135 0.976 0.000 -0.197 0.091 0.983 0.000 0.151 -0.104 0.637 0.000 -0.768 0.064 0.992 0.000 0.106 0.064 0.611 0.000 -0.790 0.037 0.992 0.000 0.110 0.065 
-0.674 0.020 -0.040 -0.737 0.982 0.000 -0.181 0.062 0.981 -0.000 0.148 -0.128 0.977 -0.000 -0.191 0.091 0.983 0.000 0.153 -0.101 0.637 0.000 -0.768 0.065 0.992 0.000 0.106 0.064 0.612 -0.000 -0.790 0.039 0.992 -0.000 0.109 0.064 
-0.675 0.020 -0.040 -0.737 0.983 -0.000 -0.172 0.059 0.980 0.000 0.146 -0.131 0.978 0.000 -0.185 0.091 0.983 0.000 0.155 -0.100 0.637 0.000 -0.769 0.064 0.992 0.000 0.106 0.064 0.612 0.000 -0.790 0.039 0.992 0.000 0.109 0.064 
-0.675 0.020 -0.040 -0.737 0.985 0.000 -0.166 0.053 0.980 0.000 0.151 -0.128 0.980 0.000 -0.180 0.090 0.983 0.000 0.157 -0.099 0.637 0.000 -0.769 0.064 0.992 0.000 0.106 0.065 0.612 0.000 -0.790 0.039 0.992 0.000 0.109 0.064 
-0.675 0.019 -0.039 -0.737 0.986 0.000 -0.159 0.048 0.980 0.000 0.153 -0.127 0.980 0.000 -0.177 0.094 0.982 0.000 0.160 -0.099 0.636 0.000 -0.769 0.062 0.992 -0.000 0.106 0.066 0.613 0.000 -0.790 0.037 0.992 0.000 0.109 0.064 
-0.675 0.020 -0.040 -0.736 0.988 0.000 -0.151 0.043 0.980 0.000 0.155 -0.128 0.982 0.000 -0.168 0.090 0.982 0.000 0.159 -0.097 0.636 0.000 -0.769 0.062 0.992 0.000 0.107 0.066 0.613 0.000 -0.789 0.038 0.992 0.000 0.109 0.064 
-0.676 0.020 -0.040 -0.736 0.989 0.000 -0.144 0.037 0.980 0.000 0.156 -0.127 0.983 0.000 -0.161 0.088 0.983 0.000 0.160 -0.096 0.636 -0.000 -0.769 0.062 0.992 0.000 0.106 0.066 0.613 0.000 -0.789 0.039 0.992 0.000 0.109 0.064 
-0.676 0.020 -0.040 -0.736 0.990 0.000 -0.136 0.032 0.979 -0.000 0.157 -0.127 0.984 0.000 -0.155 0.087 0.982 0.000 0.160 -0.096 0.637 -0.000 -0.769 0.061 0.992 0.000 0.106 0.067 0.612 0.000 -0.790 0.038 0.992 0.000 0.109 0.064 
-0.676 0.020 -0.040 -0.735 0.991 0.000 -0.129 0.026 0.979 0.000 0.159 -0.128 0.985 0.000 -0.149 0.085 0.982 0.000 0.161 -0.094 0.637 0.000 -0.769 0.061 0.992 0.000 0.106 0.068 0.612 0.000 -0.790 0.038 0.992 0.000 0.109 0.064 
-0.677 0.021 -0.040 -0.735 0.992 0.000 -0.122 0.020 0.979 0.000 0.160 -0.127 0.987 0.000 -0.141 0.080 0.983 -0.000 0.160 -0.091 0.637 0.000 -0.769 0.061 0.992 0.000 0.107 0.068 0.613 0.000 -0.789 0.040 0.992 0.000 0.109 0.064 
-0.677 0.020 -0.040 -0.734 0.993 0.000 -0.115 0.015 0.979 0.000 0.161 -0.129 0.987 0.000 -0.136 0.080 0.982 0.000 0.162 -0.093 0.636 0.000 -0.769 0.059 0.992 0.000 0.107 0.069 0.613 -0.000 -0.789 0.038 0.992 0.000 0.109 0.064 
-0.678 0.020 -0.039 -0.734 0.994 0.000 -0.108 0.012 0.978 0.000 0.160 -0.136 0.988 0.000 -0.130 0.078 0.982 -0.000 0.163 -0.093 0.636 0.000 -0.770 0.059 0.992 0.000 0.107 0.070 0.613 0.000 -0.789 0.038 0.992 0.000 0.109 0.065 
-0.678 0.021 -0.039 -0.734 0.995 0.000 -0.101 0.007 0.977 0.000 0.161 -0.137 0.989 0.000 -0.124 0.075 0.982 -0.000 0.164 -0.093 0.636 0.000 -0.770 0.058 0.992 -0.000 0.107 0.070 0.613 0.000 -0.789 0.038 0.992 0.000 0.109 0.065 
-0.679 0.021 -0.039 -0.733 0.996 0.000 -0.094 0.001 0.977 0.000 0.162 -0.137 0.990 -0.000 -0.118 0.072 0.982 -0.000 0.165 -0.093 0.636 0.000 -0.770 0.057 0.992 0.000 0.107 0.071 0.613 -0.000 -0.789 0.038 0.992 0.000 0.109 0.065 
-0.680 0.020 -0.039 -0.732 0.996 0.000 -0.087 -0.005 0.977 0.000 0.163 -0.139 0.991 0.000 -0.112 0.069 0.982 0.000 0.166 -0.093 0.636 0.000 -0.769 0.056 0.992 0.000 0.107 0.071 0.613 0.000 -0.789 0.037 0.992 0.000 0.109 0.065 
-0.680 0.020 -0.039 -0.732 0.997 0.000 -0.081 -0.010 0.976 0.000 0.165 -0.140 0.992 0.000 -0.106 0.065 0.982 -0.000 0.167 -0.090 0.636 0.000 -0.770 0.055 0.992 0.000 0.107 0.072 0.613 0.000 -0.789 0.037 0.992 0.000 0.109 0.066 
-0.681 0.020 -0.039 -0.731 0.997 0.000 -0.075 -0.016 0.976 0.000 0.166 -0.142 0.993 0.000 -0.101 0.062 0.982 0.000 0.167 -0.091 0.636 0.000 -0.770 0.055 0.992 0.000 0.107 0.072 0.613 -0.000 -0.790 0.036 0.992 -0.000 0.109 0.066 
-0.681 0.020 -0.039 -0.731 0.997 0.000 -0.069 -0.021 0.975 0.000 0.167 -0.144 0.994 0.000 -0.096 0.058 0.981 0.000 0.168 -0.092 0.636 0.000 -0.770 0.054 0.992 0.000 0.107 0.073 0.613 0.000 -0.790 0.036 0.992 0.000 0.109 0.066 
-0.681 0.020 -0.039 -0.731 0.998 0.000 -0.064 -0.027 0.975 0.000 0.169 -0.145 0.994 0.000 -0.090 0.053 0.982 0.000 0.169 -0.090 0.636 0.000 -0.770 0.053 0.992 0.000 0.107 0.073 0.613 -0.000 -0.790 0.035 0.992 0.000 0.109 0.066 
-0.682 0.020 -0.039 -0.730 0.998 0.000 -0.058 -0.031 0.974 0.000 0.168 -0.149 0.995 0.000 -0.085 0.049 0.981 0.000 0.170 -0.089 0.635 0.000 -0.770 0.053 0.992 -0.000 0.108 0.073 0.613 0.000 -0.789 0.035 0.992 0.000 0.109 0.066 
-0.682 0.020 -0.039 -0.730 0.998 0.000 -0.053 -0.036 0.974 0.000 0.170 -0.152 0.996 0.000 -0.080 0.043 0.982 0.000 0.169 -0.087 0.635 -0.000 -0.770 0.052 0.992 0.000 0.108 0.073 0.613 -0.000 -0.789 0.035 0.992 0.000 0.109 0.067 
-0.682 0.020 -0.039 -0.730 0.998 0.000 -0.049 -0.041 0.973 0.000 0.172 -0.152 0.996 0.000 -0.075 0.038 0.982 0.000 0.169 -0.087 0.635 0.000 -0.770 0.052 0.992 0.000 0.108 0.073 0.613 0.000 -0.790 0.034 0.992 -0.000 0.109 0.067 
-0.682 0.020 -0.039 -0.730 0.998 0.000 -0.044 -0.046 0.973 0.000 0.173 -0.154 0.997 0.000 -0.069 0.032 0.982 0.000 0.169 -0.087 0.635 0.000 -0.770 0.052 0.992 0.000 0.108 0.072 0.613 0.000 -0.790 0.034 0.992 0.000 0.109 0.067 
-0.683 0.020 -0.039 -0.730 0.998 0.000 -0.040 -0.052 0.972 0.000 0.174 -0.155 0.998 -0.000 -0.064 0.026 0.982 0.000 0.167 -0.088 0.635 0.000 -0.770 0.052 0.992 0.000 0.108 0.072 0.613 0.000 -0.790 0.034 0.992 0.000 0.109 0.067 
-0.683 0.020 -0.039 -0.730 0.998 0.000 -0.035 -0.057 0.972 -0.000 0.175 -0.156 0.998 0.000 -0.058 0.020 0.982 0.000 0.166 -0.088 0.635 0.000 -0.770 0.052 0.992 0.000 0.108 0.072 0.613 0.000 -0.789 0.034 0.992 0.000 0.109 0.067 
-0.683 0.020 -0.039 -0.729 0.998 0.000 -0.031 -0.063 0.972 0.000 0.176 -0.156 0.998 0.000 -0.054 0.013 0.982 0.000 0.168 -0.090 0.636 -0.000 -0.770 0.052 0.992 -0.000 0.107 0.072 0.612 0.000 -0.790 0.034 0.992 0.000 0.109 0.066 
-0.683 0.020 -0.039 -0.729 0.997 0.000 -0.027 -0.068 0.972 0.000 0.177 -0.157 0.999 0.000 -0.048 0.005 0.982 0.000 0.166 -0.090 0.636 0.000 -0.770 0.052 0.992 0.000 0.107 0.071 0.612 0.000 -0.790 0.034 0.992 0.000 0.109 0.066 
-0.682 0.020 -0.039 -0.730 0.997 0.000 -0.024 -0.073 0.971 0.000 0.177 -0.157 0.999 0.000 -0.042 -0.001 0.982 0.000 0.164 -0.092 0.636 0.000 -0.770 0.053 0.992 -0.000 0.107 0.070 0.613 0.000 -0.789 0.034 0.992 0.000 0.109 0.066 
-0.682 0.020 -0.039 -0.730 0.997 0.000 -0.020 -0.078 0.971 0.000 0.178 -0.158 0.999 0.000 -0.036 -0.009 0.983 0.000 0.160 -0.092 0.636 0.000 -0.770 0.053 0.992 0.000 0.107 0.070 0.613 -0.000 -0.789 0.034 0.992 0.000 0.108 0.065 
-0.682 0.020 -0.039 -0.730 0.996 0.000 -0.017 -0.083 0.971 0.000 0.178 -0.158 0.999 0.000 -0.034 -0.016 0.982 0.000 0.165 -0.096 0.636 0.000 -0.770 0.053 0.992 0.000 0.107 0.069 0.613 0.000 -0.789 0.034 0.992 0.000 0.108 0.065 
-0.681 0.020 -0.039 -0.731 0.996 0.000 -0.014 -0.088 0.971 -0.000 0.178 -0.159 0.999 -0.000 -0.028 -0.026 0.982 0.000 0.162 -0.093 0.636 0.000 -0.770 0.054 0.992 0.000 0.107 0.069 0.613 0.000 -0.789 0.034 0.992 -0.000 0.109 0.065 
-0.680 0.020 -0.039 -0.731 0.996 0.000 -0.012 -0.092 0.971 0.000 0.179 -0.160 0.999 0.000 -0.025 -0.034 0.982 0.000 0.163 -0.096 0.636 0.000 -0.770 0.054 0.992 -0.000 0.107 0.068 0.613 -0.000 -0.789 0.034 0.992 0.000 0.108 0.065 
-0.680 0.020 -0.039 -0.732 0.995 0.000 -0.010 -0.097 0.971 0.000 0.179 -0.160 0.999 0.000 -0.021 -0.043 0.982 0.000 0.163 -0.097 0.636 0.000 -0.770 0.055 0.992 0.000 0.107 0.067 0.613 0.000 -0.789 0.034 0.992 0.000 0.108 0.065 
-0.679 0.020 -0.039 -0.733 0.995 0.000 -0.008 -0.103 0.971 0.000 0.179 -0.159 0.999 0.000 -0.019 -0.050 0.981 0.000 0.164 -0.102 0.636 0.000 -0.770 0.055 0.992 0.000 0.106 0.067 0.613 0.000 -0.789 0.034 0.992 0.000 0.108 0.064 
-0.679 0.019 -0.039 -0.733 0.994 0.000 -0.006 -0.107 0.971 0.000 0.179 -0.161 0.998 0.000 -0.017 -0.056 0.981 0.000 0.165 -0.106 0.636 0.000 -0.769 0.055 0.992 0.000 0.106 0.066 0.613 0.000 -0.789 0.033 0.992 0.000 0.108 0.064 
-0.677 0.019 -0.039 -0.734 0.994 -0.000 -0.006 -0.111 0.970 0.000 0.179 -0.162 0.998 0.000 -0.014 -0.065 0.980 0.000 0.166 -0.111 0.636 -0.000 -0.770 0.056 0.992 0.000 0.106 0.065 0.613 0.000 -0.789 0.034 0.992 0.000 0.108 0.063 
-0.677 0.020 -0.039 -0.735 0.993 0.000 -0.004 -0.115 0.970 0.000 0.178 -0.165 0.997 0.000 -0.013 -0.074 0.980 0.000 0.167 -0.112 0.636 0.000 -0.770 0.057 0.992 0.000 0.106 0.065 0.613 0.000 -0.789 0.034 0.992 -0.000 0.108 0.063 
-0.676 0.020 -0.040 -0.736 0.993 0.000 -0.003 -0.119 0.970 0.000 0.178 -0.166 0.996 0.000 -0.011 -0.083 0.979 -0.000 0.168 -0.114 0.636 0.000 -0.770 0.058 0.992 0.000 0.105 0.064 0.613 -0.000 -0.789 0.035 0.992 0.000 0.108 0.062 
-0.675 0.020 -0.040 -0.737 0.992 0.000 -0.003 -0.124 0.970 0.000 0.179 -0.167 0.996 0.000 -0.011 -0.092 0.979 0.000 0.169 -0.117 0.636 0.000 -0.770 0.058 0.992 -0.000 0.105 0.064 0.614 0.000 -0.789 0.034 0.992 0.000 0.108 0.062 
-0.674 0.019 -0.039 -0.738 0.992 0.000 -0.003 -0.127 0.969 0.000 0.178 -0.170 0.995 0.000 -0.011 -0.099 0.978 0.000 0.172 -0.120 0.636 0.000 -0.770 0.058 0.992 0.000 0.105 0.064 0.614 0.000 -0.789 0.033 0.992 0.000 0.108 0.062 
-0.673 0.019 -0.039 -0.739 0.991 0.000 -0.003 -0.131 0.969 0.000 0.179 -0.170 0.994 0.000 -0.010 -0.106 0.977 0.000 0.173 -0.125 0.636 0.000 -0.770 0.057 0.992 0.000 0.105 0.064 0.613 0.000 -0.789 0.032 0.992 -0.000 0.109 0.062 
-0.672 0.019 -0.040 -0.739 0.991 -0.000 -0.004 -0.135 0.969 0.000 0.179 -0.171 0.993 0.000 -0.011 -0.116 0.977 0.000 0.174 -0.124 0.636 0.000 -0.769 0.058 0.992 0.000 0.104 0.064 0.613 0.000 -0.790 0.032 0.992 0.000 0.109 0.062 
-0.671 0.019 -0.039 -0.740 0.990 0.000 -0.005 -0.140 0.969 -0.000 0.180 -0.171 0.992 0.000 -0.012 -0.123 0.976 0.000 0.175 -0.126 0.636 -0.000 -0.770 0.058 0.992 0.000 0.105 0.064 0.613 -0.000 -0.789 0.032 0.992 0.000 0.109 0.062 
-0.670 0.019 -0.040 -0.741 0.989 0.000 -0.006 -0.145 0.969 0.000 0.180 -0.171 0.991 -0.000 -0.013 -0.131 0.976 0.000 0.176 -0.129 0.636 0.000 -0.769 0.058 0.993 0.000 0.104 0.064 0.613 0.000 -0.790 0.031 0.992 -0.000 0.109 0.062 
-0.669 0.018 -0.040 -0.742 0.989 0.000 -0.007 -0.149 0.968 0.000 0.181 -0.172 0.990 0.000 -0.014 -0.139 0.976 -0.000 0.177 -0.131 0.636 0.000 -0.769 0.058 0.993 -0.000 0.104 0.063 0.613 0.000 -0.790 0.031 0.992 0.000 0.109 0.062 
-0.668 0.019 -0.040 -0.743 0.988 -0.000 -0.009 -0.154 0.968 0.000 0.181 -0.172 0.989 0.000 -0.013 -0.148 0.976 0.000 0.174 -0.132 0.636 0.000 -0.770 0.058 0.992 0.000 0.105 0.063 0.613 0.000 -0.789 0.031 0.992 0.000 0.109 0.061 
-0.668 0.019 -0.040 -0.743 0.987 0.000 -0.011 -0.158 0.968 0.000 0.180 -0.173 0.988 0.000 -0.015 -0.155 0.975 0.000 0.175 -0.135 0.636 0.000 -0.770 0.058 0.993 -0.000 0.105 0.063 0.613 0.000 -0.789 0.031 0.992 -0.000 0.109 0.061 
-0.667 0.018 -0.040 -0.744 0.986 0.000 -0.014 -0.164 0.968 0.000 0.181 -0.172 0.987 0.000 -0.019 -0.160 0.974 0.000 0.178 -0.143 0.636 0.000 -0.770 0.058 0.993 0.000 0.105 0.063 0.613 0.000 -0.789 0.031 0.992 0.000 0.109 0.061 
-0.667 0.018 -0.040 -0.744 0.986 -0.000 -0.015 -0.167 0.968 0.000 0.179 -0.175 0.986 0.000 -0.021 -0.167 0.973 0.000 0.178 -0.144 0.636 -0.000 -0.770 0.058 0.993 -0.000 0.105 0.063 0.613 0.000 -0.789 0.031 0.992 0.000 0.108 0.060 
-0.666 0.018 -0.040 -0.744 0.985 0.000 -0.018 -0.173 0.968 0.000 0.179 -0.175 0.985 0.000 -0.025 -0.173 0.972 0.000 0.180 -0.149 0.636 0.000 -0.769 0.058 0.993 -0.000 0.104 0.063 0.613 0.000 -0.790 0.031 0.992 0.000 0.108 0.060 
-0.666 0.018 -0.040 -0.744 0.984 0.000 -0.020 -0.178 0.968 0.000 0.179 -0.176 0.983 0.000 -0.027 -0.179 0.972 -0.000 0.179 -0.151 0.636 0.000 -0.769 0.058 0.993 0.000 0.104 0.063 0.613 -0.000 -0.790 0.032 0.992 0.000 0.108 0.059 
-0.666 0.018 -0.040 -0.745 0.983 0.000 -0.023 -0.182 0.968 0.000 0.178 -0.176 0.982 0.000 -0.029 -0.188 0.972 0.000 0.177 -0.151 0.636 0.000 -0.769 0.059 0.993 0.000 0.104 0.063 0.613 -0.000 -0.789 0.032 0.992 0.000 0.108 0.059 
-0.666 0.018 -0.040 -0.745 0.982 -0.000 -0.026 -0.187 0.968 0.000 0.177 -0.177 0.981 -0.000 -0.033 -0.193 0.972 0.000 0.178 -0.153 0.636 0.000 -0.769 0.058 0.993 0.000 0.104 0.063 0.613 0.000 -0.789 0.031 0.992 0.000 0.108 0.059 
-0.666 0.018 -0.040 -0.745 0.981 0.000 -0.030 -0.191 0.968 0.000 0.176 -0.177 0.979 0.000 -0.036 -0.199 0.972 -0.000 0.178 -0.154 0.636 0.000 -0.769 0.058 0.993 0.000 0.104 0.062 0.613 0.000 -0.789 0.031 0.992 0.000 0.108 0.059 
-0.666 0.018 -0.040 -0.745 0.980 0.000 -0.033 -0.196 0.968 0.000 0.175 -0.177 0.977 0.000 -0.039 -0.208 0.972 0.000 0.176 -0.154 0.636 -0.000 -0.769 0.059 0.993 0.000 0.104 0.062 0.613 0.000 -0.789 0.032 0.992 0.000 0.108 0.058 
-0.666 0.018 -0.040 -0.745 0.979 0.000 -0.037 -0.201 0.969 0.000 0.174 -0.178 0.976 0.000 -0.043 -0.214 0.972 0.000 0.176 -0.155 0.636 0.000 -0.769 0.059 0.993 -0.000 0.104 0.062 0.613 0.000 -0.789 0.032 0.992 0.000 0.108 0.058 
-0.666 0.018 -0.040 -0.745 0.978 0.000 -0.042 -0.205 0.969 0.000 0.173 -0.178 0.974 0.000 -0.047 -0.220 0.972 -0.000 0.175 -0.155 0.636 0.000 -0.770 0.060 0.993 0.000 0.104 0.061 0.613 0.000 -0.789 0.032 0.992 0.000 0.108 0.058 
-0.666 0.018 -0.040 -0.745 0.977 0.000 -0.046 -0.210 0.969 0.000 0.172 -0.178 0.973 0.000 -0.052 -0.225 0.972 0.000 0.175 -0.157 0.636 0.000 -0.770 0.060 0.993 -0.000 0.104 0.061 0.613 0.000 -0.789 0.031 0.992 0.000 0.108 0.058 
-0.666 0.018 -0.040 -0.745 0.975 -0.000 -0.050 -0.214 0.969 0.000 0.172 -0.178 0.971 -0.000 -0.057 -0.230 0.972 0.000 0.173 -0.158 0.637 0.000 -0.769 0.059 0.993 0.000 0.104 0.060 0.613 0.000 -0.789 0.031 0.992 0.000 0.108 0.058 
-0.666 0.018 -0.040 -0.744 0.974 0.000 -0.055 -0.219 0.969 0.000 0.171 -0.178 0.970 0.000 -0.062 -0.235 0.972 -0.000 0.171 -0.159 0.637 0.000 -0.769 0.059 0.993 0.000 0.103 0.060 0.613 0.000 -0.789 0.031 0.992 0.000 0.108 0.058 
-0.667 0.018 -0.040 -0.744 0.973 0.000 -0.060 -0.223 0.969 0.000 0.170 -0.177 0.968 0.000 -0.067 -0.240 0.972 -0.000 0.169 -0.161 0.637 0.000 -0.769 0.059 0.993 0.000 0.103 0.060 0.613 0.000 -0.789 0.031 0.992 0.000 0.108 0.058 
-0.667 0.018 -0.040 -0.744 0.972 0.000 -0.065 -0.227 0.970 0.000 0.169 -0.177 0.966 0.000 -0.069 -0.248 0.974 -0.000 0.163 -0.158 0.637 0.000 -0.769 0.060 0.993 0.000 0.103 0.059 0.613 0.000 -0.790 0.031 0.992 0.000 0.108 0.058 
-0.667 0.018 -0.040 -0.744 0.970 0.000 -0.070 -0.231 0.970 0.000 0.168 -0.177 0.965 0.000 -0.074 -0.253 0.974 0.000 0.161 -0.158 0.637 0.000 -0.769 0.060 0.993 0.000 0.103 0.059 0.613 0.000 -0.790 0.031 0.992 0.000 0.108 0.058 
-0.667 0.018 -0.040 -0.744 0.969 0.000 -0.077 -0.236 0.970 0.000 0.168 -0.176 0.964 0.000 -0.082 -0.254 0.973 0.000 0.162 -0.163 0.637 0.000 -0.769 0.060 0.993 0.000 0.103 0.059 0.613 0.000 -0.790 0.031 0.992 0.000 0.108 0.058 
-0.667 0.017 -0.040 -0.744 0.968 -0.000 -0.082 -0.239 0.970 0.000 0.166 -0.176 0.962 -0.000 -0.086 -0.260 0.974 0.000 0.157 -0.162 0.637 0.000 -0.769 0.060 0.993 0.000 0.103 0.058 0.613 0.000 -0.790 0.030 0.992 -0.000 0.108 0.059 
-0.667 0.018 -0.040 -0.744 0.966 -0.000 -0.089 -0.242 0.970 0.000 0.165 -0.177 0.960 0.000 -0.091 -0.263 0.974 0.000 0.155 -0.164 0.636 -0.000 -0.769 0.060 0.993 -0.000 0.103 0.057 0.613 0.000 -0.789 0.030 0.992 0.000 0.108 0.058 
-0.667 0.017 -0.039 -0.743 0.965 0.000 -0.095 -0.245 0.970 0.000 0.164 -0.178 0.959 0.000 -0.097 -0.266 0.974 -0.000 0.153 -0.164 0.636 0.000 -0.769 0.060 0.993 0.000 0.103 0.056 0.613 0.000 -0.789 0.029 0.992 0.000 0.108 0.059 
-0.668 0.016 -0.039 -0.743 0.964 0.000 -0.101 -0.248 0.970 0.000 0.163 -0.179 0.958 0.000 -0.105 -0.268 0.974 -0.000 0.153 -0.167 0.637 -0.000 -0.768 0.059 0.993 0.000 0.103 0.056 0.613 0.000 -0.790 0.028 0.992 0.000 0.108 0.059 
-0.668 0.016 -0.039 -0.743 0.962 0.000 -0.107 -0.250 0.970 0.000 0.161 -0.181 0.956 0.000 -0.112 -0.270 0.974 -0.000 0.151 -0.168 0.637 -0.000 -0.768 0.059 0.993 0.000 0.102 0.056 0.613 0.000 -0.790 0.027 0.992 0.000 0.108 0.059 
-0.668 0.016 -0.038 -0.743 0.961 0.000 -0.113 -0.252 0.970 0.000 0.159 -0.182 0.955 0.000 -0.118 -0.273 0.974 0.000 0.150 -0.170 0.637 0.000 -0.768 0.058 0.993 0.000 0.102 0.056 0.612 -0.000 -0.790 0.026 0.992 0.000 0.108 0.060 
-0.668 0.015 -0.038 -0.743 0.960 -0.000 -0.119 -0.253 0.970 -0.000 0.157 -0.184 0.953 0.000 -0.128 -0.273 0.973 0.000 0.152 -0.172 0.637 -0.000 -0.768 0.057 0.993 -0.000 0.102 0.055 0.612 0.000 -0.790 0.025 0.992 -0.000 0.108 0.060 
-0.668 0.015 -0.038 -0.744 0.959 -0.000 -0.125 -0.255 0.971 0.000 0.153 -0.185 0.952 0.000 -0.137 -0.275 0.973 0.000 0.152 -0.175 0.637 0.000 -0.768 0.056 0.993 0.000 0.102 0.056 0.612 0.000 -0.790 0.023 0.992 0.000 0.108 0.060 
-0.667 0.014 -0.037 -0.744 0.958 -0.000 -0.130 -0.256 0.971 0.000 0.150 -0.186 0.951 0.000 -0.143 -0.275 0.973 0.000 0.149 -0.177 0.638 0.000 -0.768 0.056 0.993 -0.000 0.102 0.056 0.612 0.000 -0.790 0.022 0.992 -0.000 0.108 0.061 
-0.667 0.014 -0.037 -0.744 0.957 0.000 -0.136 -0.256 0.971 0.000 0.147 -0.188 0.949 0.000 -0.150 -0.277 0.973 0.000 0.147 -0.177 0.637 0.000 -0.769 0.055 0.993 0.000 0.102 0.056 0.612 0.000 -0.790 0.021 0.992 0.000 0.108 0.061 
-0.667 0.013 -0.037 -0.744 0.956 0.000 -0.142 -0.257 0.972 0.000 0.143 -0.189 0.948 0.000 -0.157 -0.278 0.973 0.000 0.144 -0.177 0.638 0.000 -0.768 0.054 0.993 0.000 0.102 0.056 0.612 0.000 -0.791 0.020 0.992 0.000 0.108 0.061 
-0.667 0.013 -0.036 -0.744 0.955 -0.000 -0.147 -0.258 0.972 -0.000 0.139 -0.191 0.946 0.000 -0.167 -0.279 0.973 0.000 0.146 -0.179 0.638 0.000 -0.769 0.052 0.993 0.000 0.102 0.056 0.612 0.000 -0.791 0.018 0.992 0.000 0.108 0.061 
-0.666 0.012 -0.036 -0.745 0.954 -0.000 -0.153 -0.257 0.972 -0.000 0.136 -0.192 0.944 0.000 -0.174 -0.279 0.973 0.000 0.144 -0.179 0.638 0.000 -0.769 0.051 0.993 -0.000 0.102 0.057 0.612 0.000 -0.791 0.017 0.992 0.000 0.108 0.062 
-0.666 0.012 -0.035 -0.745 0.953 -0.000 -0.159 -0.258 0.972 0.000 0.133 -0.193 0.943 0.000 -0.182 -0.279 0.973 0.000 0.143 -0.180 0.637 -0.000 -0.769 0.050 0.993 0.000 0.102 0.057 0.612 0.000 -0.791 0.016 0.992 0.000 0.108 0.062 
-0.666 0.012 -0.035 -0.745 0.952 0.000 -0.166 -0.257 0.972 0.000 0.130 -0.193 0.941 0.000 -0.190 -0.280 0.973 -0.000 0.142 -0.180 0.637 0.000 -0.769 0.048 0.993 0.000 0.101 0.058 0.612 0.000 -0.791 0.014 0.992 0.000 0.108 0.062 
-0.666 0.011 -0.034 -0.745 0.951 0.000 -0.172 -0.256 0.973 0.000 0.128 -0.194 0.940 0.000 -0.197 -0.279 0.974 0.000 0.140 -0.180 0.637 0.000 -0.769 0.047 0.993 0.000 0.101 0.058 0.612 0.000 -0.791 0.013 0.992 0.000 0.107 0.062 
-0.665 0.011 -0.033 -0.746 0.950 0.000 -0.178 -0.255 0.973 -0.000 0.126 -0.194 0.938 0.000 -0.205 -0.279 0.974 -0.000 0.138 -0.179 0.637 0.000 -0.769 0.046 0.993 0.000 0.101 0.058 0.612 0.000 -0.791 0.012 0.992 -0.000 0.108 0.062 
-0.665 0.010 -0.033 -0.746 0.949 0.000 -0.185 -0.254 0.973 0.000 0.123 -0.194 0.937 0.000 -0.211 -0.279 0.975 0.000 0.135 -0.178 0.637 0.000 -0.769 0.045 0.993 0.000 0.101 0.058 0.612 0.000 -0.790 0.011 0.992 -0.000 0.107 0.062 
-0.665 0.010 -0.032 -0.746 0.949 0.000 -0.191 -0.251 0.973 0.000 0.121 -0.194 0.935 0.000 -0.218 -0.279 0.975 -0.000 0.133 -0.178 0.637 -0.000 -0.770 0.043 0.993 -0.000 0.101 0.058 0.613 0.000 -0.790 0.009 0.992 0.000 0.107 0.062 
-0.664 0.010 -0.031 -0.747 0.948 0.000 -0.197 -0.250 0.974 0.000 0.119 -0.194 0.934 0.000 -0.225 -0.277 0.975 -0.000 0.133 -0.177 0.636 0.000 -0.770 0.043 0.993 0.000 0.101 0.058 0.613 0.000 -0.790 0.009 0.992 0.000 0.107 0.062 
-0.664 0.009 -0.031 -0.747 0.947 0.000 -0.202 -0.248 0.974 0.000 0.118 -0.193 0.932 -0.000 -0.233 -0.276 0.975 0.000 0.132 -0.177 0.637 0.000 -0.770 0.041 0.993 0.000 0.100 0.058 0.613 0.000 -0.790 0.007 0.992 0.000 0.107 0.062 
-0.664 0.008 -0.030 -0.747 0.947 0.000 -0.209 -0.246 0.974 -0.000 0.117 -0.193 0.931 -0.000 -0.242 -0.273 0.975 0.000 0.132 -0.178 0.637 0.000 -0.770 0.040 0.993 -0.000 0.100 0.058 0.613 -0.000 -0.790 0.006 0.992 0.000 0.106 0.062 
-0.664 0.008 -0.030 -0.747 0.946 0.000 -0.215 -0.243 0.974 0.000 0.117 -0.192 0.930 0.000 -0.248 -0.272 0.976 -0.000 0.130 -0.173 0.637 0.000 -0.770 0.039 0.993 0.000 0.100 0.058 0.613 0.000 -0.790 0.005 0.992 0.000 0.106 0.062 
-0.664 0.008 -0.029 -0.747 0.945 0.000 -0.222 -0.240 0.974 0.000 0.116 -0.193 0.929 0.000 -0.255 -0.269 0.976 0.000 0.128 -0.174 0.637 0.000 -0.770 0.039 0.993 0.000 0.100 0.058 0.613 0.000 -0.790 0.004 0.992 0.000 0.106 0.061 
-0.663 0.008 -0.029 -0.748 0.944 0.000 -0.228 -0.237 0.974 0.000 0.116 -0.193 0.928 0.000 -0.260 -0.268 0.977 0.000 0.124 -0.171 0.637 -0.000 -0.770 0.039 0.993 0.000 0.100 0.058 0.613 0.000 -0.790 0.004 0.992 0.000 0.106 0.061 
-0.663 0.007 -0.029 -0.748 0.943 0.000 -0.235 -0.234 0.974 0.000 0.117 -0.193 0.927 0.000 -0.267 -0.264 0.978 -0.000 0.122 -0.172 0.637 0.000 -0.770 0.038 0.993 0.000 0.100 0.058 0.613 0.000 -0.790 0.003 0.992 0.000 0.106 0.061 
-0.663 0.006 -0.028 -0.748 0.943 0.000 -0.241 -0.231 0.974 0.000 0.117 -0.193 0.926 0.000 -0.275 -0.259 0.977 0.000 0.122 -0.172 0.637 0.000 -0.770 0.037 0.993 0.000 0.100 0.057 0.613 -0.000 -0.790 0.002 0.992 0.000 0.106 0.061 
-0.663 0.007 -0.028 -0.748 0.942 0.000 -0.248 -0.227 0.974 0.000 0.118 -0.192 0.925 0.000 -0.280 -0.256 0.978 0.000 0.119 -0.171 0.636 0.000 -0.771 0.037 0.993 -0.000 0.100 0.057 0.614 0.000 -0.790 0.002 0.992 -0.000 0.106 0.061 
-0.662 0.007 -0.028 -0.749 0.941 0.000 -0.255 -0.223 0.974 -0.000 0.117 -0.192 0.924 -0.000 -0.286 -0.252 0.978 -0.000 0.117 -0.171 0.636 0.000 -0.771 0.037 0.993 0.000 0.100 0.056 0.614 0.000 -0.789 0.002 0.993 0.000 0.106 0.060 
-0.662 0.006 -0.028 -0.749 0.940 0.000 -0.261 -0.219 0.974 0.000 0.117 -0.191 0.924 0.000 -0.292 -0.247 0.978 0.000 0.116 -0.171 0.637 0.000 -0.770 0.037 0.993 0.000 0.099 0.056 0.613 -0.000 -0.790 0.002 0.992 -0.000 0.107 0.060 
-0.662 0.006 -0.027 -0.749 0.939 0.000 -0.267 -0.215 0.975 -0.000 0.117 -0.190 0.923 -0.000 -0.297 -0.243 0.979 0.000 0.113 -0.170 0.637 0.000 -0.770 0.037 0.993 0.000 0.099 0.056 0.613 0.000 -0.790 0.002 0.992 0.000 0.107 0.060 
-0.662 0.005 -0.027 -0.749 0.939 0.000 -0.273 -0.211 0.975 0.000 0.118 -0.189 0.923 0.000 -0.304 -0.236 0.979 0.000 0.112 -0.173 0.637 0.000 -0.770 0.036 0.994 0.000 0.099 0.056 0.613 0.000 -0.790 0.000 0.992 0.000 0.107 0.060 
-0.662 0.005 -0.027 -0.749 0.938 0.000 -0.279 -0.207 0.975 0.000 0.117 -0.188 0.923 0.000 -0.309 -0.230 0.979 0.000 0.109 -0.174 0.637 0.000 -0.770 0.034 0.994 0.000 0.097 0.058 0.613 0.000 -0.790 0.000 0.992 0.000 0.107 0.060 
-0.662 0.005 -0.027 -0.749 0.937 0.000 -0.285 -0.202 0.975 0.000 0.117 -0.187 0.923 -0.000 -0.313 -0.226 0.979 0.000 0.106 -0.172 0.638 0.000 -0.770 0.035 0.994 0.000 0.097 0.058 0.613 0.000 -0.790 0.001 0.992 -0.000 0.107 0.060 
-0.662 0.005 -0.027 -0.749 0.936 0.000 -0.291 -0.197 0.975 0.000 0.117 -0.187 0.923 0.000 -0.317 -0.219 0.980 0.000 0.104 -0.171 0.638 -0.000 -0.770 0.035 0.994 0.000 0.097 0.058 0.613 0.000 -0.790 0.001 0.993 0.000 0.107 0.059 
-0.662 0.005 -0.027 -0.749 0.936 -0.000 -0.296 -0.192 0.976 0.000 0.117 -0.186 0.923 0.000 -0.322 -0.213 0.980 0.000 0.101 -0.171 0.637 -0.000 -0.770 0.037 0.994 0.000 0.099 0.055 0.613 0.000 -0.790 0.001 0.993 -0.000 0.107 0.059 
-0.662 0.005 -0.027 -0.749 0.935 0.000 -0.301 -0.186 0.976 0.000 0.116 -0.185 0.923 0.000 -0.326 -0.207 0.980 0.000 0.099 -0.171 0.637 0.000 -0.770 0.036 0.994 0.000 0.099 0.056 0.613 0.000 -0.790 0.001 0.993 0.000 0.107 0.059 
-0.662 0.005 -0.026 -0.749 0.935 0.000 -0.306 -0.180 0.976 0.000 0.116 -0.184 0.923 0.000 -0.329 -0.200 0.981 0.000 0.097 -0.170 0.637 0.000 -0.770 0.036 0.994 0.000 0.099 0.056 0.613 0.000 -0.790 0.001 0.993 0.000 0.107 0.059 
-0.662 0.005 -0.026 -0.749 0.934 0.000 -0.311 -0.175 0.976 0.000 0.115 -0.183 0.923 -0.000 -0.333 -0.194 0.981 -0.000 0.095 -0.169 0.636 0.000 -0.770 0.036 0.994 0.000 0.099 0.056 0.613 0.000 -0.790 0.001 0.993 0.000 0.107 0.059 
-0.662 0.005 -0.026 -0.749 0.934 0.000 -0.316 -0.168 0.977 0.000 0.114 -0.183 0.923 0.000 -0.337 -0.187 0.981 0.000 0.094 -0.168 0.636 -0.000 -0.770 0.036 0.994 0.000 0.099 0.056 0.613 0.000 -0.790 0.001 0.992 0.000 0.107 0.059 
-0.662 0.005 -0.026 -0.749 0.933 0.000 -0.320 -0.162 0.977 0.000 0.113 -0.182 0.923 0.000 -0.340 -0.180 0.982 0.000 0.092 -0.168 0.636 0.000 -0.771 0.036 0.994 0.000 0.099 0.056 0.613 0.000 -0.790 0.001 0.992 0.000 0.107 0.059 
-0.662 0.005 -0.026 -0.749 0.933 0.000 -0.325 -0.155 0.977 0.000 0.112 -0.180 0.923 -0.000 -0.343 -0.172 0.982 0.000 0.091 -0.166 0.636 0.000 -0.771 0.037 0.993 0.000 0.099 0.056 0.613 0.000 -0.790 0.002 0.992 0.000 0.107 0.059 
-0.662 0.005 -0.026 -0.749 0.933 0.000 -0.329 -0.148 0.977 0.000 0.111 -0.180 0.924 -0.000 -0.346 -0.165 0.982 0.000 0.090 -0.166 0.636 -0.000 -0.770 0.037 0.993 0.000 0.099 0.056 0.614 0.000 -0.790 0.002 0.993 0.000 0.107 0.059 
-0.663 0.005 -0.026 -0.748 0.932 0.000 -0.332 -0.142 0.977 -0.000 0.111 -0.180 0.924 0.000 -0.349 -0.156 0.982 -0.000 0.090 -0.166 0.636 0.000 -0.770 0.036 0.993 0.000 0.099 0.056 0.614 -0.000 -0.789 0.002 0.993 0.000 0.106 0.060 
-0.663 0.005 -0.027 -0.748 0.932 0.000 -0.336 -0.135 0.978 0.000 0.110 -0.179 0.924 -0.000 -0.352 -0.148 0.982 0.000 0.090 -0.164 0.637 0.000 -0.770 0.037 0.993 0.000 0.099 0.057 0.614 0.000 -0.790 0.002 0.993 0.000 0.106 0.060 
-0.663 0.005 -0.027 -0.748 0.932 0.000 -0.339 -0.128 0.978 0.000 0.109 -0.178 0.925 0.000 -0.354 -0.141 0.983 -0.000 0.090 -0.162 0.637 0.000 -0.770 0.038 0.993 0.000 0.099 0.057 0.614 0.000 -0.790 0.003 0.993 0.000 0.106 0.060 
-0.663 0.005 -0.027 -0.748 0.932 0.000 -0.342 -0.120 0.978 0.000 0.108 -0.178 0.925 0.000 -0.355 -0.133 0.983 -0.000 0.089 -0.160 0.637 0.000 -0.770 0.038 0.993 0.000 0.100 0.057 0.614 0.000 -0.790 0.004 0.993 0.000 0.106 0.060 
-0.663 0.005 -0.027 -0.748 0.932 0.000 -0.345 -0.113 0.978 0.000 0.107 -0.177 0.926 0.000 -0.357 -0.126 0.984 -0.000 0.089 -0.157 0.636 0.000 -0.770 0.039 0.993 0.000 0.100 0.057 0.614 0.000 -0.790 0.004 0.993 0.000 0.106 0.060 
-0.664 0.006 -0.028 -0.748 0.932 0.000 -0.347 -0.106 0.979 0.000 0.106 -0.175 0.926 0.000 -0.357 -0.119 0.984 -0.000 0.088 -0.154 0.636 0.000 -0.770 0.039 0.993 0.000 0.100 0.057 0.614 0.000 -0.790 0.005 0.993 0.000 0.106 0.061 
-0.664 0.006 -0.028 -0.747 0.932 0.000 -0.349 -0.099 0.979 0.000 0.105 -0.174 0.927 0.000 -0.358 -0.112 0.985 0.000 0.088 -0.151 0.637 0.000 -0.770 0.040 0.993 0.000 0.100 0.057 0.614 0.000 -0.790 0.006 0.993 0.000 0.106 0.061 
-0.664 0.006 -0.028 -0.747 0.932 0.000 -0.351 -0.091 0.980 0.000 0.104 -0.172 0.928 0.000 -0.358 -0.104 0.985 -0.000 0.087 -0.149 0.637 0.000 -0.770 0.041 0.993 0.000 0.100 0.057 0.613 0.000 -0.790 0.007 0.993 0.000 0.106 0.060 
-0.664 0.006 -0.028 -0.747 0.932 0.000 -0.353 -0.084 0.980 0.000 0.103 -0.172 0.929 -0.000 -0.358 -0.095 0.985 0.000 0.088 -0.149 0.636 0.000 -0.770 0.041 0.993 0.000 0.100 0.057 0.613 -0.000 -0.790 0.007 0.992 0.000 0.107 0.060 
-0.664 0.007 -0.029 -0.747 0.932 -0.000 -0.354 -0.076 0.980 -0.000 0.102 -0.171 0.931 0.000 -0.355 -0.089 0.986 0.000 0.084 -0.145 0.636 0.000 -0.770 0.043 0.993 -0.000 0.100 0.057 0.613 0.000 -0.790 0.009 0.992 -0.000 0.107 0.060 
-0.664 0.007 -0.029 -0.747 0.933 0.000 -0.354 -0.068 0.980 0.000 0.101 -0.169 0.932 0.000 -0.353 -0.081 0.986 0.000 0.083 -0.144 0.636 0.000 -0.771 0.044 0.993 0.000 0.101 0.057 0.614 0.000 -0.790 0.010 0.992 0.000 0.107 0.060 
-0.664 0.008 -0.029 -0.747 0.933 0.000 -0.355 -0.061 0.981 0.000 0.100 -0.168 0.933 0.000 -0.351 -0.073 0.986 0.000 0.083 -0.144 0.636 0.000 -0.771 0.044 0.993 0.000 0.101 0.057 0.614 0.000 -0.790 0.011 0.992 0.000 0.107 0.060 
-0.665 0.007 -0.029 -0.746 0.934 0.000 -0.354 -0.053 0.981 0.000 0.099 -0.168 0.935 0.000 -0.350 -0.066 0.986 0.000 0.083 -0.142 0.636 0.000 -0.770 0.045 0.993 0.000 0.101 0.057 0.613 0.000 -0.790 0.011 0.992 0.000 0.107 0.060 
-0.665 0.008 -0.029 -0.746 0.934 0.000 -0.354 -0.045 0.981 0.000 0.098 -0.167 0.936 0.000 -0.347 -0.058 0.986 -0.000 0.083 -0.142 0.636 0.000 -0.770 0.045 0.993 -0.000 0.101 0.057 0.613 0.000 -0.790 0.012 0.992 0.000 0.107 0.060 
-0.665 0.008 -0.030 -0.746 0.935 -0.000 -0.353 -0.037 0.981 -0.000 0.098 -0.167 0.937 0.000 -0.346 -0.051 0.986 -0.000 0.084 -0.141 0.636 0.000 -0.770 0.046 0.993 0.000 0.101 0.057 0.613 0.000 -0.790 0.013 0.992 0.000 0.107 0.060 
-0.665 0.008 -0.030 -0.746 0.936 -0.000 -0.352 -0.029 0.981 -0.000 0.097 -0.166 0.938 0.000 -0.343 -0.044 0.987 0.000 0.084 -0.140 0.636 -0.000 -0.770 0.046 0.993 0.000 0.101 0.057 0.613 0.000 -0.790 0.013 0.992 0.000 0.107 0.060 
-0.666 0.008 -0.030 -0.746 0.936 0.000 -0.350 -0.022 0.981 0.000 0.098 -0.166 0.940 0.000 -0.340 -0.036 0.987 0.000 0.084 -0.140 0.636 0.000 -0.770 0.046 0.993 0.000 0.101 0.058 0.613 -0.000 -0.790 0.013 0.992 0.000 0.107 0.061 
-0.665 0.008 -0.030 -0.746 0.937 0.000 -0.348 -0.014 0.981 0.000 0.097 -0.166 0.941 0.000 -0.336 -0.029 0.987 0.000 0.084 -0.140 0.636 0.000 -0.770 0.047 0.993 -0.000 0.101 0.058 0.613 0.000 -0.790 0.014 0.992 0.000 0.107 0.061 
-0.666 0.008 -0.031 -0.746 0.938 0.000 -0.346 -0.008 0.982 0.000 0.099 -0.163 0.942 0.000 -0.334 -0.021 0.986 0.000 0.086 -0.140 0.637 0.000 -0.770 0.047 0.993 0.000 0.101 0.058 0.613 0.000 -0.790 0.014 0.992 0.000 0.107 0.061 
-0.666 0.008 -0.031 -0.745 0.939 -0.000 -0.343 -0.001 0.982 -0.000 0.099 -0.161 0.944 0.000 -0.330 -0.015 0.986 0.000 0.088 -0.139 0.637 0.000 -0.770 0.047 0.993 0.000 0.101 0.058 0.613 0.000 -0.790 0.015 0.992 0.000 0.107 0.061 
-0.666 0.008 -0.031 -0.745 0.940 0.000 -0.340 0.006 0.982 0.000 0.100 -0.160 0.945 0.000 -0.326 -0.007 0.986 -0.000 0.088 -0.142 0.637 -0.000 -0.770 0.048 0.993 0.000 0.101 0.058 0.613 -0.000 -0.790 0.016 0.992 0.000 0.107 0.061 
-0.666 0.008 -0.031 -0.745 0.941 0.000 -0.337 0.013 0.982 -0.000 0.100 -0.159 0.947 0.000 -0.322 -0.001 0.986 0.000 0.089 -0.141 0.637 -0.000 -0.770 0.048 0.993 -0.000 0.101 0.059 0.613 0.000 -0.790 0.017 0.992 0.000 0.107 0.061 
-0.666 0.009 -0.031 -0.745 0.943 0.000 -0.333 0.020 0.982 0.000 0.099 -0.160 0.948 -0.000 -0.318 0.006 0.986 -0.000 0.091 -0.140 0.637 0.000 -0.770 0.049 0.993 0.000 0.101 0.059 0.613 0.000 -0.790 0.017 0.992 0.000 0.107 0.061 
-0.666 0.009 -0.031 -0.745 0.944 0.000 -0.329 0.027 0.982 0.000 0.099 -0.159 0.950 0.000 -0.313 0.012 0.986 0.000 0.092 -0.138 0.637 -0.000 -0.770 0.049 0.993 0.000 0.101 0.059 0.613 0.000 -0.790 0.018 0.992 0.000 0.107 0.060 
-0.667 0.009 -0.031 -0.745 0.945 0.000 -0.324 0.033 0.982 0.000 0.100 -0.158 0.951 0.000 -0.308 0.018 0.986 -0.000 0.093 -0.139 0.637 0.000 -0.770 0.049 0.993 0.000 0.101 0.059 0.613 -0.000 -0.790 0.018 0.992 0.000 0.107 0.061 
-0.667 0.009 -0.031 -0.745 0.947 0.000 -0.320 0.039 0.983 0.000 0.100 -0.155 0.952 0.000 -0.304 0.025 0.985 0.000 0.097 -0.141 0.637 0.000 -0.770 0.049 0.993 0.000 0.102 0.059 0.613 0.000 -0.790 0.018 0.992 0.000 0.107 0.061 
-0.666 0.009 -0.032 -0.745 0.948 0.000 -0.316 0.045 0.983 -0.000 0.104 -0.154 0.954 0.000 -0.299 0.030 0.985 0.000 0.099 -0.141 0.637 0.000 -0.770 0.051 0.993 0.000 0.102 0.059 0.613 0.000 -0.790 0.019 0.992 0.000 0.107 0.061 
-0.666 0.009 -0.032 -0.745 0.949 0.000 -0.311 0.050 0.983 0.000 0.105 -0.153 0.955 0.000 -0.294 0.035 0.985 0.000 0.100 -0.140 0.637 0.000 -0.769 0.050 0.993 0.000 0.102 0.059 0.613 0.000 -0.790 0.019 0.992 0.000 0.107 0.061 
-0.666 0.009 -0.032 -0.745 0.951 0.000 -0.306 0.056 0.983 0.000 0.106 -0.153 0.957 0.000 -0.288 0.040 0.985 -0.000 0.101 -0.140 0.637 0.000 -0.770 0.051 0.993 0.000 0.102 0.059 0.613 -0.000 -0.790 0.019 0.992 0.000 0.107 0.061 
-0.666 0.009 -0.032 -0.745 0.952 -0.000 -0.300 0.062 0.983 0.000 0.106 -0.153 0.958 0.000 -0.283 0.044 0.985 -0.000 0.102 -0.140 0.637 0.000 -0.770 0.051 0.993 0.000 0.102 0.059 0.613 0.000 -0.790 0.019 0.992 -0.000 0.107 0.062 
-0.666 0.009 -0.032 -0.745 0.953 0.000 -0.294 0.067 0.982 0.000 0.107 -0.153 0.960 0.000 -0.277 0.048 0.985 -0.000 0.103 -0.141 0.637 0.000 -0.770 0.051 0.993 -0.000 0.102 0.059 0.613 0.000 -0.790 0.019 0.992 0.000 0.107 0.062 
-0.666 0.009 -0.032 -0.745 0.955 0.000 -0.288 0.072 0.982 0.000 0.107 -0.153 0.961 0.000 -0.271 0.052 0.985 0.000 0.104 -0.140 0.636 0.000 -0.770 0.052 0.993 -0.000 0.102 0.059 0.613 0.000 -0.790 0.020 0.992 0.000 0.108 0.062 
-0.666 0.009 -0.032 -0.745 0.956 0.000 -0.282 0.077 0.982 0.000 0.108 -0.152 0.963 0.000 -0.264 0.057 0.984 0.000 0.104 -0.143 0.637 0.000 -0.770 0.052 0.993 0.000 0.102 0.059 0.613 0.000 -0.790 0.020 0.992 0.000 0.108 0.062 
-0.666 0.009 -0.032 -0.746 0.958 0.000 -0.275 0.082 0.982 0.000 0.108 -0.153 0.964 0.000 -0.260 0.059 0.984 0.000 0.108 -0.142 0.637 0.000 -0.769 0.052 0.993 0.000 0.102 0.059 0.613 0.000 -0.790 0.020 0.992 0.000 0.108 0.062 
-0.666 0.009 -0.032 -0.746 0.959 -0.000 -0.269 0.086 0.982 0.000 0.108 -0.153 0.965 0.000 -0.253 0.062 0.984 0.000 0.109 -0.142 0.636 0.000 -0.770 0.053 0.993 0.000 0.102 0.059 0.613 0.000 -0.790 0.020 0.992 -0.000 0.108 0.062 
-0.665 0.009 -0.032 -0.746 0.961 0.000 -0.262 0.090 0.982 -0.000 0.109 -0.152 0.967 0.000 -0.248 0.064 0.984 0.000 0.111 -0.140 0.637 0.000 -0.769 0.053 0.993 0.000 0.102 0.059 0.613 0.000 -0.790 0.020 0.992 0.000 0.107 0.062 
-0.665 0.009 -0.032 -0.746 0.962 0.000 -0.255 0.094 0.982 0.000 0.110 -0.153 0.968 0.000 -0.242 0.066 0.984 0.000 0.112 -0.139 0.637 -0.000 -0.769 0.053 0.993 0.000 0.102 0.059 0.613 -0.000 -0.790 0.020 0.992 0.000 0.108 0.062 
-0.665 0.009 -0.032 -0.746 0.964 0.000 -0.249 0.097 0.982 0.000 0.111 -0.152 0.969 0.000 -0.237 0.069 0.983 0.000 0.115 -0.141 0.636 0.000 -0.770 0.053 0.993 0.000 0.102 0.059 0.614 0.000 -0.789 0.020 0.992 0.000 0.108 0.062 
-0.665 0.009 -0.032 -0.746 0.965 -0.000 -0.242 0.100 0.982 0.000 0.111 -0.152 0.971 0.000 -0.230 0.069 0.984 0.000 0.115 -0.138 0.636 0.000 -0.770 0.053 0.993 -0.000 0.102 0.060 0.613 0.000 -0.790 0.021 0.992 0.000 0.108 0.062 
-0.664 0.010 -0.033 -0.747 0.966 -0.000 -0.235 0.103 0.982 0.000 0.113 -0.152 0.973 0.000 -0.221 0.069 0.984 0.000 0.113 -0.138 0.636 -0.000 -0.769 0.054 0.993 0.000 0.102 0.060 0.613 0.000 -0.790 0.021 0.992 0.000 0.108 0.063 
-0.664 0.010 -0.033 -0.747 0.968 -0.000 -0.228 0.106 0.982 -0.000 0.114 -0.152 0.974 0.000 -0.216 0.070 0.984 0.000 0.116 -0.135 0.636 0.000 -0.770 0.054 0.993 0.000 0.102 0.060 0.613 0.000 -0.790 0.021 0.992 0.000 0.108 0.063 
-0.664 0.010 -0.033 -0.747 0.969 -0.000 -0.222 0.109 0.982 0.000 0.115 -0.152 0.975 0.000 -0.210 0.071 0.984 0.000 0.118 -0.134 0.636 0.000 -0.770 0.054 0.993 0.000 0.102 0.060 0.613 0.000 -0.790 0.021 0.992 0.000 0.108 0.063 
-0.663 0.010 -0.033 -0.747 0.970 0.000 -0.215 0.111 0.982 -0.000 0.117 -0.150 0.976 0.000 -0.204 0.072 0.984 0.000 0.120 -0.134 0.636 0.000 -0.770 0.055 0.993 0.000 0.102 0.060 0.613 0.000 -0.789 0.022 0.992 0.000 0.108 0.062 
-0.663 0.010 -0.033 -0.748 0.972 0.000 -0.208 0.113 0.981 0.000 0.119 -0.150 0.977 0.000 -0.198 0.073 0.983 0.000 0.121 -0.135 0.636 0.000 -0.770 0.055 0.993 0.000 0.102 0.060 0.613 0.000 -0.790 0.022 0.992 0.000 0.108 0.063 
-0.663 0.010 -0.033 -0.748 0.973 0.000 -0.202 0.115 0.981 0.000 0.121 -0.151 0.979 0.000 -0.192 0.073 0.983 0.000 0.123 -0.134 0.636 0.000 -0.770 0.055 0.993 -0.000 0.102 0.061 0.613 0.000 -0.789 0.022 0.992 0.000 0.108 0.063 
-0.663 0.010 -0.033 -0.748 0.974 0.000 -0.195 0.116 0.981 0.000 0.122 -0.150 0.980 -0.000 -0.186 0.073 0.984 0.000 0.123 -0.132 0.636 0.000 -0.770 0.056 0.993 0.000 0.102 0.061 0.613 0.000 -0.789 0.023 0.992 0.000 0.108 0.063 
-0.662 0.010 -0.034 -0.748 0.975 -0.000 -0.188 0.117 0.981 0.000 0.124 -0.149 0.981 0.000 -0.181 0.072 0.983 0.000 0.126 -0.131 0.636 0.000 -0.770 0.056 0.993 0.000 0.102 0.061 0.613 0.000 -0.789 0.023 0.992 0.000 0.108 0.062 
-0.662 0.011 -0.034 -0.748 0.976 0.000 -0.182 0.118 0.981 -0.000 0.126 -0.149 0.982 0.000 -0.175 0.071 0.983 0.000 0.127 -0.130 0.636 0.000 -0.770 0.056 0.993 0.000 0.102 0.061 0.613 0.000 -0.789 0.023 0.992 0.000 0.108 0.063 
-0.662 0.011 -0.034 -0.749 0.977 0.000 -0.175 0.118 0.981 0.000 0.128 -0.149 0.983 -0.000 -0.169 0.070 0.983 -0.000 0.128 -0.129 0.636 0.000 -0.769 0.057 0.993 0.000 0.102 0.061 0.613 0.000 -0.789 0.024 0.992 0.000 0.108 0.062 
-0.662 0.011 -0.034 -0.749 0.979 0.000 -0.169 0.118 0.981 -0.000 0.129 -0.148 0.984 0.000 -0.163 0.069 0.983 0.000 0.129 -0.129 0.636 0.000 -0.769 0.057 0.993 0.000 0.102 0.061 0.613 0.000 -0.789 0.025 0.992 0.000 0.108 0.062 
-0.662 0.011 -0.034 -0.749 0.980 0.000 -0.162 0.118 0.980 0.000 0.131 -0.148 0.985 0.000 -0.158 0.067 0.983 0.000 0.130 -0.126 0.636 0.000 -0.769 0.058 0.993 -0.000 0.102 0.061 0.613 -0.000 -0.789 0.025 0.992 -0.000 0.108 0.062 
-0.662 0.011 -0.035 -0.749 0.981 0.000 -0.156 0.118 0.980 -0.000 0.132 -0.147 0.986 0.000 -0.152 0.065 0.983 0.000 0.132 -0.125 0.636 0.000 -0.769 0.058 0.993 0.000 0.102 0.061 0.613 -0.000 -0.789 0.025 0.992 -0.000 0.108 0.062 
-0.662 0.011 -0.034 -0.749 0.982 0.000 -0.150 0.116 0.980 -0.000 0.134 -0.146 0.986 0.000 -0.149 0.068 0.982 -0.000 0.136 -0.128 0.636 0.000 -0.769 0.057 0.993 0.000 0.102 0.062 0.613 0.000 -0.790 0.024 0.992 0.000 0.108 0.062 
-0.662 0.011 -0.034 -0.749 0.983 0.000 -0.144 0.115 0.980 0.000 0.136 -0.145 0.987 0.000 -0.144 0.066 0.982 0.000 0.137 -0.127 0.636 0.000 -0.769 0.057 0.993 0.000 0.103 0.061 0.613 0.000 -0.789 0.025 0.992 -0.000 0.108 0.062 
-0.662 0.011 -0.034 -0.749 0.984 0.000 -0.137 0.114 0.980 0.000 0.137 -0.146 0.988 0.000 -0.139 0.065 0.982 0.000 0.138 -0.128 0.636 0.000 -0.769 0.058 0.993 -0.000 0.103 0.061 0.613 0.000 -0.789 0.026 0.992 0.000 0.108 0.062 
-0.662 0.011 -0.035 -0.749 0.985 0.000 -0.133 0.110 0.980 0.000 0.141 -0.139 0.990 0.000 -0.131 0.060 0.983 0.000 0.137 -0.125 0.636 0.000 -0.769 0.059 0.993 0.000 0.103 0.061 0.613 0.000 -0.789 0.027 0.992 0.000 0.108 0.062 
-0.662 0.011 -0.035 -0.749 0.986 0.000 -0.127 0.108 0.980 0.000 0.143 -0.138 0.990 0.000 -0.128 0.060 0.982 -0.000 0.140 -0.127 0.636 0.000 -0.769 0.059 0.993 0.000 0.102 0.061 0.613 0.000 -0.789 0.026 0.992 0.000 0.108 0.062 
-0.662 0.012 -0.035 -0.749 0.987 0.000 -0.121 0.106 0.980 0.000 0.144 -0.139 0.991 0.000 -0.123 0.058 0.982 0.000 0.141 -0.126 0.636 0.000 -0.769 0.059 0.993 -0.000 0.102 0.061 0.613 -0.000 -0.789 0.027 0.992 0.000 0.108 0.061 
-0.662 0.012 -0.035 -0.748 0.988 0.000 -0.115 0.103 0.980 0.000 0.146 -0.137 0.992 -0.000 -0.118 0.056 0.982 0.000 0.142 -0.125 0.636 0.000 -0.769 0.060 0.993 -0.000 0.103 0.061 0.613 0.000 -0.789 0.027 0.992 -0.000 0.108 0.061 
-0.662 0.012 -0.035 -0.748 0.989 0.000 -0.110 0.101 0.980 -0.000 0.147 -0.136 0.992 0.000 -0.113 0.053 0.981 0.000 0.144 -0.127 0.636 0.000 -0.769 0.060 0.993 0.000 0.103 0.061 0.613 0.000 -0.789 0.028 0.992 -0.000 0.108 0.061 
-0.663 0.013 -0.036 -0.748 0.990 -0.000 -0.104 0.098 0.979 -0.000 0.149 -0.136 0.993 0.000 -0.105 0.046 0.983 0.000 0.141 -0.121 0.636 0.000 -0.769 0.062 0.993 0.000 0.103 0.061 0.613 0.000 -0.789 0.030 0.992 -0.000 0.109 0.061 
-0.663 0.012 -0.036 -0.748 0.991 0.000 -0.099 0.094 0.980 0.000 0.150 -0.133 0.994 0.000 -0.103 0.048 0.982 0.000 0.144 -0.125 0.636 0.000 -0.769 0.061 0.993 0.000 0.103 0.061 0.613 0.000 -0.789 0.029 0.992 0.000 0.108 0.061 
-0.663 0.013 -0.036 -0.748 0.991 -0.000 -0.094 0.090 0.980 0.000 0.152 -0.132 0.994 0.000 -0.096 0.042 0.982 0.000 0.143 -0.123 0.636 0.000 -0.769 0.062 0.993 -0.000 0.103 0.060 0.613 0.000 -0.789 0.030 0.992 0.000 0.109 0.061 
-0.663 0.013 -0.036 -0.747 0.992 0.000 -0.089 0.086 0.980 -0.000 0.153 -0.131 0.995 0.000 -0.091 0.040 0.982 0.000 0.143 -0.121 0.636 0.000 -0.769 0.062 0.993 0.000 0.103 0.060 0.613 -0.000 -0.789 0.031 0.992 0.000 0.109 0.060 
-0.664 0.013 -0.036 -0.747 0.993 0.000 -0.084 0.082 0.980 0.000 0.154 -0.130 0.996 0.000 -0.087 0.036 0.982 0.000 0.144 -0.120 0.636 0.000 -0.769 0.063 0.993 0.000 0.103 0.060 0.613 0.000 -0.789 0.031 0.992 0.000 0.109 0.061 
-0.664 0.013 -0.036 -0.747 0.994 0.000 -0.079 0.079 0.980 0.000 0.154 -0.129 0.996 0.000 -0.084 0.035 0.982 0.000 0.147 -0.122 0.636 0.000 -0.769 0.062 0.993 0.000 0.103 0.060 0.613 -0.000 -0.789 0.031 0.992 0.000 0.109 0.061 
-0.664 0.014 -0.036 -0.747 0.994 0.000 -0.074 0.075 0.980 -0.000 0.155 -0.128 0.997 0.000 -0.077 0.028 0.982 0.000 0.145 -0.118 0.636 0.000 -0.769 0.064 0.993 0.000 0.103 0.060 0.614 0.000 -0.789 0.032 0.992 0.000 0.109 0.060 
-0.665 0.014 -0.037 -0.746 0.995 0.000 -0.069 0.070 0.980 0.000 0.155 -0.127 0.997 0.000 -0.074 0.026 0.982 0.000 0.147 -0.121 0.636 0.000 -0.769 0.063 0.993 0.000 0.103 0.060 0.613 0.000 -0.789 0.032 0.992 0.000 0.109 0.061 
-0.665 0.013 -0.036 -0.746 0.996 0.000 -0.064 0.067 0.980 0.000 0.155 -0.128 0.997 0.000 -0.070 0.024 0.981 0.000 0.148 -0.123 0.636 0.000 -0.769 0.063 0.993 0.000 0.103 0.060 0.613 0.000 -0.789 0.031 0.992 0.000 0.109 0.061 
-0.665 0.013 -0.036 -0.746 0.996 0.000 -0.060 0.063 0.980 0.000 0.155 -0.128 0.998 0.000 -0.067 0.020 0.981 0.000 0.149 -0.121 0.636 0.000 -0.769 0.063 0.993 -0.000 0.103 0.060 0.613 0.000 -0.789 0.032 0.992 0.000 0.109 0.061 
-0.665 0.014 -0.037 -0.745 0.997 -0.000 -0.055 0.059 0.980 -0.000 0.156 -0.127 0.998 0.000 -0.062 0.014 0.981 0.000 0.149 -0.121 0.636 -0.000 -0.769 0.063 0.993 0.000 0.103 0.060 0.613 0.000 -0.789 0.032 0.992 -0.000 0.109 0.060 
