# T   LUA LFA RUA RFA LT  LS  RT  RS  
0.998 -0.007 -0.047 0.037 0.698 0.000 -0.715 0.036 0.958 0.000 -0.004 -0.285 0.817 0.000 0.277 -0.506 0.663 0.000 -0.416 0.622 0.639 0.000 -0.768 0.029 0.998 0.000 0.009 0.055 0.712 0.000 -0.702 0.012 0.998 0.000 0.019 0.065 
0.998 -0.007 -0.047 0.037 0.698 -0.000 -0.715 0.036 0.959 0.000 -0.004 -0.285 0.816 0.000 0.275 -0.508 0.664 0.000 -0.412 0.624 0.639 -0.000 -0.769 0.029 0.998 0.000 0.010 0.055 0.713 0.000 -0.702 0.013 0.998 0.000 0.019 0.065 
0.998 -0.007 -0.047 0.037 0.698 0.000 -0.715 0.036 0.959 0.000 -0.004 -0.285 0.816 0.000 0.274 -0.509 0.665 -0.000 -0.409 0.625 0.639 0.000 -0.769 0.028 0.998 -0.000 0.010 0.055 0.712 0.000 -0.702 0.012 0.998 0.000 0.020 0.065 
0.998 -0.007 -0.047 0.038 0.698 0.000 -0.715 0.036 0.959 0.000 -0.005 -0.285 0.816 -0.000 0.273 -0.509 0.666 0.000 -0.406 0.625 0.639 0.000 -0.769 0.028 0.998 -0.000 0.009 0.055 0.713 0.000 -0.702 0.012 0.998 -0.000 0.019 0.065 
0.998 -0.007 -0.047 0.038 0.698 0.000 -0.715 0.036 0.959 0.000 -0.005 -0.285 0.816 0.000 0.273 -0.510 0.667 0.000 -0.405 0.625 0.639 0.000 -0.769 0.028 0.998 0.000 0.009 0.055 0.712 0.000 -0.702 0.012 0.998 0.000 0.019 0.065 
0.998 -0.007 -0.047 0.038 0.698 0.000 -0.715 0.035 0.959 0.000 -0.005 -0.285 0.815 0.000 0.272 -0.511 0.668 -0.000 -0.403 0.625 0.639 0.000 -0.769 0.028 0.998 0.000 0.009 0.055 0.712 0.000 -0.702 0.012 0.998 0.000 0.019 0.065 
0.998 -0.007 -0.047 0.038 0.698 -0.000 -0.715 0.035 0.959 0.000 -0.005 -0.285 0.815 0.000 0.273 -0.512 0.669 0.000 -0.402 0.625 0.639 0.000 -0.769 0.028 0.998 0.000 0.010 0.055 0.713 0.000 -0.702 0.011 0.998 -0.000 0.019 0.065 
0.998 -0.007 -0.047 0.038 0.699 0.000 -0.715 0.036 0.959 0.000 -0.005 -0.285 0.814 0.000 0.273 -0.513 0.669 0.000 -0.403 0.624 0.639 0.000 -0.769 0.028 0.998 0.000 0.009 0.055 0.713 0.000 -0.702 0.011 0.998 0.000 0.019 0.065 
0.998 -0.007 -0.047 0.038 0.699 0.000 -0.715 0.035 0.959 0.000 -0.005 -0.285 0.813 0.000 0.275 -0.513 0.670 0.000 -0.404 0.623 0.639 0.000 -0.769 0.027 0.998 0.000 0.009 0.055 0.713 -0.000 -0.702 0.011 0.998 0.000 0.019 0.065 
0.998 -0.006 -0.047 0.038 0.699 0.000 -0.715 0.035 0.959 0.000 -0.005 -0.284 0.813 0.000 0.276 -0.513 0.671 0.000 -0.405 0.621 0.639 0.000 -0.769 0.027 0.998 0.000 0.010 0.055 0.713 0.000 -0.702 0.011 0.998 0.000 0.019 0.065 
0.998 -0.006 -0.047 0.038 0.699 0.000 -0.715 0.035 0.959 0.000 -0.005 -0.285 0.814 0.000 0.281 -0.509 0.673 0.000 -0.409 0.616 0.639 -0.000 -0.769 0.027 0.998 -0.000 0.009 0.055 0.713 -0.000 -0.702 0.010 0.998 0.000 0.019 0.065 
0.998 -0.006 -0.047 0.038 0.699 0.000 -0.715 0.035 0.959 0.000 -0.005 -0.285 0.813 0.000 0.283 -0.508 0.673 0.000 -0.413 0.613 0.639 0.000 -0.769 0.026 0.998 0.000 0.009 0.055 0.713 -0.000 -0.702 0.010 0.998 -0.000 0.019 0.065 
0.998 -0.006 -0.047 0.038 0.699 -0.000 -0.714 0.033 0.959 0.000 -0.005 -0.283 0.813 -0.000 0.286 -0.508 0.674 -0.000 -0.416 0.611 0.639 0.000 -0.769 0.026 0.998 0.000 0.009 0.055 0.713 0.000 -0.702 0.010 0.998 0.000 0.019 0.065 
0.998 -0.006 -0.047 0.038 0.699 0.000 -0.714 0.034 0.959 -0.000 -0.005 -0.284 0.812 0.000 0.289 -0.507 0.674 0.000 -0.420 0.608 0.639 0.000 -0.769 0.026 0.998 0.000 0.010 0.055 0.713 -0.000 -0.702 0.010 0.998 0.000 0.019 0.065 
0.998 -0.006 -0.047 0.038 0.699 0.000 -0.714 0.034 0.959 -0.000 -0.005 -0.284 0.812 -0.000 0.293 -0.505 0.674 0.000 -0.425 0.604 0.639 0.000 -0.769 0.026 0.998 0.000 0.009 0.055 0.713 0.000 -0.702 0.010 0.998 -0.000 0.019 0.065 
0.998 -0.006 -0.047 0.038 0.699 0.000 -0.714 0.034 0.959 -0.000 -0.005 -0.284 0.811 0.000 0.297 -0.504 0.674 0.000 -0.432 0.600 0.639 -0.000 -0.769 0.027 0.998 0.000 0.010 0.055 0.713 0.000 -0.702 0.010 0.998 0.000 0.019 0.065 
0.998 -0.006 -0.047 0.038 0.699 0.000 -0.714 0.034 0.959 0.000 -0.005 -0.285 0.811 0.000 0.301 -0.502 0.674 0.000 -0.437 0.596 0.639 0.000 -0.769 0.026 0.998 -0.000 0.010 0.055 0.713 0.000 -0.702 0.010 0.998 0.000 0.019 0.065 
0.998 -0.006 -0.046 0.038 0.699 0.000 -0.714 0.034 0.959 0.000 -0.004 -0.284 0.811 -0.000 0.304 -0.499 0.674 -0.000 -0.443 0.591 0.639 0.000 -0.769 0.026 0.998 0.000 0.010 0.055 0.713 0.000 -0.702 0.010 0.998 0.000 0.019 0.065 
0.998 -0.006 -0.047 0.038 0.699 0.000 -0.714 0.034 0.959 0.000 -0.004 -0.284 0.811 0.000 0.309 -0.496 0.674 0.000 -0.449 0.586 0.639 0.000 -0.769 0.026 0.998 0.000 0.009 0.055 0.713 0.000 -0.701 0.010 0.998 0.000 0.019 0.065 
0.998 -0.006 -0.046 0.038 0.699 -0.000 -0.714 0.033 0.959 0.000 -0.004 -0.284 0.812 -0.000 0.313 -0.494 0.674 -0.000 -0.455 0.581 0.639 0.000 -0.769 0.026 0.998 0.000 0.010 0.055 0.713 0.000 -0.702 0.010 0.998 0.000 0.019 0.065 
0.998 -0.006 -0.046 0.038 0.699 0.000 -0.714 0.034 0.959 -0.000 -0.004 -0.285 0.812 0.000 0.317 -0.490 0.674 0.000 -0.462 0.576 0.639 0.000 -0.769 0.026 0.998 0.000 0.010 0.055 0.713 0.000 -0.702 0.010 0.998 0.000 0.019 0.065 
0.998 -0.006 -0.046 0.037 0.699 0.000 -0.714 0.033 0.959 0.000 -0.004 -0.284 0.812 0.000 0.321 -0.487 0.674 -0.000 -0.468 0.572 0.639 0.000 -0.769 0.026 0.998 0.000 0.010 0.055 0.713 0.000 -0.702 0.010 0.998 0.000 0.019 0.065 
0.998 -0.006 -0.046 0.037 0.699 -0.000 -0.714 0.033 0.959 0.000 -0.004 -0.285 0.813 0.000 0.324 -0.484 0.674 0.000 -0.473 0.567 0.639 0.000 -0.769 0.027 0.998 0.000 0.010 0.055 0.713 -0.000 -0.702 0.010 0.998 0.000 0.019 0.065 
0.998 -0.006 -0.046 0.037 0.699 -0.000 -0.714 0.033 0.959 0.000 -0.004 -0.285 0.813 0.000 0.327 -0.481 0.674 -0.000 -0.479 0.563 0.639 0.000 -0.769 0.027 0.998 0.000 0.010 0.055 0.713 -0.000 -0.702 0.010 0.998 0.000 0.019 0.065 
0.998 -0.006 -0.046 0.037 0.699 -0.000 -0.714 0.033 0.959 0.000 -0.003 -0.285 0.814 0.000 0.330 -0.478 0.674 0.000 -0.483 0.559 0.639 0.000 -0.769 0.027 0.998 -0.000 0.010 0.055 0.713 0.000 -0.702 0.011 0.998 0.000 0.019 0.065 
0.998 -0.006 -0.046 0.037 0.699 0.000 -0.714 0.033 0.959 0.000 -0.003 -0.285 0.814 0.000 0.332 -0.476 0.673 0.000 -0.488 0.556 0.639 0.000 -0.769 0.027 0.998 0.000 0.010 0.055 0.712 -0.000 -0.702 0.011 0.998 0.000 0.019 0.065 
0.998 -0.006 -0.046 0.037 0.699 -0.000 -0.714 0.033 0.958 0.000 -0.003 -0.285 0.815 0.000 0.335 -0.473 0.672 0.000 -0.492 0.553 0.639 0.000 -0.769 0.027 0.998 0.000 0.010 0.055 0.712 0.000 -0.702 0.011 0.998 0.000 0.019 0.065 
0.998 -0.006 -0.046 0.036 0.699 0.000 -0.714 0.032 0.959 0.000 -0.003 -0.285 0.816 0.000 0.336 -0.471 0.672 0.000 -0.495 0.551 0.639 0.000 -0.769 0.027 0.998 0.000 0.010 0.055 0.712 0.000 -0.702 0.011 0.998 0.000 0.019 0.065 
0.998 -0.006 -0.046 0.036 0.699 0.000 -0.714 0.033 0.958 0.000 -0.003 -0.285 0.816 -0.000 0.337 -0.469 0.672 0.000 -0.498 0.548 0.639 0.000 -0.769 0.027 0.998 -0.000 0.010 0.055 0.712 0.000 -0.702 0.011 0.998 0.000 0.019 0.065 
0.998 -0.006 -0.046 0.036 0.699 0.000 -0.714 0.032 0.958 0.000 -0.002 -0.285 0.817 0.000 0.338 -0.468 0.672 0.000 -0.499 0.548 0.639 -0.000 -0.769 0.027 0.998 0.000 0.010 0.055 0.712 -0.000 -0.702 0.012 0.998 0.000 0.019 0.065 
0.998 -0.006 -0.046 0.036 0.699 -0.000 -0.714 0.033 0.958 0.000 -0.002 -0.285 0.817 0.000 0.338 -0.467 0.671 -0.000 -0.500 0.547 0.639 -0.000 -0.769 0.028 0.998 0.000 0.010 0.055 0.712 0.000 -0.702 0.012 0.998 0.000 0.020 0.065 
0.998 -0.007 -0.046 0.035 0.699 -0.000 -0.714 0.033 0.958 0.000 -0.003 -0.285 0.817 0.000 0.338 -0.467 0.670 0.000 -0.500 0.548 0.639 0.000 -0.769 0.028 0.998 -0.000 0.010 0.055 0.712 0.000 -0.702 0.012 0.998 0.000 0.019 0.065 
0.998 -0.007 -0.046 0.035 0.699 0.000 -0.714 0.032 0.959 0.000 -0.003 -0.284 0.818 0.000 0.337 -0.467 0.670 0.000 -0.500 0.549 0.639 0.000 -0.769 0.028 0.998 -0.000 0.010 0.055 0.712 -0.000 -0.702 0.012 0.998 0.000 0.020 0.065 
0.998 -0.007 -0.046 0.035 0.699 0.000 -0.714 0.032 0.959 0.000 -0.003 -0.284 0.818 0.000 0.336 -0.467 0.670 0.000 -0.499 0.550 0.639 0.000 -0.769 0.028 0.998 -0.000 0.010 0.055 0.712 0.000 -0.702 0.013 0.998 0.000 0.020 0.065 
0.998 -0.007 -0.046 0.035 0.699 0.000 -0.714 0.033 0.958 -0.000 -0.002 -0.285 0.818 0.000 0.335 -0.468 0.669 0.000 -0.497 0.552 0.639 0.000 -0.769 0.028 0.998 0.000 0.010 0.055 0.712 -0.000 -0.702 0.013 0.998 0.000 0.020 0.065 
0.998 -0.007 -0.046 0.035 0.699 0.000 -0.714 0.032 0.959 0.000 -0.003 -0.284 0.818 0.000 0.333 -0.469 0.669 -0.000 -0.495 0.555 0.639 0.000 -0.769 0.029 0.998 0.000 0.010 0.055 0.712 0.000 -0.702 0.013 0.998 0.000 0.020 0.065 
0.998 -0.007 -0.046 0.035 0.699 0.000 -0.714 0.033 0.959 0.000 -0.002 -0.285 0.818 0.000 0.331 -0.470 0.668 0.000 -0.492 0.558 0.639 -0.000 -0.769 0.029 0.998 0.000 0.010 0.055 0.712 0.000 -0.702 0.013 0.998 -0.000 0.020 0.065 
0.998 -0.007 -0.046 0.035 0.699 -0.000 -0.714 0.032 0.959 0.000 -0.002 -0.284 0.818 0.000 0.329 -0.471 0.668 0.000 -0.489 0.561 0.639 0.000 -0.769 0.029 0.998 0.000 0.010 0.055 0.712 0.000 -0.702 0.013 0.998 -0.000 0.020 0.065 
0.998 -0.007 -0.046 0.035 0.699 -0.000 -0.714 0.033 0.959 0.000 -0.003 -0.284 0.818 0.000 0.327 -0.473 0.667 -0.000 -0.485 0.565 0.639 0.000 -0.769 0.029 0.998 0.000 0.010 0.055 0.712 0.000 -0.702 0.014 0.998 0.000 0.020 0.065 
0.998 -0.008 -0.046 0.034 0.700 0.000 -0.714 0.033 0.959 0.000 -0.003 -0.284 0.819 0.000 0.324 -0.474 0.667 0.000 -0.481 0.569 0.639 0.000 -0.768 0.030 0.998 0.000 0.010 0.055 0.711 0.000 -0.703 0.015 0.998 0.000 0.021 0.064 
0.998 -0.008 -0.046 0.034 0.699 0.000 -0.714 0.034 0.959 -0.000 -0.002 -0.285 0.819 0.000 0.322 -0.475 0.667 0.000 -0.478 0.572 0.639 0.000 -0.769 0.030 0.998 0.000 0.010 0.055 0.711 0.000 -0.703 0.015 0.998 0.000 0.021 0.064 
0.998 -0.008 -0.046 0.034 0.699 0.000 -0.714 0.035 0.959 0.000 -0.002 -0.285 0.819 0.000 0.319 -0.477 0.667 0.000 -0.475 0.575 0.639 0.000 -0.768 0.030 0.998 0.000 0.010 0.055 0.711 0.000 -0.703 0.015 0.998 -0.000 0.021 0.064 
0.998 -0.008 -0.046 0.035 0.700 0.000 -0.714 0.034 0.959 -0.000 -0.003 -0.283 0.818 0.000 0.318 -0.479 0.667 0.000 -0.472 0.577 0.639 0.000 -0.769 0.030 0.998 0.000 0.010 0.055 0.712 0.000 -0.702 0.014 0.998 0.000 0.020 0.065 
0.998 -0.008 -0.046 0.035 0.700 -0.000 -0.713 0.034 0.959 0.000 -0.003 -0.283 0.819 0.000 0.315 -0.480 0.667 0.000 -0.468 0.580 0.639 0.000 -0.768 0.030 0.998 0.000 0.010 0.055 0.711 0.000 -0.703 0.016 0.998 0.000 0.021 0.063 
0.998 -0.008 -0.046 0.035 0.700 0.000 -0.713 0.035 0.959 0.000 -0.003 -0.283 0.818 0.000 0.313 -0.482 0.667 0.000 -0.464 0.583 0.639 0.000 -0.768 0.030 0.998 -0.000 0.009 0.055 0.712 0.000 -0.702 0.014 0.998 0.000 0.020 0.065 
0.998 -0.008 -0.046 0.035 0.700 -0.000 -0.713 0.035 0.959 -0.000 -0.003 -0.283 0.818 0.000 0.311 -0.484 0.667 -0.000 -0.461 0.586 0.639 0.000 -0.768 0.030 0.998 0.000 0.010 0.055 0.711 0.000 -0.703 0.015 0.998 0.000 0.021 0.064 
0.998 -0.008 -0.046 0.036 0.700 -0.000 -0.714 0.035 0.959 0.000 -0.002 -0.282 0.818 0.000 0.309 -0.486 0.667 -0.000 -0.458 0.588 0.639 0.000 -0.769 0.030 0.998 -0.000 0.010 0.055 0.712 0.000 -0.702 0.014 0.998 0.000 0.020 0.065 
0.998 -0.008 -0.046 0.036 0.699 0.000 -0.714 0.036 0.959 0.000 -0.002 -0.284 0.817 0.000 0.308 -0.487 0.668 -0.000 -0.454 0.590 0.639 0.000 -0.769 0.030 0.998 0.000 0.010 0.056 0.712 0.000 -0.702 0.014 0.998 0.000 0.020 0.065 
0.998 -0.008 -0.046 0.036 0.700 0.000 -0.714 0.037 0.959 -0.000 -0.002 -0.284 0.817 0.000 0.306 -0.489 0.668 -0.000 -0.451 0.592 0.639 0.000 -0.769 0.030 0.998 0.000 0.010 0.056 0.712 -0.000 -0.702 0.014 0.998 0.000 0.020 0.065 
0.998 -0.008 -0.046 0.036 0.700 0.000 -0.713 0.036 0.959 0.000 -0.002 -0.282 0.817 0.000 0.305 -0.489 0.669 0.000 -0.448 0.593 0.639 0.000 -0.769 0.029 0.998 0.000 0.009 0.056 0.712 0.000 -0.702 0.014 0.998 -0.000 0.020 0.065 
0.998 -0.008 -0.046 0.036 0.700 -0.000 -0.714 0.037 0.959 0.000 -0.002 -0.283 0.817 0.000 0.304 -0.490 0.670 0.000 -0.446 0.594 0.639 0.000 -0.769 0.029 0.998 0.000 0.010 0.056 0.712 0.000 -0.702 0.014 0.998 0.000 0.020 0.065 
0.998 -0.008 -0.046 0.036 0.700 -0.000 -0.713 0.038 0.959 -0.000 -0.002 -0.284 0.817 0.000 0.304 -0.491 0.671 0.000 -0.443 0.594 0.639 0.000 -0.769 0.029 0.998 0.000 0.009 0.056 0.712 0.000 -0.702 0.014 0.998 0.000 0.020 0.065 
0.998 -0.008 -0.046 0.037 0.700 0.000 -0.713 0.037 0.960 0.000 -0.002 -0.282 0.816 0.000 0.303 -0.491 0.672 0.000 -0.442 0.594 0.639 0.000 -0.769 0.029 0.998 -0.000 0.009 0.056 0.712 0.000 -0.702 0.014 0.998 -0.000 0.020 0.065 
0.998 -0.007 -0.046 0.037 0.700 -0.000 -0.713 0.038 0.959 -0.000 -0.001 -0.283 0.816 0.000 0.304 -0.491 0.673 0.000 -0.442 0.593 0.639 0.000 -0.769 0.028 0.998 0.000 0.009 0.057 0.712 0.000 -0.702 0.014 0.998 0.000 0.020 0.065 
0.998 -0.007 -0.046 0.037 0.700 0.000 -0.713 0.038 0.960 0.000 -0.002 -0.281 0.816 0.000 0.305 -0.491 0.674 0.000 -0.443 0.591 0.639 0.000 -0.769 0.028 0.998 0.000 0.009 0.057 0.712 -0.000 -0.702 0.013 0.998 0.000 0.020 0.065 
0.998 -0.007 -0.046 0.037 0.700 0.000 -0.713 0.038 0.960 0.000 -0.002 -0.281 0.816 0.000 0.306 -0.490 0.675 -0.000 -0.443 0.590 0.639 0.000 -0.769 0.028 0.998 0.000 0.009 0.057 0.712 0.000 -0.702 0.013 0.998 0.000 0.020 0.065 
0.998 -0.007 -0.046 0.037 0.700 -0.000 -0.713 0.039 0.960 0.000 -0.002 -0.281 0.816 0.000 0.307 -0.490 0.676 0.000 -0.445 0.588 0.639 0.000 -0.769 0.028 0.998 0.000 0.009 0.057 0.712 0.000 -0.702 0.013 0.998 0.000 0.020 0.065 
0.998 -0.007 -0.046 0.037 0.700 0.000 -0.713 0.040 0.959 -0.000 -0.002 -0.283 0.816 0.000 0.309 -0.488 0.677 -0.000 -0.447 0.585 0.639 -0.000 -0.769 0.028 0.998 0.000 0.009 0.057 0.712 0.000 -0.702 0.013 0.998 0.000 0.020 0.065 
0.998 -0.007 -0.046 0.037 0.700 0.000 -0.713 0.040 0.959 0.000 -0.003 -0.282 0.816 0.000 0.311 -0.487 0.677 0.000 -0.450 0.582 0.639 0.000 -0.769 0.027 0.998 0.000 0.009 0.057 0.712 0.000 -0.702 0.012 0.998 0.000 0.020 0.065 
0.998 -0.006 -0.046 0.037 0.700 0.000 -0.713 0.041 0.959 0.000 -0.003 -0.283 0.816 0.000 0.314 -0.485 0.678 0.000 -0.453 0.579 0.639 0.000 -0.769 0.027 0.998 0.000 0.009 0.057 0.712 0.000 -0.702 0.012 0.998 0.000 0.020 0.065 
0.998 -0.006 -0.046 0.037 0.701 0.000 -0.713 0.040 0.960 0.000 -0.003 -0.281 0.816 0.000 0.316 -0.483 0.678 0.000 -0.457 0.575 0.639 0.000 -0.769 0.027 0.998 0.000 0.009 0.057 0.712 0.000 -0.702 0.012 0.998 0.000 0.020 0.065 
0.998 -0.006 -0.046 0.037 0.700 -0.000 -0.712 0.042 0.959 0.000 -0.004 -0.282 0.816 0.000 0.319 -0.481 0.679 0.000 -0.461 0.572 0.639 0.000 -0.769 0.026 0.998 -0.000 0.009 0.057 0.712 -0.000 -0.702 0.011 0.998 0.000 0.020 0.065 
0.998 -0.006 -0.046 0.037 0.700 0.000 -0.713 0.042 0.959 0.000 -0.003 -0.283 0.817 0.000 0.321 -0.480 0.679 0.000 -0.464 0.569 0.639 -0.000 -0.769 0.026 0.998 0.000 0.009 0.057 0.712 0.000 -0.702 0.012 0.998 0.000 0.020 0.065 
0.998 -0.006 -0.046 0.038 0.700 0.000 -0.713 0.042 0.959 0.000 -0.003 -0.283 0.817 0.000 0.323 -0.478 0.679 0.000 -0.468 0.566 0.639 -0.000 -0.769 0.026 0.998 0.000 0.009 0.057 0.712 0.000 -0.702 0.011 0.998 0.000 0.020 0.065 
0.998 -0.006 -0.046 0.038 0.700 0.000 -0.713 0.042 0.959 -0.000 -0.003 -0.283 0.817 -0.000 0.325 -0.476 0.679 0.000 -0.471 0.564 0.639 0.000 -0.769 0.026 0.998 0.000 0.009 0.057 0.712 -0.000 -0.702 0.011 0.998 0.000 0.020 0.065 
0.998 -0.006 -0.046 0.038 0.700 0.000 -0.713 0.042 0.959 0.000 -0.003 -0.283 0.817 0.000 0.327 -0.474 0.678 0.000 -0.474 0.561 0.639 0.000 -0.769 0.026 0.998 0.000 0.009 0.057 0.712 0.000 -0.702 0.012 0.998 0.000 0.020 0.065 
0.998 -0.006 -0.046 0.038 0.700 0.000 -0.713 0.042 0.959 -0.000 -0.003 -0.283 0.818 0.000 0.329 -0.473 0.678 0.000 -0.477 0.559 0.639 0.000 -0.769 0.027 0.998 0.000 0.009 0.057 0.712 0.000 -0.702 0.012 0.998 -0.000 0.020 0.065 
0.998 -0.006 -0.046 0.038 0.700 0.000 -0.713 0.042 0.959 0.000 -0.003 -0.283 0.818 0.000 0.330 -0.471 0.678 0.000 -0.479 0.558 0.639 -0.000 -0.769 0.027 0.998 0.000 0.009 0.057 0.712 0.000 -0.702 0.012 0.998 0.000 0.020 0.065 
0.998 -0.005 -0.046 0.037 0.699 0.000 -0.714 0.047 0.958 0.000 -0.005 -0.288 0.818 -0.000 0.332 -0.469 0.677 0.000 -0.482 0.556 0.639 0.000 -0.769 0.025 0.998 0.000 0.009 0.057 0.712 0.000 -0.702 0.010 0.998 0.000 0.019 0.065 
0.998 -0.003 -0.046 0.037 0.698 0.000 -0.714 0.055 0.956 0.000 -0.007 -0.295 0.819 0.000 0.334 -0.467 0.676 -0.000 -0.486 0.554 0.639 0.000 -0.769 0.022 0.998 0.000 0.009 0.057 0.712 0.000 -0.702 0.008 0.998 0.000 0.019 0.065 
0.998 -0.002 -0.046 0.037 0.697 0.000 -0.715 0.063 0.953 0.000 -0.010 -0.301 0.819 -0.000 0.336 -0.465 0.676 -0.000 -0.489 0.552 0.639 0.000 -0.769 0.020 0.998 0.000 0.009 0.057 0.712 0.000 -0.702 0.006 0.998 0.000 0.019 0.065 
0.998 -0.001 -0.046 0.037 0.697 0.000 -0.714 0.067 0.952 0.000 -0.012 -0.305 0.819 -0.000 0.337 -0.464 0.675 0.000 -0.490 0.551 0.639 0.000 -0.769 0.019 0.998 -0.000 0.008 0.057 0.712 0.000 -0.702 0.004 0.998 0.000 0.019 0.065 
0.998 -0.002 -0.046 0.037 0.697 0.000 -0.715 0.063 0.953 0.000 -0.010 -0.302 0.820 0.000 0.335 -0.465 0.674 0.000 -0.489 0.553 0.639 0.000 -0.769 0.020 0.998 0.000 0.009 0.057 0.712 0.000 -0.702 0.006 0.998 0.000 0.019 0.065 
0.998 -0.001 -0.046 0.037 0.697 0.000 -0.714 0.067 0.952 0.000 -0.013 -0.305 0.820 0.000 0.336 -0.464 0.673 0.000 -0.490 0.554 0.639 0.000 -0.769 0.019 0.998 0.000 0.008 0.057 0.712 0.000 -0.702 0.005 0.998 0.000 0.019 0.065 
0.998 -0.001 -0.046 0.037 0.697 0.000 -0.714 0.066 0.952 0.000 -0.013 -0.306 0.820 0.000 0.335 -0.464 0.672 0.000 -0.490 0.556 0.639 0.000 -0.769 0.019 0.998 0.000 0.009 0.057 0.712 0.000 -0.702 0.005 0.998 0.000 0.019 0.065 
0.998 -0.001 -0.046 0.037 0.697 0.000 -0.714 0.066 0.952 0.000 -0.013 -0.306 0.820 0.000 0.334 -0.465 0.671 0.000 -0.489 0.557 0.639 0.000 -0.769 0.019 0.998 0.000 0.008 0.057 0.712 0.000 -0.702 0.005 0.998 0.000 0.019 0.065 
0.998 0.001 -0.046 0.037 0.697 0.000 -0.713 0.074 0.950 0.000 -0.018 -0.313 0.820 -0.000 0.335 -0.464 0.670 0.000 -0.489 0.558 0.639 0.000 -0.769 0.016 0.998 0.000 0.008 0.057 0.712 0.000 -0.702 0.003 0.998 0.000 0.019 0.065 
0.998 -0.002 -0.046 0.037 0.696 -0.000 -0.715 0.064 0.952 0.000 -0.011 -0.305 0.821 0.000 0.331 -0.466 0.670 0.000 -0.485 0.561 0.639 0.000 -0.769 0.020 0.998 -0.000 0.009 0.057 0.712 0.000 -0.702 0.006 0.998 -0.000 0.019 0.065 
0.998 0.001 -0.046 0.037 0.697 0.000 -0.713 0.073 0.950 0.000 -0.018 -0.313 0.821 0.000 0.332 -0.465 0.669 0.000 -0.486 0.562 0.639 -0.000 -0.769 0.017 0.998 0.000 0.008 0.057 0.712 0.000 -0.702 0.003 0.998 0.000 0.019 0.065 
0.998 -0.002 -0.046 0.037 0.696 0.000 -0.715 0.063 0.952 0.000 -0.011 -0.305 0.821 -0.000 0.328 -0.467 0.668 0.000 -0.482 0.567 0.639 0.000 -0.769 0.020 0.998 0.000 0.009 0.057 0.712 0.000 -0.702 0.006 0.998 0.000 0.019 0.065 
0.998 0.000 -0.046 0.037 0.697 0.000 -0.713 0.073 0.949 0.000 -0.018 -0.314 0.821 0.000 0.329 -0.467 0.667 0.000 -0.482 0.568 0.639 0.000 -0.769 0.017 0.998 0.000 0.008 0.057 0.712 0.000 -0.702 0.003 0.998 0.000 0.019 0.065 
0.998 -0.002 -0.046 0.037 0.696 0.000 -0.716 0.062 0.952 0.000 -0.011 -0.305 0.821 0.000 0.325 -0.469 0.667 0.000 -0.478 0.572 0.639 0.000 -0.769 0.020 0.998 0.000 0.009 0.057 0.712 0.000 -0.702 0.006 0.998 0.000 0.019 0.065 
0.998 -0.001 -0.046 0.037 0.696 0.000 -0.715 0.065 0.952 0.000 -0.013 -0.307 0.822 0.000 0.323 -0.469 0.666 0.000 -0.475 0.575 0.639 0.000 -0.769 0.019 0.998 0.000 0.009 0.057 0.712 -0.000 -0.702 0.006 0.998 0.000 0.019 0.065 
0.998 0.000 -0.046 0.037 0.697 0.000 -0.714 0.071 0.950 0.000 -0.019 -0.313 0.821 0.000 0.323 -0.470 0.666 0.000 -0.475 0.576 0.639 0.000 -0.769 0.017 0.998 0.000 0.008 0.057 0.712 -0.000 -0.702 0.003 0.998 0.000 0.019 0.065 
0.998 -0.002 -0.046 0.037 0.696 0.000 -0.716 0.061 0.953 0.000 -0.012 -0.304 0.822 0.000 0.319 -0.473 0.665 0.000 -0.469 0.581 0.639 -0.000 -0.769 0.021 0.998 0.000 0.009 0.057 0.712 0.000 -0.702 0.007 0.998 -0.000 0.019 0.065 
0.998 0.000 -0.046 0.037 0.697 0.000 -0.714 0.072 0.949 0.000 -0.018 -0.314 0.822 -0.000 0.318 -0.473 0.665 0.000 -0.468 0.582 0.639 -0.000 -0.769 0.017 0.998 -0.000 0.008 0.057 0.712 0.000 -0.702 0.003 0.998 0.000 0.019 0.065 
0.998 -0.002 -0.046 0.037 0.696 0.000 -0.716 0.060 0.953 0.000 -0.012 -0.304 0.822 0.000 0.314 -0.476 0.664 0.000 -0.461 0.588 0.639 0.000 -0.769 0.021 0.998 0.000 0.009 0.057 0.712 0.000 -0.702 0.007 0.998 0.000 0.019 0.065 
0.998 0.000 -0.047 0.037 0.696 0.000 -0.714 0.072 0.949 -0.000 -0.019 -0.315 0.822 0.000 0.313 -0.476 0.664 0.000 -0.461 0.589 0.639 0.000 -0.769 0.017 0.998 0.000 0.008 0.057 0.712 0.000 -0.702 0.003 0.998 0.000 0.019 0.065 
0.998 -0.002 -0.046 0.037 0.695 0.000 -0.716 0.061 0.952 0.000 -0.012 -0.306 0.821 0.000 0.309 -0.479 0.664 0.000 -0.454 0.594 0.639 0.000 -0.769 0.021 0.998 0.000 0.009 0.057 0.712 0.000 -0.702 0.007 0.998 -0.000 0.019 0.065 
0.998 0.000 -0.046 0.037 0.696 0.000 -0.714 0.071 0.949 -0.000 -0.019 -0.315 0.821 -0.000 0.309 -0.480 0.663 0.000 -0.454 0.595 0.639 0.000 -0.769 0.017 0.998 -0.000 0.008 0.057 0.712 0.000 -0.702 0.003 0.998 0.000 0.019 0.066 
0.998 -0.002 -0.046 0.037 0.695 0.000 -0.716 0.061 0.952 -0.000 -0.013 -0.306 0.821 0.000 0.304 -0.482 0.663 0.000 -0.447 0.600 0.639 0.000 -0.769 0.020 0.998 0.000 0.008 0.057 0.712 0.000 -0.702 0.006 0.998 0.000 0.019 0.065 
0.998 0.000 -0.046 0.037 0.696 0.000 -0.714 0.071 0.949 0.000 -0.019 -0.315 0.821 0.000 0.304 -0.483 0.663 0.000 -0.447 0.601 0.639 -0.000 -0.769 0.017 0.998 0.000 0.008 0.057 0.712 0.000 -0.702 0.003 0.998 0.000 0.019 0.066 
0.998 -0.002 -0.046 0.037 0.695 0.000 -0.716 0.061 0.952 0.000 -0.013 -0.306 0.821 0.000 0.300 -0.486 0.663 0.000 -0.440 0.606 0.639 0.000 -0.769 0.021 0.998 0.000 0.009 0.057 0.712 -0.000 -0.702 0.007 0.998 0.000 0.019 0.065 
0.998 0.000 -0.047 0.037 0.696 0.000 -0.714 0.070 0.949 -0.000 -0.019 -0.315 0.821 0.000 0.300 -0.486 0.663 0.000 -0.440 0.606 0.639 0.000 -0.769 0.017 0.998 0.000 0.008 0.057 0.712 0.000 -0.702 0.003 0.998 0.000 0.019 0.065 
0.998 -0.002 -0.046 0.037 0.695 0.000 -0.716 0.059 0.952 -0.000 -0.012 -0.305 0.821 0.000 0.295 -0.489 0.663 0.000 -0.433 0.611 0.639 0.000 -0.769 0.021 0.998 0.000 0.008 0.057 0.712 0.000 -0.702 0.007 0.998 -0.000 0.019 0.065 
0.998 0.003 -0.047 0.037 0.699 0.000 -0.710 0.081 0.946 0.000 -0.029 -0.324 0.821 -0.000 0.298 -0.487 0.663 0.000 -0.437 0.608 0.639 0.000 -0.769 0.013 0.998 -0.000 0.008 0.057 0.712 0.000 -0.702 -0.000 0.998 -0.000 0.019 0.066 
0.998 -0.002 -0.046 0.037 0.695 0.000 -0.716 0.061 0.952 -0.000 -0.013 -0.307 0.820 0.000 0.290 -0.494 0.662 0.000 -0.427 0.616 0.639 0.000 -0.769 0.021 0.998 0.000 0.008 0.057 0.712 0.000 -0.702 0.006 0.998 0.000 0.019 0.066 
0.998 -0.002 -0.046 0.037 0.698 -0.000 -0.714 0.060 0.952 0.000 -0.015 -0.306 0.820 -0.000 0.288 -0.495 0.662 0.000 -0.424 0.618 0.639 0.000 -0.769 0.021 0.998 0.000 0.009 0.057 0.712 0.000 -0.702 0.007 0.998 -0.000 0.019 0.065 
0.998 -0.002 -0.047 0.037 0.701 0.000 -0.711 0.057 0.953 0.000 -0.018 -0.304 0.820 0.000 0.286 -0.496 0.663 0.000 -0.421 0.619 0.639 -0.000 -0.769 0.021 0.998 0.000 0.008 0.057 0.712 0.000 -0.702 0.007 0.998 -0.000 0.019 0.065 
0.998 -0.005 -0.046 0.038 0.701 0.000 -0.711 0.046 0.956 -0.000 -0.013 -0.293 0.820 0.000 0.282 -0.498 0.664 0.000 -0.415 0.622 0.639 0.000 -0.769 0.025 0.998 0.000 0.009 0.057 0.712 0.000 -0.702 0.011 0.998 0.000 0.020 0.065 
0.998 -0.008 -0.046 0.038 0.700 -0.000 -0.714 0.033 0.959 0.000 -0.005 -0.283 0.820 0.000 0.278 -0.500 0.665 0.000 -0.409 0.625 0.639 0.000 -0.769 0.030 0.998 0.000 0.009 0.057 0.712 0.000 -0.702 0.014 0.998 0.000 0.020 0.065 
0.998 -0.009 -0.046 0.038 0.698 0.000 -0.716 0.027 0.961 -0.000 -0.000 -0.278 0.820 0.000 0.276 -0.501 0.665 0.000 -0.406 0.627 0.639 0.000 -0.768 0.031 0.998 0.000 0.009 0.057 0.713 0.000 -0.701 0.016 0.998 0.000 0.019 0.065 
0.998 -0.006 -0.046 0.038 0.698 0.000 -0.715 0.037 0.958 0.000 -0.005 -0.287 0.820 0.000 0.277 -0.500 0.666 0.000 -0.406 0.625 0.639 0.000 -0.769 0.028 0.998 0.000 0.009 0.057 0.712 -0.000 -0.702 0.013 0.998 0.000 0.020 0.065 
0.998 -0.006 -0.046 0.038 0.698 0.000 -0.715 0.037 0.958 0.000 -0.005 -0.286 0.820 0.000 0.276 -0.500 0.667 0.000 -0.405 0.625 0.639 0.000 -0.769 0.028 0.998 0.000 0.009 0.057 0.712 0.000 -0.702 0.013 0.998 0.000 0.020 0.065 
0.998 -0.006 -0.046 0.038 0.698 0.000 -0.715 0.037 0.958 0.000 -0.005 -0.286 0.821 0.000 0.276 -0.500 0.668 0.000 -0.404 0.624 0.639 0.000 -0.769 0.027 0.998 0.000 0.009 0.057 0.712 -0.000 -0.702 0.012 0.998 0.000 0.020 0.065 
0.998 -0.006 -0.046 0.038 0.698 0.000 -0.715 0.036 0.958 0.000 -0.005 -0.286 0.821 0.000 0.276 -0.500 0.669 0.000 -0.404 0.624 0.639 0.000 -0.769 0.027 0.998 -0.000 0.009 0.057 0.712 0.000 -0.702 0.012 0.998 0.000 0.020 0.065 
0.998 -0.006 -0.046 0.038 0.698 -0.000 -0.715 0.037 0.958 0.000 -0.005 -0.286 0.820 -0.000 0.276 -0.501 0.670 0.000 -0.404 0.623 0.639 0.000 -0.769 0.027 0.998 0.000 0.009 0.057 0.712 0.000 -0.702 0.012 0.998 -0.000 0.020 0.065 
0.998 -0.006 -0.046 0.038 0.698 0.000 -0.715 0.037 0.958 -0.000 -0.006 -0.286 0.820 0.000 0.276 -0.501 0.671 0.000 -0.404 0.622 0.639 0.000 -0.769 0.027 0.998 0.000 0.009 0.057 0.712 0.000 -0.702 0.012 0.998 0.000 0.020 0.065 
0.998 -0.006 -0.046 0.038 0.698 -0.000 -0.715 0.037 0.958 0.000 -0.006 -0.286 0.820 0.000 0.277 -0.501 0.671 0.000 -0.405 0.621 0.639 0.000 -0.769 0.027 0.998 -0.000 0.009 0.057 0.712 0.000 -0.702 0.012 0.998 0.000 0.020 0.065 
0.998 -0.006 -0.046 0.038 0.698 0.000 -0.715 0.037 0.958 0.000 -0.006 -0.286 0.820 0.000 0.278 -0.501 0.672 0.000 -0.406 0.619 0.639 0.000 -0.769 0.027 0.998 0.000 0.009 0.057 0.712 0.000 -0.702 0.012 0.998 0.000 0.020 0.065 
0.998 -0.006 -0.046 0.038 0.699 0.000 -0.715 0.037 0.958 0.000 -0.006 -0.286 0.819 0.000 0.279 -0.501 0.673 0.000 -0.408 0.617 0.639 0.000 -0.769 0.027 0.998 0.000 0.009 0.057 0.712 -0.000 -0.702 0.012 0.998 0.000 0.020 0.065 
0.998 -0.006 -0.046 0.038 0.699 0.000 -0.714 0.037 0.958 -0.000 -0.006 -0.286 0.819 0.000 0.281 -0.500 0.673 0.000 -0.411 0.615 0.639 -0.000 -0.769 0.027 0.998 0.000 0.009 0.057 0.712 0.000 -0.702 0.012 0.998 0.000 0.020 0.065 
0.998 -0.006 -0.046 0.038 0.699 -0.000 -0.714 0.037 0.958 0.000 -0.006 -0.286 0.818 0.000 0.283 -0.500 0.673 0.000 -0.413 0.613 0.639 0.000 -0.769 0.027 0.998 -0.000 0.009 0.057 0.712 0.000 -0.702 0.012 0.998 0.000 0.020 0.065 
0.998 -0.006 -0.046 0.038 0.699 0.000 -0.714 0.037 0.958 0.000 -0.006 -0.286 0.819 -0.000 0.287 -0.496 0.675 0.000 -0.418 0.608 0.639 0.000 -0.769 0.027 0.998 -0.000 0.009 0.057 0.712 0.000 -0.702 0.012 0.998 0.000 0.020 0.065 
0.998 -0.006 -0.046 0.038 0.699 0.000 -0.714 0.038 0.958 -0.000 -0.007 -0.286 0.819 0.000 0.290 -0.496 0.675 -0.000 -0.421 0.605 0.639 0.000 -0.769 0.027 0.998 0.000 0.009 0.057 0.712 0.000 -0.702 0.012 0.998 0.000 0.020 0.065 
0.998 -0.006 -0.046 0.038 0.699 0.000 -0.714 0.038 0.958 0.000 -0.007 -0.286 0.819 0.000 0.293 -0.494 0.676 -0.000 -0.425 0.602 0.639 0.000 -0.769 0.027 0.998 0.000 0.009 0.057 0.712 0.000 -0.702 0.012 0.998 0.000 0.020 0.065 
0.998 -0.006 -0.046 0.038 0.699 0.000 -0.714 0.038 0.958 0.000 -0.007 -0.286 0.818 0.000 0.296 -0.493 0.676 0.000 -0.429 0.600 0.639 0.000 -0.769 0.027 0.998 0.000 0.009 0.057 0.712 0.000 -0.702 0.012 0.998 0.000 0.020 0.065 
0.998 -0.006 -0.046 0.038 0.699 0.000 -0.714 0.038 0.958 0.000 -0.007 -0.286 0.818 0.000 0.298 -0.492 0.676 0.000 -0.433 0.597 0.639 0.000 -0.769 0.027 0.998 0.000 0.009 0.057 0.712 0.000 -0.702 0.012 0.998 0.000 0.020 0.065 
0.998 -0.006 -0.046 0.038 0.699 -0.000 -0.714 0.038 0.958 0.000 -0.007 -0.286 0.818 0.000 0.301 -0.491 0.676 0.000 -0.436 0.594 0.639 0.000 -0.769 0.027 0.998 0.000 0.009 0.057 0.712 0.000 -0.702 0.012 0.998 0.000 0.020 0.065 
0.998 -0.006 -0.046 0.038 0.700 0.000 -0.714 0.038 0.958 0.000 -0.007 -0.286 0.818 0.000 0.304 -0.489 0.676 0.000 -0.440 0.591 0.639 -0.000 -0.768 0.027 0.998 -0.000 0.009 0.057 0.712 0.000 -0.702 0.012 0.998 -0.000 0.020 0.065 
0.998 -0.006 -0.046 0.038 0.700 0.000 -0.713 0.039 0.958 0.000 -0.007 -0.286 0.817 0.000 0.306 -0.488 0.675 0.000 -0.444 0.589 0.639 0.000 -0.769 0.027 0.998 0.000 0.009 0.057 0.712 0.000 -0.702 0.012 0.998 0.000 0.020 0.065 
0.998 -0.006 -0.046 0.038 0.699 0.000 -0.714 0.038 0.958 0.000 -0.007 -0.285 0.817 0.000 0.309 -0.487 0.675 0.000 -0.447 0.587 0.639 0.000 -0.769 0.028 0.998 0.000 0.009 0.057 0.712 -0.000 -0.702 0.013 0.998 0.000 0.020 0.065 
0.998 -0.006 -0.046 0.038 0.700 0.000 -0.713 0.039 0.958 0.000 -0.007 -0.286 0.817 0.000 0.311 -0.485 0.675 0.000 -0.451 0.584 0.639 0.000 -0.769 0.028 0.998 0.000 0.009 0.057 0.712 -0.000 -0.702 0.013 0.998 0.000 0.020 0.065 
0.998 -0.006 -0.046 0.038 0.700 0.000 -0.713 0.039 0.958 0.000 -0.006 -0.286 0.817 0.000 0.314 -0.484 0.675 -0.000 -0.454 0.582 0.639 0.000 -0.769 0.028 0.998 0.000 0.009 0.057 0.712 0.000 -0.702 0.013 0.998 0.000 0.020 0.065 
0.998 -0.007 -0.046 0.038 0.700 0.000 -0.713 0.039 0.958 -0.000 -0.006 -0.285 0.817 0.000 0.315 -0.482 0.674 0.000 -0.456 0.581 0.639 0.000 -0.768 0.028 0.998 0.000 0.009 0.057 0.712 0.000 -0.702 0.013 0.998 0.000 0.020 0.065 
0.998 -0.007 -0.046 0.038 0.700 0.000 -0.713 0.038 0.958 0.000 -0.006 -0.285 0.817 0.000 0.318 -0.481 0.674 0.000 -0.459 0.579 0.639 0.000 -0.768 0.028 0.998 0.000 0.009 0.057 0.712 0.000 -0.702 0.014 0.998 -0.000 0.020 0.065 
0.998 -0.007 -0.046 0.038 0.700 0.000 -0.713 0.039 0.958 0.000 -0.006 -0.286 0.817 0.000 0.319 -0.480 0.673 0.000 -0.461 0.578 0.639 0.000 -0.768 0.029 0.998 0.000 0.009 0.057 0.712 -0.000 -0.702 0.014 0.998 -0.000 0.020 0.065 
0.998 -0.007 -0.046 0.038 0.700 0.000 -0.713 0.038 0.958 0.000 -0.006 -0.285 0.817 0.000 0.320 -0.479 0.673 0.000 -0.463 0.577 0.639 0.000 -0.768 0.029 0.998 -0.000 0.009 0.057 0.712 0.000 -0.702 0.014 0.998 -0.000 0.020 0.065 
0.998 -0.007 -0.046 0.038 0.700 -0.000 -0.713 0.039 0.958 0.000 -0.006 -0.286 0.817 0.000 0.321 -0.478 0.672 0.000 -0.464 0.577 0.639 0.000 -0.768 0.029 0.998 0.000 0.009 0.057 0.712 0.000 -0.702 0.014 0.998 0.000 0.020 0.065 
0.998 -0.007 -0.046 0.038 0.700 0.000 -0.713 0.039 0.958 0.000 -0.006 -0.286 0.818 -0.000 0.322 -0.478 0.671 0.000 -0.465 0.577 0.639 0.000 -0.768 0.029 0.998 0.000 0.009 0.057 0.712 0.000 -0.702 0.015 0.998 0.000 0.020 0.065 
0.998 -0.007 -0.046 0.038 0.700 -0.000 -0.713 0.039 0.958 0.000 -0.006 -0.286 0.817 0.000 0.322 -0.477 0.670 0.000 -0.466 0.577 0.639 0.000 -0.768 0.030 0.998 0.000 0.009 0.057 0.712 0.000 -0.702 0.015 0.998 0.000 0.020 0.065 
0.998 -0.008 -0.046 0.038 0.700 0.000 -0.713 0.038 0.959 0.000 -0.005 -0.285 0.818 0.000 0.321 -0.477 0.670 0.000 -0.466 0.578 0.639 0.000 -0.768 0.030 0.998 0.000 0.009 0.057 0.712 0.000 -0.702 0.015 0.998 -0.000 0.020 0.065 
0.998 -0.008 -0.046 0.037 0.699 0.000 -0.714 0.038 0.958 0.000 -0.004 -0.285 0.818 -0.000 0.321 -0.477 0.669 0.000 -0.466 0.579 0.639 0.000 -0.768 0.031 0.998 0.000 0.009 0.057 0.712 0.000 -0.702 0.016 0.998 0.000 0.020 0.064 
0.998 -0.008 -0.046 0.037 0.699 -0.000 -0.714 0.039 0.958 -0.000 -0.004 -0.286 0.818 0.000 0.321 -0.477 0.668 0.000 -0.465 0.581 0.640 0.000 -0.768 0.031 0.998 -0.000 0.009 0.057 0.712 0.000 -0.702 0.016 0.998 0.000 0.020 0.065 
0.998 -0.009 -0.046 0.037 0.699 0.000 -0.714 0.038 0.958 0.000 -0.004 -0.285 0.818 0.000 0.319 -0.478 0.668 0.000 -0.464 0.583 0.639 0.000 -0.768 0.031 0.998 0.000 0.009 0.057 0.712 0.000 -0.702 0.016 0.998 0.000 0.020 0.065 
0.998 -0.004 -0.046 0.037 0.701 0.000 -0.710 0.057 0.953 0.000 -0.015 -0.301 0.818 0.000 0.322 -0.476 0.667 0.000 -0.467 0.581 0.640 0.000 -0.768 0.025 0.998 0.000 0.009 0.057 0.712 0.000 -0.702 0.010 0.998 0.000 0.019 0.065 
0.998 -0.004 -0.046 0.037 0.696 0.000 -0.715 0.059 0.953 0.000 -0.010 -0.304 0.818 0.000 0.321 -0.477 0.666 0.000 -0.466 0.582 0.639 -0.000 -0.769 0.025 0.998 -0.000 0.009 0.057 0.712 0.000 -0.702 0.010 0.998 0.000 0.019 0.064 
0.998 -0.004 -0.046 0.037 0.692 -0.000 -0.719 0.061 0.952 -0.000 -0.006 -0.305 0.819 -0.000 0.319 -0.477 0.666 -0.000 -0.465 0.584 0.639 0.000 -0.769 0.025 0.998 -0.000 0.009 0.057 0.712 0.000 -0.702 0.010 0.998 0.000 0.019 0.065 
0.998 -0.004 -0.046 0.037 0.696 0.000 -0.716 0.061 0.952 0.000 -0.010 -0.305 0.819 0.000 0.317 -0.478 0.665 0.000 -0.463 0.586 0.639 0.000 -0.768 0.025 0.998 0.000 0.009 0.057 0.712 0.000 -0.702 0.011 0.998 0.000 0.019 0.064 
0.998 -0.004 -0.047 0.037 0.695 0.000 -0.716 0.061 0.952 0.000 -0.010 -0.305 0.819 0.000 0.315 -0.479 0.665 -0.000 -0.460 0.588 0.640 0.000 -0.768 0.024 0.998 0.000 0.008 0.057 0.712 -0.000 -0.702 0.010 0.998 0.000 0.019 0.065 
0.998 -0.004 -0.046 0.037 0.695 0.000 -0.716 0.061 0.952 -0.000 -0.010 -0.305 0.819 0.000 0.313 -0.480 0.664 0.000 -0.458 0.591 0.639 0.000 -0.768 0.025 0.998 0.000 0.009 0.057 0.712 0.000 -0.702 0.011 0.998 -0.000 0.019 0.065 
0.998 -0.005 -0.047 0.036 0.695 0.000 -0.716 0.061 0.952 -0.000 -0.010 -0.305 0.820 -0.000 0.310 -0.481 0.664 0.000 -0.455 0.594 0.640 0.000 -0.768 0.025 0.998 0.000 0.009 0.057 0.712 0.000 -0.702 0.011 0.998 0.000 0.019 0.065 
0.998 -0.005 -0.047 0.036 0.695 0.000 -0.716 0.062 0.952 -0.000 -0.010 -0.305 0.820 0.000 0.307 -0.483 0.663 -0.000 -0.451 0.597 0.640 0.000 -0.768 0.025 0.998 0.000 0.009 0.057 0.712 0.000 -0.702 0.011 0.998 -0.000 0.019 0.064 
0.998 -0.005 -0.047 0.036 0.695 0.000 -0.716 0.062 0.952 0.000 -0.010 -0.305 0.820 0.000 0.304 -0.485 0.663 0.000 -0.448 0.600 0.640 0.000 -0.768 0.025 0.998 0.000 0.009 0.057 0.712 0.000 -0.702 0.011 0.998 0.000 0.019 0.064 
0.998 -0.005 -0.047 0.036 0.695 0.000 -0.716 0.062 0.952 0.000 -0.010 -0.305 0.821 0.000 0.301 -0.486 0.663 0.000 -0.445 0.602 0.640 0.000 -0.768 0.025 0.998 0.000 0.009 0.057 0.712 0.000 -0.702 0.011 0.998 0.000 0.019 0.065 
0.998 -0.005 -0.047 0.036 0.695 0.000 -0.717 0.062 0.952 0.000 -0.010 -0.305 0.821 -0.000 0.298 -0.487 0.663 0.000 -0.442 0.604 0.640 0.000 -0.768 0.025 0.998 -0.000 0.009 0.057 0.712 -0.000 -0.702 0.011 0.998 0.000 0.019 0.065 
0.998 -0.005 -0.047 0.036 0.695 -0.000 -0.717 0.061 0.953 0.000 -0.009 -0.304 0.821 0.000 0.296 -0.488 0.663 0.000 -0.439 0.606 0.640 0.000 -0.768 0.026 0.998 0.000 0.009 0.057 0.712 0.000 -0.702 0.012 0.998 0.000 0.020 0.065 
0.998 -0.005 -0.047 0.036 0.695 -0.000 -0.717 0.061 0.953 0.000 -0.009 -0.304 0.821 0.000 0.293 -0.489 0.663 0.000 -0.437 0.608 0.640 0.000 -0.768 0.026 0.998 0.000 0.009 0.058 0.712 0.000 -0.702 0.012 0.998 0.000 0.019 0.064 
0.998 -0.005 -0.047 0.036 0.695 0.000 -0.717 0.061 0.953 0.000 -0.009 -0.304 0.822 0.000 0.291 -0.490 0.664 0.000 -0.434 0.609 0.640 0.000 -0.768 0.026 0.998 0.000 0.009 0.057 0.712 0.000 -0.702 0.012 0.998 0.000 0.019 0.065 
0.998 -0.005 -0.047 0.036 0.695 -0.000 -0.717 0.061 0.953 0.000 -0.010 -0.304 0.822 0.000 0.289 -0.491 0.664 0.000 -0.432 0.610 0.640 0.000 -0.768 0.025 0.998 0.000 0.009 0.057 0.712 -0.000 -0.702 0.012 0.998 0.000 0.019 0.065 
0.998 -0.005 -0.047 0.036 0.694 0.000 -0.717 0.061 0.953 -0.000 -0.010 -0.304 0.822 0.000 0.287 -0.491 0.665 0.000 -0.429 0.611 0.640 0.000 -0.768 0.025 0.998 0.000 0.009 0.057 0.712 -0.000 -0.702 0.012 0.998 0.000 0.019 0.065 
0.998 -0.004 -0.047 0.036 0.695 0.000 -0.716 0.065 0.952 0.000 -0.012 -0.307 0.821 0.000 0.284 -0.494 0.664 -0.000 -0.427 0.613 0.640 0.000 -0.768 0.024 0.998 0.000 0.009 0.058 0.712 -0.000 -0.702 0.010 0.998 0.000 0.019 0.065 
0.998 -0.004 -0.047 0.036 0.694 -0.000 -0.717 0.066 0.952 -0.000 -0.012 -0.307 0.822 0.000 0.283 -0.495 0.665 0.000 -0.425 0.614 0.640 0.000 -0.768 0.024 0.998 -0.000 0.009 0.058 0.712 -0.000 -0.702 0.010 0.998 0.000 0.019 0.065 
0.998 -0.004 -0.047 0.036 0.694 0.000 -0.717 0.065 0.952 0.000 -0.012 -0.307 0.822 0.000 0.282 -0.495 0.667 0.000 -0.424 0.613 0.640 0.000 -0.768 0.024 0.998 0.000 0.009 0.058 0.712 0.000 -0.702 0.010 0.998 0.000 0.019 0.064 
0.998 -0.004 -0.047 0.036 0.694 0.000 -0.717 0.066 0.952 0.000 -0.012 -0.307 0.822 0.000 0.282 -0.495 0.668 0.000 -0.423 0.612 0.640 0.000 -0.768 0.023 0.998 0.000 0.009 0.058 0.712 0.000 -0.702 0.010 0.998 0.000 0.019 0.065 
0.998 -0.004 -0.047 0.037 0.694 0.000 -0.717 0.066 0.952 0.000 -0.012 -0.307 0.822 0.000 0.281 -0.495 0.669 -0.000 -0.422 0.612 0.640 0.000 -0.768 0.023 0.998 0.000 0.009 0.058 0.712 0.000 -0.702 0.009 0.998 0.000 0.019 0.065 
0.998 -0.004 -0.047 0.037 0.694 0.000 -0.717 0.066 0.952 0.000 -0.012 -0.307 0.822 0.000 0.281 -0.495 0.670 0.000 -0.422 0.611 0.640 -0.000 -0.768 0.023 0.998 0.000 0.009 0.058 0.712 0.000 -0.702 0.009 0.998 0.000 0.019 0.065 
0.998 -0.004 -0.047 0.037 0.694 0.000 -0.717 0.066 0.952 0.000 -0.013 -0.307 0.822 0.000 0.281 -0.495 0.671 -0.000 -0.422 0.610 0.640 -0.000 -0.768 0.023 0.998 0.000 0.009 0.058 0.712 -0.000 -0.702 0.009 0.998 0.000 0.019 0.065 
0.998 -0.003 -0.047 0.037 0.694 0.000 -0.717 0.065 0.952 0.000 -0.013 -0.306 0.822 -0.000 0.282 -0.495 0.672 0.000 -0.422 0.608 0.640 0.000 -0.768 0.022 0.998 0.000 0.009 0.058 0.712 0.000 -0.702 0.008 0.998 0.000 0.019 0.065 
0.998 -0.003 -0.047 0.037 0.694 0.000 -0.717 0.065 0.952 0.000 -0.013 -0.305 0.823 0.000 0.284 -0.492 0.674 0.000 -0.424 0.604 0.640 0.000 -0.768 0.022 0.998 0.000 0.009 0.058 0.712 -0.000 -0.702 0.008 0.998 -0.000 0.019 0.065 
0.998 -0.003 -0.047 0.037 0.694 0.000 -0.717 0.065 0.952 0.000 -0.014 -0.305 0.823 0.000 0.286 -0.491 0.676 0.000 -0.426 0.602 0.639 -0.000 -0.769 0.021 0.998 0.000 0.009 0.058 0.712 0.000 -0.702 0.008 0.998 0.000 0.019 0.065 
0.998 -0.004 -0.047 0.037 0.694 0.000 -0.718 0.061 0.953 -0.000 -0.011 -0.302 0.823 0.000 0.286 -0.491 0.677 0.000 -0.426 0.600 0.639 0.000 -0.768 0.022 0.998 0.000 0.009 0.058 0.712 0.000 -0.702 0.009 0.998 0.000 0.019 0.065 
0.998 -0.002 -0.047 0.037 0.695 0.000 -0.716 0.066 0.952 0.000 -0.015 -0.306 0.823 -0.000 0.289 -0.490 0.677 0.000 -0.429 0.597 0.639 -0.000 -0.769 0.020 0.998 0.000 0.009 0.058 0.712 0.000 -0.702 0.007 0.998 0.000 0.019 0.065 
0.998 -0.000 -0.047 0.037 0.696 -0.000 -0.714 0.077 0.949 0.000 -0.022 -0.315 0.823 0.000 0.293 -0.487 0.678 0.000 -0.434 0.593 0.639 0.000 -0.769 0.017 0.998 0.000 0.008 0.058 0.712 0.000 -0.702 0.003 0.998 0.000 0.019 0.065 
0.998 0.003 -0.047 0.037 0.698 0.000 -0.711 0.088 0.946 0.000 -0.031 -0.323 0.822 0.000 0.296 -0.486 0.678 0.000 -0.439 0.589 0.639 0.000 -0.769 0.013 0.998 0.000 0.008 0.057 0.712 0.000 -0.702 -0.000 0.998 0.000 0.018 0.066 
0.998 0.004 -0.047 0.037 0.699 0.000 -0.708 0.095 0.944 0.000 -0.037 -0.329 0.822 0.000 0.300 -0.484 0.678 0.000 -0.443 0.586 0.639 0.000 -0.769 0.010 0.998 0.000 0.008 0.058 0.712 0.000 -0.702 -0.003 0.998 0.000 0.018 0.066 
0.998 0.005 -0.047 0.037 0.700 0.000 -0.708 0.096 0.943 0.000 -0.038 -0.330 0.822 0.000 0.302 -0.483 0.679 -0.000 -0.446 0.583 0.639 -0.000 -0.769 0.009 0.998 0.000 0.008 0.058 0.712 0.000 -0.702 -0.003 0.998 0.000 0.018 0.065 
0.998 0.003 -0.047 0.037 0.698 0.000 -0.711 0.087 0.946 0.000 -0.030 -0.322 0.822 0.000 0.302 -0.483 0.679 -0.000 -0.447 0.583 0.639 0.000 -0.769 0.013 0.998 0.000 0.008 0.057 0.712 0.000 -0.702 -0.000 0.998 0.000 0.018 0.065 
0.998 -0.003 -0.047 0.037 0.693 -0.000 -0.718 0.063 0.953 0.000 -0.012 -0.302 0.822 0.000 0.299 -0.485 0.679 0.000 -0.443 0.586 0.639 0.000 -0.769 0.021 0.998 0.000 0.009 0.057 0.712 0.000 -0.702 0.007 0.998 0.000 0.019 0.065 
0.998 -0.007 -0.047 0.037 0.691 -0.000 -0.722 0.044 0.959 -0.000 0.001 -0.285 0.822 0.000 0.296 -0.486 0.679 0.000 -0.440 0.587 0.639 0.000 -0.768 0.028 0.998 0.000 0.009 0.057 0.712 0.000 -0.702 0.013 0.998 0.000 0.019 0.065 
0.998 -0.010 -0.047 0.038 0.690 0.000 -0.723 0.030 0.962 0.000 0.008 -0.273 0.822 -0.000 0.295 -0.487 0.679 0.000 -0.440 0.588 0.639 0.000 -0.768 0.032 0.998 0.000 0.010 0.057 0.712 0.000 -0.702 0.017 0.998 0.000 0.020 0.065 
0.998 -0.012 -0.047 0.038 0.691 0.000 -0.723 0.022 0.964 0.000 0.010 -0.266 0.822 0.000 0.295 -0.487 0.678 0.000 -0.440 0.589 0.639 -0.000 -0.768 0.035 0.998 0.000 0.010 0.057 0.712 -0.000 -0.701 0.019 0.998 0.000 0.020 0.065 
0.998 -0.013 -0.047 0.038 0.692 -0.000 -0.722 0.019 0.965 0.000 0.010 -0.263 0.822 0.000 0.296 -0.487 0.678 0.000 -0.442 0.588 0.639 0.000 -0.768 0.036 0.998 0.000 0.010 0.057 0.712 0.000 -0.701 0.020 0.998 -0.000 0.020 0.065 
0.998 -0.012 -0.047 0.038 0.693 -0.000 -0.720 0.020 0.965 0.000 0.008 -0.264 0.822 0.000 0.297 -0.486 0.677 0.000 -0.444 0.587 0.639 0.000 -0.768 0.036 0.998 -0.000 0.010 0.057 0.712 0.000 -0.701 0.020 0.998 0.000 0.020 0.065 
0.998 -0.011 -0.047 0.038 0.695 0.000 -0.719 0.024 0.963 0.000 0.004 -0.268 0.822 0.000 0.298 -0.485 0.676 0.000 -0.446 0.586 0.639 0.000 -0.768 0.034 0.998 0.000 0.010 0.057 0.712 0.000 -0.701 0.019 0.998 0.000 0.020 0.065 
0.998 -0.010 -0.047 0.038 0.696 0.000 -0.717 0.032 0.962 0.000 -0.000 -0.274 0.822 0.000 0.300 -0.483 0.676 0.000 -0.449 0.585 0.639 0.000 -0.768 0.032 0.998 0.000 0.010 0.057 0.712 0.000 -0.702 0.016 0.998 0.000 0.020 0.065 
0.998 -0.007 -0.047 0.037 0.696 0.000 -0.716 0.042 0.959 0.000 -0.005 -0.283 0.822 0.000 0.303 -0.482 0.675 0.000 -0.452 0.583 0.639 0.000 -0.768 0.028 0.998 -0.000 0.009 0.057 0.712 -0.000 -0.702 0.013 0.998 0.000 0.020 0.065 
0.998 -0.007 -0.047 0.037 0.696 0.000 -0.717 0.042 0.959 -0.000 -0.005 -0.284 0.823 0.000 0.302 -0.482 0.674 0.000 -0.453 0.584 0.639 0.000 -0.768 0.028 0.998 0.000 0.009 0.057 0.712 0.000 -0.702 0.013 0.998 0.000 0.019 0.065 
0.998 -0.008 -0.047 0.037 0.696 0.000 -0.717 0.042 0.959 0.000 -0.005 -0.284 0.823 0.000 0.302 -0.482 0.673 0.000 -0.453 0.585 0.639 0.000 -0.769 0.028 0.998 0.000 0.010 0.057 0.712 -0.000 -0.702 0.013 0.998 0.000 0.019 0.065 
0.998 -0.008 -0.047 0.037 0.696 0.000 -0.716 0.041 0.959 0.000 -0.006 -0.282 0.823 0.000 0.301 -0.482 0.672 0.000 -0.452 0.587 0.639 0.000 -0.768 0.029 0.998 0.000 0.010 0.056 0.712 0.000 -0.702 0.013 0.998 -0.000 0.019 0.065 
0.998 -0.008 -0.047 0.037 0.697 0.000 -0.716 0.041 0.959 0.000 -0.006 -0.282 0.823 0.000 0.300 -0.483 0.671 0.000 -0.452 0.588 0.639 -0.000 -0.768 0.029 0.998 -0.000 0.010 0.056 0.713 0.000 -0.702 0.013 0.998 0.000 0.019 0.065 
0.998 -0.008 -0.047 0.037 0.696 0.000 -0.716 0.041 0.959 0.000 -0.006 -0.283 0.823 0.000 0.299 -0.483 0.670 0.000 -0.451 0.590 0.639 0.000 -0.769 0.029 0.998 0.000 0.010 0.056 0.713 -0.000 -0.702 0.013 0.998 0.000 0.019 0.065 
0.998 -0.008 -0.047 0.037 0.697 0.000 -0.716 0.041 0.959 0.000 -0.006 -0.283 0.823 -0.000 0.298 -0.483 0.669 0.000 -0.450 0.591 0.639 0.000 -0.768 0.029 0.998 0.000 0.009 0.056 0.713 0.000 -0.702 0.013 0.998 0.000 0.019 0.065 
0.998 -0.008 -0.047 0.037 0.696 -0.000 -0.716 0.041 0.959 0.000 -0.006 -0.283 0.823 0.000 0.296 -0.484 0.668 -0.000 -0.449 0.594 0.639 0.000 -0.768 0.029 0.998 0.000 0.010 0.056 0.712 0.000 -0.702 0.014 0.998 0.000 0.019 0.065 
0.998 -0.008 -0.047 0.037 0.696 0.000 -0.717 0.039 0.959 0.000 -0.005 -0.282 0.823 0.000 0.294 -0.485 0.667 0.000 -0.447 0.596 0.639 0.000 -0.768 0.030 0.998 -0.000 0.010 0.056 0.713 0.000 -0.702 0.014 0.998 0.000 0.020 0.064 
0.998 -0.008 -0.047 0.037 0.697 0.000 -0.716 0.040 0.959 0.000 -0.006 -0.283 0.823 0.000 0.292 -0.486 0.666 0.000 -0.445 0.599 0.639 0.000 -0.768 0.030 0.998 -0.000 0.009 0.056 0.712 -0.000 -0.702 0.014 0.998 0.000 0.020 0.065 
0.998 -0.008 -0.047 0.037 0.697 -0.000 -0.716 0.039 0.959 0.000 -0.006 -0.283 0.823 0.000 0.290 -0.488 0.665 -0.000 -0.443 0.601 0.639 0.000 -0.768 0.030 0.998 0.000 0.009 0.056 0.712 0.000 -0.702 0.014 0.998 0.000 0.020 0.065 
0.998 -0.008 -0.047 0.037 0.697 -0.000 -0.716 0.039 0.959 0.000 -0.006 -0.283 0.823 0.000 0.288 -0.489 0.664 0.000 -0.441 0.603 0.639 0.000 -0.768 0.030 0.998 0.000 0.009 0.056 0.712 0.000 -0.702 0.014 0.998 0.000 0.020 0.065 
0.998 -0.009 -0.047 0.037 0.696 0.000 -0.717 0.037 0.960 0.000 -0.005 -0.281 0.823 0.000 0.287 -0.490 0.664 -0.000 -0.439 0.606 0.639 0.000 -0.768 0.031 0.998 0.000 0.010 0.056 0.712 0.000 -0.702 0.015 0.998 0.000 0.020 0.065 
0.998 -0.009 -0.047 0.037 0.696 0.000 -0.717 0.037 0.960 0.000 -0.004 -0.281 0.823 0.000 0.285 -0.491 0.664 0.000 -0.437 0.608 0.639 0.000 -0.768 0.031 0.998 0.000 0.010 0.056 0.712 -0.000 -0.702 0.015 0.998 0.000 0.020 0.065 
0.998 -0.009 -0.047 0.037 0.696 -0.000 -0.717 0.037 0.960 0.000 -0.004 -0.281 0.823 0.000 0.283 -0.492 0.663 0.000 -0.435 0.609 0.639 0.000 -0.768 0.031 0.998 0.000 0.010 0.056 0.712 0.000 -0.702 0.015 0.998 0.000 0.020 0.065 
0.998 -0.009 -0.047 0.037 0.696 0.000 -0.717 0.036 0.960 0.000 -0.004 -0.281 0.823 0.000 0.282 -0.493 0.663 0.000 -0.434 0.610 0.639 0.000 -0.768 0.031 0.998 -0.000 0.010 0.056 0.712 0.000 -0.702 0.015 0.998 -0.000 0.020 0.065 
0.998 -0.009 -0.047 0.037 0.696 0.000 -0.717 0.036 0.960 -0.000 -0.004 -0.281 0.823 0.000 0.281 -0.494 0.663 0.000 -0.432 0.611 0.639 0.000 -0.769 0.031 0.998 0.000 0.010 0.056 0.712 0.000 -0.702 0.015 0.998 0.000 0.020 0.065 
0.998 -0.009 -0.047 0.037 0.696 0.000 -0.717 0.036 0.960 0.000 -0.004 -0.281 0.822 0.000 0.278 -0.497 0.662 0.000 -0.430 0.614 0.639 0.000 -0.768 0.031 0.998 0.000 0.010 0.056 0.712 -0.000 -0.702 0.015 0.998 0.000 0.020 0.066 
0.998 -0.009 -0.047 0.037 0.696 0.000 -0.717 0.036 0.960 -0.000 -0.004 -0.281 0.822 0.000 0.278 -0.498 0.662 0.000 -0.429 0.614 0.639 0.000 -0.768 0.031 0.998 0.000 0.010 0.056 0.712 0.000 -0.702 0.015 0.998 0.000 0.020 0.065 
0.998 -0.009 -0.047 0.037 0.696 0.000 -0.717 0.036 0.960 0.000 -0.004 -0.281 0.821 0.000 0.277 -0.499 0.662 -0.000 -0.428 0.615 0.639 0.000 -0.769 0.031 0.998 0.000 0.010 0.056 0.712 0.000 -0.702 0.015 0.998 -0.000 0.020 0.065 
0.998 -0.009 -0.047 0.037 0.696 0.000 -0.717 0.036 0.960 0.000 -0.004 -0.281 0.821 0.000 0.276 -0.499 0.663 0.000 -0.427 0.615 0.639 0.000 -0.768 0.031 0.998 0.000 0.010 0.056 0.712 0.000 -0.702 0.015 0.998 -0.000 0.020 0.066 
0.998 -0.009 -0.047 0.037 0.697 0.000 -0.717 0.035 0.960 -0.000 -0.004 -0.281 0.821 -0.000 0.276 -0.500 0.664 0.000 -0.426 0.615 0.639 0.000 -0.769 0.031 0.998 0.000 0.010 0.056 0.712 0.000 -0.702 0.015 0.998 0.000 0.020 0.065 
0.998 -0.009 -0.047 0.037 0.697 0.000 -0.716 0.036 0.959 0.000 -0.004 -0.283 0.821 0.000 0.275 -0.500 0.665 0.000 -0.425 0.614 0.639 0.000 -0.769 0.031 0.998 0.000 0.010 0.056 0.712 0.000 -0.702 0.015 0.998 -0.000 0.020 0.066 
0.998 -0.009 -0.047 0.037 0.696 -0.000 -0.717 0.037 0.959 0.000 -0.003 -0.284 0.821 0.000 0.275 -0.501 0.666 0.000 -0.424 0.614 0.639 0.000 -0.768 0.030 0.998 0.000 0.010 0.056 0.712 0.000 -0.702 0.014 0.998 0.000 0.020 0.066 
0.998 -0.009 -0.047 0.037 0.696 0.000 -0.717 0.037 0.959 -0.000 -0.003 -0.284 0.820 0.000 0.275 -0.501 0.667 -0.000 -0.423 0.613 0.639 0.000 -0.768 0.030 0.998 0.000 0.010 0.057 0.712 0.000 -0.702 0.015 0.998 0.000 0.020 0.064 
0.998 -0.009 -0.047 0.037 0.697 0.000 -0.716 0.036 0.959 0.000 -0.004 -0.282 0.820 0.000 0.275 -0.502 0.668 0.000 -0.423 0.613 0.639 0.000 -0.769 0.030 0.998 0.000 0.010 0.056 0.712 0.000 -0.702 0.014 0.998 0.000 0.020 0.065 
0.998 -0.009 -0.047 0.037 0.697 0.000 -0.716 0.035 0.959 0.000 -0.003 -0.282 0.819 0.000 0.276 -0.502 0.669 0.000 -0.422 0.612 0.639 0.000 -0.768 0.030 0.998 0.000 0.010 0.057 0.712 0.000 -0.702 0.014 0.998 0.000 0.020 0.066 
0.998 -0.009 -0.047 0.037 0.697 0.000 -0.716 0.035 0.959 0.000 -0.003 -0.282 0.819 0.000 0.277 -0.503 0.670 0.000 -0.423 0.610 0.639 0.000 -0.769 0.030 0.998 0.000 0.010 0.056 0.712 0.000 -0.702 0.014 0.998 0.000 0.020 0.065 
0.998 -0.009 -0.047 0.037 0.697 -0.000 -0.716 0.035 0.959 0.000 -0.003 -0.283 0.820 0.000 0.279 -0.500 0.673 0.000 -0.424 0.606 0.639 0.000 -0.769 0.030 0.998 0.000 0.010 0.056 0.712 0.000 -0.702 0.014 0.998 0.000 0.020 0.065 
0.998 -0.009 -0.047 0.037 0.697 0.000 -0.716 0.036 0.959 0.000 -0.003 -0.283 0.819 0.000 0.281 -0.499 0.674 0.000 -0.426 0.604 0.639 0.000 -0.769 0.030 0.998 0.000 0.010 0.056 0.712 0.000 -0.702 0.014 0.998 0.000 0.020 0.065 
0.998 -0.009 -0.047 0.037 0.697 0.000 -0.716 0.035 0.959 0.000 -0.003 -0.283 0.819 0.000 0.282 -0.499 0.675 0.000 -0.427 0.602 0.639 0.000 -0.769 0.030 0.998 0.000 0.010 0.056 0.712 0.000 -0.702 0.014 0.998 0.000 0.020 0.065 
0.998 -0.009 -0.047 0.037 0.697 -0.000 -0.716 0.036 0.959 -0.000 -0.004 -0.283 0.819 0.000 0.284 -0.499 0.675 0.000 -0.429 0.600 0.639 0.000 -0.769 0.030 0.998 0.000 0.010 0.056 0.712 0.000 -0.702 0.014 0.998 0.000 0.020 0.065 
0.998 -0.009 -0.047 0.037 0.697 0.000 -0.716 0.036 0.959 0.000 -0.004 -0.283 0.818 0.000 0.286 -0.499 0.676 0.000 -0.431 0.598 0.639 0.000 -0.769 0.030 0.998 0.000 0.010 0.056 0.712 0.000 -0.702 0.014 0.998 -0.000 0.020 0.065 
0.998 -0.009 -0.047 0.037 0.697 0.000 -0.716 0.036 0.959 0.000 -0.003 -0.284 0.818 0.000 0.288 -0.499 0.677 0.000 -0.433 0.596 0.639 0.000 -0.769 0.030 0.998 0.000 0.010 0.056 0.712 0.000 -0.702 0.014 0.998 0.000 0.020 0.065 
0.998 -0.009 -0.047 0.037 0.697 0.000 -0.716 0.037 0.959 -0.000 -0.003 -0.284 0.817 0.000 0.290 -0.498 0.677 0.000 -0.436 0.593 0.639 0.000 -0.769 0.030 0.998 -0.000 0.010 0.056 0.712 0.000 -0.702 0.014 0.998 0.000 0.019 0.064 
0.998 -0.009 -0.047 0.037 0.697 0.000 -0.716 0.037 0.959 0.000 -0.003 -0.284 0.817 0.000 0.292 -0.497 0.678 0.000 -0.439 0.590 0.639 0.000 -0.769 0.030 0.998 0.000 0.010 0.056 0.712 0.000 -0.702 0.014 0.998 0.000 0.020 0.065 
0.998 -0.009 -0.047 0.037 0.697 0.000 -0.716 0.036 0.959 0.000 -0.004 -0.283 0.817 0.000 0.294 -0.496 0.678 0.000 -0.442 0.588 0.639 0.000 -0.769 0.030 0.998 0.000 0.010 0.056 0.712 0.000 -0.702 0.014 0.998 0.000 0.020 0.065 
0.998 -0.009 -0.047 0.037 0.698 0.000 -0.716 0.036 0.959 0.000 -0.004 -0.283 0.816 0.000 0.297 -0.495 0.678 0.000 -0.445 0.586 0.639 0.000 -0.769 0.030 0.998 0.000 0.010 0.056 0.712 0.000 -0.702 0.014 0.998 0.000 0.020 0.065 
0.998 -0.009 -0.047 0.037 0.697 -0.000 -0.716 0.036 0.959 0.000 -0.003 -0.283 0.816 0.000 0.299 -0.494 0.678 0.000 -0.448 0.584 0.639 -0.000 -0.769 0.030 0.998 0.000 0.010 0.056 0.712 0.000 -0.702 0.015 0.998 0.000 0.020 0.065 
0.998 -0.009 -0.047 0.037 0.697 -0.000 -0.716 0.037 0.959 -0.000 -0.003 -0.285 0.816 0.000 0.301 -0.494 0.677 0.000 -0.450 0.582 0.639 0.000 -0.769 0.030 0.998 0.000 0.010 0.056 0.712 0.000 -0.702 0.014 0.998 0.000 0.020 0.065 
0.998 -0.009 -0.047 0.037 0.697 0.000 -0.716 0.037 0.959 -0.000 -0.003 -0.285 0.816 0.000 0.303 -0.492 0.677 0.000 -0.453 0.580 0.639 -0.000 -0.768 0.031 0.998 0.000 0.010 0.056 0.712 0.000 -0.702 0.015 0.998 0.000 0.020 0.065 
0.998 -0.009 -0.047 0.037 0.697 0.000 -0.716 0.037 0.959 -0.000 -0.003 -0.285 0.816 0.000 0.305 -0.491 0.676 0.000 -0.456 0.579 0.639 -0.000 -0.768 0.031 0.998 0.000 0.010 0.056 0.712 0.000 -0.702 0.015 0.998 -0.000 0.020 0.065 
0.998 -0.009 -0.047 0.037 0.697 0.000 -0.716 0.038 0.958 0.000 -0.003 -0.285 0.816 0.000 0.306 -0.491 0.676 0.000 -0.458 0.577 0.639 0.000 -0.768 0.031 0.998 0.000 0.010 0.056 0.712 -0.000 -0.702 0.015 0.998 -0.000 0.020 0.065 
0.998 -0.009 -0.047 0.037 0.697 0.000 -0.716 0.039 0.958 0.000 -0.002 -0.287 0.816 0.000 0.307 -0.490 0.675 -0.000 -0.460 0.577 0.639 0.000 -0.768 0.031 0.998 0.000 0.010 0.056 0.712 0.000 -0.702 0.015 0.998 -0.000 0.019 0.065 
0.998 -0.010 -0.047 0.037 0.696 -0.000 -0.717 0.038 0.958 -0.000 -0.001 -0.286 0.816 0.000 0.308 -0.489 0.675 0.000 -0.461 0.576 0.639 0.000 -0.768 0.031 0.998 0.000 0.010 0.056 0.712 0.000 -0.702 0.016 0.998 0.000 0.019 0.065 
0.998 -0.010 -0.047 0.037 0.696 0.000 -0.717 0.038 0.958 0.000 -0.001 -0.286 0.816 0.000 0.308 -0.489 0.674 0.000 -0.462 0.576 0.639 0.000 -0.768 0.032 0.998 -0.000 0.010 0.056 0.712 0.000 -0.702 0.016 0.998 0.000 0.020 0.065 
0.998 -0.010 -0.047 0.037 0.696 0.000 -0.717 0.039 0.958 0.000 -0.000 -0.286 0.816 0.000 0.309 -0.488 0.674 -0.000 -0.464 0.575 0.639 -0.000 -0.768 0.032 0.998 -0.000 0.010 0.056 0.712 0.000 -0.702 0.016 0.998 0.000 0.020 0.066 
0.998 -0.011 -0.047 0.037 0.696 0.000 -0.717 0.036 0.959 0.000 0.001 -0.284 0.817 0.000 0.309 -0.488 0.673 0.000 -0.464 0.576 0.639 0.000 -0.768 0.033 0.998 0.000 0.010 0.056 0.712 -0.000 -0.702 0.017 0.998 -0.000 0.019 0.065 
0.998 -0.011 -0.047 0.036 0.697 -0.000 -0.716 0.036 0.959 0.000 -0.001 -0.284 0.817 0.000 0.308 -0.488 0.672 -0.000 -0.464 0.577 0.639 0.000 -0.768 0.033 0.998 0.000 0.010 0.056 0.712 0.000 -0.702 0.017 0.998 0.000 0.020 0.065 
0.998 -0.011 -0.047 0.036 0.697 -0.000 -0.717 0.035 0.959 0.000 -0.000 -0.283 0.817 0.000 0.308 -0.488 0.672 0.000 -0.464 0.578 0.639 0.000 -0.768 0.033 0.998 0.000 0.010 0.056 0.712 0.000 -0.702 0.017 0.998 -0.000 0.020 0.065 
0.998 -0.011 -0.047 0.036 0.696 0.000 -0.717 0.035 0.959 0.000 -0.000 -0.283 0.817 0.000 0.307 -0.488 0.671 -0.000 -0.463 0.579 0.639 0.000 -0.768 0.033 0.998 0.000 0.010 0.057 0.712 0.000 -0.702 0.018 0.998 0.000 0.020 0.065 
0.998 -0.011 -0.047 0.036 0.697 -0.000 -0.717 0.036 0.959 0.000 -0.001 -0.284 0.818 0.000 0.307 -0.487 0.670 0.000 -0.464 0.579 0.639 -0.000 -0.768 0.033 0.998 0.000 0.010 0.057 0.712 -0.000 -0.702 0.018 0.998 0.000 0.020 0.065 
0.998 -0.012 -0.047 0.036 0.696 0.000 -0.717 0.035 0.959 -0.000 -0.000 -0.283 0.818 0.000 0.306 -0.487 0.670 0.000 -0.463 0.581 0.640 -0.000 -0.768 0.033 0.998 0.000 0.010 0.057 0.712 0.000 -0.702 0.018 0.998 -0.000 0.019 0.064 
0.998 -0.012 -0.047 0.036 0.696 -0.000 -0.717 0.035 0.959 0.000 0.000 -0.283 0.818 -0.000 0.305 -0.488 0.669 0.000 -0.462 0.582 0.639 -0.000 -0.768 0.034 0.998 0.000 0.010 0.057 0.712 -0.000 -0.702 0.019 0.998 0.000 0.020 0.065 
0.998 -0.012 -0.047 0.036 0.696 0.000 -0.717 0.036 0.959 0.000 -0.000 -0.283 0.818 0.000 0.303 -0.488 0.669 0.000 -0.461 0.584 0.640 -0.000 -0.768 0.034 0.998 0.000 0.010 0.057 0.712 0.000 -0.702 0.018 0.998 0.000 0.019 0.065 
0.998 -0.012 -0.047 0.036 0.696 0.000 -0.717 0.036 0.959 0.000 0.000 -0.284 0.819 -0.000 0.302 -0.488 0.668 0.000 -0.459 0.585 0.640 0.000 -0.768 0.034 0.998 0.000 0.010 0.057 0.712 0.000 -0.702 0.019 0.998 0.000 0.020 0.065 
0.998 -0.012 -0.048 0.036 0.696 0.000 -0.717 0.036 0.959 0.000 -0.000 -0.284 0.819 0.000 0.301 -0.488 0.668 0.000 -0.458 0.587 0.640 0.000 -0.768 0.034 0.998 0.000 0.010 0.057 0.712 0.000 -0.701 0.019 0.998 0.000 0.019 0.065 
0.998 -0.012 -0.047 0.036 0.696 0.000 -0.717 0.036 0.959 0.000 0.000 -0.284 0.820 0.000 0.299 -0.489 0.667 0.000 -0.457 0.588 0.640 -0.000 -0.768 0.034 0.998 0.000 0.010 0.057 0.712 -0.000 -0.702 0.019 0.998 0.000 0.020 0.065 
0.998 -0.012 -0.048 0.035 0.696 -0.000 -0.717 0.035 0.959 0.000 -0.000 -0.282 0.820 0.000 0.298 -0.489 0.667 0.000 -0.455 0.589 0.640 -0.000 -0.768 0.034 0.998 0.000 0.010 0.057 0.712 0.000 -0.702 0.019 0.998 -0.000 0.019 0.065 
0.998 -0.012 -0.048 0.035 0.696 0.000 -0.717 0.037 0.959 0.000 0.000 -0.284 0.820 0.000 0.297 -0.489 0.667 0.000 -0.454 0.591 0.640 0.000 -0.768 0.034 0.998 -0.000 0.010 0.057 0.712 0.000 -0.702 0.019 0.998 0.000 0.019 0.064 
0.998 -0.012 -0.048 0.035 0.696 0.000 -0.717 0.038 0.959 -0.000 -0.001 -0.285 0.820 0.000 0.295 -0.490 0.667 0.000 -0.453 0.592 0.640 0.000 -0.768 0.034 0.998 0.000 0.010 0.057 0.712 0.000 -0.702 0.019 0.998 0.000 0.019 0.064 
0.998 -0.012 -0.048 0.035 0.695 -0.000 -0.718 0.038 0.959 0.000 -0.000 -0.285 0.821 0.000 0.294 -0.490 0.667 0.000 -0.451 0.593 0.639 -0.000 -0.768 0.034 0.998 -0.000 0.010 0.057 0.712 0.000 -0.702 0.019 0.998 0.000 0.019 0.065 
0.998 -0.012 -0.048 0.035 0.695 0.000 -0.718 0.039 0.958 0.000 -0.001 -0.285 0.821 0.000 0.293 -0.490 0.667 0.000 -0.450 0.594 0.640 0.000 -0.768 0.034 0.998 0.000 0.010 0.057 0.712 -0.000 -0.702 0.019 0.998 0.000 0.019 0.065 
0.998 -0.012 -0.048 0.035 0.696 0.000 -0.717 0.038 0.959 0.000 -0.001 -0.284 0.821 0.000 0.291 -0.491 0.667 0.000 -0.449 0.595 0.640 0.000 -0.768 0.035 0.998 0.000 0.011 0.056 0.712 0.000 -0.701 0.020 0.998 0.000 0.019 0.065 
0.998 -0.012 -0.048 0.035 0.696 -0.000 -0.717 0.038 0.959 0.000 -0.001 -0.284 0.821 0.000 0.290 -0.491 0.667 0.000 -0.447 0.596 0.639 0.000 -0.768 0.035 0.998 0.000 0.011 0.056 0.712 -0.000 -0.701 0.020 0.998 0.000 0.019 0.065 
0.998 -0.012 -0.048 0.035 0.695 0.000 -0.718 0.040 0.959 -0.000 0.000 -0.285 0.822 0.000 0.289 -0.491 0.668 0.000 -0.446 0.596 0.640 0.000 -0.768 0.035 0.998 -0.000 0.010 0.056 0.712 0.000 -0.702 0.019 0.998 0.000 0.019 0.065 
0.998 -0.012 -0.048 0.035 0.695 0.000 -0.718 0.039 0.959 0.000 -0.001 -0.284 0.822 0.000 0.288 -0.492 0.668 -0.000 -0.444 0.597 0.639 0.000 -0.768 0.035 0.998 0.000 0.011 0.056 0.712 0.000 -0.702 0.019 0.998 0.000 0.019 0.065 
0.998 -0.012 -0.048 0.035 0.694 0.000 -0.719 0.041 0.958 -0.000 0.001 -0.286 0.822 0.000 0.286 -0.492 0.668 0.000 -0.443 0.598 0.640 0.000 -0.768 0.035 0.998 0.000 0.011 0.056 0.712 0.000 -0.702 0.019 0.998 -0.000 0.019 0.065 
0.998 -0.012 -0.048 0.035 0.695 0.000 -0.718 0.040 0.959 0.000 -0.001 -0.285 0.822 0.000 0.285 -0.493 0.669 0.000 -0.441 0.598 0.639 0.000 -0.768 0.035 0.998 0.000 0.011 0.056 0.713 -0.000 -0.701 0.019 0.998 0.000 0.019 0.065 
0.998 -0.012 -0.048 0.035 0.695 -0.000 -0.718 0.041 0.959 0.000 -0.001 -0.285 0.822 0.000 0.284 -0.493 0.669 0.000 -0.440 0.598 0.639 0.000 -0.768 0.035 0.998 0.000 0.011 0.056 0.712 0.000 -0.702 0.019 0.998 0.000 0.019 0.065 
