# T   LUA LFA RUA RFA LT  LS  RT  RS  
1.000 -0.004 0.001 0.003 0.747 -0.000 -0.661 -0.068 0.983 0.000 -0.073 -0.166 0.737 0.000 -0.676 -0.010 0.971 0.000 -0.075 -0.226 0.690 0.000 -0.724 -0.027 0.995 0.000 0.033 0.093 0.699 -0.000 -0.714 0.026 1.000 0.000 0.014 0.013 
1.000 -0.004 0.001 0.003 0.748 0.000 -0.660 -0.069 0.983 0.000 -0.074 -0.165 0.737 0.000 -0.676 -0.010 0.971 0.000 -0.075 -0.228 0.690 0.000 -0.724 -0.027 0.995 0.000 0.033 0.093 0.699 -0.000 -0.715 0.026 1.000 -0.000 0.014 0.012 
1.000 -0.003 0.001 0.005 0.748 0.000 -0.660 -0.069 0.984 0.000 -0.073 -0.165 0.737 -0.000 -0.676 -0.011 0.971 0.000 -0.075 -0.226 0.690 0.000 -0.723 -0.028 0.995 -0.000 0.033 0.093 0.699 0.000 -0.715 0.023 1.000 0.000 0.013 0.013 
1.000 -0.004 0.001 0.003 0.748 -0.000 -0.661 -0.069 0.983 0.000 -0.074 -0.165 0.737 -0.000 -0.676 -0.010 0.971 0.000 -0.075 -0.226 0.690 0.000 -0.724 -0.026 0.995 0.000 0.034 0.093 0.699 0.000 -0.714 0.026 1.000 0.000 0.013 0.011 
1.000 -0.004 0.001 0.003 0.748 0.000 -0.661 -0.068 0.983 -0.000 -0.074 -0.165 0.737 0.000 -0.676 -0.010 0.971 -0.000 -0.075 -0.226 0.690 0.000 -0.724 -0.026 0.995 -0.000 0.033 0.093 0.699 0.000 -0.715 0.026 1.000 0.000 0.014 0.012 
1.000 -0.004 0.001 0.003 0.747 -0.000 -0.661 -0.068 0.983 0.000 -0.074 -0.165 0.737 0.000 -0.676 -0.010 0.971 0.000 -0.075 -0.226 0.690 0.000 -0.724 -0.026 0.995 0.000 0.033 0.093 0.699 0.000 -0.714 0.026 1.000 0.000 0.014 0.012 
1.000 -0.003 0.001 0.005 0.748 0.000 -0.660 -0.069 0.983 0.000 -0.073 -0.166 0.737 0.000 -0.676 -0.011 0.971 0.000 -0.075 -0.227 0.690 0.000 -0.723 -0.028 0.995 0.000 0.033 0.093 0.699 0.000 -0.715 0.023 1.000 0.000 0.014 0.013 
1.000 -0.003 0.001 0.005 0.747 0.000 -0.661 -0.069 0.983 -0.000 -0.073 -0.166 0.737 -0.000 -0.675 -0.011 0.971 0.000 -0.075 -0.226 0.689 0.000 -0.724 -0.028 0.995 0.000 0.033 0.093 0.699 0.000 -0.714 0.023 1.000 0.000 0.014 0.014 
1.000 -0.003 0.001 0.005 0.747 0.000 -0.661 -0.069 0.983 0.000 -0.073 -0.165 0.737 0.000 -0.675 -0.011 0.971 0.000 -0.075 -0.226 0.689 -0.000 -0.724 -0.028 0.995 -0.000 0.034 0.093 0.699 0.000 -0.714 0.023 1.000 0.000 0.014 0.013 
1.000 -0.004 0.000 0.003 0.747 0.000 -0.662 -0.068 0.983 0.000 -0.074 -0.165 0.738 0.000 -0.675 -0.011 0.971 0.000 -0.074 -0.226 0.689 0.000 -0.724 -0.026 0.995 -0.000 0.034 0.093 0.699 0.000 -0.714 0.026 1.000 0.000 0.014 0.012 
1.000 -0.004 0.000 0.003 0.747 0.000 -0.662 -0.068 0.983 0.000 -0.074 -0.165 0.738 0.000 -0.675 -0.010 0.971 0.000 -0.075 -0.226 0.689 0.000 -0.724 -0.026 0.995 -0.000 0.034 0.093 0.699 0.000 -0.714 0.026 1.000 0.000 0.014 0.012 
1.000 -0.003 0.001 0.005 0.747 0.000 -0.661 -0.069 0.983 0.000 -0.074 -0.166 0.737 0.000 -0.675 -0.011 0.971 -0.000 -0.074 -0.228 0.689 -0.000 -0.724 -0.028 0.995 0.000 0.033 0.093 0.699 0.000 -0.714 0.023 1.000 -0.000 0.014 0.014 
1.000 -0.003 0.001 0.005 0.747 0.000 -0.662 -0.069 0.983 -0.000 -0.074 -0.166 0.737 0.000 -0.675 -0.012 0.971 0.000 -0.075 -0.226 0.689 0.000 -0.724 -0.027 0.995 0.000 0.033 0.093 0.699 0.000 -0.714 0.023 1.000 0.000 0.013 0.013 
1.000 -0.003 0.001 0.005 0.747 0.000 -0.662 -0.068 0.983 0.000 -0.074 -0.166 0.737 -0.000 -0.675 -0.011 0.971 0.000 -0.074 -0.227 0.689 0.000 -0.724 -0.028 0.995 -0.000 0.033 0.093 0.699 0.000 -0.714 0.023 1.000 0.000 0.014 0.014 
1.000 -0.004 0.001 0.003 0.746 0.000 -0.662 -0.068 0.983 0.000 -0.074 -0.165 0.738 0.000 -0.675 -0.010 0.971 0.000 -0.074 -0.228 0.689 -0.000 -0.724 -0.026 0.995 0.000 0.034 0.093 0.699 0.000 -0.714 0.026 1.000 -0.000 0.014 0.012 
1.000 -0.003 0.001 0.005 0.746 0.000 -0.662 -0.068 0.983 0.000 -0.074 -0.166 0.738 0.000 -0.675 -0.011 0.971 0.000 -0.075 -0.226 0.689 0.000 -0.724 -0.028 0.995 0.000 0.033 0.093 0.699 0.000 -0.714 0.023 1.000 0.000 0.014 0.014 
1.000 -0.003 0.001 0.005 0.746 0.000 -0.662 -0.068 0.983 0.000 -0.074 -0.166 0.738 0.000 -0.675 -0.012 0.971 0.000 -0.075 -0.228 0.689 0.000 -0.724 -0.028 0.995 0.000 0.034 0.093 0.699 0.000 -0.714 0.023 1.000 0.000 0.014 0.014 
1.000 -0.003 0.001 0.005 0.746 0.000 -0.662 -0.068 0.983 0.000 -0.074 -0.166 0.738 0.000 -0.675 -0.011 0.971 0.000 -0.074 -0.226 0.689 0.000 -0.724 -0.028 0.995 0.000 0.033 0.093 0.699 0.000 -0.714 0.022 1.000 0.000 0.014 0.014 
1.000 -0.003 0.001 0.005 0.746 0.000 -0.662 -0.068 0.983 0.000 -0.074 -0.166 0.738 0.000 -0.675 -0.011 0.971 -0.000 -0.075 -0.226 0.689 0.000 -0.724 -0.028 0.995 0.000 0.033 0.093 0.699 -0.000 -0.714 0.022 1.000 -0.000 0.014 0.014 
1.000 -0.003 0.001 0.005 0.746 0.000 -0.662 -0.068 0.983 0.000 -0.074 -0.166 0.738 0.000 -0.675 -0.011 0.971 -0.000 -0.075 -0.226 0.689 0.000 -0.724 -0.028 0.995 0.000 0.033 0.093 0.699 0.000 -0.714 0.023 1.000 0.000 0.013 0.013 
1.000 -0.004 0.001 0.005 0.746 -0.000 -0.663 -0.068 0.983 0.000 -0.074 -0.166 0.738 -0.000 -0.675 -0.011 0.971 0.000 -0.075 -0.226 0.689 0.000 -0.724 -0.027 0.995 0.000 0.033 0.093 0.699 -0.000 -0.714 0.023 1.000 0.000 0.013 0.013 
1.000 -0.004 0.001 0.005 0.745 0.000 -0.663 -0.068 0.983 0.000 -0.073 -0.166 0.738 0.000 -0.675 -0.011 0.971 0.000 -0.074 -0.227 0.689 0.000 -0.724 -0.027 0.995 0.000 0.033 0.093 0.699 -0.000 -0.714 0.023 1.000 0.000 0.013 0.012 
1.000 -0.003 0.001 0.005 0.746 0.000 -0.663 -0.067 0.983 -0.000 -0.074 -0.166 0.738 0.000 -0.675 -0.011 0.971 0.000 -0.075 -0.226 0.689 0.000 -0.724 -0.028 0.995 0.000 0.033 0.093 0.699 0.000 -0.714 0.023 1.000 0.000 0.013 0.012 
1.000 -0.003 0.001 0.005 0.745 0.000 -0.663 -0.067 0.983 0.000 -0.073 -0.166 0.738 0.000 -0.675 -0.011 0.971 0.000 -0.075 -0.226 0.689 0.000 -0.724 -0.028 0.995 -0.000 0.033 0.093 0.699 0.000 -0.714 0.023 1.000 -0.000 0.014 0.013 
1.000 -0.003 0.001 0.006 0.746 0.000 -0.663 -0.067 0.983 0.000 -0.074 -0.166 0.738 0.000 -0.675 -0.011 0.971 0.000 -0.075 -0.226 0.689 0.000 -0.724 -0.028 0.995 -0.000 0.033 0.093 0.699 0.000 -0.714 0.023 1.000 0.000 0.014 0.013 
1.000 -0.003 0.001 0.006 0.746 0.000 -0.663 -0.067 0.983 0.000 -0.074 -0.166 0.738 0.000 -0.675 -0.011 0.971 0.000 -0.074 -0.228 0.689 0.000 -0.724 -0.028 0.995 0.000 0.033 0.093 0.699 0.000 -0.714 0.023 1.000 0.000 0.014 0.013 
1.000 -0.003 0.001 0.006 0.745 0.000 -0.663 -0.067 0.983 0.000 -0.074 -0.166 0.738 0.000 -0.675 -0.011 0.971 0.000 -0.075 -0.227 0.689 -0.000 -0.724 -0.028 0.995 0.000 0.033 0.093 0.699 0.000 -0.714 0.023 1.000 0.000 0.013 0.012 
1.000 -0.003 0.001 0.006 0.745 0.000 -0.663 -0.067 0.983 0.000 -0.075 -0.166 0.738 0.000 -0.674 -0.011 0.971 0.000 -0.075 -0.225 0.689 0.000 -0.724 -0.028 0.995 0.000 0.033 0.093 0.699 -0.000 -0.714 0.023 1.000 0.000 0.014 0.011 
1.000 -0.003 0.001 0.006 0.745 -0.000 -0.663 -0.067 0.983 0.000 -0.074 -0.166 0.738 0.000 -0.675 -0.011 0.971 0.000 -0.075 -0.225 0.689 0.000 -0.724 -0.028 0.995 0.000 0.033 0.093 0.699 0.000 -0.714 0.023 1.000 0.000 0.014 0.012 
1.000 -0.003 0.001 0.006 0.745 -0.000 -0.664 -0.067 0.983 -0.000 -0.073 -0.167 0.738 -0.000 -0.675 -0.010 0.971 0.000 -0.075 -0.226 0.689 0.000 -0.724 -0.028 0.995 -0.000 0.033 0.093 0.699 0.000 -0.714 0.024 1.000 0.000 0.014 0.012 
1.000 -0.003 0.001 0.006 0.745 0.000 -0.663 -0.067 0.983 0.000 -0.074 -0.166 0.738 0.000 -0.675 -0.010 0.971 -0.000 -0.075 -0.225 0.689 0.000 -0.724 -0.028 0.995 -0.000 0.034 0.093 0.699 -0.000 -0.714 0.024 1.000 0.000 0.014 0.012 
1.000 -0.004 0.001 0.006 0.745 0.000 -0.664 -0.066 0.983 -0.000 -0.074 -0.167 0.738 0.000 -0.674 -0.010 0.971 0.000 -0.076 -0.225 0.689 0.000 -0.724 -0.028 0.995 -0.000 0.033 0.093 0.699 0.000 -0.714 0.024 1.000 0.000 0.014 0.012 
1.000 -0.003 0.001 0.006 0.744 -0.000 -0.664 -0.067 0.983 0.000 -0.072 -0.167 0.738 0.000 -0.675 -0.010 0.971 0.000 -0.075 -0.225 0.689 0.000 -0.724 -0.028 0.995 0.000 0.033 0.094 0.699 0.000 -0.714 0.024 1.000 0.000 0.014 0.012 
1.000 -0.003 0.001 0.006 0.745 0.000 -0.664 -0.066 0.983 0.000 -0.074 -0.167 0.738 0.000 -0.674 -0.010 0.971 0.000 -0.075 -0.225 0.689 -0.000 -0.724 -0.028 0.995 0.000 0.033 0.093 0.699 0.000 -0.714 0.024 1.000 0.000 0.013 0.010 
1.000 -0.003 0.001 0.006 0.745 0.000 -0.664 -0.066 0.983 0.000 -0.073 -0.167 0.738 0.000 -0.675 -0.010 0.971 0.000 -0.078 -0.226 0.689 0.000 -0.724 -0.028 0.995 0.000 0.033 0.094 0.699 0.000 -0.714 0.024 1.000 0.000 0.014 0.012 
1.000 -0.003 0.001 0.006 0.745 0.000 -0.664 -0.066 0.983 0.000 -0.073 -0.167 0.738 0.000 -0.674 -0.010 0.971 0.000 -0.078 -0.225 0.689 -0.000 -0.724 -0.028 0.995 0.000 0.033 0.094 0.699 0.000 -0.714 0.024 1.000 0.000 0.014 0.011 
1.000 -0.003 0.001 0.006 0.745 0.000 -0.664 -0.066 0.983 0.000 -0.073 -0.167 0.738 0.000 -0.675 -0.010 0.971 0.000 -0.075 -0.225 0.689 0.000 -0.724 -0.028 0.995 0.000 0.033 0.094 0.700 0.000 -0.714 0.024 1.000 -0.000 0.014 0.011 
1.000 -0.003 0.001 0.006 0.745 0.000 -0.664 -0.066 0.983 0.000 -0.073 -0.167 0.738 -0.000 -0.674 -0.010 0.971 -0.000 -0.076 -0.225 0.689 0.000 -0.724 -0.028 0.995 0.000 0.033 0.093 0.699 -0.000 -0.714 0.024 1.000 0.000 0.014 0.011 
1.000 -0.003 0.001 0.006 0.745 0.000 -0.664 -0.066 0.983 0.000 -0.072 -0.167 0.738 0.000 -0.674 -0.010 0.971 -0.000 -0.076 -0.225 0.689 0.000 -0.724 -0.028 0.995 0.000 0.033 0.093 0.700 0.000 -0.714 0.024 1.000 -0.000 0.013 0.010 
1.000 -0.003 0.001 0.006 0.745 0.000 -0.664 -0.066 0.983 -0.000 -0.074 -0.167 0.738 0.000 -0.674 -0.010 0.971 0.000 -0.076 -0.225 0.689 0.000 -0.724 -0.028 0.995 0.000 0.033 0.094 0.700 -0.000 -0.714 0.024 1.000 0.000 0.014 0.011 
1.000 -0.003 0.001 0.006 0.745 0.000 -0.664 -0.066 0.983 0.000 -0.074 -0.167 0.738 -0.000 -0.674 -0.010 0.971 0.000 -0.078 -0.226 0.689 0.000 -0.724 -0.028 0.995 0.000 0.033 0.094 0.700 0.000 -0.714 0.024 1.000 0.000 0.014 0.011 
1.000 -0.003 0.001 0.006 0.745 0.000 -0.664 -0.066 0.983 0.000 -0.073 -0.167 0.738 0.000 -0.674 -0.010 0.971 0.000 -0.076 -0.225 0.689 0.000 -0.724 -0.028 0.995 0.000 0.033 0.094 0.700 0.000 -0.714 0.024 1.000 0.000 0.014 0.011 
1.000 -0.003 0.001 0.006 0.744 0.000 -0.664 -0.066 0.983 0.000 -0.072 -0.168 0.738 -0.000 -0.674 -0.010 0.971 0.000 -0.076 -0.225 0.689 0.000 -0.724 -0.029 0.995 -0.000 0.033 0.094 0.700 0.000 -0.714 0.023 1.000 0.000 0.014 0.011 
1.000 -0.003 0.001 0.006 0.745 0.000 -0.664 -0.066 0.983 -0.000 -0.072 -0.168 0.738 0.000 -0.674 -0.010 0.971 0.000 -0.076 -0.225 0.689 -0.000 -0.724 -0.027 0.995 0.000 0.034 0.092 0.700 -0.000 -0.714 0.024 1.000 0.000 0.013 0.010 
1.000 -0.003 0.001 0.006 0.745 0.000 -0.664 -0.066 0.983 0.000 -0.073 -0.167 0.738 -0.000 -0.674 -0.010 0.971 0.000 -0.075 -0.225 0.689 0.000 -0.724 -0.029 0.995 -0.000 0.033 0.094 0.700 -0.000 -0.714 0.023 1.000 0.000 0.014 0.011 
1.000 -0.003 0.001 0.006 0.745 0.000 -0.664 -0.066 0.983 0.000 -0.072 -0.168 0.738 0.000 -0.674 -0.010 0.971 0.000 -0.075 -0.225 0.689 0.000 -0.724 -0.029 0.995 0.000 0.034 0.094 0.700 0.000 -0.714 0.023 1.000 0.000 0.013 0.011 
1.000 -0.003 0.001 0.006 0.745 -0.000 -0.664 -0.066 0.983 -0.000 -0.073 -0.167 0.738 0.000 -0.674 -0.010 0.971 0.000 -0.075 -0.225 0.689 0.000 -0.724 -0.029 0.995 0.000 0.033 0.094 0.700 0.000 -0.714 0.023 1.000 0.000 0.013 0.011 
1.000 -0.003 0.001 0.006 0.745 0.000 -0.664 -0.066 0.983 0.000 -0.072 -0.167 0.739 0.000 -0.674 -0.010 0.971 0.000 -0.075 -0.225 0.689 0.000 -0.724 -0.029 0.995 0.000 0.033 0.094 0.700 0.000 -0.714 0.022 1.000 0.000 0.014 0.012 
1.000 -0.003 0.001 0.006 0.745 0.000 -0.664 -0.066 0.983 0.000 -0.073 -0.167 0.738 0.000 -0.674 -0.010 0.971 0.000 -0.075 -0.225 0.689 0.000 -0.724 -0.029 0.995 -0.000 0.033 0.093 0.700 0.000 -0.714 0.022 1.000 0.000 0.013 0.011 
1.000 -0.003 0.001 0.006 0.745 0.000 -0.663 -0.066 0.983 0.000 -0.073 -0.167 0.738 0.000 -0.674 -0.010 0.971 -0.000 -0.075 -0.225 0.689 -0.000 -0.724 -0.029 0.995 0.000 0.033 0.094 0.700 0.000 -0.714 0.022 1.000 0.000 0.013 0.011 
1.000 -0.003 0.001 0.006 0.745 0.000 -0.663 -0.067 0.983 0.000 -0.073 -0.167 0.738 0.000 -0.675 -0.010 0.971 0.000 -0.075 -0.226 0.689 0.000 -0.724 -0.030 0.995 0.000 0.033 0.094 0.700 -0.000 -0.714 0.022 1.000 0.000 0.014 0.012 
1.000 -0.003 0.001 0.006 0.745 -0.000 -0.663 -0.067 0.983 0.000 -0.073 -0.167 0.738 0.000 -0.674 -0.011 0.971 -0.000 -0.078 -0.226 0.689 0.000 -0.724 -0.030 0.995 0.000 0.033 0.094 0.700 0.000 -0.714 0.022 1.000 0.000 0.013 0.011 
1.000 -0.003 0.001 0.006 0.745 -0.000 -0.663 -0.067 0.983 0.000 -0.073 -0.167 0.738 0.000 -0.674 -0.011 0.971 0.000 -0.077 -0.226 0.689 0.000 -0.724 -0.030 0.995 0.000 0.033 0.094 0.700 0.000 -0.714 0.022 1.000 -0.000 0.014 0.012 
1.000 -0.003 0.001 0.006 0.745 0.000 -0.663 -0.067 0.983 0.000 -0.073 -0.167 0.739 -0.000 -0.674 -0.011 0.971 -0.000 -0.075 -0.225 0.689 0.000 -0.724 -0.030 0.995 0.000 0.033 0.094 0.700 0.000 -0.714 0.021 1.000 0.000 0.013 0.011 
1.000 -0.003 0.001 0.006 0.745 0.000 -0.663 -0.067 0.983 0.000 -0.073 -0.167 0.738 0.000 -0.674 -0.011 0.971 0.000 -0.075 -0.225 0.689 -0.000 -0.724 -0.030 0.995 0.000 0.033 0.094 0.700 0.000 -0.714 0.022 1.000 0.000 0.013 0.011 
1.000 -0.003 0.001 0.006 0.745 -0.000 -0.663 -0.067 0.983 0.000 -0.073 -0.167 0.738 0.000 -0.674 -0.011 0.971 0.000 -0.075 -0.225 0.689 0.000 -0.724 -0.030 0.995 0.000 0.033 0.094 0.700 0.000 -0.714 0.021 1.000 0.000 0.013 0.012 
1.000 -0.003 0.001 0.006 0.745 -0.000 -0.663 -0.066 0.983 0.000 -0.073 -0.167 0.738 -0.000 -0.674 -0.011 0.971 0.000 -0.074 -0.226 0.689 -0.000 -0.724 -0.030 0.995 -0.000 0.033 0.094 0.700 -0.000 -0.714 0.021 1.000 0.000 0.013 0.012 
1.000 -0.003 0.001 0.006 0.745 0.000 -0.663 -0.067 0.983 0.000 -0.073 -0.167 0.738 0.000 -0.674 -0.011 0.971 0.000 -0.075 -0.226 0.689 -0.000 -0.724 -0.030 0.995 -0.000 0.033 0.094 0.700 0.000 -0.714 0.021 1.000 -0.000 0.014 0.013 
1.000 -0.003 0.001 0.006 0.745 0.000 -0.663 -0.067 0.983 0.000 -0.073 -0.167 0.738 0.000 -0.674 -0.011 0.971 0.000 -0.074 -0.226 0.689 -0.000 -0.724 -0.030 0.995 0.000 0.033 0.094 0.700 0.000 -0.714 0.021 1.000 0.000 0.013 0.012 
1.000 -0.003 0.001 0.006 0.746 0.000 -0.663 -0.067 0.983 0.000 -0.073 -0.167 0.738 0.000 -0.674 -0.011 0.971 0.000 -0.075 -0.226 0.689 0.000 -0.724 -0.031 0.995 -0.000 0.033 0.095 0.700 0.000 -0.714 0.021 1.000 0.000 0.014 0.013 
1.000 -0.003 0.001 0.006 0.745 0.000 -0.663 -0.067 0.983 0.000 -0.073 -0.167 0.738 0.000 -0.674 -0.011 0.971 -0.000 -0.075 -0.225 0.689 0.000 -0.724 -0.031 0.995 0.000 0.032 0.095 0.700 0.000 -0.714 0.021 1.000 0.000 0.013 0.012 
1.000 -0.003 0.001 0.006 0.745 0.000 -0.663 -0.067 0.983 0.000 -0.073 -0.167 0.738 0.000 -0.674 -0.011 0.971 0.000 -0.074 -0.226 0.689 0.000 -0.724 -0.031 0.995 0.000 0.034 0.094 0.700 0.000 -0.714 0.021 1.000 0.000 0.014 0.013 
1.000 -0.003 0.001 0.006 0.745 0.000 -0.663 -0.067 0.983 0.000 -0.073 -0.167 0.738 -0.000 -0.674 -0.011 0.971 0.000 -0.075 -0.225 0.689 0.000 -0.724 -0.031 0.995 0.000 0.033 0.095 0.700 0.000 -0.714 0.021 1.000 0.000 0.013 0.012 
1.000 -0.002 0.001 0.006 0.745 0.000 -0.663 -0.067 0.983 0.000 -0.073 -0.167 0.738 0.000 -0.675 -0.011 0.971 -0.000 -0.074 -0.226 0.689 0.000 -0.724 -0.031 0.995 -0.000 0.032 0.095 0.700 0.000 -0.714 0.020 1.000 0.000 0.013 0.012 
1.000 -0.002 0.001 0.005 0.746 0.000 -0.663 -0.067 0.983 0.000 -0.073 -0.167 0.738 0.000 -0.675 -0.011 0.971 0.000 -0.074 -0.226 0.689 0.000 -0.724 -0.031 0.995 -0.000 0.033 0.095 0.700 0.000 -0.714 0.021 1.000 0.000 0.013 0.012 
1.000 -0.002 0.001 0.006 0.746 0.000 -0.663 -0.067 0.983 -0.000 -0.073 -0.167 0.738 0.000 -0.674 -0.011 0.971 0.000 -0.074 -0.226 0.689 0.000 -0.724 -0.030 0.995 -0.000 0.033 0.093 0.700 0.000 -0.714 0.020 1.000 0.000 0.013 0.012 
1.000 -0.002 0.001 0.006 0.745 0.000 -0.663 -0.067 0.983 0.000 -0.073 -0.167 0.738 -0.000 -0.675 -0.011 0.971 -0.000 -0.074 -0.226 0.689 0.000 -0.724 -0.032 0.995 0.000 0.032 0.095 0.700 0.000 -0.714 0.020 1.000 0.000 0.013 0.012 
1.000 -0.002 0.001 0.006 0.745 0.000 -0.663 -0.068 0.983 0.000 -0.072 -0.167 0.738 -0.000 -0.675 -0.011 0.971 0.000 -0.074 -0.226 0.689 0.000 -0.724 -0.032 0.995 -0.000 0.033 0.095 0.700 0.000 -0.714 0.020 1.000 0.000 0.013 0.012 
1.000 -0.003 0.001 0.004 0.745 0.000 -0.663 -0.067 0.983 -0.000 -0.073 -0.166 0.738 0.000 -0.674 -0.010 0.971 0.000 -0.074 -0.226 0.689 0.000 -0.725 -0.031 0.995 0.000 0.033 0.095 0.700 0.000 -0.714 0.023 1.000 0.000 0.014 0.011 
1.000 -0.002 0.001 0.005 0.745 0.000 -0.663 -0.067 0.983 -0.000 -0.073 -0.167 0.738 -0.000 -0.675 -0.012 0.971 0.000 -0.075 -0.226 0.689 -0.000 -0.724 -0.032 0.995 0.000 0.032 0.095 0.700 0.000 -0.714 0.020 1.000 0.000 0.013 0.012 
1.000 -0.002 0.001 0.005 0.745 0.000 -0.663 -0.067 0.983 0.000 -0.073 -0.167 0.738 -0.000 -0.675 -0.011 0.971 -0.000 -0.075 -0.226 0.689 -0.000 -0.724 -0.031 0.995 0.000 0.032 0.094 0.700 0.000 -0.714 0.020 1.000 0.000 0.013 0.011 
1.000 -0.002 0.001 0.006 0.746 -0.000 -0.663 -0.067 0.983 -0.000 -0.072 -0.167 0.738 0.000 -0.675 -0.012 0.971 0.000 -0.075 -0.226 0.689 0.000 -0.724 -0.032 0.995 0.000 0.032 0.095 0.700 0.000 -0.714 0.020 1.000 0.000 0.014 0.013 
1.000 -0.002 0.001 0.005 0.746 0.000 -0.663 -0.067 0.983 -0.000 -0.073 -0.167 0.738 0.000 -0.675 -0.011 0.971 0.000 -0.075 -0.226 0.689 0.000 -0.724 -0.032 0.995 0.000 0.033 0.095 0.700 0.000 -0.714 0.020 1.000 0.000 0.013 0.012 
1.000 -0.002 0.001 0.005 0.746 0.000 -0.663 -0.068 0.983 0.000 -0.073 -0.167 0.738 0.000 -0.675 -0.011 0.971 0.000 -0.075 -0.226 0.689 0.000 -0.724 -0.032 0.995 -0.000 0.032 0.095 0.700 0.000 -0.714 0.020 1.000 -0.000 0.013 0.011 
1.000 -0.003 0.000 0.004 0.745 0.000 -0.664 -0.067 0.983 0.000 -0.073 -0.167 0.738 0.000 -0.674 -0.011 0.971 0.000 -0.075 -0.225 0.688 0.000 -0.725 -0.031 0.995 -0.000 0.033 0.095 0.700 0.000 -0.714 0.023 1.000 0.000 0.013 0.010 
1.000 -0.002 0.001 0.005 0.745 0.000 -0.663 -0.067 0.983 0.000 -0.073 -0.167 0.738 0.000 -0.675 -0.011 0.971 0.000 -0.075 -0.226 0.689 -0.000 -0.724 -0.032 0.995 0.000 0.032 0.095 0.700 0.000 -0.714 0.020 1.000 0.000 0.013 0.012 
1.000 -0.002 0.001 0.005 0.746 0.000 -0.663 -0.067 0.983 0.000 -0.073 -0.167 0.738 0.000 -0.675 -0.011 0.971 -0.000 -0.075 -0.226 0.689 -0.000 -0.724 -0.032 0.995 0.000 0.032 0.094 0.700 -0.000 -0.714 0.020 1.000 0.000 0.014 0.013 
1.000 -0.002 0.001 0.005 0.746 0.000 -0.663 -0.068 0.983 0.000 -0.073 -0.167 0.738 0.000 -0.675 -0.011 0.971 -0.000 -0.075 -0.226 0.689 0.000 -0.724 -0.032 0.995 0.000 0.032 0.095 0.700 0.000 -0.714 0.020 1.000 -0.000 0.013 0.012 
1.000 -0.003 0.001 0.004 0.745 0.000 -0.663 -0.067 0.983 0.000 -0.074 -0.167 0.738 0.000 -0.675 -0.010 0.971 0.000 -0.074 -0.226 0.688 0.000 -0.725 -0.031 0.995 0.000 0.033 0.095 0.700 0.000 -0.714 0.023 1.000 0.000 0.014 0.011 
1.000 -0.003 0.001 0.004 0.745 0.000 -0.664 -0.067 0.983 0.000 -0.074 -0.167 0.738 0.000 -0.675 -0.010 0.971 0.000 -0.074 -0.226 0.689 0.000 -0.725 -0.031 0.995 -0.000 0.033 0.095 0.700 -0.000 -0.714 0.023 1.000 0.000 0.013 0.010 
1.000 -0.002 0.001 0.005 0.745 0.000 -0.663 -0.067 0.983 0.000 -0.073 -0.167 0.738 -0.000 -0.675 -0.011 0.971 -0.000 -0.075 -0.226 0.689 0.000 -0.724 -0.032 0.995 0.000 0.032 0.094 0.700 -0.000 -0.714 0.019 1.000 0.000 0.014 0.013 
1.000 -0.003 0.000 0.004 0.745 -0.000 -0.664 -0.067 0.983 0.000 -0.074 -0.167 0.738 0.000 -0.675 -0.010 0.971 -0.000 -0.074 -0.226 0.688 0.000 -0.725 -0.031 0.995 -0.000 0.033 0.094 0.700 0.000 -0.714 0.023 1.000 0.000 0.013 0.010 
1.000 -0.003 0.001 0.004 0.745 0.000 -0.664 -0.067 0.983 0.000 -0.073 -0.166 0.738 0.000 -0.675 -0.010 0.971 0.000 -0.074 -0.226 0.689 0.000 -0.725 -0.031 0.995 0.000 0.033 0.094 0.700 0.000 -0.714 0.023 1.000 0.000 0.013 0.010 
1.000 -0.003 0.001 0.004 0.745 0.000 -0.664 -0.067 0.983 0.000 -0.073 -0.166 0.738 0.000 -0.675 -0.010 0.971 0.000 -0.074 -0.226 0.688 0.000 -0.725 -0.031 0.995 0.000 0.033 0.094 0.700 0.000 -0.714 0.023 1.000 0.000 0.014 0.011 
1.000 -0.002 0.001 0.005 0.745 0.000 -0.663 -0.067 0.983 0.000 -0.073 -0.167 0.738 -0.000 -0.675 -0.011 0.971 0.000 -0.075 -0.226 0.689 0.000 -0.724 -0.032 0.995 0.000 0.032 0.095 0.700 0.000 -0.714 0.019 1.000 0.000 0.013 0.012 
1.000 -0.002 0.001 0.004 0.745 0.000 -0.664 -0.066 0.983 0.000 -0.074 -0.167 0.738 0.000 -0.675 -0.010 0.971 0.000 -0.074 -0.226 0.689 0.000 -0.725 -0.031 0.995 0.000 0.033 0.094 0.700 0.000 -0.714 0.023 1.000 0.000 0.013 0.010 
1.000 -0.002 0.001 0.004 0.745 0.000 -0.664 -0.066 0.983 0.000 -0.074 -0.167 0.738 -0.000 -0.675 -0.010 0.971 -0.000 -0.077 -0.226 0.689 0.000 -0.725 -0.031 0.995 0.000 0.033 0.094 0.700 0.000 -0.714 0.023 1.000 0.000 0.014 0.011 
1.000 -0.002 0.001 0.004 0.745 0.000 -0.664 -0.066 0.983 0.000 -0.074 -0.167 0.738 -0.000 -0.675 -0.010 0.971 0.000 -0.074 -0.226 0.689 0.000 -0.725 -0.031 0.995 0.000 0.033 0.094 0.700 0.000 -0.714 0.023 1.000 -0.000 0.013 0.010 
1.000 -0.002 0.001 0.004 0.745 -0.000 -0.664 -0.066 0.983 0.000 -0.074 -0.167 0.738 0.000 -0.675 -0.010 0.971 0.000 -0.074 -0.226 0.689 0.000 -0.725 -0.031 0.995 0.000 0.032 0.094 0.700 0.000 -0.714 0.022 1.000 0.000 0.013 0.010 
1.000 -0.002 0.001 0.004 0.745 0.000 -0.664 -0.066 0.983 0.000 -0.074 -0.167 0.738 -0.000 -0.675 -0.010 0.971 -0.000 -0.074 -0.226 0.688 -0.000 -0.725 -0.031 0.995 0.000 0.033 0.094 0.700 0.000 -0.714 0.022 1.000 -0.000 0.013 0.010 
1.000 -0.002 0.000 0.004 0.745 0.000 -0.664 -0.066 0.983 0.000 -0.074 -0.167 0.738 -0.000 -0.675 -0.010 0.971 0.000 -0.074 -0.226 0.688 0.000 -0.725 -0.031 0.995 0.000 0.033 0.094 0.700 0.000 -0.714 0.022 1.000 0.000 0.013 0.010 
1.000 -0.002 0.001 0.004 0.745 -0.000 -0.664 -0.066 0.983 0.000 -0.074 -0.166 0.738 0.000 -0.675 -0.010 0.971 0.000 -0.074 -0.226 0.688 0.000 -0.725 -0.031 0.995 0.000 0.032 0.094 0.700 0.000 -0.714 0.022 1.000 -0.000 0.013 0.010 
1.000 -0.002 0.001 0.004 0.745 0.000 -0.664 -0.067 0.983 -0.000 -0.074 -0.166 0.738 -0.000 -0.675 -0.010 0.971 0.000 -0.074 -0.226 0.688 0.000 -0.725 -0.031 0.995 -0.000 0.032 0.094 0.700 0.000 -0.714 0.022 1.000 0.000 0.013 0.010 
1.000 -0.002 0.001 0.005 0.745 -0.000 -0.663 -0.067 0.983 0.000 -0.073 -0.167 0.738 0.000 -0.675 -0.011 0.971 0.000 -0.075 -0.226 0.689 0.000 -0.724 -0.032 0.995 -0.000 0.032 0.094 0.700 -0.000 -0.714 0.019 1.000 -0.000 0.013 0.012 
1.000 -0.002 0.001 0.004 0.745 -0.000 -0.664 -0.066 0.983 0.000 -0.075 -0.166 0.738 0.000 -0.675 -0.010 0.971 0.000 -0.074 -0.226 0.689 0.000 -0.724 -0.031 0.995 0.000 0.033 0.093 0.700 0.000 -0.714 0.022 1.000 0.000 0.013 0.010 
1.000 -0.002 0.001 0.006 0.745 -0.000 -0.663 -0.067 0.983 0.000 -0.073 -0.167 0.738 0.000 -0.675 -0.011 0.971 0.000 -0.075 -0.226 0.689 0.000 -0.724 -0.032 0.995 0.000 0.032 0.094 0.700 0.000 -0.714 0.018 1.000 0.000 0.014 0.013 
1.000 -0.002 0.001 0.004 0.745 0.000 -0.664 -0.067 0.983 -0.000 -0.074 -0.166 0.738 -0.000 -0.674 -0.010 0.971 0.000 -0.075 -0.226 0.688 0.000 -0.725 -0.031 0.995 0.000 0.032 0.094 0.700 0.000 -0.714 0.022 1.000 0.000 0.013 0.010 
1.000 -0.002 0.001 0.004 0.745 0.000 -0.664 -0.066 0.983 0.000 -0.074 -0.166 0.738 0.000 -0.675 -0.010 0.971 0.000 -0.074 -0.226 0.688 0.000 -0.725 -0.030 0.995 0.000 0.033 0.093 0.700 0.000 -0.714 0.022 1.000 0.000 0.014 0.011 
1.000 -0.002 0.001 0.004 0.745 0.000 -0.664 -0.066 0.983 0.000 -0.074 -0.166 0.738 0.000 -0.675 -0.010 0.971 0.000 -0.074 -0.226 0.688 -0.000 -0.725 -0.031 0.995 -0.000 0.032 0.094 0.700 0.000 -0.714 0.022 1.000 0.000 0.013 0.010 
1.000 -0.002 0.001 0.004 0.745 0.000 -0.664 -0.066 0.983 0.000 -0.074 -0.167 0.738 0.000 -0.674 -0.010 0.971 -0.000 -0.074 -0.226 0.688 -0.000 -0.725 -0.031 0.995 0.000 0.032 0.094 0.700 -0.000 -0.714 0.023 1.000 0.000 0.014 0.011 
1.000 -0.002 0.001 0.004 0.745 0.000 -0.664 -0.066 0.983 0.000 -0.074 -0.166 0.738 0.000 -0.675 -0.010 0.971 0.000 -0.074 -0.226 0.688 0.000 -0.725 -0.031 0.995 0.000 0.033 0.094 0.700 -0.000 -0.714 0.022 1.000 0.000 0.013 0.010 
1.000 -0.002 0.001 0.004 0.745 0.000 -0.664 -0.066 0.983 0.000 -0.074 -0.167 0.738 0.000 -0.674 -0.010 0.971 0.000 -0.074 -0.227 0.688 -0.000 -0.725 -0.030 0.995 0.000 0.033 0.093 0.700 0.000 -0.714 0.022 1.000 0.000 0.013 0.010 
1.000 -0.002 0.001 0.006 0.745 0.000 -0.663 -0.067 0.983 0.000 -0.073 -0.167 0.738 -0.000 -0.675 -0.011 0.971 0.000 -0.075 -0.226 0.689 0.000 -0.724 -0.032 0.995 0.000 0.032 0.094 0.700 0.000 -0.714 0.019 1.000 0.000 0.013 0.012 
1.000 -0.002 0.001 0.004 0.745 0.000 -0.664 -0.067 0.983 0.000 -0.075 -0.165 0.738 0.000 -0.674 -0.009 0.971 0.000 -0.074 -0.226 0.688 -0.000 -0.725 -0.031 0.995 0.000 0.033 0.094 0.700 0.000 -0.714 0.022 1.000 0.000 0.013 0.010 
1.000 -0.002 0.001 0.004 0.745 0.000 -0.664 -0.067 0.983 0.000 -0.074 -0.166 0.738 0.000 -0.674 -0.010 0.971 0.000 -0.074 -0.226 0.688 0.000 -0.725 -0.031 0.995 0.000 0.032 0.094 0.700 0.000 -0.713 0.022 1.000 0.000 0.013 0.010 
1.000 -0.001 0.001 0.006 0.745 0.000 -0.663 -0.067 0.983 0.000 -0.073 -0.167 0.738 0.000 -0.675 -0.011 0.971 0.000 -0.075 -0.226 0.689 0.000 -0.724 -0.033 0.995 0.000 0.032 0.094 0.700 0.000 -0.714 0.019 1.000 0.000 0.014 0.013 
1.000 -0.002 0.001 0.004 0.745 0.000 -0.664 -0.067 0.983 0.000 -0.074 -0.166 0.738 0.000 -0.674 -0.010 0.971 0.000 -0.074 -0.226 0.688 0.000 -0.725 -0.032 0.995 0.000 0.032 0.095 0.700 0.000 -0.713 0.022 1.000 0.000 0.013 0.010 
1.000 -0.002 0.001 0.004 0.745 0.000 -0.664 -0.067 0.983 0.000 -0.074 -0.166 0.738 0.000 -0.674 -0.010 0.971 0.000 -0.074 -0.226 0.688 0.000 -0.725 -0.032 0.995 0.000 0.032 0.095 0.700 0.000 -0.713 0.022 1.000 0.000 0.013 0.010 
1.000 -0.002 0.000 0.004 0.745 0.000 -0.664 -0.067 0.983 0.000 -0.074 -0.165 0.738 -0.000 -0.674 -0.009 0.971 0.000 -0.074 -0.227 0.688 0.000 -0.725 -0.031 0.995 0.000 0.033 0.094 0.700 0.000 -0.714 0.022 1.000 0.000 0.013 0.010 
1.000 -0.002 0.001 0.004 0.745 -0.000 -0.664 -0.067 0.983 0.000 -0.074 -0.166 0.738 0.000 -0.674 -0.010 0.971 0.000 -0.074 -0.226 0.688 0.000 -0.725 -0.031 0.995 0.000 0.032 0.094 0.700 0.000 -0.713 0.022 1.000 0.000 0.013 0.010 
1.000 -0.001 0.001 0.006 0.745 0.000 -0.663 -0.068 0.983 -0.000 -0.073 -0.166 0.738 0.000 -0.675 -0.011 0.971 0.000 -0.075 -0.226 0.688 0.000 -0.725 -0.032 0.995 0.000 0.032 0.094 0.700 0.000 -0.714 0.019 1.000 0.000 0.014 0.013 
1.000 -0.002 0.001 0.004 0.745 -0.000 -0.664 -0.067 0.984 0.000 -0.073 -0.166 0.739 0.000 -0.674 -0.010 0.971 0.000 -0.077 -0.226 0.688 0.000 -0.725 -0.032 0.995 0.000 0.032 0.095 0.700 -0.000 -0.713 0.022 1.000 0.000 0.014 0.011 
1.000 -0.002 0.001 0.004 0.745 0.000 -0.664 -0.068 0.983 -0.000 -0.074 -0.165 0.738 -0.000 -0.674 -0.010 0.971 0.000 -0.074 -0.226 0.688 0.000 -0.725 -0.031 0.995 0.000 0.033 0.093 0.700 0.000 -0.713 0.022 1.000 0.000 0.013 0.010 
1.000 -0.001 0.001 0.006 0.745 0.000 -0.663 -0.068 0.983 -0.000 -0.073 -0.166 0.738 0.000 -0.675 -0.011 0.971 0.000 -0.075 -0.226 0.688 0.000 -0.725 -0.032 0.995 -0.000 0.032 0.093 0.700 0.000 -0.714 0.018 1.000 0.000 0.013 0.012 
1.000 -0.001 0.001 0.006 0.745 -0.000 -0.664 -0.068 0.983 0.000 -0.072 -0.166 0.738 0.000 -0.674 -0.011 0.971 0.000 -0.075 -0.226 0.688 0.000 -0.725 -0.032 0.995 0.000 0.032 0.094 0.700 0.000 -0.714 0.018 1.000 0.000 0.013 0.012 
1.000 -0.002 0.001 0.004 0.745 0.000 -0.663 -0.068 0.983 0.000 -0.074 -0.166 0.738 0.000 -0.674 -0.010 0.971 0.000 -0.074 -0.226 0.688 -0.000 -0.725 -0.031 0.995 0.000 0.033 0.094 0.700 0.000 -0.713 0.022 1.000 -0.000 0.013 0.010 
1.000 -0.002 0.001 0.004 0.745 0.000 -0.664 -0.067 0.983 0.000 -0.074 -0.166 0.738 0.000 -0.674 -0.010 0.971 -0.000 -0.074 -0.226 0.688 0.000 -0.725 -0.031 0.995 0.000 0.033 0.093 0.700 0.000 -0.713 0.022 1.000 0.000 0.013 0.010 
1.000 -0.001 0.001 0.006 0.745 0.000 -0.663 -0.068 0.983 0.000 -0.073 -0.166 0.738 0.000 -0.675 -0.011 0.971 0.000 -0.075 -0.226 0.688 -0.000 -0.725 -0.033 0.995 0.000 0.032 0.094 0.700 -0.000 -0.714 0.018 1.000 0.000 0.013 0.012 
1.000 -0.002 0.001 0.004 0.745 0.000 -0.663 -0.068 0.983 0.000 -0.074 -0.165 0.738 0.000 -0.674 -0.010 0.971 0.000 -0.074 -0.226 0.688 0.000 -0.725 -0.031 0.995 0.000 0.033 0.094 0.700 -0.000 -0.713 0.022 1.000 0.000 0.013 0.010 
1.000 -0.002 0.001 0.004 0.745 0.000 -0.664 -0.068 0.984 0.000 -0.073 -0.165 0.738 0.000 -0.674 -0.010 0.971 0.000 -0.074 -0.226 0.688 0.000 -0.725 -0.030 0.995 0.000 0.033 0.093 0.700 0.000 -0.713 0.022 1.000 0.000 0.013 0.010 
1.000 -0.002 0.001 0.004 0.745 0.000 -0.663 -0.068 0.983 0.000 -0.074 -0.165 0.738 -0.000 -0.675 -0.010 0.971 0.000 -0.074 -0.226 0.688 0.000 -0.725 -0.031 0.995 0.000 0.034 0.093 0.700 -0.000 -0.713 0.022 1.000 0.000 0.013 0.010 
1.000 -0.002 0.001 0.004 0.745 0.000 -0.663 -0.068 0.983 0.000 -0.074 -0.165 0.738 0.000 -0.674 -0.010 0.971 0.000 -0.074 -0.226 0.688 -0.000 -0.725 -0.031 0.995 0.000 0.033 0.093 0.700 -0.000 -0.713 0.022 1.000 0.000 0.014 0.011 
1.000 -0.002 0.001 0.004 0.745 0.000 -0.664 -0.068 0.983 0.000 -0.073 -0.166 0.738 0.000 -0.675 -0.010 0.971 0.000 -0.074 -0.226 0.688 0.000 -0.725 -0.030 0.995 0.000 0.033 0.093 0.700 0.000 -0.713 0.022 1.000 0.000 0.014 0.011 
1.000 -0.002 0.001 0.004 0.745 0.000 -0.664 -0.068 0.983 0.000 -0.073 -0.167 0.738 0.000 -0.675 -0.009 0.971 -0.000 -0.074 -0.226 0.688 0.000 -0.725 -0.031 0.995 0.000 0.032 0.094 0.700 0.000 -0.713 0.022 1.000 0.000 0.013 0.010 
1.000 -0.002 0.001 0.004 0.745 -0.000 -0.663 -0.068 0.983 -0.000 -0.074 -0.166 0.738 0.000 -0.674 -0.010 0.971 0.000 -0.074 -0.226 0.688 0.000 -0.725 -0.030 0.995 0.000 0.033 0.093 0.700 0.000 -0.713 0.022 1.000 0.000 0.014 0.011 
1.000 -0.002 0.001 0.004 0.745 0.000 -0.663 -0.068 0.983 0.000 -0.074 -0.166 0.738 0.000 -0.675 -0.010 0.971 0.000 -0.074 -0.226 0.688 0.000 -0.725 -0.031 0.995 0.000 0.032 0.094 0.700 0.000 -0.713 0.022 1.000 0.000 0.014 0.011 
1.000 -0.002 0.001 0.004 0.745 0.000 -0.663 -0.069 0.983 0.000 -0.074 -0.166 0.738 0.000 -0.675 -0.009 0.971 0.000 -0.077 -0.227 0.688 0.000 -0.725 -0.030 0.995 0.000 0.033 0.093 0.700 0.000 -0.713 0.022 1.000 0.000 0.013 0.010 
1.000 -0.002 0.001 0.004 0.745 0.000 -0.663 -0.068 0.984 0.000 -0.075 -0.165 0.738 0.000 -0.675 -0.009 0.971 0.000 -0.074 -0.226 0.688 0.000 -0.725 -0.033 0.995 0.000 0.032 0.096 0.700 0.000 -0.713 0.022 1.000 -0.000 0.013 0.010 
1.000 -0.002 0.001 0.005 0.745 0.000 -0.663 -0.068 0.983 -0.000 -0.074 -0.165 0.738 0.000 -0.675 -0.009 0.971 0.000 -0.074 -0.226 0.688 0.000 -0.725 -0.031 0.995 0.000 0.032 0.094 0.700 0.000 -0.713 0.022 1.000 0.000 0.013 0.010 
1.000 -0.002 0.001 0.004 0.745 0.000 -0.663 -0.068 0.983 -0.000 -0.074 -0.165 0.738 -0.000 -0.675 -0.010 0.971 0.000 -0.074 -0.227 0.688 0.000 -0.725 -0.030 0.995 0.000 0.033 0.092 0.700 0.000 -0.713 0.022 1.000 0.000 0.013 0.010 
1.000 -0.002 0.001 0.004 0.745 0.000 -0.663 -0.068 0.983 0.000 -0.074 -0.166 0.738 0.000 -0.675 -0.009 0.971 -0.000 -0.075 -0.226 0.688 0.000 -0.725 -0.031 0.995 0.000 0.033 0.094 0.700 -0.000 -0.713 0.022 1.000 0.000 0.013 0.010 
1.000 -0.001 0.001 0.006 0.746 -0.000 -0.663 -0.069 0.983 0.000 -0.073 -0.166 0.738 0.000 -0.675 -0.011 0.971 0.000 -0.075 -0.226 0.688 0.000 -0.725 -0.032 0.995 0.000 0.032 0.095 0.700 0.000 -0.714 0.019 1.000 0.000 0.013 0.011 
1.000 -0.002 0.001 0.005 0.745 0.000 -0.663 -0.068 0.983 0.000 -0.074 -0.166 0.738 0.000 -0.675 -0.010 0.971 0.000 -0.076 -0.226 0.688 -0.000 -0.725 -0.031 0.995 0.000 0.032 0.094 0.701 -0.000 -0.713 0.023 1.000 0.000 0.012 0.009 
1.000 -0.002 0.001 0.005 0.745 0.000 -0.663 -0.068 0.983 0.000 -0.074 -0.166 0.738 -0.000 -0.675 -0.009 0.971 0.000 -0.075 -0.226 0.688 0.000 -0.725 -0.031 0.995 -0.000 0.032 0.094 0.700 0.000 -0.713 0.023 1.000 0.000 0.013 0.010 
1.000 -0.002 0.001 0.005 0.745 0.000 -0.664 -0.068 0.983 0.000 -0.073 -0.166 0.738 0.000 -0.675 -0.009 0.971 0.000 -0.075 -0.226 0.688 0.000 -0.725 -0.030 0.995 0.000 0.033 0.094 0.700 0.000 -0.713 0.023 1.000 0.000 0.013 0.010 
1.000 -0.001 0.001 0.006 0.746 0.000 -0.663 -0.068 0.983 0.000 -0.073 -0.166 0.738 0.000 -0.675 -0.010 0.971 -0.000 -0.075 -0.227 0.688 0.000 -0.725 -0.031 0.995 0.000 0.032 0.094 0.700 0.000 -0.714 0.020 1.000 0.000 0.013 0.011 
1.000 -0.001 0.001 0.007 0.746 0.000 -0.663 -0.068 0.983 0.000 -0.074 -0.165 0.738 0.000 -0.675 -0.010 0.971 0.000 -0.075 -0.226 0.688 0.000 -0.725 -0.031 0.995 0.000 0.032 0.094 0.700 0.000 -0.714 0.020 1.000 0.000 0.013 0.011 
1.000 -0.001 0.001 0.006 0.745 -0.000 -0.663 -0.068 0.983 0.000 -0.073 -0.166 0.738 0.000 -0.675 -0.010 0.971 0.000 -0.075 -0.226 0.688 0.000 -0.725 -0.031 0.995 0.000 0.032 0.094 0.700 0.000 -0.714 0.020 1.000 -0.000 0.014 0.012 
1.000 -0.001 0.001 0.007 0.745 0.000 -0.663 -0.068 0.983 0.000 -0.073 -0.166 0.738 0.000 -0.675 -0.010 0.971 -0.000 -0.076 -0.226 0.688 -0.000 -0.725 -0.031 0.995 0.000 0.032 0.094 0.700 -0.000 -0.713 0.020 1.000 0.000 0.014 0.012 
1.000 -0.001 0.001 0.007 0.745 0.000 -0.663 -0.068 0.983 0.000 -0.073 -0.167 0.738 0.000 -0.675 -0.010 0.971 0.000 -0.075 -0.226 0.688 0.000 -0.725 -0.031 0.995 -0.000 0.032 0.094 0.700 -0.000 -0.713 0.020 1.000 0.000 0.013 0.011 
1.000 -0.001 0.001 0.006 0.745 0.000 -0.663 -0.068 0.983 0.000 -0.073 -0.167 0.738 0.000 -0.675 -0.010 0.971 0.000 -0.075 -0.225 0.688 0.000 -0.725 -0.031 0.995 0.000 0.032 0.094 0.700 0.000 -0.713 0.021 1.000 0.000 0.014 0.012 
1.000 -0.001 0.001 0.007 0.746 0.000 -0.663 -0.068 0.983 0.000 -0.074 -0.166 0.738 0.000 -0.675 -0.010 0.971 0.000 -0.075 -0.226 0.688 0.000 -0.725 -0.030 0.995 0.000 0.032 0.094 0.700 -0.000 -0.713 0.020 1.000 0.000 0.013 0.011 
1.000 -0.001 0.001 0.007 0.745 0.000 -0.663 -0.068 0.983 0.000 -0.073 -0.167 0.738 0.000 -0.675 -0.010 0.971 0.000 -0.075 -0.226 0.688 0.000 -0.725 -0.030 0.995 0.000 0.033 0.094 0.700 0.000 -0.713 0.021 1.000 0.000 0.014 0.011 
1.000 -0.001 0.001 0.007 0.745 0.000 -0.663 -0.068 0.983 0.000 -0.073 -0.166 0.738 0.000 -0.675 -0.010 0.971 0.000 -0.075 -0.226 0.688 0.000 -0.725 -0.030 0.995 0.000 0.032 0.094 0.700 -0.000 -0.713 0.021 1.000 0.000 0.014 0.011 
1.000 -0.001 0.001 0.007 0.745 0.000 -0.663 -0.068 0.983 -0.000 -0.073 -0.167 0.738 -0.000 -0.675 -0.010 0.971 0.000 -0.075 -0.225 0.688 -0.000 -0.725 -0.030 0.995 0.000 0.032 0.093 0.700 0.000 -0.714 0.020 1.000 0.000 0.015 0.013 
1.000 -0.002 0.001 0.007 0.745 -0.000 -0.663 -0.067 0.983 0.000 -0.073 -0.167 0.738 0.000 -0.675 -0.010 0.971 0.000 -0.075 -0.225 0.688 0.000 -0.725 -0.029 0.995 -0.000 0.033 0.093 0.700 0.000 -0.713 0.021 1.000 0.000 0.014 0.011 
1.000 -0.002 0.001 0.007 0.745 0.000 -0.663 -0.068 0.983 0.000 -0.073 -0.166 0.738 0.000 -0.675 -0.010 0.971 0.000 -0.075 -0.226 0.688 -0.000 -0.725 -0.029 0.995 0.000 0.033 0.093 0.700 0.000 -0.714 0.022 1.000 0.000 0.014 0.011 
1.000 -0.002 0.001 0.007 0.745 0.000 -0.663 -0.068 0.983 0.000 -0.073 -0.166 0.738 0.000 -0.675 -0.010 0.971 0.000 -0.076 -0.225 0.688 0.000 -0.725 -0.028 0.995 0.000 0.034 0.093 0.700 0.000 -0.713 0.022 1.000 -0.000 0.012 0.010 
1.000 -0.002 0.001 0.005 0.745 0.000 -0.664 -0.067 0.983 -0.000 -0.074 -0.166 0.738 0.000 -0.675 -0.009 0.971 0.000 -0.075 -0.226 0.688 0.000 -0.725 -0.027 0.995 0.000 0.033 0.093 0.700 0.000 -0.714 0.024 1.000 0.000 0.015 0.011 
1.000 -0.002 0.001 0.007 0.745 0.000 -0.663 -0.067 0.983 -0.000 -0.073 -0.166 0.738 0.000 -0.675 -0.010 0.971 0.000 -0.075 -0.226 0.688 0.000 -0.725 -0.028 0.995 0.000 0.033 0.093 0.700 -0.000 -0.713 0.022 1.000 0.000 0.014 0.011 
1.000 -0.002 0.001 0.007 0.745 0.000 -0.663 -0.067 0.983 0.000 -0.073 -0.167 0.738 0.000 -0.675 -0.010 0.971 0.000 -0.075 -0.226 0.688 0.000 -0.725 -0.027 0.995 -0.000 0.034 0.092 0.700 0.000 -0.714 0.022 1.000 0.000 0.014 0.012 
1.000 -0.003 0.001 0.005 0.745 0.000 -0.664 -0.067 0.983 0.000 -0.074 -0.166 0.738 -0.000 -0.674 -0.009 0.971 0.000 -0.075 -0.226 0.688 -0.000 -0.725 -0.026 0.995 0.000 0.034 0.092 0.700 0.000 -0.713 0.026 1.000 0.000 0.015 0.010 
1.000 -0.003 0.001 0.005 0.745 0.000 -0.664 -0.067 0.983 0.000 -0.073 -0.166 0.738 0.000 -0.675 -0.009 0.971 0.000 -0.075 -0.226 0.688 -0.000 -0.726 -0.026 0.995 -0.000 0.035 0.092 0.700 -0.000 -0.713 0.025 1.000 0.000 0.014 0.010 
1.000 -0.002 0.001 0.007 0.745 0.000 -0.663 -0.067 0.983 0.000 -0.073 -0.167 0.738 0.000 -0.675 -0.010 0.971 0.000 -0.075 -0.226 0.688 0.000 -0.725 -0.027 0.995 0.000 0.033 0.092 0.700 -0.000 -0.713 0.023 1.000 0.000 0.014 0.011 
1.000 -0.002 0.001 0.007 0.745 0.000 -0.664 -0.067 0.983 -0.000 -0.073 -0.167 0.738 0.000 -0.675 -0.010 0.971 0.000 -0.075 -0.225 0.688 0.000 -0.725 -0.027 0.995 0.000 0.033 0.092 0.700 0.000 -0.713 0.023 1.000 -0.000 0.015 0.011 
1.000 -0.002 0.001 0.007 0.745 0.000 -0.664 -0.067 0.983 0.000 -0.073 -0.167 0.738 0.000 -0.675 -0.010 0.971 0.000 -0.075 -0.226 0.688 0.000 -0.725 -0.027 0.995 0.000 0.034 0.092 0.700 0.000 -0.713 0.023 1.000 0.000 0.014 0.010 
1.000 -0.003 0.001 0.004 0.745 0.000 -0.664 -0.066 0.983 0.000 -0.074 -0.166 0.738 0.000 -0.674 -0.009 0.971 0.000 -0.075 -0.226 0.688 0.000 -0.726 -0.025 0.995 -0.000 0.034 0.091 0.700 0.000 -0.713 0.027 1.000 -0.000 0.014 0.008 
1.000 -0.002 0.001 0.006 0.745 0.000 -0.664 -0.067 0.983 0.000 -0.073 -0.166 0.738 0.000 -0.675 -0.010 0.971 0.000 -0.074 -0.228 0.688 0.000 -0.726 -0.026 0.995 0.000 0.034 0.091 0.700 0.000 -0.713 0.024 1.000 0.000 0.014 0.010 
1.000 -0.002 0.001 0.006 0.745 0.000 -0.664 -0.067 0.983 0.000 -0.073 -0.166 0.738 0.000 -0.675 -0.010 0.971 0.000 -0.074 -0.228 0.688 0.000 -0.726 -0.026 0.995 0.000 0.034 0.091 0.700 0.000 -0.713 0.024 1.000 0.000 0.014 0.010 
1.000 -0.002 0.001 0.006 0.745 -0.000 -0.664 -0.067 0.983 0.000 -0.073 -0.166 0.738 0.000 -0.675 -0.010 0.971 0.000 -0.074 -0.228 0.688 0.000 -0.726 -0.026 0.995 0.000 0.034 0.091 0.701 0.000 -0.713 0.024 1.000 0.000 0.014 0.010 
1.000 -0.002 0.001 0.006 0.745 -0.000 -0.664 -0.066 0.983 0.000 -0.073 -0.166 0.738 -0.000 -0.674 -0.009 0.971 0.000 -0.075 -0.226 0.687 0.000 -0.726 -0.025 0.995 0.000 0.035 0.091 0.701 0.000 -0.713 0.025 1.000 -0.000 0.014 0.010 
1.000 -0.002 0.001 0.006 0.745 0.000 -0.664 -0.066 0.983 0.000 -0.073 -0.166 0.738 -0.000 -0.675 -0.010 0.971 0.000 -0.074 -0.227 0.687 0.000 -0.726 -0.025 0.995 0.000 0.034 0.091 0.701 0.000 -0.713 0.025 1.000 0.000 0.014 0.010 
1.000 -0.002 0.001 0.006 0.745 0.000 -0.664 -0.066 0.983 0.000 -0.073 -0.166 0.738 0.000 -0.674 -0.009 0.971 0.000 -0.075 -0.226 0.687 0.000 -0.726 -0.025 0.995 0.000 0.034 0.091 0.701 0.000 -0.713 0.025 1.000 0.000 0.014 0.010 
1.000 -0.003 0.001 0.006 0.745 0.000 -0.664 -0.066 0.983 0.000 -0.073 -0.166 0.738 0.000 -0.674 -0.009 0.971 0.000 -0.075 -0.227 0.687 0.000 -0.726 -0.024 0.995 -0.000 0.034 0.091 0.701 0.000 -0.713 0.026 1.000 0.000 0.014 0.009 
1.000 -0.003 0.001 0.006 0.745 0.000 -0.664 -0.066 0.983 0.000 -0.073 -0.167 0.738 0.000 -0.674 -0.010 0.971 0.000 -0.076 -0.225 0.687 0.000 -0.726 -0.024 0.995 0.000 0.034 0.090 0.701 0.000 -0.713 0.026 1.000 -0.000 0.014 0.009 
1.000 -0.003 0.001 0.006 0.745 0.000 -0.664 -0.066 0.983 0.000 -0.073 -0.167 0.738 0.000 -0.674 -0.009 0.971 0.000 -0.075 -0.226 0.687 0.000 -0.726 -0.024 0.995 0.000 0.034 0.090 0.701 0.000 -0.713 0.026 1.000 0.000 0.014 0.010 
1.000 -0.003 0.001 0.006 0.745 0.000 -0.664 -0.066 0.983 0.000 -0.073 -0.166 0.738 0.000 -0.675 -0.009 0.971 0.000 -0.075 -0.226 0.687 -0.000 -0.726 -0.023 0.995 0.000 0.035 0.090 0.701 0.000 -0.713 0.027 1.000 0.000 0.014 0.009 
1.000 -0.003 0.001 0.006 0.745 0.000 -0.664 -0.066 0.983 0.000 -0.073 -0.166 0.738 0.000 -0.674 -0.009 0.971 -0.000 -0.075 -0.226 0.687 -0.000 -0.726 -0.023 0.995 0.000 0.034 0.090 0.701 0.000 -0.713 0.027 1.000 0.000 0.013 0.009 
1.000 -0.003 0.001 0.007 0.745 0.000 -0.663 -0.066 0.983 0.000 -0.073 -0.166 0.738 0.000 -0.675 -0.009 0.971 0.000 -0.078 -0.226 0.687 0.000 -0.726 -0.023 0.995 0.000 0.034 0.091 0.701 0.000 -0.713 0.027 1.000 0.000 0.014 0.010 
1.000 -0.003 0.001 0.007 0.745 -0.000 -0.663 -0.066 0.983 0.000 -0.073 -0.166 0.738 0.000 -0.674 -0.009 0.971 0.000 -0.075 -0.226 0.687 -0.000 -0.726 -0.023 0.995 0.000 0.034 0.091 0.701 0.000 -0.713 0.027 1.000 0.000 0.014 0.010 
1.000 -0.004 0.001 0.005 0.745 0.000 -0.664 -0.065 0.983 0.000 -0.074 -0.166 0.738 0.000 -0.674 -0.008 0.971 -0.000 -0.075 -0.226 0.687 0.000 -0.726 -0.021 0.995 -0.000 0.035 0.090 0.701 0.000 -0.713 0.031 1.000 -0.000 0.014 0.008 
1.000 -0.003 0.001 0.007 0.745 0.000 -0.664 -0.066 0.983 0.000 -0.073 -0.166 0.738 0.000 -0.675 -0.009 0.971 0.000 -0.075 -0.226 0.687 0.000 -0.726 -0.022 0.995 0.000 0.034 0.090 0.701 0.000 -0.713 0.027 1.000 0.000 0.015 0.011 
1.000 -0.003 0.001 0.007 0.745 0.000 -0.663 -0.066 0.983 -0.000 -0.073 -0.166 0.738 0.000 -0.675 -0.009 0.971 0.000 -0.075 -0.226 0.687 0.000 -0.726 -0.022 0.995 0.000 0.035 0.090 0.701 0.000 -0.713 0.027 1.000 0.000 0.015 0.011 
1.000 -0.004 0.001 0.005 0.745 0.000 -0.664 -0.065 0.983 0.000 -0.074 -0.166 0.738 0.000 -0.674 -0.008 0.971 0.000 -0.075 -0.226 0.687 0.000 -0.726 -0.021 0.995 -0.000 0.035 0.090 0.701 0.000 -0.713 0.031 1.000 0.000 0.015 0.008 
1.000 -0.003 0.001 0.007 0.745 0.000 -0.663 -0.065 0.983 0.000 -0.073 -0.166 0.738 0.000 -0.675 -0.009 0.971 0.000 -0.075 -0.226 0.687 0.000 -0.726 -0.022 0.995 0.000 0.035 0.090 0.701 0.000 -0.713 0.028 1.000 0.000 0.015 0.010 
1.000 -0.004 0.001 0.007 0.745 -0.000 -0.663 -0.066 0.983 -0.000 -0.073 -0.166 0.738 0.000 -0.675 -0.009 0.971 0.000 -0.076 -0.226 0.687 -0.000 -0.726 -0.021 0.995 0.000 0.035 0.090 0.701 0.000 -0.713 0.028 1.000 0.000 0.014 0.010 
1.000 -0.004 0.001 0.007 0.745 0.000 -0.663 -0.065 0.983 0.000 -0.073 -0.166 0.738 0.000 -0.675 -0.009 0.971 0.000 -0.076 -0.226 0.687 0.000 -0.726 -0.021 0.995 0.000 0.035 0.090 0.701 0.000 -0.713 0.028 1.000 0.000 0.015 0.010 
1.000 -0.004 0.001 0.007 0.746 0.000 -0.663 -0.065 0.983 -0.000 -0.073 -0.166 0.738 0.000 -0.675 -0.009 0.971 0.000 -0.076 -0.226 0.687 0.000 -0.726 -0.021 0.995 0.000 0.035 0.090 0.701 0.000 -0.713 0.028 1.000 0.000 0.015 0.010 
1.000 -0.004 0.001 0.007 0.745 0.000 -0.663 -0.065 0.983 0.000 -0.073 -0.166 0.738 -0.000 -0.675 -0.009 0.971 0.000 -0.076 -0.225 0.687 0.000 -0.726 -0.020 0.995 -0.000 0.035 0.090 0.701 0.000 -0.713 0.029 1.000 0.000 0.015 0.011 
1.000 -0.004 0.001 0.007 0.746 0.000 -0.663 -0.065 0.983 -0.000 -0.073 -0.167 0.738 0.000 -0.675 -0.009 0.971 0.000 -0.076 -0.226 0.687 0.000 -0.726 -0.020 0.995 0.000 0.035 0.090 0.701 -0.000 -0.713 0.029 1.000 0.000 0.015 0.010 
1.000 -0.004 0.001 0.007 0.746 -0.000 -0.663 -0.065 0.983 0.000 -0.073 -0.167 0.738 0.000 -0.675 -0.009 0.971 0.000 -0.076 -0.226 0.687 0.000 -0.726 -0.020 0.995 0.000 0.035 0.090 0.701 -0.000 -0.713 0.029 1.000 0.000 0.015 0.011 
1.000 -0.005 0.001 0.005 0.745 0.000 -0.664 -0.065 0.983 0.000 -0.074 -0.166 0.738 0.000 -0.675 -0.008 0.971 0.000 -0.076 -0.226 0.687 0.000 -0.727 -0.019 0.995 0.000 0.035 0.090 0.701 0.000 -0.713 0.032 1.000 0.000 0.015 0.008 
1.000 -0.004 0.001 0.007 0.746 0.000 -0.663 -0.065 0.983 0.000 -0.073 -0.167 0.738 0.000 -0.675 -0.009 0.971 0.000 -0.076 -0.226 0.687 -0.000 -0.726 -0.020 0.995 -0.000 0.035 0.090 0.701 0.000 -0.713 0.029 1.000 0.000 0.014 0.010 
1.000 -0.005 0.001 0.005 0.745 0.000 -0.664 -0.064 0.983 0.000 -0.073 -0.167 0.738 0.000 -0.675 -0.008 0.971 0.000 -0.076 -0.226 0.687 0.000 -0.727 -0.018 0.995 0.000 0.035 0.090 0.701 0.000 -0.713 0.033 1.000 0.000 0.015 0.008 
1.000 -0.004 0.001 0.007 0.746 0.000 -0.663 -0.065 0.983 -0.000 -0.073 -0.167 0.738 0.000 -0.675 -0.009 0.971 0.000 -0.077 -0.225 0.687 0.000 -0.726 -0.020 0.995 0.000 0.035 0.091 0.701 0.000 -0.713 0.029 1.000 0.000 0.015 0.010 
1.000 -0.005 0.001 0.005 0.745 0.000 -0.664 -0.065 0.983 -0.000 -0.074 -0.167 0.738 0.000 -0.675 -0.008 0.971 0.000 -0.076 -0.226 0.687 0.000 -0.727 -0.017 0.995 0.000 0.035 0.089 0.701 0.000 -0.713 0.033 1.000 -0.000 0.015 0.009 
1.000 -0.005 0.001 0.005 0.745 0.000 -0.664 -0.065 0.983 0.000 -0.074 -0.166 0.738 0.000 -0.675 -0.008 0.971 0.000 -0.076 -0.225 0.687 0.000 -0.727 -0.019 0.995 0.000 0.035 0.091 0.701 0.000 -0.713 0.033 1.000 -0.000 0.015 0.009 
1.000 -0.004 0.001 0.007 0.746 0.000 -0.663 -0.065 0.983 0.000 -0.073 -0.167 0.738 0.000 -0.675 -0.009 0.971 0.000 -0.076 -0.225 0.687 0.000 -0.726 -0.020 0.995 -0.000 0.035 0.091 0.701 0.000 -0.713 0.029 1.000 0.000 0.015 0.010 
1.000 -0.004 0.001 0.007 0.746 0.000 -0.663 -0.066 0.983 0.000 -0.073 -0.166 0.738 0.000 -0.675 -0.009 0.971 -0.000 -0.077 -0.225 0.687 0.000 -0.726 -0.020 0.995 0.000 0.035 0.091 0.701 0.000 -0.713 0.028 1.000 0.000 0.015 0.012 
1.000 -0.004 0.001 0.007 0.745 0.000 -0.663 -0.066 0.983 0.000 -0.073 -0.166 0.738 0.000 -0.675 -0.009 0.971 0.000 -0.076 -0.225 0.687 -0.000 -0.726 -0.020 0.995 0.000 0.034 0.091 0.701 0.000 -0.713 0.030 1.000 0.000 0.015 0.011 
1.000 -0.004 0.001 0.007 0.746 0.000 -0.663 -0.066 0.983 0.000 -0.073 -0.166 0.738 0.000 -0.675 -0.009 0.971 0.000 -0.076 -0.225 0.687 0.000 -0.726 -0.020 0.995 0.000 0.035 0.092 0.701 -0.000 -0.713 0.030 1.000 0.000 0.015 0.011 
1.000 -0.004 0.001 0.007 0.746 0.000 -0.663 -0.066 0.983 -0.000 -0.073 -0.166 0.738 0.000 -0.675 -0.009 0.971 0.000 -0.076 -0.225 0.687 0.000 -0.726 -0.020 0.995 0.000 0.035 0.092 0.701 0.000 -0.713 0.030 1.000 0.000 0.015 0.011 
1.000 -0.004 0.001 0.007 0.746 -0.000 -0.663 -0.066 0.983 0.000 -0.073 -0.166 0.738 0.000 -0.675 -0.009 0.971 0.000 -0.076 -0.225 0.687 -0.000 -0.726 -0.020 0.995 0.000 0.035 0.092 0.701 -0.000 -0.713 0.030 1.000 0.000 0.015 0.010 
1.000 -0.004 0.001 0.007 0.746 0.000 -0.663 -0.066 0.983 -0.000 -0.073 -0.166 0.738 0.000 -0.675 -0.009 0.971 0.000 -0.076 -0.225 0.687 0.000 -0.726 -0.020 0.995 0.000 0.035 0.092 0.701 0.000 -0.713 0.030 1.000 0.000 0.015 0.010 
1.000 -0.004 0.001 0.007 0.746 0.000 -0.663 -0.066 0.983 0.000 -0.073 -0.166 0.738 0.000 -0.675 -0.009 0.971 -0.000 -0.077 -0.225 0.687 0.000 -0.726 -0.020 0.995 0.000 0.035 0.092 0.701 0.000 -0.713 0.030 1.000 0.000 0.014 0.011 
1.000 -0.004 0.001 0.007 0.746 -0.000 -0.663 -0.066 0.983 -0.000 -0.073 -0.166 0.738 0.000 -0.675 -0.008 0.971 0.000 -0.076 -0.225 0.687 0.000 -0.727 -0.020 0.995 0.000 0.035 0.092 0.701 0.000 -0.713 0.030 1.000 0.000 0.015 0.010 
1.000 -0.004 0.001 0.007 0.746 0.000 -0.663 -0.066 0.983 -0.000 -0.074 -0.166 0.738 0.000 -0.675 -0.009 0.971 0.000 -0.076 -0.225 0.687 0.000 -0.726 -0.020 0.995 0.000 0.035 0.092 0.701 0.000 -0.713 0.029 1.000 0.000 0.014 0.011 
1.000 -0.004 0.001 0.007 0.746 -0.000 -0.663 -0.066 0.983 -0.000 -0.073 -0.166 0.738 -0.000 -0.675 -0.009 0.971 0.000 -0.076 -0.225 0.687 0.000 -0.726 -0.020 0.995 0.000 0.034 0.092 0.701 0.000 -0.713 0.030 1.000 0.000 0.015 0.011 
1.000 -0.004 0.001 0.007 0.746 0.000 -0.663 -0.066 0.983 0.000 -0.074 -0.166 0.737 0.000 -0.675 -0.008 0.971 0.000 -0.076 -0.226 0.687 0.000 -0.726 -0.020 0.995 0.000 0.035 0.092 0.701 -0.000 -0.713 0.030 1.000 0.000 0.014 0.011 
1.000 -0.004 0.001 0.007 0.746 0.000 -0.663 -0.066 0.983 0.000 -0.074 -0.166 0.738 0.000 -0.675 -0.008 0.971 0.000 -0.076 -0.226 0.687 0.000 -0.726 -0.020 0.995 0.000 0.035 0.092 0.701 -0.000 -0.713 0.030 1.000 0.000 0.015 0.010 
1.000 -0.004 0.001 0.007 0.746 0.000 -0.663 -0.066 0.983 0.000 -0.074 -0.166 0.737 0.000 -0.675 -0.009 0.971 -0.000 -0.076 -0.225 0.687 0.000 -0.727 -0.020 0.995 0.000 0.035 0.092 0.701 0.000 -0.713 0.030 1.000 0.000 0.015 0.010 
1.000 -0.004 0.001 0.007 0.746 0.000 -0.663 -0.066 0.983 0.000 -0.074 -0.166 0.738 -0.000 -0.675 -0.009 0.971 0.000 -0.076 -0.225 0.687 0.000 -0.727 -0.020 0.995 0.000 0.035 0.092 0.701 -0.000 -0.713 0.029 1.000 -0.000 0.015 0.011 
1.000 -0.004 0.001 0.007 0.746 0.000 -0.663 -0.066 0.983 0.000 -0.074 -0.166 0.737 0.000 -0.675 -0.009 0.971 0.000 -0.076 -0.225 0.687 -0.000 -0.727 -0.020 0.995 0.000 0.035 0.092 0.701 0.000 -0.712 0.029 1.000 0.000 0.014 0.011 
1.000 -0.004 0.001 0.007 0.746 0.000 -0.663 -0.066 0.983 0.000 -0.074 -0.166 0.737 0.000 -0.675 -0.009 0.971 0.000 -0.076 -0.225 0.687 0.000 -0.727 -0.020 0.995 0.000 0.035 0.092 0.701 0.000 -0.713 0.029 1.000 0.000 0.016 0.013 
1.000 -0.004 0.001 0.007 0.746 0.000 -0.663 -0.066 0.983 0.000 -0.074 -0.166 0.738 0.000 -0.675 -0.008 0.971 0.000 -0.077 -0.226 0.687 0.000 -0.727 -0.020 0.995 0.000 0.034 0.092 0.701 0.000 -0.713 0.030 1.000 0.000 0.015 0.010 
1.000 -0.004 0.001 0.007 0.746 0.000 -0.663 -0.066 0.983 0.000 -0.074 -0.166 0.737 0.000 -0.675 -0.009 0.971 -0.000 -0.076 -0.225 0.687 -0.000 -0.726 -0.021 0.995 0.000 0.034 0.092 0.701 0.000 -0.712 0.029 1.000 -0.000 0.015 0.012 
1.000 -0.004 0.001 0.007 0.746 0.000 -0.663 -0.067 0.983 -0.000 -0.074 -0.166 0.737 0.000 -0.675 -0.008 0.971 0.000 -0.076 -0.226 0.687 0.000 -0.727 -0.021 0.995 0.000 0.035 0.092 0.701 0.000 -0.713 0.028 1.000 0.000 0.015 0.012 
1.000 -0.004 0.001 0.007 0.746 -0.000 -0.663 -0.066 0.983 -0.000 -0.074 -0.166 0.737 0.000 -0.675 -0.008 0.971 0.000 -0.076 -0.226 0.687 0.000 -0.726 -0.021 0.995 0.000 0.034 0.092 0.701 -0.000 -0.713 0.028 1.000 0.000 0.015 0.012 
1.000 -0.004 0.001 0.007 0.746 0.000 -0.663 -0.067 0.983 -0.000 -0.074 -0.166 0.737 0.000 -0.675 -0.008 0.971 0.000 -0.076 -0.226 0.687 0.000 -0.726 -0.021 0.995 0.000 0.034 0.092 0.701 0.000 -0.712 0.029 1.000 0.000 0.015 0.011 
1.000 -0.004 0.001 0.007 0.746 0.000 -0.663 -0.066 0.983 0.000 -0.074 -0.166 0.737 0.000 -0.675 -0.009 0.971 0.000 -0.076 -0.226 0.687 0.000 -0.727 -0.021 0.995 -0.000 0.034 0.092 0.701 -0.000 -0.712 0.029 1.000 0.000 0.014 0.011 
1.000 -0.004 0.001 0.007 0.746 0.000 -0.663 -0.066 0.983 0.000 -0.074 -0.166 0.738 0.000 -0.675 -0.009 0.971 -0.000 -0.077 -0.225 0.687 0.000 -0.726 -0.021 0.995 0.000 0.034 0.092 0.701 0.000 -0.713 0.028 1.000 0.000 0.016 0.013 
1.000 -0.004 0.001 0.007 0.746 0.000 -0.663 -0.066 0.983 0.000 -0.075 -0.166 0.737 0.000 -0.675 -0.009 0.971 0.000 -0.076 -0.226 0.687 0.000 -0.727 -0.021 0.995 0.000 0.034 0.092 0.701 -0.000 -0.712 0.029 1.000 0.000 0.016 0.011 
1.000 -0.003 0.001 0.006 0.746 0.000 -0.663 -0.066 0.983 0.000 -0.074 -0.166 0.737 -0.000 -0.675 -0.009 0.971 0.000 -0.076 -0.226 0.687 0.000 -0.727 -0.021 0.995 -0.000 0.034 0.092 0.701 0.000 -0.713 0.028 1.000 0.000 0.015 0.012 
1.000 -0.003 0.001 0.006 0.746 0.000 -0.663 -0.066 0.983 0.000 -0.075 -0.166 0.738 0.000 -0.675 -0.009 0.971 0.000 -0.077 -0.225 0.687 0.000 -0.727 -0.021 0.995 0.000 0.034 0.092 0.701 -0.000 -0.712 0.029 1.000 0.000 0.014 0.010 
1.000 -0.003 0.001 0.006 0.746 0.000 -0.662 -0.067 0.983 0.000 -0.075 -0.166 0.737 0.000 -0.675 -0.009 0.971 0.000 -0.077 -0.225 0.687 0.000 -0.726 -0.021 0.995 0.000 0.034 0.092 0.701 0.000 -0.713 0.028 1.000 0.000 0.015 0.011 
1.000 -0.003 0.001 0.006 0.746 0.000 -0.663 -0.066 0.983 -0.000 -0.075 -0.166 0.737 0.000 -0.675 -0.009 0.971 -0.000 -0.076 -0.225 0.687 -0.000 -0.727 -0.022 0.995 0.000 0.035 0.092 0.701 -0.000 -0.713 0.027 1.000 0.000 0.014 0.011 
1.000 -0.003 0.001 0.006 0.746 0.000 -0.662 -0.067 0.983 0.000 -0.075 -0.166 0.737 0.000 -0.675 -0.009 0.971 0.000 -0.076 -0.225 0.687 0.000 -0.727 -0.022 0.995 0.000 0.034 0.091 0.701 0.000 -0.713 0.027 1.000 -0.000 0.015 0.012 
1.000 -0.003 0.001 0.006 0.746 0.000 -0.662 -0.067 0.983 0.000 -0.075 -0.165 0.737 -0.000 -0.675 -0.009 0.971 -0.000 -0.076 -0.225 0.687 0.000 -0.726 -0.021 0.995 -0.000 0.034 0.092 0.701 -0.000 -0.713 0.028 1.000 -0.000 0.015 0.012 
1.000 -0.003 0.001 0.006 0.746 0.000 -0.662 -0.067 0.983 0.000 -0.075 -0.166 0.737 -0.000 -0.675 -0.009 0.971 0.000 -0.076 -0.225 0.686 0.000 -0.727 -0.022 0.995 0.000 0.035 0.092 0.701 0.000 -0.713 0.027 1.000 0.000 0.015 0.012 
1.000 -0.003 0.001 0.006 0.746 0.000 -0.662 -0.066 0.983 0.000 -0.075 -0.166 0.737 -0.000 -0.675 -0.009 0.971 0.000 -0.076 -0.225 0.687 -0.000 -0.727 -0.022 0.995 0.000 0.034 0.092 0.701 0.000 -0.712 0.028 1.000 0.000 0.015 0.011 
1.000 -0.003 0.001 0.006 0.746 -0.000 -0.662 -0.067 0.983 0.000 -0.075 -0.166 0.737 0.000 -0.675 -0.009 0.971 0.000 -0.076 -0.225 0.687 0.000 -0.727 -0.022 0.995 0.000 0.034 0.092 0.701 0.000 -0.713 0.027 1.000 0.000 0.015 0.012 
1.000 -0.004 0.000 0.004 0.746 0.000 -0.663 -0.066 0.983 0.000 -0.075 -0.165 0.738 0.000 -0.675 -0.008 0.971 0.000 -0.077 -0.225 0.686 0.000 -0.727 -0.021 0.995 -0.000 0.035 0.091 0.701 0.000 -0.712 0.030 1.000 0.000 0.015 0.010 
1.000 -0.003 0.001 0.006 0.746 0.000 -0.662 -0.067 0.983 0.000 -0.075 -0.166 0.738 0.000 -0.675 -0.009 0.971 0.000 -0.077 -0.225 0.687 -0.000 -0.727 -0.023 0.995 0.000 0.034 0.092 0.701 0.000 -0.713 0.027 1.000 0.000 0.016 0.013 
1.000 -0.003 0.001 0.007 0.746 -0.000 -0.662 -0.067 0.983 0.000 -0.075 -0.166 0.738 0.000 -0.675 -0.009 0.971 0.000 -0.077 -0.225 0.687 -0.000 -0.727 -0.022 0.995 0.000 0.034 0.092 0.701 0.000 -0.713 0.027 1.000 0.000 0.015 0.012 
1.000 -0.003 0.001 0.007 0.747 0.000 -0.662 -0.067 0.983 -0.000 -0.075 -0.166 0.738 0.000 -0.675 -0.009 0.971 0.000 -0.077 -0.225 0.687 0.000 -0.727 -0.022 0.995 0.000 0.034 0.092 0.701 0.000 -0.712 0.027 1.000 0.000 0.015 0.010 
1.000 -0.003 0.001 0.006 0.746 0.000 -0.662 -0.067 0.983 -0.000 -0.074 -0.165 0.738 -0.000 -0.675 -0.009 0.971 0.000 -0.077 -0.225 0.687 0.000 -0.727 -0.023 0.995 0.000 0.034 0.092 0.701 -0.000 -0.713 0.027 1.000 0.000 0.015 0.011 
1.000 -0.003 0.001 0.007 0.746 0.000 -0.662 -0.068 0.983 -0.000 -0.074 -0.165 0.738 -0.000 -0.675 -0.009 0.971 0.000 -0.077 -0.225 0.687 0.000 -0.727 -0.022 0.995 0.000 0.035 0.091 0.701 0.000 -0.713 0.027 1.000 -0.000 0.016 0.012 
1.000 -0.002 0.001 0.007 0.747 -0.000 -0.662 -0.068 0.983 -0.000 -0.074 -0.165 0.738 0.000 -0.675 -0.009 0.971 0.000 -0.077 -0.225 0.687 0.000 -0.727 -0.023 0.995 0.000 0.034 0.092 0.701 0.000 -0.713 0.026 1.000 0.000 0.015 0.012 
1.000 -0.002 0.001 0.007 0.747 0.000 -0.662 -0.068 0.983 -0.000 -0.074 -0.165 0.738 0.000 -0.675 -0.009 0.971 0.000 -0.077 -0.225 0.687 -0.000 -0.727 -0.023 0.995 0.000 0.034 0.092 0.701 0.000 -0.712 0.027 1.000 0.000 0.015 0.010 
1.000 -0.002 0.001 0.007 0.747 0.000 -0.662 -0.068 0.983 0.000 -0.074 -0.166 0.738 -0.000 -0.675 -0.009 0.971 -0.000 -0.077 -0.225 0.687 -0.000 -0.727 -0.023 0.995 0.000 0.034 0.092 0.701 0.000 -0.713 0.026 1.000 0.000 0.014 0.011 
1.000 -0.002 0.001 0.007 0.746 0.000 -0.662 -0.067 0.983 0.000 -0.073 -0.166 0.738 0.000 -0.675 -0.009 0.971 0.000 -0.077 -0.225 0.687 0.000 -0.727 -0.023 0.995 -0.000 0.034 0.092 0.701 0.000 -0.713 0.026 1.000 0.000 0.016 0.012 
1.000 -0.002 0.001 0.007 0.747 0.000 -0.662 -0.068 0.983 0.000 -0.074 -0.166 0.738 -0.000 -0.675 -0.010 0.971 0.000 -0.077 -0.225 0.687 -0.000 -0.727 -0.023 0.995 0.000 0.034 0.092 0.701 0.000 -0.713 0.026 1.000 -0.000 0.015 0.012 
1.000 -0.002 0.001 0.007 0.747 0.000 -0.661 -0.068 0.983 -0.000 -0.075 -0.166 0.738 0.000 -0.675 -0.010 0.971 0.000 -0.077 -0.224 0.687 0.000 -0.727 -0.023 0.995 -0.000 0.034 0.092 0.701 0.000 -0.712 0.027 1.000 0.000 0.015 0.011 
1.000 -0.002 0.001 0.007 0.747 -0.000 -0.662 -0.068 0.983 0.000 -0.074 -0.165 0.738 0.000 -0.675 -0.009 0.971 0.000 -0.077 -0.225 0.686 0.000 -0.727 -0.023 0.995 0.000 0.035 0.092 0.701 0.000 -0.713 0.026 1.000 0.000 0.015 0.011 
1.000 -0.002 0.001 0.007 0.747 0.000 -0.662 -0.068 0.983 -0.000 -0.074 -0.166 0.738 0.000 -0.675 -0.009 0.971 0.000 -0.077 -0.225 0.687 0.000 -0.727 -0.023 0.995 0.000 0.034 0.092 0.701 0.000 -0.713 0.026 1.000 0.000 0.015 0.011 
1.000 -0.002 0.001 0.007 0.747 0.000 -0.661 -0.068 0.983 0.000 -0.074 -0.166 0.738 0.000 -0.675 -0.009 0.971 0.000 -0.077 -0.225 0.687 0.000 -0.726 -0.023 0.995 0.000 0.034 0.092 0.701 0.000 -0.713 0.026 1.000 0.000 0.016 0.012 
1.000 -0.002 0.001 0.007 0.747 0.000 -0.661 -0.068 0.983 0.000 -0.074 -0.166 0.738 0.000 -0.674 -0.010 0.971 0.000 -0.077 -0.224 0.687 0.000 -0.727 -0.023 0.995 0.000 0.034 0.092 0.701 0.000 -0.713 0.026 1.000 0.000 0.015 0.012 
1.000 -0.002 0.001 0.007 0.747 0.000 -0.662 -0.068 0.983 0.000 -0.073 -0.166 0.738 0.000 -0.674 -0.010 0.971 0.000 -0.077 -0.224 0.687 0.000 -0.727 -0.023 0.995 0.000 0.035 0.091 0.701 0.000 -0.713 0.026 1.000 0.000 0.015 0.011 
1.000 -0.002 0.001 0.007 0.747 0.000 -0.661 -0.068 0.983 0.000 -0.074 -0.166 0.738 0.000 -0.674 -0.010 0.971 0.000 -0.077 -0.224 0.687 0.000 -0.727 -0.023 0.995 -0.000 0.035 0.091 0.701 -0.000 -0.713 0.026 1.000 0.000 0.015 0.011 
1.000 -0.002 0.001 0.007 0.747 0.000 -0.661 -0.068 0.983 0.000 -0.075 -0.166 0.738 0.000 -0.674 -0.010 0.971 -0.000 -0.077 -0.224 0.687 0.000 -0.727 -0.023 0.995 0.000 0.034 0.092 0.701 0.000 -0.713 0.026 1.000 0.000 0.015 0.011 
1.000 -0.002 0.001 0.007 0.747 0.000 -0.661 -0.068 0.983 0.000 -0.075 -0.166 0.739 0.000 -0.674 -0.010 0.971 0.000 -0.077 -0.226 0.687 0.000 -0.727 -0.023 0.995 0.000 0.034 0.092 0.701 -0.000 -0.712 0.027 1.000 0.000 0.015 0.010 
1.000 -0.002 0.001 0.007 0.747 0.000 -0.661 -0.068 0.983 0.000 -0.075 -0.166 0.739 0.000 -0.674 -0.010 0.971 0.000 -0.077 -0.225 0.687 0.000 -0.727 -0.023 0.995 0.000 0.034 0.091 0.701 -0.000 -0.712 0.027 1.000 0.000 0.015 0.010 
1.000 -0.002 0.001 0.007 0.747 0.000 -0.661 -0.068 0.983 0.000 -0.075 -0.166 0.739 0.000 -0.674 -0.010 0.971 0.000 -0.077 -0.225 0.687 0.000 -0.727 -0.023 0.995 -0.000 0.034 0.092 0.701 0.000 -0.713 0.026 1.000 0.000 0.015 0.011 
1.000 -0.002 0.001 0.007 0.747 0.000 -0.661 -0.068 0.983 -0.000 -0.075 -0.166 0.739 0.000 -0.674 -0.010 0.971 -0.000 -0.077 -0.225 0.687 0.000 -0.727 -0.023 0.995 0.000 0.034 0.092 0.701 0.000 -0.713 0.026 1.000 0.000 0.016 0.012 
1.000 -0.002 0.001 0.007 0.747 -0.000 -0.661 -0.068 0.983 0.000 -0.075 -0.166 0.739 0.000 -0.674 -0.010 0.971 0.000 -0.077 -0.225 0.686 0.000 -0.727 -0.023 0.995 -0.000 0.034 0.092 0.701 -0.000 -0.713 0.026 1.000 -0.000 0.015 0.011 
1.000 -0.002 0.001 0.007 0.747 0.000 -0.661 -0.068 0.983 -0.000 -0.073 -0.166 0.739 -0.000 -0.674 -0.010 0.971 -0.000 -0.077 -0.225 0.687 -0.000 -0.727 -0.023 0.995 0.000 0.034 0.092 0.701 0.000 -0.713 0.026 1.000 0.000 0.015 0.011 
1.000 -0.002 0.001 0.007 0.747 0.000 -0.661 -0.069 0.983 0.000 -0.074 -0.165 0.739 0.000 -0.674 -0.010 0.971 0.000 -0.077 -0.225 0.687 0.000 -0.727 -0.024 0.995 0.000 0.034 0.092 0.701 0.000 -0.712 0.026 1.000 0.000 0.016 0.011 
1.000 -0.002 0.001 0.007 0.747 0.000 -0.661 -0.069 0.983 -0.000 -0.074 -0.165 0.739 0.000 -0.674 -0.011 0.971 0.000 -0.077 -0.225 0.687 0.000 -0.727 -0.024 0.995 0.000 0.034 0.092 0.701 0.000 -0.713 0.025 1.000 0.000 0.015 0.012 
1.000 -0.002 0.001 0.007 0.747 0.000 -0.661 -0.068 0.983 0.000 -0.075 -0.165 0.739 0.000 -0.674 -0.011 0.971 0.000 -0.077 -0.225 0.687 0.000 -0.727 -0.024 0.995 -0.000 0.034 0.092 0.701 0.000 -0.713 0.025 1.000 0.000 0.015 0.011 
1.000 -0.002 0.001 0.007 0.747 0.000 -0.661 -0.069 0.983 0.000 -0.074 -0.165 0.739 0.000 -0.674 -0.011 0.971 0.000 -0.077 -0.225 0.687 0.000 -0.727 -0.024 0.995 0.000 0.034 0.092 0.701 0.000 -0.713 0.025 1.000 0.000 0.015 0.012 
1.000 -0.002 0.001 0.007 0.748 0.000 -0.661 -0.069 0.983 0.000 -0.074 -0.165 0.739 0.000 -0.673 -0.011 0.971 0.000 -0.077 -0.225 0.687 -0.000 -0.727 -0.024 0.995 -0.000 0.034 0.092 0.701 0.000 -0.713 0.025 1.000 0.000 0.015 0.012 
1.000 -0.002 0.001 0.007 0.748 0.000 -0.661 -0.069 0.983 -0.000 -0.074 -0.166 0.739 0.000 -0.673 -0.011 0.971 0.000 -0.077 -0.225 0.687 0.000 -0.726 -0.024 0.995 0.000 0.034 0.092 0.701 0.000 -0.713 0.025 1.000 -0.000 0.015 0.011 
1.000 -0.002 0.001 0.007 0.747 0.000 -0.661 -0.069 0.984 0.000 -0.075 -0.164 0.739 -0.000 -0.673 -0.011 0.971 0.000 -0.077 -0.225 0.687 0.000 -0.727 -0.024 0.995 0.000 0.034 0.092 0.701 0.000 -0.713 0.025 1.000 0.000 0.015 0.011 
1.000 -0.002 0.001 0.007 0.748 0.000 -0.661 -0.069 0.983 -0.000 -0.074 -0.165 0.739 0.000 -0.673 -0.011 0.971 0.000 -0.077 -0.225 0.687 0.000 -0.727 -0.024 0.995 0.000 0.035 0.092 0.701 0.000 -0.713 0.025 1.000 0.000 0.015 0.012 
1.000 -0.001 0.001 0.007 0.748 0.000 -0.661 -0.069 0.983 0.000 -0.074 -0.166 0.739 0.000 -0.673 -0.011 0.971 -0.000 -0.077 -0.225 0.687 0.000 -0.727 -0.024 0.995 -0.000 0.034 0.092 0.701 0.000 -0.713 0.025 1.000 0.000 0.015 0.012 
1.000 -0.001 0.001 0.007 0.748 0.000 -0.660 -0.069 0.983 0.000 -0.074 -0.165 0.739 0.000 -0.673 -0.011 0.971 0.000 -0.077 -0.225 0.687 -0.000 -0.726 -0.024 0.995 0.000 0.035 0.091 0.701 0.000 -0.713 0.026 1.000 0.000 0.015 0.010 
1.000 -0.001 0.001 0.007 0.748 0.000 -0.661 -0.069 0.983 0.000 -0.074 -0.165 0.740 0.000 -0.673 -0.011 0.971 0.000 -0.077 -0.226 0.687 -0.000 -0.727 -0.024 0.995 -0.000 0.034 0.092 0.701 -0.000 -0.713 0.025 1.000 0.000 0.015 0.011 
1.000 -0.001 0.001 0.007 0.748 -0.000 -0.661 -0.069 0.983 0.000 -0.074 -0.165 0.739 0.000 -0.673 -0.011 0.971 0.000 -0.077 -0.226 0.687 0.000 -0.727 -0.024 0.995 0.000 0.034 0.092 0.701 0.000 -0.712 0.026 1.000 -0.000 0.015 0.010 
1.000 -0.001 0.001 0.007 0.747 -0.000 -0.661 -0.070 0.983 0.000 -0.074 -0.165 0.740 -0.000 -0.673 -0.011 0.971 0.000 -0.077 -0.225 0.687 -0.000 -0.727 -0.024 0.995 0.000 0.034 0.092 0.701 0.000 -0.713 0.026 1.000 0.000 0.015 0.010 
1.000 -0.001 0.001 0.007 0.748 -0.000 -0.661 -0.069 0.983 0.000 -0.074 -0.165 0.740 0.000 -0.673 -0.011 0.971 0.000 -0.077 -0.227 0.687 -0.000 -0.726 -0.024 0.995 0.000 0.034 0.091 0.701 0.000 -0.713 0.026 1.000 0.000 0.015 0.010 
1.000 -0.001 0.001 0.007 0.748 -0.000 -0.661 -0.070 0.984 -0.000 -0.074 -0.165 0.740 0.000 -0.673 -0.012 0.971 0.000 -0.077 -0.225 0.687 0.000 -0.726 -0.024 0.995 0.000 0.034 0.092 0.701 0.000 -0.713 0.026 1.000 0.000 0.015 0.010 
1.000 -0.001 0.001 0.007 0.748 0.000 -0.661 -0.070 0.984 -0.000 -0.074 -0.165 0.740 0.000 -0.673 -0.012 0.971 0.000 -0.077 -0.225 0.687 0.000 -0.727 -0.024 0.995 0.000 0.034 0.092 0.701 0.000 -0.713 0.025 1.000 0.000 0.016 0.011 
1.000 -0.001 0.001 0.007 0.747 0.000 -0.661 -0.070 0.984 -0.000 -0.074 -0.165 0.740 0.000 -0.673 -0.012 0.971 0.000 -0.077 -0.225 0.687 0.000 -0.726 -0.024 0.995 0.000 0.034 0.091 0.701 0.000 -0.713 0.026 1.000 0.000 0.015 0.010 
1.000 -0.001 0.001 0.007 0.747 0.000 -0.661 -0.070 0.984 0.000 -0.074 -0.165 0.740 0.000 -0.673 -0.012 0.971 -0.000 -0.077 -0.227 0.687 -0.000 -0.726 -0.024 0.995 0.000 0.034 0.092 0.701 0.000 -0.713 0.025 1.000 -0.000 0.015 0.010 
1.000 -0.001 0.001 0.007 0.748 0.000 -0.661 -0.070 0.984 0.000 -0.075 -0.165 0.740 0.000 -0.673 -0.012 0.971 0.000 -0.077 -0.225 0.687 0.000 -0.726 -0.024 0.995 0.000 0.034 0.092 0.701 0.000 -0.713 0.025 1.000 0.000 0.015 0.011 
1.000 -0.001 0.001 0.007 0.748 0.000 -0.660 -0.070 0.983 -0.000 -0.075 -0.165 0.740 0.000 -0.673 -0.012 0.971 -0.000 -0.077 -0.225 0.688 0.000 -0.726 -0.026 0.995 0.000 0.034 0.092 0.701 0.000 -0.713 0.025 1.000 0.000 0.015 0.010 
1.000 -0.001 0.001 0.007 0.748 0.000 -0.661 -0.070 0.983 0.000 -0.075 -0.165 0.740 0.000 -0.673 -0.012 0.971 0.000 -0.077 -0.225 0.687 -0.000 -0.727 -0.024 0.995 0.000 0.034 0.092 0.701 0.000 -0.713 0.026 1.000 0.000 0.015 0.010 
1.000 -0.001 0.001 0.007 0.748 0.000 -0.660 -0.070 0.983 0.000 -0.075 -0.165 0.740 -0.000 -0.673 -0.012 0.971 0.000 -0.077 -0.225 0.688 0.000 -0.726 -0.024 0.995 0.000 0.034 0.091 0.701 0.000 -0.713 0.025 1.000 0.000 0.013 0.009 
1.000 -0.001 0.001 0.007 0.748 -0.000 -0.660 -0.070 0.983 0.000 -0.074 -0.165 0.740 0.000 -0.673 -0.012 0.971 -0.000 -0.077 -0.225 0.688 0.000 -0.726 -0.024 0.995 0.000 0.033 0.092 0.701 0.000 -0.713 0.025 1.000 0.000 0.016 0.011 
1.000 -0.001 0.001 0.008 0.748 0.000 -0.660 -0.070 0.983 -0.000 -0.074 -0.165 0.740 0.000 -0.673 -0.012 0.971 0.000 -0.077 -0.225 0.688 0.000 -0.725 -0.024 0.995 0.000 0.033 0.091 0.701 0.000 -0.713 0.026 1.000 0.000 0.015 0.010 
1.000 -0.001 0.001 0.008 0.748 0.000 -0.660 -0.070 0.983 0.000 -0.075 -0.165 0.740 0.000 -0.673 -0.012 0.971 0.000 -0.077 -0.225 0.688 0.000 -0.726 -0.024 0.995 0.000 0.033 0.092 0.701 0.000 -0.713 0.026 1.000 0.000 0.015 0.010 
1.000 -0.001 0.001 0.008 0.748 0.000 -0.660 -0.070 0.983 -0.000 -0.075 -0.165 0.740 0.000 -0.673 -0.012 0.971 0.000 -0.077 -0.225 0.688 0.000 -0.726 -0.024 0.995 0.000 0.033 0.092 0.701 0.000 -0.713 0.025 1.000 0.000 0.015 0.011 
1.000 -0.001 0.001 0.008 0.748 0.000 -0.660 -0.070 0.983 0.000 -0.075 -0.165 0.740 0.000 -0.673 -0.013 0.971 0.000 -0.077 -0.225 0.688 0.000 -0.726 -0.024 0.995 0.000 0.033 0.092 0.701 0.000 -0.713 0.025 1.000 0.000 0.016 0.011 
1.000 -0.001 0.001 0.008 0.748 0.000 -0.660 -0.071 0.983 0.000 -0.075 -0.165 0.740 0.000 -0.673 -0.013 0.971 0.000 -0.077 -0.225 0.688 0.000 -0.726 -0.024 0.995 0.000 0.033 0.092 0.701 0.000 -0.713 0.026 1.000 0.000 0.016 0.011 
1.000 -0.001 0.001 0.008 0.748 0.000 -0.660 -0.071 0.983 -0.000 -0.075 -0.165 0.740 0.000 -0.673 -0.013 0.971 0.000 -0.077 -0.225 0.687 0.000 -0.726 -0.024 0.995 0.000 0.034 0.092 0.701 0.000 -0.713 0.025 1.000 -0.000 0.015 0.010 
1.000 -0.001 0.001 0.008 0.747 -0.000 -0.661 -0.071 0.983 0.000 -0.075 -0.165 0.740 0.000 -0.672 -0.013 0.971 0.000 -0.077 -0.225 0.687 0.000 -0.726 -0.024 0.995 0.000 0.034 0.092 0.701 -0.000 -0.713 0.025 1.000 0.000 0.015 0.011 
1.000 -0.001 0.001 0.008 0.748 0.000 -0.660 -0.071 0.983 0.000 -0.075 -0.165 0.740 0.000 -0.673 -0.013 0.971 0.000 -0.077 -0.225 0.688 0.000 -0.726 -0.024 0.995 0.000 0.033 0.092 0.701 -0.000 -0.713 0.025 1.000 0.000 0.014 0.010 
1.000 -0.001 0.001 0.008 0.747 0.000 -0.661 -0.071 0.983 0.000 -0.075 -0.165 0.740 0.000 -0.672 -0.013 0.971 -0.000 -0.077 -0.225 0.687 0.000 -0.726 -0.024 0.995 0.000 0.034 0.092 0.701 0.000 -0.713 0.026 1.000 -0.000 0.015 0.010 
1.000 -0.001 0.001 0.008 0.747 0.000 -0.661 -0.071 0.983 -0.000 -0.075 -0.165 0.740 0.000 -0.672 -0.013 0.971 0.000 -0.077 -0.225 0.687 0.000 -0.726 -0.024 0.995 0.000 0.034 0.092 0.701 0.000 -0.713 0.026 1.000 -0.000 0.015 0.010 
1.000 -0.002 0.000 0.006 0.747 0.000 -0.661 -0.070 0.983 0.000 -0.076 -0.165 0.740 0.000 -0.672 -0.012 0.971 0.000 -0.077 -0.225 0.687 0.000 -0.727 -0.023 0.995 0.000 0.035 0.092 0.701 0.000 -0.712 0.029 1.000 0.000 0.015 0.008 
1.000 -0.001 0.001 0.008 0.747 0.000 -0.660 -0.071 0.983 0.000 -0.075 -0.165 0.740 0.000 -0.672 -0.013 0.971 0.000 -0.077 -0.225 0.687 -0.000 -0.726 -0.025 0.995 -0.000 0.034 0.093 0.701 0.000 -0.713 0.025 1.000 0.000 0.016 0.012 
1.000 -0.001 0.001 0.008 0.747 -0.000 -0.661 -0.071 0.983 0.000 -0.075 -0.165 0.740 -0.000 -0.672 -0.013 0.971 0.000 -0.077 -0.225 0.687 0.000 -0.726 -0.024 0.995 0.000 0.034 0.092 0.701 -0.000 -0.713 0.025 1.000 0.000 0.014 0.010 
1.000 -0.001 0.001 0.008 0.747 -0.000 -0.661 -0.072 0.983 -0.000 -0.074 -0.165 0.740 -0.000 -0.672 -0.013 0.971 0.000 -0.077 -0.225 0.687 0.000 -0.726 -0.024 0.995 0.000 0.034 0.092 0.701 0.000 -0.713 0.025 1.000 0.000 0.016 0.012 
1.000 -0.001 0.001 0.008 0.747 0.000 -0.661 -0.072 0.983 -0.000 -0.074 -0.165 0.740 0.000 -0.672 -0.013 0.971 0.000 -0.077 -0.225 0.687 0.000 -0.726 -0.025 0.995 0.000 0.034 0.093 0.701 -0.000 -0.713 0.025 1.000 0.000 0.016 0.011 
1.000 -0.001 0.001 0.008 0.747 0.000 -0.661 -0.072 0.983 0.000 -0.074 -0.165 0.740 0.000 -0.672 -0.014 0.971 -0.000 -0.077 -0.225 0.687 0.000 -0.726 -0.024 0.995 0.000 0.034 0.092 0.701 0.000 -0.713 0.025 1.000 -0.000 0.015 0.010 
1.000 -0.001 0.001 0.008 0.747 0.000 -0.661 -0.072 0.984 0.000 -0.074 -0.165 0.740 0.000 -0.672 -0.013 0.971 0.000 -0.077 -0.225 0.687 0.000 -0.726 -0.024 0.995 0.000 0.034 0.092 0.701 0.000 -0.713 0.026 1.000 0.000 0.015 0.010 
1.000 -0.001 0.001 0.008 0.747 0.000 -0.661 -0.072 0.983 0.000 -0.075 -0.165 0.740 0.000 -0.672 -0.014 0.971 0.000 -0.077 -0.225 0.687 0.000 -0.726 -0.024 0.995 0.000 0.034 0.093 0.701 0.000 -0.713 0.025 1.000 0.000 0.015 0.010 
1.000 -0.001 0.001 0.008 0.747 0.000 -0.661 -0.072 0.983 -0.000 -0.075 -0.165 0.740 0.000 -0.672 -0.013 0.971 0.000 -0.077 -0.225 0.687 0.000 -0.726 -0.024 0.995 0.000 0.034 0.093 0.701 0.000 -0.713 0.025 1.000 0.000 0.015 0.011 
1.000 -0.002 0.000 0.006 0.747 0.000 -0.661 -0.071 0.983 0.000 -0.075 -0.165 0.740 0.000 -0.672 -0.012 0.971 0.000 -0.077 -0.225 0.687 0.000 -0.727 -0.023 0.995 0.000 0.034 0.092 0.701 -0.000 -0.713 0.028 1.000 -0.000 0.015 0.010 
1.000 -0.001 0.001 0.008 0.747 -0.000 -0.661 -0.072 0.983 0.000 -0.075 -0.165 0.740 0.000 -0.672 -0.014 0.971 0.000 -0.077 -0.225 0.687 0.000 -0.726 -0.024 0.995 0.000 0.034 0.092 0.701 0.000 -0.713 0.026 1.000 0.000 0.015 0.010 
1.000 -0.001 0.001 0.008 0.747 0.000 -0.661 -0.072 0.983 0.000 -0.075 -0.165 0.740 0.000 -0.672 -0.014 0.971 0.000 -0.077 -0.225 0.687 0.000 -0.726 -0.024 0.995 -0.000 0.034 0.093 0.701 0.000 -0.713 0.026 1.000 0.000 0.016 0.011 
1.000 -0.001 0.001 0.008 0.747 0.000 -0.661 -0.072 0.983 0.000 -0.075 -0.166 0.740 0.000 -0.672 -0.013 0.971 0.000 -0.077 -0.225 0.687 0.000 -0.726 -0.024 0.995 0.000 0.034 0.092 0.701 0.000 -0.713 0.025 1.000 0.000 0.015 0.011 
1.000 -0.002 0.000 0.006 0.747 0.000 -0.661 -0.072 0.983 0.000 -0.076 -0.165 0.740 0.000 -0.672 -0.012 0.971 0.000 -0.076 -0.225 0.687 0.000 -0.727 -0.023 0.995 0.000 0.034 0.092 0.701 -0.000 -0.713 0.028 1.000 0.000 0.015 0.010 
1.000 -0.001 0.001 0.008 0.747 -0.000 -0.661 -0.072 0.983 0.000 -0.075 -0.165 0.740 0.000 -0.672 -0.014 0.971 0.000 -0.077 -0.225 0.687 0.000 -0.726 -0.024 0.995 -0.000 0.034 0.093 0.701 0.000 -0.713 0.025 1.000 0.000 0.015 0.011 
1.000 -0.001 0.001 0.008 0.747 0.000 -0.661 -0.072 0.983 -0.000 -0.075 -0.166 0.740 0.000 -0.672 -0.013 0.971 0.000 -0.077 -0.225 0.687 0.000 -0.726 -0.024 0.995 0.000 0.034 0.092 0.701 0.000 -0.713 0.026 1.000 0.000 0.016 0.011 
1.000 -0.001 0.001 0.008 0.747 -0.000 -0.661 -0.072 0.983 -0.000 -0.075 -0.166 0.740 0.000 -0.672 -0.013 0.971 0.000 -0.077 -0.225 0.687 -0.000 -0.726 -0.024 0.995 0.000 0.034 0.093 0.701 0.000 -0.713 0.026 1.000 0.000 0.015 0.010 
1.000 -0.001 0.001 0.008 0.747 0.000 -0.661 -0.072 0.984 0.000 -0.073 -0.165 0.740 0.000 -0.672 -0.013 0.971 0.000 -0.077 -0.225 0.687 0.000 -0.726 -0.024 0.995 -0.000 0.034 0.093 0.701 0.000 -0.713 0.025 1.000 0.000 0.015 0.011 
1.000 -0.001 0.001 0.008 0.747 0.000 -0.661 -0.072 0.983 -0.000 -0.075 -0.165 0.740 0.000 -0.672 -0.013 0.971 -0.000 -0.077 -0.225 0.687 0.000 -0.726 -0.023 0.995 0.000 0.034 0.093 0.701 0.000 -0.713 0.025 1.000 0.000 0.015 0.011 
1.000 -0.001 0.001 0.008 0.747 0.000 -0.661 -0.072 0.984 0.000 -0.073 -0.166 0.740 0.000 -0.672 -0.013 0.971 0.000 -0.077 -0.225 0.687 0.000 -0.726 -0.023 0.995 0.000 0.034 0.092 0.701 0.000 -0.713 0.026 1.000 0.000 0.015 0.010 
1.000 -0.001 0.001 0.008 0.747 0.000 -0.660 -0.072 0.983 0.000 -0.075 -0.165 0.740 0.000 -0.673 -0.013 0.971 -0.000 -0.077 -0.225 0.688 0.000 -0.726 -0.023 0.995 0.000 0.033 0.092 0.700 0.000 -0.713 0.025 1.000 0.000 0.015 0.011 
1.000 -0.002 0.001 0.008 0.747 0.000 -0.661 -0.072 0.983 0.000 -0.075 -0.165 0.740 0.000 -0.672 -0.013 0.971 0.000 -0.076 -0.225 0.687 0.000 -0.726 -0.023 0.995 0.000 0.034 0.093 0.701 0.000 -0.713 0.026 1.000 0.000 0.015 0.011 
1.000 -0.002 0.001 0.006 0.747 0.000 -0.661 -0.071 0.983 -0.000 -0.075 -0.165 0.740 0.000 -0.672 -0.012 0.971 0.000 -0.076 -0.225 0.686 0.000 -0.727 -0.022 0.995 0.000 0.037 0.092 0.701 0.000 -0.713 0.029 1.000 0.000 0.016 0.011 
1.000 -0.001 0.001 0.008 0.747 0.000 -0.661 -0.072 0.983 0.000 -0.075 -0.165 0.740 0.000 -0.672 -0.013 0.971 0.000 -0.077 -0.225 0.687 0.000 -0.726 -0.023 0.995 0.000 0.034 0.093 0.701 -0.000 -0.713 0.025 1.000 0.000 0.015 0.012 
1.000 -0.002 0.001 0.008 0.747 0.000 -0.661 -0.072 0.983 -0.000 -0.074 -0.165 0.740 0.000 -0.672 -0.013 0.971 -0.000 -0.076 -0.225 0.687 0.000 -0.726 -0.023 0.995 0.000 0.034 0.093 0.701 0.000 -0.713 0.026 1.000 0.000 0.015 0.012 
1.000 -0.002 0.001 0.006 0.747 -0.000 -0.661 -0.071 0.983 0.000 -0.075 -0.165 0.740 0.000 -0.672 -0.012 0.971 0.000 -0.076 -0.225 0.687 0.000 -0.727 -0.022 0.995 0.000 0.035 0.093 0.701 0.000 -0.713 0.029 1.000 0.000 0.016 0.011 
1.000 -0.002 0.001 0.008 0.747 0.000 -0.661 -0.072 0.983 0.000 -0.074 -0.165 0.740 0.000 -0.672 -0.013 0.971 0.000 -0.077 -0.225 0.687 0.000 -0.726 -0.023 0.995 0.000 0.034 0.093 0.701 -0.000 -0.713 0.026 1.000 0.000 0.016 0.013 
1.000 -0.002 0.001 0.008 0.747 0.000 -0.661 -0.072 0.983 0.000 -0.075 -0.165 0.740 0.000 -0.672 -0.013 0.971 0.000 -0.077 -0.225 0.687 -0.000 -0.726 -0.023 0.995 0.000 0.034 0.092 0.701 -0.000 -0.713 0.026 1.000 0.000 0.015 0.012 
1.000 -0.002 0.001 0.008 0.747 0.000 -0.661 -0.072 0.984 0.000 -0.074 -0.165 0.740 0.000 -0.672 -0.013 0.971 0.000 -0.077 -0.225 0.686 0.000 -0.727 -0.021 0.995 -0.000 0.036 0.091 0.701 0.000 -0.713 0.026 1.000 0.000 0.015 0.012 
1.000 -0.002 0.001 0.008 0.747 0.000 -0.661 -0.071 0.984 0.000 -0.073 -0.165 0.740 0.000 -0.672 -0.013 0.971 0.000 -0.077 -0.225 0.687 0.000 -0.726 -0.023 0.995 0.000 0.034 0.092 0.701 0.000 -0.713 0.026 1.000 0.000 0.015 0.012 
1.000 -0.002 0.001 0.008 0.747 0.000 -0.661 -0.071 0.984 0.000 -0.072 -0.165 0.740 -0.000 -0.673 -0.013 0.971 0.000 -0.077 -0.225 0.687 0.000 -0.726 -0.023 0.995 0.000 0.034 0.093 0.701 0.000 -0.713 0.026 1.000 0.000 0.015 0.012 
1.000 -0.002 0.001 0.008 0.747 -0.000 -0.661 -0.071 0.983 0.000 -0.075 -0.165 0.740 0.000 -0.673 -0.013 0.971 0.000 -0.076 -0.225 0.687 0.000 -0.726 -0.023 0.995 0.000 0.035 0.092 0.701 0.000 -0.713 0.026 1.000 0.000 0.015 0.012 
1.000 -0.002 0.001 0.008 0.747 0.000 -0.661 -0.071 0.983 0.000 -0.074 -0.165 0.740 0.000 -0.673 -0.013 0.971 0.000 -0.077 -0.225 0.687 0.000 -0.726 -0.023 0.995 0.000 0.034 0.093 0.701 0.000 -0.713 0.026 1.000 0.000 0.015 0.012 
1.000 -0.002 0.001 0.008 0.747 0.000 -0.661 -0.071 0.983 0.000 -0.074 -0.166 0.740 0.000 -0.673 -0.013 0.971 -0.000 -0.076 -0.225 0.687 0.000 -0.726 -0.022 0.995 0.000 0.035 0.093 0.701 0.000 -0.713 0.026 1.000 0.000 0.015 0.012 
1.000 -0.002 0.001 0.008 0.747 0.000 -0.661 -0.071 0.983 -0.000 -0.074 -0.166 0.740 0.000 -0.673 -0.013 0.971 0.000 -0.077 -0.224 0.687 0.000 -0.726 -0.023 0.995 0.000 0.034 0.093 0.701 0.000 -0.713 0.026 1.000 0.000 0.015 0.012 
1.000 -0.002 0.001 0.008 0.747 0.000 -0.661 -0.071 0.983 0.000 -0.074 -0.166 0.740 0.000 -0.673 -0.012 0.971 0.000 -0.076 -0.225 0.687 0.000 -0.726 -0.022 0.995 0.000 0.035 0.092 0.701 0.000 -0.713 0.026 1.000 0.000 0.015 0.012 
1.000 -0.002 0.001 0.008 0.747 -0.000 -0.661 -0.070 0.983 0.000 -0.074 -0.166 0.740 0.000 -0.673 -0.012 0.971 0.000 -0.077 -0.225 0.687 0.000 -0.726 -0.022 0.995 0.000 0.034 0.092 0.701 0.000 -0.713 0.026 1.000 0.000 0.015 0.012 
1.000 -0.002 0.001 0.008 0.747 0.000 -0.661 -0.070 0.983 0.000 -0.074 -0.166 0.740 -0.000 -0.673 -0.012 0.971 0.000 -0.077 -0.225 0.687 0.000 -0.726 -0.022 0.995 0.000 0.034 0.092 0.701 -0.000 -0.713 0.026 1.000 0.000 0.015 0.012 
1.000 -0.002 0.001 0.008 0.747 0.000 -0.661 -0.070 0.983 -0.000 -0.074 -0.166 0.740 -0.000 -0.673 -0.012 0.971 -0.000 -0.077 -0.225 0.687 0.000 -0.726 -0.022 0.995 0.000 0.035 0.093 0.701 -0.000 -0.713 0.026 1.000 0.000 0.016 0.013 
1.000 -0.002 0.001 0.008 0.747 0.000 -0.661 -0.070 0.983 0.000 -0.074 -0.166 0.740 0.000 -0.673 -0.012 0.971 0.000 -0.077 -0.225 0.687 0.000 -0.726 -0.022 0.995 0.000 0.035 0.092 0.701 0.000 -0.713 0.026 1.000 0.000 0.016 0.013 
1.000 -0.002 0.001 0.008 0.747 0.000 -0.661 -0.070 0.983 0.000 -0.074 -0.166 0.740 -0.000 -0.673 -0.012 0.971 -0.000 -0.077 -0.225 0.687 -0.000 -0.726 -0.022 0.995 0.000 0.035 0.092 0.701 -0.000 -0.713 0.027 1.000 0.000 0.015 0.012 
1.000 -0.002 0.001 0.008 0.747 0.000 -0.662 -0.070 0.983 0.000 -0.074 -0.166 0.740 -0.000 -0.673 -0.012 0.971 0.000 -0.077 -0.225 0.687 0.000 -0.726 -0.022 0.995 0.000 0.034 0.092 0.701 0.000 -0.713 0.027 1.000 0.000 0.015 0.012 
1.000 -0.002 0.001 0.008 0.747 0.000 -0.662 -0.070 0.983 0.000 -0.074 -0.166 0.740 -0.000 -0.673 -0.011 0.971 0.000 -0.077 -0.225 0.687 0.000 -0.726 -0.022 0.995 0.000 0.035 0.092 0.701 0.000 -0.713 0.027 1.000 0.000 0.015 0.012 
1.000 -0.002 0.001 0.008 0.747 0.000 -0.662 -0.069 0.983 0.000 -0.073 -0.166 0.739 0.000 -0.673 -0.011 0.971 0.000 -0.076 -0.225 0.687 0.000 -0.726 -0.021 0.995 -0.000 0.035 0.092 0.701 0.000 -0.713 0.027 1.000 -0.000 0.015 0.012 
1.000 -0.003 0.001 0.008 0.747 -0.000 -0.662 -0.069 0.983 0.000 -0.074 -0.166 0.739 -0.000 -0.673 -0.011 0.971 0.000 -0.076 -0.225 0.687 0.000 -0.726 -0.021 0.995 0.000 0.035 0.092 0.701 0.000 -0.713 0.027 1.000 -0.000 0.016 0.013 
1.000 -0.003 0.001 0.008 0.747 0.000 -0.662 -0.069 0.983 -0.000 -0.073 -0.165 0.739 0.000 -0.673 -0.011 0.971 0.000 -0.076 -0.225 0.687 0.000 -0.726 -0.021 0.995 0.000 0.035 0.092 0.701 0.000 -0.713 0.027 1.000 0.000 0.015 0.011 
1.000 -0.003 0.001 0.009 0.747 0.000 -0.662 -0.069 0.983 0.000 -0.074 -0.165 0.739 0.000 -0.673 -0.011 0.971 0.000 -0.076 -0.225 0.687 0.000 -0.726 -0.021 0.995 0.000 0.034 0.092 0.701 0.000 -0.713 0.027 1.000 0.000 0.015 0.012 
1.000 -0.003 0.001 0.009 0.747 0.000 -0.662 -0.069 0.983 0.000 -0.074 -0.165 0.739 0.000 -0.673 -0.011 0.971 0.000 -0.077 -0.225 0.687 0.000 -0.726 -0.021 0.995 0.000 0.035 0.092 0.701 0.000 -0.713 0.027 1.000 0.000 0.016 0.013 
1.000 -0.003 0.001 0.009 0.746 0.000 -0.662 -0.069 0.983 0.000 -0.073 -0.166 0.739 -0.000 -0.673 -0.011 0.971 0.000 -0.076 -0.225 0.687 -0.000 -0.726 -0.021 0.995 0.000 0.035 0.092 0.701 0.000 -0.713 0.028 1.000 0.000 0.015 0.012 
1.000 -0.003 0.001 0.009 0.747 0.000 -0.662 -0.069 0.983 -0.000 -0.074 -0.165 0.739 0.000 -0.673 -0.011 0.971 0.000 -0.076 -0.225 0.687 0.000 -0.726 -0.020 0.995 -0.000 0.035 0.092 0.701 0.000 -0.713 0.028 1.000 0.000 0.015 0.012 
1.000 -0.003 0.001 0.008 0.746 0.000 -0.662 -0.069 0.983 -0.000 -0.074 -0.165 0.739 0.000 -0.673 -0.010 0.971 -0.000 -0.076 -0.225 0.687 0.000 -0.726 -0.020 0.995 0.000 0.035 0.092 0.701 0.000 -0.713 0.028 1.000 0.000 0.015 0.011 
1.000 -0.003 0.001 0.008 0.746 -0.000 -0.662 -0.069 0.983 0.000 -0.074 -0.165 0.739 -0.000 -0.673 -0.010 0.971 -0.000 -0.077 -0.225 0.687 0.000 -0.726 -0.020 0.995 0.000 0.035 0.092 0.701 -0.000 -0.713 0.028 1.000 0.000 0.015 0.012 
1.000 -0.003 0.001 0.009 0.746 0.000 -0.662 -0.068 0.983 0.000 -0.074 -0.165 0.739 0.000 -0.674 -0.010 0.971 0.000 -0.076 -0.225 0.686 0.000 -0.727 -0.020 0.995 0.000 0.036 0.092 0.701 0.000 -0.713 0.028 1.000 -0.000 0.015 0.012 
1.000 -0.003 0.001 0.009 0.746 0.000 -0.662 -0.068 0.984 0.000 -0.073 -0.165 0.739 0.000 -0.674 -0.010 0.971 -0.000 -0.076 -0.225 0.687 0.000 -0.726 -0.020 0.995 0.000 0.035 0.092 0.701 0.000 -0.713 0.028 1.000 0.000 0.015 0.012 
1.000 -0.003 0.001 0.009 0.746 0.000 -0.662 -0.068 0.983 -0.000 -0.074 -0.165 0.739 0.000 -0.674 -0.008 0.971 -0.000 -0.077 -0.228 0.687 0.000 -0.726 -0.020 0.995 0.000 0.035 0.092 0.701 0.000 -0.713 0.028 1.000 -0.000 0.015 0.012 
1.000 -0.003 0.001 0.008 0.746 -0.000 -0.662 -0.068 0.983 0.000 -0.074 -0.165 0.739 0.000 -0.674 -0.010 0.971 0.000 -0.077 -0.225 0.687 0.000 -0.726 -0.020 0.995 0.000 0.036 0.092 0.701 0.000 -0.713 0.028 1.000 0.000 0.015 0.012 
1.000 -0.003 0.001 0.009 0.746 -0.000 -0.662 -0.068 0.983 0.000 -0.073 -0.166 0.739 -0.000 -0.674 -0.010 0.971 -0.000 -0.077 -0.225 0.687 0.000 -0.726 -0.020 0.995 -0.000 0.035 0.092 0.701 0.000 -0.713 0.029 1.000 0.000 0.015 0.011 
1.000 -0.003 0.001 0.009 0.746 0.000 -0.662 -0.068 0.983 -0.000 -0.074 -0.167 0.739 0.000 -0.674 -0.009 0.971 0.000 -0.077 -0.226 0.687 0.000 -0.727 -0.019 0.995 0.000 0.035 0.092 0.701 0.000 -0.713 0.028 1.000 0.000 0.015 0.012 
1.000 -0.004 0.001 0.008 0.746 0.000 -0.663 -0.067 0.983 -0.000 -0.072 -0.167 0.739 0.000 -0.674 -0.010 0.971 0.000 -0.077 -0.225 0.687 -0.000 -0.727 -0.019 0.995 0.000 0.035 0.092 0.701 0.000 -0.713 0.029 1.000 0.000 0.015 0.012 
1.000 -0.003 0.001 0.008 0.746 0.000 -0.663 -0.067 0.983 0.000 -0.074 -0.165 0.739 0.000 -0.674 -0.010 0.971 -0.000 -0.077 -0.225 0.687 -0.000 -0.727 -0.019 0.995 0.000 0.035 0.092 0.701 0.000 -0.713 0.029 1.000 0.000 0.015 0.012 
1.000 -0.004 0.001 0.008 0.746 0.000 -0.663 -0.067 0.983 0.000 -0.074 -0.166 0.739 0.000 -0.674 -0.009 0.971 0.000 -0.077 -0.226 0.687 0.000 -0.727 -0.019 0.995 -0.000 0.035 0.092 0.701 0.000 -0.713 0.029 1.000 -0.000 0.015 0.012 
1.000 -0.004 0.001 0.008 0.746 0.000 -0.663 -0.067 0.983 0.000 -0.074 -0.166 0.739 -0.000 -0.674 -0.009 0.971 0.000 -0.076 -0.225 0.687 0.000 -0.727 -0.019 0.995 0.000 0.036 0.092 0.701 0.000 -0.713 0.029 1.000 0.000 0.015 0.012 
1.000 -0.004 0.001 0.008 0.746 0.000 -0.663 -0.067 0.983 -0.000 -0.074 -0.166 0.739 0.000 -0.674 -0.009 0.971 -0.000 -0.076 -0.225 0.687 -0.000 -0.726 -0.019 0.995 -0.000 0.036 0.092 0.701 0.000 -0.713 0.029 1.000 0.000 0.016 0.013 
1.000 -0.004 0.001 0.008 0.746 0.000 -0.663 -0.067 0.983 -0.000 -0.074 -0.166 0.739 0.000 -0.674 -0.009 0.971 -0.000 -0.076 -0.225 0.688 0.000 -0.726 -0.019 0.995 0.000 0.033 0.092 0.701 0.000 -0.713 0.029 1.000 0.000 0.015 0.012 
1.000 -0.004 0.001 0.008 0.746 0.000 -0.663 -0.066 0.983 0.000 -0.074 -0.166 0.739 0.000 -0.674 -0.009 0.971 -0.000 -0.076 -0.225 0.687 0.000 -0.727 -0.019 0.995 0.000 0.035 0.092 0.701 0.000 -0.713 0.029 1.000 0.000 0.015 0.012 
1.000 -0.004 0.001 0.008 0.746 0.000 -0.663 -0.066 0.983 0.000 -0.074 -0.166 0.739 0.000 -0.674 -0.009 0.971 0.000 -0.076 -0.225 0.687 0.000 -0.727 -0.019 0.995 0.000 0.035 0.092 0.701 -0.000 -0.713 0.029 1.000 0.000 0.015 0.012 
1.000 -0.004 0.001 0.008 0.746 0.000 -0.663 -0.066 0.984 0.000 -0.072 -0.166 0.738 0.000 -0.674 -0.009 0.971 0.000 -0.076 -0.226 0.687 0.000 -0.727 -0.019 0.995 0.000 0.035 0.092 0.701 -0.000 -0.713 0.030 1.000 0.000 0.015 0.011 
1.000 -0.004 0.001 0.008 0.745 0.000 -0.663 -0.066 0.983 0.000 -0.073 -0.166 0.738 0.000 -0.674 -0.009 0.971 0.000 -0.076 -0.225 0.687 0.000 -0.727 -0.019 0.995 0.000 0.036 0.092 0.701 0.000 -0.713 0.030 1.000 -0.000 0.015 0.011 
1.000 -0.004 0.001 0.008 0.746 0.000 -0.663 -0.066 0.983 0.000 -0.074 -0.165 0.739 0.000 -0.674 -0.009 0.971 0.000 -0.076 -0.225 0.686 0.000 -0.727 -0.018 0.995 0.000 0.036 0.092 0.701 0.000 -0.713 0.030 1.000 0.000 0.015 0.011 
1.000 -0.004 0.001 0.008 0.746 0.000 -0.663 -0.065 0.983 0.000 -0.074 -0.166 0.738 0.000 -0.674 -0.009 0.971 0.000 -0.076 -0.225 0.687 0.000 -0.727 -0.018 0.995 0.000 0.035 0.092 0.701 0.000 -0.713 0.030 1.000 0.000 0.015 0.012 
1.000 -0.004 0.001 0.008 0.745 0.000 -0.663 -0.065 0.983 -0.000 -0.074 -0.166 0.739 -0.000 -0.674 -0.009 0.971 -0.000 -0.076 -0.226 0.687 -0.000 -0.727 -0.018 0.995 0.000 0.035 0.092 0.701 0.000 -0.713 0.030 1.000 0.000 0.015 0.011 
1.000 -0.004 0.001 0.008 0.745 0.000 -0.664 -0.065 0.983 -0.000 -0.072 -0.166 0.738 0.000 -0.674 -0.009 0.971 0.000 -0.076 -0.225 0.686 0.000 -0.727 -0.018 0.995 0.000 0.036 0.092 0.701 0.000 -0.713 0.030 1.000 0.000 0.015 0.011 
1.000 -0.004 0.001 0.008 0.745 0.000 -0.663 -0.065 0.984 0.000 -0.072 -0.166 0.738 0.000 -0.674 -0.009 0.971 0.000 -0.076 -0.226 0.687 -0.000 -0.727 -0.018 0.995 -0.000 0.035 0.092 0.701 0.000 -0.713 0.030 1.000 0.000 0.016 0.013 
1.000 -0.004 0.001 0.008 0.745 -0.000 -0.663 -0.065 0.983 0.000 -0.074 -0.166 0.738 -0.000 -0.674 -0.009 0.971 -0.000 -0.076 -0.226 0.686 -0.000 -0.727 -0.018 0.995 0.000 0.036 0.092 0.701 0.000 -0.713 0.030 1.000 0.000 0.015 0.011 
1.000 -0.004 0.001 0.008 0.746 -0.000 -0.663 -0.065 0.983 0.000 -0.074 -0.165 0.738 0.000 -0.674 -0.009 0.971 0.000 -0.076 -0.225 0.687 0.000 -0.727 -0.018 0.995 0.000 0.035 0.092 0.701 0.000 -0.713 0.030 1.000 0.000 0.015 0.012 
1.000 -0.004 0.001 0.008 0.745 0.000 -0.663 -0.065 0.983 0.000 -0.073 -0.166 0.738 0.000 -0.675 -0.009 0.971 0.000 -0.076 -0.226 0.686 0.000 -0.727 -0.018 0.995 0.000 0.036 0.092 0.701 0.000 -0.713 0.030 1.000 -0.000 0.016 0.013 
1.000 -0.004 0.001 0.008 0.745 0.000 -0.663 -0.065 0.983 0.000 -0.073 -0.166 0.738 -0.000 -0.674 -0.009 0.971 0.000 -0.076 -0.225 0.687 0.000 -0.727 -0.018 0.995 0.000 0.035 0.092 0.701 0.000 -0.713 0.031 1.000 0.000 0.016 0.012 
1.000 -0.004 0.001 0.008 0.745 0.000 -0.663 -0.065 0.983 0.000 -0.074 -0.165 0.738 0.000 -0.674 -0.009 0.971 -0.000 -0.076 -0.225 0.687 0.000 -0.727 -0.018 0.995 0.000 0.035 0.092 0.701 0.000 -0.713 0.031 1.000 0.000 0.016 0.012 
1.000 -0.004 0.001 0.008 0.746 0.000 -0.663 -0.065 0.983 0.000 -0.074 -0.166 0.738 0.000 -0.674 -0.009 0.971 0.000 -0.076 -0.225 0.687 0.000 -0.727 -0.017 0.995 0.000 0.036 0.090 0.701 0.000 -0.713 0.031 1.000 0.000 0.015 0.011 
1.000 -0.004 0.001 0.008 0.745 0.000 -0.663 -0.065 0.983 0.000 -0.074 -0.166 0.738 -0.000 -0.674 -0.009 0.971 0.000 -0.076 -0.226 0.687 0.000 -0.727 -0.018 0.995 -0.000 0.036 0.091 0.701 0.000 -0.713 0.031 1.000 0.000 0.015 0.011 
1.000 -0.004 0.001 0.008 0.745 0.000 -0.663 -0.065 0.983 0.000 -0.074 -0.165 0.738 0.000 -0.674 -0.009 0.971 0.000 -0.076 -0.226 0.687 0.000 -0.727 -0.018 0.995 -0.000 0.035 0.092 0.701 0.000 -0.713 0.031 1.000 0.000 0.015 0.011 
1.000 -0.004 0.001 0.008 0.745 0.000 -0.664 -0.064 0.983 0.000 -0.073 -0.166 0.738 0.000 -0.674 -0.009 0.971 0.000 -0.076 -0.226 0.687 0.000 -0.727 -0.018 0.995 0.000 0.035 0.092 0.701 0.000 -0.713 0.031 1.000 0.000 0.016 0.012 
1.000 -0.004 0.001 0.008 0.746 0.000 -0.663 -0.064 0.983 0.000 -0.074 -0.166 0.738 -0.000 -0.674 -0.009 0.971 0.000 -0.076 -0.226 0.687 -0.000 -0.727 -0.017 0.995 0.000 0.035 0.090 0.701 0.000 -0.713 0.031 1.000 0.000 0.016 0.012 
1.000 -0.004 0.001 0.008 0.746 0.000 -0.663 -0.065 0.983 0.000 -0.074 -0.166 0.738 0.000 -0.674 -0.009 0.971 0.000 -0.076 -0.226 0.687 0.000 -0.727 -0.018 0.995 0.000 0.035 0.092 0.701 0.000 -0.713 0.031 1.000 0.000 0.015 0.011 
1.000 -0.004 0.001 0.008 0.746 0.000 -0.663 -0.064 0.983 -0.000 -0.073 -0.166 0.738 0.000 -0.674 -0.009 0.971 0.000 -0.076 -0.227 0.687 -0.000 -0.727 -0.018 0.995 -0.000 0.035 0.092 0.701 0.000 -0.713 0.031 1.000 0.000 0.015 0.011 
1.000 -0.004 0.001 0.008 0.746 0.000 -0.663 -0.065 0.983 0.000 -0.073 -0.166 0.738 0.000 -0.674 -0.009 0.971 0.000 -0.076 -0.226 0.687 0.000 -0.727 -0.017 0.995 0.000 0.036 0.091 0.701 0.000 -0.713 0.031 1.000 0.000 0.015 0.011 
1.000 -0.004 0.001 0.008 0.746 0.000 -0.663 -0.064 0.983 -0.000 -0.074 -0.165 0.738 0.000 -0.674 -0.010 0.971 0.000 -0.076 -0.226 0.686 0.000 -0.727 -0.018 0.995 0.000 0.036 0.092 0.701 0.000 -0.713 0.031 1.000 -0.000 0.015 0.011 
1.000 -0.004 0.001 0.008 0.746 0.000 -0.663 -0.064 0.983 0.000 -0.074 -0.166 0.738 -0.000 -0.675 -0.009 0.971 0.000 -0.076 -0.226 0.686 -0.000 -0.727 -0.016 0.995 0.000 0.037 0.090 0.701 0.000 -0.713 0.031 1.000 0.000 0.015 0.011 
