# T   LUA LFA RUA RFA LT  LS  RT  RS  
0.998 0.026 -0.047 0.038 0.701 0.000 -0.712 0.036 0.956 -0.000 -0.051 -0.290 0.755 0.000 -0.652 0.072 0.947 0.000 -0.049 -0.318 0.651 -0.000 -0.759 0.008 0.999 0.000 0.013 0.035 0.718 0.000 -0.696 -0.020 0.997 -0.000 0.025 0.073 
0.998 0.026 -0.047 0.038 0.701 0.000 -0.712 0.036 0.956 0.000 -0.051 -0.290 0.754 0.000 -0.652 0.072 0.947 -0.000 -0.048 -0.318 0.651 -0.000 -0.759 0.009 0.999 -0.000 0.013 0.035 0.718 0.000 -0.696 -0.021 0.997 -0.000 0.024 0.075 
0.998 0.025 -0.047 0.038 0.701 0.000 -0.712 0.036 0.956 0.000 -0.051 -0.290 0.754 0.000 -0.653 0.072 0.947 0.000 -0.047 -0.318 0.651 0.000 -0.759 0.010 0.999 0.000 0.013 0.035 0.718 0.000 -0.696 -0.021 0.997 -0.000 0.024 0.076 
0.998 0.025 -0.047 0.038 0.701 -0.000 -0.712 0.035 0.956 0.000 -0.051 -0.289 0.754 0.000 -0.653 0.072 0.947 0.000 -0.046 -0.318 0.651 0.000 -0.759 0.010 0.999 -0.000 0.013 0.035 0.718 0.000 -0.696 -0.022 0.997 0.000 0.024 0.077 
0.998 0.024 -0.047 0.037 0.701 0.000 -0.712 0.035 0.956 0.000 -0.050 -0.289 0.754 0.000 -0.653 0.072 0.947 -0.000 -0.045 -0.319 0.651 -0.000 -0.759 0.010 0.999 0.000 0.013 0.035 0.718 0.000 -0.696 -0.023 0.997 -0.000 0.023 0.079 
0.998 0.024 -0.047 0.037 0.701 0.000 -0.712 0.035 0.956 0.000 -0.050 -0.288 0.754 -0.000 -0.653 0.072 0.947 0.000 -0.045 -0.319 0.651 0.000 -0.759 0.011 0.999 0.000 0.014 0.036 0.718 0.000 -0.696 -0.023 0.996 0.000 0.023 0.080 
0.998 0.024 -0.047 0.037 0.701 0.000 -0.712 0.035 0.956 0.000 -0.050 -0.288 0.754 -0.000 -0.652 0.073 0.947 0.000 -0.045 -0.320 0.651 0.000 -0.759 0.011 0.999 0.000 0.013 0.036 0.718 -0.000 -0.696 -0.024 0.996 0.000 0.023 0.082 
0.998 0.023 -0.048 0.037 0.701 0.000 -0.712 0.035 0.956 0.000 -0.050 -0.288 0.754 0.000 -0.652 0.073 0.946 0.000 -0.044 -0.320 0.651 0.000 -0.759 0.012 0.999 0.000 0.013 0.036 0.718 0.000 -0.696 -0.024 0.996 0.000 0.022 0.083 
0.998 0.023 -0.048 0.036 0.701 0.000 -0.712 0.035 0.956 -0.000 -0.050 -0.288 0.755 0.000 -0.652 0.073 0.946 0.000 -0.044 -0.320 0.651 0.000 -0.759 0.012 0.999 0.000 0.013 0.037 0.718 -0.000 -0.696 -0.024 0.996 0.000 0.021 0.084 
0.998 0.022 -0.048 0.036 0.701 0.000 -0.712 0.035 0.956 0.000 -0.050 -0.288 0.754 0.000 -0.652 0.073 0.946 0.000 -0.043 -0.320 0.651 0.000 -0.759 0.012 0.999 -0.000 0.013 0.038 0.718 0.000 -0.696 -0.025 0.996 -0.000 0.021 0.087 
0.998 0.021 -0.048 0.036 0.701 0.000 -0.712 0.036 0.956 -0.000 -0.051 -0.288 0.755 0.000 -0.652 0.074 0.946 0.000 -0.043 -0.321 0.652 0.000 -0.759 0.012 0.999 0.000 0.012 0.039 0.718 0.000 -0.696 -0.023 0.996 0.000 0.021 0.087 
0.998 0.021 -0.048 0.036 0.701 0.000 -0.712 0.035 0.956 0.000 -0.050 -0.287 0.755 0.000 -0.652 0.074 0.946 0.000 -0.043 -0.322 0.652 0.000 -0.758 0.013 0.999 0.000 0.012 0.040 0.718 0.000 -0.696 -0.023 0.996 0.000 0.020 0.088 
0.998 0.020 -0.049 0.036 0.702 0.000 -0.712 0.035 0.957 -0.000 -0.050 -0.287 0.755 -0.000 -0.652 0.075 0.946 0.000 -0.044 -0.322 0.652 0.000 -0.758 0.013 0.999 -0.000 0.012 0.041 0.718 0.000 -0.696 -0.022 0.996 -0.000 0.020 0.088 
0.998 0.019 -0.049 0.036 0.702 0.000 -0.711 0.035 0.957 0.000 -0.050 -0.287 0.755 0.000 -0.652 0.075 0.945 0.000 -0.043 -0.323 0.652 0.000 -0.758 0.013 0.999 0.000 0.011 0.043 0.718 0.000 -0.696 -0.022 0.996 0.000 0.020 0.089 
0.998 0.019 -0.049 0.037 0.702 0.000 -0.711 0.036 0.957 0.000 -0.049 -0.286 0.755 0.000 -0.651 0.076 0.945 0.000 -0.043 -0.323 0.653 0.000 -0.757 0.013 0.999 0.000 0.010 0.044 0.718 0.000 -0.696 -0.021 0.996 0.000 0.020 0.090 
0.998 0.018 -0.049 0.037 0.702 0.000 -0.711 0.036 0.957 0.000 -0.049 -0.286 0.755 0.000 -0.651 0.076 0.945 0.000 -0.044 -0.324 0.654 -0.000 -0.757 0.013 0.999 0.000 0.009 0.046 0.718 0.000 -0.696 -0.020 0.996 -0.000 0.020 0.090 
0.998 0.017 -0.049 0.038 0.702 -0.000 -0.711 0.036 0.957 0.000 -0.048 -0.286 0.755 0.000 -0.651 0.077 0.945 0.000 -0.045 -0.324 0.654 0.000 -0.756 0.013 0.999 0.000 0.009 0.048 0.718 -0.000 -0.696 -0.019 0.996 0.000 0.020 0.090 
0.998 0.016 -0.049 0.039 0.702 0.000 -0.711 0.037 0.957 0.000 -0.048 -0.286 0.756 0.000 -0.650 0.078 0.945 0.000 -0.045 -0.324 0.654 0.000 -0.756 0.013 0.999 0.000 0.008 0.050 0.717 -0.000 -0.696 -0.018 0.996 0.000 0.020 0.090 
0.998 0.016 -0.050 0.039 0.702 0.000 -0.711 0.037 0.957 0.000 -0.047 -0.286 0.756 0.000 -0.650 0.078 0.945 0.000 -0.046 -0.324 0.655 0.000 -0.756 0.012 0.999 0.000 0.007 0.053 0.717 -0.000 -0.696 -0.017 0.996 -0.000 0.021 0.091 
0.998 0.015 -0.050 0.040 0.702 0.000 -0.711 0.038 0.957 -0.000 -0.047 -0.287 0.756 0.000 -0.650 0.079 0.945 0.000 -0.047 -0.325 0.655 0.000 -0.755 0.011 0.998 0.000 0.007 0.055 0.718 0.000 -0.696 -0.016 0.996 -0.000 0.020 0.091 
0.998 0.015 -0.050 0.041 0.702 0.000 -0.711 0.039 0.957 0.000 -0.046 -0.287 0.757 -0.000 -0.649 0.080 0.945 0.000 -0.048 -0.325 0.656 0.000 -0.755 0.010 0.998 0.000 0.006 0.058 0.717 0.000 -0.696 -0.015 0.996 -0.000 0.020 0.091 
0.998 0.014 -0.050 0.042 0.702 0.000 -0.711 0.040 0.957 -0.000 -0.046 -0.287 0.757 0.000 -0.648 0.080 0.945 -0.000 -0.049 -0.325 0.656 -0.000 -0.755 0.009 0.998 -0.000 0.005 0.061 0.717 -0.000 -0.697 -0.015 0.996 0.000 0.020 0.091 
0.998 0.013 -0.050 0.043 0.702 0.000 -0.711 0.040 0.957 0.000 -0.044 -0.288 0.757 0.000 -0.648 0.081 0.944 0.000 -0.051 -0.325 0.656 0.000 -0.754 0.008 0.998 -0.000 0.004 0.064 0.717 0.000 -0.697 -0.014 0.996 0.000 0.021 0.092 
0.998 0.013 -0.051 0.044 0.702 0.000 -0.711 0.041 0.956 0.000 -0.045 -0.288 0.758 0.000 -0.647 0.082 0.944 -0.000 -0.051 -0.325 0.657 0.000 -0.754 0.006 0.998 0.000 0.003 0.067 0.717 0.000 -0.697 -0.013 0.996 -0.000 0.021 0.091 
0.998 0.013 -0.051 0.045 0.702 0.000 -0.710 0.043 0.956 -0.000 -0.044 -0.289 0.758 0.000 -0.647 0.083 0.944 0.000 -0.053 -0.326 0.657 0.000 -0.754 0.004 0.997 -0.000 0.002 0.071 0.717 0.000 -0.697 -0.012 0.996 0.000 0.021 0.091 
0.998 0.012 -0.051 0.046 0.702 -0.000 -0.710 0.044 0.956 -0.000 -0.045 -0.290 0.759 0.000 -0.646 0.084 0.944 0.000 -0.054 -0.326 0.658 0.000 -0.753 0.001 0.997 0.000 0.001 0.075 0.717 -0.000 -0.697 -0.011 0.996 0.000 0.021 0.091 
0.997 0.012 -0.052 0.047 0.703 0.000 -0.710 0.045 0.956 0.000 -0.045 -0.291 0.759 0.000 -0.645 0.085 0.944 0.000 -0.055 -0.326 0.658 0.000 -0.753 -0.002 0.997 0.000 0.000 0.079 0.717 0.000 -0.697 -0.011 0.996 0.000 0.022 0.092 
0.997 0.012 -0.052 0.048 0.703 0.000 -0.710 0.047 0.955 0.000 -0.045 -0.292 0.760 -0.000 -0.644 0.086 0.944 0.000 -0.057 -0.326 0.659 -0.000 -0.752 -0.005 0.997 0.000 -0.001 0.083 0.717 0.000 -0.697 -0.011 0.996 0.000 0.021 0.092 
0.997 0.012 -0.052 0.049 0.703 -0.000 -0.710 0.048 0.955 -0.000 -0.045 -0.293 0.760 0.000 -0.644 0.086 0.944 0.000 -0.058 -0.326 0.659 0.000 -0.752 -0.009 0.996 0.000 -0.003 0.087 0.717 0.000 -0.697 -0.011 0.996 0.000 0.021 0.092 
0.997 0.012 -0.052 0.050 0.703 0.000 -0.710 0.050 0.955 0.000 -0.045 -0.294 0.761 0.000 -0.643 0.088 0.943 0.000 -0.060 -0.326 0.660 0.000 -0.751 -0.012 0.996 0.000 -0.005 0.092 0.717 0.000 -0.697 -0.011 0.995 0.000 0.021 0.092 
0.997 0.012 -0.052 0.051 0.703 0.000 -0.709 0.051 0.955 0.000 -0.045 -0.295 0.761 0.000 -0.642 0.088 0.943 0.000 -0.061 -0.327 0.661 0.000 -0.750 -0.017 0.995 0.000 -0.007 0.097 0.716 0.000 -0.698 -0.011 0.995 0.000 0.021 0.093 
0.997 0.012 -0.052 0.052 0.703 0.000 -0.709 0.052 0.954 0.000 -0.045 -0.295 0.762 0.000 -0.641 0.090 0.943 -0.000 -0.063 -0.327 0.662 0.000 -0.749 -0.022 0.995 0.000 -0.010 0.102 0.716 -0.000 -0.698 -0.012 0.995 0.000 0.022 0.093 
0.997 0.013 -0.052 0.053 0.704 0.000 -0.709 0.053 0.954 0.000 -0.046 -0.296 0.762 0.000 -0.641 0.091 0.943 0.000 -0.065 -0.327 0.663 0.000 -0.748 -0.027 0.994 -0.000 -0.012 0.107 0.716 0.000 -0.698 -0.012 0.995 0.000 0.022 0.093 
0.997 0.013 -0.052 0.053 0.704 0.000 -0.709 0.054 0.954 0.000 -0.045 -0.297 0.763 -0.000 -0.640 0.092 0.942 0.000 -0.067 -0.328 0.664 0.000 -0.747 -0.033 0.994 0.000 -0.015 0.113 0.715 0.000 -0.699 -0.014 0.995 0.000 0.022 0.094 
0.997 0.014 -0.052 0.054 0.704 0.000 -0.708 0.054 0.954 0.000 -0.045 -0.297 0.763 0.000 -0.639 0.093 0.942 0.000 -0.068 -0.328 0.665 0.000 -0.746 -0.040 0.993 0.000 -0.018 0.118 0.715 0.000 -0.699 -0.015 0.995 0.000 0.022 0.095 
0.997 0.014 -0.052 0.054 0.704 0.000 -0.708 0.055 0.953 0.000 -0.045 -0.299 0.763 0.000 -0.639 0.094 0.942 0.000 -0.070 -0.329 0.666 0.000 -0.745 -0.046 0.992 -0.000 -0.021 0.124 0.714 0.000 -0.700 -0.017 0.995 0.000 0.021 0.095 
0.997 0.015 -0.052 0.054 0.704 0.000 -0.708 0.056 0.953 -0.000 -0.045 -0.300 0.764 0.000 -0.638 0.095 0.942 -0.000 -0.071 -0.329 0.667 0.000 -0.743 -0.053 0.991 0.000 -0.024 0.130 0.714 0.000 -0.700 -0.018 0.995 0.000 0.021 0.095 
0.997 0.016 -0.052 0.055 0.705 0.000 -0.707 0.058 0.952 0.000 -0.045 -0.302 0.764 0.000 -0.638 0.096 0.941 0.000 -0.073 -0.329 0.668 0.000 -0.741 -0.061 0.990 0.000 -0.027 0.136 0.713 -0.000 -0.701 -0.020 0.995 0.000 0.020 0.096 
0.997 0.017 -0.051 0.055 0.705 0.000 -0.706 0.058 0.952 0.000 -0.045 -0.303 0.764 0.000 -0.637 0.097 0.941 0.000 -0.074 -0.329 0.670 0.000 -0.740 -0.068 0.989 0.000 -0.031 0.142 0.713 -0.000 -0.701 -0.021 0.995 0.000 0.020 0.096 
0.997 0.018 -0.051 0.055 0.705 0.000 -0.706 0.059 0.952 0.000 -0.044 -0.304 0.765 0.000 -0.637 0.098 0.941 0.000 -0.075 -0.329 0.670 0.000 -0.738 -0.076 0.988 -0.000 -0.034 0.148 0.712 0.000 -0.702 -0.023 0.995 0.000 0.019 0.097 
0.997 0.019 -0.050 0.055 0.706 0.000 -0.706 0.060 0.951 -0.000 -0.044 -0.306 0.765 0.000 -0.636 0.099 0.941 -0.000 -0.077 -0.329 0.672 0.000 -0.736 -0.083 0.987 0.000 -0.038 0.154 0.712 0.000 -0.702 -0.025 0.995 0.000 0.018 0.097 
0.997 0.020 -0.050 0.055 0.706 0.000 -0.705 0.061 0.951 -0.000 -0.043 -0.307 0.765 0.000 -0.636 0.099 0.941 -0.000 -0.078 -0.329 0.672 0.000 -0.735 -0.091 0.986 0.000 -0.041 0.160 0.712 0.000 -0.702 -0.026 0.995 -0.000 0.018 0.097 
0.997 0.021 -0.050 0.055 0.706 0.000 -0.705 0.061 0.951 0.000 -0.042 -0.308 0.766 0.000 -0.635 0.100 0.941 -0.000 -0.079 -0.329 0.673 0.000 -0.733 -0.099 0.985 0.000 -0.044 0.167 0.712 0.000 -0.702 -0.027 0.995 0.000 0.016 0.097 
0.997 0.022 -0.050 0.056 0.707 0.000 -0.704 0.064 0.949 0.000 -0.046 -0.311 0.766 0.000 -0.634 0.101 0.941 0.000 -0.080 -0.329 0.673 -0.000 -0.732 -0.106 0.984 0.000 -0.047 0.173 0.711 0.000 -0.702 -0.029 0.995 0.000 0.016 0.097 
0.997 0.023 -0.050 0.056 0.707 0.000 -0.704 0.064 0.949 0.000 -0.046 -0.312 0.767 0.000 -0.634 0.101 0.941 0.000 -0.080 -0.328 0.673 0.000 -0.730 -0.114 0.982 0.000 -0.049 0.180 0.711 0.000 -0.703 -0.029 0.995 0.000 0.015 0.097 
0.997 0.024 -0.050 0.056 0.707 0.000 -0.704 0.065 0.949 0.000 -0.044 -0.313 0.767 0.000 -0.633 0.102 0.941 0.000 -0.081 -0.327 0.672 0.000 -0.730 -0.124 0.981 0.000 -0.048 0.189 0.711 0.000 -0.702 -0.030 0.995 -0.000 0.014 0.097 
0.997 0.024 -0.050 0.056 0.707 0.000 -0.705 0.066 0.948 0.000 -0.043 -0.315 0.768 0.000 -0.632 0.102 0.942 0.000 -0.081 -0.326 0.670 0.000 -0.730 -0.134 0.979 -0.000 -0.048 0.197 0.711 0.000 -0.702 -0.031 0.995 0.000 0.014 0.097 
0.997 0.025 -0.051 0.056 0.705 0.000 -0.706 0.066 0.948 0.000 -0.041 -0.315 0.769 0.000 -0.631 0.103 0.942 0.000 -0.081 -0.325 0.669 0.000 -0.730 -0.143 0.977 -0.000 -0.048 0.205 0.711 -0.000 -0.702 -0.031 0.995 0.000 0.013 0.097 
0.997 0.026 -0.051 0.056 0.705 0.000 -0.706 0.067 0.948 0.000 -0.040 -0.317 0.770 0.000 -0.630 0.103 0.943 0.000 -0.082 -0.324 0.667 0.000 -0.729 -0.152 0.976 0.000 -0.050 0.213 0.712 0.000 -0.702 -0.032 0.995 0.000 0.013 0.097 
0.997 0.026 -0.052 0.055 0.704 -0.000 -0.707 0.068 0.948 0.000 -0.038 -0.317 0.770 0.000 -0.630 0.104 0.943 0.000 -0.079 -0.323 0.666 -0.000 -0.728 -0.161 0.974 0.000 -0.051 0.220 0.712 0.000 -0.701 -0.032 0.995 0.000 0.012 0.096 
0.997 0.027 -0.052 0.055 0.704 0.000 -0.707 0.069 0.947 0.000 -0.037 -0.319 0.770 0.000 -0.629 0.104 0.944 0.000 -0.079 -0.322 0.665 -0.000 -0.727 -0.170 0.972 -0.000 -0.053 0.227 0.713 0.000 -0.701 -0.033 0.995 -0.000 0.011 0.096 
0.997 0.027 -0.053 0.055 0.703 0.000 -0.707 0.070 0.947 0.000 -0.037 -0.320 0.771 0.000 -0.628 0.105 0.944 0.000 -0.080 -0.320 0.663 0.000 -0.727 -0.179 0.971 0.000 -0.055 0.235 0.714 0.000 -0.700 -0.033 0.995 -0.000 0.009 0.096 
0.997 0.028 -0.053 0.055 0.703 0.000 -0.708 0.071 0.946 -0.000 -0.036 -0.322 0.772 0.000 -0.627 0.106 0.944 0.000 -0.080 -0.319 0.662 0.000 -0.725 -0.188 0.968 0.000 -0.058 0.242 0.715 0.000 -0.699 -0.033 0.995 0.000 0.008 0.096 
0.997 0.029 -0.054 0.055 0.702 0.000 -0.709 0.071 0.946 0.000 -0.034 -0.322 0.772 0.000 -0.626 0.108 0.945 0.000 -0.078 -0.319 0.661 -0.000 -0.724 -0.197 0.967 -0.000 -0.061 0.249 0.715 -0.000 -0.698 -0.034 0.995 0.000 0.007 0.096 
0.997 0.029 -0.055 0.054 0.702 0.000 -0.709 0.072 0.946 0.000 -0.033 -0.323 0.773 0.000 -0.626 0.108 0.945 0.000 -0.078 -0.318 0.660 0.000 -0.723 -0.206 0.965 0.000 -0.064 0.256 0.716 -0.000 -0.698 -0.034 0.995 0.000 0.007 0.096 
0.997 0.030 -0.055 0.054 0.701 0.000 -0.710 0.072 0.946 -0.000 -0.031 -0.324 0.773 -0.000 -0.625 0.109 0.945 -0.000 -0.077 -0.317 0.659 0.000 -0.721 -0.215 0.963 0.000 -0.068 0.263 0.716 0.000 -0.697 -0.034 0.995 -0.000 0.007 0.096 
0.997 0.030 -0.056 0.054 0.700 0.000 -0.710 0.074 0.945 0.000 -0.031 -0.325 0.774 -0.000 -0.624 0.111 0.945 -0.000 -0.077 -0.316 0.657 0.000 -0.720 -0.223 0.961 0.000 -0.071 0.268 0.716 0.000 -0.697 -0.034 0.995 0.000 0.007 0.096 
0.996 0.031 -0.057 0.054 0.700 0.000 -0.711 0.075 0.945 -0.000 -0.030 -0.326 0.774 0.000 -0.623 0.113 0.946 0.000 -0.077 -0.315 0.656 0.000 -0.719 -0.231 0.959 -0.000 -0.075 0.273 0.717 0.000 -0.696 -0.034 0.995 0.000 0.007 0.096 
0.996 0.031 -0.058 0.054 0.699 0.000 -0.711 0.076 0.944 0.000 -0.029 -0.327 0.776 0.000 -0.621 0.114 0.946 -0.000 -0.077 -0.314 0.654 0.000 -0.718 -0.238 0.958 -0.000 -0.079 0.277 0.718 0.000 -0.696 -0.034 0.995 0.000 0.007 0.096 
0.996 0.032 -0.059 0.054 0.698 0.000 -0.712 0.077 0.944 0.000 -0.028 -0.328 0.776 0.000 -0.620 0.115 0.946 0.000 -0.078 -0.314 0.653 0.000 -0.716 -0.246 0.957 0.000 -0.083 0.280 0.718 0.000 -0.695 -0.035 0.995 0.000 0.007 0.097 
0.996 0.032 -0.060 0.053 0.697 0.000 -0.713 0.079 0.944 0.000 -0.028 -0.330 0.777 -0.000 -0.618 0.116 0.947 0.000 -0.077 -0.312 0.651 0.000 -0.715 -0.253 0.956 0.000 -0.086 0.282 0.719 0.000 -0.695 -0.035 0.995 0.000 0.007 0.097 
0.996 0.033 -0.061 0.053 0.696 0.000 -0.714 0.079 0.944 0.000 -0.027 -0.330 0.778 0.000 -0.617 0.118 0.947 0.000 -0.077 -0.311 0.650 0.000 -0.714 -0.261 0.955 -0.000 -0.088 0.283 0.719 0.000 -0.694 -0.035 0.995 0.000 0.008 0.098 
0.996 0.033 -0.062 0.053 0.696 -0.000 -0.714 0.080 0.943 0.000 -0.026 -0.330 0.779 0.000 -0.615 0.119 0.947 -0.000 -0.078 -0.310 0.648 0.000 -0.713 -0.268 0.955 0.000 -0.091 0.283 0.719 0.000 -0.694 -0.035 0.995 -0.000 0.009 0.098 
0.996 0.034 -0.063 0.052 0.695 0.000 -0.715 0.080 0.943 0.000 -0.025 -0.331 0.780 0.000 -0.614 0.121 0.948 0.000 -0.079 -0.309 0.646 -0.000 -0.712 -0.274 0.955 0.000 -0.092 0.283 0.720 0.000 -0.693 -0.035 0.995 0.000 0.009 0.098 
0.996 0.035 -0.064 0.052 0.694 0.000 -0.715 0.081 0.943 0.000 -0.025 -0.332 0.782 0.000 -0.612 0.122 0.948 -0.000 -0.080 -0.309 0.645 0.000 -0.711 -0.281 0.955 -0.000 -0.093 0.282 0.720 0.000 -0.693 -0.036 0.995 0.000 0.010 0.099 
0.996 0.036 -0.064 0.051 0.694 0.000 -0.716 0.082 0.943 0.000 -0.024 -0.333 0.782 0.000 -0.611 0.123 0.948 -0.000 -0.079 -0.308 0.643 0.000 -0.710 -0.287 0.955 0.000 -0.094 0.281 0.720 0.000 -0.693 -0.037 0.995 0.000 0.011 0.100 
0.996 0.036 -0.065 0.050 0.693 0.000 -0.716 0.083 0.943 0.000 -0.023 -0.333 0.783 0.000 -0.610 0.124 0.949 0.000 -0.080 -0.306 0.642 0.000 -0.709 -0.293 0.956 0.000 -0.094 0.278 0.720 0.000 -0.693 -0.037 0.995 -0.000 0.012 0.100 
0.996 0.037 -0.066 0.050 0.693 0.000 -0.716 0.084 0.942 0.000 -0.023 -0.334 0.784 0.000 -0.609 0.125 0.949 -0.000 -0.080 -0.306 0.640 0.000 -0.707 -0.299 0.957 0.000 -0.094 0.276 0.721 -0.000 -0.692 -0.037 0.995 0.000 0.013 0.101 
0.996 0.037 -0.067 0.049 0.692 0.000 -0.716 0.086 0.942 -0.000 -0.023 -0.335 0.784 0.000 -0.607 0.126 0.949 0.000 -0.080 -0.304 0.640 0.000 -0.706 -0.305 0.958 0.000 -0.094 0.272 0.721 0.000 -0.692 -0.037 0.995 0.000 0.013 0.101 
0.996 0.038 -0.067 0.048 0.692 0.000 -0.716 0.087 0.942 -0.000 -0.024 -0.336 0.785 0.000 -0.607 0.127 0.949 0.000 -0.080 -0.304 0.639 0.000 -0.704 -0.311 0.959 -0.000 -0.095 0.268 0.721 0.000 -0.692 -0.037 0.995 0.000 0.013 0.101 
0.996 0.039 -0.068 0.047 0.692 0.000 -0.716 0.088 0.941 0.000 -0.023 -0.337 0.785 -0.000 -0.606 0.128 0.949 0.000 -0.080 -0.304 0.638 0.000 -0.703 -0.316 0.960 0.000 -0.094 0.264 0.721 0.000 -0.691 -0.036 0.995 0.000 0.014 0.101 
0.996 0.039 -0.068 0.046 0.692 0.000 -0.717 0.090 0.941 -0.000 -0.021 -0.337 0.786 0.000 -0.605 0.129 0.950 0.000 -0.081 -0.303 0.637 0.000 -0.701 -0.320 0.961 0.000 -0.093 0.259 0.722 0.000 -0.691 -0.035 0.995 0.000 0.014 0.100 
0.996 0.040 -0.069 0.046 0.691 0.000 -0.717 0.091 0.941 0.000 -0.021 -0.338 0.786 0.000 -0.604 0.130 0.950 0.000 -0.082 -0.302 0.637 -0.000 -0.699 -0.325 0.963 0.000 -0.093 0.253 0.722 0.000 -0.691 -0.035 0.995 0.000 0.014 0.100 
0.996 0.041 -0.069 0.045 0.692 -0.000 -0.716 0.093 0.941 0.000 -0.021 -0.338 0.787 -0.000 -0.603 0.131 0.950 0.000 -0.084 -0.302 0.636 0.000 -0.698 -0.329 0.965 0.000 -0.091 0.247 0.722 0.000 -0.691 -0.035 0.995 0.000 0.015 0.102 
0.996 0.041 -0.069 0.045 0.691 -0.000 -0.716 0.094 0.941 0.000 -0.020 -0.339 0.787 -0.000 -0.602 0.132 0.950 -0.000 -0.085 -0.301 0.636 0.000 -0.697 -0.332 0.966 0.000 -0.089 0.241 0.723 -0.000 -0.690 -0.033 0.995 0.000 0.015 0.099 
0.996 0.042 -0.070 0.044 0.691 0.000 -0.716 0.096 0.941 0.000 -0.020 -0.339 0.787 0.000 -0.602 0.133 0.950 0.000 -0.085 -0.301 0.636 -0.000 -0.695 -0.336 0.968 0.000 -0.088 0.234 0.723 0.000 -0.690 -0.031 0.995 0.000 0.015 0.098 
0.996 0.043 -0.070 0.044 0.691 0.000 -0.716 0.097 0.941 -0.000 -0.019 -0.338 0.788 0.000 -0.601 0.134 0.950 -0.000 -0.087 -0.301 0.635 0.000 -0.694 -0.339 0.970 0.000 -0.086 0.227 0.723 0.000 -0.690 -0.030 0.995 0.000 0.015 0.098 
0.996 0.043 -0.071 0.043 0.691 0.000 -0.716 0.098 0.941 0.000 -0.019 -0.339 0.788 0.000 -0.600 0.135 0.950 0.000 -0.087 -0.300 0.635 0.000 -0.692 -0.343 0.972 -0.000 -0.084 0.220 0.724 0.000 -0.690 -0.029 0.995 0.000 0.015 0.098 
0.996 0.044 -0.071 0.043 0.690 0.000 -0.717 0.100 0.941 0.000 -0.018 -0.339 0.789 0.000 -0.599 0.136 0.950 0.000 -0.088 -0.300 0.635 0.000 -0.691 -0.346 0.974 0.000 -0.081 0.213 0.724 0.000 -0.689 -0.028 0.995 0.000 0.016 0.097 
0.996 0.044 -0.071 0.042 0.690 0.000 -0.717 0.102 0.941 -0.000 -0.017 -0.339 0.789 0.000 -0.599 0.137 0.950 0.000 -0.089 -0.300 0.634 0.000 -0.690 -0.349 0.975 0.000 -0.078 0.206 0.724 -0.000 -0.690 -0.027 0.995 0.000 0.016 0.097 
0.996 0.045 -0.071 0.042 0.690 0.000 -0.716 0.103 0.941 -0.000 -0.016 -0.338 0.790 0.000 -0.598 0.137 0.950 0.000 -0.091 -0.300 0.634 0.000 -0.688 -0.352 0.977 0.000 -0.075 0.199 0.723 0.000 -0.690 -0.026 0.995 0.000 0.017 0.097 
0.996 0.046 -0.071 0.042 0.690 -0.000 -0.716 0.104 0.941 0.000 -0.015 -0.338 0.790 0.000 -0.598 0.138 0.950 0.000 -0.092 -0.300 0.634 -0.000 -0.687 -0.354 0.979 0.000 -0.071 0.192 0.723 0.000 -0.691 -0.025 0.995 0.000 0.018 0.097 
0.996 0.046 -0.071 0.041 0.690 0.000 -0.716 0.107 0.941 0.000 -0.014 -0.337 0.790 0.000 -0.597 0.138 0.950 0.000 -0.094 -0.299 0.634 0.000 -0.686 -0.356 0.980 -0.000 -0.067 0.185 0.722 0.000 -0.691 -0.025 0.995 0.000 0.020 0.098 
0.996 0.047 -0.071 0.041 0.690 0.000 -0.716 0.107 0.942 0.000 -0.013 -0.336 0.790 -0.000 -0.597 0.139 0.949 0.000 -0.095 -0.300 0.635 0.000 -0.684 -0.359 0.982 0.000 -0.063 0.178 0.722 0.000 -0.692 -0.023 0.995 0.000 0.020 0.097 
0.996 0.047 -0.070 0.041 0.689 0.000 -0.716 0.108 0.942 -0.000 -0.011 -0.335 0.790 -0.000 -0.597 0.139 0.949 0.000 -0.097 -0.300 0.635 -0.000 -0.684 -0.360 0.984 -0.000 -0.059 0.170 0.722 0.000 -0.692 -0.022 0.995 0.000 0.021 0.098 
0.996 0.047 -0.070 0.041 0.689 0.000 -0.716 0.111 0.942 0.000 -0.010 -0.335 0.790 0.000 -0.597 0.139 0.949 0.000 -0.097 -0.299 0.635 0.000 -0.683 -0.361 0.985 0.000 -0.054 0.162 0.722 0.000 -0.692 -0.019 0.995 0.000 0.021 0.096 
0.996 0.048 -0.070 0.041 0.689 0.000 -0.716 0.112 0.943 0.000 -0.009 -0.333 0.791 0.000 -0.596 0.139 0.949 0.000 -0.099 -0.299 0.635 0.000 -0.682 -0.362 0.987 -0.000 -0.050 0.154 0.722 0.000 -0.692 -0.019 0.995 0.000 0.021 0.098 
0.996 0.048 -0.070 0.041 0.689 0.000 -0.716 0.114 0.943 0.000 -0.007 -0.332 0.791 -0.000 -0.596 0.140 0.949 0.000 -0.100 -0.300 0.636 0.000 -0.682 -0.362 0.988 0.000 -0.045 0.146 0.722 -0.000 -0.692 -0.017 0.995 0.000 0.022 0.098 
0.996 0.048 -0.070 0.041 0.689 0.000 -0.716 0.116 0.944 0.000 -0.006 -0.331 0.791 -0.000 -0.596 0.139 0.949 0.000 -0.102 -0.300 0.636 0.000 -0.681 -0.363 0.990 0.000 -0.040 0.138 0.722 0.000 -0.692 -0.014 0.995 0.000 0.022 0.095 
0.996 0.049 -0.070 0.041 0.688 -0.000 -0.716 0.117 0.944 0.000 -0.005 -0.330 0.791 -0.000 -0.596 0.139 0.949 0.000 -0.102 -0.300 0.636 -0.000 -0.680 -0.363 0.991 -0.000 -0.035 0.130 0.722 -0.000 -0.692 -0.012 0.995 0.000 0.022 0.095 
0.996 0.049 -0.069 0.042 0.688 0.000 -0.716 0.119 0.944 0.000 -0.003 -0.329 0.792 -0.000 -0.595 0.138 0.949 0.000 -0.104 -0.299 0.637 0.000 -0.680 -0.363 0.992 0.000 -0.030 0.123 0.722 0.000 -0.692 -0.009 0.995 0.000 0.022 0.095 
0.995 0.049 -0.069 0.042 0.687 0.000 -0.716 0.121 0.945 0.000 -0.002 -0.327 0.792 -0.000 -0.595 0.138 0.948 0.000 -0.105 -0.299 0.637 0.000 -0.680 -0.363 0.993 0.000 -0.025 0.115 0.722 0.000 -0.692 -0.009 0.995 0.000 0.023 0.096 
0.995 0.050 -0.069 0.043 0.687 0.000 -0.716 0.122 0.945 0.000 -0.000 -0.326 0.791 0.000 -0.596 0.137 0.948 0.000 -0.105 -0.299 0.638 0.000 -0.679 -0.363 0.994 0.000 -0.020 0.108 0.722 0.000 -0.692 -0.006 0.995 0.000 0.022 0.095 
0.995 0.049 -0.068 0.044 0.687 -0.000 -0.716 0.124 0.946 0.000 0.002 -0.324 0.791 0.000 -0.596 0.137 0.948 0.000 -0.107 -0.300 0.639 0.000 -0.680 -0.361 0.995 0.000 -0.015 0.101 0.722 0.000 -0.692 -0.005 0.995 0.000 0.023 0.096 
0.995 0.050 -0.068 0.045 0.687 -0.000 -0.716 0.127 0.946 0.000 0.002 -0.324 0.791 0.000 -0.596 0.136 0.948 -0.000 -0.108 -0.299 0.639 0.000 -0.680 -0.360 0.996 0.000 -0.010 0.093 0.722 0.000 -0.692 -0.002 0.995 0.000 0.023 0.096 
0.995 0.050 -0.068 0.046 0.686 0.000 -0.716 0.129 0.947 0.000 0.003 -0.323 0.791 0.000 -0.597 0.135 0.948 0.000 -0.108 -0.299 0.640 0.000 -0.680 -0.359 0.996 0.000 -0.004 0.087 0.722 0.000 -0.692 0.000 0.995 -0.000 0.024 0.096 
0.995 0.050 -0.067 0.046 0.686 -0.000 -0.716 0.130 0.947 -0.000 0.006 -0.320 0.791 0.000 -0.597 0.134 0.948 0.000 -0.110 -0.299 0.640 -0.000 -0.680 -0.359 0.997 -0.000 0.000 0.081 0.722 0.000 -0.692 0.002 0.995 0.000 0.024 0.096 
0.995 0.050 -0.067 0.047 0.686 0.000 -0.716 0.133 0.947 0.000 0.006 -0.320 0.791 0.000 -0.597 0.133 0.948 0.000 -0.111 -0.300 0.640 0.000 -0.679 -0.358 0.997 0.000 0.005 0.075 0.722 0.000 -0.692 0.005 0.995 -0.000 0.024 0.095 
0.995 0.050 -0.066 0.048 0.685 0.000 -0.715 0.136 0.948 0.000 0.006 -0.319 0.790 -0.000 -0.598 0.133 0.947 0.000 -0.111 -0.300 0.641 0.000 -0.679 -0.358 0.998 0.000 0.009 0.070 0.722 0.000 -0.692 0.007 0.995 0.000 0.024 0.095 
0.995 0.050 -0.066 0.049 0.685 -0.000 -0.716 0.138 0.948 0.000 0.007 -0.318 0.790 0.000 -0.598 0.132 0.947 -0.000 -0.112 -0.301 0.641 0.000 -0.679 -0.358 0.998 0.000 0.013 0.065 0.722 -0.000 -0.692 0.011 0.995 0.000 0.025 0.094 
0.995 0.050 -0.066 0.050 0.685 -0.000 -0.715 0.140 0.948 0.000 0.008 -0.317 0.790 0.000 -0.599 0.130 0.947 0.000 -0.113 -0.301 0.641 0.000 -0.679 -0.358 0.998 -0.000 0.017 0.062 0.722 0.000 -0.692 0.012 0.995 0.000 0.025 0.095 
0.995 0.050 -0.065 0.051 0.684 0.000 -0.715 0.142 0.949 0.000 0.009 -0.315 0.790 -0.000 -0.599 0.129 0.947 0.000 -0.113 -0.301 0.642 0.000 -0.679 -0.357 0.998 0.000 0.021 0.057 0.722 0.000 -0.692 0.014 0.995 0.000 0.027 0.096 
0.995 0.050 -0.065 0.053 0.684 0.000 -0.715 0.144 0.949 0.000 0.010 -0.314 0.790 0.000 -0.600 0.128 0.947 0.000 -0.115 -0.302 0.642 0.000 -0.679 -0.357 0.998 0.000 0.025 0.054 0.722 0.000 -0.692 0.018 0.995 0.000 0.027 0.095 
0.995 0.050 -0.064 0.054 0.683 0.000 -0.715 0.147 0.950 -0.000 0.011 -0.313 0.789 -0.000 -0.601 0.127 0.946 0.000 -0.116 -0.302 0.643 0.000 -0.679 -0.356 0.998 0.000 0.029 0.051 0.722 0.000 -0.692 0.020 0.995 0.000 0.028 0.096 
0.995 0.050 -0.064 0.056 0.682 0.000 -0.715 0.150 0.949 0.000 0.011 -0.314 0.789 0.000 -0.601 0.126 0.946 0.000 -0.115 -0.302 0.643 0.000 -0.679 -0.355 0.998 0.000 0.033 0.048 0.722 0.000 -0.692 0.021 0.995 0.000 0.029 0.097 
0.995 0.050 -0.063 0.058 0.682 0.000 -0.715 0.152 0.950 -0.000 0.012 -0.313 0.789 0.000 -0.602 0.125 0.946 0.000 -0.116 -0.303 0.643 0.000 -0.679 -0.354 0.998 0.000 0.035 0.046 0.722 0.000 -0.691 0.025 0.995 0.000 0.029 0.095 
0.995 0.050 -0.063 0.060 0.682 0.000 -0.715 0.154 0.950 0.000 0.013 -0.312 0.789 0.000 -0.602 0.124 0.946 -0.000 -0.117 -0.304 0.644 0.000 -0.679 -0.353 0.998 0.000 0.038 0.044 0.722 0.000 -0.692 0.026 0.995 0.000 0.031 0.097 
0.995 0.050 -0.062 0.061 0.680 0.000 -0.716 0.158 0.950 0.000 0.013 -0.312 0.788 -0.000 -0.603 0.122 0.945 0.000 -0.118 -0.304 0.644 0.000 -0.679 -0.353 0.998 0.000 0.040 0.042 0.722 0.000 -0.691 0.028 0.995 0.000 0.031 0.098 
0.995 0.050 -0.062 0.063 0.680 0.000 -0.716 0.159 0.950 0.000 0.015 -0.311 0.788 0.000 -0.603 0.121 0.945 0.000 -0.119 -0.305 0.645 -0.000 -0.678 -0.352 0.998 0.000 0.042 0.040 0.723 0.000 -0.691 0.032 0.995 0.000 0.031 0.096 
0.995 0.050 -0.062 0.065 0.679 0.000 -0.716 0.162 0.950 -0.000 0.015 -0.311 0.788 0.000 -0.604 0.120 0.945 0.000 -0.120 -0.305 0.645 0.000 -0.679 -0.350 0.998 -0.000 0.044 0.039 0.723 -0.000 -0.691 0.033 0.995 0.000 0.033 0.098 
0.995 0.051 -0.061 0.067 0.678 0.000 -0.716 0.164 0.950 0.000 0.016 -0.311 0.788 0.000 -0.604 0.119 0.944 0.000 -0.121 -0.306 0.646 0.000 -0.678 -0.350 0.998 0.000 0.045 0.038 0.723 0.000 -0.690 0.035 0.995 0.000 0.033 0.098 
0.994 0.050 -0.061 0.069 0.677 0.000 -0.717 0.166 0.951 0.000 0.018 -0.310 0.788 0.000 -0.604 0.118 0.944 0.000 -0.122 -0.306 0.647 -0.000 -0.679 -0.347 0.998 0.000 0.046 0.037 0.723 0.000 -0.690 0.037 0.995 0.000 0.034 0.098 
0.994 0.050 -0.061 0.073 0.676 0.000 -0.718 0.170 0.951 0.000 0.018 -0.310 0.788 0.000 -0.604 0.116 0.944 0.000 -0.124 -0.306 0.647 0.000 -0.681 -0.343 0.998 0.000 0.048 0.036 0.724 0.000 -0.689 0.040 0.995 0.000 0.035 0.098 
0.994 0.050 -0.060 0.075 0.675 0.000 -0.718 0.172 0.951 0.000 0.020 -0.310 0.788 0.000 -0.604 0.115 0.943 0.000 -0.126 -0.307 0.648 0.000 -0.681 -0.342 0.998 0.000 0.049 0.036 0.724 -0.000 -0.689 0.042 0.994 -0.000 0.036 0.099 
0.994 0.050 -0.060 0.077 0.674 0.000 -0.718 0.173 0.951 0.000 0.021 -0.309 0.788 0.000 -0.605 0.114 0.943 0.000 -0.127 -0.307 0.649 0.000 -0.681 -0.340 0.998 0.000 0.049 0.036 0.724 0.000 -0.688 0.046 0.995 0.000 0.036 0.098 
0.994 0.051 -0.059 0.079 0.673 -0.000 -0.718 0.175 0.951 -0.000 0.022 -0.309 0.788 0.000 -0.605 0.113 0.943 0.000 -0.129 -0.308 0.649 0.000 -0.682 -0.337 0.998 0.000 0.050 0.036 0.724 0.000 -0.688 0.048 0.994 -0.000 0.038 0.099 
0.994 0.050 -0.058 0.082 0.672 -0.000 -0.719 0.177 0.951 0.000 0.024 -0.310 0.788 0.000 -0.605 0.112 0.942 0.000 -0.130 -0.308 0.650 0.000 -0.683 -0.333 0.998 -0.000 0.051 0.036 0.724 0.000 -0.688 0.050 0.994 0.000 0.040 0.100 
0.994 0.050 -0.057 0.084 0.671 0.000 -0.719 0.180 0.951 0.000 0.025 -0.309 0.788 0.000 -0.605 0.111 0.942 0.000 -0.131 -0.308 0.650 0.000 -0.685 -0.329 0.998 0.000 0.051 0.036 0.724 0.000 -0.688 0.053 0.994 -0.000 0.042 0.101 
0.993 0.050 -0.057 0.087 0.670 0.000 -0.719 0.183 0.950 0.000 0.027 -0.311 0.788 0.000 -0.605 0.110 0.942 0.000 -0.133 -0.309 0.650 0.000 -0.687 -0.325 0.998 0.000 0.052 0.036 0.724 0.000 -0.687 0.056 0.994 -0.000 0.043 0.101 
0.993 0.049 -0.056 0.089 0.669 0.000 -0.720 0.185 0.950 -0.000 0.029 -0.311 0.788 0.000 -0.605 0.110 0.941 0.000 -0.136 -0.309 0.650 0.000 -0.689 -0.319 0.998 0.000 0.052 0.036 0.724 0.000 -0.687 0.060 0.994 0.000 0.044 0.102 
0.993 0.048 -0.055 0.092 0.668 0.000 -0.721 0.187 0.950 0.000 0.032 -0.311 0.789 -0.000 -0.605 0.109 0.941 0.000 -0.137 -0.309 0.651 -0.000 -0.692 -0.313 0.998 -0.000 0.052 0.035 0.724 0.000 -0.686 0.065 0.994 0.000 0.046 0.101 
0.993 0.048 -0.054 0.094 0.667 0.000 -0.721 0.189 0.950 0.000 0.034 -0.311 0.788 0.000 -0.605 0.108 0.941 0.000 -0.139 -0.309 0.652 0.000 -0.694 -0.306 0.998 0.000 0.051 0.034 0.724 0.000 -0.686 0.067 0.993 0.000 0.048 0.104 
0.993 0.047 -0.053 0.096 0.666 0.000 -0.721 0.193 0.949 0.000 0.036 -0.312 0.788 0.000 -0.606 0.108 0.941 -0.000 -0.140 -0.309 0.652 0.000 -0.696 -0.299 0.998 0.000 0.050 0.033 0.725 0.000 -0.686 0.070 0.993 0.000 0.049 0.105 
0.993 0.046 -0.052 0.098 0.664 -0.000 -0.722 0.195 0.949 0.000 0.038 -0.313 0.788 -0.000 -0.606 0.107 0.940 0.000 -0.141 -0.310 0.653 -0.000 -0.699 -0.292 0.998 0.000 0.048 0.032 0.725 0.000 -0.685 0.073 0.993 0.000 0.051 0.107 
0.993 0.045 -0.052 0.100 0.663 0.000 -0.723 0.196 0.949 0.000 0.041 -0.312 0.789 0.000 -0.605 0.106 0.940 0.000 -0.141 -0.309 0.653 0.000 -0.702 -0.285 0.998 0.000 0.046 0.030 0.726 0.000 -0.684 0.076 0.993 0.000 0.053 0.109 
0.993 0.044 -0.053 0.101 0.661 0.000 -0.724 0.197 0.949 0.000 0.043 -0.311 0.789 -0.000 -0.605 0.104 0.941 0.000 -0.140 -0.309 0.653 0.000 -0.704 -0.279 0.999 0.000 0.041 0.027 0.727 0.000 -0.682 0.078 0.992 0.000 0.055 0.112 
0.993 0.043 -0.054 0.100 0.659 0.000 -0.726 0.197 0.949 0.000 0.045 -0.311 0.790 0.000 -0.605 0.103 0.940 0.000 -0.138 -0.310 0.653 0.000 -0.706 -0.275 0.999 0.000 0.035 0.025 0.728 0.000 -0.681 0.080 0.992 0.000 0.057 0.114 
0.993 0.043 -0.056 0.098 0.657 -0.000 -0.728 0.197 0.950 0.000 0.046 -0.309 0.790 0.000 -0.604 0.101 0.941 0.000 -0.134 -0.310 0.652 0.000 -0.708 -0.270 0.999 0.000 0.029 0.023 0.729 -0.000 -0.680 0.081 0.991 0.000 0.059 0.118 
0.993 0.042 -0.057 0.096 0.656 -0.000 -0.729 0.196 0.950 -0.000 0.046 -0.307 0.791 0.000 -0.604 0.100 0.941 0.000 -0.130 -0.311 0.651 0.000 -0.710 -0.267 0.999 0.000 0.024 0.022 0.730 0.000 -0.678 0.082 0.991 0.000 0.061 0.122 
0.993 0.042 -0.059 0.093 0.654 -0.000 -0.731 0.193 0.951 0.000 0.049 -0.304 0.791 0.000 -0.604 0.099 0.942 0.000 -0.125 -0.312 0.649 0.000 -0.713 -0.265 1.000 0.000 0.020 0.022 0.731 0.000 -0.677 0.081 0.990 -0.000 0.063 0.128 
0.993 0.042 -0.062 0.090 0.653 0.000 -0.733 0.190 0.952 0.000 0.050 -0.302 0.792 0.000 -0.603 0.098 0.942 -0.000 -0.120 -0.313 0.648 -0.000 -0.715 -0.263 1.000 0.000 0.016 0.023 0.732 0.000 -0.676 0.080 0.989 -0.000 0.064 0.134 
0.993 0.042 -0.063 0.086 0.652 0.000 -0.735 0.187 0.952 0.000 0.051 -0.300 0.792 0.000 -0.602 0.097 0.942 -0.000 -0.115 -0.315 0.646 -0.000 -0.717 -0.263 1.000 0.000 0.013 0.025 0.733 0.000 -0.676 0.077 0.988 0.000 0.067 0.142 
0.994 0.042 -0.065 0.084 0.652 -0.000 -0.736 0.183 0.953 0.000 0.052 -0.298 0.793 0.000 -0.602 0.097 0.942 -0.000 -0.112 -0.316 0.645 0.000 -0.718 -0.261 1.000 0.000 0.009 0.026 0.733 0.000 -0.676 0.073 0.986 -0.000 0.069 0.151 
0.994 0.042 -0.067 0.081 0.650 0.000 -0.738 0.179 0.954 0.000 0.056 -0.296 0.793 -0.000 -0.601 0.098 0.942 0.000 -0.109 -0.318 0.644 -0.000 -0.720 -0.259 1.000 0.000 0.006 0.027 0.734 0.000 -0.676 0.068 0.985 0.000 0.070 0.160 
0.994 0.042 -0.067 0.077 0.651 0.000 -0.739 0.172 0.954 0.000 0.058 -0.294 0.793 0.000 -0.601 0.097 0.942 0.000 -0.103 -0.321 0.644 0.000 -0.719 -0.260 1.000 0.000 0.001 0.029 0.733 0.000 -0.677 0.060 0.983 0.000 0.070 0.173 
0.994 0.042 -0.067 0.075 0.651 0.000 -0.740 0.166 0.954 0.000 0.061 -0.292 0.794 -0.000 -0.600 0.098 0.941 0.000 -0.104 -0.322 0.644 0.000 -0.720 -0.258 1.000 0.000 -0.002 0.030 0.733 0.000 -0.678 0.053 0.980 0.000 0.070 0.185 
0.994 0.043 -0.067 0.074 0.652 0.000 -0.741 0.161 0.955 0.000 0.065 -0.291 0.795 -0.000 -0.599 0.097 0.940 0.000 -0.103 -0.324 0.645 0.000 -0.720 -0.256 1.000 -0.000 -0.004 0.030 0.732 -0.000 -0.680 0.043 0.977 0.000 0.070 0.200 
0.994 0.043 -0.066 0.072 0.653 0.000 -0.741 0.156 0.954 -0.000 0.066 -0.291 0.795 0.000 -0.600 0.096 0.940 0.000 -0.101 -0.325 0.646 -0.000 -0.720 -0.254 1.000 0.000 -0.006 0.030 0.732 0.000 -0.681 0.032 0.974 0.000 0.068 0.214 
0.994 0.044 -0.064 0.071 0.655 -0.000 -0.741 0.150 0.954 0.000 0.069 -0.291 0.795 0.000 -0.599 0.095 0.940 0.000 -0.103 -0.327 0.647 0.000 -0.720 -0.251 1.000 -0.000 -0.008 0.030 0.730 0.000 -0.683 0.021 0.971 -0.000 0.066 0.229 
0.995 0.044 -0.063 0.071 0.656 0.000 -0.741 0.145 0.954 0.000 0.072 -0.292 0.795 -0.000 -0.599 0.095 0.939 0.000 -0.104 -0.328 0.648 0.000 -0.720 -0.247 1.000 0.000 -0.008 0.028 0.729 0.000 -0.684 0.009 0.968 0.000 0.063 0.245 
0.995 0.045 -0.062 0.071 0.658 0.000 -0.740 0.139 0.954 0.000 0.073 -0.292 0.796 0.000 -0.598 0.093 0.938 0.000 -0.107 -0.329 0.649 0.000 -0.721 -0.243 1.000 0.000 -0.008 0.026 0.728 -0.000 -0.685 -0.003 0.964 0.000 0.059 0.260 
0.995 0.045 -0.060 0.070 0.659 -0.000 -0.740 0.135 0.953 0.000 0.075 -0.293 0.796 -0.000 -0.598 0.092 0.938 0.000 -0.108 -0.330 0.649 0.000 -0.722 -0.238 1.000 0.000 -0.007 0.024 0.728 0.000 -0.686 -0.015 0.960 0.000 0.054 0.276 
0.995 0.045 -0.059 0.070 0.661 0.000 -0.739 0.132 0.952 0.000 0.076 -0.296 0.797 0.000 -0.598 0.090 0.937 0.000 -0.111 -0.331 0.649 0.000 -0.724 -0.232 1.000 0.000 -0.006 0.022 0.727 -0.000 -0.686 -0.026 0.956 0.000 0.048 0.291 
0.995 0.045 -0.059 0.070 0.663 0.000 -0.738 0.127 0.951 0.000 0.076 -0.298 0.798 0.000 -0.597 0.087 0.937 0.000 -0.113 -0.332 0.649 0.000 -0.726 -0.227 1.000 0.000 -0.005 0.020 0.727 0.000 -0.686 -0.037 0.951 -0.000 0.041 0.306 
0.995 0.044 -0.058 0.070 0.664 -0.000 -0.737 0.124 0.950 0.000 0.076 -0.302 0.799 0.000 -0.595 0.085 0.936 0.000 -0.115 -0.334 0.649 0.000 -0.728 -0.221 1.000 0.000 -0.004 0.018 0.726 0.000 -0.686 -0.047 0.947 -0.000 0.034 0.319 
0.995 0.044 -0.058 0.070 0.666 -0.000 -0.736 0.121 0.949 -0.000 0.075 -0.305 0.800 0.000 -0.595 0.082 0.935 -0.000 -0.116 -0.335 0.648 -0.000 -0.730 -0.215 1.000 0.000 -0.003 0.016 0.726 0.000 -0.686 -0.055 0.943 0.000 0.028 0.331 
0.995 0.044 -0.058 0.069 0.667 0.000 -0.735 0.118 0.948 0.000 0.074 -0.309 0.801 -0.000 -0.594 0.079 0.934 0.000 -0.117 -0.336 0.648 0.000 -0.732 -0.211 1.000 0.000 -0.003 0.014 0.726 0.000 -0.685 -0.064 0.940 -0.000 0.021 0.342 
0.995 0.044 -0.057 0.067 0.670 0.000 -0.734 0.115 0.947 0.000 0.071 -0.314 0.801 0.000 -0.593 0.076 0.934 0.000 -0.117 -0.338 0.648 0.000 -0.734 -0.206 1.000 0.000 -0.003 0.013 0.726 -0.000 -0.684 -0.072 0.936 0.000 0.013 0.351 
0.995 0.044 -0.057 0.066 0.672 0.000 -0.732 0.112 0.946 0.000 0.069 -0.317 0.802 0.000 -0.593 0.073 0.933 0.000 -0.117 -0.340 0.647 0.000 -0.735 -0.202 1.000 0.000 -0.004 0.011 0.725 0.000 -0.684 -0.080 0.933 0.000 0.006 0.360 
0.995 0.044 -0.057 0.064 0.674 0.000 -0.731 0.107 0.945 0.000 0.066 -0.320 0.802 0.000 -0.593 0.071 0.932 0.000 -0.116 -0.343 0.648 0.000 -0.736 -0.198 1.000 0.000 -0.006 0.010 0.725 -0.000 -0.683 -0.087 0.930 -0.000 -0.001 0.366 
0.995 0.044 -0.056 0.063 0.677 0.000 -0.729 0.103 0.944 0.000 0.063 -0.323 0.802 0.000 -0.593 0.069 0.931 0.000 -0.115 -0.346 0.648 -0.000 -0.736 -0.195 1.000 0.000 -0.007 0.010 0.725 0.000 -0.683 -0.094 0.928 0.000 -0.009 0.372 
0.996 0.044 -0.056 0.061 0.680 0.000 -0.727 0.097 0.944 0.000 0.061 -0.325 0.802 0.000 -0.594 0.066 0.930 0.000 -0.113 -0.349 0.648 0.000 -0.737 -0.193 1.000 0.000 -0.009 0.010 0.724 0.000 -0.682 -0.101 0.927 0.000 -0.017 0.374 
0.996 0.044 -0.055 0.059 0.683 0.000 -0.725 0.091 0.943 0.000 0.058 -0.326 0.802 0.000 -0.594 0.064 0.930 0.000 -0.111 -0.351 0.649 0.000 -0.737 -0.191 1.000 0.000 -0.010 0.011 0.724 0.000 -0.681 -0.109 0.926 0.000 -0.025 0.377 
0.996 0.045 -0.054 0.058 0.686 -0.000 -0.722 0.085 0.943 -0.000 0.056 -0.327 0.801 0.000 -0.595 0.062 0.929 0.000 -0.108 -0.354 0.649 -0.000 -0.736 -0.190 1.000 -0.000 -0.012 0.012 0.723 0.000 -0.681 -0.117 0.925 0.000 -0.031 0.378 
0.996 0.045 -0.053 0.057 0.689 0.000 -0.720 0.078 0.943 0.000 0.055 -0.328 0.801 0.000 -0.596 0.061 0.928 0.000 -0.106 -0.357 0.650 0.000 -0.736 -0.188 1.000 0.000 -0.013 0.012 0.722 -0.000 -0.681 -0.123 0.925 0.000 -0.036 0.377 
0.996 0.045 -0.052 0.055 0.692 0.000 -0.718 0.072 0.943 0.000 0.054 -0.329 0.800 0.000 -0.597 0.061 0.927 0.000 -0.104 -0.361 0.651 0.000 -0.736 -0.186 1.000 -0.000 -0.015 0.012 0.722 0.000 -0.680 -0.131 0.925 0.000 -0.042 0.376 
0.996 0.045 -0.050 0.054 0.695 0.000 -0.716 0.066 0.942 0.000 0.053 -0.330 0.800 0.000 -0.597 0.060 0.925 0.000 -0.103 -0.365 0.652 0.000 -0.736 -0.184 1.000 0.000 -0.017 0.013 0.721 0.000 -0.679 -0.138 0.926 0.000 -0.047 0.374 
0.996 0.045 -0.049 0.053 0.698 -0.000 -0.714 0.059 0.942 0.000 0.053 -0.331 0.799 0.000 -0.598 0.059 0.925 0.000 -0.100 -0.368 0.653 0.000 -0.735 -0.182 1.000 0.000 -0.017 0.014 0.719 0.000 -0.679 -0.145 0.927 -0.000 -0.052 0.371 
0.996 0.045 -0.047 0.052 0.701 0.000 -0.712 0.052 0.942 0.000 0.053 -0.331 0.798 -0.000 -0.600 0.060 0.923 0.000 -0.096 -0.372 0.654 0.000 -0.735 -0.180 1.000 0.000 -0.019 0.014 0.718 0.000 -0.679 -0.151 0.929 0.000 -0.056 0.366 
0.997 0.046 -0.046 0.051 0.703 0.000 -0.710 0.046 0.942 0.000 0.053 -0.332 0.798 0.000 -0.600 0.060 0.922 -0.000 -0.096 -0.375 0.655 0.000 -0.734 -0.178 1.000 -0.000 -0.020 0.015 0.717 0.000 -0.679 -0.157 0.931 0.000 -0.060 0.360 
0.997 0.046 -0.044 0.050 0.705 -0.000 -0.708 0.040 0.941 0.000 0.053 -0.334 0.797 0.000 -0.601 0.059 0.921 0.000 -0.094 -0.379 0.656 0.000 -0.734 -0.176 1.000 0.000 -0.020 0.015 0.717 0.000 -0.678 -0.163 0.933 0.000 -0.063 0.354 
0.997 0.046 -0.043 0.050 0.707 0.000 -0.706 0.033 0.941 0.000 0.054 -0.334 0.797 0.000 -0.601 0.060 0.919 0.000 -0.093 -0.383 0.657 0.000 -0.733 -0.175 1.000 0.000 -0.021 0.017 0.716 0.000 -0.678 -0.169 0.936 0.000 -0.065 0.346 
0.997 0.047 -0.042 0.049 0.709 0.000 -0.705 0.027 0.940 -0.000 0.055 -0.335 0.796 0.000 -0.602 0.060 0.918 0.000 -0.093 -0.386 0.658 -0.000 -0.733 -0.174 1.000 0.000 -0.021 0.017 0.714 -0.000 -0.678 -0.174 0.939 0.000 -0.066 0.338 
0.997 0.047 -0.040 0.048 0.711 0.000 -0.703 0.021 0.940 0.000 0.056 -0.337 0.796 0.000 -0.603 0.060 0.917 -0.000 -0.092 -0.389 0.659 0.000 -0.732 -0.173 1.000 0.000 -0.021 0.018 0.713 -0.000 -0.678 -0.179 0.942 0.000 -0.066 0.328 
0.997 0.048 -0.038 0.047 0.713 0.000 -0.701 0.016 0.939 0.000 0.056 -0.338 0.796 0.000 -0.603 0.060 0.915 -0.000 -0.092 -0.392 0.660 0.000 -0.732 -0.172 1.000 0.000 -0.021 0.019 0.711 0.000 -0.679 -0.183 0.946 -0.000 -0.065 0.318 
0.997 0.048 -0.037 0.047 0.715 0.000 -0.699 0.011 0.939 0.000 0.056 -0.340 0.795 0.000 -0.603 0.060 0.915 0.000 -0.092 -0.394 0.661 0.000 -0.731 -0.170 1.000 -0.000 -0.021 0.020 0.710 0.000 -0.680 -0.184 0.950 0.000 -0.063 0.306 
0.997 0.049 -0.035 0.046 0.716 0.000 -0.698 0.005 0.938 0.000 0.058 -0.341 0.794 -0.000 -0.604 0.060 0.914 0.000 -0.091 -0.396 0.661 0.000 -0.731 -0.169 1.000 -0.000 -0.020 0.020 0.708 0.000 -0.681 -0.187 0.954 -0.000 -0.060 0.293 
0.997 0.049 -0.033 0.046 0.718 -0.000 -0.696 0.001 0.937 0.000 0.057 -0.344 0.795 0.000 -0.604 0.058 0.913 0.000 -0.092 -0.397 0.662 0.000 -0.730 -0.168 1.000 0.000 -0.020 0.021 0.707 0.000 -0.682 -0.189 0.958 0.000 -0.057 0.281 
0.997 0.049 -0.032 0.046 0.719 0.000 -0.695 -0.004 0.937 0.000 0.058 -0.345 0.794 0.000 -0.605 0.059 0.912 0.000 -0.093 -0.400 0.663 -0.000 -0.730 -0.166 1.000 0.000 -0.019 0.021 0.705 0.000 -0.683 -0.191 0.962 -0.000 -0.053 0.267 
0.997 0.050 -0.030 0.045 0.721 0.000 -0.693 -0.008 0.936 0.000 0.058 -0.348 0.794 0.000 -0.606 0.058 0.912 0.000 -0.092 -0.400 0.664 0.000 -0.730 -0.164 1.000 0.000 -0.018 0.021 0.704 0.000 -0.684 -0.192 0.967 0.000 -0.048 0.252 
0.997 0.050 -0.029 0.045 0.722 0.000 -0.692 -0.012 0.935 0.000 0.057 -0.351 0.794 0.000 -0.605 0.056 0.911 0.000 -0.094 -0.401 0.664 0.000 -0.730 -0.162 1.000 0.000 -0.017 0.021 0.703 0.000 -0.685 -0.192 0.971 0.000 -0.043 0.237 
0.997 0.051 -0.028 0.045 0.724 -0.000 -0.690 -0.015 0.934 0.000 0.057 -0.354 0.793 0.000 -0.607 0.057 0.911 0.000 -0.093 -0.403 0.665 0.000 -0.730 -0.161 1.000 0.000 -0.017 0.021 0.701 0.000 -0.687 -0.191 0.974 0.000 -0.037 0.221 
0.997 0.051 -0.026 0.044 0.725 0.000 -0.688 -0.017 0.932 0.000 0.056 -0.358 0.793 0.000 -0.606 0.055 0.910 0.000 -0.094 -0.403 0.665 -0.000 -0.729 -0.159 1.000 0.000 -0.016 0.021 0.700 -0.000 -0.688 -0.190 0.978 0.000 -0.031 0.206 
0.997 0.051 -0.025 0.044 0.726 0.000 -0.687 -0.021 0.931 0.000 0.056 -0.361 0.793 0.000 -0.607 0.055 0.910 0.000 -0.095 -0.403 0.666 -0.000 -0.730 -0.157 1.000 0.000 -0.015 0.021 0.698 0.000 -0.690 -0.189 0.981 0.000 -0.025 0.191 
0.997 0.051 -0.024 0.044 0.727 -0.000 -0.686 -0.024 0.930 -0.000 0.055 -0.364 0.793 0.000 -0.607 0.055 0.910 0.000 -0.095 -0.403 0.666 0.000 -0.730 -0.155 1.000 0.000 -0.015 0.021 0.698 0.000 -0.691 -0.188 0.984 0.000 -0.020 0.176 
0.997 0.051 -0.024 0.043 0.728 0.000 -0.685 -0.026 0.928 0.000 0.054 -0.368 0.793 0.000 -0.607 0.055 0.910 0.000 -0.096 -0.404 0.666 0.000 -0.730 -0.152 1.000 0.000 -0.015 0.020 0.697 -0.000 -0.692 -0.187 0.987 0.000 -0.014 0.163 
0.997 0.051 -0.023 0.043 0.728 0.000 -0.685 -0.028 0.927 0.000 0.054 -0.371 0.793 0.000 -0.607 0.055 0.910 0.000 -0.096 -0.404 0.666 0.000 -0.730 -0.150 1.000 0.000 -0.015 0.019 0.696 0.000 -0.694 -0.186 0.988 0.000 -0.008 0.151 
0.998 0.051 -0.022 0.042 0.729 0.000 -0.684 -0.030 0.925 0.000 0.051 -0.376 0.793 0.000 -0.607 0.055 0.910 -0.000 -0.095 -0.404 0.666 0.000 -0.731 -0.147 1.000 -0.000 -0.015 0.019 0.695 0.000 -0.695 -0.185 0.990 0.000 -0.003 0.139 
0.998 0.051 -0.022 0.042 0.729 0.000 -0.684 -0.032 0.924 0.000 0.051 -0.379 0.793 -0.000 -0.606 0.055 0.910 -0.000 -0.096 -0.403 0.666 0.000 -0.732 -0.145 1.000 -0.000 -0.015 0.018 0.695 0.000 -0.695 -0.183 0.992 0.000 0.001 0.128 
0.998 0.051 -0.022 0.041 0.730 0.000 -0.683 -0.034 0.923 0.000 0.048 -0.381 0.793 0.000 -0.606 0.055 0.910 0.000 -0.096 -0.402 0.666 0.000 -0.732 -0.143 1.000 0.000 -0.015 0.018 0.694 -0.000 -0.696 -0.182 0.993 0.000 0.004 0.118 
0.998 0.051 -0.022 0.041 0.730 -0.000 -0.683 -0.036 0.922 0.000 0.047 -0.384 0.793 0.000 -0.607 0.055 0.911 -0.000 -0.095 -0.401 0.666 0.000 -0.733 -0.139 1.000 0.000 -0.014 0.017 0.694 0.000 -0.696 -0.181 0.994 0.000 0.006 0.109 
0.998 0.051 -0.021 0.040 0.730 -0.000 -0.683 -0.038 0.921 -0.000 0.046 -0.386 0.793 0.000 -0.607 0.057 0.911 0.000 -0.096 -0.401 0.666 0.000 -0.734 -0.137 1.000 0.000 -0.014 0.017 0.694 0.000 -0.697 -0.180 0.995 0.000 0.008 0.101 
0.998 0.050 -0.021 0.039 0.729 0.000 -0.683 -0.038 0.920 -0.000 0.045 -0.389 0.793 0.000 -0.606 0.057 0.912 0.000 -0.097 -0.399 0.666 0.000 -0.734 -0.134 1.000 0.000 -0.014 0.017 0.695 -0.000 -0.697 -0.180 0.995 0.000 0.009 0.095 
0.998 0.050 -0.021 0.039 0.729 -0.000 -0.683 -0.040 0.919 0.000 0.044 -0.391 0.793 0.000 -0.607 0.057 0.913 -0.000 -0.095 -0.397 0.666 -0.000 -0.735 -0.131 1.000 0.000 -0.014 0.016 0.695 0.000 -0.696 -0.178 0.996 0.000 0.009 0.089 
0.998 0.049 -0.021 0.038 0.729 0.000 -0.683 -0.041 0.919 0.000 0.044 -0.393 0.792 0.000 -0.607 0.059 0.913 0.000 -0.095 -0.396 0.666 -0.000 -0.735 -0.128 1.000 0.000 -0.014 0.016 0.696 0.000 -0.696 -0.178 0.996 0.000 0.009 0.083 
0.998 0.049 -0.021 0.038 0.728 0.000 -0.684 -0.042 0.918 0.000 0.044 -0.394 0.793 0.000 -0.606 0.059 0.914 0.000 -0.097 -0.394 0.666 0.000 -0.736 -0.126 1.000 -0.000 -0.015 0.017 0.696 0.000 -0.696 -0.176 0.997 0.000 0.009 0.079 
0.998 0.047 -0.020 0.038 0.728 -0.000 -0.685 -0.043 0.918 -0.000 0.044 -0.395 0.793 0.000 -0.607 0.059 0.915 0.000 -0.096 -0.391 0.666 0.000 -0.736 -0.122 1.000 0.000 -0.015 0.017 0.697 0.000 -0.696 -0.174 0.997 0.000 0.009 0.076 
0.998 0.047 -0.020 0.037 0.727 0.000 -0.685 -0.044 0.918 0.000 0.043 -0.395 0.793 0.000 -0.607 0.060 0.916 0.000 -0.097 -0.389 0.666 0.000 -0.737 -0.120 1.000 0.000 -0.016 0.018 0.698 0.000 -0.696 -0.172 0.997 0.000 0.007 0.071 
0.998 0.046 -0.020 0.036 0.726 0.000 -0.686 -0.046 0.918 0.000 0.044 -0.395 0.792 0.000 -0.607 0.061 0.917 0.000 -0.097 -0.386 0.665 0.000 -0.737 -0.118 1.000 0.000 -0.016 0.019 0.698 0.000 -0.696 -0.170 0.998 0.000 0.007 0.069 
0.998 0.045 -0.020 0.036 0.725 0.000 -0.687 -0.045 0.917 0.000 0.043 -0.396 0.792 0.000 -0.607 0.063 0.918 0.000 -0.098 -0.385 0.665 0.000 -0.738 -0.116 1.000 0.000 -0.016 0.020 0.699 0.000 -0.696 -0.168 0.998 0.000 0.007 0.067 
0.998 0.044 -0.020 0.035 0.724 0.000 -0.688 -0.047 0.918 0.000 0.043 -0.395 0.791 -0.000 -0.608 0.064 0.919 0.000 -0.096 -0.381 0.665 -0.000 -0.738 -0.114 1.000 0.000 -0.017 0.021 0.699 0.000 -0.696 -0.165 0.998 0.000 0.006 0.066 
0.998 0.043 -0.020 0.034 0.723 0.000 -0.689 -0.047 0.918 0.000 0.043 -0.395 0.791 0.000 -0.608 0.065 0.920 0.000 -0.097 -0.379 0.665 0.000 -0.738 -0.112 1.000 0.000 -0.017 0.022 0.700 -0.000 -0.696 -0.162 0.998 0.000 0.005 0.067 
0.998 0.043 -0.020 0.033 0.722 0.000 -0.691 -0.049 0.918 0.000 0.043 -0.394 0.791 -0.000 -0.608 0.067 0.921 0.000 -0.096 -0.377 0.665 0.000 -0.739 -0.110 1.000 0.000 -0.017 0.024 0.700 -0.000 -0.696 -0.160 0.998 0.000 0.004 0.068 
0.998 0.042 -0.020 0.032 0.720 -0.000 -0.692 -0.049 0.919 0.000 0.043 -0.392 0.790 0.000 -0.609 0.067 0.922 -0.000 -0.095 -0.375 0.665 0.000 -0.739 -0.108 1.000 0.000 -0.017 0.025 0.700 -0.000 -0.697 -0.157 0.998 0.000 0.003 0.070 
0.998 0.041 -0.020 0.031 0.719 0.000 -0.693 -0.050 0.919 0.000 0.043 -0.391 0.790 0.000 -0.609 0.069 0.923 0.000 -0.096 -0.373 0.665 0.000 -0.739 -0.107 1.000 0.000 -0.017 0.027 0.701 -0.000 -0.696 -0.155 0.997 0.000 0.002 0.072 
0.999 0.040 -0.021 0.030 0.717 -0.000 -0.695 -0.051 0.920 0.000 0.043 -0.389 0.790 0.000 -0.609 0.071 0.924 0.000 -0.095 -0.370 0.664 0.000 -0.740 -0.104 0.999 0.000 -0.017 0.027 0.702 -0.000 -0.696 -0.151 0.997 0.000 0.001 0.075 
0.999 0.039 -0.021 0.029 0.716 -0.000 -0.697 -0.051 0.921 0.000 0.043 -0.387 0.790 -0.000 -0.609 0.072 0.925 0.000 -0.095 -0.368 0.664 0.000 -0.741 -0.102 0.999 0.000 -0.017 0.028 0.703 0.000 -0.696 -0.146 0.997 0.000 0.000 0.075 
0.999 0.039 -0.021 0.029 0.714 0.000 -0.698 -0.051 0.922 0.000 0.043 -0.385 0.789 0.000 -0.609 0.073 0.926 -0.000 -0.094 -0.365 0.664 0.000 -0.741 -0.101 0.999 0.000 -0.017 0.029 0.703 0.000 -0.696 -0.143 0.997 0.000 -0.000 0.076 
0.999 0.038 -0.021 0.028 0.712 0.000 -0.700 -0.051 0.923 0.000 0.044 -0.383 0.789 0.000 -0.610 0.074 0.927 0.000 -0.093 -0.362 0.664 0.000 -0.741 -0.099 0.999 -0.000 -0.017 0.029 0.703 0.000 -0.698 -0.138 0.997 0.000 0.001 0.075 
0.999 0.038 -0.022 0.027 0.711 0.000 -0.702 -0.051 0.924 0.000 0.044 -0.381 0.789 0.000 -0.610 0.076 0.928 0.000 -0.093 -0.360 0.663 0.000 -0.742 -0.097 0.999 0.000 -0.017 0.030 0.703 -0.000 -0.698 -0.134 0.997 -0.000 0.002 0.073 
0.999 0.037 -0.022 0.026 0.709 -0.000 -0.703 -0.050 0.924 0.000 0.044 -0.379 0.788 -0.000 -0.611 0.076 0.929 0.000 -0.092 -0.358 0.663 0.000 -0.742 -0.095 0.999 0.000 -0.017 0.030 0.704 0.000 -0.699 -0.130 0.997 0.000 0.004 0.071 
0.999 0.037 -0.022 0.025 0.708 0.000 -0.705 -0.050 0.926 0.000 0.044 -0.376 0.788 0.000 -0.611 0.077 0.930 0.000 -0.090 -0.355 0.664 0.000 -0.742 -0.093 0.999 0.000 -0.019 0.030 0.704 -0.000 -0.699 -0.125 0.998 0.000 0.005 0.068 
0.999 0.037 -0.023 0.024 0.706 0.000 -0.707 -0.050 0.927 0.000 0.044 -0.373 0.787 0.000 -0.612 0.078 0.932 -0.000 -0.088 -0.353 0.662 0.000 -0.744 -0.093 0.999 0.000 -0.018 0.031 0.705 0.000 -0.699 -0.121 0.998 0.000 0.005 0.065 
0.999 0.037 -0.024 0.023 0.704 -0.000 -0.708 -0.048 0.928 -0.000 0.045 -0.370 0.787 0.000 -0.612 0.079 0.932 0.000 -0.087 -0.351 0.662 0.000 -0.744 -0.092 0.999 0.000 -0.018 0.031 0.706 0.000 -0.699 -0.117 0.998 0.000 0.006 0.063 
0.999 0.036 -0.025 0.023 0.702 0.000 -0.710 -0.048 0.930 0.000 0.046 -0.366 0.787 0.000 -0.612 0.079 0.934 0.000 -0.087 -0.348 0.662 0.000 -0.745 -0.089 0.999 0.000 -0.019 0.031 0.708 0.000 -0.698 -0.113 0.998 0.000 0.005 0.061 
0.999 0.036 -0.025 0.023 0.701 0.000 -0.712 -0.047 0.931 0.000 0.046 -0.362 0.787 0.000 -0.612 0.081 0.934 0.000 -0.088 -0.347 0.662 0.000 -0.745 -0.088 0.999 0.000 -0.019 0.030 0.708 0.000 -0.698 -0.108 0.998 0.000 0.005 0.059 
0.999 0.036 -0.025 0.023 0.699 0.000 -0.714 -0.046 0.932 0.000 0.047 -0.358 0.787 0.000 -0.612 0.081 0.935 0.000 -0.087 -0.345 0.661 0.000 -0.745 -0.086 0.999 0.000 -0.019 0.030 0.708 0.000 -0.698 -0.104 0.998 0.000 0.005 0.057 
0.999 0.036 -0.026 0.023 0.698 0.000 -0.715 -0.044 0.934 0.000 0.047 -0.355 0.786 0.000 -0.613 0.081 0.936 0.000 -0.087 -0.341 0.661 0.000 -0.746 -0.083 0.999 0.000 -0.019 0.029 0.709 0.000 -0.698 -0.101 0.998 0.000 0.005 0.055 
0.999 0.036 -0.027 0.023 0.695 0.000 -0.717 -0.043 0.935 0.000 0.049 -0.351 0.786 0.000 -0.613 0.082 0.936 0.000 -0.087 -0.340 0.661 -0.000 -0.746 -0.082 0.999 0.000 -0.019 0.029 0.710 0.000 -0.698 -0.097 0.999 -0.000 0.005 0.052 
0.999 0.035 -0.027 0.024 0.694 0.000 -0.718 -0.041 0.937 0.000 0.050 -0.346 0.786 0.000 -0.613 0.083 0.937 -0.000 -0.086 -0.339 0.660 0.000 -0.747 -0.079 0.999 0.000 -0.019 0.028 0.710 0.000 -0.698 -0.092 0.999 0.000 0.005 0.049 
0.999 0.035 -0.028 0.024 0.693 0.000 -0.720 -0.040 0.939 0.000 0.051 -0.341 0.786 0.000 -0.613 0.083 0.938 0.000 -0.087 -0.337 0.660 0.000 -0.748 -0.077 0.999 0.000 -0.018 0.027 0.710 0.000 -0.698 -0.089 0.999 -0.000 0.006 0.046 
0.999 0.035 -0.029 0.024 0.691 0.000 -0.721 -0.039 0.940 0.000 0.052 -0.336 0.786 0.000 -0.613 0.083 0.938 0.000 -0.087 -0.334 0.659 0.000 -0.749 -0.074 1.000 0.000 -0.018 0.026 0.710 -0.000 -0.699 -0.085 0.999 0.000 0.006 0.044 
0.999 0.035 -0.030 0.025 0.690 0.000 -0.723 -0.037 0.942 0.000 0.053 -0.331 0.786 0.000 -0.613 0.083 0.939 0.000 -0.087 -0.333 0.658 0.000 -0.750 -0.072 1.000 0.000 -0.017 0.025 0.711 0.000 -0.698 -0.082 0.999 0.000 0.006 0.042 
0.999 0.035 -0.030 0.026 0.688 0.000 -0.725 -0.034 0.944 0.000 0.054 -0.327 0.786 0.000 -0.612 0.083 0.939 -0.000 -0.088 -0.331 0.657 0.000 -0.750 -0.070 1.000 0.000 -0.017 0.024 0.712 0.000 -0.698 -0.080 0.999 0.000 0.006 0.041 
0.999 0.035 -0.031 0.027 0.687 0.000 -0.726 -0.032 0.945 0.000 0.055 -0.322 0.786 0.000 -0.612 0.084 0.940 -0.000 -0.089 -0.330 0.656 -0.000 -0.751 -0.068 1.000 0.000 -0.016 0.023 0.712 0.000 -0.698 -0.077 0.999 0.000 0.006 0.039 
0.998 0.035 -0.032 0.028 0.685 0.000 -0.728 -0.029 0.947 0.000 0.056 -0.318 0.787 0.000 -0.612 0.083 0.940 0.000 -0.090 -0.329 0.656 0.000 -0.752 -0.066 1.000 -0.000 -0.016 0.022 0.713 0.000 -0.697 -0.075 0.999 0.000 0.007 0.038 
0.998 0.035 -0.033 0.029 0.684 0.000 -0.729 -0.027 0.948 0.000 0.058 -0.312 0.787 0.000 -0.612 0.083 0.940 0.000 -0.090 -0.328 0.655 0.000 -0.753 -0.063 1.000 -0.000 -0.015 0.020 0.713 0.000 -0.697 -0.074 0.999 0.000 0.007 0.037 
0.998 0.035 -0.034 0.030 0.683 0.000 -0.730 -0.023 0.950 0.000 0.059 -0.308 0.787 0.000 -0.612 0.082 0.941 0.000 -0.090 -0.326 0.654 0.000 -0.754 -0.061 1.000 0.000 -0.015 0.019 0.713 0.000 -0.697 -0.072 0.999 -0.000 0.008 0.036 
0.998 0.035 -0.035 0.032 0.681 -0.000 -0.732 -0.020 0.951 0.000 0.060 -0.304 0.787 0.000 -0.611 0.082 0.941 0.000 -0.091 -0.325 0.653 0.000 -0.755 -0.059 1.000 0.000 -0.013 0.018 0.714 0.000 -0.697 -0.071 0.999 0.000 0.008 0.036 
0.998 0.034 -0.035 0.035 0.681 0.000 -0.732 -0.015 0.952 0.000 0.060 -0.300 0.787 0.000 -0.612 0.081 0.942 0.000 -0.092 -0.323 0.653 0.000 -0.755 -0.055 1.000 0.000 -0.014 0.017 0.714 0.000 -0.697 -0.069 0.999 0.000 0.009 0.036 
0.998 0.034 -0.036 0.037 0.680 0.000 -0.733 -0.011 0.953 0.000 0.061 -0.296 0.787 0.000 -0.612 0.081 0.942 -0.000 -0.093 -0.323 0.653 0.000 -0.756 -0.053 1.000 -0.000 -0.014 0.015 0.714 0.000 -0.697 -0.069 0.999 0.000 0.010 0.036 
0.998 0.034 -0.036 0.039 0.679 0.000 -0.734 -0.007 0.954 0.000 0.062 -0.293 0.787 0.000 -0.612 0.081 0.942 0.000 -0.095 -0.323 0.652 0.000 -0.756 -0.051 1.000 0.000 -0.014 0.014 0.714 -0.000 -0.697 -0.068 0.999 -0.000 0.010 0.037 
0.998 0.034 -0.036 0.042 0.679 0.000 -0.734 -0.002 0.955 0.000 0.062 -0.289 0.786 0.000 -0.613 0.080 0.942 0.000 -0.096 -0.322 0.652 0.000 -0.757 -0.049 1.000 0.000 -0.013 0.013 0.713 -0.000 -0.698 -0.069 0.999 0.000 0.012 0.038 
0.998 0.034 -0.037 0.044 0.678 0.000 -0.735 0.003 0.956 0.000 0.063 -0.286 0.786 0.000 -0.613 0.080 0.942 0.000 -0.096 -0.321 0.651 0.000 -0.757 -0.047 1.000 0.000 -0.013 0.013 0.713 -0.000 -0.698 -0.068 0.999 0.000 0.012 0.038 
0.998 0.033 -0.037 0.047 0.677 0.000 -0.736 0.009 0.957 -0.000 0.063 -0.284 0.786 0.000 -0.613 0.080 0.942 0.000 -0.098 -0.322 0.651 0.000 -0.758 -0.045 1.000 0.000 -0.013 0.012 0.713 0.000 -0.698 -0.068 0.999 -0.000 0.012 0.039 
0.998 0.033 -0.037 0.050 0.676 0.000 -0.736 0.015 0.958 0.000 0.063 -0.281 0.786 -0.000 -0.614 0.079 0.942 0.000 -0.100 -0.322 0.651 0.000 -0.758 -0.043 1.000 0.000 -0.013 0.012 0.713 -0.000 -0.698 -0.068 0.999 0.000 0.012 0.040 
0.997 0.033 -0.038 0.053 0.676 0.000 -0.737 0.022 0.958 0.000 0.063 -0.279 0.786 -0.000 -0.614 0.078 0.942 0.000 -0.101 -0.321 0.650 -0.000 -0.759 -0.041 1.000 0.000 -0.012 0.012 0.713 0.000 -0.698 -0.068 0.999 0.000 0.012 0.040 
0.997 0.033 -0.038 0.056 0.675 0.000 -0.737 0.028 0.958 0.000 0.063 -0.278 0.785 0.000 -0.614 0.078 0.941 0.000 -0.101 -0.321 0.649 0.000 -0.760 -0.039 1.000 0.000 -0.012 0.012 0.714 -0.000 -0.697 -0.068 0.999 0.000 0.011 0.041 
0.997 0.032 -0.038 0.059 0.674 0.000 -0.738 0.035 0.959 0.000 0.063 -0.276 0.785 0.000 -0.615 0.077 0.941 0.000 -0.101 -0.322 0.649 0.000 -0.760 -0.038 1.000 0.000 -0.011 0.013 0.714 0.000 -0.697 -0.068 0.999 -0.000 0.011 0.042 
0.997 0.032 -0.039 0.062 0.674 -0.000 -0.738 0.042 0.960 0.000 0.062 -0.275 0.784 0.000 -0.616 0.076 0.941 0.000 -0.101 -0.322 0.648 0.000 -0.761 -0.037 1.000 0.000 -0.011 0.014 0.714 0.000 -0.697 -0.068 0.999 0.000 0.010 0.042 
0.997 0.032 -0.039 0.065 0.673 0.000 -0.738 0.048 0.960 0.000 0.062 -0.273 0.784 -0.000 -0.616 0.075 0.941 0.000 -0.103 -0.322 0.648 0.000 -0.761 -0.036 1.000 0.000 -0.011 0.015 0.715 0.000 -0.696 -0.067 0.999 0.000 0.010 0.043 
0.996 0.031 -0.039 0.068 0.672 0.000 -0.738 0.055 0.960 0.000 0.061 -0.272 0.783 0.000 -0.617 0.074 0.941 -0.000 -0.103 -0.322 0.647 0.000 -0.762 -0.034 1.000 0.000 -0.010 0.015 0.715 -0.000 -0.696 -0.067 0.999 0.000 0.009 0.043 
0.996 0.031 -0.040 0.071 0.672 0.000 -0.738 0.062 0.961 0.000 0.060 -0.271 0.783 0.000 -0.617 0.074 0.941 0.000 -0.103 -0.323 0.647 -0.000 -0.762 -0.033 1.000 -0.000 -0.009 0.016 0.715 0.000 -0.696 -0.066 0.999 0.000 0.008 0.043 
0.996 0.031 -0.040 0.073 0.671 -0.000 -0.738 0.068 0.961 0.000 0.059 -0.270 0.782 -0.000 -0.618 0.074 0.940 -0.000 -0.103 -0.324 0.646 0.000 -0.762 -0.033 1.000 -0.000 -0.009 0.018 0.715 0.000 -0.696 -0.066 0.999 0.000 0.008 0.043 
0.996 0.031 -0.040 0.075 0.671 -0.000 -0.738 0.075 0.961 -0.000 0.058 -0.270 0.781 0.000 -0.620 0.074 0.940 0.000 -0.102 -0.325 0.646 -0.000 -0.762 -0.032 1.000 0.000 -0.008 0.019 0.715 0.000 -0.696 -0.066 0.999 0.000 0.008 0.043 
0.996 0.030 -0.040 0.078 0.671 -0.000 -0.737 0.083 0.961 0.000 0.055 -0.270 0.780 0.000 -0.621 0.074 0.940 0.000 -0.101 -0.326 0.646 0.000 -0.763 -0.032 1.000 0.000 -0.007 0.020 0.715 0.000 -0.696 -0.065 0.999 0.000 0.008 0.043 
0.996 0.030 -0.040 0.080 0.670 0.000 -0.737 0.089 0.961 0.000 0.055 -0.270 0.780 0.000 -0.622 0.074 0.939 0.000 -0.101 -0.327 0.646 0.000 -0.763 -0.030 1.000 -0.000 -0.006 0.020 0.715 0.000 -0.696 -0.063 0.999 0.000 0.008 0.043 
0.995 0.030 -0.040 0.082 0.670 -0.000 -0.737 0.096 0.961 0.000 0.053 -0.271 0.779 0.000 -0.622 0.074 0.939 0.000 -0.102 -0.329 0.646 0.000 -0.763 -0.030 1.000 0.000 -0.005 0.023 0.715 0.000 -0.696 -0.063 0.999 0.000 0.008 0.043 
0.995 0.030 -0.040 0.083 0.670 -0.000 -0.736 0.102 0.961 -0.000 0.051 -0.272 0.778 -0.000 -0.624 0.074 0.938 -0.000 -0.101 -0.330 0.646 0.000 -0.763 -0.030 1.000 -0.000 -0.005 0.023 0.715 0.000 -0.696 -0.063 0.999 0.000 0.008 0.043 
0.995 0.029 -0.039 0.085 0.670 0.000 -0.735 0.107 0.961 0.000 0.050 -0.271 0.777 -0.000 -0.625 0.074 0.938 0.000 -0.101 -0.332 0.646 0.000 -0.763 -0.028 1.000 0.000 -0.005 0.024 0.715 0.000 -0.697 -0.062 0.999 0.000 0.008 0.043 
0.995 0.029 -0.040 0.087 0.669 0.000 -0.734 0.114 0.961 -0.000 0.048 -0.273 0.777 0.000 -0.625 0.075 0.937 0.000 -0.101 -0.333 0.646 0.000 -0.763 -0.027 1.000 0.000 -0.005 0.024 0.715 -0.000 -0.697 -0.061 0.999 0.000 0.008 0.043 
0.995 0.030 -0.040 0.088 0.670 0.000 -0.733 0.119 0.961 0.000 0.046 -0.273 0.776 0.000 -0.626 0.075 0.937 0.000 -0.101 -0.335 0.646 0.000 -0.763 -0.027 1.000 0.000 -0.005 0.023 0.715 0.000 -0.697 -0.061 0.999 -0.000 0.008 0.043 
0.995 0.029 -0.040 0.089 0.670 0.000 -0.732 0.124 0.961 0.000 0.044 -0.274 0.775 0.000 -0.627 0.076 0.937 0.000 -0.101 -0.336 0.646 0.000 -0.763 -0.025 1.000 -0.000 -0.005 0.023 0.715 0.000 -0.697 -0.061 0.999 0.000 0.007 0.044 
0.995 0.029 -0.040 0.091 0.670 0.000 -0.731 0.128 0.961 -0.000 0.043 -0.275 0.774 -0.000 -0.629 0.076 0.937 0.000 -0.098 -0.336 0.645 0.000 -0.763 -0.024 1.000 0.000 -0.005 0.023 0.715 0.000 -0.697 -0.060 0.999 0.000 0.008 0.044 
0.995 0.029 -0.040 0.092 0.670 0.000 -0.730 0.133 0.960 0.000 0.041 -0.276 0.773 0.000 -0.630 0.077 0.936 -0.000 -0.096 -0.338 0.645 0.000 -0.764 -0.023 1.000 0.000 -0.005 0.023 0.715 0.000 -0.697 -0.060 0.999 0.000 0.007 0.044 
0.994 0.029 -0.040 0.093 0.670 0.000 -0.730 0.135 0.961 0.000 0.041 -0.275 0.772 0.000 -0.631 0.078 0.936 -0.000 -0.096 -0.339 0.645 0.000 -0.764 -0.021 1.000 0.000 -0.005 0.023 0.715 0.000 -0.697 -0.059 0.999 -0.000 0.007 0.044 
0.994 0.029 -0.040 0.094 0.672 0.000 -0.728 0.138 0.961 0.000 0.039 -0.275 0.772 0.000 -0.630 0.078 0.936 0.000 -0.098 -0.339 0.645 0.000 -0.764 -0.020 1.000 0.000 -0.005 0.023 0.715 -0.000 -0.697 -0.059 0.999 0.000 0.008 0.045 
0.994 0.029 -0.040 0.095 0.673 0.000 -0.727 0.140 0.961 0.000 0.038 -0.275 0.772 0.000 -0.631 0.078 0.935 0.000 -0.098 -0.340 0.645 0.000 -0.764 -0.019 1.000 0.000 -0.005 0.024 0.715 0.000 -0.697 -0.059 0.999 0.000 0.008 0.045 
0.994 0.029 -0.040 0.095 0.673 0.000 -0.726 0.141 0.961 -0.000 0.038 -0.275 0.771 0.000 -0.632 0.079 0.935 0.000 -0.098 -0.340 0.645 -0.000 -0.764 -0.019 1.000 0.000 -0.005 0.024 0.714 0.000 -0.698 -0.059 0.999 0.000 0.008 0.045 
0.994 0.029 -0.040 0.096 0.674 0.000 -0.725 0.142 0.961 0.000 0.038 -0.274 0.770 0.000 -0.632 0.080 0.935 0.000 -0.098 -0.340 0.645 0.000 -0.764 -0.018 1.000 0.000 -0.004 0.024 0.714 0.000 -0.698 -0.057 0.999 0.000 0.008 0.045 
0.994 0.030 -0.040 0.096 0.675 0.000 -0.724 0.144 0.961 0.000 0.037 -0.275 0.770 0.000 -0.633 0.080 0.935 0.000 -0.096 -0.341 0.646 0.000 -0.763 -0.018 1.000 -0.000 -0.005 0.024 0.714 0.000 -0.698 -0.058 0.999 0.000 0.008 0.045 
0.994 0.029 -0.040 0.097 0.676 0.000 -0.723 0.142 0.961 0.000 0.038 -0.273 0.769 0.000 -0.634 0.081 0.936 -0.000 -0.095 -0.340 0.645 -0.000 -0.764 -0.016 1.000 0.000 -0.005 0.024 0.715 0.000 -0.697 -0.057 0.999 0.000 0.007 0.045 
0.994 0.030 -0.040 0.097 0.677 0.000 -0.722 0.143 0.961 0.000 0.038 -0.274 0.769 0.000 -0.634 0.081 0.936 0.000 -0.096 -0.340 0.645 -0.000 -0.764 -0.016 1.000 0.000 -0.005 0.024 0.715 -0.000 -0.697 -0.057 0.999 -0.000 0.007 0.045 
0.994 0.030 -0.040 0.098 0.677 0.000 -0.722 0.142 0.961 0.000 0.040 -0.273 0.768 0.000 -0.635 0.082 0.936 0.000 -0.095 -0.339 0.645 0.000 -0.764 -0.015 1.000 0.000 -0.005 0.023 0.715 0.000 -0.697 -0.057 0.999 0.000 0.007 0.046 
0.994 0.030 -0.040 0.098 0.678 0.000 -0.722 0.139 0.962 0.000 0.041 -0.271 0.768 0.000 -0.635 0.084 0.936 0.000 -0.095 -0.339 0.645 0.000 -0.764 -0.014 1.000 0.000 -0.004 0.024 0.715 0.000 -0.697 -0.056 0.999 0.000 0.007 0.046 
0.994 0.030 -0.041 0.097 0.679 0.000 -0.721 0.138 0.962 0.000 0.042 -0.271 0.767 0.000 -0.636 0.085 0.936 0.000 -0.094 -0.338 0.645 0.000 -0.764 -0.014 1.000 0.000 -0.004 0.025 0.715 0.000 -0.697 -0.056 0.999 0.000 0.007 0.046 
0.994 0.030 -0.041 0.098 0.680 0.000 -0.721 0.135 0.962 0.000 0.045 -0.271 0.767 -0.000 -0.636 0.085 0.937 0.000 -0.093 -0.337 0.645 0.000 -0.764 -0.013 1.000 0.000 -0.003 0.024 0.715 0.000 -0.697 -0.056 0.999 0.000 0.007 0.046 
0.994 0.031 -0.041 0.097 0.680 0.000 -0.721 0.133 0.962 0.000 0.046 -0.271 0.766 0.000 -0.637 0.086 0.937 0.000 -0.092 -0.337 0.645 0.000 -0.764 -0.012 1.000 0.000 -0.003 0.024 0.715 0.000 -0.697 -0.055 0.999 0.000 0.006 0.046 
0.994 0.031 -0.041 0.097 0.681 -0.000 -0.720 0.130 0.962 0.000 0.047 -0.270 0.766 0.000 -0.637 0.087 0.938 0.000 -0.089 -0.336 0.645 0.000 -0.764 -0.012 1.000 0.000 -0.003 0.024 0.715 0.000 -0.697 -0.055 0.999 -0.000 0.006 0.047 
0.994 0.031 -0.041 0.096 0.682 0.000 -0.720 0.127 0.962 0.000 0.049 -0.270 0.765 0.000 -0.638 0.087 0.938 0.000 -0.088 -0.334 0.645 0.000 -0.764 -0.011 1.000 -0.000 -0.002 0.022 0.715 0.000 -0.697 -0.055 0.999 0.000 0.006 0.047 
0.994 0.032 -0.041 0.096 0.683 0.000 -0.720 0.124 0.962 0.000 0.050 -0.269 0.765 0.000 -0.638 0.088 0.939 0.000 -0.087 -0.333 0.645 0.000 -0.764 -0.010 1.000 -0.000 -0.002 0.022 0.715 0.000 -0.697 -0.055 0.999 0.000 0.006 0.047 
0.994 0.032 -0.041 0.095 0.684 0.000 -0.719 0.119 0.962 -0.000 0.053 -0.269 0.764 -0.000 -0.639 0.089 0.940 0.000 -0.085 -0.331 0.645 0.000 -0.764 -0.009 1.000 0.000 -0.002 0.021 0.714 0.000 -0.698 -0.054 0.999 0.000 0.007 0.047 
0.994 0.032 -0.041 0.094 0.686 0.000 -0.719 0.115 0.962 -0.000 0.054 -0.269 0.764 0.000 -0.639 0.090 0.940 0.000 -0.084 -0.330 0.645 0.000 -0.764 -0.009 1.000 0.000 -0.002 0.021 0.713 0.000 -0.699 -0.054 0.999 0.000 0.007 0.047 
0.994 0.033 -0.041 0.093 0.687 0.000 -0.718 0.112 0.961 -0.000 0.055 -0.269 0.763 -0.000 -0.640 0.090 0.941 -0.000 -0.082 -0.329 0.645 -0.000 -0.764 -0.009 1.000 0.000 -0.002 0.021 0.713 0.000 -0.699 -0.054 0.999 -0.000 0.007 0.048 
0.994 0.033 -0.041 0.092 0.688 0.000 -0.718 0.108 0.961 0.000 0.055 -0.270 0.763 0.000 -0.640 0.091 0.942 0.000 -0.080 -0.327 0.645 0.000 -0.764 -0.009 1.000 0.000 -0.001 0.020 0.713 0.000 -0.699 -0.054 0.999 0.000 0.008 0.048 
0.994 0.033 -0.041 0.091 0.690 -0.000 -0.717 0.101 0.961 -0.000 0.057 -0.269 0.762 0.000 -0.641 0.092 0.942 0.000 -0.078 -0.326 0.645 -0.000 -0.764 -0.008 1.000 0.000 -0.001 0.020 0.713 0.000 -0.700 -0.053 0.999 0.000 0.008 0.047 
0.995 0.034 -0.041 0.090 0.691 0.000 -0.717 0.097 0.961 0.000 0.058 -0.270 0.762 0.000 -0.641 0.093 0.943 0.000 -0.077 -0.324 0.645 0.000 -0.764 -0.008 1.000 -0.000 -0.001 0.020 0.713 -0.000 -0.699 -0.052 0.999 -0.000 0.008 0.047 
0.995 0.035 -0.042 0.089 0.691 0.000 -0.717 0.093 0.960 0.000 0.059 -0.272 0.762 0.000 -0.641 0.094 0.943 0.000 -0.076 -0.324 0.645 0.000 -0.764 -0.008 1.000 0.000 -0.000 0.018 0.713 0.000 -0.700 -0.053 0.999 0.000 0.009 0.047 
0.995 0.035 -0.041 0.087 0.692 0.000 -0.716 0.088 0.960 0.000 0.060 -0.272 0.762 0.000 -0.641 0.094 0.944 0.000 -0.075 -0.322 0.645 0.000 -0.764 -0.008 1.000 0.000 0.000 0.018 0.712 0.000 -0.700 -0.052 0.999 0.000 0.009 0.047 
0.995 0.035 -0.041 0.086 0.694 0.000 -0.716 0.081 0.960 0.000 0.061 -0.272 0.761 0.000 -0.641 0.095 0.944 0.000 -0.073 -0.320 0.645 0.000 -0.764 -0.008 1.000 0.000 0.001 0.018 0.712 0.000 -0.700 -0.051 0.999 0.000 0.010 0.047 
0.995 0.036 -0.041 0.084 0.695 0.000 -0.715 0.075 0.960 0.000 0.062 -0.272 0.761 0.000 -0.642 0.096 0.945 -0.000 -0.072 -0.319 0.645 0.000 -0.764 -0.009 1.000 0.000 0.001 0.019 0.712 -0.000 -0.701 -0.051 0.999 0.000 0.010 0.046 
0.995 0.036 -0.042 0.083 0.697 0.000 -0.714 0.071 0.960 0.000 0.062 -0.274 0.761 0.000 -0.642 0.096 0.946 0.000 -0.071 -0.318 0.645 0.000 -0.764 -0.008 1.000 0.000 0.001 0.018 0.711 0.000 -0.701 -0.050 0.999 0.000 0.010 0.046 
