# T   LUA LFA RUA RFA LT  LS  RT  RS  
1.000 -0.020 0.010 -0.000 0.756 0.000 -0.655 -0.012 0.976 0.000 -0.014 -0.216 0.943 0.000 -0.327 -0.058 0.514 0.000 0.858 0.018 0.696 0.000 -0.718 0.007 0.996 -0.000 0.040 0.085 0.702 0.000 -0.708 0.074 1.000 0.000 0.016 -0.001 
1.000 -0.020 0.010 -0.001 0.756 -0.000 -0.655 -0.012 0.976 0.000 -0.014 -0.216 0.944 0.000 -0.326 -0.056 0.514 0.000 0.858 0.009 0.696 0.000 -0.718 0.006 0.996 -0.000 0.040 0.085 0.702 0.000 -0.708 0.074 1.000 0.000 0.019 0.008 
1.000 -0.020 0.010 -0.001 0.756 0.000 -0.654 -0.013 0.976 0.000 -0.014 -0.216 0.944 0.000 -0.325 -0.054 0.514 0.000 0.858 -0.002 0.696 0.000 -0.718 0.006 0.996 0.000 0.040 0.086 0.702 0.000 -0.708 0.074 1.000 0.000 0.019 0.008 
1.000 -0.020 0.010 -0.001 0.756 -0.000 -0.654 -0.013 0.976 0.000 -0.013 -0.217 0.945 0.000 -0.323 -0.052 0.515 0.000 0.857 -0.014 0.696 0.000 -0.718 0.006 0.996 0.000 0.040 0.085 0.702 -0.000 -0.708 0.074 1.000 0.000 0.019 0.005 
1.000 -0.020 0.010 -0.001 0.756 0.000 -0.654 -0.013 0.976 0.000 -0.014 -0.217 0.946 0.000 -0.322 -0.049 0.516 -0.000 0.856 -0.028 0.696 0.000 -0.718 0.005 0.996 0.000 0.040 0.086 0.702 0.000 -0.708 0.074 1.000 0.000 0.019 0.007 
1.000 -0.020 0.010 -0.001 0.757 -0.000 -0.654 -0.013 0.976 -0.000 -0.014 -0.217 0.946 0.000 -0.320 -0.047 0.516 -0.000 0.855 -0.044 0.696 0.000 -0.718 0.005 0.996 0.000 0.040 0.085 0.702 -0.000 -0.708 0.075 1.000 0.000 0.019 0.006 
1.000 -0.019 0.010 -0.002 0.757 0.000 -0.654 -0.013 0.976 0.000 -0.014 -0.217 0.947 0.000 -0.318 -0.043 0.517 0.000 0.854 -0.062 0.696 0.000 -0.718 0.005 0.996 0.000 0.040 0.085 0.702 -0.000 -0.708 0.075 1.000 0.000 0.019 0.006 
1.000 -0.019 0.010 -0.002 0.757 0.000 -0.654 -0.013 0.976 0.000 -0.014 -0.216 0.948 -0.000 -0.315 -0.041 0.518 0.000 0.852 -0.081 0.697 0.000 -0.718 0.005 0.996 0.000 0.039 0.085 0.702 0.000 -0.708 0.075 1.000 0.000 0.019 0.007 
1.000 -0.019 0.010 -0.001 0.757 -0.000 -0.653 -0.013 0.976 0.000 -0.014 -0.217 0.949 0.000 -0.312 -0.038 0.519 0.000 0.850 -0.094 0.696 0.000 -0.718 0.005 0.996 -0.000 0.040 0.084 0.702 0.000 -0.708 0.074 1.000 0.000 0.019 0.007 
1.000 -0.019 0.009 -0.001 0.757 0.000 -0.654 -0.013 0.976 0.000 -0.014 -0.217 0.951 0.000 -0.309 -0.035 0.521 0.000 0.846 -0.115 0.696 0.000 -0.718 0.006 0.996 0.000 0.040 0.084 0.702 -0.000 -0.708 0.074 1.000 0.000 0.020 0.004 
1.000 -0.019 0.010 -0.001 0.757 0.000 -0.653 -0.013 0.976 0.000 -0.014 -0.217 0.952 -0.000 -0.306 -0.032 0.522 0.000 0.842 -0.136 0.696 0.000 -0.718 0.006 0.996 -0.000 0.040 0.084 0.702 0.000 -0.708 0.074 1.000 0.000 0.019 0.004 
1.000 -0.019 0.010 -0.001 0.757 0.000 -0.653 -0.013 0.976 0.000 -0.014 -0.216 0.953 0.000 -0.302 -0.030 0.523 0.000 0.837 -0.158 0.696 0.000 -0.718 0.006 0.996 0.000 0.040 0.083 0.702 0.000 -0.708 0.074 1.000 0.000 0.019 0.007 
1.000 -0.019 0.010 -0.001 0.757 0.000 -0.653 -0.013 0.976 0.000 -0.013 -0.216 0.954 0.000 -0.298 -0.027 0.525 0.000 0.832 -0.180 0.696 0.000 -0.718 0.006 0.996 0.000 0.040 0.083 0.702 0.000 -0.708 0.074 1.000 0.000 0.019 0.006 
1.000 -0.019 0.010 -0.000 0.757 0.000 -0.653 -0.013 0.976 -0.000 -0.013 -0.216 0.956 0.000 -0.294 -0.025 0.528 -0.000 0.825 -0.202 0.696 0.000 -0.718 0.007 0.996 0.000 0.040 0.083 0.702 0.000 -0.708 0.074 1.000 0.000 0.019 0.006 
1.000 -0.019 0.010 -0.000 0.758 -0.000 -0.653 -0.013 0.976 0.000 -0.013 -0.216 0.957 0.000 -0.289 -0.023 0.529 0.000 0.818 -0.224 0.696 0.000 -0.718 0.007 0.996 -0.000 0.040 0.082 0.702 -0.000 -0.708 0.073 1.000 0.000 0.016 -0.002 
1.000 -0.019 0.010 0.000 0.758 0.000 -0.652 -0.013 0.976 0.000 -0.013 -0.216 0.958 0.000 -0.284 -0.021 0.532 0.000 0.810 -0.246 0.696 0.000 -0.718 0.007 0.996 0.000 0.040 0.082 0.702 0.000 -0.708 0.073 1.000 0.000 0.017 0.005 
1.000 -0.019 0.010 0.000 0.758 0.000 -0.652 -0.013 0.976 0.000 -0.013 -0.216 0.960 -0.000 -0.280 -0.018 0.535 0.000 0.801 -0.269 0.696 0.000 -0.718 0.008 0.996 -0.000 0.040 0.082 0.702 0.000 -0.709 0.071 1.000 0.000 0.020 0.009 
1.000 -0.019 0.010 0.001 0.758 0.000 -0.652 -0.012 0.976 0.000 -0.013 -0.217 0.961 -0.000 -0.275 -0.016 0.538 -0.000 0.790 -0.294 0.696 0.000 -0.718 0.008 0.996 0.000 0.040 0.082 0.702 0.000 -0.709 0.071 1.000 0.000 0.020 0.010 
1.000 -0.019 0.010 0.002 0.758 0.000 -0.652 -0.011 0.976 0.000 -0.013 -0.217 0.963 0.000 -0.270 -0.016 0.541 0.000 0.778 -0.319 0.696 0.000 -0.718 0.009 0.996 0.000 0.040 0.081 0.702 0.000 -0.708 0.073 1.000 0.000 0.019 0.008 
1.000 -0.019 0.010 0.002 0.759 -0.000 -0.651 -0.012 0.976 0.000 -0.013 -0.217 0.964 0.000 -0.264 -0.013 0.545 0.000 0.765 -0.343 0.696 0.000 -0.718 0.009 0.996 0.000 0.040 0.081 0.702 0.000 -0.709 0.070 1.000 0.000 0.020 0.010 
1.000 -0.019 0.010 0.003 0.759 0.000 -0.651 -0.011 0.976 0.000 -0.013 -0.217 0.966 0.000 -0.259 -0.012 0.549 0.000 0.751 -0.366 0.696 0.000 -0.718 0.010 0.996 0.000 0.040 0.081 0.702 0.000 -0.709 0.070 1.000 0.000 0.017 0.007 
1.000 -0.019 0.010 0.003 0.760 -0.000 -0.650 -0.011 0.976 0.000 -0.014 -0.217 0.967 0.000 -0.253 -0.011 0.552 0.000 0.737 -0.390 0.696 0.000 -0.718 0.010 0.996 0.000 0.040 0.081 0.702 0.000 -0.708 0.072 1.000 0.000 0.019 0.008 
1.000 -0.019 0.010 0.004 0.759 -0.000 -0.651 -0.010 0.976 -0.000 -0.013 -0.217 0.969 -0.000 -0.246 -0.009 0.557 0.000 0.719 -0.417 0.696 0.000 -0.718 0.010 0.996 0.000 0.040 0.081 0.703 -0.000 -0.708 0.071 1.000 -0.000 0.020 0.008 
1.000 -0.019 0.010 0.004 0.759 0.000 -0.651 -0.010 0.976 -0.000 -0.012 -0.217 0.971 0.000 -0.240 -0.009 0.561 0.000 0.703 -0.437 0.696 0.000 -0.718 0.010 0.996 0.000 0.040 0.081 0.703 -0.000 -0.708 0.071 1.000 0.000 0.016 0.005 
1.000 -0.019 0.010 0.005 0.759 0.000 -0.651 -0.010 0.976 0.000 -0.013 -0.217 0.972 0.000 -0.234 -0.008 0.565 0.000 0.686 -0.459 0.695 0.000 -0.718 0.010 0.996 0.000 0.040 0.081 0.702 -0.000 -0.708 0.069 1.000 0.000 0.017 0.008 
1.000 -0.019 0.010 0.005 0.759 0.000 -0.651 -0.010 0.976 0.000 -0.013 -0.217 0.973 0.000 -0.229 -0.008 0.569 -0.000 0.669 -0.479 0.696 0.000 -0.718 0.010 0.996 -0.000 0.040 0.081 0.702 0.000 -0.708 0.068 1.000 0.000 0.021 0.009 
1.000 -0.019 0.010 0.006 0.759 0.000 -0.651 -0.010 0.976 0.000 -0.013 -0.217 0.975 0.000 -0.223 -0.007 0.573 0.000 0.651 -0.497 0.696 0.000 -0.718 0.010 0.996 0.000 0.040 0.081 0.703 -0.000 -0.708 0.071 1.000 0.000 0.019 0.008 
1.000 -0.019 0.010 0.006 0.759 0.000 -0.651 -0.009 0.976 0.000 -0.013 -0.216 0.976 -0.000 -0.217 -0.008 0.577 0.000 0.631 -0.518 0.695 -0.000 -0.718 0.011 0.996 0.000 0.040 0.081 0.703 0.000 -0.708 0.071 1.000 0.000 0.020 0.008 
1.000 -0.019 0.010 0.007 0.759 0.000 -0.651 -0.009 0.976 0.000 -0.013 -0.216 0.977 -0.000 -0.211 -0.008 0.582 0.000 0.612 -0.536 0.695 0.000 -0.718 0.012 0.996 0.000 0.040 0.080 0.703 0.000 -0.708 0.071 1.000 0.000 0.020 0.008 
1.000 -0.019 0.010 0.008 0.759 0.000 -0.651 -0.009 0.976 0.000 -0.014 -0.215 0.979 -0.000 -0.206 -0.008 0.587 0.000 0.590 -0.554 0.695 -0.000 -0.719 0.012 0.996 0.000 0.040 0.080 0.703 0.000 -0.708 0.071 1.000 0.000 0.017 0.006 
1.000 -0.019 0.010 0.008 0.759 0.000 -0.651 -0.009 0.976 0.000 -0.013 -0.215 0.980 0.000 -0.200 -0.009 0.591 0.000 0.569 -0.571 0.695 0.000 -0.719 0.012 0.996 0.000 0.040 0.081 0.703 0.000 -0.708 0.071 1.000 0.000 0.020 0.008 
1.000 -0.019 0.010 0.009 0.759 -0.000 -0.651 -0.009 0.977 -0.000 -0.013 -0.215 0.981 0.000 -0.195 -0.010 0.596 0.000 0.547 -0.587 0.695 0.000 -0.719 0.012 0.996 0.000 0.040 0.081 0.703 0.000 -0.708 0.071 1.000 0.000 0.016 -0.001 
1.000 -0.019 0.010 0.010 0.759 0.000 -0.651 -0.009 0.977 0.000 -0.013 -0.215 0.982 -0.000 -0.189 -0.011 0.601 0.000 0.523 -0.604 0.695 0.000 -0.719 0.013 0.996 0.000 0.040 0.081 0.703 0.000 -0.708 0.070 1.000 0.000 0.020 0.008 
1.000 -0.019 0.010 0.010 0.759 0.000 -0.651 -0.009 0.977 0.000 -0.013 -0.214 0.983 0.000 -0.183 -0.012 0.606 -0.000 0.501 -0.619 0.695 0.000 -0.719 0.013 0.996 0.000 0.040 0.080 0.703 0.000 -0.708 0.070 1.000 0.000 0.019 0.008 
1.000 -0.019 0.010 0.011 0.759 0.000 -0.651 -0.009 0.977 0.000 -0.013 -0.214 0.984 0.000 -0.178 -0.014 0.611 0.000 0.479 -0.631 0.695 0.000 -0.719 0.013 0.996 0.000 0.040 0.080 0.703 0.000 -0.708 0.070 1.000 0.000 0.019 0.006 
1.000 -0.019 0.010 0.012 0.759 0.000 -0.652 -0.008 0.977 -0.000 -0.013 -0.214 0.985 0.000 -0.173 -0.016 0.616 0.000 0.455 -0.643 0.695 0.000 -0.719 0.014 0.996 0.000 0.040 0.080 0.703 -0.000 -0.708 0.067 1.000 0.000 0.021 0.012 
1.000 -0.019 0.010 0.012 0.758 0.000 -0.652 -0.009 0.977 0.000 -0.013 -0.214 0.986 -0.000 -0.169 -0.018 0.619 0.000 0.435 -0.654 0.695 0.000 -0.719 0.014 0.996 0.000 0.040 0.080 0.703 0.000 -0.708 0.067 1.000 0.000 0.020 0.011 
1.000 -0.019 0.010 0.013 0.758 0.000 -0.652 -0.009 0.977 0.000 -0.013 -0.214 0.986 0.000 -0.164 -0.021 0.623 0.000 0.412 -0.665 0.695 -0.000 -0.719 0.014 0.996 0.000 0.040 0.080 0.703 0.000 -0.708 0.067 1.000 0.000 0.020 0.009 
1.000 -0.019 0.010 0.014 0.758 0.000 -0.652 -0.009 0.977 0.000 -0.013 -0.213 0.987 0.000 -0.161 -0.024 0.628 -0.000 0.389 -0.674 0.695 0.000 -0.719 0.014 0.996 0.000 0.040 0.080 0.702 0.000 -0.709 0.066 1.000 -0.000 0.024 0.012 
1.000 -0.019 0.010 0.015 0.758 0.000 -0.652 -0.009 0.977 0.000 -0.013 -0.213 0.987 0.000 -0.157 -0.027 0.632 0.000 0.366 -0.682 0.695 0.000 -0.719 0.014 0.996 0.000 0.040 0.081 0.702 0.000 -0.709 0.067 1.000 -0.000 0.024 0.011 
1.000 -0.019 0.010 0.015 0.758 -0.000 -0.652 -0.010 0.977 0.000 -0.012 -0.212 0.988 -0.000 -0.154 -0.031 0.637 0.000 0.343 -0.690 0.695 0.000 -0.719 0.015 0.996 0.000 0.040 0.080 0.702 -0.000 -0.709 0.066 1.000 0.000 0.024 0.012 
1.000 -0.019 0.010 0.016 0.758 0.000 -0.652 -0.009 0.977 -0.000 -0.013 -0.213 0.988 -0.000 -0.151 -0.034 0.641 -0.000 0.322 -0.697 0.695 0.000 -0.719 0.016 0.996 0.000 0.040 0.080 0.703 -0.000 -0.708 0.066 1.000 0.000 0.018 0.010 
1.000 -0.019 0.010 0.017 0.758 0.000 -0.653 -0.009 0.977 -0.000 -0.013 -0.213 0.988 0.000 -0.149 -0.038 0.646 0.000 0.302 -0.701 0.695 0.000 -0.719 0.016 0.996 0.000 0.040 0.081 0.703 -0.000 -0.708 0.066 1.000 -0.000 0.021 0.012 
1.000 -0.019 0.010 0.018 0.757 0.000 -0.653 -0.009 0.977 0.000 -0.013 -0.213 0.988 -0.000 -0.147 -0.041 0.649 0.000 0.280 -0.707 0.695 0.000 -0.719 0.017 0.996 0.000 0.040 0.080 0.703 0.000 -0.708 0.066 1.000 0.000 0.018 0.010 
1.000 -0.019 0.010 0.019 0.757 0.000 -0.653 -0.009 0.977 0.000 -0.013 -0.214 0.988 0.000 -0.145 -0.044 0.653 0.000 0.259 -0.711 0.695 0.000 -0.719 0.016 0.996 0.000 0.040 0.080 0.702 0.000 -0.709 0.065 1.000 0.000 0.024 0.012 
1.000 -0.019 0.010 0.020 0.757 0.000 -0.654 -0.010 0.977 0.000 -0.010 -0.214 0.988 -0.000 -0.143 -0.048 0.657 -0.000 0.239 -0.715 0.695 0.000 -0.719 0.017 0.996 0.000 0.040 0.080 0.702 0.000 -0.709 0.064 1.000 0.000 0.020 0.004 
1.000 -0.019 0.010 0.020 0.756 0.000 -0.654 -0.010 0.977 0.000 -0.012 -0.214 0.989 0.000 -0.141 -0.052 0.662 0.000 0.219 -0.717 0.695 0.000 -0.719 0.017 0.996 0.000 0.040 0.079 0.704 0.000 -0.708 0.066 1.000 -0.000 0.019 0.009 
1.000 -0.019 0.010 0.021 0.756 0.000 -0.654 -0.010 0.977 0.000 -0.011 -0.214 0.989 0.000 -0.141 -0.054 0.665 0.000 0.199 -0.720 0.695 0.000 -0.719 0.017 0.996 0.000 0.040 0.079 0.702 0.000 -0.709 0.064 1.000 0.000 0.023 0.010 
1.000 -0.019 0.010 0.022 0.756 -0.000 -0.655 -0.010 0.977 0.000 -0.012 -0.215 0.988 0.000 -0.140 -0.058 0.669 0.000 0.180 -0.721 0.695 -0.000 -0.719 0.017 0.996 0.000 0.040 0.079 0.702 0.000 -0.709 0.064 1.000 0.000 0.024 0.012 
1.000 -0.019 0.010 0.022 0.755 0.000 -0.655 -0.010 0.977 0.000 -0.011 -0.215 0.988 -0.000 -0.140 -0.061 0.673 0.000 0.161 -0.722 0.695 0.000 -0.719 0.018 0.996 0.000 0.040 0.079 0.702 0.000 -0.709 0.063 1.000 0.000 0.024 0.012 
1.000 -0.019 0.011 0.023 0.755 -0.000 -0.655 -0.011 0.976 -0.000 -0.012 -0.215 0.988 0.000 -0.139 -0.064 0.676 0.000 0.142 -0.723 0.695 0.000 -0.718 0.018 0.996 0.000 0.040 0.079 0.703 0.000 -0.708 0.066 1.000 0.000 0.020 0.009 
0.999 -0.019 0.011 0.023 0.755 0.000 -0.656 -0.011 0.976 -0.000 -0.012 -0.216 0.988 -0.000 -0.139 -0.067 0.680 0.000 0.125 -0.722 0.695 0.000 -0.718 0.018 0.996 0.000 0.040 0.079 0.702 0.000 -0.710 0.063 1.000 0.000 0.023 0.012 
0.999 -0.019 0.011 0.023 0.754 0.000 -0.656 -0.012 0.976 0.000 -0.011 -0.216 0.988 0.000 -0.139 -0.070 0.683 -0.000 0.107 -0.722 0.695 0.000 -0.718 0.017 0.996 -0.000 0.040 0.079 0.701 0.000 -0.711 0.060 1.000 -0.000 0.026 0.015 
0.999 -0.018 0.011 0.024 0.754 0.000 -0.657 -0.013 0.976 -0.000 -0.011 -0.216 0.988 0.000 -0.138 -0.073 0.687 0.000 0.088 -0.722 0.695 0.000 -0.718 0.017 0.996 0.000 0.040 0.079 0.701 -0.000 -0.711 0.060 1.000 0.000 0.026 0.014 
0.999 -0.018 0.011 0.024 0.754 0.000 -0.657 -0.013 0.976 0.000 -0.011 -0.216 0.988 0.000 -0.138 -0.076 0.690 0.000 0.071 -0.721 0.696 0.000 -0.718 0.017 0.996 0.000 0.040 0.079 0.703 0.000 -0.708 0.065 1.000 -0.000 0.017 0.007 
0.999 -0.018 0.011 0.024 0.754 0.000 -0.657 -0.014 0.976 0.000 -0.011 -0.217 0.987 -0.000 -0.139 -0.078 0.693 0.000 0.053 -0.719 0.696 0.000 -0.718 0.017 0.996 0.000 0.040 0.080 0.703 0.000 -0.709 0.064 1.000 0.000 0.018 0.007 
0.999 -0.018 0.011 0.024 0.753 0.000 -0.658 -0.014 0.976 0.000 -0.011 -0.217 0.987 0.000 -0.139 -0.081 0.697 0.000 0.036 -0.716 0.696 -0.000 -0.718 0.017 0.996 0.000 0.039 0.080 0.701 -0.000 -0.711 0.059 1.000 0.000 0.026 0.012 
0.999 -0.018 0.011 0.025 0.753 0.000 -0.658 -0.015 0.976 -0.000 -0.011 -0.218 0.987 0.000 -0.139 -0.084 0.701 -0.000 0.019 -0.713 0.696 0.000 -0.718 0.017 0.996 0.000 0.040 0.080 0.703 0.000 -0.708 0.064 1.000 0.000 0.017 0.006 
0.999 -0.018 0.011 0.025 0.753 0.000 -0.658 -0.015 0.976 0.000 -0.011 -0.218 0.986 -0.000 -0.139 -0.087 0.705 0.000 0.000 -0.709 0.696 0.000 -0.718 0.017 0.996 -0.000 0.040 0.080 0.701 0.000 -0.711 0.059 1.000 0.000 0.026 0.015 
0.999 -0.018 0.011 0.025 0.752 0.000 -0.659 -0.015 0.976 0.000 -0.011 -0.218 0.986 0.000 -0.139 -0.090 0.709 0.000 -0.019 -0.705 0.696 0.000 -0.718 0.017 0.996 -0.000 0.039 0.080 0.703 0.000 -0.709 0.063 1.000 -0.000 0.019 0.008 
0.999 -0.018 0.011 0.025 0.752 0.000 -0.659 -0.016 0.976 0.000 -0.011 -0.218 0.986 -0.000 -0.138 -0.093 0.714 0.000 -0.038 -0.699 0.696 0.000 -0.718 0.017 0.996 0.000 0.040 0.079 0.703 0.000 -0.709 0.063 1.000 -0.000 0.017 0.006 
0.999 -0.017 0.011 0.026 0.752 0.000 -0.659 -0.016 0.976 0.000 -0.011 -0.218 0.986 0.000 -0.138 -0.096 0.718 0.000 -0.057 -0.694 0.696 0.000 -0.718 0.016 0.996 0.000 0.040 0.079 0.701 0.000 -0.711 0.059 1.000 0.000 0.025 0.014 
0.999 -0.017 0.011 0.025 0.752 -0.000 -0.659 -0.017 0.976 0.000 -0.011 -0.219 0.986 0.000 -0.138 -0.098 0.722 0.000 -0.075 -0.687 0.696 -0.000 -0.718 0.017 0.996 -0.000 0.040 0.079 0.703 0.000 -0.709 0.063 1.000 0.000 0.019 0.008 
0.999 -0.017 0.011 0.026 0.752 0.000 -0.659 -0.017 0.976 0.000 -0.011 -0.219 0.985 0.000 -0.137 -0.102 0.727 0.000 -0.093 -0.681 0.696 0.000 -0.718 0.017 0.996 0.000 0.040 0.079 0.703 -0.000 -0.709 0.063 1.000 0.000 0.019 0.009 
0.999 -0.017 0.011 0.026 0.751 0.000 -0.660 -0.018 0.976 0.000 -0.011 -0.219 0.985 0.000 -0.137 -0.105 0.731 0.000 -0.112 -0.673 0.696 0.000 -0.718 0.017 0.996 0.000 0.040 0.078 0.702 0.000 -0.709 0.061 1.000 0.000 0.020 0.011 
0.999 -0.017 0.011 0.026 0.751 -0.000 -0.660 -0.018 0.976 0.000 -0.011 -0.219 0.985 0.000 -0.137 -0.108 0.735 -0.000 -0.129 -0.665 0.696 -0.000 -0.718 0.017 0.996 0.000 0.040 0.078 0.700 0.000 -0.712 0.059 1.000 0.000 0.026 0.014 
0.999 -0.017 0.011 0.026 0.751 0.000 -0.660 -0.019 0.976 0.000 -0.011 -0.219 0.984 -0.000 -0.137 -0.111 0.739 0.000 -0.146 -0.658 0.696 0.000 -0.718 0.017 0.996 0.000 0.041 0.078 0.702 0.000 -0.710 0.061 1.000 0.000 0.020 0.011 
0.999 -0.017 0.011 0.026 0.751 -0.000 -0.660 -0.019 0.976 0.000 -0.011 -0.219 0.984 0.000 -0.137 -0.113 0.742 0.000 -0.162 -0.651 0.696 -0.000 -0.718 0.017 0.996 0.000 0.040 0.079 0.702 0.000 -0.710 0.061 1.000 0.000 0.018 0.009 
0.999 -0.017 0.011 0.026 0.751 -0.000 -0.660 -0.020 0.976 -0.000 -0.011 -0.219 0.984 0.000 -0.137 -0.115 0.745 0.000 -0.177 -0.643 0.696 0.000 -0.718 0.017 0.996 0.000 0.041 0.078 0.702 0.000 -0.709 0.063 1.000 0.000 0.019 0.006 
0.999 -0.017 0.011 0.026 0.751 0.000 -0.660 -0.021 0.976 -0.000 -0.010 -0.219 0.984 0.000 -0.137 -0.116 0.747 0.000 -0.191 -0.636 0.696 0.000 -0.718 0.017 0.996 0.000 0.040 0.078 0.702 -0.000 -0.710 0.061 1.000 0.000 0.020 0.011 
0.999 -0.017 0.011 0.026 0.750 0.000 -0.661 -0.021 0.976 0.000 -0.010 -0.219 0.984 0.000 -0.137 -0.118 0.750 0.000 -0.204 -0.630 0.696 0.000 -0.718 0.017 0.996 0.000 0.041 0.078 0.702 0.000 -0.709 0.063 1.000 0.000 0.016 0.005 
0.999 -0.017 0.011 0.026 0.750 0.000 -0.661 -0.022 0.976 0.000 -0.010 -0.219 0.983 0.000 -0.137 -0.119 0.751 -0.000 -0.215 -0.624 0.696 0.000 -0.718 0.017 0.996 -0.000 0.041 0.078 0.702 0.000 -0.709 0.063 1.000 0.000 0.019 0.008 
0.999 -0.016 0.011 0.025 0.750 0.000 -0.661 -0.022 0.976 0.000 -0.009 -0.219 0.983 0.000 -0.137 -0.120 0.753 0.000 -0.225 -0.619 0.696 -0.000 -0.718 0.017 0.996 0.000 0.041 0.078 0.702 0.000 -0.710 0.061 1.000 -0.000 0.020 0.011 
0.999 -0.016 0.011 0.025 0.750 0.000 -0.661 -0.023 0.976 0.000 -0.010 -0.219 0.983 0.000 -0.138 -0.120 0.753 0.000 -0.233 -0.615 0.696 0.000 -0.718 0.017 0.996 0.000 0.041 0.078 0.702 -0.000 -0.709 0.063 1.000 0.000 0.019 0.007 
1.000 -0.016 0.011 0.025 0.750 0.000 -0.661 -0.024 0.976 0.000 -0.009 -0.219 0.983 0.000 -0.139 -0.120 0.754 -0.000 -0.240 -0.612 0.696 0.000 -0.718 0.016 0.996 -0.000 0.041 0.077 0.702 0.000 -0.710 0.061 1.000 -0.000 0.020 0.010 
1.000 -0.016 0.011 0.024 0.750 0.000 -0.661 -0.025 0.976 -0.000 -0.009 -0.219 0.983 0.000 -0.139 -0.119 0.754 0.000 -0.245 -0.610 0.696 0.000 -0.718 0.016 0.996 -0.000 0.041 0.077 0.700 0.000 -0.712 0.059 1.000 0.000 0.026 0.013 
1.000 -0.016 0.011 0.024 0.750 0.000 -0.661 -0.025 0.976 0.000 -0.008 -0.219 0.983 0.000 -0.140 -0.119 0.754 0.000 -0.248 -0.608 0.696 0.000 -0.718 0.016 0.996 0.000 0.041 0.077 0.702 0.000 -0.709 0.063 1.000 0.000 0.019 0.004 
1.000 -0.016 0.011 0.024 0.750 0.000 -0.661 -0.025 0.976 0.000 -0.007 -0.218 0.983 0.000 -0.141 -0.118 0.754 0.000 -0.250 -0.608 0.696 0.000 -0.718 0.017 0.996 0.000 0.041 0.077 0.701 0.000 -0.711 0.061 1.000 0.000 0.023 0.009 
1.000 -0.016 0.011 0.024 0.750 -0.000 -0.661 -0.025 0.976 0.000 -0.007 -0.218 0.983 0.000 -0.141 -0.117 0.753 0.000 -0.250 -0.609 0.696 0.000 -0.718 0.017 0.996 0.000 0.041 0.077 0.701 0.000 -0.711 0.062 1.000 -0.000 0.023 0.009 
1.000 -0.016 0.011 0.024 0.750 0.000 -0.661 -0.025 0.976 0.000 -0.007 -0.218 0.983 0.000 -0.142 -0.116 0.752 0.000 -0.249 -0.610 0.696 0.000 -0.718 0.017 0.996 0.000 0.041 0.077 0.702 -0.000 -0.710 0.062 1.000 -0.000 0.020 0.007 
1.000 -0.016 0.011 0.023 0.750 0.000 -0.661 -0.025 0.976 0.000 -0.006 -0.218 0.983 0.000 -0.142 -0.114 0.751 0.000 -0.246 -0.613 0.696 0.000 -0.718 0.017 0.996 0.000 0.041 0.077 0.702 0.000 -0.709 0.062 1.000 0.000 0.020 0.009 
1.000 -0.016 0.011 0.023 0.751 0.000 -0.660 -0.025 0.976 0.000 -0.006 -0.219 0.983 0.000 -0.143 -0.112 0.749 0.000 -0.242 -0.616 0.696 -0.000 -0.718 0.017 0.996 0.000 0.041 0.077 0.701 0.000 -0.710 0.062 1.000 -0.000 0.023 0.009 
1.000 -0.016 0.011 0.023 0.751 0.000 -0.660 -0.025 0.976 0.000 -0.006 -0.219 0.983 0.000 -0.143 -0.111 0.748 0.000 -0.236 -0.620 0.696 0.000 -0.718 0.017 0.996 0.000 0.041 0.076 0.702 -0.000 -0.709 0.065 1.000 0.000 0.019 0.006 
1.000 -0.016 0.011 0.023 0.751 0.000 -0.660 -0.024 0.976 0.000 -0.006 -0.219 0.984 0.000 -0.143 -0.109 0.747 0.000 -0.230 -0.624 0.696 0.000 -0.718 0.017 0.996 -0.000 0.041 0.077 0.703 0.000 -0.709 0.065 1.000 0.000 0.019 0.005 
1.000 -0.016 0.011 0.022 0.751 -0.000 -0.660 -0.024 0.976 -0.000 -0.006 -0.218 0.984 0.000 -0.143 -0.107 0.745 -0.000 -0.222 -0.629 0.696 0.000 -0.718 0.017 0.996 0.000 0.041 0.076 0.703 0.000 -0.709 0.066 1.000 0.000 0.019 0.005 
1.000 -0.016 0.010 0.022 0.751 -0.000 -0.660 -0.024 0.976 0.000 -0.006 -0.218 0.984 0.000 -0.144 -0.105 0.744 0.000 -0.213 -0.634 0.696 0.000 -0.718 0.017 0.996 0.000 0.041 0.076 0.700 -0.000 -0.711 0.062 1.000 -0.000 0.025 0.011 
1.000 -0.017 0.010 0.022 0.752 0.000 -0.659 -0.024 0.976 0.000 -0.006 -0.218 0.984 -0.000 -0.144 -0.103 0.742 0.000 -0.202 -0.639 0.696 0.000 -0.718 0.017 0.996 0.000 0.041 0.077 0.703 0.000 -0.708 0.067 1.000 0.000 0.019 0.005 
1.000 -0.017 0.010 0.021 0.752 -0.000 -0.659 -0.023 0.976 0.000 -0.007 -0.217 0.984 0.000 -0.144 -0.102 0.740 0.000 -0.191 -0.645 0.695 -0.000 -0.718 0.018 0.996 -0.000 0.041 0.077 0.703 0.000 -0.708 0.067 1.000 0.000 0.019 0.002 
1.000 -0.017 0.010 0.021 0.752 0.000 -0.659 -0.022 0.976 0.000 -0.007 -0.218 0.984 0.000 -0.145 -0.100 0.738 -0.000 -0.178 -0.651 0.695 -0.000 -0.718 0.017 0.996 0.000 0.041 0.077 0.703 0.000 -0.708 0.067 1.000 0.000 0.019 0.005 
1.000 -0.017 0.010 0.021 0.752 0.000 -0.658 -0.021 0.976 0.000 -0.007 -0.218 0.985 0.000 -0.145 -0.098 0.736 0.000 -0.164 -0.657 0.695 0.000 -0.718 0.017 0.996 0.000 0.040 0.076 0.703 0.000 -0.708 0.068 1.000 0.000 0.019 0.004 
1.000 -0.017 0.010 0.021 0.752 0.000 -0.658 -0.021 0.976 0.000 -0.007 -0.217 0.985 0.000 -0.146 -0.095 0.733 0.000 -0.148 -0.664 0.695 0.000 -0.718 0.017 0.996 0.000 0.041 0.077 0.701 0.000 -0.711 0.063 1.000 0.000 0.026 0.011 
1.000 -0.017 0.010 0.020 0.753 0.000 -0.658 -0.021 0.976 0.000 -0.007 -0.217 0.985 0.000 -0.147 -0.092 0.730 0.000 -0.133 -0.671 0.695 0.000 -0.718 0.017 0.996 0.000 0.041 0.077 0.701 0.000 -0.710 0.063 1.000 0.000 0.025 0.008 
1.000 -0.017 0.010 0.020 0.753 0.000 -0.658 -0.021 0.976 0.000 -0.007 -0.216 0.985 0.000 -0.148 -0.090 0.726 0.000 -0.115 -0.677 0.695 0.000 -0.719 0.018 0.996 0.000 0.041 0.077 0.703 0.000 -0.708 0.068 1.000 0.000 0.019 0.004 
1.000 -0.017 0.010 0.020 0.753 0.000 -0.658 -0.021 0.977 0.000 -0.007 -0.215 0.985 0.000 -0.149 -0.087 0.722 -0.000 -0.096 -0.685 0.695 0.000 -0.719 0.018 0.996 -0.000 0.040 0.077 0.702 0.000 -0.709 0.066 1.000 0.000 0.023 0.008 
1.000 -0.017 0.010 0.020 0.753 0.000 -0.658 -0.020 0.977 0.000 -0.007 -0.214 0.985 0.000 -0.151 -0.084 0.718 0.000 -0.077 -0.691 0.695 -0.000 -0.719 0.018 0.996 -0.000 0.040 0.077 0.703 0.000 -0.708 0.069 1.000 0.000 0.019 0.005 
1.000 -0.017 0.010 0.020 0.753 0.000 -0.657 -0.020 0.977 0.000 -0.007 -0.213 0.985 0.000 -0.153 -0.081 0.715 0.000 -0.057 -0.697 0.695 0.000 -0.719 0.019 0.996 0.000 0.040 0.077 0.701 -0.000 -0.710 0.065 1.000 0.000 0.025 0.008 
1.000 -0.018 0.010 0.020 0.753 0.000 -0.657 -0.020 0.977 0.000 -0.006 -0.212 0.985 0.000 -0.155 -0.079 0.710 0.000 -0.035 -0.703 0.695 -0.000 -0.719 0.019 0.996 0.000 0.041 0.078 0.702 0.000 -0.709 0.066 1.000 0.000 0.023 0.009 
1.000 -0.018 0.010 0.020 0.754 0.000 -0.657 -0.020 0.977 0.000 -0.006 -0.212 0.985 -0.000 -0.157 -0.076 0.705 0.000 -0.012 -0.709 0.695 -0.000 -0.719 0.019 0.996 0.000 0.040 0.078 0.703 0.000 -0.707 0.070 1.000 0.000 0.019 0.005 
1.000 -0.018 0.010 0.020 0.753 0.000 -0.657 -0.020 0.977 0.000 -0.006 -0.211 0.985 0.000 -0.159 -0.074 0.701 0.000 0.011 -0.713 0.695 0.000 -0.719 0.019 0.996 0.000 0.041 0.077 0.703 0.000 -0.707 0.070 1.000 -0.000 0.019 0.003 
1.000 -0.018 0.010 0.021 0.754 0.000 -0.657 -0.020 0.978 0.000 -0.005 -0.211 0.984 0.000 -0.161 -0.071 0.696 -0.000 0.035 -0.717 0.695 0.000 -0.719 0.019 0.996 0.000 0.040 0.078 0.704 0.000 -0.707 0.070 1.000 -0.000 0.019 0.005 
1.000 -0.018 0.010 0.021 0.753 -0.000 -0.657 -0.019 0.978 0.000 -0.005 -0.210 0.984 -0.000 -0.164 -0.069 0.691 0.000 0.060 -0.721 0.695 0.000 -0.719 0.020 0.996 0.000 0.041 0.078 0.703 -0.000 -0.707 0.070 1.000 0.000 0.019 0.005 
1.000 -0.018 0.010 0.021 0.754 0.000 -0.657 -0.019 0.978 0.000 -0.005 -0.210 0.984 0.000 -0.167 -0.067 0.685 0.000 0.087 -0.723 0.695 0.000 -0.719 0.020 0.996 0.000 0.041 0.078 0.701 0.000 -0.710 0.066 1.000 -0.000 0.025 0.011 
1.000 -0.018 0.010 0.021 0.754 0.000 -0.657 -0.018 0.978 0.000 -0.005 -0.210 0.983 0.000 -0.170 -0.065 0.680 0.000 0.114 -0.724 0.695 0.000 -0.719 0.021 0.996 0.000 0.040 0.077 0.702 0.000 -0.709 0.068 1.000 0.000 0.023 0.009 
1.000 -0.018 0.010 0.021 0.754 0.000 -0.657 -0.018 0.978 0.000 -0.005 -0.210 0.983 -0.000 -0.173 -0.063 0.675 0.000 0.141 -0.725 0.695 0.000 -0.719 0.021 0.996 0.000 0.040 0.078 0.702 0.000 -0.709 0.068 1.000 0.000 0.023 0.009 
1.000 -0.019 0.010 0.021 0.754 0.000 -0.657 -0.017 0.978 0.000 -0.005 -0.210 0.982 0.000 -0.176 -0.062 0.669 -0.000 0.167 -0.724 0.695 0.000 -0.719 0.022 0.996 0.000 0.041 0.077 0.703 0.000 -0.707 0.071 1.000 0.000 0.019 0.004 
1.000 -0.019 0.010 0.021 0.753 0.000 -0.657 -0.016 0.978 0.000 -0.005 -0.210 0.982 -0.000 -0.179 -0.060 0.663 0.000 0.194 -0.723 0.695 0.000 -0.719 0.022 0.996 0.000 0.041 0.077 0.702 0.000 -0.709 0.069 1.000 0.000 0.023 0.006 
1.000 -0.019 0.010 0.021 0.753 0.000 -0.657 -0.016 0.978 -0.000 -0.005 -0.210 0.981 0.000 -0.184 -0.059 0.658 0.000 0.223 -0.719 0.695 0.000 -0.719 0.022 0.996 0.000 0.041 0.077 0.702 0.000 -0.709 0.069 1.000 -0.000 0.021 0.007 
1.000 -0.019 0.010 0.021 0.753 0.000 -0.657 -0.015 0.978 0.000 -0.006 -0.211 0.981 -0.000 -0.187 -0.057 0.652 0.000 0.250 -0.716 0.695 -0.000 -0.719 0.022 0.996 0.000 0.041 0.077 0.702 -0.000 -0.709 0.070 1.000 0.000 0.023 0.009 
1.000 -0.019 0.010 0.021 0.753 0.000 -0.658 -0.015 0.978 0.000 -0.006 -0.211 0.980 0.000 -0.190 -0.057 0.647 0.000 0.277 -0.710 0.695 0.000 -0.719 0.023 0.996 0.000 0.041 0.077 0.703 -0.000 -0.708 0.071 1.000 0.000 0.020 0.006 
1.000 -0.019 0.010 0.021 0.753 0.000 -0.658 -0.014 0.978 0.000 -0.006 -0.211 0.980 0.000 -0.193 -0.056 0.641 0.000 0.302 -0.706 0.695 -0.000 -0.719 0.023 0.996 0.000 0.041 0.077 0.702 0.000 -0.709 0.071 1.000 0.000 0.023 0.008 
1.000 -0.019 0.010 0.021 0.753 0.000 -0.658 -0.014 0.977 0.000 -0.006 -0.211 0.979 -0.000 -0.196 -0.055 0.635 0.000 0.329 -0.699 0.695 0.000 -0.719 0.023 0.996 0.000 0.041 0.077 0.702 0.000 -0.709 0.070 1.000 0.000 0.021 0.006 
1.000 -0.019 0.010 0.021 0.753 0.000 -0.658 -0.014 0.977 0.000 -0.006 -0.211 0.979 0.000 -0.199 -0.054 0.630 0.000 0.355 -0.691 0.695 0.000 -0.719 0.023 0.996 -0.000 0.041 0.078 0.703 0.000 -0.708 0.071 1.000 0.000 0.020 0.008 
1.000 -0.019 0.010 0.021 0.753 0.000 -0.658 -0.013 0.977 0.000 -0.007 -0.211 0.978 0.000 -0.202 -0.053 0.624 0.000 0.379 -0.683 0.695 0.000 -0.719 0.023 0.996 -0.000 0.041 0.077 0.703 0.000 -0.708 0.071 1.000 0.000 0.020 0.009 
1.000 -0.019 0.010 0.021 0.753 0.000 -0.658 -0.013 0.977 0.000 -0.007 -0.212 0.978 0.000 -0.204 -0.052 0.618 0.000 0.404 -0.674 0.695 0.000 -0.719 0.024 0.996 0.000 0.041 0.077 0.703 -0.000 -0.708 0.071 1.000 0.000 0.020 0.008 
1.000 -0.019 0.010 0.020 0.753 0.000 -0.658 -0.013 0.977 0.000 -0.007 -0.212 0.977 0.000 -0.207 -0.051 0.613 -0.000 0.428 -0.665 0.695 0.000 -0.719 0.023 0.996 0.000 0.041 0.077 0.703 0.000 -0.708 0.072 1.000 -0.000 0.020 0.008 
1.000 -0.019 0.010 0.020 0.752 0.000 -0.659 -0.013 0.977 0.000 -0.007 -0.212 0.977 0.000 -0.209 -0.050 0.608 0.000 0.449 -0.655 0.695 0.000 -0.719 0.023 0.996 0.000 0.041 0.077 0.703 -0.000 -0.708 0.072 1.000 0.000 0.021 0.008 
1.000 -0.019 0.010 0.019 0.752 -0.000 -0.659 -0.013 0.977 0.000 -0.008 -0.212 0.976 0.000 -0.212 -0.048 0.603 0.000 0.471 -0.644 0.695 0.000 -0.719 0.022 0.996 0.000 0.041 0.077 0.703 0.000 -0.708 0.072 1.000 0.000 0.017 -0.001 
1.000 -0.019 0.011 0.019 0.752 0.000 -0.659 -0.012 0.977 0.000 -0.008 -0.213 0.976 0.000 -0.215 -0.048 0.598 0.000 0.493 -0.632 0.695 0.000 -0.719 0.022 0.996 0.000 0.042 0.077 0.703 0.000 -0.708 0.072 1.000 0.000 0.017 0.005 
1.000 -0.019 0.010 0.019 0.752 0.000 -0.659 -0.012 0.977 0.000 -0.008 -0.213 0.975 0.000 -0.216 -0.047 0.593 0.000 0.514 -0.620 0.695 0.000 -0.719 0.023 0.996 0.000 0.042 0.077 0.703 -0.000 -0.708 0.072 1.000 0.000 0.021 0.008 
1.000 -0.019 0.010 0.019 0.752 0.000 -0.659 -0.012 0.977 0.000 -0.008 -0.213 0.975 0.000 -0.219 -0.046 0.588 0.000 0.533 -0.608 0.695 0.000 -0.719 0.023 0.996 -0.000 0.041 0.077 0.703 -0.000 -0.708 0.073 1.000 0.000 0.021 0.008 
1.000 -0.019 0.010 0.018 0.751 0.000 -0.660 -0.011 0.977 0.000 -0.008 -0.214 0.974 -0.000 -0.221 -0.046 0.583 0.000 0.550 -0.597 0.695 0.000 -0.719 0.023 0.996 -0.000 0.042 0.076 0.703 0.000 -0.708 0.073 1.000 0.000 0.021 0.008 
1.000 -0.019 0.010 0.017 0.751 0.000 -0.660 -0.012 0.977 0.000 -0.008 -0.214 0.974 0.000 -0.223 -0.044 0.579 0.000 0.569 -0.584 0.695 -0.000 -0.719 0.023 0.996 0.000 0.042 0.077 0.703 -0.000 -0.708 0.074 1.000 -0.000 0.021 0.007 
1.000 -0.019 0.010 0.017 0.751 -0.000 -0.660 -0.012 0.977 0.000 -0.008 -0.214 0.973 0.000 -0.225 -0.044 0.575 0.000 0.585 -0.572 0.695 0.000 -0.719 0.024 0.996 0.000 0.042 0.076 0.703 -0.000 -0.708 0.074 1.000 0.000 0.021 0.007 
1.000 -0.019 0.010 0.016 0.751 0.000 -0.660 -0.012 0.977 0.000 -0.008 -0.214 0.973 -0.000 -0.227 -0.043 0.572 0.000 0.602 -0.558 0.695 0.000 -0.719 0.023 0.996 0.000 0.042 0.076 0.703 0.000 -0.708 0.074 1.000 -0.000 0.021 0.007 
1.000 -0.019 0.010 0.016 0.751 0.000 -0.660 -0.012 0.977 0.000 -0.008 -0.214 0.973 0.000 -0.229 -0.042 0.568 0.000 0.617 -0.545 0.695 0.000 -0.719 0.024 0.996 0.000 0.042 0.076 0.703 0.000 -0.707 0.077 1.000 -0.000 0.019 0.004 
1.000 -0.019 0.010 0.016 0.751 0.000 -0.660 -0.012 0.977 0.000 -0.008 -0.214 0.972 0.000 -0.231 -0.041 0.564 0.000 0.632 -0.531 0.695 0.000 -0.718 0.023 0.996 0.000 0.042 0.076 0.702 0.000 -0.708 0.075 1.000 -0.000 0.020 0.006 
1.000 -0.019 0.010 0.016 0.751 -0.000 -0.661 -0.011 0.977 -0.000 -0.008 -0.214 0.972 -0.000 -0.233 -0.041 0.560 0.000 0.648 -0.517 0.695 0.000 -0.719 0.024 0.996 0.000 0.042 0.075 0.703 -0.000 -0.707 0.077 1.000 0.000 0.019 0.003 
1.000 -0.019 0.010 0.015 0.751 0.000 -0.660 -0.012 0.977 0.000 -0.008 -0.214 0.971 -0.000 -0.235 -0.041 0.557 -0.000 0.662 -0.502 0.695 0.000 -0.719 0.023 0.996 0.000 0.042 0.076 0.702 -0.000 -0.708 0.075 1.000 0.000 0.018 0.004 
1.000 -0.019 0.010 0.015 0.751 -0.000 -0.661 -0.012 0.977 0.000 -0.008 -0.214 0.971 0.000 -0.237 -0.040 0.553 -0.000 0.676 -0.488 0.695 0.000 -0.718 0.023 0.996 0.000 0.042 0.076 0.702 0.000 -0.708 0.075 1.000 0.000 0.017 0.003 
1.000 -0.019 0.010 0.015 0.750 0.000 -0.661 -0.012 0.977 0.000 -0.008 -0.215 0.970 0.000 -0.239 -0.040 0.550 -0.000 0.689 -0.473 0.695 0.000 -0.719 0.024 0.996 0.000 0.042 0.075 0.703 0.000 -0.707 0.076 1.000 0.000 0.020 0.006 
1.000 -0.019 0.010 0.014 0.751 0.000 -0.661 -0.012 0.977 0.000 -0.008 -0.214 0.970 0.000 -0.241 -0.039 0.546 0.000 0.701 -0.458 0.695 0.000 -0.718 0.023 0.996 0.000 0.042 0.075 0.702 0.000 -0.708 0.076 1.000 -0.000 0.020 0.004 
1.000 -0.019 0.010 0.014 0.750 -0.000 -0.661 -0.012 0.977 -0.000 -0.008 -0.214 0.969 0.000 -0.243 -0.038 0.544 0.000 0.713 -0.442 0.695 0.000 -0.718 0.023 0.996 0.000 0.042 0.076 0.703 0.000 -0.707 0.077 1.000 0.000 0.019 0.004 
1.000 -0.019 0.010 0.013 0.750 -0.000 -0.661 -0.012 0.977 -0.000 -0.008 -0.214 0.969 0.000 -0.245 -0.037 0.541 0.000 0.726 -0.425 0.695 0.000 -0.718 0.023 0.996 0.000 0.042 0.076 0.702 0.000 -0.708 0.076 1.000 0.000 0.020 0.004 
1.000 -0.019 0.010 0.013 0.750 0.000 -0.661 -0.012 0.977 0.000 -0.008 -0.214 0.968 0.000 -0.247 -0.036 0.538 0.000 0.737 -0.409 0.695 0.000 -0.718 0.023 0.996 0.000 0.042 0.076 0.703 0.000 -0.707 0.078 1.000 0.000 0.019 0.001 
1.000 -0.018 0.010 0.013 0.750 0.000 -0.661 -0.012 0.977 0.000 -0.008 -0.214 0.968 -0.000 -0.250 -0.036 0.535 0.000 0.748 -0.392 0.695 -0.000 -0.719 0.023 0.996 0.000 0.042 0.076 0.703 0.000 -0.707 0.078 1.000 0.000 0.020 0.003 
1.000 -0.018 0.010 0.012 0.750 0.000 -0.661 -0.013 0.977 0.000 -0.008 -0.214 0.967 0.000 -0.252 -0.035 0.532 0.000 0.761 -0.370 0.695 0.000 -0.719 0.023 0.996 0.000 0.042 0.075 0.703 0.000 -0.707 0.079 1.000 0.000 0.019 0.003 
1.000 -0.018 0.010 0.012 0.750 0.000 -0.661 -0.013 0.977 0.000 -0.007 -0.214 0.966 -0.000 -0.254 -0.035 0.530 0.000 0.771 -0.353 0.695 0.000 -0.718 0.023 0.996 0.000 0.042 0.076 0.702 0.000 -0.707 0.079 1.000 0.000 0.020 0.003 
1.000 -0.018 0.010 0.012 0.750 0.000 -0.661 -0.013 0.977 0.000 -0.007 -0.214 0.966 0.000 -0.257 -0.034 0.528 -0.000 0.781 -0.334 0.695 0.000 -0.719 0.023 0.996 0.000 0.043 0.076 0.702 0.000 -0.707 0.079 1.000 0.000 0.019 0.001 
1.000 -0.018 0.010 0.012 0.750 0.000 -0.661 -0.013 0.977 0.000 -0.007 -0.214 0.965 0.000 -0.260 -0.034 0.526 0.000 0.790 -0.315 0.695 -0.000 -0.719 0.023 0.996 0.000 0.043 0.076 0.702 0.000 -0.707 0.079 1.000 -0.000 0.020 0.000 
1.000 -0.018 0.010 0.012 0.750 0.000 -0.661 -0.013 0.977 0.000 -0.007 -0.214 0.964 0.000 -0.262 -0.034 0.524 -0.000 0.799 -0.296 0.695 -0.000 -0.719 0.023 0.996 0.000 0.043 0.076 0.702 0.000 -0.708 0.079 1.000 0.000 0.020 0.003 
1.000 -0.018 0.010 0.012 0.750 -0.000 -0.661 -0.013 0.977 0.000 -0.007 -0.214 0.964 0.000 -0.265 -0.032 0.522 -0.000 0.806 -0.278 0.695 0.000 -0.719 0.022 0.996 0.000 0.042 0.075 0.702 0.000 -0.708 0.079 1.000 0.000 0.020 0.002 
1.000 -0.018 0.010 0.011 0.750 0.000 -0.661 -0.013 0.977 0.000 -0.007 -0.214 0.963 0.000 -0.268 -0.032 0.521 0.000 0.814 -0.258 0.695 0.000 -0.718 0.022 0.996 0.000 0.043 0.076 0.702 0.000 -0.708 0.080 1.000 0.000 0.020 0.002 
1.000 -0.018 0.010 0.011 0.750 -0.000 -0.662 -0.014 0.977 0.000 -0.006 -0.214 0.962 0.000 -0.271 -0.031 0.519 0.000 0.821 -0.239 0.695 -0.000 -0.719 0.022 0.996 0.000 0.043 0.076 0.702 0.000 -0.708 0.080 1.000 0.000 0.020 0.002 
1.000 -0.018 0.010 0.011 0.750 -0.000 -0.662 -0.014 0.977 0.000 -0.006 -0.214 0.961 0.000 -0.274 -0.031 0.517 0.000 0.829 -0.213 0.695 0.000 -0.719 0.022 0.996 0.000 0.043 0.076 0.702 0.000 -0.708 0.080 1.000 0.000 0.016 -0.007 
1.000 -0.018 0.010 0.011 0.750 0.000 -0.662 -0.014 0.977 0.000 -0.006 -0.214 0.960 0.000 -0.277 -0.030 0.516 0.000 0.833 -0.200 0.695 -0.000 -0.718 0.022 0.996 -0.000 0.043 0.075 0.702 0.000 -0.708 0.080 1.000 0.000 0.020 0.002 
1.000 -0.018 0.010 0.011 0.749 0.000 -0.662 -0.014 0.977 -0.000 -0.005 -0.214 0.960 0.000 -0.280 -0.030 0.514 0.000 0.839 -0.180 0.695 -0.000 -0.719 0.023 0.996 0.000 0.043 0.075 0.702 0.000 -0.707 0.081 1.000 0.000 0.020 0.001 
1.000 -0.018 0.010 0.010 0.750 0.000 -0.662 -0.014 0.977 0.000 -0.006 -0.215 0.959 0.000 -0.283 -0.029 0.513 -0.000 0.844 -0.155 0.695 0.000 -0.718 0.022 0.996 0.000 0.043 0.076 0.702 0.000 -0.708 0.081 1.000 0.000 0.020 -0.001 
1.000 -0.018 0.010 0.010 0.749 0.000 -0.662 -0.015 0.977 0.000 -0.005 -0.214 0.958 0.000 -0.286 -0.028 0.512 0.000 0.847 -0.140 0.695 0.000 -0.718 0.022 0.996 0.000 0.043 0.076 0.702 0.000 -0.708 0.081 1.000 0.000 0.020 0.001 
1.000 -0.018 0.010 0.010 0.749 -0.000 -0.662 -0.015 0.977 -0.000 -0.005 -0.215 0.957 0.000 -0.289 -0.028 0.511 0.000 0.851 -0.122 0.695 0.000 -0.718 0.022 0.996 0.000 0.043 0.076 0.701 0.000 -0.708 0.081 1.000 0.000 0.020 -0.001 
1.000 -0.018 0.010 0.009 0.749 0.000 -0.662 -0.015 0.977 0.000 -0.005 -0.214 0.956 0.000 -0.292 -0.028 0.511 0.000 0.854 -0.104 0.695 0.000 -0.718 0.022 0.996 -0.000 0.043 0.075 0.701 0.000 -0.708 0.081 1.000 0.000 0.020 0.001 
1.000 -0.018 0.010 0.009 0.749 0.000 -0.662 -0.015 0.977 -0.000 -0.005 -0.215 0.955 -0.000 -0.295 -0.027 0.511 0.000 0.855 -0.087 0.695 0.000 -0.718 0.022 0.996 0.000 0.043 0.075 0.701 0.000 -0.708 0.082 1.000 0.000 0.017 -0.003 
1.000 -0.018 0.010 0.009 0.749 0.000 -0.662 -0.014 0.977 0.000 -0.005 -0.215 0.954 0.000 -0.297 -0.027 0.510 0.000 0.857 -0.079 0.695 0.000 -0.718 0.023 0.996 -0.000 0.043 0.075 0.701 0.000 -0.708 0.082 1.000 0.000 0.020 0.000 
1.000 -0.018 0.010 0.008 0.749 -0.000 -0.662 -0.014 0.977 0.000 -0.005 -0.215 0.954 0.000 -0.300 -0.027 0.510 -0.000 0.858 -0.061 0.695 0.000 -0.718 0.022 0.996 0.000 0.043 0.075 0.701 0.000 -0.708 0.082 1.000 0.000 0.020 0.000 
1.000 -0.018 0.010 0.008 0.749 0.000 -0.662 -0.014 0.977 0.000 -0.005 -0.215 0.953 0.000 -0.302 -0.027 0.510 -0.000 0.859 -0.048 0.696 0.000 -0.718 0.022 0.996 0.000 0.043 0.075 0.701 0.000 -0.708 0.083 1.000 0.000 0.020 -0.002 
1.000 -0.018 0.010 0.008 0.749 0.000 -0.662 -0.014 0.976 0.000 -0.005 -0.216 0.952 0.000 -0.304 -0.026 0.511 0.000 0.859 -0.035 0.695 0.000 -0.718 0.022 0.996 0.000 0.044 0.075 0.701 0.000 -0.708 0.083 1.000 -0.000 0.021 0.001 
