# T   LUA LFA RUA RFA LT  LS  RT  RS  
0.987 -0.153 0.003 -0.058 0.901 0.000 -0.433 -0.017 0.719 0.000 -0.099 -0.688 0.907 0.000 -0.420 0.029 0.782 0.000 -0.056 -0.621 0.709 0.000 -0.277 -0.648 0.774 0.000 -0.600 0.201 0.762 -0.000 -0.272 -0.588 0.775 -0.000 -0.582 0.245 
0.987 -0.153 0.003 -0.058 0.901 0.000 -0.433 -0.017 0.719 0.000 -0.099 -0.688 0.907 -0.000 -0.420 0.030 0.782 -0.000 -0.056 -0.621 0.709 0.000 -0.278 -0.649 0.774 0.000 -0.600 0.202 0.762 0.000 -0.272 -0.588 0.775 0.000 -0.582 0.245 
0.987 -0.153 0.003 -0.058 0.901 0.000 -0.433 -0.017 0.719 0.000 -0.099 -0.688 0.907 0.000 -0.420 0.030 0.782 0.000 -0.056 -0.621 0.709 0.000 -0.277 -0.649 0.774 0.000 -0.600 0.201 0.762 0.000 -0.272 -0.588 0.776 -0.000 -0.582 0.245 
0.987 -0.153 0.003 -0.058 0.901 -0.000 -0.433 -0.017 0.719 0.000 -0.099 -0.688 0.907 0.000 -0.420 0.030 0.782 0.000 -0.056 -0.621 0.709 0.000 -0.277 -0.648 0.774 0.000 -0.600 0.201 0.762 0.000 -0.272 -0.588 0.775 0.000 -0.582 0.245 
0.987 -0.153 0.003 -0.058 0.901 0.000 -0.433 -0.017 0.719 0.000 -0.099 -0.688 0.907 0.000 -0.420 0.030 0.782 0.000 -0.056 -0.621 0.709 0.000 -0.277 -0.649 0.774 0.000 -0.600 0.202 0.762 0.000 -0.272 -0.588 0.775 0.000 -0.582 0.245 
0.987 -0.152 0.003 -0.058 0.901 -0.000 -0.433 -0.017 0.719 0.000 -0.099 -0.688 0.907 0.000 -0.420 0.030 0.781 -0.000 -0.056 -0.621 0.709 0.000 -0.277 -0.649 0.774 0.000 -0.600 0.201 0.762 -0.000 -0.271 -0.588 0.775 -0.000 -0.582 0.245 
0.987 -0.153 0.003 -0.058 0.901 0.000 -0.433 -0.017 0.719 0.000 -0.099 -0.688 0.907 0.000 -0.420 0.030 0.781 0.000 -0.056 -0.621 0.709 0.000 -0.277 -0.649 0.774 0.000 -0.600 0.201 0.762 0.000 -0.271 -0.588 0.775 0.000 -0.583 0.245 
0.987 -0.153 0.003 -0.058 0.901 -0.000 -0.433 -0.017 0.719 0.000 -0.099 -0.688 0.907 -0.000 -0.420 0.030 0.782 -0.000 -0.056 -0.621 0.709 0.000 -0.277 -0.649 0.774 -0.000 -0.600 0.201 0.762 -0.000 -0.272 -0.588 0.776 0.000 -0.582 0.245 
0.987 -0.152 0.003 -0.058 0.901 0.000 -0.433 -0.017 0.719 0.000 -0.099 -0.688 0.907 0.000 -0.420 0.030 0.782 -0.000 -0.056 -0.621 0.709 0.000 -0.277 -0.649 0.774 0.000 -0.600 0.201 0.762 -0.000 -0.271 -0.588 0.775 0.000 -0.583 0.244 
0.987 -0.152 0.003 -0.058 0.901 0.000 -0.433 -0.017 0.719 0.000 -0.099 -0.688 0.907 0.000 -0.420 0.030 0.782 0.000 -0.056 -0.621 0.709 -0.000 -0.277 -0.649 0.774 0.000 -0.600 0.201 0.762 0.000 -0.271 -0.588 0.775 0.000 -0.583 0.244 
0.987 -0.152 0.003 -0.058 0.901 0.000 -0.433 -0.016 0.719 0.000 -0.099 -0.688 0.907 0.000 -0.421 0.031 0.781 0.000 -0.055 -0.622 0.709 0.000 -0.277 -0.649 0.774 -0.000 -0.600 0.201 0.762 0.000 -0.271 -0.588 0.775 0.000 -0.582 0.244 
0.987 -0.152 0.003 -0.058 0.901 0.000 -0.433 -0.016 0.719 0.000 -0.099 -0.688 0.907 0.000 -0.421 0.031 0.781 0.000 -0.055 -0.621 0.709 0.000 -0.277 -0.649 0.774 0.000 -0.600 0.201 0.762 0.000 -0.271 -0.588 0.775 0.000 -0.583 0.244 
0.987 -0.152 0.003 -0.058 0.901 0.000 -0.433 -0.016 0.719 0.000 -0.099 -0.688 0.907 0.000 -0.421 0.031 0.781 0.000 -0.055 -0.622 0.709 0.000 -0.277 -0.649 0.774 -0.000 -0.600 0.201 0.762 0.000 -0.271 -0.588 0.776 0.000 -0.582 0.244 
0.987 -0.152 0.003 -0.058 0.901 0.000 -0.433 -0.016 0.719 0.000 -0.099 -0.688 0.907 0.000 -0.421 0.031 0.781 0.000 -0.055 -0.622 0.709 0.000 -0.277 -0.649 0.774 0.000 -0.601 0.201 0.762 0.000 -0.271 -0.588 0.775 0.000 -0.583 0.244 
0.987 -0.152 0.003 -0.058 0.901 -0.000 -0.433 -0.016 0.719 0.000 -0.099 -0.688 0.907 0.000 -0.421 0.031 0.781 0.000 -0.054 -0.622 0.709 0.000 -0.277 -0.649 0.774 0.000 -0.601 0.201 0.762 0.000 -0.271 -0.588 0.776 0.000 -0.582 0.244 
0.987 -0.152 0.003 -0.058 0.901 0.000 -0.433 -0.016 0.719 0.000 -0.099 -0.688 0.907 0.000 -0.421 0.031 0.781 -0.000 -0.054 -0.622 0.709 0.000 -0.277 -0.649 0.774 -0.000 -0.601 0.201 0.762 0.000 -0.271 -0.588 0.775 0.000 -0.583 0.244 
0.987 -0.152 0.003 -0.058 0.901 0.000 -0.433 -0.016 0.719 0.000 -0.100 -0.688 0.907 0.000 -0.421 0.031 0.782 -0.000 -0.054 -0.622 0.709 -0.000 -0.277 -0.649 0.774 0.000 -0.600 0.201 0.762 0.000 -0.271 -0.588 0.775 0.000 -0.582 0.244 
0.987 -0.152 0.003 -0.058 0.901 0.000 -0.433 -0.016 0.719 0.000 -0.100 -0.688 0.906 -0.000 -0.421 0.032 0.781 0.000 -0.054 -0.622 0.709 0.000 -0.277 -0.649 0.774 -0.000 -0.600 0.201 0.762 0.000 -0.271 -0.588 0.775 0.000 -0.582 0.244 
0.987 -0.152 0.003 -0.058 0.901 0.000 -0.433 -0.016 0.719 -0.000 -0.100 -0.688 0.906 0.000 -0.421 0.032 0.781 0.000 -0.054 -0.622 0.709 0.000 -0.277 -0.649 0.774 0.000 -0.601 0.201 0.762 0.000 -0.271 -0.588 0.775 0.000 -0.582 0.244 
0.987 -0.152 0.003 -0.058 0.901 0.000 -0.433 -0.016 0.719 0.000 -0.100 -0.687 0.906 0.000 -0.421 0.032 0.781 0.000 -0.054 -0.622 0.709 0.000 -0.277 -0.649 0.774 0.000 -0.601 0.201 0.762 0.000 -0.271 -0.588 0.775 -0.000 -0.583 0.244 
0.987 -0.152 0.003 -0.058 0.901 0.000 -0.433 -0.016 0.719 0.000 -0.100 -0.687 0.906 0.000 -0.421 0.031 0.781 0.000 -0.053 -0.622 0.709 0.000 -0.276 -0.649 0.774 0.000 -0.601 0.201 0.762 -0.000 -0.271 -0.588 0.775 -0.000 -0.583 0.244 
0.987 -0.152 0.003 -0.058 0.901 -0.000 -0.433 -0.016 0.719 0.000 -0.100 -0.687 0.906 -0.000 -0.421 0.032 0.781 0.000 -0.053 -0.622 0.709 0.000 -0.276 -0.649 0.774 -0.000 -0.601 0.201 0.762 0.000 -0.271 -0.588 0.775 0.000 -0.583 0.244 
0.987 -0.152 0.003 -0.058 0.901 0.000 -0.433 -0.016 0.719 0.000 -0.100 -0.687 0.906 -0.000 -0.421 0.032 0.781 -0.000 -0.053 -0.622 0.709 0.000 -0.276 -0.649 0.774 0.000 -0.601 0.201 0.762 0.000 -0.271 -0.588 0.775 0.000 -0.583 0.244 
0.987 -0.152 0.003 -0.058 0.901 0.000 -0.433 -0.016 0.719 0.000 -0.100 -0.687 0.906 0.000 -0.421 0.031 0.781 0.000 -0.053 -0.622 0.709 0.000 -0.276 -0.649 0.774 0.000 -0.601 0.201 0.762 0.000 -0.271 -0.588 0.776 -0.000 -0.582 0.244 
0.987 -0.152 0.003 -0.058 0.901 -0.000 -0.433 -0.016 0.719 0.000 -0.101 -0.687 0.906 0.000 -0.421 0.031 0.781 0.000 -0.053 -0.622 0.709 0.000 -0.276 -0.649 0.774 -0.000 -0.601 0.200 0.762 -0.000 -0.271 -0.588 0.775 0.000 -0.583 0.244 
0.987 -0.152 0.003 -0.058 0.901 0.000 -0.433 -0.016 0.719 0.000 -0.101 -0.687 0.906 0.000 -0.421 0.032 0.781 0.000 -0.052 -0.622 0.709 0.000 -0.276 -0.649 0.774 0.000 -0.601 0.201 0.762 0.000 -0.271 -0.588 0.776 0.000 -0.582 0.244 
0.987 -0.152 0.003 -0.058 0.901 0.000 -0.433 -0.016 0.719 0.000 -0.101 -0.687 0.906 0.000 -0.422 0.032 0.781 -0.000 -0.052 -0.622 0.709 0.000 -0.276 -0.649 0.774 -0.000 -0.601 0.201 0.762 -0.000 -0.271 -0.588 0.775 0.000 -0.583 0.244 
0.987 -0.152 0.003 -0.058 0.901 -0.000 -0.433 -0.016 0.719 0.000 -0.101 -0.687 0.906 -0.000 -0.422 0.032 0.781 0.000 -0.052 -0.622 0.709 0.000 -0.276 -0.649 0.774 0.000 -0.601 0.201 0.762 0.000 -0.271 -0.588 0.775 0.000 -0.583 0.244 
0.987 -0.152 0.003 -0.058 0.901 0.000 -0.433 -0.016 0.719 0.000 -0.101 -0.687 0.906 -0.000 -0.422 0.032 0.781 0.000 -0.052 -0.622 0.709 0.000 -0.276 -0.649 0.774 0.000 -0.601 0.201 0.762 -0.000 -0.271 -0.588 0.775 0.000 -0.583 0.244 
0.987 -0.152 0.003 -0.058 0.901 0.000 -0.433 -0.016 0.720 0.000 -0.101 -0.687 0.906 0.000 -0.422 0.032 0.781 0.000 -0.052 -0.622 0.709 0.000 -0.276 -0.649 0.774 -0.000 -0.601 0.201 0.762 0.000 -0.271 -0.588 0.776 0.000 -0.582 0.244 
0.987 -0.152 0.003 -0.058 0.901 0.000 -0.433 -0.016 0.719 0.000 -0.101 -0.687 0.906 0.000 -0.422 0.032 0.781 0.000 -0.051 -0.622 0.709 0.000 -0.276 -0.649 0.774 0.000 -0.601 0.201 0.762 0.000 -0.271 -0.588 0.776 0.000 -0.582 0.244 
0.987 -0.152 0.003 -0.058 0.901 0.000 -0.433 -0.016 0.719 0.000 -0.101 -0.687 0.906 0.000 -0.422 0.032 0.781 0.000 -0.051 -0.622 0.709 -0.000 -0.276 -0.649 0.774 -0.000 -0.601 0.200 0.762 0.000 -0.271 -0.588 0.775 0.000 -0.583 0.244 
0.987 -0.152 0.003 -0.058 0.901 0.000 -0.433 -0.016 0.719 0.000 -0.101 -0.687 0.906 0.000 -0.422 0.032 0.781 0.000 -0.051 -0.622 0.709 0.000 -0.276 -0.649 0.774 0.000 -0.601 0.200 0.762 -0.000 -0.271 -0.588 0.775 0.000 -0.583 0.244 
0.987 -0.152 0.003 -0.058 0.901 0.000 -0.433 -0.016 0.719 0.000 -0.101 -0.687 0.906 0.000 -0.422 0.032 0.781 0.000 -0.051 -0.622 0.709 0.000 -0.276 -0.649 0.774 0.000 -0.601 0.201 0.762 0.000 -0.271 -0.588 0.775 0.000 -0.583 0.244 
0.987 -0.152 0.003 -0.058 0.901 0.000 -0.433 -0.016 0.719 0.000 -0.101 -0.687 0.906 0.000 -0.422 0.033 0.781 -0.000 -0.050 -0.622 0.709 0.000 -0.276 -0.649 0.774 0.000 -0.601 0.201 0.762 0.000 -0.271 -0.588 0.775 0.000 -0.583 0.244 
0.987 -0.152 0.003 -0.058 0.901 0.000 -0.433 -0.016 0.719 0.000 -0.101 -0.687 0.906 0.000 -0.422 0.032 0.781 0.000 -0.050 -0.623 0.709 0.000 -0.276 -0.649 0.774 0.000 -0.601 0.200 0.762 -0.000 -0.271 -0.588 0.775 0.000 -0.583 0.244 
0.987 -0.152 0.003 -0.058 0.901 -0.000 -0.433 -0.016 0.719 0.000 -0.101 -0.687 0.906 0.000 -0.422 0.032 0.781 0.000 -0.050 -0.623 0.709 0.000 -0.276 -0.649 0.774 0.000 -0.601 0.201 0.762 -0.000 -0.271 -0.588 0.775 0.000 -0.583 0.244 
0.987 -0.152 0.003 -0.058 0.901 -0.000 -0.433 -0.016 0.719 -0.000 -0.101 -0.687 0.906 0.000 -0.422 0.032 0.781 0.000 -0.049 -0.623 0.709 0.000 -0.276 -0.649 0.774 0.000 -0.601 0.200 0.762 -0.000 -0.271 -0.588 0.775 0.000 -0.583 0.244 
0.987 -0.152 0.003 -0.058 0.901 -0.000 -0.433 -0.016 0.719 0.000 -0.101 -0.687 0.906 0.000 -0.422 0.033 0.781 -0.000 -0.049 -0.623 0.709 0.000 -0.276 -0.649 0.774 0.000 -0.601 0.201 0.762 -0.000 -0.271 -0.588 0.775 0.000 -0.583 0.244 
0.987 -0.152 0.003 -0.058 0.901 -0.000 -0.434 -0.016 0.719 0.000 -0.101 -0.687 0.906 0.000 -0.422 0.033 0.781 0.000 -0.049 -0.623 0.709 0.000 -0.276 -0.649 0.774 0.000 -0.601 0.200 0.762 0.000 -0.271 -0.588 0.775 -0.000 -0.583 0.244 
0.987 -0.152 0.003 -0.058 0.901 -0.000 -0.434 -0.016 0.719 -0.000 -0.101 -0.687 0.906 -0.000 -0.422 0.033 0.781 0.000 -0.048 -0.623 0.709 -0.000 -0.276 -0.649 0.774 -0.000 -0.601 0.200 0.762 0.000 -0.271 -0.588 0.775 0.000 -0.583 0.244 
0.987 -0.152 0.003 -0.058 0.901 0.000 -0.434 -0.016 0.719 0.000 -0.101 -0.687 0.906 0.000 -0.422 0.033 0.781 0.000 -0.048 -0.623 0.709 0.000 -0.276 -0.649 0.774 0.000 -0.601 0.201 0.762 0.000 -0.271 -0.588 0.776 -0.000 -0.582 0.244 
0.987 -0.152 0.003 -0.058 0.901 0.000 -0.434 -0.016 0.719 0.000 -0.101 -0.688 0.906 0.000 -0.423 0.033 0.781 -0.000 -0.047 -0.623 0.709 -0.000 -0.276 -0.649 0.774 0.000 -0.601 0.200 0.762 0.000 -0.271 -0.588 0.775 0.000 -0.583 0.243 
0.987 -0.152 0.003 -0.058 0.901 0.000 -0.434 -0.016 0.719 -0.000 -0.101 -0.688 0.906 0.000 -0.422 0.033 0.780 -0.000 -0.047 -0.623 0.709 0.000 -0.276 -0.649 0.774 0.000 -0.601 0.200 0.762 -0.000 -0.271 -0.588 0.775 0.000 -0.583 0.244 
0.987 -0.152 0.003 -0.058 0.901 0.000 -0.434 -0.016 0.719 0.000 -0.102 -0.688 0.906 0.000 -0.423 0.033 0.780 0.000 -0.047 -0.624 0.709 0.000 -0.276 -0.649 0.774 0.000 -0.601 0.200 0.762 -0.000 -0.271 -0.588 0.776 0.000 -0.582 0.244 
0.987 -0.152 0.003 -0.058 0.901 0.000 -0.434 -0.016 0.719 0.000 -0.102 -0.688 0.906 0.000 -0.423 0.034 0.780 0.000 -0.046 -0.624 0.709 0.000 -0.276 -0.649 0.774 0.000 -0.601 0.200 0.762 -0.000 -0.270 -0.588 0.775 0.000 -0.583 0.243 
0.987 -0.152 0.003 -0.058 0.901 0.000 -0.434 -0.016 0.719 0.000 -0.102 -0.688 0.906 0.000 -0.423 0.033 0.780 0.000 -0.046 -0.624 0.709 -0.000 -0.276 -0.649 0.774 0.000 -0.601 0.200 0.762 0.000 -0.271 -0.588 0.776 0.000 -0.582 0.244 
0.987 -0.152 0.003 -0.058 0.901 0.000 -0.434 -0.015 0.719 0.000 -0.102 -0.688 0.906 -0.000 -0.423 0.034 0.780 0.000 -0.046 -0.624 0.709 0.000 -0.276 -0.649 0.774 0.000 -0.601 0.200 0.762 0.000 -0.270 -0.588 0.775 -0.000 -0.583 0.244 
0.987 -0.152 0.003 -0.058 0.901 0.000 -0.434 -0.015 0.719 0.000 -0.102 -0.688 0.906 0.000 -0.423 0.034 0.780 0.000 -0.045 -0.624 0.709 0.000 -0.276 -0.649 0.774 -0.000 -0.601 0.200 0.762 0.000 -0.271 -0.588 0.776 0.000 -0.582 0.243 
0.987 -0.152 0.003 -0.058 0.901 0.000 -0.434 -0.015 0.719 0.000 -0.102 -0.688 0.906 0.000 -0.423 0.034 0.780 0.000 -0.045 -0.624 0.709 0.000 -0.276 -0.649 0.774 0.000 -0.601 0.200 0.762 -0.000 -0.270 -0.588 0.775 0.000 -0.583 0.243 
0.987 -0.152 0.003 -0.058 0.901 0.000 -0.434 -0.015 0.719 0.000 -0.102 -0.688 0.906 0.000 -0.423 0.034 0.780 0.000 -0.045 -0.624 0.709 0.000 -0.276 -0.649 0.774 0.000 -0.601 0.200 0.762 -0.000 -0.270 -0.588 0.775 0.000 -0.583 0.243 
0.987 -0.152 0.003 -0.058 0.901 0.000 -0.434 -0.015 0.719 0.000 -0.102 -0.688 0.906 0.000 -0.423 0.034 0.780 0.000 -0.045 -0.624 0.709 -0.000 -0.276 -0.649 0.774 -0.000 -0.601 0.200 0.762 0.000 -0.270 -0.588 0.776 0.000 -0.583 0.243 
0.987 -0.152 0.003 -0.058 0.901 0.000 -0.435 -0.015 0.719 0.000 -0.102 -0.688 0.906 0.000 -0.423 0.034 0.780 0.000 -0.045 -0.624 0.709 0.000 -0.276 -0.649 0.774 0.000 -0.601 0.200 0.762 0.000 -0.270 -0.588 0.775 -0.000 -0.583 0.243 
0.987 -0.152 0.003 -0.058 0.901 -0.000 -0.434 -0.015 0.719 0.000 -0.103 -0.688 0.906 0.000 -0.423 0.034 0.780 0.000 -0.045 -0.624 0.709 0.000 -0.276 -0.649 0.774 -0.000 -0.601 0.200 0.762 0.000 -0.270 -0.588 0.776 -0.000 -0.583 0.243 
0.987 -0.152 0.003 -0.058 0.900 0.000 -0.435 -0.015 0.719 0.000 -0.103 -0.688 0.906 0.000 -0.423 0.034 0.780 0.000 -0.045 -0.624 0.709 0.000 -0.276 -0.649 0.774 0.000 -0.601 0.200 0.762 0.000 -0.270 -0.588 0.775 -0.000 -0.583 0.243 
0.987 -0.151 0.003 -0.058 0.901 0.000 -0.435 -0.014 0.719 -0.000 -0.103 -0.688 0.906 0.000 -0.423 0.034 0.780 0.000 -0.045 -0.624 0.709 0.000 -0.276 -0.649 0.774 0.000 -0.601 0.200 0.762 0.000 -0.270 -0.588 0.775 0.000 -0.583 0.243 
0.987 -0.152 0.003 -0.058 0.900 0.000 -0.435 -0.014 0.719 -0.000 -0.103 -0.688 0.906 0.000 -0.423 0.034 0.781 -0.000 -0.045 -0.624 0.709 -0.000 -0.276 -0.649 0.774 -0.000 -0.601 0.200 0.762 0.000 -0.270 -0.588 0.775 0.000 -0.583 0.243 
0.987 -0.152 0.003 -0.058 0.900 0.000 -0.435 -0.014 0.719 0.000 -0.103 -0.688 0.906 0.000 -0.423 0.034 0.780 0.000 -0.045 -0.624 0.709 -0.000 -0.276 -0.649 0.774 0.000 -0.601 0.200 0.762 0.000 -0.270 -0.588 0.775 0.000 -0.583 0.243 
0.987 -0.152 0.003 -0.058 0.900 0.000 -0.435 -0.014 0.719 0.000 -0.103 -0.688 0.906 0.000 -0.423 0.034 0.780 -0.000 -0.045 -0.624 0.709 0.000 -0.276 -0.649 0.774 0.000 -0.601 0.200 0.762 0.000 -0.270 -0.588 0.775 0.000 -0.583 0.243 
0.987 -0.151 0.003 -0.058 0.900 0.000 -0.435 -0.014 0.718 0.000 -0.103 -0.688 0.906 0.000 -0.423 0.034 0.780 0.000 -0.045 -0.624 0.709 -0.000 -0.275 -0.649 0.774 0.000 -0.601 0.200 0.762 0.000 -0.270 -0.588 0.775 0.000 -0.583 0.243 
0.987 -0.151 0.003 -0.058 0.900 0.000 -0.435 -0.014 0.719 -0.000 -0.104 -0.688 0.906 0.000 -0.423 0.034 0.780 0.000 -0.045 -0.624 0.709 0.000 -0.276 -0.649 0.774 0.000 -0.601 0.200 0.762 -0.000 -0.270 -0.588 0.775 -0.000 -0.583 0.243 
0.987 -0.151 0.003 -0.058 0.900 -0.000 -0.435 -0.013 0.718 0.000 -0.104 -0.688 0.906 0.000 -0.423 0.034 0.780 0.000 -0.045 -0.624 0.709 0.000 -0.275 -0.649 0.774 -0.000 -0.601 0.200 0.762 -0.000 -0.270 -0.589 0.775 0.000 -0.583 0.243 
0.987 -0.151 0.003 -0.058 0.900 0.000 -0.435 -0.014 0.718 0.000 -0.104 -0.688 0.906 -0.000 -0.423 0.034 0.780 0.000 -0.045 -0.624 0.709 -0.000 -0.275 -0.649 0.774 0.000 -0.601 0.200 0.762 0.000 -0.270 -0.589 0.775 0.000 -0.583 0.243 
0.987 -0.151 0.003 -0.058 0.900 0.000 -0.435 -0.013 0.719 0.000 -0.103 -0.688 0.906 -0.000 -0.423 0.034 0.780 -0.000 -0.045 -0.624 0.709 0.000 -0.275 -0.649 0.774 0.000 -0.601 0.200 0.762 0.000 -0.270 -0.589 0.775 0.000 -0.583 0.243 
0.987 -0.151 0.003 -0.058 0.900 0.000 -0.435 -0.013 0.718 -0.000 -0.104 -0.688 0.906 0.000 -0.423 0.034 0.781 0.000 -0.045 -0.624 0.709 0.000 -0.275 -0.649 0.774 0.000 -0.601 0.200 0.762 -0.000 -0.270 -0.588 0.775 0.000 -0.583 0.243 
0.987 -0.151 0.003 -0.058 0.900 0.000 -0.435 -0.013 0.719 -0.000 -0.103 -0.688 0.906 0.000 -0.423 0.034 0.780 -0.000 -0.045 -0.624 0.709 0.000 -0.275 -0.649 0.774 0.000 -0.601 0.200 0.762 -0.000 -0.270 -0.589 0.775 0.000 -0.583 0.243 
0.987 -0.151 0.003 -0.058 0.900 -0.000 -0.435 -0.013 0.718 0.000 -0.104 -0.688 0.906 0.000 -0.423 0.035 0.781 0.000 -0.045 -0.623 0.709 -0.000 -0.275 -0.649 0.774 0.000 -0.601 0.200 0.762 0.000 -0.270 -0.588 0.775 0.000 -0.583 0.243 
0.987 -0.151 0.003 -0.058 0.900 -0.000 -0.435 -0.013 0.718 -0.000 -0.104 -0.688 0.906 0.000 -0.423 0.035 0.781 0.000 -0.045 -0.624 0.709 0.000 -0.275 -0.649 0.774 0.000 -0.601 0.200 0.762 -0.000 -0.270 -0.588 0.775 0.000 -0.583 0.243 
0.987 -0.151 0.003 -0.058 0.900 0.000 -0.435 -0.013 0.718 0.000 -0.104 -0.688 0.906 0.000 -0.423 0.035 0.781 0.000 -0.045 -0.623 0.709 0.000 -0.275 -0.649 0.774 -0.000 -0.601 0.200 0.762 0.000 -0.270 -0.588 0.775 0.000 -0.583 0.243 
0.987 -0.151 0.003 -0.058 0.900 -0.000 -0.435 -0.013 0.719 0.000 -0.104 -0.688 0.906 0.000 -0.423 0.034 0.781 0.000 -0.045 -0.623 0.709 0.000 -0.275 -0.649 0.774 0.000 -0.601 0.200 0.762 0.000 -0.270 -0.588 0.775 0.000 -0.583 0.243 
0.987 -0.151 0.003 -0.058 0.900 0.000 -0.435 -0.013 0.718 0.000 -0.104 -0.688 0.906 0.000 -0.423 0.035 0.780 0.000 -0.045 -0.624 0.709 0.000 -0.276 -0.649 0.774 0.000 -0.601 0.200 0.762 0.000 -0.270 -0.588 0.775 0.000 -0.583 0.243 
0.987 -0.151 0.003 -0.058 0.900 0.000 -0.435 -0.013 0.718 0.000 -0.104 -0.688 0.906 -0.000 -0.423 0.035 0.781 -0.000 -0.045 -0.623 0.709 -0.000 -0.276 -0.649 0.774 0.000 -0.601 0.200 0.762 0.000 -0.270 -0.588 0.776 0.000 -0.583 0.243 
0.987 -0.151 0.003 -0.058 0.900 0.000 -0.435 -0.013 0.718 0.000 -0.104 -0.688 0.906 0.000 -0.423 0.035 0.780 0.000 -0.045 -0.624 0.709 0.000 -0.275 -0.649 0.774 0.000 -0.601 0.200 0.762 0.000 -0.270 -0.588 0.775 0.000 -0.583 0.243 
0.987 -0.151 0.003 -0.058 0.901 0.000 -0.435 -0.013 0.719 0.000 -0.103 -0.688 0.906 0.000 -0.423 0.034 0.781 -0.000 -0.045 -0.623 0.709 0.000 -0.275 -0.649 0.774 0.000 -0.601 0.200 0.762 -0.000 -0.270 -0.589 0.775 0.000 -0.583 0.243 
0.987 -0.151 0.003 -0.058 0.901 0.000 -0.435 -0.013 0.718 0.000 -0.103 -0.688 0.906 -0.000 -0.423 0.034 0.781 -0.000 -0.045 -0.623 0.709 -0.000 -0.275 -0.649 0.774 -0.000 -0.601 0.200 0.762 0.000 -0.270 -0.588 0.775 0.000 -0.583 0.243 
0.987 -0.151 0.003 -0.058 0.901 0.000 -0.435 -0.013 0.718 0.000 -0.104 -0.688 0.906 0.000 -0.423 0.034 0.781 0.000 -0.045 -0.623 0.709 0.000 -0.276 -0.649 0.774 0.000 -0.601 0.200 0.762 -0.000 -0.270 -0.588 0.775 0.000 -0.583 0.243 
0.987 -0.151 0.003 -0.058 0.901 -0.000 -0.434 -0.013 0.719 0.000 -0.103 -0.688 0.906 0.000 -0.423 0.034 0.781 0.000 -0.045 -0.623 0.709 0.000 -0.276 -0.649 0.774 0.000 -0.601 0.200 0.762 -0.000 -0.270 -0.588 0.775 -0.000 -0.583 0.243 
0.987 -0.151 0.003 -0.058 0.901 0.000 -0.434 -0.013 0.719 0.000 -0.103 -0.688 0.906 0.000 -0.423 0.034 0.781 0.000 -0.045 -0.623 0.709 -0.000 -0.276 -0.649 0.774 0.000 -0.601 0.200 0.762 -0.000 -0.270 -0.588 0.775 -0.000 -0.583 0.243 
0.987 -0.151 0.003 -0.058 0.901 0.000 -0.434 -0.013 0.718 0.000 -0.103 -0.688 0.906 0.000 -0.423 0.034 0.781 0.000 -0.045 -0.623 0.709 0.000 -0.275 -0.649 0.774 0.000 -0.601 0.200 0.762 0.000 -0.270 -0.588 0.775 0.000 -0.583 0.243 
0.987 -0.151 0.003 -0.058 0.901 0.000 -0.434 -0.013 0.718 0.000 -0.103 -0.688 0.906 0.000 -0.423 0.034 0.781 0.000 -0.044 -0.623 0.709 0.000 -0.275 -0.649 0.774 0.000 -0.601 0.200 0.762 0.000 -0.270 -0.588 0.775 0.000 -0.583 0.243 
0.987 -0.151 0.003 -0.058 0.901 0.000 -0.434 -0.013 0.718 0.000 -0.103 -0.688 0.906 0.000 -0.423 0.034 0.781 0.000 -0.044 -0.623 0.709 0.000 -0.275 -0.649 0.774 -0.000 -0.601 0.200 0.762 0.000 -0.270 -0.588 0.775 -0.000 -0.583 0.243 
0.987 -0.151 0.003 -0.058 0.901 0.000 -0.434 -0.013 0.718 0.000 -0.102 -0.688 0.906 0.000 -0.423 0.034 0.780 0.000 -0.044 -0.624 0.709 0.000 -0.275 -0.649 0.774 0.000 -0.601 0.200 0.762 0.000 -0.270 -0.589 0.775 -0.000 -0.583 0.243 
0.987 -0.151 0.003 -0.058 0.901 0.000 -0.434 -0.013 0.718 -0.000 -0.102 -0.688 0.906 0.000 -0.423 0.033 0.781 0.000 -0.044 -0.623 0.709 0.000 -0.275 -0.649 0.774 -0.000 -0.601 0.200 0.762 -0.000 -0.270 -0.589 0.775 0.000 -0.583 0.243 
0.987 -0.151 0.003 -0.058 0.901 0.000 -0.434 -0.013 0.718 0.000 -0.102 -0.688 0.906 -0.000 -0.423 0.034 0.781 0.000 -0.044 -0.624 0.709 -0.000 -0.275 -0.649 0.774 0.000 -0.601 0.200 0.762 0.000 -0.270 -0.588 0.776 -0.000 -0.583 0.243 
0.987 -0.151 0.003 -0.058 0.901 0.000 -0.434 -0.013 0.718 -0.000 -0.102 -0.688 0.906 0.000 -0.423 0.033 0.781 0.000 -0.044 -0.623 0.709 0.000 -0.275 -0.649 0.774 0.000 -0.601 0.200 0.762 -0.000 -0.270 -0.588 0.775 0.000 -0.583 0.243 
0.987 -0.151 0.003 -0.058 0.901 0.000 -0.434 -0.013 0.718 0.000 -0.101 -0.688 0.906 0.000 -0.423 0.033 0.781 -0.000 -0.044 -0.623 0.709 -0.000 -0.275 -0.649 0.774 -0.000 -0.601 0.200 0.762 0.000 -0.270 -0.588 0.775 0.000 -0.583 0.243 
0.987 -0.151 0.003 -0.058 0.901 0.000 -0.434 -0.013 0.718 0.000 -0.101 -0.688 0.906 -0.000 -0.423 0.033 0.781 0.000 -0.044 -0.623 0.709 0.000 -0.275 -0.649 0.774 -0.000 -0.601 0.200 0.762 0.000 -0.270 -0.588 0.775 0.000 -0.583 0.243 
0.987 -0.151 0.003 -0.058 0.901 0.000 -0.434 -0.013 0.718 0.000 -0.101 -0.688 0.906 0.000 -0.423 0.033 0.781 0.000 -0.044 -0.623 0.709 0.000 -0.275 -0.649 0.774 0.000 -0.601 0.200 0.762 0.000 -0.270 -0.588 0.776 0.000 -0.583 0.243 
0.987 -0.151 0.003 -0.058 0.901 0.000 -0.434 -0.013 0.718 0.000 -0.101 -0.688 0.906 -0.000 -0.423 0.033 0.781 0.000 -0.044 -0.623 0.709 0.000 -0.275 -0.649 0.774 0.000 -0.601 0.200 0.762 0.000 -0.270 -0.588 0.775 0.000 -0.583 0.243 
0.987 -0.151 0.003 -0.058 0.901 0.000 -0.434 -0.013 0.718 0.000 -0.101 -0.688 0.906 0.000 -0.423 0.033 0.781 0.000 -0.044 -0.623 0.709 -0.000 -0.275 -0.649 0.774 0.000 -0.601 0.200 0.762 0.000 -0.270 -0.589 0.775 0.000 -0.583 0.243 
0.987 -0.151 0.003 -0.058 0.901 0.000 -0.434 -0.013 0.718 0.000 -0.100 -0.688 0.906 0.000 -0.423 0.033 0.781 0.000 -0.044 -0.623 0.709 0.000 -0.275 -0.649 0.774 0.000 -0.601 0.200 0.762 -0.000 -0.270 -0.588 0.775 -0.000 -0.583 0.243 
0.987 -0.151 0.003 -0.058 0.901 0.000 -0.434 -0.013 0.718 0.000 -0.100 -0.688 0.906 -0.000 -0.423 0.033 0.781 0.000 -0.044 -0.623 0.709 0.000 -0.275 -0.649 0.774 0.000 -0.601 0.200 0.762 -0.000 -0.270 -0.588 0.775 -0.000 -0.583 0.243 
0.987 -0.151 0.003 -0.058 0.901 0.000 -0.434 -0.013 0.718 0.000 -0.100 -0.688 0.906 0.000 -0.423 0.033 0.781 0.000 -0.044 -0.623 0.709 0.000 -0.275 -0.649 0.774 0.000 -0.601 0.200 0.762 0.000 -0.270 -0.588 0.775 -0.000 -0.583 0.243 
0.987 -0.151 0.003 -0.058 0.901 0.000 -0.434 -0.013 0.718 0.000 -0.100 -0.688 0.906 0.000 -0.423 0.033 0.781 -0.000 -0.044 -0.623 0.709 0.000 -0.275 -0.649 0.774 0.000 -0.601 0.200 0.762 0.000 -0.270 -0.588 0.775 0.000 -0.583 0.243 
0.987 -0.151 0.003 -0.058 0.901 0.000 -0.434 -0.013 0.718 0.000 -0.100 -0.688 0.906 0.000 -0.423 0.033 0.781 0.000 -0.044 -0.623 0.709 0.000 -0.275 -0.649 0.774 0.000 -0.601 0.200 0.762 0.000 -0.270 -0.588 0.775 0.000 -0.583 0.243 
0.987 -0.151 0.003 -0.058 0.901 -0.000 -0.434 -0.013 0.719 0.000 -0.100 -0.688 0.906 0.000 -0.423 0.032 0.781 0.000 -0.044 -0.623 0.709 0.000 -0.275 -0.649 0.774 0.000 -0.601 0.200 0.762 0.000 -0.270 -0.588 0.776 -0.000 -0.583 0.243 
0.987 -0.151 0.003 -0.058 0.901 0.000 -0.434 -0.013 0.719 0.000 -0.100 -0.688 0.906 0.000 -0.423 0.033 0.781 0.000 -0.044 -0.623 0.709 -0.000 -0.275 -0.649 0.774 0.000 -0.601 0.200 0.762 0.000 -0.270 -0.588 0.776 0.000 -0.583 0.243 
0.987 -0.151 0.003 -0.058 0.901 0.000 -0.434 -0.013 0.719 0.000 -0.100 -0.688 0.906 0.000 -0.423 0.032 0.781 0.000 -0.044 -0.623 0.709 0.000 -0.275 -0.649 0.774 0.000 -0.601 0.200 0.762 0.000 -0.270 -0.588 0.776 0.000 -0.583 0.243 
0.987 -0.151 0.003 -0.058 0.901 0.000 -0.434 -0.013 0.718 -0.000 -0.100 -0.688 0.906 0.000 -0.423 0.032 0.781 0.000 -0.044 -0.623 0.709 0.000 -0.275 -0.649 0.774 0.000 -0.601 0.200 0.762 0.000 -0.270 -0.588 0.776 0.000 -0.583 0.243 
0.987 -0.151 0.003 -0.058 0.901 0.000 -0.434 -0.013 0.718 0.000 -0.100 -0.688 0.906 0.000 -0.423 0.032 0.781 0.000 -0.044 -0.623 0.709 0.000 -0.275 -0.649 0.774 -0.000 -0.601 0.200 0.762 0.000 -0.270 -0.588 0.776 0.000 -0.583 0.243 
0.987 -0.151 0.003 -0.058 0.901 0.000 -0.434 -0.013 0.718 0.000 -0.100 -0.688 0.906 0.000 -0.423 0.032 0.781 0.000 -0.044 -0.623 0.709 0.000 -0.275 -0.649 0.774 0.000 -0.601 0.200 0.762 0.000 -0.270 -0.588 0.775 0.000 -0.583 0.243 
0.987 -0.151 0.003 -0.058 0.901 0.000 -0.434 -0.013 0.719 0.000 -0.101 -0.688 0.906 0.000 -0.423 0.032 0.781 0.000 -0.044 -0.623 0.709 -0.000 -0.275 -0.649 0.774 0.000 -0.601 0.200 0.762 -0.000 -0.270 -0.588 0.775 0.000 -0.583 0.243 
0.987 -0.151 0.003 -0.058 0.901 -0.000 -0.434 -0.013 0.718 0.000 -0.101 -0.688 0.906 -0.000 -0.423 0.032 0.781 0.000 -0.043 -0.623 0.709 0.000 -0.275 -0.649 0.774 0.000 -0.601 0.199 0.762 0.000 -0.270 -0.588 0.775 0.000 -0.583 0.243 
0.987 -0.151 0.003 -0.058 0.901 0.000 -0.434 -0.013 0.718 0.000 -0.101 -0.688 0.906 0.000 -0.423 0.032 0.781 0.000 -0.043 -0.623 0.709 0.000 -0.275 -0.649 0.774 0.000 -0.601 0.200 0.762 0.000 -0.270 -0.588 0.775 0.000 -0.583 0.243 
0.987 -0.151 0.003 -0.058 0.901 0.000 -0.434 -0.013 0.719 0.000 -0.100 -0.688 0.906 0.000 -0.423 0.032 0.781 0.000 -0.043 -0.623 0.709 0.000 -0.275 -0.649 0.774 0.000 -0.601 0.200 0.762 -0.000 -0.270 -0.589 0.775 -0.000 -0.583 0.243 
0.987 -0.151 0.003 -0.058 0.901 0.000 -0.434 -0.012 0.718 0.000 -0.101 -0.688 0.906 0.000 -0.423 0.032 0.781 0.000 -0.043 -0.623 0.709 0.000 -0.275 -0.649 0.774 0.000 -0.601 0.199 0.762 0.000 -0.270 -0.588 0.775 0.000 -0.583 0.243 
0.987 -0.151 0.003 -0.058 0.901 0.000 -0.434 -0.013 0.718 0.000 -0.101 -0.688 0.906 -0.000 -0.423 0.032 0.781 0.000 -0.043 -0.623 0.709 -0.000 -0.275 -0.649 0.774 0.000 -0.601 0.199 0.762 0.000 -0.270 -0.588 0.775 -0.000 -0.583 0.243 
0.987 -0.151 0.003 -0.058 0.901 0.000 -0.435 -0.013 0.718 -0.000 -0.101 -0.688 0.906 0.000 -0.423 0.032 0.781 0.000 -0.043 -0.623 0.709 0.000 -0.275 -0.649 0.774 0.000 -0.601 0.200 0.762 0.000 -0.270 -0.588 0.775 -0.000 -0.583 0.243 
0.987 -0.151 0.003 -0.058 0.900 0.000 -0.435 -0.012 0.718 0.000 -0.101 -0.688 0.906 0.000 -0.423 0.032 0.781 -0.000 -0.043 -0.623 0.709 0.000 -0.275 -0.649 0.774 0.000 -0.601 0.200 0.762 0.000 -0.270 -0.588 0.776 0.000 -0.583 0.243 
0.987 -0.151 0.003 -0.058 0.900 0.000 -0.435 -0.013 0.719 0.000 -0.101 -0.688 0.905 0.000 -0.423 0.032 0.781 0.000 -0.042 -0.623 0.709 0.000 -0.275 -0.649 0.774 0.000 -0.601 0.199 0.762 0.000 -0.270 -0.588 0.776 0.000 -0.583 0.243 
0.987 -0.151 0.003 -0.058 0.900 0.000 -0.435 -0.012 0.718 0.000 -0.101 -0.688 0.905 0.000 -0.423 0.032 0.781 0.000 -0.042 -0.623 0.709 0.000 -0.275 -0.649 0.774 0.000 -0.601 0.199 0.762 -0.000 -0.270 -0.589 0.775 0.000 -0.583 0.243 
0.987 -0.151 0.003 -0.058 0.900 0.000 -0.435 -0.012 0.718 0.000 -0.101 -0.688 0.905 0.000 -0.424 0.032 0.781 -0.000 -0.042 -0.623 0.709 -0.000 -0.275 -0.649 0.774 0.000 -0.601 0.199 0.762 -0.000 -0.269 -0.588 0.775 -0.000 -0.583 0.242 
0.987 -0.151 0.003 -0.058 0.900 0.000 -0.435 -0.012 0.719 0.000 -0.101 -0.688 0.905 0.000 -0.424 0.032 0.781 0.000 -0.042 -0.624 0.709 0.000 -0.275 -0.649 0.774 0.000 -0.601 0.199 0.762 0.000 -0.270 -0.589 0.775 0.000 -0.583 0.243 
0.987 -0.151 0.003 -0.058 0.900 0.000 -0.435 -0.012 0.718 0.000 -0.102 -0.688 0.905 -0.000 -0.424 0.032 0.780 0.000 -0.041 -0.624 0.709 0.000 -0.275 -0.650 0.774 0.000 -0.601 0.199 0.762 0.000 -0.270 -0.588 0.775 -0.000 -0.583 0.242 
0.987 -0.151 0.003 -0.058 0.900 0.000 -0.435 -0.012 0.719 0.000 -0.102 -0.688 0.905 0.000 -0.424 0.032 0.780 -0.000 -0.041 -0.624 0.709 0.000 -0.275 -0.650 0.774 -0.000 -0.601 0.199 0.762 -0.000 -0.270 -0.588 0.775 0.000 -0.583 0.242 
0.987 -0.151 0.003 -0.058 0.900 0.000 -0.435 -0.012 0.719 -0.000 -0.102 -0.688 0.905 -0.000 -0.424 0.032 0.780 0.000 -0.041 -0.624 0.709 0.000 -0.275 -0.650 0.774 -0.000 -0.601 0.199 0.762 0.000 -0.269 -0.589 0.775 0.000 -0.583 0.242 
0.987 -0.151 0.003 -0.058 0.900 0.000 -0.436 -0.012 0.719 0.000 -0.102 -0.688 0.905 0.000 -0.424 0.032 0.781 0.000 -0.041 -0.624 0.709 -0.000 -0.275 -0.650 0.774 0.000 -0.601 0.199 0.762 0.000 -0.269 -0.589 0.775 0.000 -0.583 0.242 
0.987 -0.151 0.003 -0.058 0.900 0.000 -0.436 -0.012 0.719 0.000 -0.102 -0.688 0.905 0.000 -0.424 0.032 0.781 -0.000 -0.041 -0.624 0.709 0.000 -0.275 -0.650 0.774 0.000 -0.601 0.199 0.762 0.000 -0.269 -0.589 0.775 0.000 -0.584 0.242 
0.987 -0.151 0.003 -0.058 0.900 0.000 -0.436 -0.012 0.719 0.000 -0.102 -0.688 0.905 0.000 -0.424 0.032 0.780 0.000 -0.041 -0.624 0.709 0.000 -0.275 -0.650 0.774 0.000 -0.601 0.199 0.762 0.000 -0.269 -0.589 0.775 0.000 -0.584 0.242 
0.987 -0.151 0.003 -0.058 0.900 0.000 -0.436 -0.012 0.719 -0.000 -0.102 -0.688 0.905 -0.000 -0.424 0.032 0.781 0.000 -0.041 -0.624 0.709 0.000 -0.275 -0.650 0.774 -0.000 -0.601 0.199 0.762 0.000 -0.269 -0.589 0.775 0.000 -0.584 0.242 
0.987 -0.151 0.003 -0.058 0.900 -0.000 -0.436 -0.012 0.719 0.000 -0.103 -0.688 0.905 0.000 -0.424 0.032 0.781 0.000 -0.041 -0.624 0.709 0.000 -0.275 -0.650 0.774 -0.000 -0.601 0.199 0.762 0.000 -0.269 -0.589 0.775 0.000 -0.584 0.242 
0.987 -0.151 0.003 -0.058 0.900 0.000 -0.436 -0.012 0.719 0.000 -0.103 -0.688 0.905 0.000 -0.424 0.032 0.781 0.000 -0.041 -0.624 0.709 -0.000 -0.275 -0.650 0.774 0.000 -0.601 0.199 0.762 0.000 -0.269 -0.589 0.775 -0.000 -0.583 0.242 
0.987 -0.151 0.003 -0.058 0.900 0.000 -0.436 -0.012 0.719 0.000 -0.103 -0.688 0.905 0.000 -0.424 0.032 0.781 -0.000 -0.040 -0.624 0.709 0.000 -0.275 -0.650 0.774 0.000 -0.601 0.199 0.762 0.000 -0.269 -0.589 0.775 0.000 -0.584 0.242 
0.987 -0.151 0.003 -0.058 0.900 0.000 -0.436 -0.012 0.719 -0.000 -0.103 -0.688 0.905 -0.000 -0.424 0.032 0.781 0.000 -0.040 -0.624 0.709 0.000 -0.274 -0.650 0.774 0.000 -0.601 0.199 0.762 -0.000 -0.269 -0.589 0.775 0.000 -0.583 0.242 
0.987 -0.151 0.003 -0.058 0.900 0.000 -0.436 -0.012 0.719 0.000 -0.103 -0.688 0.905 0.000 -0.424 0.032 0.781 0.000 -0.040 -0.624 0.709 -0.000 -0.274 -0.650 0.774 -0.000 -0.601 0.199 0.762 -0.000 -0.269 -0.589 0.775 0.000 -0.583 0.242 
0.987 -0.151 0.003 -0.058 0.900 0.000 -0.436 -0.012 0.719 0.000 -0.103 -0.688 0.905 0.000 -0.424 0.033 0.781 0.000 -0.040 -0.624 0.709 0.000 -0.274 -0.650 0.774 0.000 -0.601 0.199 0.762 0.000 -0.269 -0.589 0.775 0.000 -0.583 0.242 
0.987 -0.151 0.003 -0.058 0.900 0.000 -0.436 -0.012 0.719 0.000 -0.103 -0.688 0.905 0.000 -0.424 0.032 0.781 0.000 -0.040 -0.624 0.709 0.000 -0.274 -0.650 0.774 0.000 -0.601 0.199 0.762 0.000 -0.269 -0.589 0.775 0.000 -0.583 0.242 
0.987 -0.151 0.003 -0.058 0.900 0.000 -0.436 -0.012 0.719 0.000 -0.103 -0.688 0.905 -0.000 -0.424 0.032 0.781 0.000 -0.040 -0.624 0.709 0.000 -0.274 -0.650 0.774 0.000 -0.602 0.198 0.762 0.000 -0.269 -0.589 0.775 0.000 -0.583 0.242 
0.987 -0.150 0.003 -0.058 0.900 0.000 -0.436 -0.012 0.719 -0.000 -0.103 -0.688 0.905 -0.000 -0.424 0.032 0.781 0.000 -0.040 -0.624 0.709 0.000 -0.274 -0.650 0.774 0.000 -0.602 0.198 0.762 0.000 -0.269 -0.589 0.775 -0.000 -0.584 0.242 
0.987 -0.150 0.003 -0.058 0.900 0.000 -0.436 -0.012 0.719 0.000 -0.103 -0.688 0.905 0.000 -0.424 0.032 0.781 0.000 -0.040 -0.624 0.709 0.000 -0.274 -0.650 0.774 0.000 -0.602 0.198 0.762 0.000 -0.269 -0.589 0.775 0.000 -0.584 0.242 
0.987 -0.150 0.003 -0.058 0.900 0.000 -0.436 -0.012 0.719 0.000 -0.103 -0.688 0.905 0.000 -0.424 0.032 0.781 0.000 -0.040 -0.623 0.709 0.000 -0.274 -0.650 0.774 -0.000 -0.601 0.198 0.762 0.000 -0.269 -0.589 0.775 0.000 -0.584 0.242 
0.987 -0.150 0.003 -0.058 0.900 0.000 -0.436 -0.012 0.719 0.000 -0.102 -0.688 0.905 0.000 -0.424 0.032 0.781 0.000 -0.040 -0.624 0.709 0.000 -0.274 -0.650 0.774 0.000 -0.602 0.198 0.762 0.000 -0.269 -0.589 0.775 0.000 -0.584 0.242 
0.987 -0.150 0.003 -0.058 0.900 0.000 -0.436 -0.012 0.719 0.000 -0.102 -0.688 0.905 0.000 -0.424 0.032 0.781 -0.000 -0.040 -0.623 0.709 -0.000 -0.274 -0.650 0.774 0.000 -0.602 0.198 0.762 0.000 -0.269 -0.589 0.776 0.000 -0.583 0.242 
0.987 -0.150 0.003 -0.058 0.900 0.000 -0.436 -0.012 0.719 0.000 -0.103 -0.688 0.905 0.000 -0.424 0.032 0.781 0.000 -0.040 -0.623 0.709 0.000 -0.274 -0.650 0.774 0.000 -0.601 0.199 0.762 0.000 -0.269 -0.589 0.775 0.000 -0.584 0.242 
0.987 -0.150 0.003 -0.058 0.900 0.000 -0.436 -0.013 0.719 0.000 -0.102 -0.688 0.905 0.000 -0.424 0.032 0.781 0.000 -0.041 -0.624 0.709 0.000 -0.274 -0.650 0.774 0.000 -0.602 0.198 0.762 0.000 -0.269 -0.589 0.775 0.000 -0.584 0.242 
0.987 -0.150 0.003 -0.058 0.900 0.000 -0.436 -0.013 0.719 0.000 -0.102 -0.688 0.905 0.000 -0.424 0.032 0.781 0.000 -0.041 -0.624 0.709 0.000 -0.274 -0.650 0.774 0.000 -0.601 0.198 0.762 -0.000 -0.269 -0.589 0.775 0.000 -0.583 0.242 
0.987 -0.150 0.003 -0.058 0.900 0.000 -0.436 -0.013 0.719 0.000 -0.102 -0.688 0.905 -0.000 -0.424 0.032 0.781 0.000 -0.041 -0.624 0.709 0.000 -0.274 -0.650 0.774 0.000 -0.602 0.198 0.762 0.000 -0.269 -0.589 0.775 0.000 -0.584 0.242 
0.987 -0.150 0.003 -0.058 0.900 0.000 -0.436 -0.013 0.718 0.000 -0.102 -0.688 0.905 0.000 -0.424 0.032 0.781 0.000 -0.040 -0.624 0.709 0.000 -0.274 -0.650 0.774 0.000 -0.602 0.198 0.762 0.000 -0.269 -0.589 0.775 -0.000 -0.584 0.241 
0.987 -0.150 0.003 -0.058 0.900 0.000 -0.436 -0.013 0.719 0.000 -0.102 -0.688 0.905 0.000 -0.423 0.032 0.781 0.000 -0.041 -0.624 0.709 0.000 -0.274 -0.650 0.774 0.000 -0.602 0.198 0.762 -0.000 -0.269 -0.589 0.775 -0.000 -0.583 0.242 
0.987 -0.150 0.003 -0.058 0.900 0.000 -0.436 -0.013 0.718 -0.000 -0.102 -0.688 0.905 0.000 -0.423 0.032 0.781 -0.000 -0.040 -0.624 0.709 0.000 -0.274 -0.650 0.774 0.000 -0.602 0.198 0.762 0.000 -0.269 -0.589 0.775 0.000 -0.583 0.242 
0.987 -0.150 0.003 -0.058 0.900 -0.000 -0.437 -0.013 0.718 -0.000 -0.102 -0.688 0.905 0.000 -0.423 0.032 0.781 0.000 -0.040 -0.624 0.709 0.000 -0.274 -0.650 0.774 0.000 -0.602 0.198 0.762 0.000 -0.269 -0.589 0.775 -0.000 -0.583 0.242 
0.987 -0.150 0.003 -0.058 0.900 0.000 -0.436 -0.013 0.718 0.000 -0.102 -0.688 0.905 0.000 -0.423 0.032 0.781 0.000 -0.040 -0.624 0.709 -0.000 -0.273 -0.650 0.774 -0.000 -0.602 0.198 0.762 0.000 -0.268 -0.589 0.775 0.000 -0.583 0.241 
0.987 -0.150 0.003 -0.058 0.900 -0.000 -0.437 -0.013 0.719 0.000 -0.102 -0.688 0.905 0.000 -0.423 0.032 0.781 0.000 -0.040 -0.624 0.709 -0.000 -0.274 -0.650 0.774 0.000 -0.602 0.198 0.762 0.000 -0.269 -0.589 0.775 0.000 -0.583 0.241 
0.987 -0.150 0.003 -0.058 0.900 0.000 -0.437 -0.013 0.718 0.000 -0.101 -0.688 0.905 0.000 -0.423 0.031 0.781 0.000 -0.040 -0.624 0.709 0.000 -0.274 -0.650 0.774 0.000 -0.602 0.198 0.762 0.000 -0.268 -0.589 0.775 0.000 -0.584 0.241 
0.987 -0.150 0.003 -0.058 0.900 0.000 -0.437 -0.013 0.718 0.000 -0.101 -0.688 0.905 0.000 -0.424 0.031 0.781 0.000 -0.040 -0.624 0.709 0.000 -0.273 -0.650 0.774 -0.000 -0.602 0.198 0.762 -0.000 -0.269 -0.589 0.776 -0.000 -0.583 0.241 
0.987 -0.150 0.003 -0.058 0.900 0.000 -0.437 -0.013 0.719 0.000 -0.101 -0.688 0.905 0.000 -0.423 0.031 0.781 0.000 -0.040 -0.624 0.709 -0.000 -0.273 -0.650 0.774 0.000 -0.602 0.198 0.762 0.000 -0.269 -0.589 0.776 0.000 -0.583 0.241 
0.987 -0.150 0.003 -0.058 0.900 0.000 -0.437 -0.013 0.718 0.000 -0.101 -0.688 0.905 0.000 -0.424 0.032 0.780 0.000 -0.040 -0.624 0.709 -0.000 -0.273 -0.650 0.774 0.000 -0.602 0.198 0.762 0.000 -0.268 -0.589 0.775 0.000 -0.584 0.241 
0.987 -0.150 0.003 -0.058 0.900 0.000 -0.437 -0.013 0.719 0.000 -0.101 -0.688 0.905 0.000 -0.423 0.031 0.781 0.000 -0.040 -0.624 0.709 0.000 -0.273 -0.650 0.774 -0.000 -0.602 0.198 0.762 0.000 -0.268 -0.589 0.775 0.000 -0.583 0.242 
0.987 -0.150 0.003 -0.058 0.900 0.000 -0.437 -0.013 0.718 0.000 -0.101 -0.688 0.905 0.000 -0.424 0.031 0.781 0.000 -0.040 -0.624 0.709 -0.000 -0.273 -0.650 0.774 0.000 -0.602 0.198 0.762 0.000 -0.269 -0.589 0.775 0.000 -0.583 0.242 
0.987 -0.150 0.003 -0.058 0.900 -0.000 -0.437 -0.013 0.718 0.000 -0.101 -0.688 0.905 0.000 -0.423 0.031 0.781 0.000 -0.040 -0.624 0.709 0.000 -0.274 -0.650 0.774 -0.000 -0.602 0.198 0.762 0.000 -0.268 -0.589 0.775 0.000 -0.584 0.241 
0.987 -0.150 0.003 -0.058 0.900 0.000 -0.437 -0.013 0.718 0.000 -0.101 -0.688 0.905 0.000 -0.423 0.031 0.781 0.000 -0.040 -0.624 0.709 0.000 -0.273 -0.650 0.774 0.000 -0.602 0.198 0.762 0.000 -0.268 -0.589 0.775 0.000 -0.584 0.241 
0.987 -0.150 0.003 -0.058 0.900 0.000 -0.437 -0.013 0.719 0.000 -0.101 -0.688 0.905 0.000 -0.423 0.031 0.781 0.000 -0.040 -0.624 0.709 -0.000 -0.274 -0.650 0.774 0.000 -0.602 0.198 0.762 0.000 -0.268 -0.589 0.775 0.000 -0.584 0.241 
0.987 -0.150 0.003 -0.058 0.899 0.000 -0.437 -0.014 0.719 0.000 -0.101 -0.688 0.905 0.000 -0.423 0.031 0.781 0.000 -0.040 -0.624 0.709 0.000 -0.274 -0.650 0.774 0.000 -0.602 0.198 0.762 0.000 -0.269 -0.589 0.776 0.000 -0.583 0.241 
0.987 -0.150 0.003 -0.058 0.900 0.000 -0.437 -0.014 0.719 0.000 -0.101 -0.688 0.905 0.000 -0.424 0.031 0.781 0.000 -0.040 -0.624 0.709 0.000 -0.274 -0.650 0.774 0.000 -0.602 0.198 0.762 -0.000 -0.268 -0.589 0.775 0.000 -0.584 0.241 
0.987 -0.150 0.003 -0.058 0.900 0.000 -0.437 -0.014 0.718 0.000 -0.101 -0.688 0.905 0.000 -0.423 0.031 0.781 0.000 -0.040 -0.624 0.709 0.000 -0.274 -0.650 0.774 0.000 -0.602 0.198 0.762 0.000 -0.268 -0.589 0.775 0.000 -0.584 0.241 
0.987 -0.150 0.003 -0.058 0.900 -0.000 -0.437 -0.014 0.718 0.000 -0.101 -0.688 0.905 0.000 -0.423 0.031 0.780 -0.000 -0.040 -0.624 0.709 0.000 -0.274 -0.650 0.774 -0.000 -0.602 0.198 0.762 -0.000 -0.268 -0.589 0.775 0.000 -0.584 0.241 
0.987 -0.150 0.003 -0.058 0.900 0.000 -0.437 -0.014 0.719 0.000 -0.101 -0.688 0.905 0.000 -0.423 0.031 0.780 -0.000 -0.040 -0.624 0.709 -0.000 -0.274 -0.650 0.774 0.000 -0.602 0.198 0.762 0.000 -0.268 -0.589 0.775 0.000 -0.584 0.241 
0.987 -0.150 0.003 -0.058 0.900 0.000 -0.437 -0.014 0.718 0.000 -0.101 -0.688 0.905 0.000 -0.424 0.030 0.780 0.000 -0.040 -0.624 0.709 0.000 -0.274 -0.650 0.774 0.000 -0.602 0.198 0.762 -0.000 -0.269 -0.589 0.776 0.000 -0.583 0.242 
0.987 -0.150 0.003 -0.058 0.900 0.000 -0.437 -0.014 0.718 0.000 -0.100 -0.688 0.905 0.000 -0.424 0.030 0.780 0.000 -0.040 -0.624 0.709 0.000 -0.274 -0.650 0.774 0.000 -0.602 0.198 0.762 0.000 -0.269 -0.589 0.776 0.000 -0.583 0.242 
0.987 -0.150 0.003 -0.058 0.900 0.000 -0.436 -0.014 0.718 0.000 -0.100 -0.688 0.905 0.000 -0.424 0.030 0.780 0.000 -0.040 -0.624 0.709 0.000 -0.274 -0.650 0.774 0.000 -0.602 0.198 0.762 0.000 -0.269 -0.589 0.776 0.000 -0.583 0.242 
0.987 -0.150 0.003 -0.058 0.900 0.000 -0.436 -0.014 0.718 0.000 -0.100 -0.688 0.905 0.000 -0.424 0.030 0.780 0.000 -0.039 -0.624 0.709 -0.000 -0.274 -0.650 0.774 -0.000 -0.602 0.198 0.762 0.000 -0.269 -0.589 0.775 -0.000 -0.583 0.242 
0.987 -0.150 0.003 -0.058 0.900 0.000 -0.436 -0.014 0.718 0.000 -0.100 -0.688 0.905 0.000 -0.424 0.030 0.780 0.000 -0.039 -0.624 0.709 0.000 -0.274 -0.650 0.774 0.000 -0.602 0.198 0.762 0.000 -0.269 -0.589 0.776 0.000 -0.583 0.242 
0.987 -0.150 0.003 -0.058 0.900 0.000 -0.436 -0.014 0.718 -0.000 -0.100 -0.689 0.905 0.000 -0.424 0.030 0.780 0.000 -0.039 -0.624 0.709 0.000 -0.274 -0.650 0.774 0.000 -0.602 0.198 0.762 0.000 -0.268 -0.589 0.775 0.000 -0.584 0.242 
0.987 -0.150 0.003 -0.058 0.900 -0.000 -0.436 -0.014 0.718 0.000 -0.100 -0.688 0.905 -0.000 -0.424 0.030 0.780 0.000 -0.039 -0.624 0.709 0.000 -0.274 -0.650 0.774 -0.000 -0.602 0.198 0.762 0.000 -0.269 -0.589 0.775 0.000 -0.583 0.242 
0.987 -0.150 0.003 -0.058 0.900 0.000 -0.436 -0.014 0.718 0.000 -0.100 -0.688 0.905 0.000 -0.424 0.030 0.780 0.000 -0.039 -0.624 0.709 0.000 -0.274 -0.650 0.774 0.000 -0.602 0.198 0.762 0.000 -0.269 -0.589 0.775 0.000 -0.583 0.242 
0.987 -0.150 0.003 -0.058 0.900 -0.000 -0.436 -0.014 0.719 -0.000 -0.099 -0.688 0.905 0.000 -0.424 0.030 0.780 0.000 -0.039 -0.624 0.709 0.000 -0.274 -0.650 0.774 0.000 -0.602 0.198 0.762 0.000 -0.268 -0.589 0.775 -0.000 -0.584 0.241 
0.987 -0.150 0.003 -0.058 0.900 -0.000 -0.436 -0.014 0.718 0.000 -0.099 -0.689 0.905 -0.000 -0.423 0.030 0.780 0.000 -0.039 -0.624 0.709 0.000 -0.274 -0.650 0.774 0.000 -0.602 0.198 0.762 0.000 -0.268 -0.589 0.775 0.000 -0.584 0.241 
0.987 -0.150 0.003 -0.058 0.900 0.000 -0.436 -0.014 0.718 0.000 -0.099 -0.689 0.905 -0.000 -0.424 0.030 0.780 0.000 -0.039 -0.624 0.709 0.000 -0.274 -0.650 0.774 0.000 -0.602 0.198 0.762 0.000 -0.268 -0.589 0.775 0.000 -0.584 0.241 
0.987 -0.150 0.003 -0.058 0.900 -0.000 -0.436 -0.013 0.718 -0.000 -0.099 -0.689 0.905 -0.000 -0.424 0.029 0.780 0.000 -0.039 -0.624 0.709 0.000 -0.274 -0.650 0.774 0.000 -0.602 0.198 0.762 0.000 -0.269 -0.589 0.776 0.000 -0.583 0.241 
0.987 -0.150 0.003 -0.058 0.900 0.000 -0.436 -0.014 0.718 0.000 -0.099 -0.688 0.905 -0.000 -0.424 0.030 0.780 0.000 -0.039 -0.624 0.709 0.000 -0.274 -0.650 0.774 0.000 -0.602 0.198 0.762 0.000 -0.269 -0.589 0.775 0.000 -0.583 0.242 
0.987 -0.150 0.003 -0.058 0.900 0.000 -0.436 -0.014 0.718 0.000 -0.099 -0.689 0.905 0.000 -0.424 0.030 0.780 -0.000 -0.039 -0.624 0.709 0.000 -0.274 -0.650 0.774 0.000 -0.602 0.198 0.762 -0.000 -0.269 -0.589 0.776 0.000 -0.583 0.242 
0.987 -0.150 0.003 -0.058 0.900 0.000 -0.436 -0.014 0.718 0.000 -0.099 -0.689 0.905 0.000 -0.424 0.029 0.781 0.000 -0.039 -0.624 0.709 0.000 -0.273 -0.650 0.774 0.000 -0.602 0.198 0.762 0.000 -0.268 -0.589 0.775 0.000 -0.584 0.241 
0.987 -0.150 0.003 -0.058 0.900 0.000 -0.436 -0.014 0.718 -0.000 -0.099 -0.689 0.905 0.000 -0.424 0.029 0.780 0.000 -0.039 -0.624 0.709 0.000 -0.273 -0.650 0.774 -0.000 -0.602 0.198 0.762 0.000 -0.268 -0.589 0.775 -0.000 -0.584 0.241 
0.987 -0.150 0.003 -0.058 0.900 0.000 -0.436 -0.014 0.718 0.000 -0.099 -0.688 0.905 0.000 -0.424 0.030 0.781 0.000 -0.039 -0.624 0.709 0.000 -0.274 -0.650 0.774 0.000 -0.602 0.198 0.762 0.000 -0.269 -0.589 0.776 0.000 -0.583 0.242 
0.987 -0.150 0.003 -0.058 0.900 0.000 -0.436 -0.014 0.718 0.000 -0.099 -0.689 0.905 0.000 -0.424 0.029 0.780 -0.000 -0.039 -0.624 0.709 0.000 -0.274 -0.650 0.774 0.000 -0.602 0.198 0.762 0.000 -0.268 -0.589 0.775 0.000 -0.584 0.241 
0.987 -0.150 0.003 -0.058 0.900 0.000 -0.436 -0.014 0.718 0.000 -0.099 -0.689 0.905 0.000 -0.424 0.030 0.780 0.000 -0.039 -0.624 0.709 0.000 -0.274 -0.650 0.774 -0.000 -0.602 0.198 0.762 0.000 -0.268 -0.589 0.775 0.000 -0.584 0.241 
0.987 -0.150 0.003 -0.058 0.900 0.000 -0.436 -0.014 0.718 0.000 -0.099 -0.689 0.905 -0.000 -0.424 0.030 0.780 -0.000 -0.039 -0.624 0.709 -0.000 -0.274 -0.650 0.774 0.000 -0.602 0.198 0.762 0.000 -0.269 -0.589 0.776 0.000 -0.583 0.241 
0.987 -0.150 0.003 -0.058 0.900 0.000 -0.436 -0.013 0.718 0.000 -0.099 -0.689 0.905 0.000 -0.424 0.030 0.780 0.000 -0.039 -0.624 0.709 0.000 -0.274 -0.650 0.774 0.000 -0.602 0.198 0.762 -0.000 -0.269 -0.589 0.776 0.000 -0.583 0.241 
0.987 -0.150 0.003 -0.058 0.900 0.000 -0.436 -0.014 0.718 0.000 -0.099 -0.688 0.905 0.000 -0.424 0.030 0.780 0.000 -0.039 -0.624 0.709 0.000 -0.273 -0.650 0.774 0.000 -0.602 0.198 0.762 0.000 -0.268 -0.589 0.775 0.000 -0.584 0.241 
0.987 -0.150 0.003 -0.058 0.900 0.000 -0.436 -0.013 0.718 0.000 -0.099 -0.689 0.905 0.000 -0.424 0.030 0.780 0.000 -0.039 -0.624 0.709 0.000 -0.273 -0.650 0.774 -0.000 -0.602 0.198 0.762 0.000 -0.269 -0.589 0.776 0.000 -0.583 0.241 
0.987 -0.150 0.003 -0.058 0.900 0.000 -0.436 -0.013 0.718 0.000 -0.099 -0.689 0.905 0.000 -0.424 0.030 0.780 0.000 -0.039 -0.624 0.709 0.000 -0.273 -0.650 0.774 0.000 -0.602 0.198 0.762 0.000 -0.268 -0.589 0.775 0.000 -0.584 0.241 
0.987 -0.150 0.003 -0.058 0.900 0.000 -0.436 -0.013 0.718 0.000 -0.099 -0.689 0.905 0.000 -0.424 0.030 0.780 0.000 -0.038 -0.624 0.709 0.000 -0.273 -0.650 0.774 0.000 -0.602 0.198 0.762 0.000 -0.268 -0.589 0.775 0.000 -0.584 0.241 
0.987 -0.150 0.003 -0.058 0.900 0.000 -0.436 -0.013 0.718 0.000 -0.099 -0.689 0.905 0.000 -0.424 0.030 0.780 0.000 -0.038 -0.624 0.709 0.000 -0.273 -0.650 0.774 -0.000 -0.602 0.198 0.762 -0.000 -0.268 -0.589 0.775 0.000 -0.584 0.241 
0.987 -0.150 0.003 -0.058 0.900 0.000 -0.436 -0.013 0.718 0.000 -0.099 -0.689 0.905 0.000 -0.424 0.030 0.780 0.000 -0.038 -0.624 0.709 0.000 -0.273 -0.650 0.774 0.000 -0.602 0.198 0.762 -0.000 -0.268 -0.589 0.775 0.000 -0.584 0.241 
0.987 -0.150 0.003 -0.058 0.900 0.000 -0.436 -0.013 0.718 -0.000 -0.099 -0.689 0.905 0.000 -0.424 0.030 0.780 0.000 -0.038 -0.624 0.709 0.000 -0.273 -0.650 0.774 0.000 -0.602 0.198 0.762 0.000 -0.268 -0.589 0.775 0.000 -0.584 0.241 
0.987 -0.150 0.003 -0.058 0.900 0.000 -0.435 -0.013 0.718 0.000 -0.099 -0.689 0.905 -0.000 -0.424 0.030 0.780 0.000 -0.038 -0.624 0.709 -0.000 -0.273 -0.650 0.774 0.000 -0.602 0.198 0.762 0.000 -0.268 -0.589 0.775 0.000 -0.584 0.241 
0.987 -0.150 0.003 -0.058 0.900 0.000 -0.435 -0.013 0.718 0.000 -0.099 -0.689 0.905 0.000 -0.424 0.030 0.780 0.000 -0.038 -0.624 0.709 0.000 -0.273 -0.650 0.774 0.000 -0.602 0.198 0.762 0.000 -0.269 -0.589 0.775 0.000 -0.584 0.241 
0.987 -0.150 0.003 -0.058 0.900 0.000 -0.435 -0.013 0.718 -0.000 -0.100 -0.689 0.905 0.000 -0.424 0.030 0.780 0.000 -0.038 -0.624 0.709 0.000 -0.273 -0.650 0.774 0.000 -0.602 0.198 0.762 0.000 -0.269 -0.589 0.776 -0.000 -0.583 0.241 
0.987 -0.150 0.003 -0.058 0.900 0.000 -0.435 -0.013 0.718 -0.000 -0.100 -0.689 0.905 0.000 -0.424 0.030 0.780 0.000 -0.038 -0.624 0.709 0.000 -0.273 -0.650 0.774 0.000 -0.602 0.198 0.762 0.000 -0.269 -0.589 0.776 0.000 -0.583 0.241 
0.987 -0.150 0.003 -0.058 0.900 0.000 -0.435 -0.013 0.718 0.000 -0.100 -0.689 0.905 0.000 -0.424 0.030 0.780 0.000 -0.038 -0.624 0.709 0.000 -0.273 -0.650 0.774 0.000 -0.602 0.198 0.762 0.000 -0.269 -0.589 0.776 0.000 -0.583 0.241 
0.987 -0.150 0.003 -0.058 0.900 0.000 -0.435 -0.013 0.718 0.000 -0.100 -0.689 0.905 0.000 -0.424 0.030 0.780 0.000 -0.038 -0.624 0.709 0.000 -0.273 -0.650 0.774 -0.000 -0.602 0.198 0.762 -0.000 -0.268 -0.589 0.775 0.000 -0.584 0.241 
0.987 -0.150 0.003 -0.058 0.900 0.000 -0.436 -0.013 0.718 0.000 -0.099 -0.689 0.905 0.000 -0.424 0.030 0.780 0.000 -0.038 -0.624 0.709 0.000 -0.273 -0.650 0.774 0.000 -0.602 0.198 0.762 0.000 -0.269 -0.589 0.775 0.000 -0.583 0.241 
0.987 -0.150 0.003 -0.058 0.900 -0.000 -0.435 -0.013 0.718 0.000 -0.100 -0.689 0.905 0.000 -0.424 0.030 0.780 0.000 -0.038 -0.624 0.709 0.000 -0.273 -0.650 0.774 0.000 -0.602 0.198 0.762 0.000 -0.268 -0.589 0.775 0.000 -0.584 0.241 
0.987 -0.150 0.003 -0.058 0.900 -0.000 -0.435 -0.013 0.718 0.000 -0.100 -0.689 0.905 0.000 -0.424 0.031 0.780 -0.000 -0.038 -0.624 0.709 0.000 -0.273 -0.650 0.774 -0.000 -0.602 0.198 0.762 0.000 -0.268 -0.589 0.775 0.000 -0.584 0.241 
0.987 -0.150 0.003 -0.058 0.900 -0.000 -0.435 -0.013 0.718 0.000 -0.100 -0.689 0.905 0.000 -0.424 0.031 0.780 0.000 -0.038 -0.624 0.709 0.000 -0.273 -0.650 0.774 0.000 -0.602 0.198 0.762 0.000 -0.268 -0.589 0.776 0.000 -0.583 0.241 
0.987 -0.150 0.003 -0.058 0.900 0.000 -0.435 -0.013 0.718 0.000 -0.100 -0.689 0.905 -0.000 -0.424 0.031 0.780 0.000 -0.038 -0.624 0.709 0.000 -0.273 -0.650 0.774 -0.000 -0.602 0.198 0.762 0.000 -0.269 -0.589 0.776 0.000 -0.583 0.241 
0.987 -0.150 0.003 -0.058 0.900 0.000 -0.435 -0.013 0.718 0.000 -0.100 -0.689 0.905 0.000 -0.424 0.031 0.780 0.000 -0.038 -0.624 0.709 0.000 -0.273 -0.650 0.774 -0.000 -0.602 0.198 0.762 -0.000 -0.269 -0.589 0.776 0.000 -0.583 0.241 
0.987 -0.150 0.003 -0.058 0.900 0.000 -0.435 -0.013 0.718 0.000 -0.100 -0.689 0.905 0.000 -0.424 0.031 0.780 0.000 -0.038 -0.624 0.709 0.000 -0.273 -0.650 0.774 0.000 -0.602 0.198 0.762 -0.000 -0.268 -0.589 0.775 0.000 -0.584 0.241 
0.987 -0.150 0.003 -0.058 0.900 0.000 -0.435 -0.013 0.718 0.000 -0.100 -0.689 0.905 0.000 -0.424 0.031 0.780 0.000 -0.038 -0.624 0.709 0.000 -0.273 -0.650 0.774 0.000 -0.602 0.198 0.762 0.000 -0.269 -0.589 0.776 0.000 -0.583 0.241 
0.987 -0.150 0.003 -0.058 0.900 0.000 -0.435 -0.013 0.718 0.000 -0.100 -0.689 0.905 0.000 -0.424 0.031 0.780 0.000 -0.038 -0.624 0.709 0.000 -0.273 -0.650 0.774 0.000 -0.602 0.198 0.762 0.000 -0.268 -0.589 0.776 0.000 -0.583 0.241 
0.987 -0.150 0.003 -0.058 0.900 -0.000 -0.436 -0.013 0.718 0.000 -0.100 -0.689 0.905 0.000 -0.424 0.031 0.780 0.000 -0.038 -0.624 0.709 0.000 -0.273 -0.650 0.774 0.000 -0.602 0.198 0.762 0.000 -0.268 -0.589 0.775 0.000 -0.584 0.241 
0.987 -0.150 0.003 -0.058 0.900 0.000 -0.435 -0.013 0.718 0.000 -0.100 -0.689 0.905 0.000 -0.424 0.031 0.780 -0.000 -0.038 -0.624 0.709 -0.000 -0.273 -0.650 0.774 0.000 -0.602 0.197 0.762 0.000 -0.268 -0.589 0.775 -0.000 -0.584 0.241 
0.987 -0.150 0.003 -0.058 0.900 0.000 -0.435 -0.014 0.718 0.000 -0.100 -0.689 0.905 -0.000 -0.424 0.031 0.780 0.000 -0.038 -0.624 0.709 0.000 -0.273 -0.650 0.774 0.000 -0.602 0.198 0.762 0.000 -0.268 -0.589 0.775 -0.000 -0.584 0.241 
0.987 -0.150 0.003 -0.058 0.900 0.000 -0.435 -0.013 0.718 0.000 -0.100 -0.689 0.905 -0.000 -0.424 0.031 0.780 0.000 -0.038 -0.624 0.709 0.000 -0.273 -0.650 0.774 0.000 -0.602 0.198 0.762 0.000 -0.268 -0.589 0.775 0.000 -0.584 0.241 
0.987 -0.150 0.003 -0.058 0.900 0.000 -0.435 -0.013 0.718 0.000 -0.100 -0.689 0.905 0.000 -0.424 0.031 0.780 0.000 -0.038 -0.624 0.709 0.000 -0.273 -0.650 0.774 0.000 -0.602 0.198 0.762 0.000 -0.268 -0.589 0.775 -0.000 -0.584 0.241 
0.987 -0.150 0.003 -0.058 0.900 0.000 -0.435 -0.013 0.718 0.000 -0.100 -0.689 0.905 0.000 -0.424 0.031 0.780 0.000 -0.038 -0.624 0.709 0.000 -0.273 -0.650 0.774 0.000 -0.602 0.198 0.762 0.000 -0.268 -0.589 0.775 -0.000 -0.584 0.241 
0.987 -0.150 0.003 -0.058 0.900 0.000 -0.435 -0.013 0.718 0.000 -0.100 -0.689 0.905 0.000 -0.424 0.031 0.780 -0.000 -0.038 -0.624 0.709 -0.000 -0.273 -0.650 0.774 -0.000 -0.602 0.198 0.762 -0.000 -0.268 -0.589 0.775 0.000 -0.584 0.241 
0.987 -0.150 0.003 -0.058 0.900 0.000 -0.435 -0.013 0.718 0.000 -0.100 -0.689 0.905 0.000 -0.424 0.031 0.780 0.000 -0.038 -0.624 0.709 0.000 -0.273 -0.650 0.774 0.000 -0.602 0.198 0.762 0.000 -0.268 -0.589 0.775 -0.000 -0.584 0.241 
0.987 -0.150 0.003 -0.058 0.900 0.000 -0.435 -0.013 0.718 0.000 -0.100 -0.689 0.905 0.000 -0.424 0.031 0.780 0.000 -0.038 -0.624 0.709 0.000 -0.273 -0.650 0.774 0.000 -0.602 0.198 0.762 -0.000 -0.268 -0.589 0.775 -0.000 -0.584 0.241 
0.987 -0.150 0.003 -0.058 0.900 0.000 -0.435 -0.013 0.718 0.000 -0.100 -0.689 0.905 0.000 -0.424 0.031 0.781 0.000 -0.038 -0.624 0.709 -0.000 -0.273 -0.650 0.774 0.000 -0.602 0.198 0.762 0.000 -0.268 -0.589 0.776 0.000 -0.584 0.241 
0.987 -0.150 0.003 -0.058 0.900 0.000 -0.435 -0.013 0.718 -0.000 -0.100 -0.689 0.905 0.000 -0.424 0.031 0.781 0.000 -0.037 -0.624 0.709 0.000 -0.273 -0.650 0.774 0.000 -0.602 0.198 0.762 -0.000 -0.268 -0.589 0.775 0.000 -0.584 0.241 
0.987 -0.150 0.003 -0.058 0.900 0.000 -0.435 -0.013 0.718 0.000 -0.101 -0.689 0.905 0.000 -0.424 0.031 0.781 0.000 -0.037 -0.624 0.709 0.000 -0.273 -0.650 0.774 -0.000 -0.602 0.198 0.762 0.000 -0.268 -0.589 0.776 0.000 -0.583 0.241 
0.987 -0.150 0.003 -0.058 0.900 0.000 -0.435 -0.013 0.718 -0.000 -0.100 -0.689 0.905 -0.000 -0.424 0.031 0.780 0.000 -0.037 -0.624 0.709 -0.000 -0.273 -0.650 0.774 -0.000 -0.602 0.198 0.762 0.000 -0.268 -0.589 0.776 0.000 -0.584 0.241 
0.987 -0.150 0.003 -0.058 0.900 -0.000 -0.435 -0.013 0.718 0.000 -0.101 -0.689 0.905 0.000 -0.424 0.031 0.781 0.000 -0.037 -0.624 0.709 -0.000 -0.273 -0.650 0.774 0.000 -0.602 0.198 0.762 -0.000 -0.268 -0.589 0.776 0.000 -0.583 0.241 
0.987 -0.150 0.003 -0.058 0.900 -0.000 -0.435 -0.013 0.718 0.000 -0.100 -0.689 0.905 0.000 -0.424 0.031 0.781 0.000 -0.037 -0.624 0.709 0.000 -0.273 -0.650 0.774 0.000 -0.602 0.198 0.762 0.000 -0.268 -0.589 0.775 -0.000 -0.584 0.241 
0.987 -0.150 0.003 -0.058 0.900 -0.000 -0.435 -0.013 0.718 0.000 -0.101 -0.689 0.905 0.000 -0.424 0.031 0.781 0.000 -0.037 -0.624 0.709 0.000 -0.273 -0.650 0.774 0.000 -0.602 0.198 0.762 0.000 -0.268 -0.589 0.776 0.000 -0.583 0.241 
0.987 -0.150 0.003 -0.058 0.900 0.000 -0.435 -0.013 0.718 -0.000 -0.101 -0.689 0.905 -0.000 -0.424 0.031 0.781 -0.000 -0.037 -0.624 0.709 0.000 -0.273 -0.650 0.774 0.000 -0.602 0.198 0.762 0.000 -0.268 -0.589 0.775 0.000 -0.584 0.241 
0.987 -0.150 0.003 -0.058 0.900 0.000 -0.435 -0.013 0.718 -0.000 -0.100 -0.689 0.905 0.000 -0.424 0.031 0.781 0.000 -0.037 -0.624 0.709 0.000 -0.273 -0.650 0.774 0.000 -0.602 0.197 0.762 -0.000 -0.268 -0.589 0.775 0.000 -0.584 0.241 
0.987 -0.150 0.003 -0.058 0.900 0.000 -0.435 -0.013 0.718 0.000 -0.101 -0.689 0.905 0.000 -0.425 0.031 0.780 0.000 -0.037 -0.624 0.709 0.000 -0.273 -0.650 0.774 0.000 -0.602 0.197 0.762 0.000 -0.268 -0.589 0.775 -0.000 -0.584 0.241 
0.987 -0.150 0.003 -0.058 0.900 0.000 -0.435 -0.013 0.718 0.000 -0.101 -0.689 0.905 0.000 -0.425 0.031 0.780 0.000 -0.037 -0.624 0.709 0.000 -0.273 -0.650 0.774 0.000 -0.602 0.198 0.762 0.000 -0.268 -0.589 0.776 0.000 -0.583 0.241 
0.987 -0.150 0.003 -0.058 0.900 0.000 -0.435 -0.013 0.718 0.000 -0.100 -0.689 0.905 -0.000 -0.425 0.031 0.780 0.000 -0.036 -0.624 0.709 0.000 -0.273 -0.650 0.774 0.000 -0.602 0.197 0.762 0.000 -0.268 -0.589 0.775 0.000 -0.584 0.241 
0.987 -0.150 0.003 -0.058 0.900 -0.000 -0.435 -0.013 0.718 0.000 -0.100 -0.689 0.905 -0.000 -0.425 0.031 0.780 -0.000 -0.036 -0.624 0.709 0.000 -0.273 -0.650 0.774 0.000 -0.602 0.197 0.762 0.000 -0.268 -0.589 0.776 0.000 -0.584 0.241 
0.987 -0.150 0.003 -0.058 0.900 0.000 -0.435 -0.013 0.718 0.000 -0.101 -0.689 0.905 0.000 -0.425 0.032 0.780 0.000 -0.036 -0.624 0.709 0.000 -0.273 -0.650 0.774 0.000 -0.602 0.198 0.762 0.000 -0.268 -0.589 0.775 0.000 -0.584 0.241 
0.987 -0.150 0.003 -0.058 0.900 0.000 -0.435 -0.013 0.718 0.000 -0.100 -0.689 0.904 0.000 -0.426 0.032 0.780 0.000 -0.036 -0.625 0.709 -0.000 -0.273 -0.650 0.774 0.000 -0.602 0.197 0.762 0.000 -0.268 -0.589 0.775 0.000 -0.584 0.241 
0.987 -0.150 0.003 -0.058 0.900 0.000 -0.435 -0.013 0.718 0.000 -0.101 -0.689 0.904 0.000 -0.426 0.032 0.780 0.000 -0.036 -0.624 0.709 0.000 -0.273 -0.650 0.774 0.000 -0.602 0.198 0.762 0.000 -0.268 -0.589 0.776 0.000 -0.583 0.241 
0.987 -0.150 0.003 -0.058 0.900 0.000 -0.435 -0.013 0.718 0.000 -0.101 -0.689 0.904 0.000 -0.426 0.032 0.780 0.000 -0.036 -0.624 0.709 0.000 -0.273 -0.650 0.774 0.000 -0.602 0.198 0.762 0.000 -0.268 -0.589 0.775 -0.000 -0.584 0.241 
0.987 -0.150 0.003 -0.058 0.900 0.000 -0.435 -0.013 0.718 0.000 -0.101 -0.689 0.904 -0.000 -0.426 0.032 0.780 -0.000 -0.036 -0.624 0.709 0.000 -0.273 -0.650 0.774 0.000 -0.602 0.198 0.762 0.000 -0.268 -0.589 0.776 0.000 -0.583 0.241 
0.987 -0.150 0.003 -0.058 0.900 0.000 -0.435 -0.013 0.718 0.000 -0.101 -0.689 0.904 -0.000 -0.426 0.032 0.780 -0.000 -0.036 -0.624 0.709 0.000 -0.273 -0.650 0.774 0.000 -0.602 0.197 0.762 -0.000 -0.268 -0.589 0.775 -0.000 -0.584 0.241 
0.987 -0.150 0.003 -0.058 0.900 0.000 -0.435 -0.013 0.718 0.000 -0.101 -0.689 0.904 0.000 -0.426 0.032 0.780 0.000 -0.036 -0.624 0.709 0.000 -0.273 -0.650 0.774 -0.000 -0.602 0.198 0.762 0.000 -0.268 -0.589 0.776 0.000 -0.583 0.241 
0.987 -0.150 0.003 -0.058 0.900 0.000 -0.435 -0.013 0.718 -0.000 -0.101 -0.689 0.904 0.000 -0.426 0.032 0.780 -0.000 -0.036 -0.625 0.709 -0.000 -0.273 -0.650 0.774 0.000 -0.602 0.197 0.762 -0.000 -0.268 -0.589 0.775 0.000 -0.584 0.241 
0.987 -0.150 0.003 -0.058 0.900 0.000 -0.435 -0.013 0.718 0.000 -0.101 -0.689 0.904 0.000 -0.426 0.032 0.780 0.000 -0.036 -0.624 0.709 0.000 -0.273 -0.650 0.774 0.000 -0.602 0.197 0.762 0.000 -0.268 -0.589 0.776 0.000 -0.584 0.241 
0.987 -0.150 0.003 -0.058 0.900 0.000 -0.435 -0.013 0.718 0.000 -0.101 -0.689 0.904 0.000 -0.426 0.032 0.780 0.000 -0.036 -0.624 0.709 0.000 -0.273 -0.650 0.774 0.000 -0.602 0.197 0.762 0.000 -0.268 -0.589 0.776 0.000 -0.584 0.240 
0.987 -0.150 0.003 -0.058 0.900 0.000 -0.435 -0.013 0.718 0.000 -0.101 -0.689 0.904 0.000 -0.426 0.032 0.780 0.000 -0.036 -0.624 0.709 0.000 -0.272 -0.651 0.774 0.000 -0.602 0.197 0.762 0.000 -0.268 -0.589 0.775 0.000 -0.584 0.240 
0.987 -0.150 0.003 -0.058 0.900 0.000 -0.435 -0.013 0.718 -0.000 -0.101 -0.689 0.904 0.000 -0.426 0.032 0.780 0.000 -0.036 -0.624 0.709 0.000 -0.273 -0.651 0.774 0.000 -0.602 0.197 0.762 0.000 -0.268 -0.589 0.775 -0.000 -0.584 0.240 
0.987 -0.150 0.003 -0.058 0.900 0.000 -0.435 -0.013 0.718 0.000 -0.101 -0.689 0.904 0.000 -0.426 0.032 0.780 0.000 -0.036 -0.624 0.709 0.000 -0.272 -0.651 0.774 0.000 -0.602 0.197 0.762 0.000 -0.268 -0.589 0.775 0.000 -0.584 0.240 
0.987 -0.150 0.003 -0.058 0.900 -0.000 -0.435 -0.013 0.718 -0.000 -0.101 -0.689 0.904 0.000 -0.426 0.032 0.780 0.000 -0.036 -0.624 0.709 -0.000 -0.272 -0.651 0.774 0.000 -0.602 0.197 0.762 0.000 -0.268 -0.589 0.776 0.000 -0.584 0.240 
0.987 -0.150 0.003 -0.058 0.900 0.000 -0.435 -0.013 0.718 0.000 -0.101 -0.689 0.904 0.000 -0.426 0.032 0.780 0.000 -0.036 -0.624 0.709 0.000 -0.272 -0.651 0.774 0.000 -0.602 0.197 0.762 0.000 -0.268 -0.589 0.775 0.000 -0.584 0.240 
0.987 -0.150 0.003 -0.058 0.900 0.000 -0.435 -0.013 0.718 0.000 -0.101 -0.689 0.904 0.000 -0.426 0.032 0.780 0.000 -0.036 -0.625 0.709 0.000 -0.272 -0.651 0.774 -0.000 -0.602 0.197 0.762 0.000 -0.268 -0.589 0.776 0.000 -0.584 0.240 
0.987 -0.150 0.003 -0.058 0.900 0.000 -0.435 -0.013 0.718 0.000 -0.101 -0.689 0.904 0.000 -0.426 0.032 0.780 0.000 -0.036 -0.624 0.709 -0.000 -0.272 -0.651 0.774 0.000 -0.602 0.197 0.762 0.000 -0.268 -0.589 0.775 0.000 -0.584 0.240 
0.987 -0.150 0.003 -0.058 0.900 0.000 -0.435 -0.013 0.718 -0.000 -0.101 -0.689 0.904 0.000 -0.426 0.032 0.780 0.000 -0.036 -0.624 0.709 0.000 -0.272 -0.651 0.774 0.000 -0.602 0.197 0.762 -0.000 -0.268 -0.589 0.776 0.000 -0.583 0.240 
0.987 -0.150 0.003 -0.058 0.900 0.000 -0.435 -0.013 0.718 0.000 -0.101 -0.689 0.904 0.000 -0.426 0.032 0.780 0.000 -0.036 -0.624 0.709 0.000 -0.272 -0.651 0.774 0.000 -0.602 0.197 0.762 0.000 -0.268 -0.589 0.775 0.000 -0.584 0.240 
0.987 -0.150 0.003 -0.058 0.901 0.000 -0.435 -0.013 0.718 0.000 -0.100 -0.689 0.904 -0.000 -0.426 0.032 0.780 0.000 -0.036 -0.624 0.709 0.000 -0.272 -0.651 0.774 0.000 -0.602 0.197 0.762 0.000 -0.268 -0.589 0.775 -0.000 -0.584 0.240 
0.987 -0.150 0.003 -0.058 0.901 0.000 -0.435 -0.013 0.718 -0.000 -0.100 -0.689 0.904 0.000 -0.426 0.032 0.780 0.000 -0.036 -0.624 0.709 0.000 -0.272 -0.651 0.774 0.000 -0.602 0.197 0.762 -0.000 -0.268 -0.589 0.776 0.000 -0.584 0.240 
0.987 -0.150 0.003 -0.058 0.901 0.000 -0.435 -0.012 0.718 0.000 -0.100 -0.689 0.904 0.000 -0.426 0.031 0.780 0.000 -0.037 -0.624 0.709 -0.000 -0.272 -0.651 0.774 -0.000 -0.602 0.197 0.762 0.000 -0.268 -0.589 0.776 0.000 -0.584 0.240 
0.987 -0.150 0.003 -0.058 0.901 0.000 -0.435 -0.013 0.718 0.000 -0.100 -0.689 0.904 0.000 -0.426 0.032 0.780 0.000 -0.036 -0.625 0.709 -0.000 -0.272 -0.651 0.774 0.000 -0.602 0.197 0.762 0.000 -0.268 -0.589 0.776 0.000 -0.584 0.240 
0.987 -0.150 0.003 -0.058 0.901 0.000 -0.435 -0.013 0.718 0.000 -0.100 -0.689 0.904 0.000 -0.426 0.032 0.780 0.000 -0.036 -0.625 0.709 0.000 -0.272 -0.651 0.774 0.000 -0.602 0.197 0.762 0.000 -0.268 -0.589 0.776 0.000 -0.584 0.241 
0.987 -0.150 0.003 -0.058 0.901 0.000 -0.435 -0.012 0.718 0.000 -0.100 -0.689 0.904 0.000 -0.426 0.032 0.780 0.000 -0.036 -0.625 0.709 0.000 -0.272 -0.651 0.774 0.000 -0.602 0.197 0.762 0.000 -0.268 -0.589 0.776 0.000 -0.584 0.240 
0.987 -0.150 0.003 -0.058 0.901 0.000 -0.434 -0.012 0.718 0.000 -0.100 -0.689 0.904 -0.000 -0.426 0.032 0.780 -0.000 -0.036 -0.625 0.709 0.000 -0.272 -0.651 0.774 0.000 -0.602 0.197 0.762 0.000 -0.268 -0.589 0.776 0.000 -0.584 0.240 
0.987 -0.150 0.003 -0.058 0.901 0.000 -0.434 -0.012 0.718 0.000 -0.100 -0.689 0.904 0.000 -0.426 0.032 0.780 0.000 -0.036 -0.625 0.709 -0.000 -0.272 -0.651 0.774 0.000 -0.602 0.197 0.762 -0.000 -0.268 -0.589 0.776 0.000 -0.584 0.240 
0.987 -0.150 0.003 -0.058 0.901 0.000 -0.434 -0.012 0.718 0.000 -0.100 -0.689 0.904 0.000 -0.426 0.032 0.780 0.000 -0.036 -0.625 0.709 0.000 -0.272 -0.651 0.774 0.000 -0.602 0.197 0.762 0.000 -0.268 -0.589 0.776 0.000 -0.584 0.240 
0.987 -0.150 0.003 -0.058 0.901 0.000 -0.434 -0.012 0.718 0.000 -0.100 -0.689 0.904 0.000 -0.426 0.031 0.780 0.000 -0.036 -0.625 0.709 -0.000 -0.272 -0.651 0.774 0.000 -0.602 0.197 0.762 0.000 -0.268 -0.589 0.775 0.000 -0.584 0.240 
0.987 -0.149 0.003 -0.058 0.901 0.000 -0.434 -0.012 0.718 0.000 -0.099 -0.689 0.904 0.000 -0.426 0.031 0.780 0.000 -0.036 -0.625 0.709 0.000 -0.272 -0.651 0.774 -0.000 -0.602 0.197 0.762 -0.000 -0.268 -0.589 0.775 0.000 -0.584 0.240 
0.987 -0.150 0.003 -0.058 0.901 0.000 -0.434 -0.012 0.718 0.000 -0.099 -0.689 0.904 0.000 -0.426 0.031 0.780 0.000 -0.036 -0.625 0.709 0.000 -0.272 -0.651 0.774 0.000 -0.602 0.197 0.762 0.000 -0.268 -0.589 0.776 0.000 -0.584 0.240 
0.987 -0.150 0.003 -0.058 0.901 0.000 -0.434 -0.012 0.718 -0.000 -0.099 -0.689 0.904 -0.000 -0.426 0.031 0.780 0.000 -0.036 -0.625 0.709 -0.000 -0.272 -0.651 0.774 0.000 -0.602 0.197 0.762 0.000 -0.268 -0.589 0.775 0.000 -0.584 0.240 
0.987 -0.150 0.003 -0.058 0.901 0.000 -0.434 -0.012 0.718 0.000 -0.099 -0.689 0.904 -0.000 -0.426 0.031 0.780 0.000 -0.036 -0.625 0.709 0.000 -0.272 -0.651 0.774 -0.000 -0.602 0.197 0.762 0.000 -0.268 -0.589 0.776 -0.000 -0.584 0.240 
0.987 -0.149 0.003 -0.058 0.901 0.000 -0.434 -0.012 0.718 0.000 -0.099 -0.689 0.904 0.000 -0.426 0.031 0.780 -0.000 -0.036 -0.625 0.709 0.000 -0.272 -0.651 0.774 0.000 -0.602 0.197 0.762 -0.000 -0.268 -0.589 0.776 0.000 -0.584 0.240 
0.987 -0.149 0.003 -0.058 0.901 0.000 -0.434 -0.012 0.718 -0.000 -0.099 -0.689 0.904 0.000 -0.426 0.031 0.780 -0.000 -0.036 -0.625 0.709 0.000 -0.272 -0.651 0.774 0.000 -0.602 0.197 0.762 -0.000 -0.268 -0.589 0.776 0.000 -0.584 0.240 
0.987 -0.149 0.003 -0.058 0.901 0.000 -0.434 -0.012 0.718 0.000 -0.099 -0.689 0.904 0.000 -0.426 0.031 0.780 0.000 -0.036 -0.625 0.709 0.000 -0.272 -0.651 0.774 -0.000 -0.602 0.197 0.762 0.000 -0.268 -0.589 0.776 0.000 -0.584 0.240 
0.987 -0.149 0.003 -0.058 0.901 -0.000 -0.434 -0.012 0.718 0.000 -0.099 -0.689 0.904 0.000 -0.426 0.031 0.780 0.000 -0.036 -0.625 0.709 0.000 -0.272 -0.651 0.774 0.000 -0.602 0.197 0.762 -0.000 -0.267 -0.590 0.775 0.000 -0.584 0.240 
0.987 -0.149 0.003 -0.058 0.901 0.000 -0.434 -0.012 0.718 0.000 -0.099 -0.689 0.904 0.000 -0.426 0.031 0.780 -0.000 -0.037 -0.625 0.709 -0.000 -0.272 -0.651 0.774 0.000 -0.602 0.197 0.762 0.000 -0.268 -0.589 0.775 0.000 -0.584 0.240 
0.987 -0.149 0.003 -0.058 0.901 0.000 -0.434 -0.012 0.718 0.000 -0.099 -0.689 0.904 0.000 -0.426 0.031 0.780 0.000 -0.036 -0.625 0.709 0.000 -0.272 -0.651 0.774 0.000 -0.602 0.197 0.762 0.000 -0.267 -0.589 0.775 0.000 -0.584 0.240 
0.987 -0.149 0.003 -0.058 0.901 0.000 -0.434 -0.012 0.718 0.000 -0.099 -0.689 0.904 -0.000 -0.426 0.031 0.780 0.000 -0.036 -0.625 0.709 0.000 -0.272 -0.651 0.774 0.000 -0.602 0.197 0.762 -0.000 -0.268 -0.589 0.776 0.000 -0.584 0.240 
0.987 -0.149 0.003 -0.058 0.901 -0.000 -0.434 -0.012 0.718 0.000 -0.099 -0.689 0.904 0.000 -0.426 0.031 0.780 0.000 -0.036 -0.625 0.709 0.000 -0.272 -0.651 0.774 0.000 -0.602 0.197 0.762 -0.000 -0.267 -0.590 0.775 0.000 -0.584 0.240 
0.987 -0.149 0.003 -0.058 0.901 0.000 -0.434 -0.013 0.718 0.000 -0.099 -0.689 0.904 0.000 -0.426 0.031 0.780 0.000 -0.036 -0.625 0.709 0.000 -0.272 -0.651 0.774 0.000 -0.602 0.197 0.762 -0.000 -0.268 -0.589 0.776 0.000 -0.584 0.240 
0.987 -0.149 0.003 -0.058 0.901 0.000 -0.434 -0.013 0.718 0.000 -0.099 -0.689 0.904 0.000 -0.426 0.031 0.780 -0.000 -0.036 -0.625 0.709 -0.000 -0.272 -0.651 0.774 0.000 -0.602 0.197 0.762 0.000 -0.268 -0.589 0.776 0.000 -0.584 0.240 
0.987 -0.149 0.003 -0.058 0.901 0.000 -0.434 -0.013 0.718 0.000 -0.100 -0.689 0.904 0.000 -0.426 0.031 0.780 0.000 -0.036 -0.625 0.709 0.000 -0.272 -0.651 0.774 0.000 -0.602 0.197 0.762 0.000 -0.268 -0.589 0.776 0.000 -0.584 0.240 
0.987 -0.149 0.003 -0.058 0.901 0.000 -0.434 -0.013 0.718 0.000 -0.099 -0.689 0.904 0.000 -0.426 0.031 0.780 0.000 -0.036 -0.625 0.709 0.000 -0.272 -0.651 0.774 0.000 -0.602 0.197 0.762 0.000 -0.267 -0.590 0.775 0.000 -0.584 0.240 
0.987 -0.149 0.003 -0.058 0.901 -0.000 -0.434 -0.013 0.718 0.000 -0.100 -0.689 0.904 -0.000 -0.426 0.031 0.780 -0.000 -0.036 -0.625 0.709 -0.000 -0.272 -0.651 0.774 0.000 -0.602 0.197 0.762 0.000 -0.268 -0.589 0.776 0.000 -0.584 0.240 
0.987 -0.149 0.003 -0.058 0.901 0.000 -0.435 -0.013 0.718 0.000 -0.099 -0.689 0.904 0.000 -0.426 0.030 0.780 -0.000 -0.036 -0.625 0.709 0.000 -0.272 -0.651 0.774 0.000 -0.602 0.197 0.762 0.000 -0.267 -0.590 0.775 0.000 -0.584 0.240 
0.987 -0.149 0.003 -0.058 0.901 0.000 -0.435 -0.013 0.718 0.000 -0.100 -0.689 0.904 0.000 -0.426 0.030 0.780 0.000 -0.036 -0.625 0.709 -0.000 -0.272 -0.651 0.774 0.000 -0.602 0.197 0.762 -0.000 -0.267 -0.590 0.775 0.000 -0.584 0.240 
0.987 -0.149 0.003 -0.058 0.901 0.000 -0.435 -0.013 0.718 -0.000 -0.100 -0.689 0.905 -0.000 -0.425 0.031 0.780 0.000 -0.036 -0.625 0.709 0.000 -0.272 -0.651 0.774 -0.000 -0.602 0.197 0.762 0.000 -0.267 -0.589 0.775 0.000 -0.584 0.240 
0.987 -0.149 0.003 -0.058 0.901 0.000 -0.434 -0.013 0.718 0.000 -0.100 -0.689 0.904 0.000 -0.425 0.030 0.780 0.000 -0.036 -0.625 0.709 0.000 -0.272 -0.651 0.774 0.000 -0.602 0.197 0.762 0.000 -0.268 -0.589 0.776 0.000 -0.584 0.240 
0.987 -0.149 0.003 -0.058 0.901 0.000 -0.434 -0.013 0.718 0.000 -0.100 -0.689 0.904 0.000 -0.425 0.030 0.780 0.000 -0.036 -0.625 0.709 0.000 -0.272 -0.651 0.774 -0.000 -0.602 0.197 0.762 -0.000 -0.267 -0.590 0.775 0.000 -0.584 0.240 
0.987 -0.149 0.003 -0.058 0.901 0.000 -0.434 -0.013 0.718 0.000 -0.100 -0.689 0.905 0.000 -0.425 0.030 0.780 0.000 -0.036 -0.625 0.709 0.000 -0.272 -0.651 0.774 0.000 -0.602 0.197 0.762 -0.000 -0.267 -0.589 0.775 0.000 -0.584 0.240 
0.987 -0.149 0.003 -0.058 0.901 -0.000 -0.434 -0.013 0.718 0.000 -0.100 -0.689 0.904 0.000 -0.425 0.030 0.780 0.000 -0.036 -0.625 0.709 -0.000 -0.272 -0.651 0.774 0.000 -0.602 0.197 0.762 0.000 -0.268 -0.589 0.776 0.000 -0.584 0.240 
0.987 -0.149 0.003 -0.058 0.901 0.000 -0.434 -0.013 0.718 0.000 -0.100 -0.689 0.904 0.000 -0.426 0.030 0.780 0.000 -0.035 -0.625 0.709 0.000 -0.272 -0.651 0.774 0.000 -0.602 0.197 0.762 -0.000 -0.268 -0.589 0.776 -0.000 -0.584 0.240 
0.987 -0.149 0.003 -0.058 0.901 0.000 -0.435 -0.013 0.718 0.000 -0.100 -0.689 0.904 0.000 -0.425 0.030 0.780 -0.000 -0.035 -0.625 0.709 0.000 -0.272 -0.651 0.774 0.000 -0.602 0.197 0.762 0.000 -0.268 -0.589 0.776 0.000 -0.584 0.240 
0.987 -0.149 0.003 -0.058 0.901 0.000 -0.434 -0.013 0.718 0.000 -0.100 -0.689 0.904 -0.000 -0.425 0.031 0.780 0.000 -0.035 -0.625 0.709 0.000 -0.272 -0.651 0.774 0.000 -0.602 0.197 0.762 0.000 -0.268 -0.589 0.776 0.000 -0.584 0.240 
0.987 -0.149 0.003 -0.058 0.901 0.000 -0.435 -0.013 0.718 0.000 -0.100 -0.689 0.905 0.000 -0.425 0.030 0.780 0.000 -0.035 -0.625 0.709 0.000 -0.272 -0.651 0.774 0.000 -0.602 0.197 0.762 -0.000 -0.267 -0.589 0.775 0.000 -0.584 0.240 
0.987 -0.149 0.003 -0.058 0.900 0.000 -0.435 -0.013 0.718 0.000 -0.100 -0.689 0.905 0.000 -0.425 0.030 0.780 0.000 -0.035 -0.625 0.709 0.000 -0.272 -0.651 0.774 0.000 -0.602 0.197 0.762 -0.000 -0.268 -0.590 0.775 0.000 -0.584 0.240 
0.987 -0.149 0.003 -0.058 0.901 0.000 -0.435 -0.013 0.718 0.000 -0.100 -0.689 0.905 0.000 -0.425 0.030 0.780 0.000 -0.035 -0.625 0.709 0.000 -0.272 -0.651 0.774 0.000 -0.602 0.197 0.762 0.000 -0.268 -0.590 0.776 0.000 -0.584 0.240 
0.987 -0.149 0.003 -0.058 0.900 0.000 -0.435 -0.013 0.718 -0.000 -0.100 -0.689 0.905 0.000 -0.425 0.030 0.780 0.000 -0.035 -0.625 0.709 0.000 -0.272 -0.651 0.774 0.000 -0.602 0.197 0.762 0.000 -0.268 -0.589 0.776 0.000 -0.584 0.240 
0.987 -0.149 0.003 -0.058 0.901 0.000 -0.435 -0.013 0.718 0.000 -0.100 -0.689 0.905 0.000 -0.425 0.030 0.780 0.000 -0.035 -0.625 0.709 0.000 -0.272 -0.651 0.774 -0.000 -0.602 0.197 0.762 0.000 -0.268 -0.589 0.775 0.000 -0.584 0.240 
0.987 -0.149 0.003 -0.058 0.901 0.000 -0.435 -0.013 0.718 -0.000 -0.100 -0.689 0.905 0.000 -0.425 0.030 0.780 0.000 -0.035 -0.625 0.709 0.000 -0.272 -0.651 0.774 0.000 -0.602 0.197 0.762 0.000 -0.268 -0.589 0.775 0.000 -0.584 0.240 
0.987 -0.149 0.003 -0.058 0.901 0.000 -0.435 -0.013 0.718 -0.000 -0.100 -0.689 0.905 0.000 -0.425 0.030 0.780 0.000 -0.035 -0.625 0.709 0.000 -0.272 -0.651 0.774 -0.000 -0.602 0.197 0.762 0.000 -0.268 -0.589 0.775 0.000 -0.584 0.240 
0.987 -0.149 0.003 -0.058 0.900 0.000 -0.435 -0.013 0.718 0.000 -0.100 -0.689 0.905 0.000 -0.425 0.030 0.780 0.000 -0.035 -0.625 0.709 0.000 -0.272 -0.651 0.774 0.000 -0.602 0.197 0.762 0.000 -0.268 -0.589 0.776 -0.000 -0.584 0.240 
0.987 -0.149 0.003 -0.058 0.901 0.000 -0.435 -0.013 0.718 -0.000 -0.100 -0.689 0.905 0.000 -0.425 0.030 0.780 0.000 -0.035 -0.625 0.709 0.000 -0.272 -0.651 0.774 0.000 -0.602 0.197 0.762 0.000 -0.268 -0.589 0.775 0.000 -0.584 0.240 
0.987 -0.149 0.003 -0.058 0.901 0.000 -0.435 -0.013 0.718 0.000 -0.100 -0.689 0.905 -0.000 -0.425 0.030 0.780 0.000 -0.035 -0.625 0.709 -0.000 -0.272 -0.651 0.774 0.000 -0.603 0.196 0.762 0.000 -0.268 -0.590 0.776 0.000 -0.584 0.240 
0.987 -0.149 0.003 -0.058 0.901 0.000 -0.435 -0.013 0.718 0.000 -0.100 -0.689 0.905 -0.000 -0.424 0.029 0.780 -0.000 -0.036 -0.625 0.709 0.000 -0.272 -0.651 0.774 0.000 -0.602 0.197 0.762 0.000 -0.267 -0.590 0.775 0.000 -0.584 0.240 
0.987 -0.149 0.003 -0.058 0.901 0.000 -0.435 -0.013 0.718 0.000 -0.100 -0.689 0.905 0.000 -0.425 0.030 0.780 0.000 -0.035 -0.625 0.709 0.000 -0.272 -0.651 0.774 0.000 -0.602 0.197 0.762 -0.000 -0.267 -0.590 0.775 0.000 -0.584 0.240 
0.987 -0.149 0.003 -0.058 0.901 0.000 -0.435 -0.013 0.718 0.000 -0.099 -0.689 0.905 0.000 -0.425 0.030 0.780 -0.000 -0.035 -0.625 0.709 -0.000 -0.272 -0.651 0.774 0.000 -0.603 0.196 0.762 0.000 -0.267 -0.590 0.776 0.000 -0.584 0.240 
0.987 -0.149 0.003 -0.058 0.901 0.000 -0.434 -0.013 0.718 0.000 -0.100 -0.689 0.905 0.000 -0.425 0.030 0.780 0.000 -0.035 -0.625 0.709 0.000 -0.272 -0.651 0.774 0.000 -0.602 0.197 0.762 0.000 -0.267 -0.590 0.775 0.000 -0.584 0.240 
0.987 -0.149 0.003 -0.058 0.901 0.000 -0.435 -0.013 0.718 0.000 -0.100 -0.689 0.905 -0.000 -0.425 0.030 0.780 0.000 -0.035 -0.625 0.709 0.000 -0.272 -0.651 0.774 0.000 -0.602 0.197 0.762 0.000 -0.267 -0.590 0.775 0.000 -0.585 0.240 
0.987 -0.149 0.003 -0.058 0.901 0.000 -0.435 -0.013 0.718 -0.000 -0.099 -0.689 0.905 0.000 -0.425 0.030 0.780 0.000 -0.035 -0.625 0.709 0.000 -0.272 -0.651 0.774 0.000 -0.602 0.197 0.762 0.000 -0.268 -0.590 0.775 -0.000 -0.584 0.240 
0.987 -0.149 0.003 -0.058 0.901 0.000 -0.435 -0.013 0.718 0.000 -0.099 -0.689 0.905 0.000 -0.425 0.030 0.780 0.000 -0.035 -0.625 0.709 0.000 -0.272 -0.651 0.774 0.000 -0.602 0.197 0.762 -0.000 -0.267 -0.589 0.775 0.000 -0.584 0.240 
0.987 -0.149 0.003 -0.058 0.901 -0.000 -0.435 -0.012 0.718 0.000 -0.100 -0.689 0.905 0.000 -0.425 0.030 0.780 -0.000 -0.035 -0.625 0.709 0.000 -0.272 -0.651 0.774 0.000 -0.602 0.197 0.762 -0.000 -0.267 -0.590 0.775 0.000 -0.584 0.240 
0.987 -0.149 0.003 -0.058 0.901 0.000 -0.434 -0.013 0.718 0.000 -0.100 -0.689 0.905 0.000 -0.425 0.030 0.780 0.000 -0.035 -0.625 0.709 0.000 -0.272 -0.651 0.774 -0.000 -0.602 0.197 0.762 -0.000 -0.268 -0.589 0.776 0.000 -0.584 0.240 
0.987 -0.149 0.003 -0.058 0.901 0.000 -0.435 -0.012 0.717 0.000 -0.100 -0.689 0.905 0.000 -0.425 0.030 0.780 0.000 -0.035 -0.625 0.709 -0.000 -0.272 -0.651 0.774 0.000 -0.602 0.197 0.762 0.000 -0.267 -0.590 0.775 0.000 -0.585 0.240 
0.987 -0.149 0.003 -0.058 0.901 0.000 -0.434 -0.012 0.717 -0.000 -0.100 -0.689 0.905 -0.000 -0.425 0.030 0.780 0.000 -0.035 -0.625 0.709 -0.000 -0.272 -0.651 0.774 0.000 -0.603 0.197 0.762 -0.000 -0.267 -0.590 0.775 0.000 -0.584 0.240 
0.987 -0.149 0.003 -0.058 0.901 -0.000 -0.435 -0.012 0.718 0.000 -0.100 -0.689 0.905 0.000 -0.425 0.030 0.779 0.000 -0.035 -0.625 0.709 0.000 -0.272 -0.651 0.774 0.000 -0.602 0.197 0.762 -0.000 -0.267 -0.590 0.775 0.000 -0.584 0.240 
0.987 -0.149 0.003 -0.058 0.901 0.000 -0.435 -0.012 0.718 0.000 -0.100 -0.689 0.905 0.000 -0.425 0.030 0.780 -0.000 -0.035 -0.625 0.709 0.000 -0.272 -0.651 0.774 -0.000 -0.602 0.197 0.762 -0.000 -0.267 -0.590 0.775 -0.000 -0.585 0.240 
0.987 -0.149 0.003 -0.058 0.901 0.000 -0.435 -0.012 0.718 0.000 -0.100 -0.689 0.905 0.000 -0.425 0.030 0.780 0.000 -0.035 -0.625 0.709 0.000 -0.272 -0.651 0.774 0.000 -0.602 0.197 0.762 -0.000 -0.267 -0.590 0.775 0.000 -0.585 0.240 
0.987 -0.149 0.003 -0.058 0.901 -0.000 -0.435 -0.012 0.718 0.000 -0.100 -0.689 0.905 -0.000 -0.425 0.030 0.780 -0.000 -0.035 -0.625 0.709 0.000 -0.272 -0.651 0.774 0.000 -0.602 0.197 0.762 -0.000 -0.267 -0.589 0.775 0.000 -0.584 0.240 
0.987 -0.149 0.003 -0.058 0.901 0.000 -0.435 -0.012 0.718 0.000 -0.100 -0.689 0.905 -0.000 -0.425 0.030 0.780 0.000 -0.035 -0.625 0.709 0.000 -0.272 -0.651 0.774 -0.000 -0.602 0.196 0.762 -0.000 -0.267 -0.590 0.775 -0.000 -0.585 0.240 
0.987 -0.149 0.003 -0.058 0.901 0.000 -0.435 -0.012 0.717 -0.000 -0.100 -0.689 0.905 0.000 -0.425 0.030 0.780 0.000 -0.035 -0.625 0.709 -0.000 -0.272 -0.651 0.774 -0.000 -0.603 0.196 0.762 0.000 -0.267 -0.590 0.776 0.000 -0.584 0.240 
0.987 -0.149 0.003 -0.058 0.901 -0.000 -0.435 -0.012 0.717 0.000 -0.100 -0.689 0.905 0.000 -0.425 0.030 0.779 -0.000 -0.035 -0.625 0.709 -0.000 -0.272 -0.651 0.774 0.000 -0.603 0.196 0.762 0.000 -0.267 -0.590 0.775 -0.000 -0.585 0.240 
0.987 -0.149 0.003 -0.058 0.901 0.000 -0.435 -0.012 0.717 0.000 -0.100 -0.689 0.905 0.000 -0.424 0.030 0.780 0.000 -0.036 -0.625 0.709 -0.000 -0.272 -0.651 0.774 0.000 -0.602 0.196 0.762 0.000 -0.267 -0.590 0.775 0.000 -0.585 0.240 
0.987 -0.149 0.003 -0.058 0.901 0.000 -0.435 -0.012 0.718 0.000 -0.100 -0.689 0.905 0.000 -0.425 0.030 0.779 0.000 -0.035 -0.625 0.709 -0.000 -0.272 -0.651 0.774 0.000 -0.602 0.196 0.762 0.000 -0.267 -0.590 0.776 0.000 -0.584 0.240 
0.987 -0.149 0.003 -0.058 0.901 0.000 -0.435 -0.012 0.717 0.000 -0.100 -0.689 0.905 0.000 -0.425 0.031 0.779 0.000 -0.035 -0.626 0.709 0.000 -0.272 -0.651 0.774 0.000 -0.602 0.196 0.762 0.000 -0.267 -0.590 0.776 0.000 -0.584 0.240 
0.987 -0.149 0.003 -0.058 0.901 -0.000 -0.435 -0.012 0.718 0.000 -0.100 -0.689 0.905 0.000 -0.425 0.031 0.779 0.000 -0.035 -0.626 0.709 0.000 -0.272 -0.651 0.774 0.000 -0.602 0.196 0.762 0.000 -0.267 -0.590 0.776 0.000 -0.584 0.239 
0.987 -0.149 0.003 -0.058 0.901 -0.000 -0.435 -0.012 0.718 0.000 -0.100 -0.689 0.905 0.000 -0.425 0.031 0.779 0.000 -0.035 -0.626 0.709 0.000 -0.272 -0.651 0.774 0.000 -0.602 0.196 0.762 0.000 -0.267 -0.590 0.775 0.000 -0.584 0.239 
0.987 -0.149 0.003 -0.058 0.901 0.000 -0.435 -0.012 0.718 0.000 -0.100 -0.689 0.905 0.000 -0.425 0.031 0.779 0.000 -0.035 -0.626 0.709 -0.000 -0.272 -0.651 0.774 -0.000 -0.602 0.196 0.762 0.000 -0.267 -0.590 0.775 0.000 -0.584 0.240 
0.987 -0.149 0.003 -0.058 0.900 0.000 -0.435 -0.012 0.718 0.000 -0.100 -0.689 0.905 0.000 -0.425 0.031 0.779 -0.000 -0.035 -0.625 0.709 -0.000 -0.272 -0.651 0.774 0.000 -0.602 0.196 0.762 0.000 -0.267 -0.590 0.775 0.000 -0.584 0.239 
0.987 -0.149 0.003 -0.058 0.900 0.000 -0.435 -0.011 0.717 0.000 -0.099 -0.689 0.905 0.000 -0.425 0.030 0.779 0.000 -0.035 -0.626 0.709 -0.000 -0.271 -0.651 0.774 0.000 -0.603 0.196 0.762 0.000 -0.266 -0.590 0.775 -0.000 -0.585 0.239 
0.987 -0.149 0.003 -0.058 0.901 -0.000 -0.434 -0.012 0.718 0.000 -0.100 -0.689 0.905 0.000 -0.425 0.031 0.779 0.000 -0.035 -0.626 0.709 0.000 -0.271 -0.651 0.774 0.000 -0.603 0.196 0.762 0.000 -0.267 -0.590 0.775 0.000 -0.585 0.239 
0.987 -0.149 0.003 -0.058 0.901 0.000 -0.435 -0.012 0.718 0.000 -0.100 -0.689 0.905 0.000 -0.425 0.031 0.779 0.000 -0.035 -0.626 0.709 -0.000 -0.271 -0.651 0.774 0.000 -0.603 0.196 0.762 0.000 -0.267 -0.590 0.775 0.000 -0.584 0.239 
0.987 -0.149 0.003 -0.058 0.901 0.000 -0.434 -0.012 0.718 0.000 -0.100 -0.689 0.905 0.000 -0.425 0.031 0.779 0.000 -0.035 -0.626 0.709 -0.000 -0.271 -0.651 0.774 0.000 -0.603 0.196 0.762 -0.000 -0.267 -0.590 0.775 0.000 -0.585 0.239 
0.987 -0.149 0.003 -0.058 0.901 0.000 -0.434 -0.011 0.717 -0.000 -0.100 -0.690 0.905 0.000 -0.425 0.031 0.779 -0.000 -0.035 -0.626 0.709 -0.000 -0.271 -0.651 0.774 -0.000 -0.603 0.196 0.762 0.000 -0.267 -0.590 0.776 0.000 -0.584 0.239 
0.987 -0.149 0.003 -0.058 0.901 -0.000 -0.434 -0.012 0.718 0.000 -0.100 -0.689 0.905 -0.000 -0.425 0.031 0.779 0.000 -0.035 -0.626 0.709 0.000 -0.271 -0.651 0.774 0.000 -0.603 0.196 0.762 -0.000 -0.267 -0.590 0.776 -0.000 -0.584 0.239 
0.987 -0.149 0.003 -0.058 0.901 0.000 -0.434 -0.012 0.718 0.000 -0.099 -0.689 0.905 0.000 -0.425 0.031 0.779 0.000 -0.035 -0.626 0.709 0.000 -0.271 -0.651 0.774 0.000 -0.603 0.196 0.762 0.000 -0.267 -0.590 0.776 0.000 -0.584 0.239 
0.987 -0.149 0.003 -0.058 0.901 0.000 -0.434 -0.011 0.717 -0.000 -0.099 -0.690 0.905 0.000 -0.424 0.031 0.779 0.000 -0.035 -0.626 0.709 0.000 -0.271 -0.651 0.774 0.000 -0.603 0.196 0.762 0.000 -0.267 -0.590 0.776 0.000 -0.584 0.239 
0.987 -0.149 0.003 -0.058 0.901 0.000 -0.434 -0.012 0.717 0.000 -0.099 -0.690 0.905 0.000 -0.424 0.031 0.779 0.000 -0.035 -0.626 0.709 0.000 -0.271 -0.651 0.774 0.000 -0.603 0.196 0.762 0.000 -0.267 -0.590 0.775 0.000 -0.584 0.239 
0.987 -0.149 0.003 -0.058 0.901 0.000 -0.434 -0.011 0.717 -0.000 -0.099 -0.690 0.905 0.000 -0.424 0.031 0.779 0.000 -0.035 -0.626 0.709 0.000 -0.271 -0.651 0.774 -0.000 -0.603 0.196 0.762 0.000 -0.267 -0.590 0.775 0.000 -0.584 0.239 
0.987 -0.149 0.003 -0.058 0.901 -0.000 -0.434 -0.011 0.717 0.000 -0.099 -0.690 0.905 0.000 -0.424 0.031 0.779 -0.000 -0.035 -0.626 0.709 0.000 -0.271 -0.651 0.774 0.000 -0.603 0.196 0.762 0.000 -0.267 -0.590 0.776 0.000 -0.584 0.239 
0.987 -0.149 0.003 -0.058 0.901 -0.000 -0.434 -0.011 0.717 0.000 -0.099 -0.690 0.905 0.000 -0.424 0.032 0.779 0.000 -0.035 -0.626 0.709 0.000 -0.271 -0.651 0.774 0.000 -0.603 0.196 0.762 0.000 -0.267 -0.590 0.775 -0.000 -0.585 0.239 
0.987 -0.149 0.003 -0.058 0.901 0.000 -0.435 -0.011 0.717 0.000 -0.098 -0.690 0.905 0.000 -0.424 0.031 0.779 0.000 -0.035 -0.625 0.709 0.000 -0.271 -0.651 0.774 0.000 -0.603 0.195 0.762 0.000 -0.266 -0.590 0.775 0.000 -0.585 0.239 
0.987 -0.149 0.003 -0.058 0.901 0.000 -0.435 -0.011 0.717 0.000 -0.099 -0.690 0.905 0.000 -0.424 0.032 0.779 0.000 -0.035 -0.626 0.709 -0.000 -0.271 -0.651 0.774 0.000 -0.603 0.196 0.762 -0.000 -0.267 -0.590 0.775 0.000 -0.585 0.239 
0.987 -0.149 0.003 -0.058 0.901 0.000 -0.435 -0.011 0.717 0.000 -0.099 -0.690 0.905 0.000 -0.424 0.032 0.779 0.000 -0.035 -0.626 0.709 0.000 -0.271 -0.651 0.774 0.000 -0.603 0.196 0.762 -0.000 -0.267 -0.590 0.776 0.000 -0.584 0.239 
0.987 -0.149 0.003 -0.058 0.901 0.000 -0.435 -0.011 0.717 0.000 -0.099 -0.690 0.905 -0.000 -0.424 0.032 0.779 0.000 -0.035 -0.626 0.709 0.000 -0.271 -0.651 0.774 0.000 -0.603 0.196 0.762 0.000 -0.267 -0.590 0.776 0.000 -0.584 0.239 
0.987 -0.149 0.003 -0.058 0.901 0.000 -0.435 -0.011 0.717 0.000 -0.098 -0.690 0.905 0.000 -0.424 0.031 0.779 0.000 -0.035 -0.625 0.709 -0.000 -0.271 -0.651 0.774 -0.000 -0.603 0.195 0.762 0.000 -0.266 -0.590 0.775 0.000 -0.584 0.239 
0.987 -0.149 0.003 -0.058 0.901 0.000 -0.435 -0.011 0.717 0.000 -0.099 -0.690 0.905 0.000 -0.424 0.032 0.779 -0.000 -0.035 -0.626 0.709 0.000 -0.271 -0.651 0.774 0.000 -0.603 0.196 0.762 0.000 -0.267 -0.590 0.776 -0.000 -0.584 0.239 
0.987 -0.149 0.003 -0.058 0.901 -0.000 -0.435 -0.012 0.717 0.000 -0.098 -0.690 0.905 -0.000 -0.424 0.031 0.779 0.000 -0.035 -0.625 0.709 -0.000 -0.271 -0.651 0.774 0.000 -0.603 0.196 0.762 0.000 -0.267 -0.590 0.776 0.000 -0.584 0.239 
0.987 -0.149 0.003 -0.058 0.901 0.000 -0.435 -0.012 0.717 0.000 -0.099 -0.690 0.905 0.000 -0.424 0.032 0.779 0.000 -0.035 -0.626 0.709 0.000 -0.271 -0.651 0.774 -0.000 -0.603 0.196 0.762 -0.000 -0.266 -0.590 0.775 0.000 -0.585 0.239 
0.987 -0.149 0.003 -0.058 0.900 0.000 -0.435 -0.012 0.717 0.000 -0.098 -0.690 0.906 0.000 -0.423 0.031 0.780 -0.000 -0.036 -0.625 0.709 0.000 -0.271 -0.651 0.774 0.000 -0.603 0.196 0.762 0.000 -0.266 -0.590 0.775 0.000 -0.585 0.239 
0.987 -0.149 0.003 -0.058 0.900 -0.000 -0.435 -0.012 0.717 0.000 -0.099 -0.690 0.905 0.000 -0.424 0.032 0.779 0.000 -0.035 -0.626 0.709 -0.000 -0.271 -0.651 0.774 0.000 -0.603 0.196 0.762 0.000 -0.267 -0.590 0.775 0.000 -0.584 0.239 
0.987 -0.149 0.003 -0.058 0.900 0.000 -0.435 -0.012 0.717 -0.000 -0.099 -0.690 0.905 0.000 -0.424 0.032 0.779 0.000 -0.035 -0.625 0.709 0.000 -0.271 -0.651 0.774 0.000 -0.603 0.196 0.762 0.000 -0.267 -0.590 0.776 0.000 -0.584 0.239 
0.987 -0.149 0.003 -0.058 0.900 0.000 -0.435 -0.012 0.717 0.000 -0.098 -0.690 0.905 0.000 -0.424 0.032 0.779 0.000 -0.035 -0.626 0.709 -0.000 -0.271 -0.651 0.774 0.000 -0.603 0.196 0.762 0.000 -0.267 -0.590 0.775 0.000 -0.585 0.239 
0.987 -0.149 0.003 -0.058 0.900 0.000 -0.435 -0.012 0.717 0.000 -0.099 -0.690 0.905 0.000 -0.424 0.032 0.779 0.000 -0.035 -0.626 0.709 0.000 -0.271 -0.651 0.774 -0.000 -0.603 0.196 0.762 -0.000 -0.267 -0.590 0.775 0.000 -0.585 0.239 
0.987 -0.149 0.003 -0.058 0.900 0.000 -0.435 -0.012 0.717 0.000 -0.098 -0.690 0.905 0.000 -0.424 0.032 0.779 0.000 -0.035 -0.626 0.709 0.000 -0.271 -0.651 0.774 0.000 -0.603 0.196 0.762 0.000 -0.267 -0.590 0.775 0.000 -0.584 0.239 
0.987 -0.149 0.003 -0.058 0.900 -0.000 -0.435 -0.012 0.717 0.000 -0.099 -0.690 0.905 0.000 -0.423 0.031 0.779 0.000 -0.035 -0.626 0.709 0.000 -0.271 -0.651 0.774 0.000 -0.603 0.196 0.762 0.000 -0.267 -0.590 0.775 0.000 -0.585 0.239 
0.987 -0.149 0.003 -0.058 0.900 0.000 -0.435 -0.012 0.717 0.000 -0.098 -0.690 0.905 0.000 -0.423 0.031 0.779 0.000 -0.035 -0.626 0.709 -0.000 -0.271 -0.651 0.774 0.000 -0.603 0.196 0.762 0.000 -0.267 -0.590 0.776 0.000 -0.584 0.239 
0.987 -0.149 0.003 -0.058 0.900 0.000 -0.435 -0.012 0.717 0.000 -0.098 -0.690 0.905 0.000 -0.424 0.031 0.779 0.000 -0.035 -0.626 0.709 0.000 -0.271 -0.651 0.774 0.000 -0.603 0.196 0.762 0.000 -0.266 -0.590 0.775 0.000 -0.585 0.239 
0.987 -0.149 0.003 -0.058 0.900 0.000 -0.435 -0.012 0.717 0.000 -0.098 -0.690 0.905 0.000 -0.423 0.031 0.779 0.000 -0.035 -0.625 0.709 0.000 -0.271 -0.651 0.774 0.000 -0.603 0.196 0.762 0.000 -0.266 -0.590 0.775 0.000 -0.584 0.239 
0.987 -0.149 0.003 -0.058 0.900 0.000 -0.435 -0.012 0.717 0.000 -0.098 -0.690 0.906 0.000 -0.423 0.031 0.780 0.000 -0.035 -0.625 0.709 0.000 -0.271 -0.651 0.774 0.000 -0.603 0.196 0.762 0.000 -0.267 -0.590 0.775 0.000 -0.585 0.239 
0.987 -0.149 0.003 -0.058 0.900 0.000 -0.435 -0.012 0.717 0.000 -0.098 -0.690 0.905 0.000 -0.423 0.031 0.779 -0.000 -0.035 -0.625 0.709 0.000 -0.271 -0.651 0.774 0.000 -0.603 0.196 0.762 0.000 -0.267 -0.590 0.775 -0.000 -0.585 0.239 
0.987 -0.149 0.003 -0.058 0.900 -0.000 -0.435 -0.012 0.717 -0.000 -0.098 -0.690 0.905 0.000 -0.423 0.031 0.779 0.000 -0.035 -0.626 0.709 0.000 -0.271 -0.651 0.774 0.000 -0.603 0.196 0.762 0.000 -0.267 -0.590 0.775 0.000 -0.585 0.239 
0.987 -0.149 0.003 -0.058 0.900 0.000 -0.436 -0.012 0.717 0.000 -0.098 -0.690 0.905 -0.000 -0.423 0.031 0.779 0.000 -0.035 -0.626 0.709 0.000 -0.271 -0.651 0.774 0.000 -0.603 0.196 0.762 0.000 -0.267 -0.590 0.775 0.000 -0.585 0.239 
0.987 -0.149 0.003 -0.058 0.900 0.000 -0.436 -0.012 0.717 0.000 -0.098 -0.690 0.905 0.000 -0.424 0.031 0.779 0.000 -0.034 -0.625 0.709 0.000 -0.271 -0.651 0.774 -0.000 -0.603 0.196 0.762 0.000 -0.267 -0.590 0.775 0.000 -0.585 0.239 
0.987 -0.149 0.003 -0.058 0.900 -0.000 -0.435 -0.012 0.717 0.000 -0.098 -0.690 0.905 -0.000 -0.424 0.031 0.779 0.000 -0.035 -0.625 0.709 -0.000 -0.271 -0.651 0.774 0.000 -0.603 0.196 0.762 -0.000 -0.267 -0.590 0.775 0.000 -0.585 0.239 
0.987 -0.149 0.003 -0.058 0.900 0.000 -0.435 -0.012 0.717 0.000 -0.098 -0.690 0.905 0.000 -0.424 0.031 0.779 0.000 -0.034 -0.626 0.709 0.000 -0.271 -0.651 0.774 0.000 -0.603 0.196 0.762 0.000 -0.267 -0.590 0.775 0.000 -0.585 0.239 
0.987 -0.149 0.003 -0.058 0.900 0.000 -0.436 -0.012 0.717 0.000 -0.098 -0.690 0.905 -0.000 -0.424 0.031 0.779 0.000 -0.034 -0.626 0.709 -0.000 -0.271 -0.651 0.774 0.000 -0.603 0.195 0.762 0.000 -0.266 -0.590 0.775 0.000 -0.585 0.239 
0.987 -0.149 0.003 -0.058 0.900 0.000 -0.436 -0.012 0.717 -0.000 -0.098 -0.690 0.905 0.000 -0.424 0.031 0.779 0.000 -0.034 -0.626 0.709 0.000 -0.271 -0.651 0.774 0.000 -0.603 0.196 0.762 0.000 -0.267 -0.590 0.775 0.000 -0.585 0.239 
0.987 -0.149 0.003 -0.058 0.900 0.000 -0.436 -0.013 0.717 0.000 -0.098 -0.690 0.905 0.000 -0.424 0.031 0.779 0.000 -0.034 -0.626 0.709 0.000 -0.271 -0.651 0.774 0.000 -0.603 0.196 0.762 0.000 -0.267 -0.590 0.776 -0.000 -0.584 0.239 
0.987 -0.149 0.003 -0.058 0.900 0.000 -0.436 -0.013 0.717 0.000 -0.098 -0.690 0.905 0.000 -0.424 0.031 0.779 0.000 -0.035 -0.626 0.709 -0.000 -0.271 -0.651 0.774 0.000 -0.603 0.196 0.762 0.000 -0.267 -0.590 0.775 0.000 -0.584 0.239 
0.987 -0.149 0.003 -0.058 0.900 0.000 -0.436 -0.013 0.717 0.000 -0.098 -0.690 0.905 -0.000 -0.424 0.031 0.779 0.000 -0.034 -0.626 0.709 0.000 -0.271 -0.651 0.774 0.000 -0.603 0.196 0.762 0.000 -0.266 -0.590 0.775 0.000 -0.585 0.239 
0.987 -0.149 0.003 -0.058 0.900 0.000 -0.436 -0.013 0.718 0.000 -0.098 -0.690 0.905 -0.000 -0.424 0.031 0.779 0.000 -0.035 -0.626 0.709 0.000 -0.271 -0.651 0.774 0.000 -0.603 0.196 0.762 0.000 -0.267 -0.590 0.775 0.000 -0.584 0.239 
0.987 -0.149 0.003 -0.058 0.900 0.000 -0.436 -0.013 0.718 0.000 -0.098 -0.689 0.905 0.000 -0.424 0.031 0.779 -0.000 -0.035 -0.626 0.709 0.000 -0.271 -0.651 0.774 0.000 -0.603 0.196 0.762 0.000 -0.267 -0.590 0.775 0.000 -0.584 0.239 
0.987 -0.149 0.003 -0.058 0.900 0.000 -0.436 -0.013 0.718 0.000 -0.098 -0.690 0.905 0.000 -0.424 0.031 0.779 0.000 -0.035 -0.626 0.709 0.000 -0.271 -0.651 0.774 0.000 -0.603 0.196 0.762 0.000 -0.266 -0.590 0.775 0.000 -0.585 0.239 
0.987 -0.149 0.003 -0.058 0.900 0.000 -0.436 -0.013 0.718 0.000 -0.098 -0.689 0.905 0.000 -0.424 0.031 0.779 0.000 -0.035 -0.626 0.709 -0.000 -0.271 -0.651 0.774 0.000 -0.603 0.196 0.762 0.000 -0.267 -0.590 0.776 0.000 -0.584 0.239 
0.987 -0.149 0.003 -0.058 0.900 0.000 -0.436 -0.013 0.718 0.000 -0.098 -0.689 0.905 0.000 -0.424 0.031 0.779 0.000 -0.035 -0.626 0.709 0.000 -0.271 -0.651 0.774 0.000 -0.603 0.196 0.762 0.000 -0.267 -0.590 0.775 0.000 -0.584 0.239 
0.987 -0.149 0.003 -0.058 0.900 0.000 -0.436 -0.013 0.718 0.000 -0.098 -0.689 0.905 0.000 -0.424 0.031 0.779 0.000 -0.035 -0.626 0.709 0.000 -0.271 -0.651 0.774 0.000 -0.603 0.196 0.762 0.000 -0.267 -0.590 0.775 0.000 -0.585 0.239 
0.987 -0.149 0.003 -0.058 0.900 -0.000 -0.436 -0.013 0.718 -0.000 -0.098 -0.689 0.905 0.000 -0.424 0.031 0.780 0.000 -0.035 -0.625 0.709 0.000 -0.271 -0.651 0.774 0.000 -0.603 0.196 0.762 0.000 -0.267 -0.590 0.776 0.000 -0.584 0.239 
0.987 -0.149 0.003 -0.058 0.900 0.000 -0.436 -0.013 0.718 -0.000 -0.098 -0.689 0.905 0.000 -0.424 0.031 0.779 -0.000 -0.035 -0.626 0.709 0.000 -0.271 -0.651 0.774 -0.000 -0.603 0.196 0.762 0.000 -0.267 -0.590 0.775 0.000 -0.585 0.239 
0.987 -0.149 0.003 -0.058 0.900 0.000 -0.436 -0.013 0.718 -0.000 -0.098 -0.689 0.905 0.000 -0.424 0.031 0.779 0.000 -0.035 -0.625 0.709 -0.000 -0.271 -0.651 0.774 0.000 -0.603 0.196 0.762 0.000 -0.267 -0.590 0.776 0.000 -0.584 0.239 
0.987 -0.149 0.003 -0.058 0.900 0.000 -0.436 -0.013 0.718 0.000 -0.098 -0.689 0.905 0.000 -0.424 0.031 0.780 0.000 -0.035 -0.625 0.709 -0.000 -0.271 -0.651 0.774 0.000 -0.603 0.195 0.762 0.000 -0.266 -0.590 0.775 0.000 -0.585 0.239 
0.987 -0.149 0.003 -0.058 0.900 0.000 -0.436 -0.013 0.718 -0.000 -0.098 -0.689 0.905 -0.000 -0.424 0.031 0.779 0.000 -0.035 -0.625 0.709 0.000 -0.271 -0.651 0.774 0.000 -0.603 0.196 0.762 0.000 -0.267 -0.590 0.776 0.000 -0.584 0.239 
0.987 -0.149 0.003 -0.058 0.900 0.000 -0.436 -0.013 0.718 0.000 -0.098 -0.689 0.905 0.000 -0.424 0.031 0.779 0.000 -0.035 -0.625 0.709 -0.000 -0.271 -0.651 0.774 0.000 -0.603 0.196 0.762 0.000 -0.266 -0.590 0.775 0.000 -0.585 0.239 
0.987 -0.149 0.003 -0.058 0.900 0.000 -0.436 -0.013 0.718 0.000 -0.098 -0.690 0.905 0.000 -0.424 0.031 0.779 0.000 -0.034 -0.625 0.709 -0.000 -0.271 -0.651 0.774 0.000 -0.603 0.196 0.762 0.000 -0.267 -0.590 0.775 0.000 -0.585 0.239 
