# T   LUA LFA RUA RFA LT  LS  RT  RS  
0.990 -0.138 0.004 0.008 0.955 -0.000 -0.178 -0.239 0.941 -0.000 0.216 -0.260 0.977 -0.000 -0.120 -0.175 0.912 0.000 0.259 -0.318 0.744 0.000 -0.298 -0.599 0.767 0.000 -0.598 0.233 0.727 0.000 -0.334 -0.600 0.795 0.000 -0.539 0.277 
0.991 -0.137 0.004 0.008 0.953 0.000 -0.182 -0.241 0.942 -0.000 0.213 -0.259 0.977 0.000 -0.124 -0.174 0.913 0.000 0.254 -0.320 0.743 0.000 -0.297 -0.600 0.767 0.000 -0.598 0.231 0.727 -0.000 -0.333 -0.600 0.795 0.000 -0.540 0.277 
0.991 -0.136 0.004 0.008 0.953 -0.000 -0.187 -0.240 0.943 0.000 0.209 -0.260 0.976 0.000 -0.128 -0.174 0.913 0.000 0.251 -0.320 0.743 -0.000 -0.296 -0.600 0.767 0.000 -0.599 0.229 0.727 0.000 -0.332 -0.601 0.795 0.000 -0.540 0.277 
0.991 -0.135 0.003 0.008 0.952 0.000 -0.193 -0.239 0.943 0.000 0.208 -0.260 0.976 0.000 -0.132 -0.174 0.914 -0.000 0.249 -0.321 0.743 0.000 -0.295 -0.601 0.767 0.000 -0.599 0.228 0.727 0.000 -0.331 -0.602 0.795 -0.000 -0.541 0.275 
0.991 -0.134 0.003 0.008 0.951 0.000 -0.198 -0.239 0.943 0.000 0.205 -0.261 0.975 0.000 -0.136 -0.173 0.915 0.000 0.245 -0.322 0.743 0.000 -0.294 -0.601 0.767 0.000 -0.600 0.227 0.727 0.000 -0.330 -0.602 0.795 -0.000 -0.541 0.274 
0.991 -0.133 0.003 0.009 0.950 0.000 -0.203 -0.237 0.944 0.000 0.204 -0.260 0.975 0.000 -0.140 -0.174 0.915 0.000 0.242 -0.322 0.744 0.000 -0.292 -0.600 0.767 0.000 -0.601 0.225 0.726 0.000 -0.330 -0.603 0.796 0.000 -0.540 0.273 
0.991 -0.132 0.003 0.009 0.950 -0.000 -0.207 -0.235 0.944 0.000 0.201 -0.261 0.975 0.000 -0.143 -0.172 0.916 0.000 0.239 -0.323 0.744 0.000 -0.292 -0.601 0.768 0.000 -0.601 0.224 0.727 -0.000 -0.328 -0.603 0.796 0.000 -0.543 0.269 
0.991 -0.132 0.003 0.009 0.949 0.000 -0.212 -0.234 0.945 -0.000 0.197 -0.260 0.974 0.000 -0.147 -0.170 0.916 0.000 0.235 -0.324 0.744 0.000 -0.291 -0.602 0.767 -0.000 -0.601 0.223 0.727 0.000 -0.327 -0.604 0.796 -0.000 -0.541 0.270 
0.991 -0.131 0.003 0.009 0.948 -0.000 -0.216 -0.232 0.946 0.000 0.194 -0.260 0.974 -0.000 -0.150 -0.168 0.917 0.000 0.232 -0.324 0.744 0.000 -0.290 -0.602 0.768 0.000 -0.601 0.223 0.727 0.000 -0.327 -0.604 0.796 0.000 -0.541 0.270 
0.991 -0.131 0.003 0.009 0.948 0.000 -0.221 -0.229 0.947 0.000 0.191 -0.260 0.974 0.000 -0.154 -0.166 0.918 0.000 0.229 -0.325 0.744 -0.000 -0.289 -0.602 0.767 0.000 -0.602 0.222 0.725 0.000 -0.326 -0.606 0.795 0.000 -0.542 0.272 
0.991 -0.130 0.003 0.009 0.948 0.000 -0.226 -0.226 0.947 -0.000 0.188 -0.260 0.974 0.000 -0.157 -0.163 0.918 0.000 0.226 -0.325 0.744 0.000 -0.289 -0.603 0.768 0.000 -0.602 0.221 0.727 0.000 -0.325 -0.605 0.796 -0.000 -0.542 0.269 
0.991 -0.130 0.003 0.009 0.947 -0.000 -0.230 -0.224 0.948 -0.000 0.185 -0.260 0.974 0.000 -0.161 -0.160 0.919 0.000 0.223 -0.326 0.744 0.000 -0.288 -0.603 0.768 0.000 -0.602 0.221 0.727 -0.000 -0.325 -0.605 0.796 0.000 -0.543 0.268 
0.992 -0.129 0.003 0.009 0.947 0.000 -0.235 -0.221 0.948 0.000 0.183 -0.259 0.974 0.000 -0.165 -0.157 0.919 0.000 0.221 -0.326 0.744 -0.000 -0.288 -0.603 0.767 0.000 -0.602 0.220 0.727 -0.000 -0.324 -0.606 0.796 0.000 -0.543 0.268 
0.992 -0.129 0.003 0.009 0.946 0.000 -0.239 -0.217 0.949 0.000 0.181 -0.259 0.974 0.000 -0.169 -0.154 0.920 0.000 0.219 -0.326 0.744 0.000 -0.287 -0.603 0.768 0.000 -0.602 0.219 0.727 0.000 -0.324 -0.606 0.796 0.000 -0.543 0.268 
0.992 -0.129 0.003 0.009 0.946 0.000 -0.244 -0.213 0.950 0.000 0.178 -0.258 0.974 -0.000 -0.172 -0.150 0.920 0.000 0.217 -0.326 0.744 0.000 -0.287 -0.603 0.768 0.000 -0.602 0.219 0.725 -0.000 -0.323 -0.608 0.795 0.000 -0.543 0.270 
0.992 -0.129 0.003 0.009 0.946 0.000 -0.248 -0.209 0.950 0.000 0.176 -0.257 0.973 -0.000 -0.176 -0.146 0.921 -0.000 0.215 -0.325 0.744 0.000 -0.287 -0.603 0.767 0.000 -0.602 0.219 0.727 0.000 -0.323 -0.606 0.796 0.000 -0.543 0.267 
0.992 -0.129 0.003 0.009 0.946 -0.000 -0.252 -0.205 0.951 -0.000 0.174 -0.257 0.973 0.000 -0.180 -0.142 0.921 0.000 0.213 -0.326 0.744 0.000 -0.287 -0.603 0.767 0.000 -0.602 0.219 0.727 -0.000 -0.323 -0.606 0.796 0.000 -0.543 0.267 
0.992 -0.129 0.003 0.009 0.945 0.000 -0.257 -0.200 0.951 0.000 0.172 -0.255 0.973 0.000 -0.183 -0.137 0.922 0.000 0.212 -0.325 0.744 0.000 -0.287 -0.603 0.767 -0.000 -0.602 0.219 0.725 0.000 -0.323 -0.608 0.795 -0.000 -0.543 0.269 
0.992 -0.129 0.002 0.009 0.945 0.000 -0.261 -0.195 0.952 0.000 0.170 -0.255 0.973 0.000 -0.187 -0.133 0.922 0.000 0.211 -0.324 0.744 0.000 -0.287 -0.603 0.767 0.000 -0.602 0.219 0.725 0.000 -0.323 -0.608 0.795 -0.000 -0.543 0.269 
0.992 -0.129 0.003 0.009 0.945 0.000 -0.265 -0.190 0.952 0.000 0.169 -0.254 0.973 -0.000 -0.190 -0.128 0.922 0.000 0.210 -0.324 0.744 -0.000 -0.287 -0.603 0.767 -0.000 -0.602 0.220 0.725 0.000 -0.323 -0.608 0.795 0.000 -0.543 0.270 
0.992 -0.129 0.003 0.009 0.945 0.000 -0.269 -0.186 0.953 0.000 0.168 -0.252 0.973 0.000 -0.194 -0.122 0.923 0.000 0.209 -0.323 0.744 0.000 -0.287 -0.603 0.767 0.000 -0.602 0.220 0.727 0.000 -0.324 -0.606 0.796 0.000 -0.543 0.267 
0.992 -0.130 0.003 0.009 0.945 0.000 -0.272 -0.180 0.954 -0.000 0.166 -0.251 0.973 0.000 -0.197 -0.117 0.923 0.000 0.209 -0.322 0.744 -0.000 -0.288 -0.603 0.768 0.000 -0.602 0.220 0.725 0.000 -0.324 -0.607 0.795 -0.000 -0.543 0.270 
0.991 -0.130 0.002 0.009 0.945 0.000 -0.275 -0.175 0.954 0.000 0.165 -0.249 0.973 -0.000 -0.201 -0.112 0.924 -0.000 0.209 -0.320 0.744 0.000 -0.288 -0.603 0.768 -0.000 -0.602 0.220 0.727 0.000 -0.325 -0.605 0.796 0.000 -0.542 0.268 
0.991 -0.131 0.003 0.009 0.945 0.000 -0.279 -0.170 0.955 -0.000 0.165 -0.247 0.973 0.000 -0.203 -0.106 0.924 0.000 0.209 -0.321 0.744 0.000 -0.289 -0.602 0.767 0.000 -0.602 0.221 0.727 0.000 -0.325 -0.605 0.796 0.000 -0.542 0.268 
0.991 -0.131 0.003 0.009 0.945 0.000 -0.282 -0.164 0.955 0.000 0.165 -0.246 0.973 0.000 -0.206 -0.100 0.924 0.000 0.209 -0.319 0.744 0.000 -0.290 -0.602 0.767 -0.000 -0.602 0.222 0.727 0.000 -0.326 -0.605 0.796 0.000 -0.542 0.269 
0.991 -0.132 0.003 0.009 0.945 0.000 -0.285 -0.158 0.956 0.000 0.164 -0.245 0.973 -0.000 -0.209 -0.094 0.925 0.000 0.209 -0.317 0.744 0.000 -0.290 -0.602 0.768 -0.000 -0.601 0.222 0.727 0.000 -0.327 -0.604 0.796 0.000 -0.542 0.270 
0.991 -0.132 0.003 0.009 0.946 0.000 -0.288 -0.151 0.956 0.000 0.164 -0.243 0.973 0.000 -0.211 -0.089 0.926 0.000 0.210 -0.315 0.744 0.000 -0.291 -0.602 0.767 0.000 -0.601 0.223 0.725 0.000 -0.327 -0.606 0.795 0.000 -0.541 0.273 
0.991 -0.133 0.003 0.009 0.946 0.000 -0.290 -0.146 0.956 -0.000 0.164 -0.242 0.974 0.000 -0.213 -0.082 0.926 0.000 0.211 -0.313 0.744 0.000 -0.292 -0.601 0.767 0.000 -0.601 0.224 0.726 0.000 -0.328 -0.605 0.795 0.000 -0.541 0.273 
0.991 -0.133 0.003 0.009 0.946 0.000 -0.292 -0.139 0.957 0.000 0.164 -0.241 0.974 0.000 -0.215 -0.076 0.927 0.000 0.212 -0.311 0.744 0.000 -0.292 -0.601 0.767 0.000 -0.601 0.225 0.726 0.000 -0.328 -0.605 0.795 -0.000 -0.541 0.274 
0.991 -0.134 0.003 0.009 0.947 0.000 -0.294 -0.132 0.957 0.000 0.165 -0.240 0.974 0.000 -0.217 -0.068 0.927 -0.000 0.212 -0.310 0.744 -0.000 -0.293 -0.601 0.768 0.000 -0.600 0.225 0.727 0.000 -0.329 -0.603 0.796 -0.000 -0.541 0.272 
0.991 -0.135 0.003 0.009 0.947 0.000 -0.295 -0.126 0.957 0.000 0.166 -0.239 0.974 0.000 -0.219 -0.063 0.928 -0.000 0.214 -0.306 0.744 0.000 -0.294 -0.600 0.767 -0.000 -0.600 0.226 0.726 0.000 -0.330 -0.604 0.795 0.000 -0.541 0.275 
0.991 -0.136 0.003 0.009 0.948 0.000 -0.297 -0.118 0.957 0.000 0.166 -0.238 0.974 -0.000 -0.220 -0.056 0.928 0.000 0.215 -0.305 0.744 0.000 -0.295 -0.600 0.767 0.000 -0.600 0.227 0.726 0.000 -0.331 -0.603 0.795 0.000 -0.540 0.276 
0.991 -0.137 0.003 0.009 0.948 0.000 -0.298 -0.112 0.957 0.000 0.167 -0.238 0.974 0.000 -0.221 -0.049 0.928 -0.000 0.217 -0.303 0.744 0.000 -0.296 -0.599 0.767 0.000 -0.599 0.228 0.727 0.000 -0.332 -0.601 0.796 0.000 -0.539 0.275 
0.990 -0.137 0.003 0.009 0.949 0.000 -0.299 -0.105 0.957 0.000 0.169 -0.237 0.974 0.000 -0.222 -0.042 0.928 0.000 0.220 -0.300 0.744 -0.000 -0.297 -0.599 0.767 0.000 -0.599 0.229 0.726 0.000 -0.333 -0.602 0.795 0.000 -0.539 0.278 
0.990 -0.138 0.003 0.009 0.949 -0.000 -0.299 -0.098 0.956 0.000 0.170 -0.237 0.974 0.000 -0.223 -0.036 0.928 -0.000 0.223 -0.297 0.744 0.000 -0.298 -0.598 0.767 0.000 -0.599 0.230 0.727 0.000 -0.335 -0.600 0.796 0.000 -0.538 0.277 
0.990 -0.139 0.003 0.009 0.950 0.000 -0.299 -0.092 0.956 0.000 0.172 -0.236 0.974 -0.000 -0.223 -0.030 0.929 0.000 0.226 -0.294 0.744 0.000 -0.299 -0.597 0.767 0.000 -0.598 0.232 0.727 0.000 -0.336 -0.599 0.796 0.000 -0.538 0.278 
0.990 -0.140 0.003 0.009 0.950 -0.000 -0.299 -0.085 0.956 0.000 0.174 -0.236 0.974 0.000 -0.223 -0.023 0.929 0.000 0.228 -0.293 0.744 0.000 -0.300 -0.597 0.767 -0.000 -0.598 0.232 0.727 0.000 -0.337 -0.598 0.796 0.000 -0.537 0.279 
0.990 -0.142 0.003 0.009 0.951 0.000 -0.298 -0.078 0.956 -0.000 0.176 -0.236 0.975 0.000 -0.223 -0.017 0.929 0.000 0.230 -0.290 0.744 -0.000 -0.302 -0.596 0.767 0.000 -0.597 0.235 0.727 0.000 -0.339 -0.597 0.796 0.000 -0.537 0.280 
0.990 -0.143 0.003 0.009 0.952 -0.000 -0.298 -0.072 0.955 -0.000 0.179 -0.235 0.975 0.000 -0.223 -0.010 0.929 -0.000 0.232 -0.290 0.744 -0.000 -0.303 -0.595 0.767 0.000 -0.597 0.236 0.727 0.000 -0.340 -0.597 0.796 0.000 -0.536 0.282 
0.990 -0.144 0.003 0.009 0.953 0.000 -0.297 -0.066 0.955 0.000 0.180 -0.236 0.975 0.000 -0.222 -0.004 0.929 0.000 0.235 -0.287 0.744 -0.000 -0.305 -0.594 0.768 -0.000 -0.596 0.236 0.727 0.000 -0.342 -0.596 0.796 0.000 -0.535 0.283 
0.989 -0.145 0.003 0.009 0.953 0.000 -0.296 -0.059 0.954 0.000 0.183 -0.236 0.975 0.000 -0.221 0.002 0.929 0.000 0.237 -0.284 0.744 -0.000 -0.306 -0.594 0.767 0.000 -0.595 0.238 0.727 -0.000 -0.343 -0.595 0.796 -0.000 -0.535 0.284 
0.989 -0.146 0.003 0.009 0.954 0.000 -0.295 -0.053 0.954 0.000 0.186 -0.236 0.975 0.000 -0.220 0.007 0.929 -0.000 0.241 -0.282 0.744 0.000 -0.307 -0.593 0.767 0.000 -0.595 0.239 0.727 0.000 -0.344 -0.594 0.796 0.000 -0.534 0.286 
0.989 -0.147 0.003 0.009 0.955 0.000 -0.293 -0.047 0.953 0.000 0.190 -0.236 0.976 0.000 -0.219 0.013 0.929 0.000 0.244 -0.279 0.744 0.000 -0.309 -0.593 0.768 0.000 -0.594 0.240 0.727 0.000 -0.346 -0.593 0.796 0.000 -0.533 0.287 
0.989 -0.148 0.003 0.008 0.956 0.000 -0.291 -0.041 0.952 0.000 0.193 -0.236 0.976 0.000 -0.218 0.018 0.928 0.000 0.248 -0.276 0.744 0.000 -0.310 -0.592 0.767 0.000 -0.594 0.242 0.727 0.000 -0.347 -0.592 0.796 -0.000 -0.532 0.288 
0.989 -0.150 0.003 0.008 0.956 -0.000 -0.290 -0.035 0.951 0.000 0.197 -0.236 0.976 0.000 -0.216 0.024 0.928 0.000 0.251 -0.274 0.744 -0.000 -0.312 -0.591 0.767 0.000 -0.593 0.244 0.726 0.000 -0.349 -0.593 0.795 0.000 -0.532 0.292 
0.989 -0.151 0.003 0.008 0.957 0.000 -0.287 -0.029 0.951 0.000 0.201 -0.237 0.976 0.000 -0.214 0.029 0.928 0.000 0.255 -0.273 0.744 0.000 -0.313 -0.590 0.767 0.000 -0.593 0.245 0.727 0.000 -0.350 -0.591 0.796 -0.000 -0.531 0.291 
0.988 -0.152 0.003 0.008 0.958 -0.000 -0.285 -0.024 0.950 -0.000 0.205 -0.237 0.977 0.000 -0.212 0.034 0.927 0.000 0.258 -0.270 0.744 0.000 -0.315 -0.589 0.767 -0.000 -0.592 0.246 0.727 0.000 -0.352 -0.590 0.796 -0.000 -0.530 0.292 
0.988 -0.153 0.004 0.008 0.959 0.000 -0.283 -0.019 0.949 -0.000 0.209 -0.237 0.977 -0.000 -0.209 0.039 0.927 0.000 0.262 -0.268 0.744 0.000 -0.316 -0.589 0.767 0.000 -0.591 0.248 0.727 0.000 -0.354 -0.588 0.796 0.000 -0.529 0.293 
0.988 -0.154 0.004 0.008 0.960 0.000 -0.280 -0.015 0.948 0.000 0.212 -0.238 0.978 0.000 -0.206 0.044 0.927 0.000 0.265 -0.267 0.744 0.000 -0.318 -0.588 0.767 -0.000 -0.591 0.250 0.727 0.000 -0.355 -0.588 0.796 -0.000 -0.529 0.294 
0.988 -0.156 0.004 0.008 0.961 0.000 -0.277 -0.010 0.947 0.000 0.215 -0.237 0.978 0.000 -0.203 0.047 0.926 0.000 0.268 -0.264 0.744 -0.000 -0.319 -0.587 0.767 -0.000 -0.590 0.251 0.727 0.000 -0.357 -0.587 0.796 0.000 -0.528 0.296 
0.988 -0.157 0.004 0.008 0.962 0.000 -0.273 -0.007 0.946 0.000 0.219 -0.237 0.978 -0.000 -0.200 0.052 0.926 0.000 0.270 -0.263 0.744 0.000 -0.320 -0.586 0.767 -0.000 -0.590 0.253 0.727 -0.000 -0.358 -0.585 0.796 0.000 -0.527 0.297 
0.987 -0.158 0.004 0.008 0.963 -0.000 -0.269 -0.003 0.946 0.000 0.222 -0.237 0.979 0.000 -0.196 0.055 0.926 0.000 0.272 -0.262 0.744 0.000 -0.322 -0.585 0.767 0.000 -0.589 0.254 0.727 0.000 -0.359 -0.585 0.796 0.000 -0.527 0.298 
0.987 -0.159 0.004 0.008 0.964 0.000 -0.265 0.000 0.945 0.000 0.226 -0.235 0.980 0.000 -0.192 0.058 0.926 0.000 0.274 -0.261 0.744 0.000 -0.323 -0.585 0.767 0.000 -0.588 0.256 0.727 0.000 -0.361 -0.583 0.796 0.000 -0.526 0.299 
0.987 -0.161 0.004 0.008 0.965 0.000 -0.262 0.003 0.944 0.000 0.230 -0.235 0.980 0.000 -0.188 0.062 0.926 -0.000 0.276 -0.260 0.744 -0.000 -0.325 -0.584 0.767 0.000 -0.588 0.258 0.728 0.000 -0.362 -0.582 0.796 0.000 -0.525 0.301 
0.987 -0.162 0.004 0.008 0.966 0.000 -0.258 0.005 0.944 0.000 0.234 -0.234 0.981 0.000 -0.183 0.064 0.925 0.000 0.278 -0.258 0.744 0.000 -0.326 -0.583 0.767 0.000 -0.587 0.259 0.728 0.000 -0.364 -0.581 0.796 0.000 -0.524 0.302 
0.987 -0.163 0.004 0.008 0.967 0.000 -0.254 0.008 0.943 0.000 0.238 -0.234 0.982 0.000 -0.180 0.066 0.925 0.000 0.281 -0.256 0.744 0.000 -0.327 -0.582 0.767 -0.000 -0.587 0.261 0.728 0.000 -0.365 -0.580 0.796 0.000 -0.523 0.303 
0.986 -0.164 0.004 0.008 0.968 0.000 -0.249 0.010 0.942 0.000 0.240 -0.234 0.982 -0.000 -0.175 0.068 0.924 0.000 0.284 -0.255 0.744 0.000 -0.329 -0.582 0.767 0.000 -0.586 0.262 0.728 0.000 -0.367 -0.580 0.796 0.000 -0.523 0.304 
0.986 -0.165 0.004 0.008 0.969 0.000 -0.245 0.011 0.941 0.000 0.245 -0.233 0.983 0.000 -0.171 0.070 0.924 0.000 0.287 -0.253 0.744 0.000 -0.330 -0.581 0.767 0.000 -0.585 0.264 0.728 0.000 -0.368 -0.579 0.796 -0.000 -0.522 0.305 
0.986 -0.166 0.005 0.008 0.970 0.000 -0.241 0.012 0.940 0.000 0.248 -0.233 0.983 -0.000 -0.167 0.071 0.923 -0.000 0.290 -0.251 0.744 0.000 -0.331 -0.581 0.767 0.000 -0.585 0.265 0.728 0.000 -0.369 -0.578 0.796 0.000 -0.522 0.306 
0.986 -0.167 0.005 0.008 0.972 0.000 -0.237 0.012 0.940 0.000 0.253 -0.231 0.984 0.000 -0.163 0.071 0.923 -0.000 0.295 -0.248 0.744 0.000 -0.332 -0.580 0.767 0.000 -0.584 0.267 0.728 0.000 -0.371 -0.577 0.796 0.000 -0.521 0.307 
0.986 -0.168 0.005 0.008 0.973 0.000 -0.232 0.013 0.939 0.000 0.256 -0.230 0.985 0.000 -0.159 0.071 0.922 0.000 0.298 -0.246 0.744 0.000 -0.333 -0.579 0.767 0.000 -0.584 0.268 0.728 0.000 -0.372 -0.576 0.796 0.000 -0.520 0.308 
0.986 -0.169 0.005 0.008 0.974 0.000 -0.228 0.012 0.938 0.000 0.260 -0.229 0.985 0.000 -0.155 0.071 0.922 0.000 0.301 -0.245 0.744 -0.000 -0.334 -0.579 0.766 0.000 -0.583 0.269 0.728 0.000 -0.373 -0.575 0.797 0.000 -0.520 0.309 
0.985 -0.170 0.005 0.008 0.975 0.000 -0.223 0.012 0.937 -0.000 0.263 -0.228 0.986 0.000 -0.150 0.070 0.921 0.000 0.305 -0.243 0.744 -0.000 -0.335 -0.578 0.767 0.000 -0.583 0.269 0.728 0.000 -0.374 -0.575 0.796 -0.000 -0.519 0.310 
0.985 -0.171 0.005 0.008 0.976 0.000 -0.218 0.011 0.937 0.000 0.266 -0.228 0.987 0.000 -0.146 0.069 0.920 0.000 0.308 -0.241 0.744 -0.000 -0.336 -0.577 0.767 0.000 -0.582 0.271 0.728 0.000 -0.375 -0.574 0.797 0.000 -0.519 0.310 
0.985 -0.172 0.005 0.008 0.977 -0.000 -0.213 0.009 0.936 0.000 0.269 -0.227 0.988 0.000 -0.142 0.068 0.920 0.000 0.310 -0.240 0.744 -0.000 -0.337 -0.577 0.767 0.000 -0.582 0.272 0.728 0.000 -0.376 -0.573 0.797 0.000 -0.518 0.311 
0.985 -0.172 0.005 0.008 0.978 0.000 -0.209 0.008 0.935 0.000 0.272 -0.227 0.988 0.000 -0.137 0.067 0.919 0.000 0.313 -0.239 0.744 0.000 -0.338 -0.576 0.767 -0.000 -0.581 0.272 0.728 0.000 -0.377 -0.572 0.797 -0.000 -0.518 0.312 
0.985 -0.173 0.005 0.007 0.979 0.000 -0.204 0.006 0.934 0.000 0.275 -0.226 0.989 0.000 -0.132 0.066 0.918 0.000 0.315 -0.240 0.743 0.000 -0.339 -0.576 0.767 0.000 -0.581 0.273 0.728 0.000 -0.378 -0.572 0.797 -0.000 -0.517 0.313 
0.985 -0.174 0.005 0.008 0.980 0.000 -0.199 0.004 0.934 0.000 0.278 -0.226 0.990 0.000 -0.128 0.063 0.918 0.000 0.318 -0.239 0.744 0.000 -0.340 -0.576 0.767 0.000 -0.581 0.274 0.728 0.000 -0.379 -0.571 0.797 0.000 -0.517 0.314 
0.985 -0.174 0.005 0.007 0.981 -0.000 -0.194 0.001 0.933 0.000 0.281 -0.225 0.990 0.000 -0.124 0.060 0.917 0.000 0.321 -0.237 0.744 -0.000 -0.341 -0.575 0.767 -0.000 -0.580 0.275 0.728 0.000 -0.379 -0.571 0.797 0.000 -0.516 0.314 
0.985 -0.175 0.005 0.007 0.982 0.000 -0.189 -0.002 0.932 0.000 0.283 -0.225 0.991 0.000 -0.120 0.057 0.916 -0.000 0.324 -0.236 0.744 -0.000 -0.341 -0.575 0.766 0.000 -0.580 0.276 0.728 0.000 -0.380 -0.570 0.797 -0.000 -0.516 0.315 
0.984 -0.175 0.005 0.007 0.983 0.000 -0.185 -0.006 0.931 -0.000 0.286 -0.225 0.992 0.000 -0.117 0.053 0.916 0.000 0.327 -0.233 0.744 0.000 -0.342 -0.575 0.767 -0.000 -0.580 0.276 0.728 0.000 -0.381 -0.570 0.797 0.000 -0.516 0.315 
0.984 -0.176 0.005 0.007 0.984 0.000 -0.180 -0.009 0.931 0.000 0.289 -0.225 0.992 0.000 -0.113 0.048 0.915 0.000 0.330 -0.232 0.744 0.000 -0.342 -0.574 0.767 0.000 -0.579 0.276 0.728 0.000 -0.381 -0.570 0.797 -0.000 -0.515 0.316 
0.984 -0.176 0.005 0.007 0.984 0.000 -0.175 -0.013 0.930 0.000 0.291 -0.225 0.993 0.000 -0.109 0.044 0.914 0.000 0.333 -0.231 0.744 0.000 -0.343 -0.574 0.766 0.000 -0.579 0.277 0.728 0.000 -0.382 -0.569 0.797 -0.000 -0.515 0.316 
0.984 -0.176 0.005 0.007 0.985 -0.000 -0.171 -0.017 0.929 -0.000 0.294 -0.225 0.994 0.000 -0.105 0.040 0.913 0.000 0.336 -0.230 0.744 -0.000 -0.343 -0.574 0.767 0.000 -0.579 0.277 0.728 0.000 -0.382 -0.569 0.797 0.000 -0.515 0.317 
0.984 -0.177 0.005 0.007 0.986 0.000 -0.167 -0.021 0.928 0.000 0.297 -0.225 0.994 0.000 -0.102 0.035 0.912 0.000 0.339 -0.230 0.744 0.000 -0.344 -0.573 0.767 0.000 -0.579 0.277 0.728 0.000 -0.382 -0.569 0.797 0.000 -0.514 0.317 
0.984 -0.177 0.005 0.007 0.986 0.000 -0.163 -0.026 0.927 -0.000 0.299 -0.225 0.995 0.000 -0.099 0.030 0.911 -0.000 0.341 -0.230 0.744 -0.000 -0.344 -0.573 0.767 0.000 -0.579 0.278 0.728 0.000 -0.383 -0.568 0.797 0.000 -0.514 0.318 
0.984 -0.177 0.005 0.007 0.987 0.000 -0.158 -0.031 0.927 0.000 0.301 -0.226 0.995 -0.000 -0.096 0.025 0.910 0.000 0.344 -0.231 0.744 0.000 -0.344 -0.573 0.767 -0.000 -0.579 0.278 0.728 0.000 -0.383 -0.568 0.797 0.000 -0.514 0.318 
0.984 -0.177 0.005 0.007 0.987 0.000 -0.154 -0.036 0.926 0.000 0.303 -0.226 0.995 0.000 -0.093 0.020 0.909 0.000 0.346 -0.231 0.744 0.000 -0.344 -0.573 0.767 0.000 -0.579 0.278 0.728 0.000 -0.383 -0.568 0.797 0.000 -0.514 0.318 
0.984 -0.177 0.005 0.007 0.988 0.000 -0.150 -0.041 0.926 0.000 0.304 -0.225 0.996 0.000 -0.089 0.015 0.908 0.000 0.347 -0.234 0.744 0.000 -0.344 -0.573 0.767 0.000 -0.579 0.278 0.728 0.000 -0.383 -0.568 0.797 0.000 -0.514 0.317 
0.984 -0.177 0.005 0.007 0.988 0.000 -0.147 -0.046 0.925 0.000 0.306 -0.226 0.996 0.000 -0.086 0.010 0.907 0.000 0.349 -0.235 0.744 0.000 -0.344 -0.573 0.767 0.000 -0.579 0.278 0.728 0.000 -0.383 -0.568 0.797 0.000 -0.514 0.317 
0.984 -0.177 0.005 0.007 0.988 -0.000 -0.143 -0.051 0.924 0.000 0.307 -0.227 0.997 -0.000 -0.083 0.004 0.906 0.000 0.351 -0.236 0.744 0.000 -0.344 -0.573 0.767 0.000 -0.579 0.278 0.728 0.000 -0.383 -0.568 0.797 -0.000 -0.514 0.317 
0.984 -0.177 0.005 0.007 0.989 0.000 -0.140 -0.057 0.923 0.000 0.309 -0.228 0.997 0.000 -0.081 -0.001 0.905 -0.000 0.352 -0.237 0.744 0.000 -0.344 -0.573 0.767 0.000 -0.579 0.277 0.728 0.000 -0.383 -0.569 0.797 0.000 -0.514 0.317 
0.984 -0.176 0.005 0.007 0.989 0.000 -0.136 -0.063 0.923 0.000 0.310 -0.229 0.997 0.000 -0.078 -0.007 0.904 0.000 0.353 -0.239 0.744 0.000 -0.343 -0.573 0.767 0.000 -0.579 0.277 0.728 0.000 -0.382 -0.569 0.797 0.000 -0.515 0.317 
0.984 -0.176 0.005 0.007 0.989 0.000 -0.133 -0.069 0.923 -0.000 0.310 -0.229 0.997 0.000 -0.076 -0.013 0.903 0.000 0.355 -0.241 0.744 0.000 -0.343 -0.573 0.767 0.000 -0.579 0.277 0.728 0.000 -0.382 -0.569 0.797 -0.000 -0.515 0.316 
0.984 -0.176 0.005 0.007 0.989 0.000 -0.131 -0.075 0.922 -0.000 0.311 -0.230 0.997 0.000 -0.074 -0.019 0.902 0.000 0.356 -0.243 0.744 0.000 -0.343 -0.574 0.767 0.000 -0.579 0.276 0.728 0.000 -0.381 -0.569 0.797 0.000 -0.515 0.316 
0.985 -0.175 0.005 0.007 0.989 -0.000 -0.128 -0.081 0.921 0.000 0.312 -0.232 0.997 0.000 -0.072 -0.025 0.902 0.000 0.356 -0.245 0.744 0.000 -0.342 -0.574 0.767 0.000 -0.580 0.276 0.728 0.000 -0.381 -0.570 0.797 0.000 -0.515 0.316 
0.985 -0.175 0.005 0.007 0.988 -0.000 -0.125 -0.087 0.921 0.000 0.312 -0.233 0.997 0.000 -0.068 -0.030 0.901 0.000 0.355 -0.249 0.744 0.000 -0.341 -0.575 0.767 -0.000 -0.580 0.275 0.728 0.000 -0.380 -0.570 0.797 0.000 -0.516 0.315 
0.985 -0.174 0.005 0.007 0.988 0.000 -0.123 -0.093 0.921 0.000 0.312 -0.234 0.997 -0.000 -0.065 -0.035 0.901 0.000 0.354 -0.251 0.743 -0.000 -0.341 -0.575 0.767 0.000 -0.580 0.275 0.728 0.000 -0.379 -0.571 0.797 0.000 -0.516 0.314 
0.985 -0.173 0.005 0.007 0.988 0.000 -0.120 -0.099 0.921 0.000 0.312 -0.236 0.997 0.000 -0.065 -0.042 0.899 0.000 0.357 -0.253 0.743 0.000 -0.340 -0.576 0.767 0.000 -0.580 0.274 0.728 0.000 -0.378 -0.571 0.797 0.000 -0.517 0.313 
0.985 -0.172 0.005 0.007 0.987 0.000 -0.118 -0.105 0.920 0.000 0.311 -0.237 0.997 0.000 -0.064 -0.048 0.899 0.000 0.356 -0.256 0.744 -0.000 -0.339 -0.576 0.767 -0.000 -0.581 0.273 0.728 0.000 -0.378 -0.572 0.797 -0.000 -0.517 0.313 
0.985 -0.172 0.005 0.007 0.987 0.000 -0.116 -0.112 0.920 0.000 0.310 -0.239 0.997 0.000 -0.063 -0.054 0.898 0.000 0.355 -0.259 0.744 0.000 -0.338 -0.576 0.767 0.000 -0.581 0.273 0.728 0.000 -0.377 -0.572 0.797 0.000 -0.517 0.312 
0.985 -0.171 0.005 0.007 0.986 0.000 -0.115 -0.119 0.920 0.000 0.309 -0.240 0.996 0.000 -0.061 -0.060 0.898 0.000 0.354 -0.263 0.744 -0.000 -0.338 -0.577 0.767 0.000 -0.582 0.271 0.728 0.000 -0.376 -0.573 0.797 -0.000 -0.518 0.312 
0.985 -0.170 0.005 0.007 0.986 -0.000 -0.113 -0.125 0.920 0.000 0.308 -0.241 0.996 0.000 -0.060 -0.066 0.897 0.000 0.352 -0.266 0.744 -0.000 -0.337 -0.577 0.767 0.000 -0.582 0.271 0.728 0.000 -0.375 -0.574 0.797 0.000 -0.518 0.311 
0.985 -0.170 0.005 0.007 0.985 0.000 -0.111 -0.132 0.921 0.000 0.306 -0.242 0.996 0.000 -0.060 -0.072 0.897 0.000 0.351 -0.270 0.744 0.000 -0.336 -0.578 0.767 0.000 -0.582 0.269 0.728 0.000 -0.374 -0.574 0.797 0.000 -0.519 0.310 
0.986 -0.169 0.005 0.007 0.984 0.000 -0.110 -0.138 0.921 -0.000 0.304 -0.245 0.995 0.000 -0.059 -0.078 0.896 0.000 0.349 -0.274 0.744 0.000 -0.335 -0.579 0.767 0.000 -0.583 0.269 0.728 0.000 -0.373 -0.575 0.797 0.000 -0.519 0.309 
0.986 -0.168 0.005 0.007 0.984 0.000 -0.109 -0.144 0.921 0.000 0.301 -0.247 0.995 0.000 -0.059 -0.084 0.896 -0.000 0.347 -0.277 0.744 0.000 -0.334 -0.579 0.767 0.000 -0.583 0.267 0.728 0.000 -0.372 -0.575 0.797 0.000 -0.520 0.308 
0.986 -0.167 0.005 0.008 0.983 0.000 -0.108 -0.150 0.921 0.000 0.299 -0.249 0.994 0.000 -0.059 -0.090 0.895 0.000 0.345 -0.282 0.744 0.000 -0.333 -0.579 0.767 0.000 -0.583 0.267 0.728 0.000 -0.371 -0.576 0.797 0.000 -0.520 0.308 
0.986 -0.166 0.005 0.008 0.982 0.000 -0.108 -0.157 0.921 0.000 0.297 -0.251 0.994 0.000 -0.059 -0.096 0.895 0.000 0.342 -0.286 0.744 0.000 -0.332 -0.580 0.767 0.000 -0.584 0.266 0.728 0.000 -0.370 -0.577 0.797 0.000 -0.521 0.307 
0.986 -0.165 0.005 0.008 0.981 0.000 -0.108 -0.163 0.922 0.000 0.295 -0.252 0.993 -0.000 -0.060 -0.101 0.895 0.000 0.339 -0.291 0.744 0.000 -0.331 -0.581 0.767 0.000 -0.584 0.264 0.728 0.000 -0.369 -0.578 0.797 0.000 -0.521 0.306 
0.986 -0.164 0.005 0.008 0.980 0.000 -0.109 -0.169 0.921 0.000 0.294 -0.254 0.992 0.000 -0.061 -0.107 0.895 -0.000 0.335 -0.295 0.744 -0.000 -0.330 -0.581 0.767 -0.000 -0.585 0.263 0.728 -0.000 -0.368 -0.578 0.797 -0.000 -0.522 0.305 
0.986 -0.164 0.005 0.008 0.978 0.000 -0.110 -0.175 0.922 -0.000 0.291 -0.256 0.992 0.000 -0.062 -0.112 0.894 0.000 0.332 -0.299 0.744 -0.000 -0.329 -0.582 0.767 -0.000 -0.585 0.263 0.728 0.000 -0.367 -0.579 0.797 0.000 -0.522 0.304 
0.987 -0.163 0.005 0.008 0.977 0.000 -0.111 -0.181 0.922 0.000 0.289 -0.257 0.991 0.000 -0.063 -0.118 0.894 0.000 0.329 -0.303 0.744 0.000 -0.328 -0.583 0.767 0.000 -0.586 0.262 0.728 0.000 -0.366 -0.580 0.797 0.000 -0.523 0.303 
0.987 -0.162 0.005 0.008 0.976 0.000 -0.112 -0.186 0.923 0.000 0.286 -0.259 0.990 0.000 -0.065 -0.123 0.894 0.000 0.324 -0.308 0.744 -0.000 -0.327 -0.583 0.767 0.000 -0.586 0.260 0.728 -0.000 -0.365 -0.581 0.797 -0.000 -0.524 0.302 
0.987 -0.161 0.005 0.008 0.975 0.000 -0.113 -0.193 0.923 0.000 0.283 -0.260 0.990 0.000 -0.066 -0.128 0.895 -0.000 0.320 -0.312 0.744 0.000 -0.326 -0.584 0.767 0.000 -0.587 0.259 0.728 0.000 -0.364 -0.581 0.797 -0.000 -0.524 0.301 
0.987 -0.160 0.005 0.008 0.973 0.000 -0.115 -0.198 0.924 0.000 0.280 -0.262 0.989 0.000 -0.068 -0.133 0.895 -0.000 0.315 -0.316 0.743 0.000 -0.325 -0.585 0.767 0.000 -0.587 0.258 0.728 0.000 -0.362 -0.582 0.797 0.000 -0.525 0.300 
0.987 -0.158 0.005 0.008 0.972 0.000 -0.117 -0.203 0.924 0.000 0.276 -0.263 0.988 0.000 -0.070 -0.138 0.895 0.000 0.311 -0.319 0.744 -0.000 -0.323 -0.585 0.767 0.000 -0.588 0.256 0.728 0.000 -0.361 -0.583 0.797 0.000 -0.525 0.298 
0.987 -0.157 0.005 0.008 0.971 0.000 -0.119 -0.209 0.925 0.000 0.273 -0.263 0.987 0.000 -0.072 -0.142 0.895 0.000 0.307 -0.323 0.744 -0.000 -0.322 -0.586 0.767 0.000 -0.588 0.255 0.728 0.000 -0.360 -0.584 0.797 -0.000 -0.526 0.297 
0.988 -0.156 0.005 0.008 0.969 0.000 -0.122 -0.214 0.926 0.000 0.270 -0.264 0.986 0.000 -0.074 -0.147 0.896 0.000 0.301 -0.326 0.744 0.000 -0.320 -0.587 0.767 0.000 -0.589 0.254 0.728 0.000 -0.358 -0.585 0.797 0.000 -0.527 0.296 
0.988 -0.155 0.005 0.008 0.968 -0.000 -0.125 -0.219 0.927 0.000 0.268 -0.265 0.985 0.000 -0.076 -0.152 0.897 0.000 0.297 -0.329 0.744 0.000 -0.319 -0.588 0.767 0.000 -0.590 0.252 0.728 -0.000 -0.357 -0.585 0.797 0.000 -0.528 0.295 
0.988 -0.154 0.005 0.008 0.966 0.000 -0.127 -0.224 0.927 0.000 0.264 -0.265 0.985 0.000 -0.079 -0.155 0.897 0.000 0.291 -0.332 0.744 0.000 -0.317 -0.588 0.767 0.000 -0.590 0.251 0.728 0.000 -0.356 -0.586 0.797 0.000 -0.528 0.293 
0.988 -0.153 0.005 0.008 0.965 0.000 -0.131 -0.229 0.928 0.000 0.260 -0.266 0.984 0.000 -0.082 -0.160 0.898 0.000 0.287 -0.333 0.743 0.000 -0.316 -0.589 0.767 0.000 -0.591 0.250 0.728 0.000 -0.354 -0.587 0.797 0.000 -0.529 0.292 
0.988 -0.152 0.005 0.008 0.963 -0.000 -0.134 -0.233 0.929 0.000 0.257 -0.266 0.983 0.000 -0.085 -0.163 0.899 0.000 0.281 -0.337 0.744 0.000 -0.314 -0.590 0.767 0.000 -0.592 0.248 0.728 0.000 -0.353 -0.588 0.797 0.000 -0.530 0.291 
0.989 -0.150 0.005 0.008 0.962 0.000 -0.137 -0.236 0.930 0.000 0.253 -0.266 0.982 0.000 -0.088 -0.166 0.899 0.000 0.276 -0.339 0.744 0.000 -0.313 -0.591 0.767 0.000 -0.592 0.246 0.728 0.000 -0.351 -0.589 0.797 0.000 -0.531 0.290 
0.989 -0.149 0.005 0.008 0.960 0.000 -0.141 -0.240 0.931 0.000 0.250 -0.266 0.981 0.000 -0.090 -0.169 0.900 0.000 0.271 -0.341 0.743 0.000 -0.312 -0.592 0.767 0.000 -0.593 0.245 0.728 0.000 -0.349 -0.591 0.796 -0.000 -0.532 0.289 
0.989 -0.148 0.005 0.008 0.959 0.000 -0.146 -0.243 0.931 -0.000 0.246 -0.269 0.981 0.000 -0.094 -0.172 0.901 0.000 0.265 -0.343 0.743 -0.000 -0.310 -0.592 0.767 0.000 -0.593 0.243 0.728 0.000 -0.348 -0.591 0.797 -0.000 -0.532 0.287 
0.989 -0.147 0.004 0.007 0.958 0.000 -0.150 -0.246 0.932 0.000 0.243 -0.269 0.980 0.000 -0.098 -0.175 0.902 0.000 0.261 -0.343 0.743 0.000 -0.309 -0.593 0.767 0.000 -0.594 0.242 0.728 0.000 -0.347 -0.591 0.797 0.000 -0.533 0.286 
0.989 -0.146 0.005 0.008 0.956 0.000 -0.154 -0.248 0.933 0.000 0.240 -0.269 0.979 0.000 -0.101 -0.177 0.903 -0.000 0.256 -0.345 0.744 0.000 -0.307 -0.594 0.767 0.000 -0.594 0.240 0.727 0.000 -0.345 -0.593 0.796 0.000 -0.534 0.285 
0.989 -0.145 0.004 0.008 0.955 0.000 -0.159 -0.250 0.934 0.000 0.236 -0.269 0.978 -0.000 -0.105 -0.179 0.904 0.000 0.253 -0.345 0.743 0.000 -0.306 -0.595 0.767 -0.000 -0.595 0.239 0.727 0.000 -0.344 -0.594 0.796 0.000 -0.534 0.285 
0.990 -0.143 0.004 0.008 0.954 0.000 -0.164 -0.252 0.935 0.000 0.233 -0.269 0.978 0.000 -0.109 -0.181 0.905 0.000 0.248 -0.346 0.743 0.000 -0.305 -0.595 0.767 0.000 -0.595 0.237 0.728 -0.000 -0.342 -0.594 0.797 0.000 -0.534 0.283 
0.990 -0.142 0.004 0.008 0.952 0.000 -0.169 -0.254 0.936 0.000 0.228 -0.270 0.977 0.000 -0.113 -0.182 0.906 0.000 0.244 -0.347 0.743 0.000 -0.304 -0.596 0.768 0.000 -0.596 0.236 0.728 0.000 -0.341 -0.595 0.797 0.000 -0.535 0.282 
0.990 -0.141 0.004 0.008 0.951 -0.000 -0.174 -0.255 0.937 -0.000 0.225 -0.269 0.976 0.000 -0.117 -0.183 0.907 0.000 0.239 -0.348 0.743 -0.000 -0.302 -0.597 0.768 0.000 -0.596 0.235 0.727 0.000 -0.340 -0.596 0.797 0.000 -0.536 0.281 
0.990 -0.140 0.004 0.008 0.950 0.000 -0.179 -0.256 0.938 0.000 0.221 -0.268 0.975 0.000 -0.121 -0.184 0.908 0.000 0.235 -0.348 0.744 0.000 -0.301 -0.597 0.768 0.000 -0.597 0.233 0.727 0.000 -0.338 -0.597 0.797 0.000 -0.536 0.280 
0.990 -0.139 0.004 0.008 0.949 0.000 -0.183 -0.257 0.939 0.000 0.217 -0.267 0.975 0.000 -0.126 -0.184 0.908 0.000 0.231 -0.348 0.743 0.000 -0.300 -0.598 0.768 0.000 -0.597 0.233 0.727 -0.000 -0.337 -0.598 0.796 0.000 -0.538 0.279 
0.990 -0.138 0.004 0.008 0.948 0.000 -0.189 -0.257 0.940 0.000 0.213 -0.266 0.974 0.000 -0.131 -0.184 0.909 0.000 0.228 -0.348 0.744 0.000 -0.299 -0.598 0.768 0.000 -0.598 0.231 0.727 0.000 -0.336 -0.599 0.796 0.000 -0.538 0.279 
0.990 -0.138 0.004 0.008 0.947 0.000 -0.193 -0.257 0.941 -0.000 0.210 -0.265 0.974 0.000 -0.135 -0.184 0.910 0.000 0.224 -0.349 0.744 0.000 -0.298 -0.599 0.768 0.000 -0.598 0.230 0.727 0.000 -0.335 -0.599 0.796 0.000 -0.538 0.277 
0.991 -0.137 0.004 0.008 0.946 0.000 -0.199 -0.257 0.942 -0.000 0.207 -0.263 0.973 0.000 -0.140 -0.183 0.911 0.000 0.220 -0.348 0.744 0.000 -0.297 -0.599 0.768 0.000 -0.598 0.229 0.727 -0.000 -0.334 -0.600 0.796 0.000 -0.539 0.277 
0.991 -0.136 0.004 0.008 0.945 -0.000 -0.204 -0.257 0.943 0.000 0.203 -0.263 0.973 0.000 -0.144 -0.182 0.912 0.000 0.217 -0.348 0.744 0.000 -0.296 -0.600 0.768 0.000 -0.599 0.228 0.727 0.000 -0.333 -0.600 0.796 0.000 -0.538 0.275 
0.991 -0.135 0.004 0.008 0.944 0.000 -0.209 -0.255 0.945 0.000 0.199 -0.261 0.972 0.000 -0.148 -0.181 0.913 0.000 0.213 -0.348 0.743 0.000 -0.295 -0.600 0.768 0.000 -0.599 0.228 0.727 0.000 -0.332 -0.601 0.797 0.000 -0.539 0.275 
0.991 -0.135 0.004 0.008 0.943 0.000 -0.214 -0.254 0.946 0.000 0.196 -0.260 0.972 0.000 -0.153 -0.179 0.914 0.000 0.210 -0.348 0.744 0.000 -0.294 -0.600 0.768 0.000 -0.599 0.228 0.727 -0.000 -0.332 -0.601 0.797 -0.000 -0.539 0.274 
0.991 -0.134 0.004 0.008 0.943 -0.000 -0.219 -0.251 0.946 0.000 0.193 -0.261 0.971 -0.000 -0.157 -0.178 0.914 0.000 0.208 -0.347 0.743 0.000 -0.294 -0.601 0.768 0.000 -0.599 0.226 0.727 0.000 -0.331 -0.602 0.797 -0.000 -0.539 0.273 
0.991 -0.134 0.004 0.008 0.942 0.000 -0.224 -0.249 0.947 0.000 0.190 -0.259 0.971 0.000 -0.162 -0.175 0.915 0.000 0.205 -0.347 0.743 0.000 -0.293 -0.601 0.768 0.000 -0.600 0.226 0.727 -0.000 -0.330 -0.602 0.797 0.000 -0.540 0.273 
0.991 -0.133 0.004 0.008 0.942 0.000 -0.229 -0.246 0.948 0.000 0.187 -0.258 0.971 0.000 -0.166 -0.172 0.916 0.000 0.202 -0.348 0.743 0.000 -0.293 -0.602 0.768 0.000 -0.600 0.225 0.727 0.000 -0.330 -0.603 0.796 0.000 -0.540 0.272 
0.991 -0.133 0.004 0.008 0.941 0.000 -0.234 -0.243 0.949 -0.000 0.183 -0.257 0.971 0.000 -0.170 -0.169 0.916 0.000 0.201 -0.347 0.744 0.000 -0.292 -0.602 0.768 0.000 -0.600 0.225 0.727 0.000 -0.329 -0.603 0.796 0.000 -0.540 0.272 
0.991 -0.133 0.004 0.008 0.941 0.000 -0.238 -0.240 0.950 0.000 0.180 -0.256 0.971 0.000 -0.174 -0.166 0.916 0.000 0.199 -0.347 0.744 0.000 -0.292 -0.602 0.768 0.000 -0.600 0.224 0.727 0.000 -0.329 -0.603 0.797 0.000 -0.540 0.271 
0.991 -0.132 0.004 0.009 0.941 0.000 -0.243 -0.236 0.950 0.000 0.177 -0.255 0.971 0.000 -0.178 -0.162 0.917 0.000 0.198 -0.347 0.744 0.000 -0.291 -0.602 0.768 0.000 -0.600 0.224 0.727 0.000 -0.329 -0.603 0.797 0.000 -0.540 0.271 
0.991 -0.132 0.004 0.009 0.941 0.000 -0.247 -0.232 0.951 0.000 0.175 -0.254 0.970 0.000 -0.182 -0.158 0.917 0.000 0.197 -0.347 0.744 0.000 -0.291 -0.602 0.768 -0.000 -0.600 0.224 0.727 -0.000 -0.328 -0.603 0.797 0.000 -0.540 0.271 
0.991 -0.132 0.004 0.009 0.941 0.000 -0.251 -0.228 0.952 0.000 0.173 -0.253 0.970 0.000 -0.186 -0.153 0.917 0.000 0.196 -0.347 0.744 0.000 -0.291 -0.602 0.768 0.000 -0.600 0.224 0.725 0.000 -0.328 -0.605 0.796 -0.000 -0.540 0.273 
0.991 -0.132 0.004 0.009 0.941 0.000 -0.255 -0.223 0.953 -0.000 0.170 -0.252 0.971 0.000 -0.190 -0.148 0.917 0.000 0.195 -0.347 0.744 0.000 -0.291 -0.602 0.768 0.000 -0.600 0.224 0.725 0.000 -0.328 -0.605 0.796 0.000 -0.541 0.273 
0.991 -0.132 0.004 0.009 0.941 0.000 -0.259 -0.218 0.953 0.000 0.168 -0.252 0.971 0.000 -0.193 -0.144 0.918 0.000 0.195 -0.346 0.744 0.000 -0.291 -0.602 0.768 0.000 -0.600 0.224 0.727 -0.000 -0.328 -0.603 0.797 0.000 -0.541 0.270 
0.991 -0.133 0.004 0.009 0.941 0.000 -0.263 -0.212 0.954 0.000 0.167 -0.251 0.971 -0.000 -0.197 -0.139 0.918 0.000 0.195 -0.345 0.744 0.000 -0.291 -0.602 0.768 0.000 -0.600 0.224 0.725 -0.000 -0.328 -0.606 0.795 0.000 -0.541 0.274 
0.991 -0.133 0.003 0.009 0.941 -0.000 -0.267 -0.207 0.954 -0.000 0.166 -0.250 0.971 0.000 -0.200 -0.133 0.918 0.000 0.195 -0.344 0.744 -0.000 -0.292 -0.601 0.768 0.000 -0.600 0.224 0.725 0.000 -0.328 -0.606 0.795 -0.000 -0.541 0.275 
0.991 -0.133 0.003 0.009 0.941 0.000 -0.271 -0.201 0.954 0.000 0.165 -0.249 0.971 0.000 -0.203 -0.128 0.919 0.000 0.195 -0.344 0.744 0.000 -0.292 -0.601 0.768 0.000 -0.600 0.225 0.727 0.000 -0.329 -0.603 0.796 -0.000 -0.540 0.271 
0.991 -0.134 0.003 0.009 0.942 -0.000 -0.274 -0.195 0.954 0.000 0.165 -0.249 0.971 0.000 -0.205 -0.122 0.919 -0.000 0.196 -0.342 0.744 0.000 -0.293 -0.601 0.768 0.000 -0.600 0.226 0.727 0.000 -0.330 -0.602 0.796 0.000 -0.540 0.272 
0.991 -0.134 0.003 0.009 0.942 0.000 -0.277 -0.188 0.955 0.000 0.165 -0.248 0.971 -0.000 -0.208 -0.116 0.919 0.000 0.196 -0.341 0.744 0.000 -0.293 -0.601 0.768 0.000 -0.600 0.226 0.727 0.000 -0.330 -0.602 0.797 -0.000 -0.540 0.272 
0.991 -0.135 0.003 0.009 0.942 0.000 -0.281 -0.182 0.955 -0.000 0.165 -0.248 0.971 0.000 -0.210 -0.110 0.920 0.000 0.197 -0.340 0.744 0.000 -0.294 -0.600 0.768 -0.000 -0.600 0.227 0.727 -0.000 -0.331 -0.602 0.796 0.000 -0.540 0.272 
0.991 -0.135 0.003 0.009 0.943 0.000 -0.283 -0.175 0.955 0.000 0.166 -0.248 0.972 0.000 -0.212 -0.104 0.920 0.000 0.198 -0.339 0.744 0.000 -0.295 -0.600 0.768 0.000 -0.599 0.227 0.725 -0.000 -0.331 -0.604 0.795 0.000 -0.540 0.277 
0.991 -0.136 0.003 0.009 0.943 0.000 -0.286 -0.168 0.955 -0.000 0.167 -0.246 0.972 0.000 -0.213 -0.098 0.920 -0.000 0.199 -0.337 0.744 0.000 -0.296 -0.599 0.768 0.000 -0.599 0.228 0.725 0.000 -0.332 -0.603 0.795 -0.000 -0.540 0.278 
0.991 -0.137 0.003 0.009 0.944 0.000 -0.289 -0.162 0.955 0.000 0.168 -0.246 0.972 0.000 -0.215 -0.091 0.921 0.000 0.200 -0.334 0.744 0.000 -0.297 -0.599 0.768 0.000 -0.598 0.229 0.727 0.000 -0.334 -0.600 0.796 0.000 -0.539 0.275 
0.990 -0.138 0.003 0.009 0.944 0.000 -0.291 -0.155 0.954 0.000 0.170 -0.246 0.973 0.000 -0.215 -0.085 0.922 -0.000 0.199 -0.333 0.744 0.000 -0.298 -0.598 0.767 0.000 -0.598 0.231 0.727 -0.000 -0.335 -0.600 0.796 0.000 -0.538 0.276 
0.990 -0.139 0.003 0.009 0.944 0.000 -0.293 -0.148 0.954 -0.000 0.172 -0.245 0.973 0.000 -0.216 -0.079 0.923 0.000 0.200 -0.330 0.744 0.000 -0.299 -0.598 0.767 0.000 -0.598 0.233 0.725 0.000 -0.336 -0.602 0.795 0.000 -0.538 0.281 
0.990 -0.140 0.004 0.009 0.945 0.000 -0.295 -0.141 0.954 -0.000 0.174 -0.245 0.974 -0.000 -0.216 -0.072 0.923 0.000 0.200 -0.327 0.744 0.000 -0.300 -0.597 0.767 0.000 -0.597 0.233 0.725 0.000 -0.337 -0.601 0.795 0.000 -0.537 0.282 
0.990 -0.141 0.004 0.009 0.946 0.000 -0.297 -0.134 0.954 0.000 0.176 -0.245 0.974 0.000 -0.215 -0.065 0.924 -0.000 0.200 -0.325 0.744 0.000 -0.301 -0.597 0.767 0.000 -0.597 0.234 0.727 0.000 -0.339 -0.598 0.796 -0.000 -0.536 0.279 
0.990 -0.142 0.004 0.009 0.946 0.000 -0.297 -0.126 0.953 0.000 0.177 -0.245 0.975 0.000 -0.215 -0.059 0.925 0.000 0.201 -0.322 0.744 -0.000 -0.302 -0.596 0.767 -0.000 -0.596 0.236 0.727 0.000 -0.340 -0.597 0.796 0.000 -0.536 0.280 
0.990 -0.143 0.004 0.009 0.947 0.000 -0.298 -0.118 0.953 0.000 0.178 -0.246 0.975 0.000 -0.214 -0.052 0.926 0.000 0.202 -0.318 0.744 0.000 -0.303 -0.595 0.767 0.000 -0.596 0.237 0.727 0.000 -0.341 -0.596 0.796 0.000 -0.535 0.282 
0.990 -0.144 0.004 0.009 0.948 0.000 -0.298 -0.111 0.952 0.000 0.181 -0.246 0.976 0.000 -0.213 -0.046 0.927 0.000 0.203 -0.315 0.744 -0.000 -0.305 -0.595 0.767 0.000 -0.595 0.238 0.727 -0.000 -0.342 -0.596 0.796 0.000 -0.535 0.282 
0.989 -0.145 0.004 0.009 0.949 0.000 -0.298 -0.104 0.952 0.000 0.182 -0.246 0.976 0.000 -0.212 -0.040 0.928 0.000 0.205 -0.311 0.744 0.000 -0.306 -0.594 0.767 0.000 -0.595 0.239 0.727 0.000 -0.344 -0.595 0.796 0.000 -0.534 0.284 
0.989 -0.146 0.004 0.009 0.950 0.000 -0.298 -0.097 0.951 0.000 0.184 -0.247 0.977 0.000 -0.211 -0.034 0.929 -0.000 0.206 -0.307 0.744 0.000 -0.307 -0.593 0.768 0.000 -0.594 0.240 0.727 0.000 -0.345 -0.594 0.796 0.000 -0.534 0.285 
0.989 -0.147 0.004 0.009 0.951 0.000 -0.297 -0.089 0.951 0.000 0.186 -0.247 0.977 0.000 -0.209 -0.027 0.930 0.000 0.209 -0.303 0.744 0.000 -0.308 -0.593 0.767 0.000 -0.594 0.241 0.727 0.000 -0.346 -0.593 0.796 0.000 -0.533 0.286 
0.989 -0.148 0.004 0.009 0.952 0.000 -0.296 -0.082 0.951 0.000 0.188 -0.247 0.978 0.000 -0.208 -0.021 0.931 0.000 0.210 -0.300 0.744 -0.000 -0.310 -0.592 0.767 0.000 -0.593 0.243 0.727 0.000 -0.348 -0.592 0.796 0.000 -0.532 0.287 
0.989 -0.149 0.004 0.009 0.953 0.000 -0.295 -0.075 0.950 0.000 0.190 -0.248 0.978 0.000 -0.206 -0.015 0.931 0.000 0.212 -0.297 0.744 -0.000 -0.311 -0.591 0.767 0.000 -0.593 0.245 0.727 0.000 -0.349 -0.591 0.796 -0.000 -0.531 0.289 
0.989 -0.150 0.004 0.008 0.953 0.000 -0.294 -0.069 0.950 0.000 0.192 -0.248 0.979 0.000 -0.205 -0.009 0.931 0.000 0.215 -0.294 0.744 0.000 -0.313 -0.591 0.767 0.000 -0.592 0.245 0.727 0.000 -0.350 -0.590 0.796 0.000 -0.531 0.290 
0.988 -0.152 0.004 0.009 0.954 0.000 -0.292 -0.062 0.949 0.000 0.194 -0.248 0.979 0.000 -0.203 -0.003 0.932 0.000 0.218 -0.290 0.744 0.000 -0.314 -0.590 0.767 0.000 -0.592 0.247 0.727 0.000 -0.352 -0.590 0.796 -0.000 -0.530 0.291 
0.988 -0.153 0.004 0.008 0.955 0.000 -0.290 -0.056 0.949 0.000 0.197 -0.247 0.980 -0.000 -0.201 0.003 0.932 0.000 0.220 -0.287 0.744 0.000 -0.315 -0.589 0.767 0.000 -0.591 0.249 0.727 0.000 -0.353 -0.589 0.796 -0.000 -0.529 0.292 
0.988 -0.154 0.004 0.008 0.956 0.000 -0.288 -0.050 0.949 -0.000 0.200 -0.246 0.980 0.000 -0.199 0.009 0.932 0.000 0.223 -0.285 0.744 0.000 -0.317 -0.589 0.767 0.000 -0.591 0.250 0.727 0.000 -0.355 -0.588 0.796 0.000 -0.529 0.294 
0.988 -0.155 0.004 0.008 0.957 0.000 -0.286 -0.044 0.948 0.000 0.202 -0.245 0.980 -0.000 -0.196 0.014 0.933 0.000 0.226 -0.281 0.744 0.000 -0.318 -0.588 0.767 0.000 -0.590 0.251 0.727 0.000 -0.356 -0.587 0.796 0.000 -0.528 0.295 
0.988 -0.156 0.004 0.008 0.958 -0.000 -0.283 -0.039 0.948 0.000 0.205 -0.245 0.981 0.000 -0.194 0.020 0.933 0.000 0.230 -0.279 0.744 0.000 -0.320 -0.587 0.767 0.000 -0.589 0.253 0.727 0.000 -0.358 -0.586 0.796 -0.000 -0.527 0.297 
0.987 -0.157 0.004 0.008 0.959 0.000 -0.281 -0.034 0.947 0.000 0.208 -0.244 0.981 0.000 -0.191 0.025 0.932 0.000 0.233 -0.276 0.744 0.000 -0.321 -0.586 0.767 -0.000 -0.589 0.254 0.727 0.000 -0.359 -0.586 0.796 0.000 -0.527 0.298 
0.987 -0.159 0.004 0.008 0.960 -0.000 -0.278 -0.028 0.946 0.000 0.212 -0.244 0.982 0.000 -0.188 0.030 0.932 0.000 0.237 -0.273 0.744 0.000 -0.323 -0.585 0.767 -0.000 -0.588 0.255 0.727 0.000 -0.361 -0.584 0.796 0.000 -0.526 0.299 
0.987 -0.160 0.004 0.008 0.961 0.000 -0.276 -0.023 0.945 0.000 0.216 -0.244 0.982 0.000 -0.184 0.036 0.932 0.000 0.239 -0.272 0.744 0.000 -0.324 -0.585 0.767 0.000 -0.588 0.257 0.727 0.000 -0.362 -0.583 0.796 0.000 -0.525 0.300 
0.987 -0.161 0.004 0.008 0.962 0.000 -0.273 -0.018 0.945 0.000 0.219 -0.243 0.983 0.000 -0.181 0.040 0.932 0.000 0.244 -0.269 0.744 0.000 -0.325 -0.584 0.767 0.000 -0.587 0.258 0.728 0.000 -0.363 -0.582 0.796 0.000 -0.525 0.301 
0.987 -0.162 0.004 0.008 0.963 0.000 -0.271 -0.013 0.944 0.000 0.225 -0.242 0.983 0.000 -0.178 0.044 0.932 0.000 0.247 -0.267 0.744 -0.000 -0.327 -0.583 0.767 -0.000 -0.586 0.260 0.728 0.000 -0.365 -0.581 0.796 0.000 -0.524 0.303 
0.987 -0.163 0.005 0.008 0.963 0.000 -0.268 -0.009 0.943 0.000 0.230 -0.241 0.983 0.000 -0.176 0.048 0.931 0.000 0.252 -0.264 0.744 0.000 -0.328 -0.582 0.767 0.000 -0.586 0.261 0.727 0.000 -0.366 -0.581 0.796 0.000 -0.524 0.305 
0.986 -0.164 0.005 0.008 0.964 0.000 -0.265 -0.006 0.942 0.000 0.234 -0.239 0.984 -0.000 -0.172 0.051 0.930 -0.000 0.256 -0.262 0.744 -0.000 -0.329 -0.581 0.767 0.000 -0.585 0.263 0.728 0.000 -0.368 -0.579 0.796 0.000 -0.522 0.305 
0.986 -0.166 0.005 0.008 0.965 0.000 -0.262 -0.003 0.942 0.000 0.239 -0.237 0.984 0.000 -0.169 0.054 0.930 0.000 0.260 -0.259 0.744 -0.000 -0.331 -0.580 0.767 -0.000 -0.585 0.265 0.728 0.000 -0.369 -0.578 0.797 -0.000 -0.521 0.306 
0.986 -0.167 0.005 0.008 0.966 0.000 -0.259 -0.001 0.941 0.000 0.246 -0.234 0.985 0.000 -0.166 0.057 0.930 0.000 0.264 -0.257 0.744 0.000 -0.332 -0.580 0.767 0.000 -0.584 0.265 0.728 0.000 -0.371 -0.577 0.797 0.000 -0.521 0.307 
0.986 -0.168 0.005 0.008 0.967 -0.000 -0.256 0.002 0.940 0.000 0.250 -0.232 0.985 0.000 -0.162 0.059 0.929 -0.000 0.268 -0.255 0.744 0.000 -0.334 -0.579 0.767 0.000 -0.583 0.268 0.728 0.000 -0.372 -0.576 0.797 0.000 -0.520 0.308 
0.986 -0.169 0.005 0.008 0.968 0.000 -0.253 0.004 0.939 -0.000 0.254 -0.230 0.986 -0.000 -0.158 0.061 0.929 -0.000 0.272 -0.252 0.744 0.000 -0.335 -0.578 0.767 0.000 -0.583 0.268 0.728 0.000 -0.373 -0.575 0.797 0.000 -0.519 0.310 
0.985 -0.170 0.005 0.007 0.969 0.000 -0.249 0.005 0.939 0.000 0.259 -0.227 0.986 0.000 -0.154 0.062 0.928 0.000 0.276 -0.249 0.744 0.000 -0.336 -0.578 0.767 0.000 -0.582 0.270 0.728 0.000 -0.374 -0.575 0.796 -0.000 -0.519 0.312 
0.985 -0.171 0.005 0.007 0.969 0.000 -0.245 0.006 0.938 0.000 0.263 -0.225 0.987 0.000 -0.150 0.062 0.928 -0.000 0.279 -0.246 0.744 0.000 -0.337 -0.577 0.767 0.000 -0.582 0.272 0.728 0.000 -0.376 -0.573 0.797 -0.000 -0.518 0.312 
0.985 -0.172 0.005 0.007 0.970 0.000 -0.241 0.006 0.938 0.000 0.267 -0.223 0.987 0.000 -0.146 0.063 0.928 0.000 0.282 -0.245 0.744 -0.000 -0.339 -0.576 0.767 0.000 -0.581 0.273 0.728 0.000 -0.377 -0.572 0.797 0.000 -0.517 0.313 
0.985 -0.173 0.005 0.007 0.972 -0.000 -0.237 0.006 0.937 0.000 0.270 -0.220 0.988 0.000 -0.142 0.062 0.928 0.000 0.285 -0.241 0.744 0.000 -0.340 -0.576 0.767 0.000 -0.580 0.274 0.728 0.000 -0.379 -0.571 0.797 0.000 -0.517 0.314 
0.985 -0.174 0.005 0.007 0.973 0.000 -0.232 0.006 0.937 0.000 0.273 -0.219 0.989 0.000 -0.138 0.061 0.927 0.000 0.288 -0.239 0.744 -0.000 -0.341 -0.575 0.767 0.000 -0.580 0.275 0.728 0.000 -0.380 -0.571 0.797 0.000 -0.516 0.314 
0.984 -0.176 0.005 0.007 0.974 0.000 -0.228 0.005 0.937 0.000 0.276 -0.216 0.989 0.000 -0.133 0.060 0.927 0.000 0.291 -0.237 0.744 -0.000 -0.342 -0.574 0.767 -0.000 -0.579 0.277 0.728 0.000 -0.381 -0.570 0.797 0.000 -0.515 0.316 
0.984 -0.177 0.006 0.007 0.975 0.000 -0.224 0.004 0.936 -0.000 0.279 -0.213 0.990 0.000 -0.130 0.058 0.927 0.000 0.295 -0.234 0.744 0.000 -0.343 -0.573 0.767 0.000 -0.579 0.278 0.728 0.000 -0.383 -0.569 0.797 0.000 -0.514 0.317 
0.984 -0.177 0.006 0.007 0.975 0.000 -0.220 0.003 0.936 0.000 0.283 -0.212 0.990 0.000 -0.126 0.056 0.926 -0.000 0.298 -0.231 0.744 -0.000 -0.344 -0.573 0.767 -0.000 -0.578 0.279 0.728 0.000 -0.384 -0.568 0.797 -0.000 -0.514 0.318 
0.984 -0.178 0.006 0.007 0.976 0.000 -0.216 0.001 0.935 -0.000 0.286 -0.210 0.991 -0.000 -0.121 0.055 0.925 0.000 0.301 -0.230 0.744 0.000 -0.345 -0.572 0.766 -0.000 -0.578 0.281 0.728 0.000 -0.385 -0.567 0.797 0.000 -0.513 0.318 
0.984 -0.179 0.006 0.007 0.977 0.000 -0.212 -0.001 0.934 0.000 0.289 -0.209 0.992 0.000 -0.118 0.052 0.925 0.000 0.305 -0.228 0.744 0.000 -0.346 -0.572 0.766 0.000 -0.577 0.282 0.728 0.000 -0.386 -0.567 0.797 0.000 -0.513 0.319 
0.984 -0.180 0.006 0.007 0.978 0.000 -0.208 -0.004 0.934 0.000 0.292 -0.207 0.992 0.000 -0.114 0.049 0.924 0.000 0.309 -0.225 0.744 -0.000 -0.347 -0.571 0.767 0.000 -0.577 0.282 0.728 0.000 -0.386 -0.566 0.797 0.000 -0.513 0.319 
0.984 -0.180 0.006 0.007 0.979 0.000 -0.204 -0.007 0.933 0.000 0.295 -0.206 0.993 0.000 -0.111 0.046 0.923 0.000 0.314 -0.223 0.744 0.000 -0.347 -0.571 0.766 0.000 -0.577 0.283 0.728 0.000 -0.387 -0.566 0.797 0.000 -0.512 0.320 
0.984 -0.181 0.006 0.007 0.980 -0.000 -0.201 -0.010 0.932 0.000 0.298 -0.206 0.993 0.000 -0.107 0.043 0.922 0.000 0.317 -0.221 0.744 0.000 -0.348 -0.571 0.766 0.000 -0.576 0.284 0.728 0.000 -0.387 -0.565 0.797 -0.000 -0.512 0.320 
0.983 -0.181 0.006 0.007 0.980 0.000 -0.196 -0.013 0.932 0.000 0.300 -0.206 0.994 -0.000 -0.104 0.038 0.922 -0.000 0.320 -0.218 0.744 0.000 -0.348 -0.571 0.766 -0.000 -0.576 0.284 0.728 -0.000 -0.388 -0.565 0.797 0.000 -0.512 0.320 
0.983 -0.181 0.006 0.007 0.981 0.000 -0.192 -0.016 0.931 0.000 0.302 -0.206 0.994 0.000 -0.099 0.035 0.921 0.000 0.323 -0.217 0.744 -0.000 -0.348 -0.570 0.766 0.000 -0.576 0.285 0.728 0.000 -0.388 -0.565 0.797 0.000 -0.511 0.321 
0.983 -0.181 0.006 0.007 0.982 0.000 -0.189 -0.020 0.930 0.000 0.304 -0.206 0.995 0.000 -0.096 0.031 0.920 0.000 0.326 -0.217 0.744 0.000 -0.349 -0.570 0.767 -0.000 -0.576 0.284 0.728 0.000 -0.388 -0.565 0.797 -0.000 -0.511 0.321 
0.983 -0.182 0.006 0.007 0.983 0.000 -0.184 -0.024 0.930 0.000 0.306 -0.206 0.995 0.000 -0.093 0.026 0.920 0.000 0.329 -0.215 0.743 0.000 -0.349 -0.570 0.767 0.000 -0.575 0.285 0.728 0.000 -0.389 -0.564 0.797 -0.000 -0.511 0.321 
0.983 -0.182 0.006 0.007 0.983 0.000 -0.180 -0.027 0.929 0.000 0.306 -0.207 0.996 -0.000 -0.088 0.021 0.919 0.000 0.330 -0.216 0.744 -0.000 -0.350 -0.570 0.767 0.000 -0.575 0.285 0.728 0.000 -0.389 -0.564 0.797 0.000 -0.511 0.321 
0.983 -0.182 0.006 0.007 0.984 -0.000 -0.175 -0.031 0.929 -0.000 0.306 -0.207 0.996 0.000 -0.085 0.016 0.918 0.000 0.332 -0.215 0.744 0.000 -0.350 -0.570 0.767 0.000 -0.575 0.285 0.728 -0.000 -0.389 -0.564 0.797 0.000 -0.511 0.321 
0.983 -0.182 0.006 0.007 0.985 0.000 -0.171 -0.036 0.929 0.000 0.307 -0.208 0.997 0.000 -0.080 0.012 0.918 0.000 0.333 -0.216 0.744 0.000 -0.349 -0.570 0.767 -0.000 -0.575 0.285 0.729 0.000 -0.389 -0.564 0.797 0.000 -0.511 0.321 
0.983 -0.182 0.006 0.007 0.985 0.000 -0.167 -0.041 0.929 0.000 0.307 -0.208 0.997 0.000 -0.077 0.006 0.917 0.000 0.336 -0.216 0.743 -0.000 -0.349 -0.570 0.767 0.000 -0.575 0.284 0.729 0.000 -0.389 -0.564 0.797 -0.000 -0.511 0.321 
0.983 -0.182 0.006 0.007 0.986 0.000 -0.162 -0.045 0.929 0.000 0.306 -0.209 0.997 0.000 -0.074 0.001 0.916 0.000 0.337 -0.217 0.743 0.000 -0.349 -0.570 0.767 0.000 -0.576 0.285 0.729 0.000 -0.389 -0.564 0.797 -0.000 -0.511 0.321 
0.983 -0.181 0.006 0.007 0.986 0.000 -0.158 -0.051 0.929 0.000 0.307 -0.209 0.997 0.000 -0.071 -0.004 0.915 0.000 0.339 -0.219 0.743 0.000 -0.349 -0.570 0.767 -0.000 -0.576 0.285 0.729 0.000 -0.389 -0.564 0.797 0.000 -0.511 0.321 
0.983 -0.181 0.006 0.007 0.987 -0.000 -0.153 -0.056 0.928 0.000 0.307 -0.209 0.998 0.000 -0.068 -0.010 0.914 0.000 0.340 -0.219 0.744 0.000 -0.349 -0.570 0.767 -0.000 -0.576 0.284 0.729 0.000 -0.388 -0.564 0.797 0.000 -0.511 0.321 
0.983 -0.181 0.006 0.007 0.987 0.000 -0.149 -0.061 0.928 -0.000 0.307 -0.210 0.998 0.000 -0.065 -0.015 0.914 0.000 0.341 -0.221 0.744 0.000 -0.348 -0.571 0.767 0.000 -0.576 0.284 0.729 0.000 -0.388 -0.564 0.797 0.000 -0.511 0.321 
0.984 -0.180 0.006 0.007 0.987 0.000 -0.146 -0.067 0.928 0.000 0.306 -0.210 0.998 0.000 -0.062 -0.021 0.913 0.000 0.342 -0.223 0.744 -0.000 -0.348 -0.571 0.767 0.000 -0.576 0.283 0.728 0.000 -0.387 -0.565 0.797 0.000 -0.512 0.320 
0.984 -0.180 0.006 0.007 0.987 -0.000 -0.142 -0.072 0.929 0.000 0.306 -0.211 0.998 -0.000 -0.059 -0.027 0.912 -0.000 0.343 -0.225 0.743 0.000 -0.348 -0.571 0.767 0.000 -0.576 0.282 0.728 0.000 -0.387 -0.565 0.797 0.000 -0.512 0.320 
0.984 -0.180 0.006 0.007 0.987 0.000 -0.138 -0.078 0.929 0.000 0.305 -0.212 0.998 0.000 -0.057 -0.032 0.911 0.000 0.344 -0.227 0.744 0.000 -0.347 -0.572 0.767 0.000 -0.577 0.282 0.728 0.000 -0.386 -0.566 0.797 0.000 -0.512 0.320 
0.984 -0.179 0.006 0.007 0.987 0.000 -0.135 -0.084 0.929 -0.000 0.305 -0.211 0.998 0.000 -0.056 -0.039 0.910 0.000 0.347 -0.228 0.743 0.000 -0.347 -0.572 0.767 0.000 -0.577 0.282 0.728 0.000 -0.386 -0.566 0.797 0.000 -0.513 0.319 
0.984 -0.178 0.006 0.007 0.987 -0.000 -0.131 -0.090 0.929 0.000 0.304 -0.212 0.997 0.000 -0.054 -0.045 0.909 0.000 0.347 -0.231 0.744 0.000 -0.346 -0.572 0.767 0.000 -0.577 0.281 0.728 0.000 -0.385 -0.567 0.797 0.000 -0.513 0.319 
0.984 -0.178 0.006 0.007 0.987 0.000 -0.128 -0.096 0.929 0.000 0.303 -0.212 0.997 0.000 -0.052 -0.050 0.908 0.000 0.346 -0.235 0.744 0.000 -0.345 -0.572 0.767 0.000 -0.578 0.280 0.728 0.000 -0.384 -0.567 0.797 0.000 -0.513 0.318 
0.984 -0.177 0.006 0.007 0.987 0.000 -0.124 -0.102 0.929 0.000 0.302 -0.213 0.997 0.000 -0.049 -0.055 0.908 0.000 0.344 -0.238 0.743 -0.000 -0.344 -0.573 0.767 0.000 -0.578 0.278 0.728 0.000 -0.383 -0.568 0.797 0.000 -0.514 0.317 
0.984 -0.176 0.005 0.007 0.987 0.000 -0.121 -0.108 0.930 0.000 0.300 -0.213 0.997 0.000 -0.047 -0.061 0.907 0.000 0.344 -0.243 0.743 0.000 -0.344 -0.574 0.767 0.000 -0.579 0.278 0.728 -0.000 -0.382 -0.569 0.797 0.000 -0.514 0.317 
0.984 -0.175 0.006 0.007 0.986 0.000 -0.119 -0.115 0.930 0.000 0.299 -0.214 0.997 -0.000 -0.045 -0.067 0.907 0.000 0.342 -0.247 0.744 -0.000 -0.342 -0.574 0.767 -0.000 -0.579 0.277 0.728 0.000 -0.381 -0.570 0.797 -0.000 -0.515 0.316 
0.985 -0.175 0.005 0.007 0.986 0.000 -0.116 -0.121 0.930 0.000 0.298 -0.214 0.996 -0.000 -0.043 -0.072 0.906 0.000 0.340 -0.251 0.743 0.000 -0.342 -0.575 0.767 0.000 -0.579 0.275 0.728 0.000 -0.380 -0.570 0.797 0.000 -0.515 0.316 
0.985 -0.174 0.005 0.007 0.985 0.000 -0.114 -0.127 0.931 0.000 0.296 -0.215 0.996 0.000 -0.041 -0.078 0.906 -0.000 0.337 -0.256 0.744 0.000 -0.341 -0.575 0.767 -0.000 -0.580 0.274 0.728 0.000 -0.379 -0.571 0.797 0.000 -0.516 0.315 
0.985 -0.173 0.005 0.007 0.985 0.000 -0.112 -0.134 0.931 0.000 0.294 -0.216 0.996 0.000 -0.040 -0.084 0.906 0.000 0.335 -0.260 0.743 -0.000 -0.340 -0.576 0.767 0.000 -0.580 0.274 0.728 0.000 -0.378 -0.572 0.797 0.000 -0.517 0.314 
0.985 -0.172 0.005 0.007 0.984 0.000 -0.110 -0.140 0.931 0.000 0.293 -0.218 0.995 -0.000 -0.039 -0.090 0.905 0.000 0.333 -0.264 0.744 0.000 -0.339 -0.576 0.767 0.000 -0.581 0.272 0.728 0.000 -0.377 -0.572 0.797 0.000 -0.517 0.313 
0.985 -0.171 0.005 0.007 0.983 0.000 -0.109 -0.145 0.931 0.000 0.291 -0.221 0.995 0.000 -0.038 -0.095 0.905 -0.000 0.330 -0.269 0.744 0.000 -0.338 -0.577 0.767 0.000 -0.581 0.272 0.728 0.000 -0.376 -0.573 0.797 0.000 -0.518 0.312 
0.985 -0.170 0.005 0.007 0.983 0.000 -0.108 -0.151 0.931 0.000 0.289 -0.223 0.994 -0.000 -0.037 -0.100 0.905 -0.000 0.327 -0.274 0.744 -0.000 -0.337 -0.578 0.767 0.000 -0.582 0.271 0.728 0.000 -0.375 -0.574 0.797 0.000 -0.518 0.311 
0.986 -0.169 0.005 0.007 0.982 0.000 -0.108 -0.157 0.931 0.000 0.288 -0.224 0.994 0.000 -0.037 -0.106 0.904 0.000 0.324 -0.278 0.744 0.000 -0.336 -0.578 0.767 0.000 -0.582 0.269 0.728 0.000 -0.374 -0.574 0.797 0.000 -0.519 0.310 
0.986 -0.168 0.005 0.007 0.981 -0.000 -0.108 -0.162 0.931 0.000 0.287 -0.226 0.993 -0.000 -0.036 -0.111 0.904 0.000 0.321 -0.283 0.744 0.000 -0.335 -0.579 0.767 0.000 -0.582 0.268 0.728 0.000 -0.373 -0.575 0.797 -0.000 -0.519 0.309 
0.986 -0.167 0.005 0.007 0.980 0.000 -0.108 -0.167 0.931 -0.000 0.286 -0.229 0.992 0.000 -0.037 -0.117 0.903 0.000 0.318 -0.288 0.744 0.000 -0.334 -0.579 0.767 0.000 -0.583 0.267 0.728 0.000 -0.372 -0.576 0.797 0.000 -0.520 0.308 
0.986 -0.167 0.005 0.007 0.979 0.000 -0.109 -0.173 0.930 0.000 0.285 -0.231 0.992 0.000 -0.037 -0.122 0.903 0.000 0.315 -0.292 0.744 0.000 -0.333 -0.580 0.767 0.000 -0.584 0.266 0.728 0.000 -0.370 -0.577 0.796 0.000 -0.522 0.308 
0.986 -0.165 0.005 0.007 0.978 -0.000 -0.110 -0.178 0.930 0.000 0.284 -0.233 0.991 0.000 -0.038 -0.127 0.902 0.000 0.312 -0.297 0.744 0.000 -0.331 -0.581 0.767 0.000 -0.584 0.264 0.728 0.000 -0.369 -0.577 0.797 0.000 -0.521 0.306 
0.986 -0.164 0.005 0.007 0.977 0.000 -0.111 -0.183 0.930 0.000 0.282 -0.237 0.990 -0.000 -0.040 -0.132 0.902 0.000 0.310 -0.300 0.743 0.000 -0.330 -0.582 0.767 0.000 -0.584 0.264 0.728 -0.000 -0.368 -0.578 0.797 -0.000 -0.522 0.305 
0.987 -0.163 0.005 0.007 0.976 0.000 -0.113 -0.188 0.929 0.000 0.281 -0.239 0.990 -0.000 -0.042 -0.138 0.902 0.000 0.307 -0.304 0.744 -0.000 -0.329 -0.582 0.767 0.000 -0.585 0.262 0.728 0.000 -0.367 -0.579 0.797 -0.000 -0.523 0.304 
0.987 -0.162 0.005 0.007 0.974 0.000 -0.114 -0.193 0.929 0.000 0.279 -0.242 0.989 0.000 -0.043 -0.142 0.901 0.000 0.304 -0.308 0.744 0.000 -0.327 -0.583 0.767 0.000 -0.586 0.261 0.728 0.000 -0.365 -0.580 0.797 -0.000 -0.523 0.302 
0.987 -0.161 0.005 0.008 0.973 0.000 -0.116 -0.198 0.929 0.000 0.277 -0.245 0.988 0.000 -0.046 -0.146 0.901 0.000 0.302 -0.312 0.744 0.000 -0.326 -0.584 0.767 -0.000 -0.586 0.259 0.728 0.000 -0.364 -0.581 0.797 0.000 -0.524 0.301 
0.987 -0.160 0.005 0.007 0.972 0.000 -0.119 -0.203 0.929 0.000 0.275 -0.248 0.987 0.000 -0.048 -0.150 0.901 0.000 0.299 -0.315 0.743 0.000 -0.325 -0.585 0.767 0.000 -0.587 0.258 0.728 0.000 -0.363 -0.581 0.797 0.000 -0.525 0.300 
0.987 -0.159 0.005 0.008 0.971 -0.000 -0.122 -0.208 0.929 0.000 0.273 -0.250 0.987 0.000 -0.050 -0.155 0.901 0.000 0.296 -0.318 0.743 0.000 -0.324 -0.585 0.767 -0.000 -0.587 0.258 0.728 -0.000 -0.361 -0.582 0.797 0.000 -0.525 0.299 
0.987 -0.158 0.005 0.007 0.969 0.000 -0.124 -0.213 0.929 0.000 0.271 -0.252 0.986 0.000 -0.053 -0.159 0.901 0.000 0.293 -0.321 0.743 0.000 -0.322 -0.586 0.767 0.000 -0.588 0.256 0.728 -0.000 -0.360 -0.583 0.797 0.000 -0.526 0.297 
0.988 -0.157 0.005 0.008 0.968 0.000 -0.127 -0.216 0.929 0.000 0.267 -0.255 0.985 0.000 -0.056 -0.163 0.901 0.000 0.290 -0.323 0.744 0.000 -0.321 -0.587 0.767 0.000 -0.589 0.254 0.728 0.000 -0.359 -0.584 0.797 -0.000 -0.527 0.296 
0.988 -0.156 0.004 0.007 0.967 0.000 -0.131 -0.221 0.929 0.000 0.265 -0.257 0.984 0.000 -0.059 -0.167 0.901 0.000 0.287 -0.326 0.743 -0.000 -0.319 -0.588 0.767 0.000 -0.589 0.253 0.728 0.000 -0.357 -0.585 0.797 0.000 -0.527 0.295 
0.988 -0.154 0.005 0.008 0.965 0.000 -0.134 -0.225 0.930 0.000 0.262 -0.259 0.983 0.000 -0.063 -0.170 0.901 0.000 0.283 -0.328 0.743 0.000 -0.318 -0.588 0.767 0.000 -0.590 0.251 0.728 0.000 -0.356 -0.587 0.796 -0.000 -0.529 0.295 
0.988 -0.153 0.005 0.007 0.964 -0.000 -0.137 -0.228 0.930 -0.000 0.258 -0.262 0.983 0.000 -0.067 -0.173 0.902 -0.000 0.280 -0.329 0.744 0.000 -0.317 -0.589 0.767 0.000 -0.591 0.250 0.728 0.000 -0.354 -0.587 0.797 -0.000 -0.529 0.293 
0.988 -0.152 0.005 0.007 0.962 0.000 -0.141 -0.232 0.930 0.000 0.256 -0.263 0.982 0.000 -0.071 -0.176 0.901 0.000 0.277 -0.333 0.743 0.000 -0.315 -0.590 0.767 0.000 -0.591 0.248 0.728 0.000 -0.353 -0.588 0.797 0.000 -0.530 0.291 
0.989 -0.151 0.004 0.007 0.961 0.000 -0.146 -0.235 0.931 0.000 0.253 -0.264 0.981 -0.000 -0.075 -0.178 0.902 0.000 0.274 -0.335 0.743 0.000 -0.314 -0.591 0.767 0.000 -0.592 0.246 0.728 0.000 -0.351 -0.588 0.797 0.000 -0.530 0.291 
0.989 -0.150 0.004 0.007 0.960 0.000 -0.150 -0.238 0.931 0.000 0.249 -0.267 0.980 0.000 -0.079 -0.181 0.902 0.000 0.270 -0.336 0.743 0.000 -0.312 -0.591 0.767 -0.000 -0.592 0.245 0.728 -0.000 -0.350 -0.589 0.797 0.000 -0.531 0.289 
0.989 -0.149 0.004 0.007 0.958 -0.000 -0.155 -0.240 0.931 0.000 0.246 -0.270 0.980 -0.000 -0.084 -0.183 0.903 0.000 0.266 -0.338 0.744 0.000 -0.311 -0.592 0.768 0.000 -0.593 0.244 0.728 0.000 -0.349 -0.590 0.796 -0.000 -0.531 0.288 
0.989 -0.148 0.004 0.007 0.957 0.000 -0.160 -0.242 0.931 0.000 0.242 -0.272 0.979 0.000 -0.088 -0.185 0.904 0.000 0.262 -0.339 0.743 0.000 -0.310 -0.593 0.768 0.000 -0.593 0.243 0.728 0.000 -0.347 -0.592 0.796 0.000 -0.533 0.288 
0.989 -0.147 0.004 0.007 0.956 0.000 -0.165 -0.245 0.932 0.000 0.239 -0.273 0.978 0.000 -0.093 -0.187 0.904 -0.000 0.260 -0.339 0.743 -0.000 -0.309 -0.593 0.768 0.000 -0.594 0.241 0.728 -0.000 -0.346 -0.592 0.796 0.000 -0.533 0.286 
0.989 -0.146 0.004 0.007 0.954 0.000 -0.169 -0.246 0.932 0.000 0.235 -0.275 0.977 0.000 -0.097 -0.188 0.905 0.000 0.255 -0.341 0.743 0.000 -0.308 -0.594 0.768 0.000 -0.594 0.240 0.728 -0.000 -0.345 -0.593 0.796 -0.000 -0.533 0.285 
0.989 -0.145 0.004 0.007 0.953 0.000 -0.175 -0.247 0.933 0.000 0.232 -0.276 0.977 0.000 -0.101 -0.189 0.906 0.000 0.250 -0.342 0.743 0.000 -0.306 -0.595 0.768 0.000 -0.595 0.239 0.727 0.000 -0.343 -0.595 0.795 0.000 -0.535 0.285 
0.990 -0.144 0.004 0.007 0.952 0.000 -0.180 -0.249 0.933 0.000 0.229 -0.276 0.976 0.000 -0.106 -0.190 0.907 0.000 0.245 -0.343 0.744 0.000 -0.305 -0.595 0.768 0.000 -0.595 0.237 0.727 0.000 -0.342 -0.595 0.796 -0.000 -0.534 0.283 
0.990 -0.143 0.004 0.007 0.950 0.000 -0.185 -0.250 0.934 -0.000 0.225 -0.277 0.975 0.000 -0.110 -0.191 0.908 -0.000 0.240 -0.343 0.744 0.000 -0.304 -0.595 0.768 0.000 -0.596 0.236 0.727 0.000 -0.341 -0.596 0.796 0.000 -0.535 0.282 
0.990 -0.142 0.004 0.007 0.949 0.000 -0.190 -0.250 0.935 0.000 0.222 -0.278 0.975 -0.000 -0.114 -0.191 0.909 0.000 0.235 -0.344 0.744 0.000 -0.302 -0.596 0.768 0.000 -0.596 0.234 0.727 0.000 -0.340 -0.596 0.796 0.000 -0.536 0.281 
0.990 -0.141 0.004 0.008 0.948 -0.000 -0.196 -0.251 0.935 0.000 0.219 -0.278 0.974 0.000 -0.118 -0.191 0.911 0.000 0.229 -0.344 0.743 0.000 -0.302 -0.597 0.768 -0.000 -0.597 0.233 0.727 0.000 -0.339 -0.597 0.796 -0.000 -0.536 0.281 
0.990 -0.140 0.004 0.008 0.947 0.000 -0.201 -0.250 0.936 0.000 0.215 -0.278 0.974 0.000 -0.123 -0.191 0.912 -0.000 0.225 -0.344 0.744 0.000 -0.300 -0.597 0.768 -0.000 -0.597 0.232 0.727 0.000 -0.337 -0.598 0.796 0.000 -0.537 0.279 
0.990 -0.139 0.004 0.008 0.946 0.000 -0.206 -0.250 0.937 0.000 0.212 -0.279 0.973 0.000 -0.128 -0.191 0.913 0.000 0.220 -0.344 0.744 0.000 -0.299 -0.598 0.768 -0.000 -0.598 0.231 0.727 0.000 -0.336 -0.599 0.796 0.000 -0.537 0.279 
0.990 -0.138 0.004 0.008 0.945 0.000 -0.211 -0.249 0.938 0.000 0.208 -0.278 0.973 -0.000 -0.132 -0.189 0.913 0.000 0.216 -0.346 0.744 -0.000 -0.298 -0.598 0.768 0.000 -0.598 0.230 0.726 0.000 -0.335 -0.600 0.795 0.000 -0.539 0.278 
0.991 -0.137 0.004 0.008 0.944 0.000 -0.216 -0.247 0.938 0.000 0.205 -0.279 0.973 0.000 -0.136 -0.188 0.915 0.000 0.211 -0.344 0.744 0.000 -0.297 -0.599 0.768 0.000 -0.598 0.228 0.726 -0.000 -0.334 -0.601 0.795 0.000 -0.539 0.277 
0.991 -0.136 0.004 0.008 0.944 0.000 -0.221 -0.246 0.939 -0.000 0.202 -0.279 0.972 -0.000 -0.141 -0.187 0.916 0.000 0.208 -0.344 0.744 0.000 -0.296 -0.599 0.768 0.000 -0.599 0.228 0.726 0.000 -0.333 -0.601 0.795 -0.000 -0.539 0.277 
0.991 -0.135 0.004 0.008 0.943 0.000 -0.226 -0.244 0.939 -0.000 0.200 -0.280 0.972 0.000 -0.145 -0.185 0.917 0.000 0.204 -0.343 0.744 0.000 -0.295 -0.600 0.768 -0.000 -0.599 0.227 0.726 0.000 -0.332 -0.602 0.795 -0.000 -0.540 0.276 
0.991 -0.135 0.004 0.008 0.943 0.000 -0.231 -0.241 0.940 0.000 0.197 -0.279 0.972 -0.000 -0.149 -0.183 0.918 0.000 0.200 -0.343 0.744 -0.000 -0.294 -0.600 0.768 0.000 -0.599 0.226 0.727 0.000 -0.331 -0.602 0.796 -0.000 -0.539 0.274 
0.991 -0.134 0.004 0.008 0.942 0.000 -0.236 -0.239 0.941 0.000 0.194 -0.278 0.972 0.000 -0.153 -0.180 0.919 0.000 0.197 -0.342 0.744 0.000 -0.293 -0.601 0.768 0.000 -0.600 0.225 0.726 -0.000 -0.330 -0.603 0.796 -0.000 -0.540 0.274 
0.991 -0.133 0.004 0.008 0.942 0.000 -0.240 -0.236 0.942 0.000 0.191 -0.277 0.972 0.000 -0.157 -0.177 0.920 0.000 0.192 -0.341 0.744 -0.000 -0.292 -0.601 0.768 -0.000 -0.600 0.225 0.726 0.000 -0.329 -0.603 0.795 -0.000 -0.541 0.273 
0.991 -0.133 0.004 0.009 0.941 0.000 -0.244 -0.233 0.943 -0.000 0.188 -0.275 0.972 0.000 -0.160 -0.174 0.921 0.000 0.189 -0.340 0.744 0.000 -0.292 -0.601 0.768 0.000 -0.600 0.224 0.727 -0.000 -0.329 -0.603 0.796 0.000 -0.541 0.272 
0.991 -0.132 0.004 0.009 0.941 -0.000 -0.248 -0.229 0.944 0.000 0.184 -0.275 0.972 0.000 -0.164 -0.170 0.923 0.000 0.185 -0.338 0.744 0.000 -0.291 -0.602 0.768 0.000 -0.601 0.224 0.727 0.000 -0.328 -0.603 0.796 0.000 -0.541 0.271 
0.991 -0.132 0.004 0.009 0.941 -0.000 -0.252 -0.226 0.945 0.000 0.182 -0.274 0.972 0.000 -0.167 -0.166 0.924 -0.000 0.182 -0.336 0.744 0.000 -0.291 -0.602 0.768 0.000 -0.601 0.223 0.727 0.000 -0.328 -0.604 0.796 0.000 -0.541 0.270 
0.991 -0.132 0.004 0.009 0.941 -0.000 -0.256 -0.221 0.945 0.000 0.179 -0.272 0.972 0.000 -0.171 -0.163 0.926 -0.000 0.179 -0.333 0.744 0.000 -0.290 -0.602 0.768 0.000 -0.601 0.223 0.725 0.000 -0.327 -0.607 0.795 0.000 -0.542 0.274 
0.991 -0.132 0.004 0.009 0.941 -0.000 -0.260 -0.217 0.946 0.000 0.177 -0.270 0.972 0.000 -0.173 -0.159 0.927 0.000 0.176 -0.331 0.744 -0.000 -0.290 -0.602 0.768 0.000 -0.601 0.223 0.727 0.000 -0.327 -0.604 0.796 0.000 -0.541 0.270 
0.991 -0.132 0.004 0.009 0.941 0.000 -0.263 -0.212 0.947 -0.000 0.175 -0.269 0.972 -0.000 -0.176 -0.154 0.928 -0.000 0.172 -0.330 0.744 -0.000 -0.290 -0.602 0.767 0.000 -0.601 0.223 0.725 0.000 -0.327 -0.607 0.795 0.000 -0.542 0.273 
0.991 -0.132 0.004 0.009 0.941 0.000 -0.266 -0.208 0.948 0.000 0.172 -0.267 0.973 0.000 -0.179 -0.149 0.929 -0.000 0.170 -0.327 0.744 0.000 -0.290 -0.603 0.767 -0.000 -0.601 0.223 0.727 0.000 -0.327 -0.604 0.796 0.000 -0.542 0.269 
0.991 -0.132 0.004 0.009 0.942 -0.000 -0.269 -0.202 0.949 -0.000 0.170 -0.265 0.973 0.000 -0.182 -0.144 0.931 0.000 0.169 -0.324 0.744 0.000 -0.290 -0.602 0.767 -0.000 -0.601 0.223 0.727 0.000 -0.328 -0.604 0.797 -0.000 -0.541 0.270 
0.991 -0.132 0.004 0.009 0.942 -0.000 -0.272 -0.197 0.950 0.000 0.169 -0.263 0.973 -0.000 -0.184 -0.139 0.932 0.000 0.167 -0.322 0.744 0.000 -0.290 -0.602 0.767 -0.000 -0.601 0.224 0.725 0.000 -0.327 -0.606 0.795 0.000 -0.542 0.273 
0.991 -0.132 0.004 0.009 0.942 0.000 -0.275 -0.192 0.951 0.000 0.167 -0.260 0.973 0.000 -0.187 -0.133 0.933 0.000 0.167 -0.320 0.744 -0.000 -0.290 -0.602 0.767 0.000 -0.601 0.224 0.727 -0.000 -0.328 -0.603 0.796 0.000 -0.541 0.270 
0.991 -0.132 0.004 0.009 0.943 0.000 -0.277 -0.185 0.952 0.000 0.166 -0.258 0.974 -0.000 -0.190 -0.128 0.934 0.000 0.167 -0.317 0.744 0.000 -0.291 -0.602 0.767 0.000 -0.601 0.225 0.727 0.000 -0.328 -0.603 0.796 0.000 -0.541 0.270 
0.991 -0.133 0.004 0.009 0.943 0.000 -0.279 -0.180 0.953 -0.000 0.166 -0.255 0.974 0.000 -0.192 -0.121 0.935 -0.000 0.167 -0.314 0.743 0.000 -0.291 -0.602 0.767 0.000 -0.601 0.225 0.727 0.000 -0.329 -0.603 0.797 -0.000 -0.541 0.270 
0.991 -0.133 0.004 0.009 0.944 0.000 -0.281 -0.173 0.953 -0.000 0.163 -0.253 0.974 0.000 -0.194 -0.115 0.936 0.000 0.167 -0.311 0.743 0.000 -0.292 -0.602 0.767 0.000 -0.600 0.226 0.727 0.000 -0.329 -0.603 0.797 0.000 -0.541 0.271 
0.991 -0.134 0.004 0.009 0.944 0.000 -0.283 -0.168 0.955 0.000 0.163 -0.249 0.974 0.000 -0.196 -0.109 0.937 0.000 0.167 -0.308 0.744 0.000 -0.293 -0.601 0.767 0.000 -0.600 0.227 0.725 0.000 -0.329 -0.605 0.795 -0.000 -0.541 0.275 
0.991 -0.135 0.004 0.009 0.945 0.000 -0.284 -0.162 0.956 0.000 0.163 -0.246 0.975 -0.000 -0.198 -0.102 0.938 -0.000 0.168 -0.304 0.744 0.000 -0.293 -0.601 0.767 -0.000 -0.600 0.227 0.727 0.000 -0.331 -0.602 0.796 0.000 -0.540 0.272 
0.991 -0.135 0.004 0.009 0.946 0.000 -0.286 -0.155 0.956 0.000 0.163 -0.243 0.975 0.000 -0.200 -0.095 0.939 -0.000 0.169 -0.301 0.743 0.000 -0.295 -0.601 0.767 -0.000 -0.599 0.228 0.727 0.000 -0.332 -0.601 0.796 -0.000 -0.540 0.273 
0.991 -0.136 0.004 0.009 0.946 0.000 -0.287 -0.148 0.957 0.000 0.164 -0.240 0.975 0.000 -0.202 -0.089 0.939 0.000 0.171 -0.297 0.743 0.000 -0.295 -0.600 0.767 -0.000 -0.599 0.229 0.725 0.000 -0.332 -0.603 0.795 0.000 -0.540 0.278 
0.991 -0.137 0.004 0.009 0.947 0.000 -0.288 -0.141 0.957 0.000 0.164 -0.238 0.976 -0.000 -0.203 -0.082 0.940 0.000 0.172 -0.294 0.743 -0.000 -0.296 -0.599 0.767 0.000 -0.599 0.230 0.727 0.000 -0.334 -0.600 0.796 0.000 -0.539 0.275 
0.990 -0.138 0.004 0.009 0.948 0.000 -0.290 -0.134 0.958 0.000 0.165 -0.237 0.976 0.000 -0.204 -0.075 0.941 0.000 0.174 -0.291 0.744 0.000 -0.298 -0.599 0.767 -0.000 -0.598 0.231 0.727 0.000 -0.335 -0.600 0.796 0.000 -0.538 0.276 
0.990 -0.139 0.004 0.009 0.949 -0.000 -0.290 -0.127 0.958 0.000 0.165 -0.234 0.976 -0.000 -0.205 -0.067 0.941 -0.000 0.175 -0.289 0.744 0.000 -0.299 -0.598 0.767 0.000 -0.598 0.232 0.725 -0.000 -0.336 -0.602 0.795 0.000 -0.538 0.281 
0.990 -0.140 0.004 0.009 0.949 0.000 -0.291 -0.120 0.958 0.000 0.167 -0.231 0.977 0.000 -0.206 -0.060 0.941 0.000 0.177 -0.287 0.744 -0.000 -0.300 -0.597 0.767 -0.000 -0.597 0.233 0.727 0.000 -0.338 -0.598 0.796 0.000 -0.537 0.278 
0.990 -0.141 0.004 0.009 0.950 0.000 -0.291 -0.112 0.958 0.000 0.168 -0.231 0.977 0.000 -0.206 -0.052 0.941 0.000 0.180 -0.285 0.744 -0.000 -0.301 -0.597 0.767 -0.000 -0.597 0.235 0.727 0.000 -0.339 -0.597 0.796 0.000 -0.536 0.280 
0.990 -0.142 0.004 0.009 0.951 -0.000 -0.291 -0.105 0.959 0.000 0.170 -0.229 0.977 -0.000 -0.207 -0.045 0.942 -0.000 0.184 -0.282 0.744 0.000 -0.303 -0.596 0.767 0.000 -0.596 0.236 0.727 0.000 -0.340 -0.596 0.796 0.000 -0.536 0.281 
0.990 -0.144 0.004 0.008 0.952 0.000 -0.292 -0.098 0.958 -0.000 0.172 -0.228 0.978 0.000 -0.207 -0.038 0.942 0.000 0.187 -0.279 0.744 -0.000 -0.304 -0.595 0.767 -0.000 -0.596 0.237 0.727 0.000 -0.342 -0.595 0.796 0.000 -0.535 0.283 
0.989 -0.145 0.004 0.009 0.953 -0.000 -0.291 -0.090 0.958 0.000 0.174 -0.227 0.978 0.000 -0.207 -0.031 0.942 0.000 0.190 -0.277 0.744 0.000 -0.306 -0.594 0.767 0.000 -0.595 0.239 0.727 0.000 -0.344 -0.595 0.796 0.000 -0.534 0.284 
0.989 -0.146 0.004 0.008 0.953 0.000 -0.290 -0.083 0.958 -0.000 0.176 -0.226 0.978 0.000 -0.207 -0.024 0.942 0.000 0.193 -0.275 0.744 -0.000 -0.308 -0.593 0.767 0.000 -0.594 0.241 0.727 0.000 -0.345 -0.594 0.796 0.000 -0.533 0.286 
0.989 -0.148 0.004 0.008 0.954 0.000 -0.289 -0.076 0.958 0.000 0.179 -0.225 0.978 0.000 -0.207 -0.016 0.942 0.000 0.196 -0.273 0.744 0.000 -0.309 -0.592 0.767 0.000 -0.594 0.243 0.727 0.000 -0.347 -0.593 0.796 0.000 -0.533 0.287 
0.989 -0.149 0.004 0.008 0.955 0.000 -0.288 -0.068 0.957 0.000 0.182 -0.225 0.978 0.000 -0.206 -0.009 0.942 -0.000 0.199 -0.271 0.744 -0.000 -0.311 -0.592 0.767 0.000 -0.593 0.244 0.727 -0.000 -0.349 -0.592 0.796 -0.000 -0.531 0.289 
0.989 -0.150 0.004 0.008 0.956 0.000 -0.287 -0.062 0.957 0.000 0.185 -0.223 0.979 0.000 -0.206 -0.002 0.942 0.000 0.202 -0.269 0.744 0.000 -0.313 -0.591 0.767 0.000 -0.592 0.245 0.727 0.000 -0.350 -0.591 0.796 0.000 -0.531 0.290 
0.988 -0.152 0.004 0.008 0.957 0.000 -0.285 -0.054 0.956 -0.000 0.189 -0.223 0.979 0.000 -0.204 0.005 0.941 0.000 0.206 -0.268 0.744 0.000 -0.314 -0.590 0.767 0.000 -0.592 0.247 0.727 0.000 -0.352 -0.590 0.796 -0.000 -0.530 0.292 
0.988 -0.153 0.004 0.008 0.958 0.000 -0.284 -0.048 0.956 0.000 0.192 -0.222 0.979 0.000 -0.203 0.012 0.941 0.000 0.209 -0.267 0.744 0.000 -0.316 -0.589 0.767 0.000 -0.591 0.248 0.727 0.000 -0.354 -0.588 0.796 0.000 -0.529 0.293 
0.988 -0.155 0.004 0.008 0.958 0.000 -0.282 -0.041 0.955 -0.000 0.197 -0.221 0.979 0.000 -0.201 0.019 0.941 -0.000 0.212 -0.266 0.744 0.000 -0.318 -0.588 0.767 0.000 -0.591 0.250 0.727 0.000 -0.355 -0.587 0.796 0.000 -0.529 0.295 
0.988 -0.156 0.004 0.008 0.959 0.000 -0.280 -0.035 0.954 -0.000 0.201 -0.221 0.980 0.000 -0.199 0.026 0.940 -0.000 0.214 -0.265 0.744 0.000 -0.319 -0.587 0.767 0.000 -0.590 0.252 0.727 0.000 -0.357 -0.586 0.796 0.000 -0.527 0.296 
0.987 -0.158 0.004 0.008 0.960 0.000 -0.278 -0.029 0.954 0.000 0.206 -0.220 0.980 0.000 -0.197 0.032 0.940 -0.000 0.217 -0.263 0.744 0.000 -0.321 -0.586 0.767 0.000 -0.589 0.254 0.727 0.000 -0.359 -0.585 0.796 -0.000 -0.527 0.298 
0.987 -0.159 0.004 0.008 0.961 -0.000 -0.276 -0.022 0.953 -0.000 0.211 -0.220 0.980 0.000 -0.194 0.038 0.940 0.000 0.220 -0.261 0.744 -0.000 -0.322 -0.585 0.767 -0.000 -0.588 0.255 0.727 0.000 -0.360 -0.585 0.795 0.000 -0.527 0.300 
0.987 -0.160 0.004 0.008 0.962 0.000 -0.274 -0.017 0.952 0.000 0.217 -0.218 0.981 0.000 -0.191 0.044 0.940 0.000 0.222 -0.260 0.744 0.000 -0.324 -0.584 0.767 0.000 -0.588 0.257 0.728 0.000 -0.362 -0.583 0.796 0.000 -0.525 0.300 
0.987 -0.162 0.005 0.008 0.963 0.000 -0.271 -0.012 0.951 -0.000 0.222 -0.216 0.981 0.000 -0.188 0.049 0.940 0.000 0.224 -0.258 0.744 0.000 -0.326 -0.584 0.767 0.000 -0.587 0.259 0.727 0.000 -0.364 -0.582 0.796 0.000 -0.524 0.302 
0.987 -0.163 0.004 0.008 0.963 0.000 -0.269 -0.008 0.950 0.000 0.228 -0.213 0.981 0.000 -0.185 0.054 0.940 0.000 0.226 -0.255 0.744 0.000 -0.328 -0.583 0.767 0.000 -0.586 0.261 0.728 0.000 -0.366 -0.580 0.796 0.000 -0.523 0.304 
0.986 -0.164 0.005 0.008 0.964 0.000 -0.266 -0.003 0.949 0.000 0.234 -0.211 0.982 0.000 -0.181 0.058 0.940 0.000 0.228 -0.253 0.744 0.000 -0.329 -0.582 0.767 0.000 -0.586 0.262 0.728 0.000 -0.367 -0.579 0.796 0.000 -0.523 0.304 
0.986 -0.166 0.005 0.008 0.965 -0.000 -0.263 -0.000 0.948 0.000 0.239 -0.208 0.982 0.000 -0.177 0.062 0.940 0.000 0.229 -0.251 0.744 0.000 -0.331 -0.580 0.767 0.000 -0.585 0.264 0.728 0.000 -0.369 -0.578 0.796 0.000 -0.522 0.306 
0.986 -0.167 0.005 0.007 0.965 -0.000 -0.261 0.002 0.947 0.000 0.248 -0.202 0.983 0.000 -0.173 0.067 0.941 0.000 0.231 -0.248 0.744 -0.000 -0.332 -0.580 0.767 0.000 -0.584 0.265 0.728 0.000 -0.370 -0.577 0.796 0.000 -0.521 0.307 
0.986 -0.168 0.005 0.008 0.966 0.000 -0.257 0.005 0.947 0.000 0.253 -0.200 0.983 0.000 -0.168 0.070 0.941 0.000 0.232 -0.246 0.744 0.000 -0.334 -0.579 0.767 0.000 -0.584 0.267 0.728 0.000 -0.372 -0.576 0.796 0.000 -0.520 0.309 
0.985 -0.170 0.005 0.008 0.967 -0.000 -0.254 0.008 0.946 0.000 0.258 -0.198 0.984 0.000 -0.164 0.073 0.941 0.000 0.235 -0.243 0.744 0.000 -0.335 -0.578 0.767 0.000 -0.583 0.269 0.728 0.000 -0.374 -0.575 0.796 0.000 -0.519 0.310 
0.985 -0.171 0.005 0.008 0.968 0.000 -0.250 0.010 0.945 0.000 0.263 -0.195 0.984 0.000 -0.161 0.074 0.941 0.000 0.240 -0.237 0.744 0.000 -0.337 -0.578 0.767 0.000 -0.582 0.270 0.728 0.000 -0.375 -0.574 0.796 -0.000 -0.519 0.311 
0.985 -0.172 0.005 0.008 0.969 0.000 -0.246 0.013 0.944 0.000 0.267 -0.193 0.985 0.000 -0.157 0.076 0.941 -0.000 0.243 -0.235 0.744 -0.000 -0.337 -0.577 0.766 0.000 -0.582 0.273 0.728 0.000 -0.376 -0.573 0.796 0.000 -0.518 0.312 
0.985 -0.173 0.005 0.007 0.970 0.000 -0.242 0.014 0.943 0.000 0.272 -0.190 0.985 -0.000 -0.153 0.078 0.941 0.000 0.246 -0.233 0.744 0.000 -0.339 -0.576 0.767 0.000 -0.581 0.273 0.728 0.000 -0.378 -0.572 0.796 0.000 -0.518 0.313 
0.985 -0.174 0.005 0.007 0.971 0.000 -0.237 0.016 0.943 0.000 0.276 -0.189 0.986 0.000 -0.149 0.080 0.941 -0.000 0.250 -0.231 0.744 -0.000 -0.340 -0.576 0.766 -0.000 -0.581 0.275 0.728 0.000 -0.379 -0.571 0.796 0.000 -0.517 0.314 
0.985 -0.175 0.005 0.007 0.972 -0.000 -0.233 0.016 0.942 0.000 0.280 -0.187 0.986 -0.000 -0.145 0.081 0.940 0.000 0.253 -0.229 0.744 -0.000 -0.341 -0.575 0.767 0.000 -0.580 0.275 0.728 0.000 -0.380 -0.570 0.796 0.000 -0.516 0.315 
0.984 -0.176 0.005 0.007 0.973 -0.000 -0.229 0.017 0.941 0.000 0.284 -0.185 0.987 0.000 -0.141 0.082 0.940 -0.000 0.257 -0.227 0.744 0.000 -0.342 -0.574 0.767 0.000 -0.579 0.277 0.728 -0.000 -0.381 -0.569 0.797 0.000 -0.516 0.316 
0.984 -0.177 0.005 0.007 0.974 0.000 -0.225 0.017 0.940 -0.000 0.289 -0.183 0.987 0.000 -0.136 0.082 0.939 0.000 0.261 -0.224 0.743 -0.000 -0.343 -0.574 0.767 -0.000 -0.579 0.278 0.728 0.000 -0.382 -0.569 0.797 0.000 -0.515 0.316 
0.984 -0.178 0.005 0.007 0.975 0.000 -0.220 0.016 0.939 0.000 0.293 -0.181 0.988 -0.000 -0.132 0.082 0.938 0.000 0.265 -0.222 0.744 0.000 -0.344 -0.573 0.766 0.000 -0.579 0.279 0.728 -0.000 -0.383 -0.568 0.796 0.000 -0.515 0.317 
0.984 -0.178 0.005 0.007 0.976 0.000 -0.216 0.016 0.938 -0.000 0.297 -0.180 0.988 0.000 -0.128 0.081 0.937 0.000 0.269 -0.221 0.743 -0.000 -0.346 -0.573 0.767 0.000 -0.578 0.280 0.729 0.000 -0.384 -0.567 0.797 0.000 -0.514 0.318 
0.984 -0.179 0.005 0.007 0.977 0.000 -0.211 0.015 0.937 0.000 0.301 -0.178 0.989 0.000 -0.124 0.080 0.937 0.000 0.273 -0.220 0.743 -0.000 -0.346 -0.572 0.766 0.000 -0.577 0.281 0.729 0.000 -0.385 -0.566 0.797 0.000 -0.514 0.319 
0.984 -0.180 0.005 0.007 0.978 0.000 -0.207 0.013 0.936 0.000 0.304 -0.177 0.990 0.000 -0.119 0.079 0.936 -0.000 0.277 -0.219 0.744 -0.000 -0.347 -0.571 0.766 -0.000 -0.577 0.282 0.729 0.000 -0.386 -0.566 0.797 0.000 -0.513 0.320 
0.984 -0.180 0.005 0.007 0.979 0.000 -0.202 0.011 0.935 -0.000 0.308 -0.176 0.990 -0.000 -0.115 0.077 0.935 0.000 0.281 -0.217 0.743 -0.000 -0.348 -0.571 0.767 0.000 -0.577 0.282 0.728 0.000 -0.386 -0.566 0.797 0.000 -0.513 0.320 
0.983 -0.181 0.005 0.007 0.980 0.000 -0.197 0.010 0.934 0.000 0.310 -0.176 0.991 0.000 -0.110 0.075 0.934 0.000 0.285 -0.216 0.743 0.000 -0.348 -0.571 0.766 0.000 -0.576 0.283 0.728 0.000 -0.387 -0.565 0.797 0.000 -0.512 0.321 
0.983 -0.181 0.006 0.007 0.981 0.000 -0.192 0.008 0.933 0.000 0.313 -0.175 0.992 0.000 -0.105 0.072 0.933 -0.000 0.288 -0.215 0.744 0.000 -0.349 -0.570 0.767 0.000 -0.576 0.283 0.728 0.000 -0.388 -0.565 0.797 0.000 -0.512 0.321 
0.983 -0.182 0.005 0.007 0.982 0.000 -0.187 0.005 0.932 0.000 0.316 -0.175 0.993 0.000 -0.100 0.069 0.932 -0.000 0.292 -0.214 0.744 0.000 -0.349 -0.570 0.767 -0.000 -0.576 0.284 0.728 0.000 -0.388 -0.565 0.796 0.000 -0.512 0.322 
0.983 -0.182 0.005 0.007 0.983 -0.000 -0.182 0.001 0.932 0.000 0.318 -0.174 0.993 0.000 -0.096 0.066 0.931 0.000 0.296 -0.213 0.743 0.000 -0.350 -0.570 0.767 0.000 -0.576 0.284 0.729 0.000 -0.389 -0.564 0.796 -0.000 -0.511 0.323 
0.983 -0.183 0.006 0.007 0.984 0.000 -0.176 -0.001 0.931 0.000 0.320 -0.174 0.994 -0.000 -0.091 0.062 0.930 0.000 0.299 -0.213 0.744 -0.000 -0.350 -0.569 0.766 0.000 -0.576 0.285 0.728 0.000 -0.389 -0.564 0.796 0.000 -0.511 0.323 
0.983 -0.183 0.005 0.007 0.985 0.000 -0.171 -0.005 0.931 0.000 0.321 -0.175 0.995 -0.000 -0.086 0.060 0.929 0.000 0.300 -0.216 0.744 0.000 -0.350 -0.569 0.767 0.000 -0.576 0.284 0.728 0.000 -0.389 -0.564 0.797 -0.000 -0.511 0.323 
0.983 -0.183 0.006 0.007 0.986 0.000 -0.166 -0.008 0.930 0.000 0.322 -0.176 0.995 0.000 -0.081 0.056 0.928 0.000 0.302 -0.216 0.744 0.000 -0.351 -0.569 0.766 -0.000 -0.576 0.285 0.729 0.000 -0.389 -0.564 0.797 0.000 -0.511 0.323 
0.983 -0.183 0.005 0.007 0.987 0.000 -0.161 -0.012 0.930 -0.000 0.324 -0.177 0.996 -0.000 -0.076 0.052 0.927 0.000 0.305 -0.217 0.744 0.000 -0.351 -0.569 0.767 0.000 -0.576 0.285 0.729 0.000 -0.389 -0.564 0.796 0.000 -0.511 0.323 
0.983 -0.183 0.005 0.007 0.988 0.000 -0.155 -0.016 0.929 0.000 0.325 -0.178 0.996 0.000 -0.072 0.047 0.926 0.000 0.308 -0.217 0.744 0.000 -0.351 -0.569 0.767 0.000 -0.576 0.284 0.729 0.000 -0.390 -0.564 0.796 0.000 -0.511 0.323 
0.983 -0.183 0.005 0.007 0.988 -0.000 -0.151 -0.020 0.928 0.000 0.326 -0.179 0.997 0.000 -0.068 0.042 0.925 0.000 0.312 -0.218 0.744 0.000 -0.351 -0.569 0.766 0.000 -0.576 0.285 0.729 0.000 -0.389 -0.563 0.796 0.000 -0.511 0.323 
0.983 -0.183 0.005 0.007 0.989 -0.000 -0.146 -0.025 0.927 0.000 0.327 -0.182 0.997 0.000 -0.065 0.036 0.924 0.000 0.316 -0.217 0.744 -0.000 -0.351 -0.569 0.767 0.000 -0.575 0.285 0.729 0.000 -0.390 -0.563 0.797 -0.000 -0.510 0.324 
0.983 -0.183 0.006 0.007 0.990 0.000 -0.141 -0.030 0.927 0.000 0.328 -0.182 0.998 0.000 -0.062 0.030 0.922 0.000 0.319 -0.218 0.744 0.000 -0.351 -0.569 0.767 0.000 -0.575 0.285 0.729 0.000 -0.390 -0.563 0.797 -0.000 -0.511 0.324 
0.983 -0.183 0.006 0.007 0.990 0.000 -0.136 -0.035 0.927 0.000 0.328 -0.185 0.998 0.000 -0.058 0.024 0.921 0.000 0.323 -0.218 0.744 0.000 -0.351 -0.569 0.766 0.000 -0.575 0.285 0.729 0.000 -0.390 -0.563 0.796 0.000 -0.511 0.324 
0.983 -0.183 0.005 0.007 0.990 0.000 -0.132 -0.040 0.926 0.000 0.328 -0.187 0.998 0.000 -0.055 0.019 0.920 0.000 0.324 -0.221 0.744 0.000 -0.351 -0.569 0.766 0.000 -0.576 0.285 0.729 0.000 -0.390 -0.563 0.796 0.000 -0.511 0.324 
0.983 -0.183 0.005 0.006 0.991 0.000 -0.128 -0.045 0.925 0.000 0.328 -0.189 0.999 0.000 -0.052 0.013 0.918 0.000 0.327 -0.222 0.744 0.000 -0.351 -0.569 0.767 -0.000 -0.576 0.284 0.729 0.000 -0.390 -0.563 0.796 0.000 -0.511 0.324 
0.983 -0.183 0.006 0.007 0.991 0.000 -0.123 -0.051 0.925 0.000 0.328 -0.191 0.999 0.000 -0.049 0.007 0.917 0.000 0.330 -0.224 0.744 0.000 -0.351 -0.569 0.766 0.000 -0.576 0.285 0.729 0.000 -0.389 -0.563 0.796 -0.000 -0.511 0.323 
0.983 -0.182 0.005 0.007 0.991 0.000 -0.119 -0.056 0.925 0.000 0.327 -0.193 0.999 0.000 -0.046 0.000 0.916 0.000 0.332 -0.226 0.744 0.000 -0.350 -0.569 0.767 0.000 -0.576 0.284 0.729 0.000 -0.389 -0.564 0.796 0.000 -0.511 0.323 
0.983 -0.182 0.005 0.007 0.991 0.000 -0.115 -0.062 0.925 0.000 0.327 -0.195 0.999 0.000 -0.043 -0.006 0.915 0.000 0.334 -0.228 0.744 0.000 -0.350 -0.570 0.766 0.000 -0.576 0.284 0.729 0.000 -0.389 -0.564 0.796 0.000 -0.511 0.323 
0.983 -0.182 0.005 0.007 0.991 -0.000 -0.111 -0.068 0.925 0.000 0.326 -0.198 0.999 0.000 -0.041 -0.012 0.913 0.000 0.335 -0.232 0.744 -0.000 -0.350 -0.570 0.767 -0.000 -0.576 0.283 0.728 0.000 -0.388 -0.564 0.796 0.000 -0.512 0.323 
0.983 -0.181 0.005 0.007 0.991 0.000 -0.108 -0.075 0.925 0.000 0.325 -0.200 0.999 0.000 -0.038 -0.018 0.912 0.000 0.336 -0.235 0.744 0.000 -0.349 -0.570 0.767 0.000 -0.576 0.283 0.728 0.000 -0.388 -0.565 0.796 0.000 -0.512 0.322 
0.983 -0.181 0.005 0.007 0.991 0.000 -0.104 -0.081 0.925 0.000 0.323 -0.201 0.999 0.000 -0.036 -0.025 0.911 0.000 0.337 -0.238 0.744 -0.000 -0.349 -0.570 0.767 0.000 -0.577 0.282 0.728 0.000 -0.387 -0.565 0.796 0.000 -0.512 0.322 
0.984 -0.180 0.005 0.007 0.991 0.000 -0.102 -0.088 0.924 0.000 0.323 -0.204 0.999 -0.000 -0.033 -0.031 0.910 -0.000 0.337 -0.242 0.744 0.000 -0.348 -0.571 0.767 0.000 -0.577 0.281 0.728 0.000 -0.386 -0.566 0.796 -0.000 -0.512 0.321 
0.984 -0.180 0.005 0.007 0.991 0.000 -0.099 -0.095 0.924 0.000 0.321 -0.206 0.999 0.000 -0.031 -0.038 0.909 0.000 0.337 -0.247 0.744 0.000 -0.348 -0.571 0.767 0.000 -0.577 0.281 0.728 -0.000 -0.386 -0.566 0.796 -0.000 -0.513 0.321 
0.984 -0.179 0.005 0.007 0.990 0.000 -0.097 -0.102 0.924 0.000 0.319 -0.209 0.999 0.000 -0.029 -0.045 0.908 0.000 0.337 -0.250 0.744 0.000 -0.347 -0.571 0.767 -0.000 -0.577 0.280 0.728 0.000 -0.385 -0.567 0.796 0.000 -0.513 0.320 
0.984 -0.179 0.005 0.007 0.990 0.000 -0.095 -0.109 0.925 -0.000 0.318 -0.210 0.998 0.000 -0.027 -0.051 0.907 -0.000 0.336 -0.255 0.744 0.000 -0.346 -0.572 0.767 0.000 -0.578 0.280 0.728 0.000 -0.384 -0.567 0.796 0.000 -0.514 0.320 
0.984 -0.178 0.005 0.007 0.989 0.000 -0.093 -0.115 0.925 0.000 0.315 -0.213 0.998 0.000 -0.025 -0.058 0.906 0.000 0.334 -0.259 0.744 -0.000 -0.346 -0.572 0.767 -0.000 -0.578 0.279 0.728 0.000 -0.384 -0.568 0.796 -0.000 -0.514 0.319 
0.984 -0.177 0.005 0.007 0.988 0.000 -0.091 -0.123 0.925 0.000 0.314 -0.215 0.998 0.000 -0.024 -0.064 0.906 0.000 0.333 -0.263 0.744 0.000 -0.345 -0.572 0.767 0.000 -0.579 0.278 0.728 0.000 -0.383 -0.569 0.796 0.000 -0.514 0.319 
0.984 -0.176 0.005 0.007 0.988 -0.000 -0.090 -0.130 0.925 0.000 0.312 -0.217 0.997 0.000 -0.022 -0.070 0.905 -0.000 0.331 -0.268 0.744 0.000 -0.344 -0.573 0.767 0.000 -0.579 0.277 0.728 0.000 -0.382 -0.569 0.796 0.000 -0.515 0.317 
0.984 -0.175 0.005 0.007 0.987 0.000 -0.089 -0.136 0.925 -0.000 0.309 -0.220 0.997 0.000 -0.021 -0.077 0.904 0.000 0.329 -0.271 0.744 0.000 -0.343 -0.574 0.767 0.000 -0.579 0.276 0.728 0.000 -0.381 -0.570 0.796 0.000 -0.516 0.316 
0.985 -0.175 0.005 0.007 0.986 0.000 -0.088 -0.143 0.925 0.000 0.307 -0.222 0.996 0.000 -0.020 -0.083 0.904 0.000 0.327 -0.276 0.744 -0.000 -0.342 -0.574 0.767 0.000 -0.580 0.275 0.728 0.000 -0.380 -0.571 0.796 0.000 -0.516 0.316 
0.985 -0.174 0.005 0.007 0.985 -0.000 -0.087 -0.150 0.926 0.000 0.305 -0.225 0.996 0.000 -0.020 -0.089 0.903 0.000 0.324 -0.281 0.744 -0.000 -0.341 -0.575 0.767 0.000 -0.580 0.274 0.728 0.000 -0.379 -0.571 0.796 0.000 -0.517 0.315 
0.985 -0.173 0.005 0.007 0.984 0.000 -0.087 -0.157 0.926 0.000 0.302 -0.227 0.995 0.000 -0.020 -0.096 0.903 0.000 0.322 -0.285 0.744 -0.000 -0.340 -0.576 0.767 0.000 -0.581 0.273 0.728 0.000 -0.378 -0.572 0.796 0.000 -0.517 0.314 
0.985 -0.172 0.005 0.007 0.983 0.000 -0.088 -0.164 0.926 0.000 0.300 -0.230 0.995 0.000 -0.020 -0.101 0.902 0.000 0.318 -0.290 0.744 0.000 -0.338 -0.576 0.767 0.000 -0.581 0.272 0.728 0.000 -0.376 -0.573 0.796 0.000 -0.518 0.313 
0.985 -0.171 0.005 0.007 0.981 -0.000 -0.089 -0.171 0.926 0.000 0.297 -0.233 0.994 0.000 -0.021 -0.107 0.902 0.000 0.315 -0.295 0.744 -0.000 -0.337 -0.577 0.767 0.000 -0.582 0.271 0.728 0.000 -0.376 -0.573 0.796 0.000 -0.518 0.312 
0.985 -0.170 0.005 0.007 0.980 0.000 -0.089 -0.176 0.926 0.000 0.294 -0.237 0.993 0.000 -0.021 -0.113 0.902 0.000 0.311 -0.299 0.744 0.000 -0.336 -0.578 0.767 0.000 -0.582 0.270 0.728 0.000 -0.374 -0.574 0.796 0.000 -0.519 0.310 
0.986 -0.168 0.005 0.007 0.979 0.000 -0.091 -0.182 0.926 -0.000 0.290 -0.241 0.993 0.000 -0.022 -0.119 0.902 0.000 0.308 -0.304 0.744 0.000 -0.335 -0.579 0.767 0.000 -0.583 0.268 0.728 -0.000 -0.373 -0.575 0.796 0.000 -0.520 0.309 
0.986 -0.167 0.005 0.007 0.978 0.000 -0.093 -0.188 0.926 0.000 0.288 -0.244 0.992 0.000 -0.023 -0.124 0.902 0.000 0.303 -0.309 0.744 0.000 -0.333 -0.579 0.767 0.000 -0.583 0.267 0.728 -0.000 -0.371 -0.576 0.796 0.000 -0.521 0.308 
0.986 -0.166 0.005 0.007 0.977 0.000 -0.094 -0.193 0.926 0.000 0.283 -0.248 0.991 0.000 -0.024 -0.130 0.902 0.000 0.298 -0.312 0.744 0.000 -0.332 -0.581 0.767 0.000 -0.584 0.265 0.728 0.000 -0.370 -0.577 0.796 0.000 -0.521 0.306 
0.986 -0.165 0.005 0.007 0.975 0.000 -0.096 -0.198 0.927 0.000 0.281 -0.250 0.990 0.000 -0.025 -0.135 0.902 0.000 0.293 -0.317 0.744 0.000 -0.330 -0.581 0.767 0.000 -0.585 0.264 0.728 0.000 -0.368 -0.578 0.796 0.000 -0.522 0.305 
0.987 -0.163 0.005 0.007 0.974 -0.000 -0.099 -0.204 0.927 0.000 0.277 -0.254 0.990 0.000 -0.026 -0.140 0.902 0.000 0.288 -0.321 0.744 0.000 -0.328 -0.582 0.767 0.000 -0.586 0.262 0.728 0.000 -0.367 -0.579 0.796 0.000 -0.523 0.303 
0.987 -0.162 0.005 0.007 0.972 0.000 -0.102 -0.209 0.927 -0.000 0.274 -0.256 0.989 0.000 -0.028 -0.146 0.903 0.000 0.282 -0.324 0.744 0.000 -0.327 -0.583 0.767 0.000 -0.586 0.261 0.728 0.000 -0.365 -0.580 0.796 -0.000 -0.524 0.302 
0.987 -0.161 0.005 0.007 0.971 -0.000 -0.105 -0.214 0.927 0.000 0.270 -0.258 0.988 0.000 -0.030 -0.150 0.903 0.000 0.277 -0.328 0.744 0.000 -0.325 -0.584 0.767 0.000 -0.587 0.259 0.728 -0.000 -0.364 -0.581 0.796 0.000 -0.525 0.301 
0.987 -0.159 0.005 0.007 0.970 0.000 -0.110 -0.219 0.928 -0.000 0.268 -0.261 0.987 -0.000 -0.033 -0.155 0.904 0.000 0.271 -0.331 0.744 0.000 -0.323 -0.585 0.767 -0.000 -0.588 0.257 0.728 -0.000 -0.362 -0.582 0.797 0.000 -0.525 0.299 
0.987 -0.157 0.005 0.007 0.968 0.000 -0.113 -0.223 0.928 -0.000 0.264 -0.263 0.987 -0.000 -0.035 -0.160 0.905 0.000 0.265 -0.333 0.744 0.000 -0.321 -0.586 0.767 0.000 -0.589 0.255 0.728 0.000 -0.360 -0.583 0.797 -0.000 -0.527 0.297 
0.988 -0.156 0.005 0.007 0.967 0.000 -0.117 -0.227 0.929 0.000 0.260 -0.265 0.986 0.000 -0.037 -0.163 0.905 0.000 0.259 -0.336 0.743 0.000 -0.319 -0.588 0.767 0.000 -0.589 0.253 0.728 -0.000 -0.358 -0.585 0.797 0.000 -0.528 0.295 
0.988 -0.154 0.005 0.007 0.965 0.000 -0.121 -0.231 0.929 0.000 0.256 -0.266 0.985 -0.000 -0.040 -0.167 0.906 0.000 0.254 -0.339 0.743 0.000 -0.317 -0.589 0.767 0.000 -0.590 0.251 0.728 0.000 -0.356 -0.586 0.796 0.000 -0.529 0.293 
0.988 -0.152 0.005 0.007 0.964 -0.000 -0.125 -0.235 0.930 0.000 0.252 -0.267 0.984 0.000 -0.042 -0.171 0.907 0.000 0.247 -0.342 0.744 0.000 -0.315 -0.589 0.767 -0.000 -0.592 0.249 0.728 0.000 -0.354 -0.587 0.796 -0.000 -0.530 0.292 
0.989 -0.151 0.005 0.007 0.962 0.000 -0.130 -0.239 0.931 0.000 0.248 -0.268 0.984 0.000 -0.045 -0.174 0.908 0.000 0.240 -0.344 0.744 0.000 -0.313 -0.591 0.767 -0.000 -0.592 0.247 0.728 0.000 -0.352 -0.589 0.796 -0.000 -0.531 0.290 
0.989 -0.149 0.005 0.007 0.961 0.000 -0.134 -0.242 0.932 0.000 0.244 -0.268 0.983 0.000 -0.048 -0.177 0.909 0.000 0.234 -0.345 0.744 -0.000 -0.311 -0.592 0.767 0.000 -0.593 0.245 0.728 0.000 -0.350 -0.590 0.796 0.000 -0.532 0.288 
0.989 -0.147 0.005 0.007 0.959 0.000 -0.139 -0.246 0.933 0.000 0.240 -0.268 0.982 0.000 -0.051 -0.180 0.909 -0.000 0.229 -0.347 0.744 0.000 -0.308 -0.593 0.767 -0.000 -0.594 0.242 0.728 0.000 -0.347 -0.591 0.796 0.000 -0.533 0.286 
0.989 -0.145 0.005 0.007 0.958 0.000 -0.144 -0.248 0.934 -0.000 0.236 -0.269 0.982 -0.000 -0.055 -0.183 0.910 0.000 0.223 -0.349 0.744 0.000 -0.306 -0.594 0.767 0.000 -0.595 0.241 0.728 0.000 -0.345 -0.593 0.796 -0.000 -0.534 0.284 
0.990 -0.144 0.005 0.007 0.956 -0.000 -0.148 -0.251 0.935 0.000 0.232 -0.269 0.981 0.000 -0.058 -0.185 0.911 0.000 0.217 -0.350 0.743 0.000 -0.304 -0.596 0.767 0.000 -0.596 0.238 0.728 0.000 -0.343 -0.594 0.796 0.000 -0.535 0.282 
0.990 -0.142 0.005 0.007 0.955 0.000 -0.153 -0.253 0.936 0.000 0.228 -0.269 0.980 0.000 -0.062 -0.187 0.912 0.000 0.212 -0.351 0.744 0.000 -0.302 -0.596 0.767 0.000 -0.597 0.236 0.728 0.000 -0.341 -0.595 0.796 0.000 -0.536 0.281 
0.990 -0.140 0.005 0.008 0.954 0.000 -0.158 -0.255 0.937 0.000 0.223 -0.269 0.980 0.000 -0.067 -0.190 0.913 0.000 0.208 -0.351 0.744 -0.000 -0.300 -0.598 0.767 0.000 -0.597 0.234 0.727 0.000 -0.339 -0.597 0.796 0.000 -0.537 0.279 
0.990 -0.139 0.005 0.007 0.953 0.000 -0.163 -0.256 0.938 0.000 0.219 -0.269 0.979 0.000 -0.071 -0.192 0.914 0.000 0.203 -0.352 0.744 -0.000 -0.298 -0.599 0.767 0.000 -0.598 0.232 0.728 0.000 -0.337 -0.598 0.796 0.000 -0.538 0.277 
0.991 -0.137 0.005 0.008 0.951 0.000 -0.168 -0.258 0.939 0.000 0.215 -0.268 0.978 0.000 -0.075 -0.193 0.915 0.000 0.199 -0.352 0.744 0.000 -0.296 -0.599 0.767 0.000 -0.599 0.230 0.727 0.000 -0.335 -0.599 0.796 0.000 -0.539 0.275 
0.991 -0.135 0.005 0.008 0.950 0.000 -0.173 -0.259 0.940 0.000 0.210 -0.267 0.978 0.000 -0.079 -0.194 0.915 0.000 0.194 -0.353 0.744 -0.000 -0.294 -0.600 0.767 0.000 -0.600 0.228 0.727 0.000 -0.333 -0.601 0.796 0.000 -0.540 0.274 
0.991 -0.134 0.005 0.008 0.949 0.000 -0.178 -0.260 0.942 0.000 0.206 -0.266 0.977 0.000 -0.084 -0.195 0.916 0.000 0.190 -0.353 0.744 0.000 -0.292 -0.602 0.767 0.000 -0.600 0.226 0.727 0.000 -0.331 -0.602 0.796 -0.000 -0.541 0.272 
0.991 -0.132 0.005 0.008 0.948 0.000 -0.183 -0.261 0.943 0.000 0.202 -0.265 0.977 0.000 -0.089 -0.196 0.917 0.000 0.187 -0.353 0.744 0.000 -0.290 -0.602 0.767 0.000 -0.601 0.224 0.727 0.000 -0.329 -0.603 0.796 0.000 -0.542 0.271 
0.991 -0.131 0.005 0.008 0.947 0.000 -0.188 -0.260 0.944 0.000 0.197 -0.264 0.976 0.000 -0.094 -0.196 0.917 0.000 0.184 -0.353 0.744 -0.000 -0.288 -0.603 0.767 0.000 -0.602 0.223 0.727 0.000 -0.327 -0.604 0.796 0.000 -0.543 0.269 
0.991 -0.130 0.005 0.008 0.946 0.000 -0.194 -0.261 0.945 0.000 0.193 -0.263 0.976 0.000 -0.100 -0.195 0.918 0.000 0.181 -0.353 0.744 0.000 -0.287 -0.604 0.767 -0.000 -0.602 0.223 0.727 0.000 -0.326 -0.605 0.796 0.000 -0.543 0.268 
0.992 -0.128 0.005 0.008 0.945 0.000 -0.198 -0.260 0.946 0.000 0.189 -0.262 0.975 0.000 -0.106 -0.195 0.919 0.000 0.179 -0.353 0.744 0.000 -0.285 -0.605 0.767 0.000 -0.603 0.220 0.727 0.000 -0.324 -0.605 0.797 0.000 -0.543 0.265 
0.992 -0.127 0.005 0.008 0.944 0.000 -0.204 -0.259 0.948 -0.000 0.186 -0.260 0.975 0.000 -0.111 -0.194 0.919 0.000 0.175 -0.354 0.744 -0.000 -0.284 -0.605 0.767 -0.000 -0.603 0.218 0.727 -0.000 -0.323 -0.606 0.797 0.000 -0.543 0.264 
0.992 -0.126 0.005 0.008 0.943 0.000 -0.209 -0.259 0.949 -0.000 0.182 -0.257 0.974 0.000 -0.117 -0.192 0.919 -0.000 0.174 -0.353 0.744 0.000 -0.283 -0.606 0.767 0.000 -0.604 0.217 0.727 0.000 -0.322 -0.606 0.797 0.000 -0.544 0.263 
0.992 -0.125 0.005 0.008 0.943 0.000 -0.214 -0.256 0.950 -0.000 0.178 -0.256 0.974 0.000 -0.122 -0.191 0.920 0.000 0.171 -0.354 0.743 0.000 -0.282 -0.607 0.767 -0.000 -0.604 0.216 0.727 0.000 -0.320 -0.607 0.797 0.000 -0.545 0.262 
0.992 -0.124 0.005 0.008 0.942 0.000 -0.219 -0.254 0.951 0.000 0.174 -0.255 0.974 -0.000 -0.127 -0.189 0.920 0.000 0.168 -0.354 0.744 -0.000 -0.280 -0.607 0.767 0.000 -0.604 0.215 0.727 0.000 -0.319 -0.608 0.797 0.000 -0.545 0.261 
0.992 -0.124 0.005 0.008 0.941 -0.000 -0.224 -0.253 0.953 0.000 0.171 -0.252 0.973 0.000 -0.133 -0.187 0.920 0.000 0.166 -0.354 0.744 0.000 -0.280 -0.607 0.767 0.000 -0.605 0.214 0.725 -0.000 -0.318 -0.611 0.795 0.000 -0.546 0.264 
0.992 -0.123 0.005 0.008 0.941 0.000 -0.229 -0.250 0.954 0.000 0.169 -0.250 0.973 0.000 -0.138 -0.184 0.921 0.000 0.164 -0.353 0.744 0.000 -0.279 -0.608 0.767 0.000 -0.605 0.213 0.725 0.000 -0.317 -0.612 0.795 0.000 -0.546 0.263 
0.992 -0.122 0.005 0.009 0.940 0.000 -0.234 -0.247 0.954 0.000 0.166 -0.249 0.973 0.000 -0.144 -0.182 0.922 0.000 0.162 -0.353 0.744 0.000 -0.278 -0.608 0.767 0.000 -0.605 0.212 0.726 -0.000 -0.316 -0.611 0.796 0.000 -0.546 0.261 
0.993 -0.122 0.004 0.009 0.940 -0.000 -0.239 -0.244 0.955 0.000 0.164 -0.246 0.973 0.000 -0.149 -0.179 0.922 -0.000 0.160 -0.352 0.744 0.000 -0.277 -0.608 0.767 0.000 -0.605 0.212 0.725 -0.000 -0.315 -0.613 0.795 0.000 -0.547 0.262 
0.993 -0.121 0.004 0.009 0.940 -0.000 -0.243 -0.240 0.956 0.000 0.162 -0.244 0.973 0.000 -0.154 -0.175 0.922 -0.000 0.158 -0.352 0.744 0.000 -0.277 -0.608 0.767 0.000 -0.606 0.212 0.727 0.000 -0.315 -0.610 0.797 0.000 -0.547 0.258 
0.993 -0.121 0.004 0.009 0.940 0.000 -0.248 -0.236 0.957 0.000 0.160 -0.242 0.972 0.000 -0.158 -0.172 0.923 0.000 0.156 -0.351 0.743 0.000 -0.277 -0.609 0.767 0.000 -0.606 0.211 0.727 -0.000 -0.315 -0.611 0.797 0.000 -0.547 0.257 
0.993 -0.121 0.004 0.009 0.939 0.000 -0.252 -0.232 0.958 0.000 0.158 -0.240 0.972 -0.000 -0.163 -0.168 0.924 0.000 0.155 -0.349 0.744 -0.000 -0.276 -0.609 0.767 0.000 -0.606 0.211 0.727 0.000 -0.314 -0.611 0.797 0.000 -0.547 0.257 
0.993 -0.121 0.004 0.009 0.939 0.000 -0.256 -0.228 0.959 0.000 0.156 -0.238 0.972 -0.000 -0.167 -0.163 0.925 -0.000 0.153 -0.349 0.744 0.000 -0.276 -0.609 0.767 -0.000 -0.606 0.211 0.725 0.000 -0.313 -0.614 0.795 -0.000 -0.548 0.261 
0.993 -0.121 0.004 0.009 0.939 0.000 -0.260 -0.223 0.959 0.000 0.155 -0.235 0.972 0.000 -0.171 -0.159 0.925 0.000 0.151 -0.348 0.744 0.000 -0.276 -0.609 0.767 0.000 -0.606 0.211 0.727 0.000 -0.314 -0.611 0.797 0.000 -0.547 0.257 
0.993 -0.121 0.004 0.009 0.939 0.000 -0.264 -0.218 0.960 0.000 0.154 -0.234 0.972 0.000 -0.175 -0.154 0.926 -0.000 0.150 -0.346 0.744 0.000 -0.276 -0.609 0.767 0.000 -0.606 0.211 0.727 0.000 -0.314 -0.611 0.797 -0.000 -0.547 0.256 
0.993 -0.121 0.004 0.009 0.940 -0.000 -0.268 -0.213 0.961 0.000 0.153 -0.232 0.972 0.000 -0.179 -0.149 0.927 0.000 0.148 -0.346 0.744 0.000 -0.276 -0.609 0.767 0.000 -0.606 0.211 0.727 -0.000 -0.314 -0.611 0.797 0.000 -0.547 0.257 
0.993 -0.121 0.004 0.009 0.940 0.000 -0.271 -0.208 0.961 0.000 0.152 -0.230 0.973 0.000 -0.183 -0.143 0.927 0.000 0.147 -0.344 0.743 0.000 -0.277 -0.609 0.767 0.000 -0.606 0.211 0.727 -0.000 -0.314 -0.611 0.797 -0.000 -0.547 0.257 
0.993 -0.121 0.003 0.009 0.940 0.000 -0.274 -0.202 0.962 0.000 0.152 -0.228 0.973 0.000 -0.186 -0.138 0.928 0.000 0.147 -0.342 0.744 -0.000 -0.277 -0.609 0.767 -0.000 -0.606 0.211 0.727 -0.000 -0.314 -0.611 0.797 0.000 -0.547 0.257 
0.993 -0.122 0.003 0.010 0.941 0.000 -0.277 -0.196 0.962 0.000 0.152 -0.226 0.973 0.000 -0.190 -0.132 0.929 0.000 0.147 -0.340 0.744 0.000 -0.277 -0.608 0.767 0.000 -0.606 0.212 0.727 0.000 -0.315 -0.611 0.797 0.000 -0.547 0.258 
0.992 -0.122 0.003 0.010 0.941 0.000 -0.280 -0.190 0.962 0.000 0.152 -0.225 0.973 0.000 -0.193 -0.126 0.929 0.000 0.147 -0.339 0.744 -0.000 -0.278 -0.608 0.767 0.000 -0.605 0.212 0.727 0.000 -0.315 -0.610 0.796 0.000 -0.547 0.258 
0.992 -0.123 0.003 0.009 0.942 0.000 -0.283 -0.183 0.963 0.000 0.151 -0.224 0.973 0.000 -0.197 -0.120 0.930 0.000 0.148 -0.337 0.744 0.000 -0.279 -0.608 0.767 0.000 -0.605 0.213 0.725 0.000 -0.315 -0.613 0.795 0.000 -0.547 0.263 
0.992 -0.123 0.003 0.010 0.942 0.000 -0.285 -0.177 0.963 0.000 0.152 -0.221 0.973 -0.000 -0.199 -0.113 0.931 0.000 0.148 -0.335 0.744 0.000 -0.279 -0.607 0.767 0.000 -0.605 0.214 0.725 0.000 -0.316 -0.613 0.794 0.000 -0.547 0.263 
0.992 -0.124 0.003 0.010 0.943 0.000 -0.286 -0.169 0.963 0.000 0.152 -0.221 0.974 0.000 -0.202 -0.106 0.931 0.000 0.148 -0.333 0.744 -0.000 -0.280 -0.607 0.767 0.000 -0.604 0.214 0.727 -0.000 -0.317 -0.609 0.796 0.000 -0.546 0.260 
0.992 -0.125 0.003 0.009 0.944 0.000 -0.288 -0.162 0.963 0.000 0.153 -0.220 0.974 0.000 -0.205 -0.100 0.932 0.000 0.150 -0.330 0.744 0.000 -0.281 -0.606 0.767 0.000 -0.604 0.215 0.727 0.000 -0.318 -0.609 0.796 0.000 -0.546 0.261 
0.992 -0.125 0.003 0.010 0.944 0.000 -0.290 -0.155 0.964 0.000 0.154 -0.218 0.974 0.000 -0.207 -0.093 0.933 -0.000 0.151 -0.327 0.744 0.000 -0.282 -0.606 0.767 0.000 -0.604 0.217 0.727 -0.000 -0.319 -0.608 0.796 0.000 -0.545 0.262 
0.992 -0.126 0.003 0.009 0.945 0.000 -0.291 -0.147 0.964 0.000 0.156 -0.217 0.974 0.000 -0.209 -0.086 0.934 0.000 0.153 -0.324 0.744 0.000 -0.283 -0.605 0.767 0.000 -0.603 0.217 0.727 0.000 -0.320 -0.608 0.796 0.000 -0.545 0.263 
0.992 -0.127 0.003 0.009 0.946 -0.000 -0.293 -0.140 0.964 0.000 0.158 -0.216 0.974 0.000 -0.211 -0.079 0.934 0.000 0.155 -0.321 0.744 -0.000 -0.284 -0.605 0.767 0.000 -0.603 0.218 0.727 0.000 -0.321 -0.607 0.796 -0.000 -0.545 0.264 
0.992 -0.128 0.003 0.009 0.947 0.000 -0.294 -0.132 0.963 0.000 0.160 -0.215 0.975 0.000 -0.212 -0.072 0.935 0.000 0.157 -0.317 0.744 -0.000 -0.286 -0.604 0.767 0.000 -0.603 0.219 0.727 0.000 -0.322 -0.606 0.796 0.000 -0.544 0.265 
0.992 -0.129 0.003 0.009 0.948 0.000 -0.294 -0.123 0.963 0.000 0.162 -0.215 0.975 0.000 -0.213 -0.064 0.936 0.000 0.157 -0.315 0.744 0.000 -0.287 -0.603 0.767 0.000 -0.602 0.220 0.727 0.000 -0.324 -0.606 0.796 0.000 -0.544 0.266 
0.991 -0.130 0.003 0.010 0.949 -0.000 -0.295 -0.115 0.963 0.000 0.165 -0.214 0.975 0.000 -0.214 -0.058 0.937 0.000 0.159 -0.310 0.744 -0.000 -0.288 -0.602 0.767 0.000 -0.602 0.221 0.727 -0.000 -0.325 -0.605 0.796 0.000 -0.543 0.268 
0.991 -0.131 0.003 0.009 0.950 0.000 -0.294 -0.107 0.963 0.000 0.166 -0.214 0.975 0.000 -0.214 -0.051 0.939 0.000 0.161 -0.305 0.744 -0.000 -0.289 -0.602 0.767 0.000 -0.601 0.222 0.727 0.000 -0.326 -0.605 0.796 -0.000 -0.542 0.269 
0.991 -0.132 0.003 0.009 0.951 0.000 -0.294 -0.098 0.962 0.000 0.169 -0.213 0.976 0.000 -0.214 -0.044 0.940 0.000 0.163 -0.301 0.744 0.000 -0.291 -0.601 0.767 0.000 -0.601 0.223 0.727 0.000 -0.328 -0.604 0.796 0.000 -0.542 0.270 
0.991 -0.134 0.003 0.009 0.952 0.000 -0.294 -0.090 0.962 0.000 0.171 -0.212 0.976 0.000 -0.214 -0.037 0.941 0.000 0.165 -0.295 0.744 0.000 -0.292 -0.601 0.767 -0.000 -0.601 0.225 0.727 0.000 -0.329 -0.603 0.796 0.000 -0.541 0.271 
0.991 -0.135 0.003 0.009 0.952 0.000 -0.293 -0.082 0.962 0.000 0.175 -0.210 0.976 0.000 -0.214 -0.031 0.942 -0.000 0.167 -0.290 0.744 0.000 -0.294 -0.600 0.767 0.000 -0.600 0.226 0.727 0.000 -0.331 -0.602 0.796 0.000 -0.541 0.273 
0.991 -0.136 0.003 0.009 0.953 0.000 -0.292 -0.074 0.962 0.000 0.177 -0.209 0.977 0.000 -0.213 -0.024 0.944 0.000 0.170 -0.284 0.744 -0.000 -0.295 -0.599 0.767 0.000 -0.599 0.227 0.727 0.000 -0.332 -0.601 0.796 -0.000 -0.540 0.274 
0.991 -0.137 0.003 0.009 0.955 0.000 -0.291 -0.065 0.962 -0.000 0.180 -0.208 0.977 0.000 -0.213 -0.017 0.945 0.000 0.173 -0.279 0.744 0.000 -0.297 -0.598 0.768 0.000 -0.599 0.228 0.727 0.000 -0.334 -0.600 0.796 0.000 -0.539 0.276 
0.990 -0.138 0.003 0.009 0.955 0.000 -0.290 -0.058 0.961 0.000 0.184 -0.205 0.977 0.000 -0.212 -0.010 0.945 0.000 0.176 -0.275 0.744 -0.000 -0.298 -0.597 0.768 0.000 -0.598 0.230 0.727 0.000 -0.335 -0.599 0.796 0.000 -0.538 0.277 
0.990 -0.140 0.003 0.009 0.956 0.000 -0.288 -0.050 0.961 0.000 0.186 -0.204 0.977 0.000 -0.212 -0.003 0.946 0.000 0.181 -0.269 0.744 -0.000 -0.300 -0.597 0.767 0.000 -0.598 0.232 0.727 0.000 -0.337 -0.598 0.796 0.000 -0.538 0.279 
0.990 -0.141 0.003 0.008 0.957 0.000 -0.287 -0.043 0.961 0.000 0.191 -0.202 0.978 0.000 -0.211 0.003 0.946 0.000 0.185 -0.265 0.744 0.000 -0.302 -0.596 0.768 0.000 -0.597 0.233 0.727 -0.000 -0.338 -0.597 0.796 -0.000 -0.537 0.280 
0.990 -0.142 0.003 0.008 0.958 0.000 -0.284 -0.035 0.960 0.000 0.194 -0.200 0.978 0.000 -0.210 0.010 0.947 0.000 0.189 -0.261 0.744 -0.000 -0.303 -0.595 0.768 0.000 -0.596 0.235 0.727 0.000 -0.340 -0.596 0.796 0.000 -0.536 0.282 
0.990 -0.143 0.003 0.008 0.959 0.000 -0.282 -0.027 0.960 0.000 0.197 -0.200 0.978 0.000 -0.209 0.016 0.947 0.000 0.193 -0.256 0.744 0.000 -0.305 -0.595 0.768 0.000 -0.596 0.236 0.727 0.000 -0.342 -0.595 0.796 0.000 -0.536 0.283 
0.989 -0.145 0.003 0.008 0.960 0.000 -0.280 -0.020 0.959 0.000 0.201 -0.199 0.978 0.000 -0.207 0.023 0.947 0.000 0.197 -0.253 0.744 0.000 -0.307 -0.594 0.768 0.000 -0.595 0.238 0.727 0.000 -0.343 -0.594 0.796 0.000 -0.535 0.285 
0.989 -0.146 0.004 0.008 0.961 0.000 -0.277 -0.013 0.958 0.000 0.205 -0.198 0.978 0.000 -0.205 0.030 0.947 -0.000 0.202 -0.250 0.744 -0.000 -0.308 -0.593 0.768 0.000 -0.594 0.240 0.727 0.000 -0.345 -0.593 0.796 0.000 -0.534 0.286 
0.989 -0.147 0.003 0.008 0.961 0.000 -0.275 -0.006 0.958 -0.000 0.209 -0.197 0.979 0.000 -0.203 0.036 0.947 0.000 0.206 -0.248 0.744 -0.000 -0.310 -0.592 0.767 0.000 -0.594 0.241 0.727 -0.000 -0.346 -0.593 0.795 0.000 -0.534 0.288 
0.989 -0.149 0.004 0.008 0.962 0.000 -0.272 0.001 0.957 0.000 0.213 -0.196 0.979 0.000 -0.200 0.042 0.946 0.000 0.210 -0.245 0.744 0.000 -0.311 -0.591 0.767 0.000 -0.593 0.243 0.728 0.000 -0.348 -0.591 0.796 0.000 -0.532 0.289 
0.989 -0.150 0.004 0.008 0.963 0.000 -0.269 0.006 0.956 0.000 0.218 -0.194 0.979 0.000 -0.197 0.048 0.946 0.000 0.214 -0.243 0.744 -0.000 -0.313 -0.591 0.767 0.000 -0.593 0.245 0.728 0.000 -0.350 -0.590 0.796 0.000 -0.531 0.290 
