# T   LUA LFA RUA RFA LT  LS  RT  RS  
0.998 -0.026 -0.050 0.022 0.698 0.000 -0.714 0.054 0.980 0.000 -0.027 -0.197 0.769 0.000 -0.639 0.038 0.980 0.000 -0.021 -0.200 0.620 0.000 -0.779 0.093 0.997 0.000 0.070 0.043 0.698 0.000 -0.714 0.062 0.994 0.000 0.092 0.052 
0.998 -0.025 -0.050 0.022 0.698 0.000 -0.714 0.054 0.980 -0.000 -0.027 -0.198 0.769 0.000 -0.639 0.038 0.980 0.000 -0.021 -0.199 0.620 0.000 -0.779 0.092 0.997 0.000 0.069 0.043 0.698 0.000 -0.714 0.061 0.994 0.000 0.092 0.053 
0.998 -0.025 -0.050 0.022 0.698 0.000 -0.714 0.055 0.980 0.000 -0.027 -0.198 0.769 0.000 -0.639 0.037 0.980 0.000 -0.021 -0.199 0.620 0.000 -0.779 0.091 0.997 0.000 0.069 0.043 0.698 0.000 -0.714 0.060 0.994 0.000 0.091 0.053 
0.998 -0.024 -0.050 0.022 0.698 0.000 -0.714 0.055 0.980 0.000 -0.027 -0.197 0.769 -0.000 -0.639 0.037 0.980 -0.000 -0.021 -0.199 0.620 0.000 -0.779 0.089 0.997 0.000 0.069 0.044 0.698 0.000 -0.714 0.059 0.994 -0.000 0.091 0.053 
0.998 -0.024 -0.050 0.022 0.698 -0.000 -0.714 0.055 0.980 0.000 -0.027 -0.197 0.769 -0.000 -0.639 0.037 0.980 0.000 -0.021 -0.199 0.620 -0.000 -0.780 0.088 0.997 0.000 0.069 0.044 0.698 0.000 -0.714 0.058 0.994 0.000 0.091 0.053 
0.998 -0.023 -0.050 0.022 0.698 0.000 -0.714 0.055 0.980 0.000 -0.026 -0.197 0.768 0.000 -0.639 0.037 0.980 0.000 -0.021 -0.198 0.620 0.000 -0.780 0.086 0.997 0.000 0.070 0.044 0.698 0.000 -0.714 0.056 0.994 -0.000 0.091 0.054 
0.998 -0.022 -0.050 0.022 0.698 -0.000 -0.714 0.055 0.980 0.000 -0.026 -0.197 0.768 0.000 -0.639 0.036 0.980 0.000 -0.021 -0.199 0.620 0.000 -0.780 0.085 0.997 0.000 0.069 0.045 0.698 0.000 -0.714 0.057 0.994 0.000 0.092 0.052 
0.998 -0.022 -0.050 0.021 0.697 0.000 -0.714 0.056 0.980 0.000 -0.026 -0.196 0.768 0.000 -0.639 0.036 0.980 -0.000 -0.021 -0.199 0.620 -0.000 -0.780 0.084 0.997 0.000 0.069 0.045 0.696 0.000 -0.716 0.056 0.994 0.000 0.094 0.052 
0.998 -0.021 -0.050 0.021 0.698 0.000 -0.714 0.056 0.980 0.000 -0.026 -0.196 0.768 0.000 -0.639 0.036 0.980 0.000 -0.022 -0.198 0.620 0.000 -0.780 0.083 0.997 -0.000 0.069 0.045 0.696 0.000 -0.716 0.055 0.994 0.000 0.093 0.052 
0.998 -0.021 -0.050 0.022 0.697 0.000 -0.715 0.056 0.980 0.000 -0.025 -0.196 0.768 -0.000 -0.639 0.036 0.980 -0.000 -0.022 -0.199 0.620 0.000 -0.780 0.081 0.997 0.000 0.069 0.045 0.698 0.000 -0.715 0.052 0.994 0.000 0.092 0.053 
0.998 -0.020 -0.050 0.022 0.697 0.000 -0.715 0.056 0.980 0.000 -0.025 -0.196 0.768 0.000 -0.639 0.035 0.980 0.000 -0.022 -0.198 0.620 -0.000 -0.780 0.080 0.997 0.000 0.069 0.045 0.698 -0.000 -0.714 0.051 0.994 0.000 0.091 0.053 
0.998 -0.020 -0.050 0.022 0.697 0.000 -0.715 0.056 0.980 0.000 -0.025 -0.196 0.768 0.000 -0.639 0.035 0.980 0.000 -0.023 -0.198 0.620 0.000 -0.780 0.079 0.997 0.000 0.069 0.045 0.698 0.000 -0.715 0.050 0.994 0.000 0.091 0.053 
0.998 -0.019 -0.050 0.022 0.697 -0.000 -0.715 0.056 0.980 0.000 -0.025 -0.196 0.768 0.000 -0.640 0.035 0.980 0.000 -0.022 -0.198 0.620 0.000 -0.780 0.079 0.997 -0.000 0.069 0.044 0.698 -0.000 -0.715 0.050 0.994 -0.000 0.091 0.053 
0.998 -0.019 -0.050 0.022 0.697 0.000 -0.715 0.056 0.980 0.000 -0.025 -0.195 0.768 0.000 -0.640 0.035 0.980 0.000 -0.022 -0.198 0.620 0.000 -0.780 0.079 0.997 0.000 0.069 0.044 0.698 0.000 -0.715 0.049 0.994 -0.000 0.091 0.053 
0.998 -0.019 -0.050 0.022 0.697 0.000 -0.715 0.056 0.980 0.000 -0.025 -0.195 0.768 0.000 -0.640 0.035 0.980 0.000 -0.022 -0.198 0.621 0.000 -0.780 0.078 0.997 0.000 0.069 0.044 0.697 0.000 -0.715 0.049 0.994 0.000 0.091 0.053 
0.998 -0.018 -0.050 0.022 0.697 0.000 -0.715 0.056 0.981 0.000 -0.025 -0.195 0.768 0.000 -0.640 0.035 0.980 0.000 -0.023 -0.198 0.620 -0.000 -0.780 0.078 0.997 0.000 0.069 0.043 0.697 0.000 -0.715 0.049 0.994 0.000 0.091 0.053 
0.998 -0.018 -0.050 0.022 0.697 0.000 -0.715 0.056 0.981 -0.000 -0.025 -0.195 0.768 -0.000 -0.640 0.035 0.980 0.000 -0.023 -0.198 0.621 -0.000 -0.780 0.078 0.997 0.000 0.069 0.043 0.697 0.000 -0.715 0.048 0.994 0.000 0.091 0.053 
0.998 -0.018 -0.050 0.022 0.697 -0.000 -0.715 0.057 0.981 0.000 -0.025 -0.194 0.768 0.000 -0.639 0.034 0.980 0.000 -0.023 -0.198 0.620 -0.000 -0.780 0.078 0.997 0.000 0.069 0.043 0.698 -0.000 -0.715 0.047 0.994 0.000 0.091 0.053 
0.998 -0.018 -0.050 0.022 0.697 0.000 -0.715 0.057 0.981 0.000 -0.025 -0.194 0.768 0.000 -0.639 0.034 0.980 0.000 -0.023 -0.198 0.620 0.000 -0.780 0.077 0.997 0.000 0.069 0.042 0.697 0.000 -0.715 0.047 0.994 0.000 0.091 0.053 
0.998 -0.017 -0.050 0.022 0.697 0.000 -0.715 0.057 0.981 0.000 -0.025 -0.194 0.768 0.000 -0.639 0.034 0.980 0.000 -0.023 -0.197 0.620 0.000 -0.780 0.077 0.997 0.000 0.069 0.042 0.698 -0.000 -0.715 0.047 0.994 0.000 0.091 0.053 
0.998 -0.017 -0.050 0.022 0.697 -0.000 -0.715 0.057 0.981 0.000 -0.025 -0.194 0.768 -0.000 -0.639 0.034 0.980 0.000 -0.023 -0.198 0.620 0.000 -0.781 0.077 0.997 0.000 0.069 0.042 0.698 -0.000 -0.715 0.046 0.994 0.000 0.091 0.053 
0.998 -0.017 -0.050 0.022 0.696 0.000 -0.715 0.057 0.981 0.000 -0.025 -0.194 0.768 0.000 -0.639 0.034 0.980 0.000 -0.023 -0.198 0.620 0.000 -0.780 0.077 0.997 0.000 0.069 0.042 0.698 0.000 -0.715 0.046 0.994 -0.000 0.091 0.053 
0.998 -0.017 -0.050 0.022 0.696 0.000 -0.716 0.057 0.981 0.000 -0.025 -0.194 0.768 0.000 -0.639 0.033 0.980 0.000 -0.024 -0.198 0.620 -0.000 -0.780 0.077 0.997 0.000 0.069 0.042 0.698 0.000 -0.715 0.046 0.994 0.000 0.091 0.053 
0.998 -0.016 -0.050 0.023 0.696 0.000 -0.716 0.057 0.981 0.000 -0.025 -0.194 0.768 0.000 -0.639 0.033 0.980 0.000 -0.024 -0.198 0.621 0.000 -0.780 0.076 0.997 0.000 0.069 0.041 0.698 -0.000 -0.715 0.046 0.994 0.000 0.091 0.053 
0.998 -0.016 -0.050 0.022 0.696 0.000 -0.716 0.058 0.981 0.000 -0.025 -0.194 0.769 -0.000 -0.639 0.033 0.980 0.000 -0.023 -0.198 0.620 0.000 -0.780 0.076 0.997 0.000 0.069 0.041 0.698 -0.000 -0.715 0.046 0.995 0.000 0.091 0.052 
0.998 -0.016 -0.050 0.023 0.696 0.000 -0.716 0.058 0.981 -0.000 -0.025 -0.194 0.768 0.000 -0.639 0.033 0.980 0.000 -0.023 -0.198 0.621 0.000 -0.780 0.076 0.997 0.000 0.069 0.041 0.698 -0.000 -0.715 0.045 0.995 0.000 0.091 0.052 
0.998 -0.016 -0.050 0.023 0.696 -0.000 -0.716 0.058 0.981 0.000 -0.025 -0.194 0.768 -0.000 -0.639 0.033 0.980 -0.000 -0.023 -0.198 0.621 0.000 -0.780 0.076 0.997 0.000 0.069 0.041 0.698 0.000 -0.715 0.046 0.995 0.000 0.091 0.052 
0.998 -0.016 -0.050 0.023 0.696 0.000 -0.716 0.058 0.981 0.000 -0.025 -0.194 0.769 0.000 -0.639 0.033 0.980 -0.000 -0.023 -0.198 0.620 0.000 -0.780 0.077 0.997 0.000 0.069 0.041 0.698 0.000 -0.715 0.046 0.995 0.000 0.091 0.051 
0.998 -0.016 -0.050 0.023 0.696 0.000 -0.716 0.058 0.981 -0.000 -0.025 -0.194 0.769 0.000 -0.638 0.033 0.980 0.000 -0.024 -0.199 0.621 0.000 -0.780 0.077 0.997 0.000 0.068 0.040 0.698 -0.000 -0.715 0.046 0.995 0.000 0.091 0.051 
0.998 -0.016 -0.050 0.023 0.696 0.000 -0.716 0.058 0.981 0.000 -0.025 -0.194 0.769 0.000 -0.639 0.033 0.980 0.000 -0.023 -0.199 0.620 0.000 -0.781 0.077 0.997 0.000 0.069 0.040 0.698 -0.000 -0.715 0.046 0.995 0.000 0.091 0.051 
0.998 -0.016 -0.050 0.023 0.696 0.000 -0.716 0.058 0.981 0.000 -0.025 -0.194 0.769 0.000 -0.639 0.033 0.980 0.000 -0.024 -0.199 0.620 -0.000 -0.780 0.077 0.997 0.000 0.069 0.040 0.697 0.000 -0.715 0.046 0.994 0.000 0.091 0.051 
0.998 -0.016 -0.050 0.023 0.696 -0.000 -0.716 0.058 0.981 0.000 -0.026 -0.195 0.769 0.000 -0.639 0.033 0.980 0.000 -0.024 -0.199 0.620 0.000 -0.780 0.077 0.997 0.000 0.069 0.040 0.697 0.000 -0.715 0.046 0.995 -0.000 0.091 0.051 
0.998 -0.016 -0.050 0.023 0.696 0.000 -0.716 0.059 0.980 0.000 -0.026 -0.195 0.769 0.000 -0.639 0.033 0.980 0.000 -0.024 -0.199 0.620 0.000 -0.780 0.078 0.997 0.000 0.069 0.040 0.697 0.000 -0.715 0.046 0.995 0.000 0.091 0.051 
0.998 -0.016 -0.050 0.023 0.696 0.000 -0.716 0.059 0.980 0.000 -0.026 -0.195 0.769 0.000 -0.639 0.033 0.980 0.000 -0.024 -0.199 0.620 -0.000 -0.780 0.078 0.997 0.000 0.069 0.039 0.697 0.000 -0.715 0.046 0.994 0.000 0.092 0.051 
0.998 -0.016 -0.050 0.023 0.696 0.000 -0.716 0.059 0.980 0.000 -0.026 -0.195 0.769 0.000 -0.638 0.032 0.980 0.000 -0.024 -0.198 0.620 0.000 -0.780 0.078 0.997 0.000 0.069 0.039 0.697 0.000 -0.715 0.046 0.994 0.000 0.091 0.051 
0.998 -0.016 -0.050 0.023 0.696 0.000 -0.716 0.059 0.980 0.000 -0.027 -0.195 0.769 0.000 -0.638 0.032 0.980 0.000 -0.024 -0.199 0.620 0.000 -0.780 0.079 0.997 0.000 0.069 0.039 0.697 0.000 -0.715 0.047 0.995 0.000 0.091 0.051 
0.998 -0.015 -0.050 0.024 0.696 0.000 -0.715 0.059 0.980 0.000 -0.027 -0.197 0.769 0.000 -0.639 0.031 0.980 0.000 -0.025 -0.198 0.621 0.000 -0.780 0.078 0.997 -0.000 0.069 0.039 0.698 0.000 -0.715 0.045 0.995 -0.000 0.090 0.052 
0.998 -0.015 -0.050 0.024 0.696 0.000 -0.715 0.059 0.980 -0.000 -0.027 -0.197 0.769 0.000 -0.639 0.031 0.980 0.000 -0.025 -0.198 0.621 -0.000 -0.780 0.078 0.997 0.000 0.069 0.039 0.698 0.000 -0.715 0.045 0.995 0.000 0.090 0.053 
0.998 -0.015 -0.049 0.024 0.696 0.000 -0.715 0.059 0.980 0.000 -0.027 -0.197 0.769 0.000 -0.639 0.031 0.980 0.000 -0.025 -0.199 0.621 0.000 -0.780 0.078 0.997 0.000 0.069 0.039 0.698 0.000 -0.715 0.045 0.995 -0.000 0.090 0.053 
0.998 -0.015 -0.049 0.024 0.696 0.000 -0.715 0.059 0.980 0.000 -0.027 -0.198 0.769 0.000 -0.639 0.031 0.980 0.000 -0.025 -0.199 0.621 -0.000 -0.780 0.078 0.997 0.000 0.068 0.039 0.698 0.000 -0.715 0.045 0.995 -0.000 0.090 0.053 
0.998 -0.016 -0.050 0.024 0.696 0.000 -0.715 0.059 0.980 0.000 -0.028 -0.198 0.769 0.000 -0.639 0.031 0.980 0.000 -0.025 -0.199 0.621 0.000 -0.780 0.079 0.997 0.000 0.068 0.039 0.698 0.000 -0.715 0.045 0.995 0.000 0.090 0.053 
0.998 -0.016 -0.050 0.024 0.696 0.000 -0.715 0.058 0.980 -0.000 -0.027 -0.197 0.769 0.000 -0.639 0.031 0.980 0.000 -0.025 -0.199 0.621 0.000 -0.780 0.079 0.997 0.000 0.068 0.039 0.698 0.000 -0.715 0.045 0.995 0.000 0.090 0.053 
0.998 -0.016 -0.050 0.024 0.697 0.000 -0.715 0.057 0.980 0.000 -0.027 -0.197 0.769 0.000 -0.639 0.031 0.980 0.000 -0.025 -0.199 0.621 -0.000 -0.780 0.080 0.997 0.000 0.068 0.039 0.698 -0.000 -0.715 0.045 0.995 0.000 0.090 0.053 
0.998 -0.016 -0.050 0.024 0.697 0.000 -0.715 0.057 0.980 0.000 -0.028 -0.198 0.769 0.000 -0.639 0.031 0.980 0.000 -0.025 -0.199 0.621 -0.000 -0.780 0.080 0.997 0.000 0.068 0.039 0.698 0.000 -0.715 0.046 0.995 0.000 0.090 0.053 
0.998 -0.016 -0.050 0.024 0.697 0.000 -0.715 0.057 0.980 0.000 -0.028 -0.198 0.769 0.000 -0.639 0.031 0.980 -0.000 -0.026 -0.199 0.621 0.000 -0.779 0.080 0.997 0.000 0.068 0.039 0.698 0.000 -0.715 0.046 0.995 0.000 0.090 0.053 
0.998 -0.016 -0.050 0.024 0.697 0.000 -0.715 0.057 0.980 0.000 -0.028 -0.198 0.769 0.000 -0.639 0.031 0.980 0.000 -0.026 -0.199 0.621 0.000 -0.779 0.081 0.997 0.000 0.068 0.038 0.697 0.000 -0.715 0.047 0.995 -0.000 0.091 0.052 
0.998 -0.016 -0.050 0.024 0.697 -0.000 -0.715 0.056 0.980 -0.000 -0.028 -0.199 0.769 0.000 -0.639 0.031 0.980 0.000 -0.026 -0.200 0.621 0.000 -0.779 0.081 0.997 0.000 0.068 0.038 0.698 0.000 -0.715 0.047 0.995 -0.000 0.090 0.052 
0.998 -0.016 -0.050 0.024 0.697 -0.000 -0.715 0.056 0.980 0.000 -0.029 -0.199 0.769 0.000 -0.639 0.031 0.980 0.000 -0.026 -0.199 0.622 0.000 -0.779 0.082 0.997 0.000 0.068 0.038 0.698 -0.000 -0.715 0.048 0.995 0.000 0.090 0.052 
0.998 -0.016 -0.050 0.024 0.697 0.000 -0.715 0.056 0.979 0.000 -0.029 -0.200 0.769 -0.000 -0.639 0.031 0.980 0.000 -0.026 -0.200 0.622 0.000 -0.779 0.082 0.997 0.000 0.068 0.038 0.698 0.000 -0.715 0.048 0.995 0.000 0.090 0.051 
0.998 -0.017 -0.049 0.023 0.697 0.000 -0.715 0.056 0.979 -0.000 -0.029 -0.200 0.769 0.000 -0.639 0.032 0.979 0.000 -0.025 -0.200 0.622 0.000 -0.779 0.083 0.997 0.000 0.068 0.038 0.696 0.000 -0.716 0.052 0.994 0.000 0.093 0.049 
0.998 -0.017 -0.050 0.022 0.697 0.000 -0.715 0.055 0.980 -0.000 -0.029 -0.199 0.769 0.000 -0.638 0.033 0.979 0.000 -0.025 -0.200 0.622 -0.000 -0.779 0.084 0.997 0.000 0.068 0.038 0.695 0.000 -0.717 0.053 0.994 0.000 0.094 0.048 
0.998 -0.017 -0.050 0.023 0.697 0.000 -0.715 0.055 0.980 0.000 -0.029 -0.199 0.769 0.000 -0.638 0.032 0.979 0.000 -0.025 -0.200 0.621 -0.000 -0.779 0.083 0.997 -0.000 0.068 0.038 0.697 0.000 -0.715 0.051 0.995 0.000 0.092 0.050 
0.998 -0.017 -0.050 0.023 0.697 0.000 -0.715 0.055 0.979 0.000 -0.029 -0.200 0.769 0.000 -0.638 0.032 0.979 0.000 -0.025 -0.200 0.622 0.000 -0.779 0.083 0.997 0.000 0.068 0.038 0.697 -0.000 -0.715 0.051 0.995 0.000 0.092 0.050 
0.998 -0.017 -0.050 0.023 0.697 0.000 -0.715 0.054 0.979 -0.000 -0.029 -0.199 0.769 -0.000 -0.638 0.032 0.979 -0.000 -0.025 -0.200 0.622 0.000 -0.779 0.084 0.997 0.000 0.068 0.038 0.697 0.000 -0.715 0.052 0.995 0.000 0.092 0.049 
0.998 -0.017 -0.050 0.023 0.697 0.000 -0.715 0.053 0.979 0.000 -0.029 -0.199 0.769 0.000 -0.638 0.032 0.979 0.000 -0.025 -0.200 0.622 -0.000 -0.779 0.084 0.997 0.000 0.067 0.038 0.697 0.000 -0.715 0.053 0.995 0.000 0.092 0.048 
0.998 -0.017 -0.050 0.023 0.697 0.000 -0.715 0.053 0.979 0.000 -0.029 -0.200 0.769 0.000 -0.638 0.032 0.979 0.000 -0.025 -0.200 0.622 0.000 -0.779 0.084 0.997 0.000 0.067 0.039 0.697 0.000 -0.715 0.053 0.995 0.000 0.092 0.048 
0.998 -0.017 -0.050 0.023 0.697 0.000 -0.715 0.052 0.979 0.000 -0.029 -0.200 0.769 -0.000 -0.638 0.032 0.979 -0.000 -0.026 -0.200 0.622 0.000 -0.778 0.084 0.997 0.000 0.067 0.039 0.697 0.000 -0.715 0.053 0.995 0.000 0.092 0.048 
0.998 -0.017 -0.050 0.023 0.697 0.000 -0.715 0.052 0.979 0.000 -0.029 -0.200 0.769 -0.000 -0.638 0.032 0.979 0.000 -0.025 -0.200 0.622 0.000 -0.778 0.084 0.997 0.000 0.067 0.039 0.697 0.000 -0.715 0.053 0.995 0.000 0.092 0.049 
0.998 -0.017 -0.050 0.023 0.697 0.000 -0.715 0.052 0.979 0.000 -0.029 -0.200 0.769 0.000 -0.638 0.032 0.979 0.000 -0.025 -0.200 0.622 0.000 -0.778 0.084 0.997 0.000 0.067 0.039 0.696 0.000 -0.716 0.053 0.995 0.000 0.092 0.048 
0.998 -0.017 -0.050 0.023 0.697 0.000 -0.715 0.051 0.979 0.000 -0.029 -0.201 0.769 0.000 -0.638 0.031 0.979 -0.000 -0.025 -0.200 0.623 0.000 -0.778 0.083 0.997 0.000 0.067 0.039 0.697 0.000 -0.715 0.053 0.995 0.000 0.092 0.049 
0.998 -0.016 -0.050 0.021 0.697 -0.000 -0.715 0.050 0.979 0.000 -0.030 -0.202 0.769 0.000 -0.638 0.031 0.980 0.000 -0.024 -0.200 0.621 0.000 -0.779 0.080 0.997 0.000 0.069 0.041 0.697 0.000 -0.716 0.052 0.995 0.000 0.092 0.049 
0.998 -0.016 -0.050 0.021 0.697 0.000 -0.715 0.050 0.979 0.000 -0.030 -0.202 0.769 -0.000 -0.638 0.030 0.980 0.000 -0.024 -0.199 0.622 0.000 -0.779 0.080 0.997 0.000 0.068 0.041 0.696 0.000 -0.716 0.052 0.995 0.000 0.092 0.049 
0.998 -0.016 -0.050 0.021 0.697 -0.000 -0.715 0.050 0.979 0.000 -0.030 -0.202 0.769 0.000 -0.638 0.030 0.980 0.000 -0.024 -0.199 0.622 0.000 -0.779 0.080 0.997 0.000 0.068 0.041 0.696 0.000 -0.716 0.052 0.995 0.000 0.092 0.050 
0.998 -0.016 -0.050 0.021 0.697 -0.000 -0.715 0.049 0.979 -0.000 -0.030 -0.202 0.769 -0.000 -0.638 0.030 0.980 -0.000 -0.024 -0.199 0.622 0.000 -0.779 0.081 0.997 0.000 0.069 0.041 0.696 0.000 -0.716 0.052 0.995 0.000 0.092 0.050 
0.998 -0.016 -0.050 0.021 0.697 -0.000 -0.715 0.048 0.979 0.000 -0.030 -0.201 0.769 0.000 -0.638 0.030 0.980 0.000 -0.024 -0.199 0.622 0.000 -0.779 0.080 0.997 0.000 0.069 0.041 0.696 -0.000 -0.716 0.052 0.995 0.000 0.092 0.050 
0.998 -0.016 -0.050 0.021 0.697 0.000 -0.715 0.048 0.979 0.000 -0.030 -0.201 0.769 -0.000 -0.638 0.030 0.980 0.000 -0.024 -0.199 0.622 0.000 -0.779 0.080 0.997 0.000 0.069 0.041 0.696 0.000 -0.716 0.052 0.995 0.000 0.092 0.050 
0.998 -0.016 -0.050 0.022 0.698 0.000 -0.715 0.047 0.979 0.000 -0.030 -0.201 0.769 -0.000 -0.638 0.030 0.980 0.000 -0.024 -0.199 0.622 0.000 -0.779 0.080 0.997 0.000 0.069 0.041 0.696 -0.000 -0.716 0.051 0.995 0.000 0.092 0.050 
0.998 -0.016 -0.050 0.022 0.698 0.000 -0.715 0.047 0.979 0.000 -0.030 -0.201 0.769 -0.000 -0.638 0.030 0.980 0.000 -0.024 -0.199 0.622 0.000 -0.779 0.080 0.997 0.000 0.069 0.041 0.696 0.000 -0.716 0.051 0.995 -0.000 0.091 0.051 
0.998 -0.016 -0.050 0.022 0.698 0.000 -0.715 0.046 0.979 0.000 -0.031 -0.202 0.769 0.000 -0.638 0.029 0.980 0.000 -0.024 -0.198 0.622 -0.000 -0.779 0.080 0.997 -0.000 0.069 0.041 0.696 -0.000 -0.716 0.050 0.995 0.000 0.091 0.051 
0.998 -0.016 -0.050 0.022 0.698 0.000 -0.715 0.046 0.979 0.000 -0.031 -0.202 0.769 -0.000 -0.638 0.029 0.980 0.000 -0.024 -0.198 0.622 0.000 -0.779 0.080 0.997 0.000 0.069 0.041 0.696 0.000 -0.716 0.051 0.995 0.000 0.091 0.051 
0.998 -0.016 -0.050 0.022 0.698 -0.000 -0.715 0.046 0.979 0.000 -0.031 -0.203 0.769 -0.000 -0.638 0.029 0.980 0.000 -0.024 -0.197 0.622 -0.000 -0.779 0.080 0.997 0.000 0.069 0.041 0.697 0.000 -0.716 0.051 0.995 0.000 0.091 0.051 
0.998 -0.016 -0.050 0.022 0.698 -0.000 -0.715 0.046 0.979 0.000 -0.032 -0.203 0.770 0.000 -0.638 0.029 0.980 0.000 -0.024 -0.198 0.622 0.000 -0.779 0.081 0.997 0.000 0.069 0.041 0.696 -0.000 -0.716 0.051 0.995 0.000 0.091 0.051 
0.998 -0.016 -0.050 0.022 0.698 -0.000 -0.715 0.045 0.979 0.000 -0.032 -0.202 0.769 0.000 -0.638 0.029 0.980 0.000 -0.024 -0.197 0.622 -0.000 -0.779 0.080 0.997 0.000 0.069 0.041 0.697 0.000 -0.716 0.051 0.995 0.000 0.091 0.051 
0.998 -0.016 -0.050 0.022 0.698 0.000 -0.714 0.045 0.979 0.000 -0.032 -0.202 0.769 -0.000 -0.638 0.029 0.980 0.000 -0.024 -0.198 0.622 0.000 -0.779 0.081 0.997 0.000 0.069 0.041 0.696 0.000 -0.716 0.051 0.995 0.000 0.091 0.051 
0.998 -0.016 -0.050 0.022 0.698 -0.000 -0.714 0.044 0.979 0.000 -0.032 -0.202 0.769 0.000 -0.638 0.029 0.980 0.000 -0.024 -0.198 0.622 0.000 -0.779 0.081 0.997 0.000 0.069 0.041 0.697 -0.000 -0.716 0.051 0.995 0.000 0.091 0.051 
0.998 -0.016 -0.050 0.022 0.698 0.000 -0.715 0.043 0.979 0.000 -0.032 -0.201 0.769 0.000 -0.638 0.029 0.980 0.000 -0.024 -0.198 0.622 -0.000 -0.779 0.081 0.997 0.000 0.069 0.041 0.697 0.000 -0.716 0.051 0.995 0.000 0.091 0.051 
0.998 -0.016 -0.050 0.022 0.698 0.000 -0.714 0.043 0.979 0.000 -0.032 -0.201 0.769 0.000 -0.638 0.029 0.980 0.000 -0.024 -0.198 0.622 -0.000 -0.779 0.081 0.997 0.000 0.069 0.041 0.697 0.000 -0.716 0.051 0.995 -0.000 0.091 0.051 
0.998 -0.016 -0.050 0.022 0.698 0.000 -0.715 0.043 0.979 0.000 -0.032 -0.201 0.769 0.000 -0.638 0.029 0.980 0.000 -0.024 -0.199 0.622 -0.000 -0.779 0.081 0.997 0.000 0.069 0.041 0.697 0.000 -0.716 0.052 0.995 0.000 0.091 0.050 
0.998 -0.016 -0.050 0.022 0.698 0.000 -0.714 0.043 0.979 0.000 -0.032 -0.201 0.770 -0.000 -0.638 0.029 0.980 0.000 -0.024 -0.199 0.622 -0.000 -0.779 0.082 0.997 -0.000 0.069 0.041 0.697 0.000 -0.716 0.052 0.995 0.000 0.091 0.050 
0.998 -0.016 -0.050 0.022 0.698 0.000 -0.715 0.042 0.979 0.000 -0.032 -0.201 0.770 -0.000 -0.638 0.029 0.980 0.000 -0.024 -0.198 0.622 0.000 -0.779 0.082 0.997 0.000 0.069 0.041 0.696 0.000 -0.716 0.053 0.995 0.000 0.091 0.050 
0.998 -0.016 -0.050 0.022 0.698 0.000 -0.714 0.043 0.979 0.000 -0.033 -0.202 0.770 0.000 -0.638 0.029 0.980 0.000 -0.024 -0.199 0.622 0.000 -0.779 0.082 0.997 0.000 0.069 0.041 0.696 0.000 -0.716 0.053 0.995 0.000 0.092 0.050 
0.998 -0.016 -0.050 0.022 0.699 0.000 -0.714 0.043 0.979 0.000 -0.033 -0.202 0.770 0.000 -0.638 0.029 0.980 0.000 -0.025 -0.199 0.622 0.000 -0.779 0.082 0.997 -0.000 0.069 0.041 0.696 0.000 -0.716 0.053 0.995 0.000 0.091 0.050 
0.998 -0.016 -0.050 0.022 0.699 0.000 -0.714 0.043 0.979 0.000 -0.033 -0.202 0.770 0.000 -0.638 0.029 0.980 -0.000 -0.025 -0.199 0.622 0.000 -0.779 0.082 0.997 0.000 0.069 0.041 0.697 0.000 -0.716 0.053 0.995 0.000 0.091 0.050 
0.998 -0.016 -0.050 0.021 0.699 0.000 -0.714 0.042 0.979 0.000 -0.033 -0.202 0.770 0.000 -0.638 0.029 0.980 0.000 -0.025 -0.199 0.622 0.000 -0.779 0.082 0.997 0.000 0.069 0.041 0.696 0.000 -0.716 0.054 0.995 -0.000 0.091 0.050 
0.998 -0.016 -0.050 0.021 0.699 0.000 -0.714 0.042 0.979 0.000 -0.033 -0.202 0.769 0.000 -0.638 0.029 0.980 0.000 -0.024 -0.200 0.622 0.000 -0.779 0.082 0.997 0.000 0.069 0.041 0.696 0.000 -0.716 0.054 0.995 -0.000 0.091 0.050 
0.998 -0.016 -0.050 0.021 0.699 0.000 -0.714 0.042 0.979 0.000 -0.033 -0.202 0.770 0.000 -0.638 0.029 0.979 0.000 -0.025 -0.200 0.622 0.000 -0.779 0.083 0.997 -0.000 0.070 0.041 0.696 0.000 -0.716 0.054 0.995 0.000 0.091 0.050 
0.998 -0.016 -0.050 0.021 0.699 0.000 -0.714 0.042 0.979 -0.000 -0.034 -0.203 0.770 0.000 -0.638 0.029 0.979 0.000 -0.025 -0.201 0.622 0.000 -0.779 0.083 0.997 -0.000 0.069 0.041 0.697 0.000 -0.716 0.054 0.995 0.000 0.091 0.050 
0.998 -0.016 -0.050 0.021 0.699 -0.000 -0.714 0.042 0.979 0.000 -0.034 -0.203 0.770 0.000 -0.638 0.029 0.979 0.000 -0.025 -0.200 0.622 -0.000 -0.779 0.083 0.997 0.000 0.070 0.041 0.697 0.000 -0.715 0.055 0.995 0.000 0.091 0.049 
0.998 -0.016 -0.051 0.021 0.699 0.000 -0.714 0.042 0.979 0.000 -0.034 -0.203 0.770 -0.000 -0.638 0.029 0.979 -0.000 -0.025 -0.201 0.622 0.000 -0.779 0.083 0.997 0.000 0.069 0.041 0.697 0.000 -0.715 0.055 0.995 0.000 0.091 0.049 
0.998 -0.016 -0.051 0.020 0.699 -0.000 -0.714 0.042 0.979 0.000 -0.035 -0.203 0.770 0.000 -0.638 0.029 0.979 0.000 -0.025 -0.201 0.622 0.000 -0.779 0.083 0.997 0.000 0.069 0.041 0.697 0.000 -0.715 0.056 0.995 0.000 0.091 0.049 
0.998 -0.016 -0.051 0.021 0.699 0.000 -0.714 0.042 0.979 0.000 -0.035 -0.203 0.770 0.000 -0.638 0.029 0.979 0.000 -0.025 -0.201 0.622 0.000 -0.779 0.083 0.997 0.000 0.069 0.041 0.697 0.000 -0.715 0.055 0.995 0.000 0.091 0.050 
0.998 -0.016 -0.051 0.021 0.699 -0.000 -0.714 0.042 0.978 0.000 -0.035 -0.203 0.770 0.000 -0.638 0.029 0.979 0.000 -0.025 -0.200 0.622 -0.000 -0.779 0.084 0.997 0.000 0.070 0.040 0.696 0.000 -0.715 0.055 0.995 0.000 0.091 0.049 
0.998 -0.016 -0.051 0.021 0.699 0.000 -0.714 0.042 0.979 0.000 -0.035 -0.203 0.770 0.000 -0.638 0.029 0.979 -0.000 -0.025 -0.200 0.622 0.000 -0.778 0.084 0.997 0.000 0.069 0.040 0.697 0.000 -0.715 0.056 0.995 0.000 0.091 0.049 
0.998 -0.016 -0.051 0.021 0.699 0.000 -0.714 0.042 0.979 -0.000 -0.035 -0.203 0.770 0.000 -0.638 0.029 0.979 0.000 -0.025 -0.200 0.622 0.000 -0.779 0.084 0.997 0.000 0.070 0.041 0.696 0.000 -0.715 0.056 0.995 0.000 0.091 0.049 
0.998 -0.016 -0.051 0.021 0.699 -0.000 -0.714 0.042 0.979 -0.000 -0.035 -0.203 0.770 0.000 -0.638 0.029 0.979 0.000 -0.025 -0.200 0.622 0.000 -0.779 0.084 0.997 0.000 0.070 0.040 0.696 0.000 -0.716 0.056 0.995 0.000 0.091 0.049 
0.998 -0.017 -0.051 0.021 0.699 0.000 -0.714 0.042 0.979 0.000 -0.036 -0.203 0.769 -0.000 -0.638 0.028 0.980 0.000 -0.024 -0.199 0.622 0.000 -0.779 0.085 0.997 0.000 0.070 0.041 0.696 0.000 -0.716 0.056 0.995 0.000 0.092 0.049 
0.998 -0.016 -0.051 0.021 0.699 0.000 -0.714 0.042 0.979 -0.000 -0.036 -0.203 0.770 0.000 -0.638 0.028 0.980 0.000 -0.025 -0.199 0.622 -0.000 -0.779 0.085 0.997 0.000 0.070 0.041 0.696 0.000 -0.716 0.056 0.995 0.000 0.092 0.049 
0.998 -0.016 -0.051 0.021 0.699 0.000 -0.714 0.042 0.979 0.000 -0.036 -0.203 0.770 0.000 -0.638 0.028 0.980 0.000 -0.025 -0.199 0.622 0.000 -0.779 0.085 0.997 0.000 0.070 0.041 0.696 0.000 -0.716 0.057 0.995 0.000 0.092 0.049 
0.998 -0.017 -0.051 0.021 0.699 0.000 -0.714 0.042 0.979 0.000 -0.037 -0.203 0.770 0.000 -0.638 0.027 0.980 0.000 -0.025 -0.199 0.622 0.000 -0.778 0.085 0.997 -0.000 0.070 0.040 0.696 0.000 -0.716 0.057 0.995 0.000 0.092 0.049 
0.998 -0.017 -0.051 0.021 0.699 0.000 -0.714 0.041 0.978 0.000 -0.037 -0.203 0.770 0.000 -0.638 0.027 0.980 0.000 -0.025 -0.198 0.622 -0.000 -0.779 0.085 0.997 0.000 0.070 0.041 0.696 0.000 -0.716 0.057 0.995 0.000 0.092 0.049 
0.998 -0.017 -0.051 0.021 0.698 0.000 -0.714 0.041 0.978 0.000 -0.036 -0.203 0.770 0.000 -0.638 0.027 0.980 0.000 -0.024 -0.198 0.622 0.000 -0.778 0.086 0.997 0.000 0.070 0.041 0.696 0.000 -0.715 0.058 0.995 -0.000 0.092 0.048 
0.998 -0.017 -0.051 0.021 0.698 0.000 -0.714 0.041 0.979 0.000 -0.036 -0.203 0.770 0.000 -0.638 0.027 0.980 0.000 -0.024 -0.198 0.622 0.000 -0.778 0.086 0.997 0.000 0.070 0.041 0.696 0.000 -0.715 0.057 0.995 0.000 0.092 0.049 
0.998 -0.017 -0.051 0.021 0.698 0.000 -0.715 0.041 0.978 0.000 -0.036 -0.203 0.770 0.000 -0.638 0.027 0.980 0.000 -0.024 -0.198 0.622 -0.000 -0.778 0.086 0.997 0.000 0.070 0.041 0.696 0.000 -0.715 0.058 0.995 0.000 0.092 0.048 
0.998 -0.017 -0.051 0.021 0.698 0.000 -0.715 0.041 0.979 0.000 -0.037 -0.203 0.770 -0.000 -0.638 0.027 0.980 0.000 -0.024 -0.198 0.622 0.000 -0.778 0.086 0.997 0.000 0.070 0.041 0.696 0.000 -0.715 0.059 0.995 0.000 0.092 0.048 
0.998 -0.017 -0.051 0.020 0.698 0.000 -0.715 0.041 0.978 0.000 -0.037 -0.203 0.769 0.000 -0.638 0.028 0.980 0.000 -0.024 -0.198 0.622 -0.000 -0.778 0.087 0.997 0.000 0.070 0.041 0.694 0.000 -0.717 0.061 0.994 -0.000 0.094 0.047 
0.998 -0.017 -0.051 0.021 0.698 -0.000 -0.715 0.040 0.979 -0.000 -0.036 -0.202 0.770 -0.000 -0.638 0.027 0.980 -0.000 -0.025 -0.199 0.622 0.000 -0.778 0.087 0.997 0.000 0.070 0.041 0.696 0.000 -0.715 0.059 0.995 0.000 0.092 0.048 
0.998 -0.017 -0.051 0.021 0.698 0.000 -0.715 0.041 0.978 0.000 -0.037 -0.203 0.770 0.000 -0.638 0.027 0.980 0.000 -0.024 -0.198 0.622 0.000 -0.778 0.087 0.997 0.000 0.070 0.041 0.696 0.000 -0.715 0.059 0.995 0.000 0.093 0.048 
0.998 -0.017 -0.051 0.021 0.698 0.000 -0.715 0.040 0.979 0.000 -0.037 -0.203 0.770 0.000 -0.638 0.027 0.980 0.000 -0.024 -0.199 0.622 0.000 -0.778 0.087 0.997 0.000 0.070 0.041 0.696 0.000 -0.715 0.060 0.995 0.000 0.092 0.048 
0.998 -0.017 -0.051 0.021 0.698 0.000 -0.715 0.040 0.978 0.000 -0.037 -0.203 0.770 0.000 -0.638 0.027 0.980 0.000 -0.024 -0.199 0.622 0.000 -0.778 0.087 0.997 -0.000 0.070 0.041 0.698 0.000 -0.714 0.059 0.995 0.000 0.090 0.048 
0.998 -0.017 -0.051 0.022 0.698 0.000 -0.715 0.040 0.978 -0.000 -0.037 -0.203 0.770 0.000 -0.638 0.027 0.980 0.000 -0.024 -0.199 0.622 -0.000 -0.778 0.087 0.997 -0.000 0.070 0.041 0.698 0.000 -0.714 0.060 0.995 0.000 0.090 0.048 
0.998 -0.017 -0.051 0.022 0.698 0.000 -0.715 0.040 0.978 0.000 -0.037 -0.203 0.770 0.000 -0.638 0.027 0.980 0.000 -0.024 -0.199 0.622 0.000 -0.778 0.088 0.997 0.000 0.070 0.041 0.698 0.000 -0.714 0.060 0.995 0.000 0.090 0.048 
0.998 -0.017 -0.051 0.022 0.698 0.000 -0.715 0.040 0.979 0.000 -0.037 -0.203 0.770 -0.000 -0.637 0.026 0.980 0.000 -0.024 -0.199 0.622 -0.000 -0.778 0.088 0.997 -0.000 0.070 0.041 0.698 0.000 -0.714 0.061 0.995 0.000 0.090 0.047 
0.998 -0.018 -0.052 0.022 0.698 0.000 -0.715 0.040 0.978 0.000 -0.038 -0.203 0.770 0.000 -0.637 0.026 0.980 0.000 -0.024 -0.199 0.622 0.000 -0.778 0.088 0.997 0.000 0.070 0.041 0.698 0.000 -0.714 0.061 0.995 0.000 0.090 0.048 
0.998 -0.018 -0.052 0.022 0.698 -0.000 -0.715 0.039 0.978 -0.000 -0.038 -0.203 0.770 0.000 -0.637 0.026 0.980 0.000 -0.024 -0.199 0.622 0.000 -0.778 0.089 0.997 0.000 0.070 0.041 0.698 -0.000 -0.714 0.061 0.995 -0.000 0.091 0.048 
0.998 -0.018 -0.052 0.022 0.697 0.000 -0.716 0.039 0.978 -0.000 -0.038 -0.203 0.770 0.000 -0.637 0.025 0.980 0.000 -0.024 -0.198 0.622 0.000 -0.778 0.089 0.997 0.000 0.070 0.041 0.698 -0.000 -0.714 0.061 0.995 -0.000 0.090 0.048 
0.998 -0.018 -0.052 0.022 0.697 -0.000 -0.716 0.040 0.978 0.000 -0.038 -0.204 0.770 0.000 -0.637 0.025 0.980 0.000 -0.025 -0.198 0.622 0.000 -0.778 0.089 0.997 0.000 0.070 0.041 0.698 0.000 -0.714 0.061 0.995 0.000 0.090 0.048 
0.998 -0.018 -0.052 0.022 0.697 0.000 -0.716 0.039 0.978 0.000 -0.038 -0.203 0.770 0.000 -0.637 0.025 0.980 0.000 -0.024 -0.198 0.622 0.000 -0.778 0.090 0.997 0.000 0.070 0.041 0.698 -0.000 -0.714 0.062 0.995 -0.000 0.091 0.047 
0.998 -0.018 -0.052 0.022 0.697 0.000 -0.716 0.039 0.978 0.000 -0.038 -0.203 0.771 0.000 -0.637 0.024 0.980 0.000 -0.025 -0.198 0.622 0.000 -0.778 0.090 0.997 0.000 0.070 0.041 0.698 0.000 -0.714 0.062 0.995 0.000 0.090 0.048 
0.998 -0.018 -0.052 0.022 0.697 0.000 -0.716 0.039 0.978 0.000 -0.038 -0.203 0.771 0.000 -0.637 0.025 0.980 0.000 -0.025 -0.198 0.622 0.000 -0.778 0.091 0.997 -0.000 0.070 0.041 0.697 0.000 -0.714 0.062 0.995 0.000 0.091 0.048 
0.998 -0.019 -0.052 0.022 0.697 0.000 -0.716 0.039 0.978 0.000 -0.039 -0.203 0.771 0.000 -0.637 0.024 0.980 0.000 -0.024 -0.198 0.622 0.000 -0.778 0.091 0.997 0.000 0.070 0.041 0.697 0.000 -0.714 0.063 0.995 0.000 0.091 0.047 
0.998 -0.019 -0.052 0.021 0.697 0.000 -0.716 0.039 0.978 0.000 -0.039 -0.203 0.771 0.000 -0.637 0.024 0.980 0.000 -0.024 -0.198 0.622 0.000 -0.778 0.091 0.997 -0.000 0.070 0.041 0.697 -0.000 -0.714 0.064 0.995 0.000 0.091 0.047 
0.998 -0.019 -0.052 0.022 0.697 0.000 -0.716 0.039 0.978 0.000 -0.039 -0.203 0.771 -0.000 -0.637 0.024 0.980 0.000 -0.024 -0.197 0.622 0.000 -0.778 0.092 0.997 0.000 0.071 0.041 0.697 0.000 -0.714 0.064 0.995 -0.000 0.091 0.047 
0.998 -0.019 -0.052 0.021 0.697 -0.000 -0.716 0.039 0.978 -0.000 -0.039 -0.203 0.771 0.000 -0.637 0.024 0.980 0.000 -0.024 -0.198 0.622 -0.000 -0.778 0.092 0.997 0.000 0.071 0.040 0.697 0.000 -0.714 0.064 0.995 0.000 0.091 0.047 
0.998 -0.019 -0.052 0.020 0.697 0.000 -0.716 0.039 0.978 0.000 -0.040 -0.203 0.771 -0.000 -0.637 0.024 0.980 0.000 -0.024 -0.198 0.622 0.000 -0.777 0.093 0.997 0.000 0.071 0.040 0.695 0.000 -0.716 0.067 0.995 0.000 0.093 0.046 
0.998 -0.019 -0.052 0.021 0.697 0.000 -0.716 0.039 0.978 0.000 -0.040 -0.203 0.771 0.000 -0.636 0.024 0.980 0.000 -0.025 -0.198 0.622 0.000 -0.778 0.092 0.997 -0.000 0.071 0.041 0.697 0.000 -0.714 0.065 0.995 -0.000 0.091 0.047 
0.998 -0.019 -0.052 0.021 0.697 -0.000 -0.716 0.038 0.978 0.000 -0.040 -0.203 0.771 0.000 -0.636 0.023 0.980 0.000 -0.025 -0.198 0.622 0.000 -0.778 0.092 0.997 0.000 0.071 0.041 0.697 0.000 -0.714 0.065 0.995 0.000 0.091 0.047 
0.998 -0.020 -0.052 0.020 0.697 0.000 -0.716 0.038 0.978 0.000 -0.041 -0.203 0.771 0.000 -0.636 0.024 0.980 0.000 -0.024 -0.199 0.622 0.000 -0.777 0.094 0.997 0.000 0.071 0.041 0.695 0.000 -0.716 0.068 0.995 0.000 0.093 0.045 
0.998 -0.020 -0.052 0.020 0.697 0.000 -0.716 0.038 0.979 -0.000 -0.041 -0.202 0.771 0.000 -0.636 0.024 0.980 0.000 -0.024 -0.199 0.622 0.000 -0.777 0.094 0.997 0.000 0.071 0.041 0.695 0.000 -0.716 0.068 0.995 0.000 0.093 0.045 
0.998 -0.020 -0.052 0.020 0.697 0.000 -0.716 0.037 0.979 0.000 -0.041 -0.202 0.771 0.000 -0.636 0.024 0.980 0.000 -0.024 -0.198 0.622 0.000 -0.777 0.094 0.997 0.000 0.071 0.041 0.695 -0.000 -0.716 0.069 0.995 0.000 0.093 0.045 
0.998 -0.020 -0.052 0.020 0.697 0.000 -0.716 0.037 0.978 0.000 -0.041 -0.202 0.771 0.000 -0.636 0.023 0.980 -0.000 -0.024 -0.199 0.622 0.000 -0.777 0.094 0.997 0.000 0.071 0.041 0.695 0.000 -0.716 0.069 0.995 0.000 0.093 0.045 
0.998 -0.020 -0.052 0.020 0.697 0.000 -0.716 0.037 0.979 0.000 -0.041 -0.202 0.771 0.000 -0.636 0.023 0.980 0.000 -0.024 -0.199 0.623 0.000 -0.777 0.094 0.997 0.000 0.071 0.041 0.695 0.000 -0.716 0.069 0.995 -0.000 0.093 0.045 
0.998 -0.020 -0.052 0.019 0.697 0.000 -0.716 0.037 0.979 -0.000 -0.041 -0.202 0.771 0.000 -0.636 0.023 0.980 0.000 -0.023 -0.199 0.623 0.000 -0.777 0.094 0.997 0.000 0.071 0.041 0.695 0.000 -0.716 0.069 0.995 0.000 0.093 0.046 
0.998 -0.020 -0.052 0.019 0.697 0.000 -0.716 0.037 0.979 0.000 -0.042 -0.202 0.771 0.000 -0.636 0.022 0.980 0.000 -0.024 -0.198 0.623 0.000 -0.777 0.094 0.997 0.000 0.071 0.041 0.695 0.000 -0.716 0.070 0.995 0.000 0.093 0.045 
0.998 -0.020 -0.052 0.020 0.697 0.000 -0.716 0.036 0.979 0.000 -0.042 -0.202 0.771 0.000 -0.636 0.022 0.980 0.000 -0.023 -0.197 0.623 0.000 -0.777 0.095 0.997 0.000 0.071 0.041 0.695 0.000 -0.716 0.070 0.995 0.000 0.094 0.045 
0.998 -0.020 -0.052 0.019 0.697 0.000 -0.716 0.036 0.979 0.000 -0.042 -0.202 0.771 0.000 -0.636 0.022 0.980 0.000 -0.024 -0.198 0.623 0.000 -0.777 0.094 0.997 0.000 0.071 0.042 0.695 0.000 -0.716 0.070 0.995 0.000 0.093 0.046 
0.998 -0.020 -0.052 0.019 0.697 0.000 -0.716 0.036 0.978 0.000 -0.042 -0.202 0.771 0.000 -0.636 0.021 0.980 0.000 -0.024 -0.197 0.623 0.000 -0.777 0.095 0.997 0.000 0.071 0.041 0.695 -0.000 -0.716 0.071 0.995 0.000 0.094 0.045 
0.998 -0.021 -0.052 0.019 0.697 0.000 -0.716 0.036 0.978 -0.000 -0.043 -0.202 0.772 -0.000 -0.636 0.021 0.980 0.000 -0.024 -0.197 0.623 0.000 -0.777 0.096 0.997 0.000 0.071 0.041 0.695 -0.000 -0.716 0.071 0.995 -0.000 0.094 0.045 
0.998 -0.020 -0.053 0.018 0.696 -0.000 -0.717 0.035 0.978 0.000 -0.043 -0.202 0.772 0.000 -0.635 0.021 0.980 0.000 -0.023 -0.198 0.622 0.000 -0.777 0.093 0.997 0.000 0.071 0.042 0.695 0.000 -0.715 0.071 0.995 0.000 0.094 0.045 
0.998 -0.020 -0.053 0.018 0.696 0.000 -0.717 0.034 0.978 0.000 -0.043 -0.202 0.772 -0.000 -0.635 0.021 0.980 0.000 -0.023 -0.198 0.622 0.000 -0.777 0.094 0.997 0.000 0.071 0.043 0.695 -0.000 -0.715 0.071 0.995 0.000 0.093 0.045 
0.998 -0.020 -0.053 0.018 0.696 0.000 -0.717 0.034 0.978 -0.000 -0.044 -0.202 0.773 0.000 -0.634 0.021 0.980 0.000 -0.024 -0.199 0.622 0.000 -0.777 0.094 0.997 0.000 0.072 0.042 0.695 0.000 -0.715 0.071 0.995 -0.000 0.094 0.045 
0.998 -0.020 -0.053 0.018 0.696 -0.000 -0.717 0.033 0.978 0.000 -0.044 -0.202 0.773 -0.000 -0.634 0.021 0.980 0.000 -0.025 -0.199 0.622 0.000 -0.777 0.094 0.997 0.000 0.071 0.042 0.695 0.000 -0.715 0.071 0.995 0.000 0.094 0.045 
0.998 -0.020 -0.053 0.018 0.696 0.000 -0.717 0.033 0.978 -0.000 -0.044 -0.202 0.773 0.000 -0.634 0.021 0.980 0.000 -0.024 -0.199 0.622 0.000 -0.777 0.094 0.997 0.000 0.071 0.042 0.695 0.000 -0.715 0.072 0.995 0.000 0.094 0.045 
0.998 -0.021 -0.053 0.018 0.696 0.000 -0.717 0.032 0.979 0.000 -0.044 -0.201 0.773 -0.000 -0.634 0.021 0.980 -0.000 -0.025 -0.199 0.622 0.000 -0.777 0.095 0.997 0.000 0.071 0.042 0.695 0.000 -0.715 0.072 0.995 -0.000 0.094 0.045 
0.998 -0.021 -0.053 0.018 0.696 0.000 -0.717 0.032 0.979 0.000 -0.044 -0.201 0.773 -0.000 -0.634 0.022 0.980 0.000 -0.025 -0.200 0.622 0.000 -0.777 0.095 0.997 0.000 0.072 0.042 0.695 -0.000 -0.715 0.073 0.995 0.000 0.094 0.044 
0.998 -0.021 -0.053 0.018 0.696 0.000 -0.717 0.032 0.979 0.000 -0.044 -0.201 0.773 0.000 -0.634 0.022 0.979 -0.000 -0.025 -0.200 0.622 0.000 -0.777 0.096 0.997 0.000 0.072 0.042 0.695 0.000 -0.715 0.073 0.995 0.000 0.094 0.044 
0.998 -0.021 -0.053 0.018 0.696 0.000 -0.717 0.031 0.979 0.000 -0.044 -0.201 0.773 0.000 -0.634 0.021 0.980 0.000 -0.025 -0.200 0.622 -0.000 -0.777 0.096 0.997 0.000 0.072 0.042 0.695 0.000 -0.715 0.073 0.995 0.000 0.094 0.044 
0.998 -0.021 -0.053 0.018 0.696 0.000 -0.717 0.031 0.979 0.000 -0.044 -0.201 0.773 0.000 -0.634 0.022 0.979 0.000 -0.025 -0.200 0.623 0.000 -0.777 0.096 0.997 -0.000 0.072 0.042 0.695 0.000 -0.715 0.074 0.995 0.000 0.094 0.044 
0.998 -0.021 -0.053 0.018 0.696 0.000 -0.717 0.030 0.978 0.000 -0.044 -0.202 0.773 0.000 -0.634 0.022 0.979 0.000 -0.025 -0.200 0.623 0.000 -0.777 0.097 0.997 -0.000 0.072 0.042 0.695 0.000 -0.715 0.074 0.995 0.000 0.094 0.044 
0.998 -0.021 -0.053 0.018 0.696 0.000 -0.717 0.030 0.978 0.000 -0.044 -0.202 0.773 0.000 -0.634 0.022 0.979 0.000 -0.025 -0.200 0.623 0.000 -0.777 0.097 0.997 -0.000 0.072 0.042 0.695 0.000 -0.716 0.074 0.995 -0.000 0.094 0.044 
0.998 -0.021 -0.053 0.018 0.696 0.000 -0.717 0.030 0.978 0.000 -0.044 -0.203 0.773 0.000 -0.634 0.022 0.979 0.000 -0.025 -0.200 0.623 0.000 -0.776 0.097 0.997 0.000 0.072 0.041 0.695 0.000 -0.716 0.074 0.995 0.000 0.094 0.044 
0.998 -0.021 -0.053 0.019 0.696 0.000 -0.717 0.030 0.978 -0.000 -0.044 -0.202 0.773 0.000 -0.634 0.021 0.980 0.000 -0.025 -0.200 0.623 0.000 -0.776 0.097 0.997 0.000 0.072 0.041 0.694 0.000 -0.716 0.074 0.995 0.000 0.094 0.044 
0.998 -0.022 -0.053 0.019 0.696 0.000 -0.717 0.029 0.978 0.000 -0.044 -0.203 0.772 0.000 -0.635 0.021 0.980 0.000 -0.024 -0.199 0.623 0.000 -0.776 0.098 0.997 0.000 0.072 0.041 0.695 0.000 -0.716 0.075 0.995 0.000 0.094 0.044 
0.998 -0.021 -0.053 0.019 0.696 0.000 -0.717 0.029 0.978 0.000 -0.045 -0.202 0.773 -0.000 -0.634 0.021 0.980 0.000 -0.026 -0.199 0.623 0.000 -0.776 0.098 0.997 0.000 0.072 0.041 0.694 0.000 -0.716 0.075 0.995 0.000 0.094 0.044 
0.998 -0.021 -0.053 0.019 0.696 0.000 -0.717 0.029 0.978 0.000 -0.045 -0.202 0.773 0.000 -0.634 0.021 0.980 0.000 -0.026 -0.200 0.623 0.000 -0.776 0.098 0.997 -0.000 0.072 0.041 0.694 0.000 -0.716 0.074 0.995 0.000 0.094 0.044 
0.998 -0.022 -0.053 0.019 0.696 0.000 -0.717 0.028 0.978 0.000 -0.045 -0.202 0.773 -0.000 -0.634 0.021 0.980 0.000 -0.026 -0.199 0.623 0.000 -0.776 0.098 0.997 -0.000 0.072 0.041 0.694 0.000 -0.716 0.074 0.995 0.000 0.094 0.044 
0.998 -0.022 -0.053 0.019 0.696 0.000 -0.717 0.028 0.978 0.000 -0.045 -0.203 0.773 0.000 -0.634 0.021 0.980 0.000 -0.026 -0.200 0.623 0.000 -0.776 0.098 0.997 0.000 0.072 0.041 0.694 -0.000 -0.716 0.074 0.995 0.000 0.094 0.045 
0.998 -0.022 -0.053 0.019 0.696 0.000 -0.717 0.028 0.978 0.000 -0.045 -0.203 0.773 0.000 -0.634 0.021 0.980 0.000 -0.025 -0.200 0.623 -0.000 -0.776 0.099 0.997 0.000 0.072 0.041 0.694 0.000 -0.716 0.075 0.995 -0.000 0.094 0.044 
0.998 -0.022 -0.053 0.019 0.696 0.000 -0.717 0.028 0.978 0.000 -0.045 -0.203 0.773 0.000 -0.634 0.020 0.980 0.000 -0.025 -0.199 0.623 0.000 -0.776 0.099 0.997 0.000 0.072 0.041 0.694 0.000 -0.716 0.075 0.995 0.000 0.094 0.044 
0.998 -0.022 -0.053 0.019 0.696 -0.000 -0.717 0.027 0.978 0.000 -0.045 -0.203 0.772 0.000 -0.635 0.020 0.980 0.000 -0.024 -0.198 0.623 0.000 -0.776 0.099 0.997 0.000 0.072 0.041 0.694 0.000 -0.716 0.075 0.995 0.000 0.094 0.044 
0.998 -0.022 -0.053 0.020 0.696 0.000 -0.717 0.027 0.978 0.000 -0.045 -0.204 0.773 -0.000 -0.634 0.020 0.980 0.000 -0.025 -0.199 0.623 0.000 -0.776 0.099 0.997 0.000 0.072 0.041 0.694 0.000 -0.716 0.075 0.995 0.000 0.094 0.044 
0.998 -0.022 -0.053 0.020 0.696 0.000 -0.717 0.027 0.978 0.000 -0.045 -0.203 0.773 0.000 -0.634 0.020 0.980 0.000 -0.025 -0.199 0.623 0.000 -0.776 0.099 0.997 0.000 0.072 0.041 0.694 0.000 -0.716 0.075 0.995 0.000 0.094 0.044 
0.998 -0.022 -0.053 0.020 0.696 -0.000 -0.717 0.027 0.978 -0.000 -0.045 -0.203 0.773 0.000 -0.635 0.020 0.980 0.000 -0.024 -0.199 0.623 0.000 -0.776 0.099 0.997 -0.000 0.072 0.041 0.694 -0.000 -0.716 0.075 0.995 -0.000 0.094 0.044 
0.998 -0.022 -0.053 0.020 0.696 -0.000 -0.717 0.027 0.978 0.000 -0.045 -0.204 0.773 -0.000 -0.635 0.020 0.980 0.000 -0.024 -0.199 0.623 0.000 -0.776 0.099 0.997 0.000 0.072 0.041 0.694 0.000 -0.716 0.075 0.995 0.000 0.094 0.044 
0.998 -0.022 -0.053 0.020 0.696 0.000 -0.717 0.026 0.978 0.000 -0.045 -0.204 0.773 0.000 -0.635 0.019 0.980 0.000 -0.024 -0.198 0.623 0.000 -0.776 0.099 0.997 0.000 0.072 0.041 0.694 0.000 -0.716 0.075 0.995 0.000 0.094 0.044 
0.998 -0.022 -0.053 0.020 0.696 0.000 -0.717 0.026 0.978 0.000 -0.045 -0.204 0.773 0.000 -0.635 0.019 0.980 0.000 -0.024 -0.198 0.623 -0.000 -0.776 0.099 0.997 0.000 0.072 0.041 0.694 0.000 -0.716 0.075 0.995 0.000 0.095 0.043 
0.998 -0.022 -0.053 0.020 0.696 0.000 -0.717 0.025 0.978 0.000 -0.045 -0.204 0.773 0.000 -0.634 0.020 0.980 0.000 -0.024 -0.198 0.623 -0.000 -0.776 0.099 0.997 -0.000 0.072 0.041 0.694 0.000 -0.716 0.075 0.995 0.000 0.094 0.044 
0.998 -0.022 -0.053 0.020 0.696 -0.000 -0.717 0.025 0.978 0.000 -0.046 -0.203 0.773 0.000 -0.634 0.020 0.980 -0.000 -0.024 -0.198 0.623 0.000 -0.776 0.099 0.997 0.000 0.072 0.041 0.694 0.000 -0.716 0.074 0.995 0.000 0.094 0.045 
0.998 -0.022 -0.053 0.020 0.696 0.000 -0.717 0.024 0.978 0.000 -0.046 -0.203 0.772 0.000 -0.635 0.020 0.980 0.000 -0.023 -0.198 0.623 0.000 -0.776 0.099 0.997 0.000 0.072 0.041 0.694 0.000 -0.716 0.075 0.995 0.000 0.094 0.044 
0.998 -0.022 -0.053 0.019 0.696 0.000 -0.717 0.024 0.978 0.000 -0.046 -0.203 0.772 0.000 -0.635 0.020 0.980 0.000 -0.023 -0.198 0.623 0.000 -0.776 0.099 0.997 0.000 0.072 0.041 0.694 0.000 -0.716 0.075 0.995 0.000 0.094 0.044 
0.998 -0.022 -0.053 0.019 0.696 0.000 -0.717 0.023 0.978 0.000 -0.046 -0.202 0.772 0.000 -0.635 0.020 0.980 0.000 -0.023 -0.198 0.623 0.000 -0.776 0.098 0.997 0.000 0.072 0.041 0.694 0.000 -0.716 0.075 0.995 0.000 0.094 0.044 
0.998 -0.022 -0.053 0.019 0.696 0.000 -0.717 0.023 0.978 0.000 -0.046 -0.202 0.772 0.000 -0.635 0.020 0.980 0.000 -0.023 -0.198 0.623 -0.000 -0.776 0.098 0.997 0.000 0.072 0.041 0.694 0.000 -0.716 0.075 0.995 -0.000 0.094 0.044 
0.998 -0.022 -0.053 0.019 0.696 0.000 -0.718 0.023 0.978 0.000 -0.046 -0.201 0.772 -0.000 -0.635 0.020 0.980 0.000 -0.023 -0.199 0.623 0.000 -0.776 0.098 0.997 0.000 0.072 0.041 0.694 0.000 -0.716 0.074 0.995 0.000 0.094 0.045 
0.998 -0.022 -0.053 0.019 0.696 -0.000 -0.717 0.022 0.979 0.000 -0.046 -0.201 0.772 0.000 -0.635 0.020 0.980 0.000 -0.023 -0.198 0.623 0.000 -0.776 0.098 0.997 0.000 0.072 0.041 0.694 0.000 -0.716 0.075 0.995 0.000 0.094 0.044 
0.998 -0.021 -0.053 0.019 0.696 0.000 -0.718 0.022 0.979 -0.000 -0.046 -0.200 0.772 0.000 -0.635 0.020 0.980 0.000 -0.023 -0.198 0.623 0.000 -0.776 0.098 0.997 0.000 0.072 0.041 0.694 0.000 -0.716 0.075 0.995 0.000 0.094 0.044 
0.998 -0.021 -0.053 0.018 0.696 0.000 -0.718 0.022 0.979 0.000 -0.046 -0.200 0.772 0.000 -0.635 0.020 0.980 0.000 -0.023 -0.198 0.623 0.000 -0.776 0.098 0.997 0.000 0.072 0.041 0.694 0.000 -0.716 0.075 0.995 0.000 0.094 0.044 
0.998 -0.021 -0.053 0.018 0.696 0.000 -0.718 0.022 0.979 0.000 -0.046 -0.200 0.772 0.000 -0.635 0.020 0.980 0.000 -0.022 -0.198 0.623 -0.000 -0.776 0.098 0.997 0.000 0.072 0.041 0.694 0.000 -0.716 0.075 0.995 0.000 0.094 0.044 
0.998 -0.021 -0.053 0.018 0.696 0.000 -0.717 0.022 0.979 0.000 -0.046 -0.200 0.772 0.000 -0.635 0.020 0.980 0.000 -0.022 -0.198 0.623 0.000 -0.776 0.097 0.997 0.000 0.072 0.041 0.694 0.000 -0.716 0.075 0.995 0.000 0.094 0.044 
0.998 -0.021 -0.053 0.018 0.696 0.000 -0.718 0.022 0.979 0.000 -0.046 -0.200 0.772 0.000 -0.635 0.020 0.980 0.000 -0.022 -0.198 0.623 -0.000 -0.776 0.097 0.997 0.000 0.072 0.041 0.694 0.000 -0.716 0.075 0.995 0.000 0.094 0.044 
0.998 -0.021 -0.053 0.018 0.696 0.000 -0.718 0.022 0.979 0.000 -0.046 -0.200 0.772 0.000 -0.635 0.020 0.980 -0.000 -0.022 -0.199 0.623 0.000 -0.776 0.097 0.997 0.000 0.072 0.041 0.694 0.000 -0.716 0.074 0.995 0.000 0.094 0.045 
0.998 -0.021 -0.053 0.018 0.696 0.000 -0.718 0.021 0.979 -0.000 -0.046 -0.200 0.772 -0.000 -0.635 0.020 0.980 0.000 -0.022 -0.199 0.623 0.000 -0.776 0.097 0.997 0.000 0.072 0.041 0.694 -0.000 -0.716 0.074 0.995 0.000 0.095 0.044 
0.998 -0.021 -0.053 0.018 0.696 0.000 -0.718 0.021 0.979 0.000 -0.047 -0.200 0.772 0.000 -0.635 0.020 0.980 0.000 -0.023 -0.199 0.623 0.000 -0.776 0.096 0.997 0.000 0.072 0.042 0.694 0.000 -0.716 0.074 0.995 0.000 0.094 0.044 
0.998 -0.021 -0.053 0.018 0.696 0.000 -0.718 0.021 0.979 0.000 -0.047 -0.200 0.772 0.000 -0.636 0.021 0.980 -0.000 -0.022 -0.199 0.623 -0.000 -0.776 0.096 0.997 0.000 0.072 0.042 0.694 0.000 -0.716 0.074 0.995 0.000 0.094 0.044 
0.998 -0.021 -0.053 0.018 0.696 0.000 -0.718 0.021 0.979 0.000 -0.047 -0.200 0.772 0.000 -0.636 0.021 0.980 0.000 -0.023 -0.199 0.623 0.000 -0.776 0.097 0.997 0.000 0.072 0.041 0.694 0.000 -0.716 0.074 0.995 0.000 0.094 0.044 
0.998 -0.021 -0.053 0.018 0.696 0.000 -0.717 0.021 0.979 0.000 -0.047 -0.199 0.772 0.000 -0.636 0.021 0.980 0.000 -0.023 -0.199 0.623 0.000 -0.776 0.096 0.997 -0.000 0.072 0.042 0.694 -0.000 -0.716 0.074 0.995 0.000 0.094 0.044 
0.998 -0.021 -0.053 0.018 0.696 0.000 -0.717 0.021 0.979 0.000 -0.047 -0.199 0.771 0.000 -0.636 0.021 0.980 0.000 -0.023 -0.199 0.624 0.000 -0.776 0.097 0.997 0.000 0.072 0.041 0.694 0.000 -0.716 0.074 0.995 0.000 0.094 0.044 
0.998 -0.021 -0.053 0.018 0.696 0.000 -0.717 0.021 0.979 0.000 -0.047 -0.199 0.771 -0.000 -0.636 0.022 0.980 0.000 -0.023 -0.199 0.623 0.000 -0.776 0.097 0.997 0.000 0.072 0.041 0.694 -0.000 -0.716 0.074 0.995 -0.000 0.094 0.044 
0.998 -0.021 -0.053 0.018 0.696 0.000 -0.717 0.021 0.979 0.000 -0.047 -0.199 0.771 0.000 -0.636 0.022 0.980 0.000 -0.023 -0.199 0.623 0.000 -0.776 0.096 0.997 0.000 0.072 0.041 0.694 0.000 -0.716 0.074 0.995 0.000 0.094 0.044 
0.998 -0.021 -0.053 0.018 0.696 0.000 -0.717 0.021 0.979 0.000 -0.047 -0.199 0.771 0.000 -0.636 0.022 0.980 0.000 -0.023 -0.199 0.623 -0.000 -0.776 0.096 0.997 0.000 0.072 0.041 0.694 0.000 -0.716 0.073 0.995 -0.000 0.094 0.044 
0.998 -0.021 -0.053 0.018 0.696 0.000 -0.717 0.021 0.979 0.000 -0.047 -0.199 0.771 0.000 -0.636 0.022 0.980 0.000 -0.024 -0.199 0.623 0.000 -0.776 0.097 0.997 -0.000 0.072 0.041 0.694 0.000 -0.716 0.073 0.995 0.000 0.094 0.045 
0.998 -0.021 -0.053 0.018 0.696 -0.000 -0.717 0.021 0.979 0.000 -0.047 -0.199 0.771 0.000 -0.636 0.022 0.980 0.000 -0.023 -0.199 0.623 0.000 -0.776 0.096 0.997 -0.000 0.072 0.041 0.694 0.000 -0.716 0.073 0.995 -0.000 0.094 0.045 
0.998 -0.021 -0.053 0.018 0.696 -0.000 -0.717 0.022 0.979 0.000 -0.047 -0.200 0.771 0.000 -0.636 0.023 0.980 -0.000 -0.024 -0.199 0.623 0.000 -0.776 0.097 0.997 0.000 0.072 0.041 0.694 -0.000 -0.716 0.073 0.995 0.000 0.093 0.045 
0.998 -0.021 -0.053 0.018 0.696 0.000 -0.718 0.022 0.979 0.000 -0.047 -0.199 0.771 0.000 -0.636 0.023 0.980 0.000 -0.024 -0.199 0.623 -0.000 -0.776 0.096 0.997 0.000 0.072 0.041 0.694 -0.000 -0.716 0.073 0.995 -0.000 0.094 0.044 
0.998 -0.021 -0.053 0.019 0.696 0.000 -0.718 0.022 0.979 0.000 -0.047 -0.200 0.771 0.000 -0.636 0.023 0.980 0.000 -0.024 -0.199 0.623 0.000 -0.776 0.096 0.997 0.000 0.072 0.041 0.694 0.000 -0.716 0.073 0.995 0.000 0.094 0.045 
0.998 -0.021 -0.053 0.018 0.696 0.000 -0.718 0.022 0.979 0.000 -0.047 -0.200 0.771 0.000 -0.636 0.023 0.980 0.000 -0.024 -0.199 0.623 0.000 -0.776 0.096 0.997 -0.000 0.072 0.041 0.694 -0.000 -0.716 0.073 0.995 0.000 0.094 0.045 
0.998 -0.021 -0.053 0.018 0.696 0.000 -0.718 0.022 0.979 -0.000 -0.047 -0.200 0.771 0.000 -0.636 0.023 0.980 0.000 -0.024 -0.199 0.624 0.000 -0.776 0.095 0.997 0.000 0.071 0.042 0.694 0.000 -0.716 0.073 0.995 -0.000 0.093 0.045 
0.998 -0.021 -0.053 0.018 0.696 -0.000 -0.718 0.022 0.979 0.000 -0.047 -0.200 0.771 -0.000 -0.636 0.024 0.980 0.000 -0.025 -0.199 0.623 -0.000 -0.776 0.096 0.997 0.000 0.072 0.041 0.694 0.000 -0.716 0.073 0.995 0.000 0.094 0.045 
0.998 -0.021 -0.053 0.018 0.696 -0.000 -0.718 0.022 0.979 0.000 -0.047 -0.200 0.771 0.000 -0.636 0.024 0.980 0.000 -0.025 -0.199 0.623 -0.000 -0.776 0.096 0.997 0.000 0.072 0.042 0.694 0.000 -0.716 0.072 0.995 0.000 0.094 0.045 
0.998 -0.021 -0.053 0.018 0.696 0.000 -0.718 0.023 0.979 0.000 -0.047 -0.200 0.771 0.000 -0.636 0.024 0.980 0.000 -0.025 -0.199 0.623 0.000 -0.776 0.095 0.997 0.000 0.072 0.042 0.694 0.000 -0.716 0.072 0.995 -0.000 0.094 0.045 
0.998 -0.021 -0.053 0.018 0.696 0.000 -0.718 0.023 0.979 -0.000 -0.047 -0.200 0.771 0.000 -0.636 0.024 0.980 0.000 -0.025 -0.199 0.623 0.000 -0.776 0.095 0.997 0.000 0.072 0.042 0.694 0.000 -0.716 0.072 0.995 0.000 0.094 0.045 
0.998 -0.020 -0.053 0.018 0.696 0.000 -0.718 0.023 0.979 0.000 -0.047 -0.200 0.771 0.000 -0.636 0.024 0.980 0.000 -0.025 -0.199 0.623 0.000 -0.776 0.095 0.997 0.000 0.072 0.042 0.694 0.000 -0.716 0.072 0.995 -0.000 0.094 0.045 
0.998 -0.020 -0.053 0.018 0.696 0.000 -0.718 0.023 0.979 0.000 -0.047 -0.200 0.771 0.000 -0.636 0.024 0.980 0.000 -0.025 -0.199 0.623 -0.000 -0.776 0.094 0.997 0.000 0.072 0.042 0.694 0.000 -0.716 0.072 0.995 0.000 0.094 0.045 
0.998 -0.020 -0.053 0.018 0.696 0.000 -0.718 0.023 0.979 0.000 -0.047 -0.200 0.771 0.000 -0.636 0.024 0.980 -0.000 -0.025 -0.199 0.623 0.000 -0.776 0.094 0.997 0.000 0.072 0.042 0.694 0.000 -0.716 0.072 0.995 0.000 0.094 0.045 
0.998 -0.020 -0.053 0.017 0.696 0.000 -0.718 0.023 0.979 0.000 -0.047 -0.199 0.771 0.000 -0.636 0.024 0.980 -0.000 -0.025 -0.199 0.623 -0.000 -0.776 0.094 0.997 0.000 0.072 0.042 0.694 0.000 -0.716 0.072 0.995 0.000 0.094 0.045 
0.998 -0.020 -0.053 0.017 0.696 0.000 -0.718 0.023 0.979 0.000 -0.048 -0.199 0.772 0.000 -0.636 0.025 0.980 0.000 -0.026 -0.200 0.623 0.000 -0.776 0.094 0.997 0.000 0.072 0.042 0.694 0.000 -0.716 0.072 0.995 -0.000 0.093 0.045 
0.998 -0.020 -0.053 0.017 0.696 0.000 -0.718 0.024 0.979 -0.000 -0.048 -0.199 0.772 0.000 -0.636 0.025 0.980 0.000 -0.026 -0.200 0.624 0.000 -0.776 0.094 0.997 0.000 0.072 0.042 0.694 0.000 -0.716 0.072 0.995 -0.000 0.094 0.045 
0.998 -0.020 -0.053 0.017 0.696 0.000 -0.718 0.024 0.979 0.000 -0.048 -0.198 0.772 0.000 -0.636 0.025 0.980 -0.000 -0.026 -0.200 0.623 0.000 -0.776 0.094 0.997 0.000 0.072 0.042 0.694 0.000 -0.716 0.072 0.995 0.000 0.094 0.044 
0.998 -0.020 -0.053 0.017 0.696 0.000 -0.718 0.024 0.979 -0.000 -0.048 -0.198 0.772 0.000 -0.636 0.025 0.980 0.000 -0.026 -0.200 0.624 0.000 -0.776 0.094 0.997 0.000 0.072 0.041 0.694 -0.000 -0.716 0.071 0.995 0.000 0.093 0.045 
0.998 -0.020 -0.053 0.017 0.696 0.000 -0.718 0.024 0.979 0.000 -0.049 -0.199 0.772 0.000 -0.636 0.025 0.980 0.000 -0.026 -0.199 0.624 0.000 -0.776 0.094 0.997 0.000 0.072 0.042 0.692 0.000 -0.718 0.072 0.994 0.000 0.096 0.045 
0.998 -0.020 -0.053 0.017 0.696 0.000 -0.718 0.024 0.979 0.000 -0.049 -0.199 0.772 0.000 -0.636 0.025 0.979 0.000 -0.026 -0.200 0.624 0.000 -0.776 0.094 0.997 0.000 0.072 0.042 0.692 -0.000 -0.718 0.072 0.994 0.000 0.096 0.044 
0.998 -0.020 -0.053 0.017 0.696 0.000 -0.718 0.024 0.979 -0.000 -0.049 -0.199 0.772 -0.000 -0.636 0.024 0.980 0.000 -0.026 -0.199 0.624 0.000 -0.776 0.094 0.997 0.000 0.072 0.042 0.694 0.000 -0.716 0.071 0.995 0.000 0.093 0.045 
0.998 -0.020 -0.053 0.016 0.696 -0.000 -0.718 0.025 0.979 0.000 -0.049 -0.199 0.772 0.000 -0.635 0.024 0.980 0.000 -0.026 -0.200 0.624 0.000 -0.776 0.093 0.997 -0.000 0.072 0.042 0.692 0.000 -0.718 0.072 0.994 0.000 0.096 0.045 
0.998 -0.020 -0.053 0.016 0.696 -0.000 -0.718 0.025 0.979 0.000 -0.049 -0.199 0.772 0.000 -0.635 0.025 0.979 -0.000 -0.026 -0.200 0.624 0.000 -0.776 0.093 0.997 0.000 0.072 0.042 0.692 0.000 -0.718 0.072 0.994 0.000 0.096 0.044 
0.998 -0.020 -0.053 0.016 0.696 -0.000 -0.718 0.025 0.979 0.000 -0.049 -0.199 0.772 0.000 -0.635 0.024 0.979 0.000 -0.026 -0.200 0.624 0.000 -0.776 0.093 0.997 -0.000 0.072 0.041 0.692 -0.000 -0.718 0.072 0.994 0.000 0.096 0.045 
0.998 -0.020 -0.053 0.016 0.696 0.000 -0.718 0.025 0.979 0.000 -0.049 -0.200 0.772 0.000 -0.635 0.024 0.980 0.000 -0.026 -0.200 0.624 0.000 -0.776 0.093 0.997 0.000 0.072 0.042 0.692 0.000 -0.718 0.072 0.994 -0.000 0.096 0.045 
0.998 -0.020 -0.053 0.016 0.696 0.000 -0.718 0.026 0.979 -0.000 -0.049 -0.200 0.772 0.000 -0.635 0.024 0.979 0.000 -0.026 -0.200 0.624 0.000 -0.776 0.093 0.997 -0.000 0.072 0.041 0.692 0.000 -0.718 0.072 0.994 0.000 0.096 0.044 
0.998 -0.020 -0.053 0.016 0.696 -0.000 -0.718 0.026 0.979 0.000 -0.049 -0.200 0.772 0.000 -0.635 0.024 0.979 0.000 -0.026 -0.200 0.624 0.000 -0.776 0.093 0.997 0.000 0.072 0.041 0.692 0.000 -0.718 0.072 0.994 -0.000 0.096 0.045 
0.998 -0.020 -0.053 0.016 0.696 0.000 -0.718 0.026 0.979 0.000 -0.049 -0.200 0.772 0.000 -0.635 0.024 0.979 0.000 -0.026 -0.201 0.624 0.000 -0.776 0.093 0.997 0.000 0.072 0.041 0.692 0.000 -0.718 0.072 0.994 -0.000 0.096 0.045 
0.998 -0.020 -0.053 0.015 0.696 0.000 -0.718 0.026 0.979 0.000 -0.049 -0.199 0.772 0.000 -0.635 0.024 0.979 0.000 -0.026 -0.201 0.624 0.000 -0.776 0.093 0.997 0.000 0.072 0.042 0.692 0.000 -0.718 0.072 0.994 0.000 0.096 0.044 
0.998 -0.020 -0.053 0.015 0.696 -0.000 -0.718 0.026 0.979 0.000 -0.049 -0.200 0.772 0.000 -0.635 0.024 0.979 0.000 -0.026 -0.201 0.623 0.000 -0.776 0.093 0.997 0.000 0.072 0.041 0.692 0.000 -0.718 0.072 0.994 0.000 0.096 0.044 
0.998 -0.020 -0.053 0.015 0.696 0.000 -0.718 0.026 0.979 0.000 -0.049 -0.199 0.772 0.000 -0.635 0.024 0.979 0.000 -0.026 -0.201 0.624 0.000 -0.776 0.093 0.997 0.000 0.072 0.042 0.692 0.000 -0.718 0.072 0.994 0.000 0.096 0.044 
0.998 -0.020 -0.053 0.015 0.696 0.000 -0.718 0.026 0.979 0.000 -0.049 -0.199 0.772 0.000 -0.635 0.024 0.979 0.000 -0.027 -0.201 0.624 -0.000 -0.776 0.093 0.997 0.000 0.072 0.042 0.692 0.000 -0.718 0.072 0.994 0.000 0.096 0.044 
0.998 -0.020 -0.053 0.015 0.696 0.000 -0.718 0.026 0.979 0.000 -0.049 -0.199 0.772 -0.000 -0.635 0.024 0.979 0.000 -0.027 -0.201 0.624 0.000 -0.776 0.092 0.997 0.000 0.072 0.042 0.692 -0.000 -0.718 0.072 0.994 0.000 0.096 0.044 
0.998 -0.019 -0.053 0.015 0.696 0.000 -0.718 0.026 0.979 0.000 -0.049 -0.199 0.772 0.000 -0.635 0.024 0.979 -0.000 -0.027 -0.201 0.624 0.000 -0.776 0.092 0.997 0.000 0.071 0.042 0.692 0.000 -0.718 0.072 0.994 0.000 0.096 0.044 
0.998 -0.019 -0.054 0.015 0.695 0.000 -0.718 0.026 0.979 0.000 -0.048 -0.198 0.772 0.000 -0.635 0.024 0.979 0.000 -0.027 -0.201 0.623 -0.000 -0.776 0.092 0.997 0.000 0.071 0.042 0.692 0.000 -0.718 0.072 0.994 0.000 0.096 0.045 
0.998 -0.019 -0.054 0.015 0.695 0.000 -0.718 0.025 0.979 0.000 -0.049 -0.198 0.772 0.000 -0.635 0.024 0.979 0.000 -0.027 -0.202 0.623 0.000 -0.777 0.091 0.997 0.000 0.071 0.043 0.692 0.000 -0.718 0.072 0.994 0.000 0.096 0.044 
0.998 -0.019 -0.054 0.015 0.695 0.000 -0.718 0.026 0.979 -0.000 -0.048 -0.199 0.772 0.000 -0.635 0.023 0.979 0.000 -0.027 -0.201 0.624 -0.000 -0.777 0.091 0.997 0.000 0.071 0.043 0.693 0.000 -0.718 0.071 0.994 0.000 0.096 0.045 
0.998 -0.019 -0.054 0.015 0.695 0.000 -0.718 0.025 0.979 0.000 -0.048 -0.198 0.772 0.000 -0.635 0.023 0.979 0.000 -0.028 -0.201 0.623 -0.000 -0.777 0.090 0.997 0.000 0.071 0.044 0.693 0.000 -0.718 0.071 0.994 0.000 0.096 0.045 
0.998 -0.019 -0.054 0.015 0.695 0.000 -0.718 0.025 0.979 0.000 -0.048 -0.198 0.772 0.000 -0.635 0.023 0.979 0.000 -0.028 -0.202 0.624 0.000 -0.776 0.090 0.997 0.000 0.070 0.044 0.693 0.000 -0.718 0.071 0.994 -0.000 0.096 0.045 
0.998 -0.019 -0.054 0.015 0.695 0.000 -0.718 0.025 0.979 0.000 -0.048 -0.198 0.773 -0.000 -0.634 0.023 0.979 0.000 -0.028 -0.202 0.624 -0.000 -0.776 0.090 0.997 0.000 0.070 0.044 0.692 0.000 -0.718 0.071 0.994 -0.000 0.096 0.044 
0.998 -0.019 -0.054 0.015 0.695 0.000 -0.718 0.025 0.979 0.000 -0.048 -0.198 0.773 0.000 -0.634 0.023 0.979 0.000 -0.029 -0.202 0.624 0.000 -0.777 0.089 0.997 -0.000 0.070 0.045 0.693 0.000 -0.718 0.071 0.994 0.000 0.096 0.044 
0.998 -0.019 -0.054 0.014 0.695 -0.000 -0.719 0.025 0.979 0.000 -0.048 -0.198 0.773 0.000 -0.634 0.023 0.979 -0.000 -0.029 -0.203 0.624 0.000 -0.777 0.089 0.997 0.000 0.070 0.045 0.693 0.000 -0.718 0.071 0.994 0.000 0.096 0.045 
0.998 -0.019 -0.054 0.014 0.695 0.000 -0.719 0.025 0.979 0.000 -0.048 -0.198 0.773 0.000 -0.634 0.023 0.979 0.000 -0.029 -0.203 0.623 0.000 -0.777 0.088 0.996 -0.000 0.071 0.045 0.693 0.000 -0.718 0.070 0.994 0.000 0.096 0.045 
0.998 -0.019 -0.054 0.014 0.695 0.000 -0.719 0.025 0.979 0.000 -0.048 -0.198 0.773 0.000 -0.634 0.023 0.979 0.000 -0.029 -0.203 0.623 -0.000 -0.777 0.088 0.996 0.000 0.071 0.045 0.693 0.000 -0.718 0.070 0.994 0.000 0.096 0.045 
0.998 -0.019 -0.054 0.014 0.695 0.000 -0.719 0.026 0.979 -0.000 -0.049 -0.199 0.773 0.000 -0.634 0.022 0.979 0.000 -0.029 -0.203 0.623 0.000 -0.777 0.087 0.996 0.000 0.071 0.046 0.693 0.000 -0.718 0.070 0.994 0.000 0.096 0.045 
0.998 -0.019 -0.054 0.014 0.695 0.000 -0.719 0.026 0.979 0.000 -0.049 -0.199 0.773 0.000 -0.634 0.022 0.979 0.000 -0.029 -0.203 0.623 0.000 -0.777 0.087 0.996 0.000 0.071 0.046 0.693 0.000 -0.718 0.070 0.994 0.000 0.096 0.045 
0.998 -0.019 -0.054 0.014 0.695 0.000 -0.719 0.026 0.979 0.000 -0.049 -0.199 0.773 0.000 -0.634 0.022 0.979 0.000 -0.030 -0.203 0.624 0.000 -0.777 0.087 0.996 0.000 0.070 0.046 0.693 0.000 -0.718 0.069 0.994 0.000 0.096 0.045 
0.998 -0.019 -0.054 0.014 0.695 -0.000 -0.719 0.026 0.979 0.000 -0.049 -0.199 0.773 -0.000 -0.634 0.022 0.979 0.000 -0.030 -0.204 0.623 0.000 -0.777 0.086 0.996 0.000 0.071 0.046 0.693 0.000 -0.718 0.070 0.994 -0.000 0.096 0.045 
0.998 -0.019 -0.054 0.014 0.695 -0.000 -0.719 0.026 0.979 0.000 -0.049 -0.199 0.773 0.000 -0.634 0.022 0.978 0.000 -0.030 -0.204 0.623 -0.000 -0.777 0.086 0.996 -0.000 0.071 0.046 0.693 0.000 -0.718 0.069 0.994 0.000 0.096 0.046 
0.998 -0.018 -0.054 0.014 0.695 0.000 -0.719 0.026 0.979 0.000 -0.049 -0.199 0.773 0.000 -0.634 0.022 0.978 0.000 -0.030 -0.204 0.623 0.000 -0.777 0.085 0.996 0.000 0.071 0.047 0.693 0.000 -0.718 0.069 0.994 0.000 0.096 0.046 
0.998 -0.018 -0.054 0.014 0.695 0.000 -0.719 0.026 0.979 0.000 -0.049 -0.200 0.773 0.000 -0.634 0.022 0.978 0.000 -0.030 -0.205 0.623 0.000 -0.777 0.085 0.996 0.000 0.071 0.047 0.693 0.000 -0.718 0.068 0.994 0.000 0.096 0.046 
0.998 -0.018 -0.054 0.014 0.695 0.000 -0.719 0.026 0.979 -0.000 -0.050 -0.200 0.773 -0.000 -0.634 0.022 0.978 0.000 -0.031 -0.205 0.623 -0.000 -0.777 0.085 0.996 -0.000 0.071 0.047 0.693 0.000 -0.718 0.068 0.994 -0.000 0.096 0.046 
0.998 -0.018 -0.054 0.014 0.695 -0.000 -0.719 0.026 0.979 0.000 -0.050 -0.200 0.773 0.000 -0.634 0.022 0.978 -0.000 -0.031 -0.205 0.623 -0.000 -0.777 0.085 0.996 0.000 0.071 0.047 0.693 0.000 -0.718 0.068 0.994 -0.000 0.096 0.046 
0.998 -0.018 -0.054 0.015 0.695 0.000 -0.719 0.026 0.979 0.000 -0.049 -0.200 0.773 0.000 -0.634 0.021 0.978 0.000 -0.031 -0.205 0.624 0.000 -0.777 0.085 0.996 0.000 0.071 0.047 0.694 0.000 -0.717 0.067 0.994 0.000 0.094 0.046 
0.998 -0.018 -0.054 0.015 0.695 0.000 -0.719 0.025 0.979 0.000 -0.050 -0.199 0.773 0.000 -0.634 0.021 0.978 -0.000 -0.031 -0.206 0.624 -0.000 -0.777 0.085 0.996 0.000 0.071 0.046 0.693 0.000 -0.718 0.067 0.994 0.000 0.095 0.046 
0.998 -0.018 -0.054 0.015 0.695 0.000 -0.719 0.026 0.979 0.000 -0.050 -0.200 0.773 0.000 -0.634 0.022 0.978 -0.000 -0.031 -0.206 0.624 -0.000 -0.777 0.085 0.996 0.000 0.071 0.047 0.693 0.000 -0.718 0.067 0.994 0.000 0.095 0.046 
0.998 -0.018 -0.054 0.015 0.695 -0.000 -0.719 0.026 0.979 0.000 -0.050 -0.200 0.773 -0.000 -0.634 0.021 0.978 0.000 -0.031 -0.207 0.624 -0.000 -0.777 0.085 0.996 0.000 0.071 0.047 0.693 0.000 -0.718 0.067 0.994 0.000 0.095 0.046 
0.998 -0.019 -0.054 0.015 0.695 0.000 -0.719 0.026 0.979 0.000 -0.050 -0.200 0.773 0.000 -0.634 0.022 0.978 0.000 -0.031 -0.207 0.624 0.000 -0.777 0.085 0.996 0.000 0.071 0.046 0.692 0.000 -0.718 0.068 0.994 0.000 0.096 0.046 
0.998 -0.019 -0.054 0.015 0.694 0.000 -0.719 0.026 0.979 0.000 -0.050 -0.199 0.773 0.000 -0.634 0.021 0.978 0.000 -0.032 -0.207 0.624 0.000 -0.777 0.085 0.996 -0.000 0.071 0.046 0.692 0.000 -0.718 0.068 0.994 0.000 0.096 0.046 
0.998 -0.019 -0.054 0.015 0.694 -0.000 -0.719 0.025 0.979 0.000 -0.050 -0.199 0.773 0.000 -0.634 0.021 0.978 0.000 -0.032 -0.208 0.624 0.000 -0.777 0.085 0.996 0.000 0.071 0.046 0.693 0.000 -0.718 0.068 0.994 -0.000 0.096 0.046 
0.998 -0.019 -0.054 0.015 0.694 0.000 -0.719 0.026 0.979 0.000 -0.049 -0.199 0.773 0.000 -0.634 0.021 0.978 0.000 -0.032 -0.208 0.624 0.000 -0.777 0.085 0.996 -0.000 0.071 0.046 0.693 -0.000 -0.718 0.068 0.994 0.000 0.096 0.046 
0.998 -0.019 -0.054 0.015 0.694 0.000 -0.719 0.026 0.979 0.000 -0.049 -0.199 0.773 0.000 -0.634 0.021 0.978 0.000 -0.032 -0.208 0.624 0.000 -0.777 0.085 0.996 0.000 0.071 0.046 0.692 0.000 -0.718 0.068 0.994 -0.000 0.096 0.046 
0.998 -0.019 -0.054 0.015 0.694 0.000 -0.720 0.026 0.979 -0.000 -0.049 -0.199 0.773 0.000 -0.634 0.021 0.978 0.000 -0.032 -0.208 0.624 0.000 -0.777 0.085 0.996 -0.000 0.071 0.046 0.692 -0.000 -0.718 0.068 0.994 0.000 0.096 0.046 
0.998 -0.019 -0.054 0.015 0.694 0.000 -0.720 0.026 0.979 0.000 -0.050 -0.199 0.773 0.000 -0.634 0.021 0.978 0.000 -0.032 -0.208 0.624 0.000 -0.777 0.085 0.996 0.000 0.071 0.046 0.693 0.000 -0.718 0.068 0.994 -0.000 0.096 0.046 
0.998 -0.019 -0.054 0.015 0.694 0.000 -0.720 0.026 0.979 -0.000 -0.050 -0.199 0.773 0.000 -0.634 0.021 0.978 0.000 -0.033 -0.208 0.624 0.000 -0.777 0.085 0.996 0.000 0.071 0.047 0.693 0.000 -0.718 0.068 0.994 0.000 0.096 0.046 
0.998 -0.019 -0.054 0.015 0.694 0.000 -0.720 0.026 0.979 0.000 -0.050 -0.199 0.773 0.000 -0.634 0.021 0.977 0.000 -0.033 -0.208 0.624 0.000 -0.777 0.085 0.996 0.000 0.071 0.046 0.692 0.000 -0.718 0.068 0.994 0.000 0.096 0.046 
0.998 -0.019 -0.054 0.015 0.694 0.000 -0.720 0.026 0.979 0.000 -0.050 -0.199 0.773 0.000 -0.634 0.021 0.977 0.000 -0.033 -0.208 0.624 0.000 -0.777 0.085 0.996 0.000 0.071 0.047 0.693 0.000 -0.718 0.068 0.994 0.000 0.096 0.046 
0.998 -0.019 -0.054 0.015 0.694 -0.000 -0.720 0.026 0.979 -0.000 -0.050 -0.199 0.773 -0.000 -0.634 0.021 0.977 0.000 -0.033 -0.209 0.624 0.000 -0.777 0.084 0.996 0.000 0.070 0.047 0.692 -0.000 -0.718 0.068 0.994 0.000 0.096 0.046 
0.998 -0.019 -0.054 0.015 0.694 -0.000 -0.720 0.026 0.979 0.000 -0.050 -0.199 0.773 0.000 -0.634 0.021 0.977 0.000 -0.033 -0.209 0.624 0.000 -0.777 0.085 0.996 0.000 0.071 0.047 0.693 0.000 -0.718 0.068 0.994 0.000 0.096 0.046 
0.998 -0.019 -0.054 0.015 0.694 0.000 -0.720 0.026 0.979 -0.000 -0.050 -0.199 0.773 0.000 -0.634 0.021 0.977 -0.000 -0.033 -0.209 0.624 -0.000 -0.777 0.084 0.996 0.000 0.071 0.047 0.692 -0.000 -0.718 0.067 0.994 0.000 0.096 0.046 
0.998 -0.020 -0.054 0.014 0.693 0.000 -0.720 0.026 0.979 0.000 -0.050 -0.199 0.772 0.000 -0.635 0.021 0.977 0.000 -0.033 -0.209 0.624 0.000 -0.777 0.084 0.996 0.000 0.071 0.047 0.693 0.000 -0.718 0.068 0.994 -0.000 0.095 0.046 
0.998 -0.020 -0.054 0.014 0.693 0.000 -0.720 0.026 0.978 0.000 -0.051 -0.200 0.773 0.000 -0.634 0.021 0.977 -0.000 -0.033 -0.209 0.624 0.000 -0.777 0.084 0.996 0.000 0.071 0.047 0.692 0.000 -0.718 0.068 0.994 0.000 0.096 0.046 
0.998 -0.020 -0.054 0.014 0.693 0.000 -0.720 0.026 0.978 0.000 -0.051 -0.200 0.773 0.000 -0.634 0.022 0.977 0.000 -0.034 -0.209 0.624 -0.000 -0.777 0.084 0.996 0.000 0.071 0.048 0.693 0.000 -0.718 0.067 0.994 0.000 0.095 0.046 
0.998 -0.020 -0.054 0.014 0.693 0.000 -0.720 0.026 0.978 0.000 -0.051 -0.200 0.772 0.000 -0.635 0.021 0.977 0.000 -0.033 -0.209 0.624 0.000 -0.777 0.083 0.996 -0.000 0.071 0.048 0.692 0.000 -0.718 0.067 0.994 0.000 0.095 0.047 
0.998 -0.020 -0.054 0.014 0.693 -0.000 -0.720 0.027 0.978 0.000 -0.051 -0.200 0.772 0.000 -0.635 0.021 0.977 0.000 -0.032 -0.209 0.624 0.000 -0.777 0.083 0.996 -0.000 0.071 0.048 0.692 0.000 -0.718 0.068 0.994 0.000 0.096 0.046 
0.998 -0.020 -0.054 0.014 0.693 0.000 -0.720 0.026 0.978 0.000 -0.051 -0.200 0.772 0.000 -0.635 0.022 0.977 -0.000 -0.033 -0.209 0.624 0.000 -0.777 0.083 0.996 0.000 0.071 0.049 0.692 0.000 -0.718 0.068 0.994 0.000 0.096 0.047 
0.998 -0.020 -0.054 0.014 0.693 0.000 -0.720 0.026 0.978 0.000 -0.051 -0.200 0.772 0.000 -0.635 0.022 0.977 0.000 -0.033 -0.209 0.624 0.000 -0.777 0.083 0.996 -0.000 0.071 0.049 0.693 0.000 -0.718 0.067 0.994 0.000 0.095 0.047 
0.998 -0.020 -0.054 0.014 0.693 0.000 -0.720 0.026 0.978 0.000 -0.051 -0.200 0.772 0.000 -0.635 0.022 0.977 -0.000 -0.033 -0.209 0.624 0.000 -0.777 0.083 0.996 -0.000 0.071 0.048 0.692 0.000 -0.718 0.068 0.994 -0.000 0.095 0.047 
0.998 -0.020 -0.054 0.014 0.693 0.000 -0.720 0.027 0.979 0.000 -0.051 -0.200 0.772 0.000 -0.635 0.022 0.977 0.000 -0.033 -0.209 0.624 0.000 -0.777 0.084 0.996 -0.000 0.071 0.048 0.692 0.000 -0.718 0.068 0.994 0.000 0.096 0.047 
0.998 -0.020 -0.054 0.014 0.693 0.000 -0.720 0.026 0.979 0.000 -0.051 -0.199 0.773 0.000 -0.635 0.023 0.977 0.000 -0.034 -0.209 0.624 0.000 -0.777 0.084 0.996 0.000 0.071 0.049 0.692 -0.000 -0.718 0.068 0.994 -0.000 0.095 0.047 
0.998 -0.020 -0.054 0.014 0.693 0.000 -0.721 0.026 0.979 0.000 -0.051 -0.199 0.772 0.000 -0.635 0.022 0.977 -0.000 -0.033 -0.208 0.624 -0.000 -0.777 0.084 0.996 0.000 0.070 0.048 0.693 -0.000 -0.718 0.067 0.994 0.000 0.095 0.047 
0.998 -0.021 -0.054 0.014 0.693 -0.000 -0.720 0.026 0.979 0.000 -0.051 -0.199 0.772 0.000 -0.635 0.023 0.977 0.000 -0.033 -0.208 0.624 0.000 -0.777 0.084 0.996 0.000 0.070 0.049 0.692 0.000 -0.718 0.068 0.994 -0.000 0.095 0.047 
0.998 -0.021 -0.054 0.014 0.693 0.000 -0.720 0.026 0.979 0.000 -0.051 -0.199 0.772 0.000 -0.635 0.023 0.978 0.000 -0.033 -0.208 0.624 0.000 -0.777 0.084 0.996 0.000 0.070 0.048 0.692 0.000 -0.718 0.068 0.994 0.000 0.095 0.047 
0.998 -0.021 -0.054 0.015 0.693 0.000 -0.720 0.026 0.979 0.000 -0.051 -0.199 0.772 0.000 -0.635 0.022 0.978 0.000 -0.033 -0.208 0.624 -0.000 -0.777 0.084 0.996 -0.000 0.070 0.049 0.693 0.000 -0.718 0.067 0.994 0.000 0.095 0.047 
0.998 -0.021 -0.054 0.015 0.693 0.000 -0.720 0.026 0.979 0.000 -0.051 -0.199 0.772 0.000 -0.635 0.023 0.978 0.000 -0.034 -0.208 0.624 0.000 -0.777 0.084 0.996 0.000 0.070 0.049 0.693 0.000 -0.718 0.067 0.994 -0.000 0.095 0.048 
0.998 -0.021 -0.054 0.015 0.693 0.000 -0.720 0.026 0.979 -0.000 -0.051 -0.199 0.772 0.000 -0.635 0.023 0.978 0.000 -0.033 -0.207 0.624 0.000 -0.777 0.084 0.996 0.000 0.070 0.049 0.693 0.000 -0.718 0.067 0.994 0.000 0.095 0.048 
0.998 -0.021 -0.054 0.015 0.693 0.000 -0.720 0.027 0.979 -0.000 -0.051 -0.200 0.772 0.000 -0.635 0.023 0.978 0.000 -0.034 -0.207 0.624 0.000 -0.777 0.084 0.996 0.000 0.070 0.048 0.693 -0.000 -0.718 0.067 0.994 -0.000 0.095 0.048 
0.998 -0.021 -0.054 0.015 0.693 0.000 -0.720 0.027 0.979 0.000 -0.052 -0.199 0.772 0.000 -0.635 0.023 0.978 0.000 -0.033 -0.207 0.625 0.000 -0.776 0.084 0.996 0.000 0.069 0.048 0.693 0.000 -0.718 0.067 0.994 0.000 0.095 0.048 
0.998 -0.021 -0.054 0.014 0.693 0.000 -0.720 0.027 0.979 0.000 -0.051 -0.199 0.772 0.000 -0.635 0.023 0.978 0.000 -0.033 -0.207 0.624 0.000 -0.777 0.084 0.996 0.000 0.070 0.048 0.692 0.000 -0.718 0.067 0.994 0.000 0.095 0.048 
0.998 -0.021 -0.054 0.014 0.693 0.000 -0.720 0.027 0.979 0.000 -0.052 -0.200 0.772 0.000 -0.635 0.023 0.978 -0.000 -0.033 -0.206 0.625 0.000 -0.776 0.084 0.996 0.000 0.070 0.048 0.692 0.000 -0.718 0.067 0.994 0.000 0.095 0.048 
0.998 -0.022 -0.054 0.014 0.693 0.000 -0.720 0.027 0.978 0.000 -0.052 -0.200 0.772 0.000 -0.635 0.023 0.978 0.000 -0.033 -0.206 0.624 0.000 -0.777 0.084 0.996 0.000 0.070 0.049 0.693 0.000 -0.718 0.067 0.994 0.000 0.095 0.048 
0.998 -0.022 -0.054 0.014 0.693 0.000 -0.720 0.027 0.978 0.000 -0.052 -0.200 0.772 0.000 -0.635 0.024 0.978 0.000 -0.033 -0.207 0.624 -0.000 -0.777 0.084 0.996 0.000 0.071 0.049 0.693 0.000 -0.718 0.067 0.994 -0.000 0.095 0.048 
0.998 -0.022 -0.054 0.014 0.693 0.000 -0.720 0.027 0.979 0.000 -0.051 -0.199 0.772 0.000 -0.635 0.024 0.978 0.000 -0.033 -0.207 0.625 -0.000 -0.776 0.084 0.996 -0.000 0.070 0.048 0.692 0.000 -0.718 0.067 0.994 0.000 0.095 0.048 
0.998 -0.022 -0.054 0.014 0.693 0.000 -0.720 0.027 0.979 0.000 -0.051 -0.200 0.772 0.000 -0.635 0.025 0.978 -0.000 -0.033 -0.207 0.624 0.000 -0.777 0.084 0.996 -0.000 0.071 0.049 0.692 0.000 -0.718 0.067 0.994 0.000 0.095 0.048 
0.998 -0.022 -0.054 0.014 0.694 -0.000 -0.720 0.027 0.978 -0.000 -0.051 -0.200 0.772 0.000 -0.635 0.024 0.978 -0.000 -0.032 -0.207 0.624 0.000 -0.777 0.083 0.996 0.000 0.070 0.049 0.692 0.000 -0.718 0.067 0.994 0.000 0.095 0.048 
0.998 -0.022 -0.054 0.014 0.694 0.000 -0.720 0.027 0.978 0.000 -0.052 -0.200 0.772 0.000 -0.635 0.024 0.978 0.000 -0.032 -0.206 0.624 0.000 -0.777 0.083 0.996 0.000 0.070 0.049 0.692 0.000 -0.718 0.067 0.994 0.000 0.095 0.048 
0.998 -0.022 -0.054 0.014 0.694 0.000 -0.720 0.027 0.978 0.000 -0.052 -0.200 0.772 0.000 -0.635 0.024 0.978 0.000 -0.032 -0.206 0.624 0.000 -0.777 0.083 0.996 0.000 0.070 0.049 0.692 0.000 -0.718 0.067 0.994 0.000 0.095 0.048 
0.998 -0.022 -0.054 0.014 0.694 0.000 -0.720 0.028 0.979 0.000 -0.052 -0.200 0.771 0.000 -0.636 0.024 0.978 0.000 -0.031 -0.206 0.624 0.000 -0.777 0.083 0.996 0.000 0.070 0.049 0.692 0.000 -0.719 0.067 0.994 0.000 0.095 0.048 
0.998 -0.023 -0.054 0.014 0.694 0.000 -0.720 0.028 0.978 0.000 -0.052 -0.200 0.772 0.000 -0.636 0.024 0.978 -0.000 -0.031 -0.205 0.624 0.000 -0.777 0.083 0.996 0.000 0.071 0.049 0.692 0.000 -0.718 0.067 0.994 0.000 0.095 0.048 
0.998 -0.023 -0.054 0.014 0.694 0.000 -0.719 0.028 0.978 0.000 -0.052 -0.200 0.772 0.000 -0.636 0.024 0.978 0.000 -0.031 -0.205 0.625 0.000 -0.777 0.083 0.996 0.000 0.070 0.049 0.692 0.000 -0.719 0.067 0.994 0.000 0.095 0.047 
0.998 -0.023 -0.054 0.014 0.694 0.000 -0.719 0.028 0.978 0.000 -0.052 -0.200 0.772 0.000 -0.636 0.024 0.978 0.000 -0.031 -0.205 0.625 0.000 -0.777 0.083 0.996 0.000 0.070 0.050 0.692 0.000 -0.719 0.067 0.994 -0.000 0.095 0.048 
0.998 -0.023 -0.054 0.014 0.694 0.000 -0.719 0.028 0.978 0.000 -0.052 -0.200 0.772 0.000 -0.636 0.024 0.978 0.000 -0.031 -0.205 0.625 -0.000 -0.777 0.082 0.996 0.000 0.070 0.050 0.692 0.000 -0.719 0.067 0.994 0.000 0.095 0.047 
0.998 -0.023 -0.054 0.014 0.694 0.000 -0.719 0.027 0.979 0.000 -0.052 -0.199 0.772 0.000 -0.635 0.024 0.978 0.000 -0.031 -0.205 0.625 0.000 -0.777 0.082 0.996 0.000 0.070 0.050 0.692 0.000 -0.719 0.067 0.994 0.000 0.095 0.048 
0.998 -0.023 -0.054 0.014 0.694 -0.000 -0.719 0.027 0.978 -0.000 -0.052 -0.200 0.772 0.000 -0.635 0.024 0.978 0.000 -0.031 -0.205 0.625 -0.000 -0.777 0.081 0.996 0.000 0.070 0.050 0.692 -0.000 -0.719 0.067 0.994 0.000 0.095 0.048 
0.998 -0.023 -0.054 0.013 0.694 0.000 -0.719 0.028 0.978 0.000 -0.052 -0.200 0.772 0.000 -0.635 0.024 0.978 0.000 -0.031 -0.205 0.625 0.000 -0.776 0.081 0.996 0.000 0.070 0.051 0.692 0.000 -0.719 0.067 0.994 -0.000 0.095 0.047 
0.998 -0.023 -0.054 0.013 0.694 -0.000 -0.719 0.027 0.978 0.000 -0.052 -0.200 0.772 0.000 -0.635 0.024 0.978 0.000 -0.031 -0.205 0.625 0.000 -0.777 0.080 0.996 0.000 0.070 0.051 0.692 0.000 -0.719 0.066 0.994 0.000 0.095 0.048 
0.998 -0.023 -0.054 0.013 0.695 -0.000 -0.719 0.028 0.978 0.000 -0.052 -0.200 0.772 -0.000 -0.635 0.025 0.978 0.000 -0.031 -0.206 0.625 0.000 -0.776 0.080 0.996 0.000 0.070 0.052 0.692 0.000 -0.719 0.066 0.994 -0.000 0.095 0.048 
0.998 -0.023 -0.054 0.013 0.695 0.000 -0.719 0.027 0.978 0.000 -0.052 -0.200 0.772 0.000 -0.635 0.025 0.978 0.000 -0.031 -0.207 0.625 0.000 -0.776 0.079 0.996 0.000 0.070 0.053 0.692 0.000 -0.719 0.066 0.994 0.000 0.095 0.048 
0.998 -0.023 -0.054 0.013 0.695 0.000 -0.719 0.028 0.978 0.000 -0.052 -0.201 0.772 0.000 -0.635 0.025 0.978 -0.000 -0.031 -0.207 0.626 0.000 -0.776 0.078 0.996 0.000 0.070 0.053 0.692 0.000 -0.719 0.066 0.994 0.000 0.095 0.048 
0.998 -0.023 -0.053 0.013 0.695 -0.000 -0.718 0.028 0.978 0.000 -0.052 -0.200 0.772 0.000 -0.635 0.025 0.978 0.000 -0.032 -0.207 0.626 0.000 -0.776 0.077 0.996 0.000 0.070 0.054 0.692 -0.000 -0.719 0.066 0.994 0.000 0.095 0.048 
0.998 -0.023 -0.053 0.013 0.695 0.000 -0.718 0.028 0.978 0.000 -0.052 -0.200 0.772 0.000 -0.635 0.025 0.978 0.000 -0.032 -0.207 0.626 0.000 -0.776 0.076 0.996 0.000 0.069 0.055 0.692 0.000 -0.719 0.065 0.994 0.000 0.095 0.048 
0.998 -0.023 -0.053 0.013 0.695 -0.000 -0.718 0.028 0.978 0.000 -0.052 -0.200 0.772 0.000 -0.635 0.025 0.978 -0.000 -0.032 -0.207 0.626 0.000 -0.776 0.075 0.996 -0.000 0.069 0.056 0.692 0.000 -0.719 0.065 0.994 0.000 0.095 0.048 
0.998 -0.023 -0.053 0.012 0.696 0.000 -0.718 0.028 0.978 0.000 -0.053 -0.200 0.772 0.000 -0.635 0.025 0.978 0.000 -0.032 -0.207 0.626 0.000 -0.776 0.074 0.996 -0.000 0.069 0.057 0.691 0.000 -0.720 0.065 0.994 -0.000 0.095 0.048 
0.998 -0.023 -0.053 0.012 0.696 0.000 -0.718 0.027 0.978 0.000 -0.052 -0.200 0.772 -0.000 -0.635 0.025 0.978 -0.000 -0.032 -0.207 0.626 0.000 -0.776 0.073 0.996 0.000 0.069 0.058 0.691 0.000 -0.720 0.065 0.994 0.000 0.095 0.048 
0.998 -0.023 -0.053 0.012 0.696 -0.000 -0.718 0.027 0.978 0.000 -0.052 -0.200 0.772 0.000 -0.635 0.025 0.978 0.000 -0.032 -0.207 0.627 -0.000 -0.776 0.072 0.996 0.000 0.068 0.059 0.691 0.000 -0.720 0.065 0.994 0.000 0.095 0.048 
0.998 -0.023 -0.053 0.013 0.696 0.000 -0.718 0.028 0.978 0.000 -0.052 -0.200 0.772 -0.000 -0.635 0.025 0.978 -0.000 -0.032 -0.207 0.627 0.000 -0.776 0.071 0.996 0.000 0.069 0.060 0.691 0.000 -0.720 0.064 0.994 0.000 0.095 0.048 
0.998 -0.023 -0.053 0.013 0.696 0.000 -0.718 0.028 0.978 0.000 -0.052 -0.200 0.772 -0.000 -0.635 0.025 0.978 0.000 -0.032 -0.206 0.627 -0.000 -0.776 0.070 0.996 0.000 0.069 0.061 0.691 0.000 -0.720 0.064 0.994 0.000 0.095 0.048 
0.998 -0.023 -0.053 0.013 0.696 0.000 -0.718 0.028 0.978 0.000 -0.052 -0.200 0.772 0.000 -0.635 0.025 0.978 -0.000 -0.032 -0.206 0.627 0.000 -0.776 0.070 0.996 0.000 0.069 0.061 0.691 -0.000 -0.720 0.064 0.994 0.000 0.095 0.048 
0.998 -0.023 -0.053 0.014 0.696 -0.000 -0.718 0.028 0.978 -0.000 -0.052 -0.200 0.772 -0.000 -0.635 0.024 0.978 0.000 -0.032 -0.206 0.627 0.000 -0.776 0.069 0.996 0.000 0.069 0.061 0.691 0.000 -0.720 0.063 0.994 -0.000 0.095 0.049 
0.998 -0.023 -0.053 0.014 0.696 0.000 -0.718 0.028 0.978 0.000 -0.053 -0.201 0.772 0.000 -0.635 0.024 0.978 0.000 -0.032 -0.206 0.627 0.000 -0.776 0.069 0.996 0.000 0.069 0.061 0.691 0.000 -0.720 0.063 0.994 -0.000 0.095 0.048 
0.998 -0.023 -0.053 0.014 0.695 0.000 -0.718 0.029 0.978 0.000 -0.052 -0.201 0.772 0.000 -0.635 0.024 0.978 0.000 -0.032 -0.206 0.627 -0.000 -0.776 0.069 0.996 0.000 0.069 0.062 0.691 0.000 -0.720 0.063 0.994 -0.000 0.095 0.048 
0.998 -0.023 -0.053 0.014 0.695 0.000 -0.718 0.029 0.978 0.000 -0.052 -0.200 0.772 0.000 -0.635 0.024 0.978 0.000 -0.032 -0.206 0.626 0.000 -0.776 0.069 0.996 0.000 0.069 0.061 0.692 -0.000 -0.720 0.063 0.994 0.000 0.094 0.048 
0.998 -0.023 -0.053 0.015 0.695 0.000 -0.718 0.029 0.978 0.000 -0.052 -0.200 0.772 0.000 -0.635 0.024 0.978 0.000 -0.032 -0.205 0.626 0.000 -0.776 0.069 0.996 0.000 0.068 0.062 0.692 0.000 -0.720 0.062 0.994 0.000 0.094 0.048 
0.998 -0.023 -0.053 0.015 0.695 0.000 -0.718 0.029 0.978 0.000 -0.052 -0.200 0.772 0.000 -0.635 0.023 0.978 0.000 -0.033 -0.205 0.626 0.000 -0.777 0.069 0.996 0.000 0.069 0.062 0.692 -0.000 -0.720 0.062 0.994 -0.000 0.095 0.049 
0.998 -0.023 -0.053 0.016 0.695 0.000 -0.718 0.029 0.978 0.000 -0.052 -0.201 0.772 0.000 -0.635 0.024 0.978 0.000 -0.033 -0.206 0.626 0.000 -0.777 0.069 0.996 0.000 0.069 0.062 0.692 0.000 -0.720 0.061 0.994 0.000 0.094 0.049 
0.998 -0.023 -0.053 0.016 0.695 0.000 -0.718 0.029 0.978 0.000 -0.052 -0.200 0.772 0.000 -0.635 0.025 0.978 0.000 -0.033 -0.207 0.626 0.000 -0.776 0.069 0.996 0.000 0.069 0.062 0.692 0.000 -0.720 0.061 0.994 0.000 0.094 0.049 
