# T   LUA LFA RUA RFA LT  LS  RT  RS  
0.999 -0.041 -0.026 -0.022 0.722 0.000 -0.687 -0.087 0.985 0.000 -0.139 -0.105 0.766 0.000 -0.643 -0.020 0.986 0.000 -0.086 -0.144 0.650 0.000 -0.759 0.026 0.987 0.000 0.051 0.152 0.684 0.000 -0.727 0.051 0.989 0.000 0.037 0.144 
0.999 -0.041 -0.026 -0.022 0.721 0.000 -0.687 -0.087 0.985 0.000 -0.140 -0.105 0.767 0.000 -0.641 -0.025 0.987 0.000 -0.087 -0.137 0.650 -0.000 -0.760 0.026 0.987 -0.000 0.050 0.151 0.686 0.000 -0.726 0.048 0.988 0.000 0.034 0.149 
0.999 -0.040 -0.026 -0.022 0.721 -0.000 -0.687 -0.087 0.984 0.000 -0.140 -0.106 0.767 0.000 -0.641 -0.025 0.987 0.000 -0.087 -0.137 0.650 0.000 -0.760 0.026 0.987 0.000 0.050 0.151 0.685 -0.000 -0.727 0.047 0.988 -0.000 0.034 0.149 
0.999 -0.040 -0.026 -0.023 0.722 0.000 -0.687 -0.087 0.984 -0.000 -0.141 -0.106 0.767 0.000 -0.642 -0.025 0.987 0.000 -0.089 -0.137 0.650 0.000 -0.759 0.025 0.987 0.000 0.052 0.153 0.685 0.000 -0.727 0.045 0.988 -0.000 0.033 0.151 
0.999 -0.040 -0.026 -0.023 0.722 0.000 -0.687 -0.086 0.984 0.000 -0.142 -0.107 0.767 0.000 -0.641 -0.025 0.987 0.000 -0.089 -0.137 0.650 0.000 -0.760 0.025 0.987 0.000 0.051 0.153 0.686 -0.000 -0.726 0.044 0.986 0.000 0.030 0.161 
0.999 -0.040 -0.026 -0.023 0.722 0.000 -0.687 -0.086 0.984 0.000 -0.142 -0.107 0.767 -0.000 -0.641 -0.025 0.987 0.000 -0.089 -0.137 0.650 0.000 -0.760 0.025 0.987 0.000 0.051 0.153 0.686 0.000 -0.726 0.043 0.986 -0.000 0.030 0.162 
0.999 -0.040 -0.026 -0.023 0.722 0.000 -0.687 -0.086 0.984 0.000 -0.143 -0.107 0.767 0.000 -0.641 -0.025 0.987 0.000 -0.089 -0.137 0.650 -0.000 -0.760 0.024 0.987 0.000 0.051 0.153 0.686 0.000 -0.726 0.042 0.986 0.000 0.029 0.164 
0.999 -0.040 -0.026 -0.024 0.722 0.000 -0.686 -0.086 0.984 0.000 -0.143 -0.107 0.767 0.000 -0.642 -0.025 0.987 0.000 -0.089 -0.138 0.650 0.000 -0.759 0.023 0.987 0.000 0.051 0.153 0.686 -0.000 -0.726 0.041 0.986 -0.000 0.028 0.165 
0.999 -0.040 -0.026 -0.023 0.722 -0.000 -0.687 -0.085 0.984 0.000 -0.144 -0.107 0.767 -0.000 -0.641 -0.025 0.987 -0.000 -0.089 -0.137 0.650 0.000 -0.760 0.024 0.987 0.000 0.051 0.153 0.686 0.000 -0.726 0.040 0.986 0.000 0.028 0.166 
0.999 -0.040 -0.026 -0.024 0.722 0.000 -0.687 -0.085 0.984 0.000 -0.144 -0.108 0.767 0.000 -0.641 -0.024 0.987 0.000 -0.089 -0.138 0.650 0.000 -0.760 0.024 0.987 -0.000 0.051 0.153 0.686 0.000 -0.726 0.040 0.986 0.000 0.028 0.166 
0.999 -0.040 -0.026 -0.024 0.722 0.000 -0.686 -0.085 0.984 0.000 -0.144 -0.108 0.766 0.000 -0.642 -0.024 0.987 0.000 -0.088 -0.138 0.650 0.000 -0.759 0.023 0.987 0.000 0.051 0.153 0.686 0.000 -0.726 0.039 0.986 0.000 0.027 0.167 
0.999 -0.040 -0.026 -0.024 0.722 0.000 -0.686 -0.085 0.984 0.000 -0.144 -0.108 0.767 -0.000 -0.642 -0.024 0.986 0.000 -0.089 -0.138 0.650 -0.000 -0.760 0.024 0.987 0.000 0.051 0.152 0.686 0.000 -0.726 0.039 0.986 0.000 0.027 0.167 
0.999 -0.040 -0.026 -0.024 0.723 -0.000 -0.686 -0.085 0.984 0.000 -0.144 -0.108 0.766 0.000 -0.642 -0.024 0.986 0.000 -0.089 -0.138 0.650 0.000 -0.759 0.023 0.987 0.000 0.051 0.153 0.686 0.000 -0.727 0.039 0.986 0.000 0.027 0.167 
0.999 -0.040 -0.026 -0.025 0.723 0.000 -0.686 -0.085 0.984 0.000 -0.145 -0.108 0.766 0.000 -0.642 -0.024 0.987 0.000 -0.088 -0.138 0.651 0.000 -0.759 0.023 0.987 0.000 0.051 0.152 0.686 0.000 -0.727 0.039 0.986 0.000 0.027 0.167 
0.999 -0.040 -0.026 -0.025 0.723 -0.000 -0.686 -0.085 0.984 0.000 -0.145 -0.107 0.766 0.000 -0.642 -0.024 0.987 0.000 -0.088 -0.138 0.650 0.000 -0.759 0.023 0.987 0.000 0.051 0.152 0.686 0.000 -0.727 0.039 0.986 -0.000 0.027 0.166 
0.999 -0.040 -0.026 -0.025 0.722 0.000 -0.686 -0.085 0.984 0.000 -0.144 -0.108 0.766 0.000 -0.642 -0.024 0.987 0.000 -0.088 -0.138 0.650 0.000 -0.759 0.024 0.987 0.000 0.050 0.151 0.686 0.000 -0.727 0.039 0.986 0.000 0.027 0.166 
0.999 -0.040 -0.026 -0.026 0.722 0.000 -0.686 -0.086 0.984 0.000 -0.144 -0.108 0.766 0.000 -0.642 -0.024 0.987 0.000 -0.088 -0.138 0.650 0.000 -0.759 0.024 0.987 0.000 0.051 0.151 0.686 0.000 -0.726 0.040 0.986 0.000 0.028 0.165 
0.999 -0.039 -0.026 -0.026 0.722 0.000 -0.686 -0.086 0.984 0.000 -0.144 -0.108 0.766 0.000 -0.642 -0.024 0.987 0.000 -0.088 -0.138 0.650 0.000 -0.759 0.024 0.987 0.000 0.051 0.150 0.686 0.000 -0.726 0.041 0.986 0.000 0.028 0.164 
0.999 -0.040 -0.026 -0.026 0.722 0.000 -0.686 -0.086 0.984 0.000 -0.144 -0.107 0.767 0.000 -0.642 -0.024 0.987 0.000 -0.088 -0.137 0.650 -0.000 -0.759 0.024 0.987 0.000 0.051 0.149 0.686 0.000 -0.726 0.041 0.986 0.000 0.028 0.163 
0.999 -0.040 -0.026 -0.027 0.722 0.000 -0.686 -0.086 0.984 -0.000 -0.144 -0.106 0.766 0.000 -0.642 -0.024 0.987 -0.000 -0.088 -0.138 0.650 0.000 -0.759 0.024 0.987 -0.000 0.052 0.149 0.686 0.000 -0.726 0.042 0.986 0.000 0.028 0.162 
0.999 -0.039 -0.026 -0.027 0.722 0.000 -0.686 -0.086 0.984 0.000 -0.144 -0.107 0.766 0.000 -0.642 -0.024 0.987 -0.000 -0.088 -0.138 0.650 0.000 -0.759 0.024 0.988 0.000 0.051 0.149 0.686 0.000 -0.727 0.042 0.986 -0.000 0.028 0.162 
0.999 -0.039 -0.026 -0.027 0.722 -0.000 -0.686 -0.086 0.984 0.000 -0.143 -0.108 0.766 0.000 -0.642 -0.023 0.986 0.000 -0.088 -0.138 0.650 0.000 -0.759 0.024 0.988 0.000 0.051 0.148 0.686 0.000 -0.727 0.042 0.986 0.000 0.028 0.162 
0.999 -0.039 -0.026 -0.027 0.722 0.000 -0.686 -0.086 0.984 0.000 -0.143 -0.108 0.766 0.000 -0.642 -0.024 0.987 -0.000 -0.088 -0.137 0.650 0.000 -0.759 0.024 0.988 0.000 0.051 0.148 0.686 0.000 -0.727 0.042 0.987 0.000 0.028 0.161 
0.999 -0.039 -0.027 -0.027 0.722 0.000 -0.687 -0.086 0.984 0.000 -0.143 -0.108 0.767 0.000 -0.642 -0.024 0.987 0.000 -0.088 -0.137 0.650 0.000 -0.760 0.025 0.988 0.000 0.051 0.148 0.686 -0.000 -0.726 0.043 0.987 0.000 0.028 0.161 
0.999 -0.039 -0.027 -0.027 0.722 0.000 -0.687 -0.086 0.984 0.000 -0.143 -0.107 0.767 0.000 -0.642 -0.023 0.987 -0.000 -0.088 -0.137 0.650 0.000 -0.760 0.024 0.988 0.000 0.052 0.148 0.686 0.000 -0.726 0.042 0.987 0.000 0.028 0.160 
0.999 -0.039 -0.026 -0.028 0.722 0.000 -0.686 -0.086 0.984 0.000 -0.143 -0.107 0.766 -0.000 -0.642 -0.024 0.987 0.000 -0.088 -0.137 0.650 0.000 -0.759 0.024 0.988 0.000 0.051 0.147 0.686 0.000 -0.727 0.043 0.987 0.000 0.029 0.160 
0.999 -0.039 -0.026 -0.028 0.722 0.000 -0.686 -0.086 0.984 0.000 -0.143 -0.107 0.766 0.000 -0.642 -0.024 0.987 -0.000 -0.088 -0.137 0.650 0.000 -0.759 0.023 0.988 0.000 0.051 0.147 0.686 0.000 -0.727 0.042 0.987 0.000 0.029 0.159 
0.999 -0.039 -0.025 -0.028 0.723 0.000 -0.686 -0.086 0.984 0.000 -0.143 -0.107 0.766 -0.000 -0.643 -0.024 0.987 -0.000 -0.088 -0.137 0.651 0.000 -0.759 0.023 0.988 0.000 0.051 0.148 0.685 0.000 -0.727 0.042 0.987 0.000 0.029 0.159 
0.999 -0.039 -0.026 -0.028 0.722 0.000 -0.686 -0.086 0.984 0.000 -0.142 -0.107 0.766 0.000 -0.642 -0.023 0.987 -0.000 -0.088 -0.137 0.650 0.000 -0.759 0.023 0.988 0.000 0.052 0.149 0.686 0.000 -0.727 0.042 0.987 0.000 0.028 0.159 
0.999 -0.039 -0.025 -0.028 0.723 0.000 -0.686 -0.086 0.984 0.000 -0.143 -0.107 0.766 0.000 -0.643 -0.024 0.987 0.000 -0.088 -0.137 0.651 0.000 -0.759 0.022 0.988 0.000 0.051 0.148 0.685 0.000 -0.727 0.042 0.987 0.000 0.028 0.160 
0.999 -0.039 -0.026 -0.028 0.722 0.000 -0.686 -0.086 0.984 -0.000 -0.142 -0.108 0.766 -0.000 -0.642 -0.025 0.987 0.000 -0.088 -0.136 0.650 0.000 -0.760 0.022 0.988 0.000 0.051 0.148 0.686 0.000 -0.727 0.041 0.987 0.000 0.028 0.160 
0.998 -0.039 -0.027 -0.028 0.722 0.000 -0.687 -0.085 0.984 0.000 -0.143 -0.108 0.766 0.000 -0.642 -0.024 0.987 0.000 -0.088 -0.136 0.649 -0.000 -0.760 0.022 0.988 0.000 0.051 0.148 0.686 0.000 -0.726 0.041 0.987 0.000 0.028 0.160 
0.999 -0.038 -0.025 -0.029 0.723 0.000 -0.686 -0.085 0.984 0.000 -0.142 -0.108 0.766 -0.000 -0.643 -0.024 0.987 0.000 -0.088 -0.137 0.651 0.000 -0.759 0.021 0.988 0.000 0.051 0.148 0.685 0.000 -0.727 0.040 0.987 0.000 0.028 0.160 
0.999 -0.038 -0.026 -0.029 0.722 -0.000 -0.686 -0.085 0.984 0.000 -0.142 -0.108 0.766 0.000 -0.642 -0.024 0.987 0.000 -0.088 -0.137 0.650 0.000 -0.760 0.021 0.988 0.000 0.050 0.148 0.686 0.000 -0.727 0.040 0.987 -0.000 0.027 0.161 
0.999 -0.038 -0.025 -0.029 0.723 0.000 -0.686 -0.085 0.984 0.000 -0.143 -0.108 0.765 0.000 -0.643 -0.025 0.987 0.000 -0.088 -0.136 0.651 0.000 -0.759 0.020 0.988 0.000 0.051 0.149 0.685 -0.000 -0.727 0.039 0.987 -0.000 0.027 0.161 
0.999 -0.038 -0.025 -0.029 0.723 -0.000 -0.686 -0.085 0.984 -0.000 -0.142 -0.108 0.765 0.000 -0.643 -0.025 0.987 0.000 -0.088 -0.136 0.651 0.000 -0.759 0.020 0.988 0.000 0.051 0.149 0.685 0.000 -0.727 0.039 0.987 0.000 0.027 0.161 
0.999 -0.038 -0.025 -0.029 0.723 -0.000 -0.686 -0.085 0.984 0.000 -0.143 -0.108 0.765 0.000 -0.643 -0.025 0.987 -0.000 -0.088 -0.136 0.651 0.000 -0.759 0.019 0.988 0.000 0.051 0.149 0.685 0.000 -0.727 0.038 0.987 0.000 0.027 0.161 
0.999 -0.038 -0.025 -0.029 0.723 0.000 -0.686 -0.085 0.984 -0.000 -0.142 -0.109 0.765 0.000 -0.643 -0.025 0.987 0.000 -0.088 -0.136 0.651 0.000 -0.759 0.019 0.988 0.000 0.051 0.149 0.685 0.000 -0.727 0.038 0.987 0.000 0.027 0.162 
0.999 -0.038 -0.025 -0.030 0.723 0.000 -0.686 -0.085 0.984 -0.000 -0.142 -0.109 0.765 -0.000 -0.643 -0.025 0.987 0.000 -0.088 -0.136 0.651 0.000 -0.759 0.019 0.988 0.000 0.050 0.148 0.685 0.000 -0.727 0.038 0.986 0.000 0.027 0.162 
0.999 -0.038 -0.025 -0.030 0.723 0.000 -0.686 -0.085 0.984 0.000 -0.142 -0.108 0.766 -0.000 -0.643 -0.024 0.987 0.000 -0.088 -0.136 0.651 0.000 -0.759 0.019 0.988 0.000 0.051 0.149 0.685 0.000 -0.727 0.037 0.986 0.000 0.026 0.162 
0.999 -0.038 -0.025 -0.030 0.723 0.000 -0.686 -0.085 0.984 -0.000 -0.143 -0.108 0.765 0.000 -0.643 -0.025 0.987 0.000 -0.088 -0.136 0.651 0.000 -0.759 0.019 0.988 0.000 0.050 0.148 0.685 0.000 -0.727 0.038 0.986 0.000 0.026 0.162 
0.999 -0.038 -0.025 -0.030 0.723 0.000 -0.686 -0.085 0.984 0.000 -0.142 -0.107 0.766 0.000 -0.643 -0.025 0.987 0.000 -0.088 -0.136 0.651 0.000 -0.759 0.018 0.988 0.000 0.050 0.149 0.685 0.000 -0.727 0.037 0.986 0.000 0.026 0.162 
0.999 -0.038 -0.025 -0.030 0.723 0.000 -0.686 -0.084 0.984 0.000 -0.142 -0.108 0.766 0.000 -0.643 -0.025 0.987 -0.000 -0.088 -0.136 0.651 0.000 -0.759 0.019 0.988 0.000 0.051 0.149 0.685 0.000 -0.727 0.037 0.986 -0.000 0.026 0.162 
0.999 -0.038 -0.025 -0.030 0.723 -0.000 -0.686 -0.084 0.984 0.000 -0.142 -0.107 0.766 0.000 -0.643 -0.025 0.987 0.000 -0.088 -0.136 0.651 0.000 -0.759 0.018 0.988 0.000 0.050 0.149 0.685 0.000 -0.728 0.037 0.986 0.000 0.027 0.162 
0.998 -0.038 -0.025 -0.031 0.723 0.000 -0.686 -0.085 0.984 0.000 -0.142 -0.107 0.766 -0.000 -0.643 -0.025 0.987 0.000 -0.088 -0.136 0.651 0.000 -0.759 0.018 0.988 0.000 0.051 0.149 0.685 0.000 -0.728 0.037 0.986 0.000 0.026 0.162 
0.998 -0.038 -0.025 -0.031 0.723 0.000 -0.686 -0.085 0.984 -0.000 -0.142 -0.107 0.766 0.000 -0.643 -0.025 0.987 0.000 -0.088 -0.136 0.651 0.000 -0.759 0.017 0.988 0.000 0.050 0.148 0.685 0.000 -0.728 0.037 0.986 0.000 0.027 0.162 
0.998 -0.038 -0.025 -0.031 0.723 0.000 -0.686 -0.085 0.984 0.000 -0.142 -0.107 0.766 -0.000 -0.642 -0.025 0.987 0.000 -0.088 -0.136 0.651 -0.000 -0.759 0.017 0.988 0.000 0.051 0.149 0.685 0.000 -0.728 0.037 0.986 0.000 0.026 0.162 
0.998 -0.038 -0.025 -0.032 0.723 0.000 -0.686 -0.085 0.984 0.000 -0.142 -0.107 0.766 -0.000 -0.642 -0.026 0.987 0.000 -0.088 -0.136 0.651 0.000 -0.759 0.017 0.987 0.000 0.051 0.149 0.685 0.000 -0.728 0.037 0.987 0.000 0.026 0.162 
0.998 -0.038 -0.025 -0.032 0.723 0.000 -0.686 -0.085 0.984 0.000 -0.142 -0.107 0.766 0.000 -0.642 -0.025 0.987 0.000 -0.088 -0.136 0.651 0.000 -0.759 0.016 0.987 0.000 0.051 0.149 0.685 -0.000 -0.728 0.037 0.986 0.000 0.026 0.162 
0.998 -0.038 -0.025 -0.032 0.723 0.000 -0.686 -0.085 0.984 0.000 -0.142 -0.107 0.766 0.000 -0.642 -0.026 0.987 0.000 -0.088 -0.136 0.651 0.000 -0.759 0.016 0.987 0.000 0.051 0.149 0.685 0.000 -0.728 0.037 0.986 0.000 0.026 0.162 
0.998 -0.038 -0.025 -0.032 0.723 -0.000 -0.686 -0.085 0.984 0.000 -0.142 -0.107 0.766 0.000 -0.642 -0.026 0.987 -0.000 -0.088 -0.136 0.651 -0.000 -0.759 0.016 0.988 0.000 0.051 0.149 0.685 0.000 -0.728 0.037 0.986 0.000 0.026 0.162 
0.998 -0.038 -0.025 -0.032 0.722 0.000 -0.686 -0.086 0.984 0.000 -0.142 -0.107 0.766 0.000 -0.642 -0.025 0.987 -0.000 -0.088 -0.136 0.651 0.000 -0.759 0.016 0.987 0.000 0.051 0.149 0.685 0.000 -0.728 0.037 0.987 0.000 0.027 0.161 
0.998 -0.038 -0.025 -0.032 0.722 -0.000 -0.686 -0.086 0.984 -0.000 -0.142 -0.107 0.766 0.000 -0.642 -0.026 0.987 -0.000 -0.088 -0.136 0.651 -0.000 -0.759 0.016 0.988 0.000 0.050 0.149 0.685 0.000 -0.728 0.037 0.987 0.000 0.027 0.161 
0.998 -0.038 -0.025 -0.033 0.722 0.000 -0.686 -0.086 0.984 0.000 -0.141 -0.106 0.766 0.000 -0.642 -0.025 0.987 0.000 -0.088 -0.136 0.651 0.000 -0.759 0.016 0.988 -0.000 0.050 0.149 0.685 0.000 -0.728 0.037 0.987 0.000 0.026 0.161 
0.998 -0.038 -0.025 -0.033 0.722 0.000 -0.686 -0.087 0.984 0.000 -0.141 -0.106 0.766 0.000 -0.642 -0.025 0.987 0.000 -0.088 -0.136 0.651 0.000 -0.759 0.016 0.988 -0.000 0.051 0.149 0.685 0.000 -0.728 0.037 0.987 0.000 0.026 0.161 
0.998 -0.038 -0.025 -0.033 0.722 0.000 -0.686 -0.087 0.984 -0.000 -0.141 -0.106 0.766 0.000 -0.642 -0.024 0.987 0.000 -0.089 -0.136 0.651 -0.000 -0.759 0.016 0.988 0.000 0.051 0.149 0.685 0.000 -0.728 0.037 0.987 0.000 0.026 0.162 
0.998 -0.038 -0.025 -0.033 0.722 0.000 -0.686 -0.087 0.984 0.000 -0.141 -0.106 0.766 0.000 -0.642 -0.024 0.987 -0.000 -0.089 -0.136 0.651 0.000 -0.759 0.016 0.987 0.000 0.050 0.149 0.685 0.000 -0.728 0.036 0.986 0.000 0.026 0.162 
0.998 -0.038 -0.025 -0.032 0.722 0.000 -0.686 -0.087 0.984 0.000 -0.141 -0.106 0.766 0.000 -0.642 -0.024 0.987 0.000 -0.089 -0.136 0.651 0.000 -0.759 0.016 0.988 -0.000 0.050 0.149 0.685 -0.000 -0.728 0.036 0.986 -0.000 0.026 0.162 
0.998 -0.038 -0.025 -0.032 0.722 0.000 -0.686 -0.087 0.984 0.000 -0.141 -0.106 0.766 0.000 -0.642 -0.025 0.987 -0.000 -0.089 -0.135 0.651 0.000 -0.759 0.016 0.988 0.000 0.050 0.149 0.685 0.000 -0.728 0.036 0.986 0.000 0.026 0.162 
0.998 -0.038 -0.025 -0.032 0.722 0.000 -0.686 -0.087 0.984 0.000 -0.141 -0.106 0.766 0.000 -0.642 -0.025 0.987 -0.000 -0.088 -0.135 0.651 -0.000 -0.759 0.016 0.988 0.000 0.050 0.149 0.685 0.000 -0.728 0.036 0.986 -0.000 0.026 0.162 
0.998 -0.038 -0.025 -0.032 0.722 0.000 -0.686 -0.087 0.984 0.000 -0.141 -0.106 0.766 0.000 -0.642 -0.025 0.987 -0.000 -0.088 -0.136 0.651 0.000 -0.759 0.016 0.987 0.000 0.051 0.149 0.684 0.000 -0.728 0.036 0.987 0.000 0.027 0.161 
0.998 -0.038 -0.025 -0.032 0.722 0.000 -0.686 -0.087 0.984 0.000 -0.141 -0.106 0.766 0.000 -0.642 -0.025 0.987 0.000 -0.089 -0.135 0.651 0.000 -0.759 0.016 0.987 0.000 0.050 0.150 0.684 0.000 -0.728 0.036 0.987 0.000 0.026 0.161 
0.998 -0.038 -0.025 -0.033 0.722 0.000 -0.686 -0.087 0.984 0.000 -0.141 -0.107 0.767 0.000 -0.642 -0.025 0.987 0.000 -0.089 -0.135 0.651 0.000 -0.759 0.015 0.988 0.000 0.050 0.149 0.684 0.000 -0.728 0.036 0.987 0.000 0.027 0.162 
0.998 -0.038 -0.025 -0.032 0.722 0.000 -0.686 -0.087 0.984 0.000 -0.141 -0.107 0.767 0.000 -0.642 -0.025 0.987 0.000 -0.089 -0.135 0.651 0.000 -0.759 0.015 0.987 0.000 0.051 0.150 0.684 0.000 -0.728 0.036 0.987 0.000 0.027 0.162 
0.998 -0.038 -0.025 -0.032 0.722 0.000 -0.686 -0.087 0.984 0.000 -0.141 -0.107 0.767 0.000 -0.642 -0.024 0.987 -0.000 -0.089 -0.136 0.651 0.000 -0.759 0.015 0.987 -0.000 0.050 0.150 0.684 0.000 -0.728 0.036 0.987 0.000 0.027 0.161 
0.998 -0.038 -0.025 -0.032 0.722 -0.000 -0.686 -0.087 0.984 0.000 -0.141 -0.107 0.767 -0.000 -0.642 -0.025 0.987 0.000 -0.089 -0.135 0.651 0.000 -0.759 0.015 0.987 -0.000 0.050 0.149 0.684 0.000 -0.728 0.036 0.987 0.000 0.027 0.161 
0.998 -0.038 -0.025 -0.032 0.722 -0.000 -0.686 -0.087 0.984 -0.000 -0.141 -0.107 0.767 -0.000 -0.642 -0.025 0.987 -0.000 -0.089 -0.135 0.651 -0.000 -0.759 0.015 0.987 0.000 0.050 0.150 0.684 0.000 -0.728 0.036 0.987 0.000 0.027 0.161 
0.998 -0.039 -0.025 -0.032 0.722 0.000 -0.686 -0.087 0.984 0.000 -0.141 -0.108 0.767 0.000 -0.642 -0.025 0.987 0.000 -0.089 -0.135 0.651 -0.000 -0.759 0.015 0.987 0.000 0.051 0.150 0.684 0.000 -0.728 0.037 0.987 0.000 0.027 0.161 
0.998 -0.039 -0.025 -0.032 0.722 0.000 -0.686 -0.087 0.984 0.000 -0.141 -0.108 0.767 0.000 -0.642 -0.025 0.987 0.000 -0.089 -0.135 0.651 0.000 -0.759 0.015 0.987 0.000 0.050 0.150 0.684 0.000 -0.728 0.037 0.987 0.000 0.027 0.161 
0.998 -0.039 -0.025 -0.032 0.722 0.000 -0.686 -0.087 0.984 0.000 -0.141 -0.107 0.767 0.000 -0.642 -0.025 0.987 0.000 -0.089 -0.135 0.651 0.000 -0.759 0.015 0.987 0.000 0.050 0.150 0.684 0.000 -0.728 0.037 0.987 -0.000 0.027 0.161 
0.998 -0.039 -0.025 -0.032 0.722 -0.000 -0.686 -0.087 0.984 -0.000 -0.141 -0.107 0.767 0.000 -0.642 -0.025 0.987 0.000 -0.089 -0.134 0.651 -0.000 -0.759 0.015 0.987 0.000 0.050 0.150 0.684 0.000 -0.728 0.037 0.987 -0.000 0.027 0.161 
0.998 -0.039 -0.025 -0.032 0.722 0.000 -0.686 -0.087 0.984 0.000 -0.140 -0.108 0.767 -0.000 -0.642 -0.025 0.987 0.000 -0.089 -0.134 0.651 0.000 -0.759 0.015 0.987 0.000 0.051 0.151 0.684 0.000 -0.729 0.037 0.987 -0.000 0.027 0.161 
0.998 -0.039 -0.025 -0.032 0.722 -0.000 -0.686 -0.087 0.984 0.000 -0.141 -0.107 0.767 0.000 -0.642 -0.025 0.987 0.000 -0.089 -0.134 0.651 0.000 -0.759 0.015 0.987 0.000 0.050 0.151 0.684 0.000 -0.728 0.037 0.987 0.000 0.027 0.161 
0.998 -0.039 -0.025 -0.032 0.722 0.000 -0.686 -0.087 0.984 0.000 -0.141 -0.108 0.767 0.000 -0.642 -0.025 0.987 -0.000 -0.089 -0.134 0.651 0.000 -0.759 0.014 0.987 0.000 0.050 0.151 0.684 0.000 -0.728 0.037 0.987 -0.000 0.027 0.161 
0.998 -0.039 -0.025 -0.032 0.722 -0.000 -0.686 -0.087 0.984 -0.000 -0.141 -0.108 0.767 -0.000 -0.642 -0.025 0.987 -0.000 -0.089 -0.134 0.651 0.000 -0.759 0.015 0.987 0.000 0.050 0.151 0.684 0.000 -0.728 0.037 0.987 0.000 0.027 0.161 
0.998 -0.039 -0.025 -0.032 0.722 0.000 -0.686 -0.087 0.984 0.000 -0.141 -0.108 0.767 0.000 -0.642 -0.025 0.987 0.000 -0.089 -0.134 0.651 -0.000 -0.759 0.015 0.987 0.000 0.051 0.152 0.684 0.000 -0.728 0.037 0.987 0.000 0.027 0.161 
0.998 -0.039 -0.025 -0.032 0.722 0.000 -0.686 -0.087 0.984 0.000 -0.141 -0.108 0.767 -0.000 -0.642 -0.025 0.987 -0.000 -0.089 -0.134 0.651 0.000 -0.759 0.014 0.987 0.000 0.050 0.152 0.684 0.000 -0.728 0.037 0.987 0.000 0.027 0.161 
0.998 -0.040 -0.025 -0.032 0.722 -0.000 -0.686 -0.087 0.984 0.000 -0.141 -0.108 0.767 0.000 -0.641 -0.025 0.987 0.000 -0.089 -0.134 0.651 0.000 -0.759 0.015 0.987 -0.000 0.050 0.152 0.684 0.000 -0.728 0.037 0.987 0.000 0.027 0.161 
0.998 -0.040 -0.025 -0.032 0.722 0.000 -0.686 -0.087 0.984 0.000 -0.141 -0.108 0.767 0.000 -0.642 -0.024 0.987 0.000 -0.089 -0.135 0.651 0.000 -0.759 0.014 0.987 0.000 0.050 0.152 0.684 0.000 -0.728 0.037 0.987 0.000 0.027 0.161 
0.998 -0.040 -0.025 -0.032 0.722 -0.000 -0.686 -0.087 0.984 -0.000 -0.141 -0.108 0.767 0.000 -0.642 -0.025 0.987 0.000 -0.089 -0.134 0.651 0.000 -0.759 0.014 0.987 0.000 0.050 0.152 0.684 0.000 -0.728 0.037 0.987 -0.000 0.027 0.161 
0.998 -0.040 -0.025 -0.032 0.722 0.000 -0.686 -0.087 0.984 0.000 -0.141 -0.108 0.767 -0.000 -0.642 -0.025 0.987 0.000 -0.089 -0.134 0.652 0.000 -0.758 0.014 0.987 0.000 0.050 0.153 0.684 0.000 -0.728 0.038 0.987 -0.000 0.027 0.161 
0.998 -0.040 -0.025 -0.032 0.722 0.000 -0.686 -0.087 0.984 -0.000 -0.141 -0.107 0.767 0.000 -0.642 -0.024 0.987 0.000 -0.089 -0.135 0.651 0.000 -0.759 0.014 0.987 -0.000 0.050 0.152 0.684 0.000 -0.728 0.038 0.987 -0.000 0.027 0.161 
0.998 -0.040 -0.025 -0.032 0.722 0.000 -0.686 -0.087 0.984 0.000 -0.142 -0.107 0.767 -0.000 -0.642 -0.024 0.987 -0.000 -0.089 -0.135 0.651 -0.000 -0.759 0.014 0.987 0.000 0.050 0.153 0.684 0.000 -0.728 0.038 0.987 0.000 0.027 0.161 
0.998 -0.040 -0.025 -0.032 0.723 0.000 -0.686 -0.087 0.984 0.000 -0.141 -0.108 0.767 0.000 -0.642 -0.024 0.987 0.000 -0.089 -0.135 0.651 0.000 -0.759 0.014 0.987 0.000 0.050 0.153 0.684 -0.000 -0.728 0.038 0.987 0.000 0.027 0.161 
0.998 -0.041 -0.025 -0.032 0.723 0.000 -0.686 -0.086 0.984 0.000 -0.142 -0.108 0.766 0.000 -0.642 -0.024 0.987 0.000 -0.089 -0.135 0.651 0.000 -0.759 0.014 0.987 -0.000 0.050 0.153 0.684 -0.000 -0.728 0.038 0.987 0.000 0.027 0.161 
0.998 -0.041 -0.025 -0.032 0.723 0.000 -0.686 -0.086 0.984 0.000 -0.142 -0.108 0.766 0.000 -0.642 -0.024 0.987 0.000 -0.089 -0.135 0.651 0.000 -0.759 0.014 0.987 -0.000 0.050 0.154 0.684 0.000 -0.728 0.038 0.987 0.000 0.027 0.161 
0.998 -0.041 -0.025 -0.032 0.723 0.000 -0.686 -0.086 0.984 0.000 -0.142 -0.107 0.766 -0.000 -0.642 -0.023 0.987 0.000 -0.089 -0.135 0.651 0.000 -0.759 0.014 0.987 0.000 0.050 0.153 0.684 0.000 -0.728 0.038 0.987 0.000 0.027 0.161 
0.998 -0.041 -0.025 -0.032 0.723 0.000 -0.686 -0.086 0.984 0.000 -0.142 -0.107 0.766 0.000 -0.642 -0.024 0.987 0.000 -0.089 -0.135 0.651 0.000 -0.759 0.014 0.987 0.000 0.050 0.153 0.684 0.000 -0.728 0.039 0.987 0.000 0.027 0.161 
0.998 -0.041 -0.025 -0.032 0.723 0.000 -0.686 -0.086 0.984 -0.000 -0.142 -0.108 0.766 0.000 -0.642 -0.023 0.987 -0.000 -0.089 -0.135 0.652 -0.000 -0.758 0.014 0.987 0.000 0.050 0.154 0.684 -0.000 -0.728 0.039 0.987 0.000 0.027 0.161 
0.998 -0.041 -0.025 -0.032 0.723 0.000 -0.686 -0.086 0.984 0.000 -0.142 -0.108 0.766 0.000 -0.642 -0.024 0.987 0.000 -0.090 -0.135 0.652 0.000 -0.758 0.014 0.987 0.000 0.050 0.154 0.684 0.000 -0.728 0.039 0.987 0.000 0.027 0.161 
0.998 -0.041 -0.025 -0.032 0.723 0.000 -0.686 -0.086 0.984 0.000 -0.142 -0.108 0.766 0.000 -0.642 -0.024 0.987 -0.000 -0.090 -0.135 0.651 0.000 -0.759 0.014 0.987 0.000 0.050 0.155 0.684 0.000 -0.728 0.039 0.987 0.000 0.028 0.161 
0.998 -0.042 -0.025 -0.032 0.723 0.000 -0.686 -0.086 0.984 -0.000 -0.142 -0.108 0.767 0.000 -0.642 -0.024 0.987 -0.000 -0.090 -0.134 0.651 0.000 -0.759 0.015 0.987 0.000 0.050 0.155 0.684 0.000 -0.728 0.039 0.987 -0.000 0.027 0.161 
0.998 -0.042 -0.025 -0.032 0.723 0.000 -0.686 -0.086 0.984 0.000 -0.142 -0.108 0.766 0.000 -0.642 -0.024 0.987 0.000 -0.090 -0.135 0.651 0.000 -0.759 0.014 0.987 0.000 0.050 0.154 0.684 -0.000 -0.728 0.039 0.986 -0.000 0.028 0.161 
0.998 -0.042 -0.025 -0.032 0.723 0.000 -0.686 -0.085 0.984 0.000 -0.142 -0.108 0.766 0.000 -0.642 -0.024 0.987 0.000 -0.090 -0.135 0.651 0.000 -0.759 0.014 0.987 0.000 0.050 0.154 0.684 0.000 -0.728 0.039 0.987 0.000 0.028 0.161 
0.998 -0.042 -0.025 -0.032 0.723 0.000 -0.686 -0.086 0.984 0.000 -0.142 -0.108 0.766 0.000 -0.642 -0.024 0.987 0.000 -0.090 -0.135 0.651 0.000 -0.759 0.014 0.987 0.000 0.050 0.155 0.684 0.000 -0.728 0.039 0.986 0.000 0.028 0.161 
0.998 -0.042 -0.025 -0.032 0.723 0.000 -0.686 -0.086 0.984 -0.000 -0.142 -0.107 0.766 0.000 -0.642 -0.024 0.987 0.000 -0.090 -0.135 0.651 0.000 -0.759 0.014 0.987 -0.000 0.050 0.155 0.684 0.000 -0.728 0.039 0.986 0.000 0.028 0.162 
0.998 -0.042 -0.025 -0.032 0.723 0.000 -0.686 -0.086 0.984 0.000 -0.142 -0.107 0.766 0.000 -0.642 -0.024 0.987 -0.000 -0.090 -0.135 0.651 0.000 -0.759 0.014 0.987 0.000 0.050 0.156 0.684 0.000 -0.728 0.039 0.986 0.000 0.027 0.162 
0.998 -0.042 -0.025 -0.032 0.723 0.000 -0.686 -0.086 0.984 0.000 -0.142 -0.107 0.766 -0.000 -0.642 -0.024 0.987 0.000 -0.090 -0.135 0.651 0.000 -0.759 0.014 0.987 0.000 0.050 0.156 0.684 0.000 -0.728 0.039 0.986 0.000 0.028 0.162 
0.998 -0.042 -0.025 -0.032 0.723 0.000 -0.686 -0.086 0.984 -0.000 -0.142 -0.107 0.766 0.000 -0.642 -0.023 0.987 0.000 -0.090 -0.135 0.651 0.000 -0.759 0.014 0.987 0.000 0.050 0.156 0.684 0.000 -0.728 0.039 0.986 0.000 0.028 0.162 
0.998 -0.042 -0.025 -0.032 0.723 0.000 -0.686 -0.086 0.984 0.000 -0.143 -0.107 0.766 0.000 -0.642 -0.023 0.987 -0.000 -0.089 -0.135 0.651 0.000 -0.759 0.014 0.987 0.000 0.049 0.156 0.684 0.000 -0.728 0.039 0.986 0.000 0.028 0.162 
0.998 -0.043 -0.025 -0.032 0.723 0.000 -0.686 -0.086 0.984 0.000 -0.142 -0.107 0.766 0.000 -0.642 -0.024 0.987 0.000 -0.090 -0.135 0.651 0.000 -0.759 0.014 0.986 0.000 0.050 0.156 0.684 0.000 -0.728 0.039 0.986 -0.000 0.028 0.162 
0.998 -0.043 -0.025 -0.032 0.723 0.000 -0.686 -0.086 0.984 0.000 -0.142 -0.108 0.766 -0.000 -0.642 -0.024 0.987 0.000 -0.090 -0.135 0.651 0.000 -0.759 0.014 0.986 0.000 0.050 0.157 0.684 0.000 -0.728 0.039 0.986 0.000 0.028 0.162 
0.998 -0.043 -0.025 -0.032 0.723 0.000 -0.686 -0.085 0.984 0.000 -0.142 -0.107 0.766 0.000 -0.642 -0.024 0.987 -0.000 -0.090 -0.135 0.651 0.000 -0.759 0.014 0.986 0.000 0.050 0.157 0.684 0.000 -0.728 0.039 0.986 0.000 0.028 0.162 
0.998 -0.043 -0.025 -0.032 0.723 0.000 -0.685 -0.086 0.984 0.000 -0.142 -0.107 0.766 0.000 -0.642 -0.023 0.987 0.000 -0.090 -0.135 0.651 0.000 -0.759 0.014 0.987 -0.000 0.049 0.156 0.684 0.000 -0.728 0.039 0.986 0.000 0.028 0.162 
0.998 -0.043 -0.025 -0.032 0.723 0.000 -0.685 -0.086 0.984 0.000 -0.142 -0.108 0.766 0.000 -0.642 -0.023 0.987 0.000 -0.090 -0.135 0.651 0.000 -0.759 0.014 0.986 0.000 0.050 0.157 0.684 0.000 -0.728 0.039 0.986 0.000 0.028 0.162 
0.998 -0.043 -0.025 -0.032 0.723 0.000 -0.685 -0.085 0.984 0.000 -0.142 -0.107 0.766 0.000 -0.642 -0.023 0.987 0.000 -0.090 -0.135 0.651 0.000 -0.759 0.013 0.986 -0.000 0.049 0.156 0.684 0.000 -0.728 0.039 0.986 0.000 0.028 0.162 
0.998 -0.043 -0.025 -0.032 0.723 0.000 -0.685 -0.085 0.984 0.000 -0.142 -0.107 0.766 0.000 -0.642 -0.023 0.987 0.000 -0.090 -0.135 0.651 0.000 -0.759 0.013 0.986 0.000 0.050 0.157 0.684 0.000 -0.728 0.039 0.986 0.000 0.028 0.162 
0.998 -0.043 -0.025 -0.032 0.723 0.000 -0.685 -0.085 0.984 0.000 -0.142 -0.108 0.766 0.000 -0.642 -0.023 0.987 0.000 -0.090 -0.135 0.652 0.000 -0.759 0.013 0.986 0.000 0.049 0.157 0.684 -0.000 -0.728 0.039 0.986 0.000 0.028 0.162 
0.998 -0.043 -0.025 -0.032 0.723 -0.000 -0.685 -0.086 0.984 0.000 -0.142 -0.108 0.766 0.000 -0.642 -0.024 0.987 -0.000 -0.090 -0.135 0.651 0.000 -0.759 0.013 0.986 -0.000 0.049 0.157 0.684 0.000 -0.728 0.039 0.986 0.000 0.028 0.162 
0.998 -0.043 -0.025 -0.032 0.723 0.000 -0.685 -0.086 0.984 0.000 -0.142 -0.108 0.766 0.000 -0.642 -0.024 0.987 0.000 -0.090 -0.135 0.651 0.000 -0.759 0.013 0.986 0.000 0.049 0.157 0.684 0.000 -0.728 0.039 0.986 -0.000 0.028 0.162 
0.998 -0.043 -0.025 -0.032 0.723 0.000 -0.685 -0.086 0.984 0.000 -0.142 -0.108 0.766 0.000 -0.642 -0.024 0.987 0.000 -0.090 -0.134 0.651 -0.000 -0.759 0.013 0.986 0.000 0.049 0.158 0.684 0.000 -0.728 0.039 0.986 0.000 0.028 0.162 
0.998 -0.043 -0.025 -0.031 0.723 -0.000 -0.685 -0.086 0.984 0.000 -0.142 -0.108 0.766 0.000 -0.642 -0.024 0.987 -0.000 -0.090 -0.134 0.651 0.000 -0.759 0.012 0.986 -0.000 0.049 0.158 0.684 0.000 -0.728 0.039 0.986 0.000 0.028 0.162 
0.998 -0.043 -0.025 -0.031 0.723 0.000 -0.685 -0.086 0.984 0.000 -0.142 -0.108 0.766 0.000 -0.642 -0.025 0.987 0.000 -0.090 -0.133 0.651 0.000 -0.759 0.013 0.986 0.000 0.049 0.157 0.684 0.000 -0.728 0.039 0.986 0.000 0.028 0.162 
0.998 -0.043 -0.025 -0.031 0.723 0.000 -0.685 -0.086 0.984 -0.000 -0.141 -0.108 0.766 0.000 -0.642 -0.024 0.987 -0.000 -0.090 -0.134 0.651 0.000 -0.759 0.012 0.986 0.000 0.049 0.158 0.684 0.000 -0.728 0.038 0.986 0.000 0.028 0.162 
0.998 -0.043 -0.025 -0.031 0.723 0.000 -0.685 -0.086 0.984 0.000 -0.141 -0.109 0.766 0.000 -0.642 -0.025 0.987 0.000 -0.091 -0.133 0.651 0.000 -0.759 0.012 0.986 0.000 0.049 0.158 0.684 0.000 -0.728 0.039 0.986 0.000 0.028 0.162 
0.998 -0.043 -0.024 -0.031 0.723 0.000 -0.685 -0.086 0.984 0.000 -0.141 -0.109 0.766 0.000 -0.642 -0.024 0.987 0.000 -0.090 -0.134 0.651 0.000 -0.759 0.012 0.986 -0.000 0.049 0.157 0.684 0.000 -0.728 0.038 0.986 0.000 0.028 0.162 
0.998 -0.043 -0.024 -0.031 0.723 0.000 -0.685 -0.086 0.984 0.000 -0.141 -0.109 0.766 0.000 -0.642 -0.024 0.987 0.000 -0.091 -0.134 0.651 0.000 -0.759 0.012 0.986 0.000 0.049 0.158 0.684 -0.000 -0.728 0.038 0.986 0.000 0.028 0.162 
0.998 -0.043 -0.024 -0.031 0.723 -0.000 -0.685 -0.086 0.984 -0.000 -0.141 -0.109 0.766 0.000 -0.642 -0.025 0.987 0.000 -0.090 -0.133 0.651 0.000 -0.759 0.012 0.986 -0.000 0.049 0.158 0.684 0.000 -0.728 0.038 0.986 0.000 0.028 0.162 
0.998 -0.043 -0.024 -0.031 0.723 0.000 -0.685 -0.086 0.984 0.000 -0.141 -0.109 0.766 0.000 -0.642 -0.024 0.987 0.000 -0.091 -0.134 0.651 0.000 -0.759 0.012 0.986 -0.000 0.048 0.158 0.684 0.000 -0.728 0.038 0.986 0.000 0.028 0.162 
0.998 -0.043 -0.024 -0.031 0.723 -0.000 -0.685 -0.086 0.984 -0.000 -0.141 -0.109 0.766 0.000 -0.642 -0.024 0.987 0.000 -0.091 -0.134 0.651 0.000 -0.759 0.011 0.986 0.000 0.049 0.159 0.684 0.000 -0.728 0.038 0.986 0.000 0.028 0.162 
0.998 -0.043 -0.024 -0.031 0.723 0.000 -0.685 -0.086 0.984 0.000 -0.141 -0.110 0.766 0.000 -0.642 -0.024 0.987 -0.000 -0.091 -0.133 0.651 0.000 -0.759 0.011 0.986 0.000 0.049 0.159 0.684 -0.000 -0.728 0.037 0.986 0.000 0.028 0.162 
0.998 -0.043 -0.024 -0.031 0.723 0.000 -0.685 -0.085 0.984 0.000 -0.142 -0.110 0.766 0.000 -0.642 -0.024 0.987 0.000 -0.091 -0.134 0.651 0.000 -0.759 0.011 0.986 0.000 0.048 0.158 0.684 0.000 -0.728 0.037 0.986 -0.000 0.028 0.162 
0.998 -0.043 -0.024 -0.031 0.723 0.000 -0.685 -0.085 0.984 -0.000 -0.141 -0.110 0.766 0.000 -0.642 -0.024 0.987 0.000 -0.091 -0.133 0.651 0.000 -0.759 0.011 0.986 0.000 0.048 0.158 0.684 0.000 -0.729 0.037 0.986 -0.000 0.028 0.162 
0.998 -0.043 -0.024 -0.031 0.723 -0.000 -0.685 -0.085 0.984 0.000 -0.142 -0.110 0.766 0.000 -0.642 -0.024 0.987 0.000 -0.091 -0.133 0.651 0.000 -0.759 0.011 0.986 0.000 0.048 0.158 0.684 0.000 -0.728 0.037 0.986 0.000 0.028 0.162 
0.998 -0.043 -0.024 -0.031 0.723 0.000 -0.685 -0.085 0.984 0.000 -0.142 -0.110 0.766 0.000 -0.642 -0.024 0.987 -0.000 -0.091 -0.133 0.651 0.000 -0.759 0.010 0.986 0.000 0.048 0.158 0.684 0.000 -0.728 0.037 0.986 0.000 0.028 0.162 
0.998 -0.043 -0.024 -0.031 0.723 0.000 -0.685 -0.085 0.984 0.000 -0.142 -0.110 0.766 0.000 -0.642 -0.024 0.987 0.000 -0.091 -0.134 0.651 0.000 -0.759 0.010 0.986 0.000 0.048 0.159 0.684 0.000 -0.728 0.037 0.986 -0.000 0.027 0.162 
0.998 -0.043 -0.024 -0.031 0.723 0.000 -0.685 -0.085 0.984 -0.000 -0.141 -0.110 0.766 -0.000 -0.642 -0.024 0.987 0.000 -0.091 -0.133 0.651 0.000 -0.759 0.010 0.986 0.000 0.048 0.159 0.684 0.000 -0.729 0.036 0.986 0.000 0.027 0.163 
0.998 -0.043 -0.024 -0.031 0.723 0.000 -0.685 -0.085 0.984 0.000 -0.142 -0.110 0.766 0.000 -0.642 -0.024 0.987 0.000 -0.091 -0.133 0.651 0.000 -0.759 0.009 0.986 0.000 0.048 0.159 0.684 0.000 -0.728 0.036 0.986 0.000 0.027 0.162 
0.998 -0.043 -0.024 -0.031 0.723 0.000 -0.685 -0.085 0.984 -0.000 -0.142 -0.110 0.766 0.000 -0.642 -0.024 0.987 0.000 -0.091 -0.134 0.651 0.000 -0.759 0.009 0.986 0.000 0.048 0.159 0.684 0.000 -0.728 0.036 0.986 0.000 0.027 0.163 
0.998 -0.043 -0.024 -0.031 0.723 0.000 -0.685 -0.085 0.984 0.000 -0.142 -0.110 0.766 0.000 -0.642 -0.024 0.987 0.000 -0.091 -0.134 0.652 0.000 -0.759 0.009 0.986 0.000 0.048 0.159 0.684 0.000 -0.729 0.036 0.986 0.000 0.028 0.163 
0.998 -0.043 -0.024 -0.031 0.723 0.000 -0.685 -0.085 0.984 0.000 -0.142 -0.110 0.766 0.000 -0.642 -0.025 0.987 0.000 -0.091 -0.134 0.651 0.000 -0.759 0.008 0.986 0.000 0.048 0.159 0.684 0.000 -0.729 0.036 0.986 0.000 0.027 0.162 
0.998 -0.043 -0.024 -0.031 0.723 0.000 -0.685 -0.085 0.984 0.000 -0.142 -0.109 0.766 0.000 -0.642 -0.025 0.987 -0.000 -0.091 -0.133 0.652 0.000 -0.759 0.008 0.986 0.000 0.048 0.159 0.684 0.000 -0.729 0.035 0.986 0.000 0.027 0.162 
0.998 -0.043 -0.024 -0.031 0.724 -0.000 -0.685 -0.085 0.984 0.000 -0.142 -0.110 0.766 0.000 -0.642 -0.025 0.987 0.000 -0.091 -0.134 0.652 0.000 -0.759 0.008 0.986 0.000 0.048 0.159 0.684 0.000 -0.729 0.035 0.986 0.000 0.027 0.163 
0.998 -0.043 -0.024 -0.031 0.724 0.000 -0.685 -0.085 0.984 0.000 -0.142 -0.110 0.766 0.000 -0.642 -0.024 0.987 -0.000 -0.091 -0.134 0.652 0.000 -0.759 0.008 0.986 0.000 0.048 0.160 0.684 0.000 -0.729 0.035 0.986 0.000 0.027 0.163 
0.998 -0.043 -0.024 -0.031 0.724 0.000 -0.685 -0.085 0.984 0.000 -0.142 -0.110 0.766 0.000 -0.642 -0.024 0.987 0.000 -0.091 -0.134 0.652 0.000 -0.759 0.007 0.986 0.000 0.048 0.160 0.684 0.000 -0.729 0.035 0.986 0.000 0.027 0.163 
0.998 -0.042 -0.024 -0.031 0.724 0.000 -0.685 -0.085 0.984 0.000 -0.142 -0.110 0.766 0.000 -0.642 -0.024 0.987 0.000 -0.091 -0.134 0.652 0.000 -0.759 0.007 0.986 0.000 0.047 0.160 0.684 -0.000 -0.729 0.034 0.986 0.000 0.027 0.163 
0.998 -0.042 -0.024 -0.031 0.724 0.000 -0.685 -0.085 0.984 0.000 -0.142 -0.110 0.766 -0.000 -0.642 -0.024 0.987 0.000 -0.092 -0.134 0.652 -0.000 -0.759 0.006 0.986 0.000 0.047 0.160 0.684 -0.000 -0.729 0.034 0.986 -0.000 0.027 0.163 
0.998 -0.042 -0.024 -0.031 0.724 0.000 -0.685 -0.085 0.984 0.000 -0.142 -0.110 0.766 0.000 -0.642 -0.025 0.987 -0.000 -0.092 -0.134 0.652 0.000 -0.759 0.006 0.986 0.000 0.047 0.161 0.684 -0.000 -0.729 0.034 0.986 -0.000 0.027 0.163 
0.998 -0.042 -0.024 -0.031 0.724 0.000 -0.685 -0.084 0.984 -0.000 -0.142 -0.110 0.766 0.000 -0.642 -0.024 0.987 0.000 -0.092 -0.134 0.652 0.000 -0.758 0.006 0.986 0.000 0.047 0.161 0.684 0.000 -0.729 0.034 0.986 0.000 0.027 0.163 
0.998 -0.042 -0.024 -0.031 0.724 0.000 -0.685 -0.085 0.984 0.000 -0.142 -0.110 0.766 0.000 -0.642 -0.024 0.987 0.000 -0.092 -0.134 0.652 -0.000 -0.759 0.006 0.986 -0.000 0.047 0.161 0.684 0.000 -0.729 0.034 0.986 -0.000 0.027 0.163 
0.998 -0.042 -0.024 -0.031 0.724 0.000 -0.685 -0.084 0.984 -0.000 -0.142 -0.110 0.766 0.000 -0.642 -0.024 0.987 0.000 -0.092 -0.134 0.652 0.000 -0.759 0.006 0.986 0.000 0.047 0.161 0.684 -0.000 -0.729 0.034 0.986 0.000 0.027 0.163 
0.998 -0.042 -0.024 -0.031 0.724 -0.000 -0.685 -0.084 0.984 -0.000 -0.142 -0.110 0.766 0.000 -0.642 -0.024 0.987 0.000 -0.092 -0.134 0.652 0.000 -0.758 0.006 0.986 0.000 0.047 0.161 0.684 0.000 -0.729 0.033 0.986 0.000 0.027 0.163 
0.998 -0.042 -0.024 -0.030 0.724 0.000 -0.685 -0.084 0.984 0.000 -0.142 -0.111 0.766 -0.000 -0.642 -0.024 0.987 -0.000 -0.092 -0.134 0.652 0.000 -0.759 0.005 0.986 0.000 0.047 0.161 0.684 0.000 -0.729 0.033 0.986 0.000 0.027 0.163 
0.998 -0.042 -0.024 -0.031 0.724 -0.000 -0.685 -0.084 0.984 0.000 -0.142 -0.111 0.766 0.000 -0.642 -0.024 0.987 0.000 -0.092 -0.134 0.652 0.000 -0.759 0.005 0.986 0.000 0.047 0.161 0.684 -0.000 -0.729 0.033 0.986 0.000 0.027 0.163 
0.998 -0.042 -0.024 -0.030 0.724 0.000 -0.685 -0.084 0.984 0.000 -0.142 -0.111 0.766 0.000 -0.642 -0.024 0.987 0.000 -0.092 -0.134 0.652 0.000 -0.759 0.005 0.986 0.000 0.047 0.161 0.684 0.000 -0.729 0.033 0.986 0.000 0.027 0.163 
0.998 -0.042 -0.024 -0.030 0.724 0.000 -0.685 -0.084 0.984 0.000 -0.142 -0.111 0.766 0.000 -0.642 -0.024 0.987 0.000 -0.092 -0.134 0.652 0.000 -0.759 0.005 0.986 0.000 0.047 0.161 0.684 -0.000 -0.729 0.033 0.986 0.000 0.027 0.163 
0.998 -0.042 -0.024 -0.030 0.724 0.000 -0.685 -0.084 0.984 0.000 -0.142 -0.110 0.766 0.000 -0.642 -0.024 0.987 0.000 -0.092 -0.134 0.652 0.000 -0.759 0.005 0.986 0.000 0.047 0.161 0.684 0.000 -0.729 0.033 0.986 0.000 0.027 0.163 
0.998 -0.042 -0.024 -0.030 0.724 0.000 -0.685 -0.084 0.984 0.000 -0.142 -0.111 0.766 0.000 -0.642 -0.024 0.987 -0.000 -0.092 -0.134 0.651 0.000 -0.759 0.005 0.986 0.000 0.047 0.161 0.684 -0.000 -0.729 0.033 0.986 0.000 0.027 0.163 
0.998 -0.042 -0.024 -0.030 0.724 -0.000 -0.685 -0.084 0.984 0.000 -0.142 -0.111 0.766 0.000 -0.642 -0.024 0.987 0.000 -0.092 -0.134 0.652 0.000 -0.759 0.005 0.986 0.000 0.047 0.161 0.684 -0.000 -0.729 0.033 0.986 0.000 0.027 0.163 
0.998 -0.042 -0.024 -0.030 0.724 0.000 -0.685 -0.084 0.984 0.000 -0.142 -0.111 0.766 0.000 -0.642 -0.024 0.987 0.000 -0.092 -0.134 0.651 0.000 -0.759 0.005 0.986 0.000 0.047 0.161 0.684 0.000 -0.729 0.033 0.986 0.000 0.027 0.163 
0.998 -0.042 -0.024 -0.030 0.724 0.000 -0.685 -0.084 0.984 0.000 -0.142 -0.110 0.766 0.000 -0.642 -0.024 0.987 0.000 -0.092 -0.134 0.652 -0.000 -0.759 0.005 0.986 0.000 0.047 0.162 0.684 0.000 -0.729 0.032 0.986 -0.000 0.027 0.163 
0.998 -0.042 -0.024 -0.030 0.724 0.000 -0.685 -0.084 0.984 0.000 -0.142 -0.110 0.766 -0.000 -0.642 -0.025 0.987 0.000 -0.092 -0.134 0.652 0.000 -0.759 0.005 0.986 0.000 0.047 0.161 0.684 0.000 -0.729 0.033 0.986 0.000 0.027 0.163 
0.998 -0.042 -0.024 -0.030 0.724 0.000 -0.685 -0.084 0.984 0.000 -0.142 -0.110 0.766 0.000 -0.642 -0.025 0.987 0.000 -0.092 -0.134 0.652 0.000 -0.759 0.005 0.986 0.000 0.047 0.161 0.684 0.000 -0.729 0.033 0.986 0.000 0.027 0.163 
0.998 -0.042 -0.024 -0.030 0.724 0.000 -0.685 -0.083 0.984 0.000 -0.142 -0.110 0.766 -0.000 -0.642 -0.025 0.987 0.000 -0.092 -0.134 0.651 0.000 -0.759 0.005 0.986 0.000 0.047 0.161 0.684 0.000 -0.729 0.033 0.986 0.000 0.027 0.163 
0.998 -0.042 -0.024 -0.030 0.724 -0.000 -0.685 -0.083 0.984 0.000 -0.142 -0.110 0.766 0.000 -0.642 -0.025 0.987 0.000 -0.092 -0.134 0.652 0.000 -0.759 0.005 0.986 0.000 0.047 0.161 0.684 0.000 -0.729 0.033 0.986 0.000 0.027 0.163 
0.998 -0.042 -0.024 -0.030 0.724 0.000 -0.685 -0.084 0.984 0.000 -0.142 -0.110 0.766 0.000 -0.642 -0.025 0.987 0.000 -0.092 -0.134 0.652 0.000 -0.759 0.005 0.986 -0.000 0.047 0.161 0.684 0.000 -0.729 0.033 0.986 -0.000 0.027 0.163 
0.998 -0.042 -0.024 -0.030 0.724 -0.000 -0.685 -0.083 0.984 0.000 -0.142 -0.110 0.766 0.000 -0.642 -0.025 0.987 0.000 -0.092 -0.134 0.652 -0.000 -0.759 0.005 0.986 0.000 0.047 0.161 0.684 -0.000 -0.729 0.033 0.986 0.000 0.027 0.163 
0.998 -0.042 -0.024 -0.030 0.724 0.000 -0.685 -0.084 0.984 0.000 -0.142 -0.110 0.766 0.000 -0.642 -0.025 0.987 0.000 -0.092 -0.134 0.652 0.000 -0.759 0.005 0.986 0.000 0.047 0.161 0.684 0.000 -0.729 0.032 0.986 0.000 0.027 0.164 
0.998 -0.042 -0.024 -0.030 0.724 0.000 -0.685 -0.084 0.984 0.000 -0.142 -0.110 0.766 0.000 -0.642 -0.026 0.987 0.000 -0.092 -0.134 0.652 0.000 -0.759 0.005 0.986 0.000 0.047 0.161 0.684 -0.000 -0.729 0.032 0.986 0.000 0.027 0.164 
0.998 -0.042 -0.024 -0.030 0.724 0.000 -0.685 -0.084 0.984 0.000 -0.142 -0.110 0.766 0.000 -0.642 -0.025 0.987 0.000 -0.092 -0.134 0.652 0.000 -0.759 0.005 0.986 0.000 0.047 0.161 0.684 0.000 -0.728 0.033 0.986 0.000 0.027 0.164 
0.998 -0.042 -0.024 -0.030 0.724 0.000 -0.685 -0.084 0.984 0.000 -0.142 -0.110 0.766 -0.000 -0.642 -0.025 0.987 -0.000 -0.092 -0.134 0.652 0.000 -0.759 0.005 0.986 0.000 0.047 0.161 0.684 0.000 -0.729 0.032 0.986 0.000 0.027 0.164 
0.998 -0.042 -0.024 -0.030 0.724 0.000 -0.685 -0.084 0.984 0.000 -0.142 -0.109 0.766 0.000 -0.642 -0.025 0.987 0.000 -0.092 -0.134 0.652 -0.000 -0.759 0.005 0.986 0.000 0.046 0.161 0.684 0.000 -0.728 0.032 0.986 0.000 0.027 0.164 
0.998 -0.042 -0.024 -0.030 0.724 0.000 -0.685 -0.084 0.984 0.000 -0.142 -0.110 0.766 0.000 -0.642 -0.026 0.987 0.000 -0.092 -0.134 0.652 -0.000 -0.759 0.005 0.986 -0.000 0.046 0.161 0.684 0.000 -0.729 0.032 0.986 0.000 0.027 0.164 
0.998 -0.042 -0.024 -0.030 0.724 0.000 -0.685 -0.084 0.984 0.000 -0.142 -0.110 0.766 0.000 -0.642 -0.026 0.987 0.000 -0.092 -0.134 0.652 0.000 -0.759 0.005 0.986 0.000 0.047 0.161 0.684 -0.000 -0.728 0.032 0.986 0.000 0.027 0.164 
0.998 -0.042 -0.024 -0.030 0.724 -0.000 -0.685 -0.084 0.984 0.000 -0.142 -0.110 0.766 0.000 -0.642 -0.026 0.987 0.000 -0.092 -0.134 0.651 0.000 -0.759 0.005 0.986 0.000 0.047 0.161 0.684 0.000 -0.728 0.032 0.986 -0.000 0.027 0.164 
0.998 -0.042 -0.024 -0.030 0.724 0.000 -0.685 -0.084 0.984 0.000 -0.142 -0.110 0.766 -0.000 -0.642 -0.026 0.987 0.000 -0.092 -0.134 0.652 0.000 -0.759 0.005 0.986 0.000 0.046 0.161 0.684 0.000 -0.728 0.032 0.986 0.000 0.027 0.164 
0.998 -0.042 -0.024 -0.030 0.724 0.000 -0.685 -0.084 0.984 -0.000 -0.142 -0.109 0.766 -0.000 -0.642 -0.026 0.987 -0.000 -0.092 -0.134 0.652 -0.000 -0.759 0.005 0.986 0.000 0.047 0.161 0.684 0.000 -0.729 0.032 0.986 0.000 0.027 0.164 
0.998 -0.042 -0.024 -0.030 0.724 0.000 -0.685 -0.084 0.984 0.000 -0.142 -0.110 0.766 0.000 -0.642 -0.026 0.987 0.000 -0.092 -0.134 0.652 0.000 -0.759 0.005 0.986 0.000 0.047 0.161 0.684 0.000 -0.729 0.032 0.986 0.000 0.027 0.164 
0.998 -0.042 -0.024 -0.030 0.724 0.000 -0.685 -0.084 0.984 0.000 -0.142 -0.112 0.766 0.000 -0.642 -0.026 0.987 -0.000 -0.092 -0.134 0.652 -0.000 -0.759 0.005 0.986 0.000 0.047 0.161 0.684 0.000 -0.729 0.032 0.986 0.000 0.027 0.164 
0.998 -0.042 -0.024 -0.030 0.724 -0.000 -0.685 -0.084 0.984 0.000 -0.142 -0.109 0.766 0.000 -0.642 -0.026 0.987 0.000 -0.092 -0.134 0.652 0.000 -0.759 0.005 0.986 0.000 0.047 0.161 0.684 0.000 -0.729 0.032 0.986 0.000 0.027 0.164 
0.998 -0.042 -0.024 -0.030 0.724 0.000 -0.685 -0.084 0.984 0.000 -0.142 -0.110 0.766 0.000 -0.642 -0.026 0.987 0.000 -0.092 -0.134 0.651 -0.000 -0.759 0.005 0.986 0.000 0.046 0.161 0.684 -0.000 -0.728 0.032 0.986 -0.000 0.027 0.164 
0.998 -0.042 -0.024 -0.030 0.724 0.000 -0.685 -0.084 0.984 0.000 -0.142 -0.110 0.766 0.000 -0.642 -0.026 0.987 -0.000 -0.092 -0.134 0.652 0.000 -0.759 0.005 0.986 0.000 0.046 0.161 0.684 0.000 -0.728 0.032 0.986 0.000 0.027 0.164 
0.998 -0.042 -0.024 -0.030 0.724 0.000 -0.685 -0.084 0.984 0.000 -0.142 -0.110 0.766 0.000 -0.642 -0.026 0.987 0.000 -0.092 -0.133 0.652 -0.000 -0.759 0.005 0.986 0.000 0.046 0.161 0.684 0.000 -0.728 0.032 0.986 -0.000 0.027 0.164 
0.998 -0.042 -0.024 -0.030 0.724 0.000 -0.685 -0.084 0.984 0.000 -0.142 -0.109 0.766 0.000 -0.642 -0.026 0.987 0.000 -0.092 -0.133 0.652 -0.000 -0.758 0.005 0.986 -0.000 0.047 0.161 0.684 0.000 -0.729 0.032 0.986 0.000 0.027 0.164 
0.998 -0.042 -0.024 -0.030 0.724 0.000 -0.685 -0.085 0.984 0.000 -0.142 -0.110 0.766 0.000 -0.642 -0.026 0.987 0.000 -0.092 -0.134 0.652 0.000 -0.759 0.005 0.986 0.000 0.047 0.161 0.684 0.000 -0.728 0.032 0.986 0.000 0.027 0.164 
0.998 -0.042 -0.024 -0.030 0.724 0.000 -0.685 -0.085 0.984 0.000 -0.142 -0.110 0.766 -0.000 -0.642 -0.027 0.987 -0.000 -0.092 -0.133 0.652 0.000 -0.759 0.005 0.986 0.000 0.046 0.161 0.684 -0.000 -0.728 0.032 0.986 0.000 0.027 0.164 
0.998 -0.042 -0.024 -0.030 0.723 0.000 -0.685 -0.085 0.984 0.000 -0.142 -0.110 0.766 -0.000 -0.642 -0.027 0.987 -0.000 -0.092 -0.134 0.652 0.000 -0.759 0.005 0.986 0.000 0.047 0.161 0.684 0.000 -0.728 0.032 0.986 0.000 0.027 0.164 
0.998 -0.042 -0.024 -0.030 0.723 0.000 -0.685 -0.085 0.984 0.000 -0.142 -0.109 0.767 -0.000 -0.642 -0.027 0.987 0.000 -0.092 -0.133 0.651 0.000 -0.759 0.005 0.986 0.000 0.047 0.161 0.684 0.000 -0.728 0.031 0.986 0.000 0.027 0.165 
0.998 -0.042 -0.024 -0.030 0.724 0.000 -0.685 -0.085 0.984 0.000 -0.142 -0.109 0.766 -0.000 -0.642 -0.027 0.987 0.000 -0.092 -0.133 0.652 0.000 -0.759 0.005 0.986 0.000 0.047 0.161 0.684 0.000 -0.728 0.032 0.986 -0.000 0.027 0.164 
0.998 -0.042 -0.024 -0.029 0.724 -0.000 -0.685 -0.085 0.984 0.000 -0.142 -0.110 0.766 0.000 -0.642 -0.027 0.987 0.000 -0.092 -0.133 0.652 -0.000 -0.759 0.005 0.986 0.000 0.047 0.161 0.684 0.000 -0.728 0.031 0.986 0.000 0.027 0.164 
0.998 -0.042 -0.024 -0.029 0.723 0.000 -0.685 -0.085 0.984 0.000 -0.142 -0.110 0.766 0.000 -0.642 -0.027 0.987 0.000 -0.092 -0.134 0.651 -0.000 -0.759 0.005 0.986 0.000 0.046 0.160 0.684 0.000 -0.728 0.032 0.986 0.000 0.027 0.164 
0.998 -0.042 -0.024 -0.029 0.723 0.000 -0.685 -0.085 0.984 0.000 -0.142 -0.110 0.766 0.000 -0.642 -0.027 0.987 0.000 -0.092 -0.134 0.652 0.000 -0.759 0.006 0.986 0.000 0.047 0.161 0.684 0.000 -0.728 0.032 0.986 0.000 0.027 0.164 
0.998 -0.042 -0.024 -0.030 0.723 0.000 -0.685 -0.085 0.984 0.000 -0.142 -0.109 0.766 -0.000 -0.642 -0.027 0.987 0.000 -0.092 -0.133 0.652 -0.000 -0.759 0.006 0.986 -0.000 0.047 0.161 0.684 0.000 -0.728 0.032 0.986 0.000 0.027 0.164 
0.998 -0.042 -0.024 -0.030 0.724 0.000 -0.685 -0.085 0.984 0.000 -0.142 -0.109 0.766 0.000 -0.642 -0.027 0.987 0.000 -0.092 -0.133 0.652 0.000 -0.759 0.005 0.986 0.000 0.047 0.161 0.684 0.000 -0.728 0.032 0.986 0.000 0.027 0.164 
0.998 -0.042 -0.024 -0.029 0.723 0.000 -0.685 -0.085 0.984 0.000 -0.142 -0.110 0.767 0.000 -0.642 -0.027 0.987 0.000 -0.092 -0.134 0.652 0.000 -0.759 0.006 0.986 0.000 0.047 0.161 0.684 0.000 -0.728 0.032 0.986 0.000 0.027 0.164 
0.998 -0.042 -0.024 -0.030 0.723 0.000 -0.685 -0.085 0.984 0.000 -0.142 -0.109 0.766 0.000 -0.642 -0.027 0.987 -0.000 -0.092 -0.134 0.652 -0.000 -0.759 0.005 0.986 0.000 0.047 0.161 0.684 0.000 -0.728 0.032 0.986 0.000 0.027 0.164 
0.998 -0.042 -0.024 -0.029 0.723 0.000 -0.685 -0.085 0.984 0.000 -0.142 -0.109 0.766 0.000 -0.642 -0.027 0.987 -0.000 -0.092 -0.133 0.652 0.000 -0.759 0.005 0.986 0.000 0.047 0.161 0.684 -0.000 -0.728 0.031 0.986 0.000 0.027 0.164 
0.998 -0.042 -0.024 -0.029 0.723 0.000 -0.685 -0.085 0.984 0.000 -0.142 -0.110 0.766 -0.000 -0.642 -0.027 0.987 0.000 -0.092 -0.133 0.651 -0.000 -0.759 0.006 0.986 0.000 0.047 0.161 0.684 0.000 -0.728 0.032 0.986 0.000 0.027 0.164 
0.998 -0.042 -0.024 -0.030 0.723 0.000 -0.685 -0.085 0.984 0.000 -0.143 -0.110 0.766 0.000 -0.642 -0.027 0.987 0.000 -0.092 -0.134 0.652 0.000 -0.759 0.005 0.986 0.000 0.047 0.161 0.684 0.000 -0.728 0.032 0.986 0.000 0.027 0.164 
0.998 -0.042 -0.024 -0.029 0.723 0.000 -0.685 -0.085 0.984 0.000 -0.143 -0.110 0.766 -0.000 -0.642 -0.027 0.987 -0.000 -0.092 -0.134 0.651 0.000 -0.759 0.005 0.986 -0.000 0.047 0.161 0.684 -0.000 -0.728 0.031 0.986 0.000 0.027 0.164 
0.998 -0.042 -0.024 -0.029 0.724 0.000 -0.685 -0.085 0.984 0.000 -0.143 -0.110 0.766 0.000 -0.642 -0.027 0.987 -0.000 -0.092 -0.134 0.651 0.000 -0.759 0.005 0.986 -0.000 0.046 0.160 0.684 0.000 -0.728 0.031 0.986 0.000 0.027 0.164 
0.998 -0.042 -0.024 -0.029 0.724 0.000 -0.685 -0.085 0.984 -0.000 -0.143 -0.110 0.767 0.000 -0.642 -0.027 0.987 0.000 -0.092 -0.134 0.652 0.000 -0.759 0.005 0.986 0.000 0.047 0.161 0.684 0.000 -0.728 0.031 0.986 0.000 0.027 0.164 
0.998 -0.042 -0.024 -0.029 0.724 -0.000 -0.685 -0.085 0.984 0.000 -0.143 -0.110 0.766 0.000 -0.642 -0.027 0.987 0.000 -0.092 -0.134 0.652 0.000 -0.759 0.005 0.986 -0.000 0.047 0.161 0.684 -0.000 -0.728 0.031 0.986 0.000 0.027 0.164 
0.998 -0.041 -0.024 -0.029 0.724 0.000 -0.685 -0.085 0.984 0.000 -0.143 -0.110 0.767 0.000 -0.642 -0.027 0.987 -0.000 -0.092 -0.134 0.652 0.000 -0.759 0.005 0.986 0.000 0.047 0.161 0.684 0.000 -0.729 0.031 0.986 0.000 0.027 0.164 
0.998 -0.041 -0.024 -0.029 0.724 0.000 -0.685 -0.085 0.984 0.000 -0.143 -0.110 0.766 0.000 -0.642 -0.027 0.987 0.000 -0.092 -0.134 0.652 0.000 -0.758 0.005 0.986 -0.000 0.047 0.161 0.684 -0.000 -0.729 0.031 0.986 -0.000 0.027 0.164 
0.998 -0.041 -0.024 -0.029 0.724 0.000 -0.685 -0.085 0.984 0.000 -0.143 -0.110 0.767 0.000 -0.642 -0.027 0.987 0.000 -0.092 -0.134 0.652 0.000 -0.759 0.005 0.986 0.000 0.046 0.160 0.684 0.000 -0.728 0.031 0.986 0.000 0.027 0.164 
0.998 -0.041 -0.024 -0.029 0.724 -0.000 -0.685 -0.085 0.984 0.000 -0.143 -0.110 0.766 0.000 -0.642 -0.027 0.987 0.000 -0.092 -0.134 0.652 0.000 -0.759 0.005 0.986 0.000 0.047 0.161 0.684 0.000 -0.728 0.031 0.986 0.000 0.027 0.164 
0.998 -0.041 -0.024 -0.029 0.724 -0.000 -0.685 -0.085 0.984 0.000 -0.143 -0.110 0.766 0.000 -0.642 -0.027 0.987 0.000 -0.092 -0.134 0.652 0.000 -0.759 0.005 0.986 0.000 0.046 0.160 0.684 0.000 -0.729 0.031 0.986 0.000 0.027 0.164 
0.998 -0.041 -0.024 -0.029 0.724 0.000 -0.685 -0.085 0.984 0.000 -0.143 -0.110 0.766 0.000 -0.642 -0.027 0.987 0.000 -0.092 -0.133 0.652 0.000 -0.759 0.005 0.986 0.000 0.047 0.160 0.684 0.000 -0.728 0.031 0.986 -0.000 0.027 0.163 
0.998 -0.041 -0.024 -0.029 0.724 0.000 -0.685 -0.085 0.984 0.000 -0.143 -0.110 0.766 0.000 -0.642 -0.027 0.987 0.000 -0.092 -0.134 0.652 0.000 -0.759 0.005 0.986 -0.000 0.047 0.160 0.684 0.000 -0.728 0.031 0.986 0.000 0.027 0.163 
0.998 -0.041 -0.024 -0.029 0.724 -0.000 -0.685 -0.085 0.984 0.000 -0.143 -0.110 0.766 0.000 -0.642 -0.027 0.987 -0.000 -0.092 -0.134 0.652 0.000 -0.759 0.005 0.986 -0.000 0.047 0.160 0.684 0.000 -0.729 0.031 0.986 -0.000 0.027 0.164 
0.998 -0.041 -0.024 -0.029 0.724 -0.000 -0.685 -0.085 0.984 0.000 -0.143 -0.110 0.766 0.000 -0.642 -0.027 0.987 0.000 -0.092 -0.134 0.652 0.000 -0.759 0.005 0.986 0.000 0.047 0.160 0.684 0.000 -0.729 0.031 0.986 0.000 0.027 0.163 
0.998 -0.041 -0.024 -0.029 0.724 0.000 -0.685 -0.085 0.984 0.000 -0.143 -0.110 0.766 0.000 -0.642 -0.027 0.987 0.000 -0.092 -0.134 0.652 0.000 -0.759 0.005 0.986 0.000 0.046 0.159 0.684 0.000 -0.729 0.031 0.986 0.000 0.027 0.163 
0.998 -0.041 -0.024 -0.029 0.724 0.000 -0.685 -0.085 0.984 0.000 -0.143 -0.110 0.766 0.000 -0.642 -0.027 0.987 0.000 -0.092 -0.134 0.651 0.000 -0.759 0.005 0.986 0.000 0.047 0.160 0.684 0.000 -0.728 0.031 0.986 0.000 0.027 0.163 
0.998 -0.041 -0.024 -0.029 0.724 0.000 -0.685 -0.085 0.984 0.000 -0.143 -0.110 0.766 0.000 -0.642 -0.027 0.987 0.000 -0.092 -0.134 0.652 0.000 -0.759 0.005 0.986 0.000 0.047 0.160 0.684 0.000 -0.729 0.031 0.986 0.000 0.027 0.163 
0.998 -0.041 -0.024 -0.029 0.724 0.000 -0.685 -0.085 0.983 0.000 -0.144 -0.110 0.766 0.000 -0.642 -0.027 0.987 0.000 -0.092 -0.134 0.651 0.000 -0.759 0.005 0.986 -0.000 0.047 0.160 0.684 -0.000 -0.729 0.031 0.986 0.000 0.027 0.163 
0.998 -0.041 -0.024 -0.029 0.724 0.000 -0.685 -0.085 0.983 0.000 -0.144 -0.110 0.766 -0.000 -0.642 -0.027 0.987 0.000 -0.092 -0.134 0.652 0.000 -0.759 0.005 0.986 0.000 0.047 0.160 0.684 0.000 -0.729 0.031 0.986 0.000 0.027 0.163 
0.998 -0.041 -0.024 -0.029 0.724 0.000 -0.685 -0.085 0.983 0.000 -0.143 -0.110 0.766 -0.000 -0.642 -0.027 0.987 0.000 -0.092 -0.134 0.652 0.000 -0.759 0.005 0.986 0.000 0.047 0.160 0.684 -0.000 -0.729 0.031 0.986 0.000 0.027 0.163 
0.998 -0.041 -0.024 -0.029 0.724 0.000 -0.685 -0.085 0.983 0.000 -0.144 -0.110 0.766 0.000 -0.642 -0.027 0.987 0.000 -0.092 -0.134 0.652 0.000 -0.759 0.005 0.986 -0.000 0.046 0.159 0.684 0.000 -0.729 0.031 0.986 0.000 0.027 0.163 
0.998 -0.040 -0.024 -0.029 0.724 -0.000 -0.685 -0.085 0.983 0.000 -0.144 -0.110 0.766 0.000 -0.642 -0.027 0.987 0.000 -0.092 -0.134 0.651 0.000 -0.759 0.005 0.986 0.000 0.047 0.160 0.684 0.000 -0.729 0.031 0.986 0.000 0.027 0.163 
0.998 -0.040 -0.024 -0.029 0.724 0.000 -0.685 -0.085 0.983 0.000 -0.144 -0.111 0.766 0.000 -0.642 -0.027 0.987 0.000 -0.092 -0.134 0.652 0.000 -0.759 0.005 0.986 -0.000 0.047 0.160 0.684 0.000 -0.729 0.030 0.986 0.000 0.027 0.163 
0.998 -0.040 -0.024 -0.029 0.724 0.000 -0.685 -0.085 0.983 0.000 -0.144 -0.111 0.766 0.000 -0.642 -0.027 0.987 -0.000 -0.092 -0.134 0.652 -0.000 -0.759 0.004 0.986 0.000 0.046 0.160 0.684 0.000 -0.729 0.030 0.986 0.000 0.027 0.163 
0.998 -0.040 -0.024 -0.029 0.724 -0.000 -0.685 -0.085 0.983 -0.000 -0.145 -0.110 0.766 0.000 -0.642 -0.027 0.987 -0.000 -0.092 -0.134 0.651 -0.000 -0.759 0.004 0.986 0.000 0.047 0.160 0.684 -0.000 -0.729 0.030 0.986 -0.000 0.027 0.163 
0.998 -0.040 -0.024 -0.029 0.724 0.000 -0.685 -0.085 0.983 0.000 -0.144 -0.111 0.766 0.000 -0.642 -0.027 0.987 -0.000 -0.092 -0.134 0.651 -0.000 -0.759 0.004 0.986 0.000 0.046 0.159 0.684 -0.000 -0.729 0.030 0.986 0.000 0.027 0.163 
0.998 -0.040 -0.024 -0.029 0.724 0.000 -0.685 -0.085 0.983 0.000 -0.144 -0.111 0.766 0.000 -0.642 -0.027 0.987 0.000 -0.092 -0.134 0.651 -0.000 -0.759 0.004 0.986 -0.000 0.046 0.159 0.684 0.000 -0.729 0.030 0.986 0.000 0.027 0.163 
0.998 -0.040 -0.024 -0.029 0.724 -0.000 -0.684 -0.085 0.983 0.000 -0.144 -0.111 0.766 0.000 -0.642 -0.027 0.987 0.000 -0.092 -0.134 0.651 0.000 -0.759 0.004 0.986 0.000 0.047 0.160 0.684 0.000 -0.729 0.030 0.986 -0.000 0.027 0.163 
0.998 -0.040 -0.024 -0.029 0.724 0.000 -0.684 -0.085 0.983 0.000 -0.145 -0.111 0.766 0.000 -0.642 -0.027 0.987 -0.000 -0.092 -0.134 0.651 0.000 -0.759 0.004 0.986 0.000 0.047 0.160 0.684 0.000 -0.729 0.030 0.986 0.000 0.027 0.163 
0.998 -0.040 -0.024 -0.029 0.724 0.000 -0.684 -0.085 0.983 -0.000 -0.145 -0.111 0.766 0.000 -0.642 -0.027 0.987 0.000 -0.092 -0.134 0.651 -0.000 -0.759 0.004 0.986 0.000 0.047 0.160 0.684 -0.000 -0.729 0.030 0.986 0.000 0.027 0.163 
0.998 -0.040 -0.024 -0.029 0.724 -0.000 -0.684 -0.085 0.983 0.000 -0.145 -0.111 0.766 0.000 -0.642 -0.027 0.987 0.000 -0.092 -0.134 0.651 0.000 -0.759 0.003 0.986 -0.000 0.046 0.159 0.684 0.000 -0.729 0.030 0.986 -0.000 0.027 0.163 
0.998 -0.040 -0.024 -0.029 0.724 0.000 -0.684 -0.084 0.983 0.000 -0.145 -0.112 0.766 0.000 -0.642 -0.027 0.987 0.000 -0.092 -0.134 0.651 0.000 -0.759 0.003 0.986 0.000 0.046 0.159 0.684 0.000 -0.729 0.030 0.986 0.000 0.027 0.163 
0.998 -0.040 -0.024 -0.029 0.724 0.000 -0.684 -0.084 0.983 0.000 -0.145 -0.112 0.766 0.000 -0.642 -0.027 0.987 0.000 -0.092 -0.134 0.651 0.000 -0.759 0.003 0.986 0.000 0.046 0.160 0.684 0.000 -0.729 0.030 0.986 0.000 0.027 0.163 
0.999 -0.040 -0.024 -0.029 0.725 0.000 -0.684 -0.084 0.983 0.000 -0.145 -0.112 0.766 0.000 -0.642 -0.027 0.987 0.000 -0.092 -0.134 0.651 0.000 -0.759 0.003 0.986 -0.000 0.046 0.160 0.684 0.000 -0.729 0.030 0.986 0.000 0.027 0.163 
0.999 -0.039 -0.024 -0.029 0.724 0.000 -0.684 -0.084 0.983 0.000 -0.145 -0.112 0.766 0.000 -0.642 -0.027 0.987 0.000 -0.092 -0.134 0.651 0.000 -0.759 0.003 0.986 0.000 0.046 0.160 0.684 -0.000 -0.729 0.029 0.986 0.000 0.027 0.163 
0.999 -0.039 -0.024 -0.029 0.725 0.000 -0.684 -0.084 0.983 0.000 -0.146 -0.112 0.766 0.000 -0.642 -0.027 0.987 0.000 -0.092 -0.134 0.651 0.000 -0.759 0.003 0.986 -0.000 0.046 0.160 0.684 0.000 -0.729 0.029 0.986 0.000 0.027 0.163 
0.999 -0.039 -0.024 -0.029 0.725 -0.000 -0.684 -0.084 0.983 0.000 -0.146 -0.113 0.766 0.000 -0.642 -0.028 0.987 -0.000 -0.092 -0.133 0.651 0.000 -0.759 0.003 0.986 0.000 0.046 0.160 0.684 0.000 -0.729 0.029 0.986 0.000 0.027 0.163 
0.999 -0.039 -0.024 -0.029 0.725 0.000 -0.684 -0.084 0.983 0.000 -0.146 -0.113 0.766 0.000 -0.642 -0.027 0.987 0.000 -0.092 -0.134 0.651 0.000 -0.759 0.003 0.986 -0.000 0.046 0.160 0.684 0.000 -0.729 0.029 0.986 -0.000 0.027 0.163 
0.999 -0.039 -0.024 -0.029 0.725 0.000 -0.684 -0.084 0.983 0.000 -0.146 -0.113 0.766 0.000 -0.642 -0.027 0.987 0.000 -0.092 -0.134 0.651 0.000 -0.759 0.003 0.986 0.000 0.046 0.160 0.684 0.000 -0.729 0.029 0.986 0.000 0.027 0.163 
0.999 -0.039 -0.024 -0.029 0.725 0.000 -0.684 -0.083 0.983 0.000 -0.146 -0.113 0.766 0.000 -0.642 -0.027 0.987 -0.000 -0.092 -0.134 0.651 0.000 -0.759 0.002 0.986 0.000 0.046 0.160 0.684 0.000 -0.729 0.029 0.986 0.000 0.027 0.163 
0.999 -0.039 -0.024 -0.029 0.725 0.000 -0.684 -0.083 0.983 0.000 -0.146 -0.113 0.766 0.000 -0.642 -0.027 0.987 0.000 -0.092 -0.134 0.651 0.000 -0.759 0.002 0.986 0.000 0.046 0.160 0.684 0.000 -0.729 0.029 0.986 0.000 0.027 0.162 
0.999 -0.039 -0.024 -0.028 0.725 0.000 -0.684 -0.083 0.983 0.000 -0.147 -0.113 0.766 0.000 -0.642 -0.028 0.987 0.000 -0.092 -0.133 0.651 0.000 -0.759 0.003 0.986 0.000 0.046 0.160 0.684 0.000 -0.729 0.029 0.986 -0.000 0.027 0.163 
0.999 -0.039 -0.024 -0.028 0.725 0.000 -0.684 -0.083 0.983 0.000 -0.147 -0.114 0.766 0.000 -0.642 -0.027 0.987 -0.000 -0.092 -0.134 0.651 -0.000 -0.759 0.002 0.986 -0.000 0.046 0.160 0.684 0.000 -0.729 0.029 0.986 0.000 0.027 0.162 
0.999 -0.039 -0.024 -0.028 0.725 0.000 -0.684 -0.083 0.983 0.000 -0.147 -0.114 0.766 -0.000 -0.642 -0.027 0.987 -0.000 -0.092 -0.134 0.652 0.000 -0.759 0.002 0.986 0.000 0.046 0.160 0.684 0.000 -0.729 0.029 0.986 0.000 0.027 0.163 
0.999 -0.039 -0.024 -0.028 0.725 0.000 -0.684 -0.083 0.983 0.000 -0.147 -0.114 0.766 0.000 -0.642 -0.027 0.987 0.000 -0.092 -0.134 0.651 -0.000 -0.759 0.002 0.986 -0.000 0.046 0.160 0.684 0.000 -0.729 0.028 0.986 0.000 0.027 0.163 
0.999 -0.039 -0.024 -0.028 0.725 0.000 -0.684 -0.083 0.983 0.000 -0.147 -0.114 0.766 0.000 -0.642 -0.027 0.987 0.000 -0.092 -0.134 0.651 0.000 -0.759 0.002 0.986 0.000 0.046 0.160 0.684 0.000 -0.729 0.029 0.986 -0.000 0.027 0.162 
0.999 -0.039 -0.024 -0.028 0.725 0.000 -0.684 -0.083 0.983 0.000 -0.147 -0.114 0.766 0.000 -0.642 -0.027 0.987 0.000 -0.092 -0.134 0.651 0.000 -0.759 0.002 0.986 -0.000 0.046 0.160 0.684 -0.000 -0.729 0.029 0.986 0.000 0.027 0.162 
0.999 -0.039 -0.024 -0.028 0.725 -0.000 -0.684 -0.083 0.983 -0.000 -0.147 -0.114 0.766 -0.000 -0.642 -0.027 0.987 0.000 -0.092 -0.134 0.652 -0.000 -0.759 0.002 0.986 0.000 0.045 0.160 0.684 0.000 -0.729 0.028 0.986 0.000 0.027 0.162 
0.999 -0.039 -0.024 -0.028 0.725 0.000 -0.684 -0.083 0.983 0.000 -0.147 -0.114 0.766 0.000 -0.642 -0.027 0.987 -0.000 -0.092 -0.134 0.652 0.000 -0.759 0.002 0.986 0.000 0.045 0.160 0.684 0.000 -0.729 0.028 0.986 0.000 0.027 0.162 
0.999 -0.039 -0.024 -0.028 0.725 0.000 -0.684 -0.083 0.983 0.000 -0.147 -0.114 0.766 0.000 -0.642 -0.026 0.987 0.000 -0.092 -0.134 0.652 0.000 -0.759 0.002 0.986 0.000 0.045 0.160 0.684 0.000 -0.729 0.028 0.986 0.000 0.027 0.162 
0.999 -0.039 -0.024 -0.028 0.725 0.000 -0.684 -0.083 0.983 0.000 -0.147 -0.114 0.766 0.000 -0.642 -0.026 0.987 -0.000 -0.092 -0.134 0.652 0.000 -0.759 0.002 0.986 0.000 0.046 0.160 0.684 -0.000 -0.729 0.028 0.986 0.000 0.027 0.162 
0.999 -0.039 -0.024 -0.028 0.725 0.000 -0.684 -0.083 0.983 0.000 -0.147 -0.114 0.766 0.000 -0.642 -0.026 0.987 0.000 -0.092 -0.135 0.651 0.000 -0.759 0.002 0.986 0.000 0.045 0.159 0.684 0.000 -0.729 0.028 0.986 0.000 0.027 0.162 
0.999 -0.038 -0.024 -0.028 0.725 0.000 -0.684 -0.083 0.983 0.000 -0.147 -0.114 0.766 0.000 -0.642 -0.026 0.987 0.000 -0.092 -0.134 0.652 -0.000 -0.759 0.002 0.986 0.000 0.045 0.160 0.684 0.000 -0.729 0.028 0.986 0.000 0.027 0.162 
0.999 -0.039 -0.024 -0.028 0.725 0.000 -0.683 -0.083 0.983 0.000 -0.147 -0.114 0.766 0.000 -0.642 -0.026 0.987 0.000 -0.092 -0.135 0.652 0.000 -0.759 0.002 0.986 0.000 0.045 0.160 0.684 0.000 -0.729 0.029 0.986 -0.000 0.027 0.162 
0.999 -0.038 -0.024 -0.028 0.725 -0.000 -0.684 -0.083 0.983 0.000 -0.147 -0.114 0.766 0.000 -0.642 -0.026 0.987 0.000 -0.092 -0.135 0.652 0.000 -0.759 0.002 0.986 0.000 0.045 0.160 0.684 0.000 -0.729 0.028 0.986 0.000 0.027 0.162 
0.999 -0.039 -0.024 -0.028 0.725 0.000 -0.684 -0.083 0.983 0.000 -0.147 -0.114 0.766 0.000 -0.642 -0.026 0.987 0.000 -0.092 -0.135 0.652 0.000 -0.759 0.002 0.986 0.000 0.045 0.160 0.684 0.000 -0.729 0.029 0.986 0.000 0.027 0.162 
0.999 -0.039 -0.024 -0.028 0.725 0.000 -0.683 -0.083 0.983 0.000 -0.148 -0.113 0.766 0.000 -0.643 -0.026 0.987 -0.000 -0.092 -0.135 0.652 0.000 -0.759 0.002 0.986 0.000 0.046 0.160 0.684 0.000 -0.729 0.029 0.986 0.000 0.027 0.162 
0.999 -0.039 -0.024 -0.028 0.725 0.000 -0.684 -0.083 0.983 0.000 -0.147 -0.113 0.766 0.000 -0.642 -0.026 0.987 -0.000 -0.092 -0.135 0.652 0.000 -0.759 0.002 0.986 0.000 0.046 0.159 0.684 0.000 -0.729 0.029 0.986 -0.000 0.027 0.162 
0.999 -0.039 -0.025 -0.028 0.725 -0.000 -0.684 -0.083 0.983 -0.000 -0.147 -0.114 0.766 0.000 -0.643 -0.026 0.987 0.000 -0.092 -0.135 0.652 -0.000 -0.759 0.002 0.986 0.000 0.046 0.160 0.684 0.000 -0.729 0.029 0.986 0.000 0.027 0.163 
0.999 -0.039 -0.024 -0.029 0.725 0.000 -0.683 -0.083 0.983 0.000 -0.147 -0.114 0.766 0.000 -0.642 -0.025 0.987 0.000 -0.092 -0.135 0.652 0.000 -0.759 0.002 0.986 0.000 0.046 0.159 0.684 0.000 -0.729 0.029 0.986 0.000 0.027 0.162 
0.999 -0.039 -0.024 -0.029 0.725 0.000 -0.684 -0.082 0.983 0.000 -0.147 -0.114 0.766 0.000 -0.642 -0.026 0.987 -0.000 -0.092 -0.135 0.651 0.000 -0.759 0.002 0.986 0.000 0.046 0.159 0.684 0.000 -0.729 0.029 0.986 0.000 0.027 0.162 
0.999 -0.039 -0.024 -0.029 0.725 0.000 -0.684 -0.082 0.983 -0.000 -0.147 -0.113 0.766 0.000 -0.642 -0.026 0.987 0.000 -0.092 -0.135 0.652 0.000 -0.759 0.002 0.986 0.000 0.046 0.160 0.684 0.000 -0.729 0.029 0.986 0.000 0.027 0.162 
0.999 -0.039 -0.025 -0.029 0.725 0.000 -0.684 -0.082 0.983 0.000 -0.147 -0.114 0.766 0.000 -0.642 -0.026 0.987 -0.000 -0.092 -0.136 0.652 0.000 -0.759 0.002 0.986 0.000 0.046 0.160 0.684 -0.000 -0.729 0.029 0.986 0.000 0.028 0.162 
0.999 -0.039 -0.024 -0.029 0.725 -0.000 -0.684 -0.082 0.983 -0.000 -0.147 -0.114 0.766 0.000 -0.643 -0.025 0.987 0.000 -0.091 -0.136 0.652 -0.000 -0.759 0.003 0.986 0.000 0.046 0.160 0.684 0.000 -0.729 0.029 0.986 0.000 0.027 0.162 
0.999 -0.039 -0.025 -0.029 0.725 -0.000 -0.684 -0.082 0.983 0.000 -0.147 -0.113 0.766 0.000 -0.643 -0.025 0.987 0.000 -0.091 -0.136 0.652 0.000 -0.759 0.003 0.986 0.000 0.046 0.160 0.684 0.000 -0.729 0.030 0.986 0.000 0.027 0.162 
0.999 -0.039 -0.025 -0.029 0.725 0.000 -0.684 -0.082 0.983 0.000 -0.147 -0.113 0.766 0.000 -0.642 -0.025 0.987 -0.000 -0.091 -0.136 0.652 -0.000 -0.759 0.003 0.986 0.000 0.046 0.160 0.684 0.000 -0.729 0.030 0.986 0.000 0.027 0.162 
0.999 -0.039 -0.024 -0.029 0.725 0.000 -0.684 -0.082 0.983 0.000 -0.147 -0.114 0.766 0.000 -0.643 -0.025 0.987 0.000 -0.091 -0.136 0.652 0.000 -0.759 0.003 0.986 0.000 0.046 0.160 0.684 -0.000 -0.729 0.030 0.986 0.000 0.027 0.162 
0.999 -0.039 -0.024 -0.029 0.725 -0.000 -0.684 -0.082 0.983 0.000 -0.147 -0.113 0.766 -0.000 -0.643 -0.025 0.987 0.000 -0.091 -0.136 0.652 0.000 -0.759 0.003 0.986 -0.000 0.046 0.159 0.684 0.000 -0.729 0.030 0.986 0.000 0.027 0.162 
0.999 -0.039 -0.024 -0.029 0.725 0.000 -0.684 -0.082 0.983 0.000 -0.147 -0.114 0.766 0.000 -0.643 -0.025 0.987 -0.000 -0.091 -0.135 0.652 0.000 -0.759 0.003 0.986 0.000 0.046 0.160 0.684 0.000 -0.729 0.030 0.986 0.000 0.027 0.162 
0.999 -0.039 -0.024 -0.029 0.725 -0.000 -0.684 -0.082 0.983 0.000 -0.147 -0.113 0.766 0.000 -0.643 -0.025 0.987 0.000 -0.091 -0.136 0.652 0.000 -0.759 0.003 0.986 0.000 0.046 0.160 0.684 0.000 -0.729 0.030 0.986 0.000 0.027 0.162 
0.999 -0.039 -0.025 -0.029 0.725 -0.000 -0.683 -0.082 0.983 0.000 -0.147 -0.113 0.766 -0.000 -0.643 -0.025 0.987 -0.000 -0.091 -0.136 0.652 0.000 -0.759 0.003 0.986 0.000 0.046 0.160 0.684 0.000 -0.729 0.030 0.986 0.000 0.028 0.162 
0.999 -0.039 -0.025 -0.029 0.725 0.000 -0.684 -0.082 0.983 0.000 -0.147 -0.113 0.766 0.000 -0.643 -0.025 0.987 0.000 -0.091 -0.136 0.652 0.000 -0.758 0.003 0.986 -0.000 0.046 0.160 0.684 0.000 -0.729 0.030 0.986 0.000 0.028 0.162 
0.999 -0.039 -0.025 -0.029 0.725 0.000 -0.683 -0.082 0.983 0.000 -0.147 -0.113 0.766 0.000 -0.643 -0.025 0.987 0.000 -0.091 -0.136 0.652 0.000 -0.759 0.003 0.986 0.000 0.046 0.160 0.684 0.000 -0.729 0.031 0.986 0.000 0.027 0.162 
0.999 -0.039 -0.025 -0.029 0.725 -0.000 -0.684 -0.082 0.983 0.000 -0.147 -0.113 0.766 0.000 -0.643 -0.025 0.987 0.000 -0.091 -0.136 0.651 0.000 -0.759 0.003 0.986 0.000 0.047 0.160 0.684 0.000 -0.729 0.031 0.986 0.000 0.027 0.162 
0.998 -0.039 -0.025 -0.029 0.725 0.000 -0.684 -0.081 0.983 0.000 -0.147 -0.114 0.766 0.000 -0.643 -0.025 0.987 0.000 -0.091 -0.136 0.652 0.000 -0.759 0.004 0.986 -0.000 0.046 0.160 0.684 0.000 -0.729 0.031 0.986 -0.000 0.027 0.162 
0.998 -0.039 -0.025 -0.029 0.725 0.000 -0.683 -0.081 0.983 0.000 -0.147 -0.114 0.766 0.000 -0.643 -0.025 0.987 0.000 -0.091 -0.136 0.652 0.000 -0.759 0.004 0.986 0.000 0.046 0.160 0.684 0.000 -0.729 0.031 0.986 0.000 0.027 0.162 
0.999 -0.039 -0.025 -0.029 0.725 0.000 -0.684 -0.081 0.983 0.000 -0.147 -0.115 0.766 0.000 -0.643 -0.025 0.987 0.000 -0.091 -0.136 0.652 0.000 -0.759 0.004 0.986 0.000 0.046 0.160 0.684 -0.000 -0.729 0.031 0.986 0.000 0.028 0.162 
0.998 -0.039 -0.025 -0.029 0.725 0.000 -0.684 -0.081 0.982 0.000 -0.147 -0.115 0.766 0.000 -0.642 -0.025 0.987 0.000 -0.091 -0.136 0.652 0.000 -0.758 0.004 0.986 0.000 0.046 0.160 0.684 -0.000 -0.729 0.031 0.986 -0.000 0.027 0.162 
0.998 -0.039 -0.025 -0.030 0.725 0.000 -0.683 -0.081 0.983 -0.000 -0.147 -0.114 0.766 -0.000 -0.642 -0.025 0.987 -0.000 -0.091 -0.136 0.652 0.000 -0.759 0.004 0.986 0.000 0.047 0.160 0.684 0.000 -0.729 0.031 0.986 0.000 0.028 0.162 
0.998 -0.039 -0.025 -0.030 0.725 -0.000 -0.684 -0.081 0.983 0.000 -0.147 -0.115 0.766 0.000 -0.642 -0.025 0.987 0.000 -0.090 -0.136 0.652 0.000 -0.759 0.004 0.986 0.000 0.046 0.160 0.684 0.000 -0.729 0.031 0.986 -0.000 0.027 0.162 
0.998 -0.039 -0.025 -0.030 0.725 0.000 -0.684 -0.081 0.983 0.000 -0.147 -0.115 0.766 0.000 -0.642 -0.025 0.987 -0.000 -0.090 -0.136 0.652 0.000 -0.759 0.004 0.986 0.000 0.047 0.160 0.684 -0.000 -0.729 0.031 0.986 0.000 0.027 0.162 
0.998 -0.039 -0.025 -0.030 0.725 0.000 -0.684 -0.081 0.983 0.000 -0.147 -0.114 0.766 0.000 -0.642 -0.025 0.987 -0.000 -0.090 -0.136 0.652 0.000 -0.758 0.004 0.986 0.000 0.046 0.160 0.684 0.000 -0.729 0.031 0.986 0.000 0.027 0.162 
0.998 -0.039 -0.025 -0.030 0.725 0.000 -0.684 -0.081 0.982 0.000 -0.147 -0.115 0.766 0.000 -0.642 -0.025 0.987 0.000 -0.090 -0.136 0.652 0.000 -0.759 0.004 0.986 0.000 0.047 0.160 0.684 0.000 -0.729 0.032 0.986 0.000 0.027 0.162 
0.998 -0.039 -0.025 -0.030 0.725 -0.000 -0.684 -0.081 0.983 0.000 -0.146 -0.115 0.766 0.000 -0.642 -0.025 0.987 -0.000 -0.090 -0.136 0.652 0.000 -0.758 0.004 0.986 0.000 0.046 0.160 0.684 0.000 -0.729 0.031 0.986 0.000 0.027 0.162 
0.998 -0.040 -0.025 -0.030 0.725 0.000 -0.684 -0.081 0.983 0.000 -0.147 -0.115 0.766 0.000 -0.642 -0.025 0.987 0.000 -0.090 -0.136 0.652 0.000 -0.758 0.004 0.986 0.000 0.047 0.160 0.684 0.000 -0.729 0.032 0.986 0.000 0.027 0.162 
0.998 -0.039 -0.025 -0.030 0.725 0.000 -0.684 -0.081 0.983 -0.000 -0.147 -0.115 0.766 0.000 -0.642 -0.025 0.987 0.000 -0.090 -0.136 0.652 -0.000 -0.759 0.004 0.986 0.000 0.047 0.160 0.684 0.000 -0.729 0.032 0.986 0.000 0.027 0.162 
0.998 -0.039 -0.025 -0.030 0.725 0.000 -0.684 -0.081 0.983 0.000 -0.147 -0.115 0.766 0.000 -0.642 -0.025 0.987 0.000 -0.090 -0.136 0.652 0.000 -0.758 0.004 0.986 0.000 0.047 0.160 0.684 0.000 -0.729 0.032 0.986 0.000 0.027 0.162 
0.998 -0.039 -0.025 -0.030 0.725 0.000 -0.684 -0.081 0.983 -0.000 -0.147 -0.115 0.766 0.000 -0.642 -0.025 0.987 0.000 -0.090 -0.136 0.652 -0.000 -0.758 0.004 0.986 0.000 0.046 0.160 0.684 0.000 -0.729 0.032 0.986 0.000 0.028 0.162 
0.998 -0.039 -0.025 -0.030 0.725 0.000 -0.684 -0.081 0.983 -0.000 -0.146 -0.115 0.766 -0.000 -0.642 -0.025 0.987 -0.000 -0.090 -0.136 0.652 0.000 -0.758 0.004 0.986 -0.000 0.046 0.160 0.684 0.000 -0.729 0.032 0.986 0.000 0.028 0.162 
0.998 -0.039 -0.025 -0.030 0.725 0.000 -0.684 -0.081 0.983 0.000 -0.146 -0.115 0.766 0.000 -0.642 -0.025 0.987 -0.000 -0.090 -0.137 0.652 0.000 -0.758 0.004 0.986 0.000 0.046 0.160 0.684 0.000 -0.729 0.032 0.986 0.000 0.027 0.162 
0.998 -0.039 -0.025 -0.031 0.725 0.000 -0.684 -0.081 0.983 0.000 -0.146 -0.115 0.766 -0.000 -0.642 -0.025 0.987 0.000 -0.090 -0.137 0.652 -0.000 -0.758 0.004 0.986 0.000 0.047 0.160 0.684 0.000 -0.729 0.032 0.986 0.000 0.027 0.162 
0.998 -0.039 -0.025 -0.031 0.725 0.000 -0.684 -0.081 0.983 0.000 -0.147 -0.115 0.766 0.000 -0.642 -0.025 0.986 -0.000 -0.090 -0.137 0.652 0.000 -0.758 0.004 0.986 0.000 0.047 0.161 0.684 0.000 -0.729 0.032 0.986 0.000 0.027 0.162 
0.998 -0.039 -0.025 -0.031 0.725 0.000 -0.684 -0.081 0.983 0.000 -0.146 -0.115 0.766 0.000 -0.642 -0.025 0.987 0.000 -0.090 -0.137 0.652 -0.000 -0.758 0.004 0.986 -0.000 0.047 0.160 0.684 0.000 -0.729 0.032 0.986 0.000 0.027 0.162 
0.998 -0.039 -0.025 -0.031 0.725 0.000 -0.684 -0.081 0.983 0.000 -0.146 -0.115 0.766 0.000 -0.642 -0.025 0.987 0.000 -0.090 -0.137 0.652 0.000 -0.758 0.004 0.986 0.000 0.047 0.161 0.684 0.000 -0.729 0.032 0.986 -0.000 0.027 0.162 
0.998 -0.039 -0.025 -0.031 0.725 0.000 -0.684 -0.081 0.983 0.000 -0.146 -0.115 0.766 0.000 -0.642 -0.025 0.987 0.000 -0.090 -0.137 0.652 0.000 -0.758 0.004 0.986 0.000 0.046 0.160 0.684 0.000 -0.729 0.032 0.986 0.000 0.027 0.162 
0.998 -0.039 -0.025 -0.031 0.725 0.000 -0.684 -0.081 0.983 0.000 -0.147 -0.115 0.767 -0.000 -0.642 -0.025 0.986 0.000 -0.090 -0.137 0.652 0.000 -0.758 0.004 0.986 0.000 0.046 0.160 0.684 0.000 -0.729 0.032 0.986 0.000 0.027 0.162 
0.998 -0.039 -0.025 -0.031 0.725 0.000 -0.684 -0.081 0.983 0.000 -0.147 -0.115 0.767 0.000 -0.642 -0.025 0.986 -0.000 -0.090 -0.137 0.652 -0.000 -0.758 0.004 0.986 0.000 0.047 0.160 0.684 0.000 -0.729 0.032 0.986 0.000 0.027 0.162 
0.998 -0.039 -0.025 -0.031 0.725 0.000 -0.684 -0.081 0.983 0.000 -0.146 -0.115 0.767 0.000 -0.642 -0.025 0.987 -0.000 -0.090 -0.137 0.652 0.000 -0.758 0.004 0.986 0.000 0.047 0.161 0.684 0.000 -0.729 0.032 0.986 -0.000 0.027 0.162 
0.998 -0.039 -0.025 -0.031 0.725 0.000 -0.684 -0.081 0.983 -0.000 -0.147 -0.115 0.766 0.000 -0.642 -0.025 0.987 -0.000 -0.090 -0.137 0.652 0.000 -0.758 0.004 0.986 0.000 0.047 0.161 0.684 -0.000 -0.729 0.032 0.986 0.000 0.027 0.162 
0.998 -0.039 -0.025 -0.031 0.725 0.000 -0.684 -0.081 0.983 -0.000 -0.147 -0.115 0.767 -0.000 -0.642 -0.025 0.986 0.000 -0.090 -0.137 0.652 -0.000 -0.758 0.004 0.986 -0.000 0.046 0.161 0.684 0.000 -0.729 0.032 0.986 0.000 0.027 0.162 
0.998 -0.039 -0.025 -0.031 0.725 0.000 -0.684 -0.081 0.983 0.000 -0.146 -0.115 0.767 0.000 -0.642 -0.025 0.986 -0.000 -0.090 -0.137 0.652 0.000 -0.758 0.004 0.986 0.000 0.047 0.161 0.684 0.000 -0.729 0.032 0.986 0.000 0.027 0.163 
0.998 -0.039 -0.025 -0.031 0.725 0.000 -0.684 -0.081 0.983 0.000 -0.146 -0.115 0.767 0.000 -0.642 -0.025 0.986 0.000 -0.090 -0.137 0.652 0.000 -0.758 0.004 0.986 -0.000 0.046 0.160 0.684 0.000 -0.729 0.032 0.986 0.000 0.027 0.162 
0.998 -0.039 -0.025 -0.031 0.725 0.000 -0.684 -0.081 0.983 0.000 -0.146 -0.115 0.767 0.000 -0.642 -0.025 0.986 0.000 -0.090 -0.137 0.652 0.000 -0.758 0.004 0.986 0.000 0.046 0.160 0.684 0.000 -0.729 0.032 0.986 0.000 0.027 0.162 
0.998 -0.039 -0.025 -0.031 0.725 0.000 -0.684 -0.081 0.983 0.000 -0.146 -0.115 0.767 0.000 -0.642 -0.025 0.986 0.000 -0.090 -0.137 0.652 0.000 -0.758 0.004 0.986 0.000 0.046 0.160 0.684 -0.000 -0.729 0.032 0.986 0.000 0.027 0.162 
0.998 -0.039 -0.025 -0.031 0.725 -0.000 -0.684 -0.082 0.983 0.000 -0.146 -0.115 0.767 0.000 -0.642 -0.025 0.986 0.000 -0.090 -0.137 0.652 -0.000 -0.758 0.004 0.986 -0.000 0.046 0.160 0.684 -0.000 -0.729 0.032 0.986 0.000 0.027 0.162 
0.998 -0.039 -0.025 -0.031 0.725 -0.000 -0.684 -0.081 0.983 0.000 -0.146 -0.115 0.767 0.000 -0.642 -0.025 0.986 0.000 -0.090 -0.137 0.652 0.000 -0.758 0.004 0.986 0.000 0.047 0.161 0.684 0.000 -0.729 0.032 0.986 0.000 0.027 0.162 
0.998 -0.039 -0.025 -0.031 0.725 0.000 -0.684 -0.081 0.983 0.000 -0.146 -0.115 0.767 0.000 -0.642 -0.025 0.986 0.000 -0.090 -0.137 0.652 0.000 -0.758 0.004 0.986 -0.000 0.047 0.161 0.684 0.000 -0.729 0.032 0.986 0.000 0.027 0.162 
0.998 -0.039 -0.025 -0.031 0.725 0.000 -0.684 -0.082 0.983 0.000 -0.146 -0.115 0.767 0.000 -0.642 -0.025 0.986 0.000 -0.091 -0.137 0.652 0.000 -0.758 0.004 0.986 0.000 0.047 0.161 0.684 0.000 -0.729 0.032 0.986 -0.000 0.027 0.162 
0.998 -0.039 -0.025 -0.031 0.725 0.000 -0.684 -0.081 0.983 0.000 -0.146 -0.115 0.767 0.000 -0.642 -0.025 0.987 0.000 -0.090 -0.137 0.652 0.000 -0.758 0.004 0.986 0.000 0.047 0.161 0.684 0.000 -0.729 0.033 0.986 0.000 0.027 0.162 
0.998 -0.039 -0.025 -0.031 0.725 0.000 -0.684 -0.081 0.983 -0.000 -0.146 -0.115 0.767 0.000 -0.642 -0.025 0.986 -0.000 -0.091 -0.137 0.652 0.000 -0.758 0.004 0.986 0.000 0.047 0.160 0.684 -0.000 -0.729 0.033 0.986 0.000 0.027 0.162 
0.998 -0.039 -0.025 -0.031 0.725 0.000 -0.684 -0.082 0.983 -0.000 -0.146 -0.115 0.767 0.000 -0.642 -0.025 0.986 0.000 -0.091 -0.137 0.652 0.000 -0.758 0.004 0.986 0.000 0.047 0.161 0.684 -0.000 -0.729 0.033 0.986 -0.000 0.027 0.162 
0.998 -0.039 -0.025 -0.031 0.725 0.000 -0.684 -0.081 0.982 -0.000 -0.147 -0.115 0.767 0.000 -0.641 -0.025 0.986 0.000 -0.091 -0.136 0.652 -0.000 -0.758 0.004 0.986 0.000 0.047 0.161 0.684 -0.000 -0.729 0.033 0.986 -0.000 0.028 0.162 
0.998 -0.039 -0.025 -0.031 0.725 0.000 -0.684 -0.082 0.983 0.000 -0.146 -0.115 0.767 0.000 -0.641 -0.024 0.986 -0.000 -0.091 -0.137 0.652 0.000 -0.758 0.004 0.986 0.000 0.047 0.161 0.684 0.000 -0.729 0.033 0.986 0.000 0.028 0.162 
0.998 -0.039 -0.025 -0.031 0.725 0.000 -0.684 -0.082 0.983 0.000 -0.146 -0.115 0.767 0.000 -0.641 -0.025 0.986 0.000 -0.091 -0.136 0.652 0.000 -0.758 0.004 0.986 0.000 0.047 0.161 0.684 0.000 -0.729 0.033 0.986 0.000 0.027 0.162 
0.998 -0.039 -0.025 -0.031 0.725 0.000 -0.684 -0.081 0.983 0.000 -0.146 -0.115 0.767 0.000 -0.641 -0.025 0.986 0.000 -0.091 -0.136 0.652 0.000 -0.758 0.005 0.986 0.000 0.047 0.161 0.684 -0.000 -0.729 0.033 0.986 0.000 0.028 0.162 
0.998 -0.039 -0.025 -0.031 0.725 0.000 -0.684 -0.082 0.983 0.000 -0.146 -0.115 0.767 0.000 -0.641 -0.025 0.986 0.000 -0.091 -0.137 0.652 -0.000 -0.758 0.004 0.986 -0.000 0.047 0.161 0.684 -0.000 -0.729 0.033 0.986 0.000 0.028 0.162 
0.998 -0.039 -0.025 -0.031 0.725 0.000 -0.684 -0.082 0.983 0.000 -0.146 -0.115 0.767 0.000 -0.641 -0.025 0.986 0.000 -0.091 -0.136 0.652 0.000 -0.758 0.005 0.986 0.000 0.047 0.161 0.684 0.000 -0.729 0.033 0.986 -0.000 0.028 0.162 
0.998 -0.039 -0.025 -0.031 0.725 0.000 -0.684 -0.082 0.983 0.000 -0.146 -0.115 0.767 0.000 -0.641 -0.025 0.986 0.000 -0.091 -0.136 0.652 0.000 -0.758 0.005 0.986 0.000 0.046 0.160 0.684 0.000 -0.729 0.033 0.986 0.000 0.028 0.162 
0.998 -0.039 -0.025 -0.031 0.725 0.000 -0.684 -0.082 0.983 0.000 -0.146 -0.115 0.767 0.000 -0.641 -0.025 0.986 0.000 -0.091 -0.136 0.652 0.000 -0.758 0.005 0.986 0.000 0.047 0.161 0.684 0.000 -0.729 0.033 0.986 0.000 0.028 0.162 
0.998 -0.039 -0.025 -0.031 0.725 0.000 -0.684 -0.082 0.983 0.000 -0.146 -0.115 0.767 0.000 -0.641 -0.025 0.987 0.000 -0.091 -0.136 0.652 -0.000 -0.758 0.005 0.986 0.000 0.047 0.161 0.684 0.000 -0.729 0.033 0.986 0.000 0.028 0.162 
0.998 -0.039 -0.025 -0.031 0.725 -0.000 -0.684 -0.082 0.983 0.000 -0.146 -0.115 0.767 0.000 -0.641 -0.025 0.987 0.000 -0.091 -0.136 0.652 0.000 -0.758 0.004 0.986 -0.000 0.047 0.161 0.684 0.000 -0.729 0.033 0.986 -0.000 0.027 0.163 
0.998 -0.039 -0.025 -0.031 0.725 0.000 -0.684 -0.082 0.982 0.000 -0.147 -0.115 0.767 -0.000 -0.641 -0.025 0.987 0.000 -0.091 -0.136 0.652 0.000 -0.758 0.005 0.986 0.000 0.046 0.161 0.684 -0.000 -0.729 0.033 0.986 0.000 0.028 0.162 
0.998 -0.039 -0.025 -0.031 0.725 0.000 -0.684 -0.082 0.982 -0.000 -0.147 -0.115 0.767 -0.000 -0.641 -0.024 0.986 0.000 -0.091 -0.136 0.652 0.000 -0.758 0.004 0.986 -0.000 0.047 0.161 0.684 -0.000 -0.729 0.033 0.986 0.000 0.027 0.162 
0.998 -0.039 -0.025 -0.031 0.725 0.000 -0.684 -0.082 0.982 0.000 -0.147 -0.115 0.767 0.000 -0.641 -0.025 0.987 0.000 -0.091 -0.136 0.652 0.000 -0.758 0.005 0.986 -0.000 0.047 0.161 0.683 0.000 -0.729 0.033 0.986 0.000 0.028 0.162 
0.998 -0.039 -0.025 -0.031 0.725 0.000 -0.684 -0.082 0.982 0.000 -0.147 -0.115 0.767 0.000 -0.641 -0.026 0.987 0.000 -0.092 -0.135 0.652 -0.000 -0.758 0.005 0.986 0.000 0.046 0.161 0.684 -0.000 -0.729 0.033 0.986 0.000 0.028 0.162 
0.998 -0.039 -0.025 -0.031 0.725 -0.000 -0.684 -0.082 0.982 0.000 -0.147 -0.115 0.767 0.000 -0.641 -0.025 0.987 0.000 -0.091 -0.136 0.652 0.000 -0.758 0.004 0.986 0.000 0.046 0.161 0.684 0.000 -0.729 0.033 0.986 0.000 0.027 0.163 
0.998 -0.040 -0.025 -0.031 0.725 -0.000 -0.684 -0.082 0.982 0.000 -0.147 -0.115 0.767 0.000 -0.641 -0.025 0.987 -0.000 -0.091 -0.135 0.652 -0.000 -0.758 0.005 0.986 0.000 0.047 0.161 0.684 -0.000 -0.729 0.033 0.986 0.000 0.027 0.162 
0.998 -0.040 -0.025 -0.031 0.725 0.000 -0.684 -0.082 0.982 0.000 -0.147 -0.115 0.767 0.000 -0.641 -0.025 0.987 0.000 -0.092 -0.135 0.652 0.000 -0.758 0.005 0.986 0.000 0.047 0.161 0.684 0.000 -0.729 0.033 0.986 0.000 0.027 0.162 
0.998 -0.039 -0.025 -0.031 0.725 0.000 -0.684 -0.082 0.982 0.000 -0.147 -0.115 0.767 0.000 -0.641 -0.025 0.987 -0.000 -0.091 -0.135 0.652 0.000 -0.758 0.004 0.986 0.000 0.047 0.162 0.683 0.000 -0.729 0.033 0.986 0.000 0.027 0.162 
0.998 -0.039 -0.025 -0.031 0.725 0.000 -0.684 -0.082 0.982 0.000 -0.147 -0.115 0.767 0.000 -0.641 -0.025 0.987 0.000 -0.092 -0.135 0.652 -0.000 -0.758 0.005 0.986 0.000 0.046 0.161 0.683 0.000 -0.729 0.033 0.986 0.000 0.027 0.162 
0.998 -0.039 -0.025 -0.031 0.725 0.000 -0.684 -0.082 0.982 0.000 -0.147 -0.115 0.767 0.000 -0.641 -0.024 0.986 -0.000 -0.092 -0.136 0.652 0.000 -0.758 0.004 0.986 -0.000 0.046 0.161 0.683 0.000 -0.729 0.033 0.986 0.000 0.028 0.162 
0.998 -0.039 -0.025 -0.031 0.725 0.000 -0.684 -0.082 0.982 0.000 -0.147 -0.115 0.767 0.000 -0.641 -0.025 0.987 0.000 -0.091 -0.135 0.652 0.000 -0.758 0.005 0.986 -0.000 0.047 0.161 0.683 0.000 -0.729 0.033 0.986 -0.000 0.028 0.162 
0.998 -0.040 -0.025 -0.031 0.725 0.000 -0.684 -0.082 0.982 0.000 -0.147 -0.115 0.767 0.000 -0.641 -0.025 0.987 0.000 -0.091 -0.135 0.652 0.000 -0.758 0.005 0.986 0.000 0.047 0.161 0.683 0.000 -0.729 0.033 0.986 0.000 0.028 0.162 
0.998 -0.039 -0.025 -0.031 0.725 0.000 -0.684 -0.082 0.982 0.000 -0.147 -0.115 0.767 0.000 -0.641 -0.025 0.987 0.000 -0.091 -0.135 0.652 -0.000 -0.758 0.005 0.986 0.000 0.046 0.161 0.683 -0.000 -0.729 0.033 0.986 0.000 0.028 0.162 
0.998 -0.039 -0.025 -0.031 0.725 0.000 -0.684 -0.082 0.982 0.000 -0.147 -0.115 0.767 0.000 -0.641 -0.025 0.987 0.000 -0.091 -0.135 0.652 0.000 -0.758 0.005 0.986 0.000 0.046 0.161 0.683 -0.000 -0.729 0.033 0.986 0.000 0.028 0.162 
0.998 -0.039 -0.025 -0.031 0.725 0.000 -0.684 -0.082 0.982 0.000 -0.147 -0.115 0.767 0.000 -0.641 -0.025 0.987 0.000 -0.091 -0.135 0.652 0.000 -0.758 0.005 0.986 0.000 0.047 0.161 0.683 0.000 -0.729 0.033 0.986 -0.000 0.028 0.163 
0.998 -0.039 -0.025 -0.031 0.725 -0.000 -0.684 -0.082 0.982 0.000 -0.147 -0.115 0.768 0.000 -0.640 -0.024 0.986 0.000 -0.092 -0.136 0.652 0.000 -0.758 0.004 0.986 -0.000 0.047 0.161 0.683 0.000 -0.729 0.033 0.986 -0.000 0.027 0.163 
0.998 -0.039 -0.025 -0.031 0.725 0.000 -0.684 -0.082 0.982 0.000 -0.147 -0.114 0.767 0.000 -0.641 -0.025 0.987 -0.000 -0.091 -0.135 0.652 0.000 -0.758 0.004 0.986 0.000 0.047 0.161 0.683 -0.000 -0.729 0.033 0.986 -0.000 0.028 0.163 
0.998 -0.039 -0.025 -0.031 0.725 0.000 -0.684 -0.082 0.982 0.000 -0.147 -0.115 0.768 0.000 -0.640 -0.025 0.987 0.000 -0.092 -0.135 0.652 0.000 -0.758 0.004 0.986 0.000 0.046 0.161 0.683 0.000 -0.729 0.033 0.986 -0.000 0.028 0.163 
0.998 -0.039 -0.025 -0.031 0.725 0.000 -0.684 -0.082 0.982 0.000 -0.147 -0.114 0.768 -0.000 -0.640 -0.025 0.987 0.000 -0.092 -0.135 0.652 -0.000 -0.758 0.004 0.986 0.000 0.046 0.161 0.683 0.000 -0.729 0.033 0.986 0.000 0.027 0.162 
0.998 -0.039 -0.025 -0.031 0.725 0.000 -0.684 -0.082 0.982 0.000 -0.147 -0.115 0.768 0.000 -0.640 -0.025 0.987 0.000 -0.092 -0.135 0.652 0.000 -0.758 0.004 0.986 0.000 0.046 0.161 0.683 -0.000 -0.729 0.033 0.986 0.000 0.028 0.163 
0.998 -0.039 -0.025 -0.031 0.725 0.000 -0.684 -0.082 0.982 0.000 -0.147 -0.115 0.768 0.000 -0.640 -0.025 0.987 0.000 -0.092 -0.135 0.652 0.000 -0.758 0.004 0.986 0.000 0.047 0.162 0.683 0.000 -0.729 0.033 0.986 0.000 0.028 0.163 
0.998 -0.039 -0.025 -0.031 0.725 -0.000 -0.684 -0.082 0.982 0.000 -0.147 -0.115 0.768 -0.000 -0.640 -0.025 0.987 -0.000 -0.091 -0.135 0.652 0.000 -0.758 0.004 0.986 0.000 0.046 0.161 0.683 -0.000 -0.729 0.033 0.986 -0.000 0.028 0.163 
0.998 -0.039 -0.025 -0.031 0.725 0.000 -0.684 -0.082 0.982 0.000 -0.147 -0.115 0.768 0.000 -0.640 -0.025 0.987 0.000 -0.092 -0.135 0.652 0.000 -0.758 0.004 0.986 -0.000 0.046 0.161 0.683 0.000 -0.729 0.033 0.986 0.000 0.028 0.163 
0.998 -0.039 -0.025 -0.031 0.725 -0.000 -0.684 -0.082 0.982 0.000 -0.147 -0.115 0.768 -0.000 -0.640 -0.025 0.987 -0.000 -0.092 -0.135 0.652 -0.000 -0.758 0.004 0.986 0.000 0.047 0.162 0.683 -0.000 -0.729 0.032 0.986 0.000 0.028 0.163 
0.998 -0.039 -0.025 -0.031 0.725 -0.000 -0.684 -0.082 0.982 0.000 -0.147 -0.115 0.768 0.000 -0.640 -0.025 0.987 0.000 -0.092 -0.135 0.652 0.000 -0.758 0.004 0.986 0.000 0.046 0.161 0.683 -0.000 -0.729 0.032 0.986 0.000 0.027 0.163 
0.998 -0.039 -0.025 -0.031 0.725 0.000 -0.684 -0.082 0.982 0.000 -0.147 -0.115 0.768 0.000 -0.640 -0.025 0.987 0.000 -0.092 -0.135 0.652 0.000 -0.758 0.004 0.986 -0.000 0.046 0.161 0.683 -0.000 -0.729 0.032 0.986 0.000 0.027 0.163 
0.998 -0.039 -0.025 -0.031 0.725 0.000 -0.684 -0.082 0.982 -0.000 -0.147 -0.115 0.768 0.000 -0.640 -0.025 0.987 0.000 -0.092 -0.135 0.652 0.000 -0.758 0.004 0.986 0.000 0.046 0.161 0.683 0.000 -0.729 0.032 0.986 0.000 0.027 0.163 
0.998 -0.039 -0.025 -0.031 0.725 0.000 -0.684 -0.082 0.982 0.000 -0.147 -0.115 0.768 -0.000 -0.640 -0.025 0.987 0.000 -0.092 -0.135 0.652 0.000 -0.758 0.004 0.986 0.000 0.047 0.162 0.683 0.000 -0.729 0.032 0.986 0.000 0.028 0.163 
0.998 -0.039 -0.025 -0.031 0.725 0.000 -0.684 -0.082 0.982 0.000 -0.147 -0.114 0.768 0.000 -0.640 -0.025 0.987 0.000 -0.092 -0.135 0.652 0.000 -0.758 0.003 0.986 0.000 0.046 0.161 0.683 0.000 -0.729 0.032 0.986 0.000 0.027 0.163 
0.998 -0.039 -0.025 -0.031 0.725 0.000 -0.684 -0.082 0.982 0.000 -0.148 -0.115 0.768 -0.000 -0.640 -0.025 0.987 0.000 -0.092 -0.135 0.652 0.000 -0.758 0.003 0.986 0.000 0.046 0.161 0.683 0.000 -0.729 0.032 0.986 0.000 0.027 0.163 
0.998 -0.039 -0.025 -0.031 0.725 0.000 -0.684 -0.083 0.982 0.000 -0.147 -0.114 0.768 -0.000 -0.640 -0.026 0.987 -0.000 -0.092 -0.135 0.652 0.000 -0.758 0.003 0.986 0.000 0.046 0.161 0.683 0.000 -0.729 0.032 0.986 -0.000 0.027 0.163 
0.998 -0.039 -0.025 -0.031 0.725 0.000 -0.684 -0.083 0.982 0.000 -0.148 -0.114 0.768 0.000 -0.640 -0.025 0.987 0.000 -0.092 -0.135 0.652 0.000 -0.758 0.003 0.986 0.000 0.047 0.162 0.683 0.000 -0.729 0.032 0.986 0.000 0.027 0.163 
0.998 -0.039 -0.025 -0.031 0.725 0.000 -0.684 -0.083 0.982 0.000 -0.147 -0.114 0.768 0.000 -0.640 -0.025 0.987 0.000 -0.092 -0.135 0.652 0.000 -0.758 0.003 0.986 0.000 0.046 0.162 0.683 0.000 -0.730 0.031 0.986 0.000 0.027 0.163 
0.998 -0.039 -0.025 -0.031 0.725 0.000 -0.684 -0.083 0.982 0.000 -0.148 -0.114 0.768 0.000 -0.640 -0.025 0.987 0.000 -0.092 -0.135 0.652 0.000 -0.758 0.003 0.986 0.000 0.047 0.162 0.683 0.000 -0.729 0.031 0.986 0.000 0.027 0.163 
0.998 -0.039 -0.025 -0.031 0.725 0.000 -0.684 -0.083 0.982 0.000 -0.147 -0.114 0.768 0.000 -0.640 -0.025 0.987 0.000 -0.092 -0.135 0.652 0.000 -0.758 0.002 0.986 0.000 0.046 0.162 0.683 0.000 -0.730 0.031 0.986 0.000 0.027 0.163 
0.998 -0.039 -0.025 -0.031 0.725 0.000 -0.684 -0.083 0.982 0.000 -0.148 -0.114 0.768 0.000 -0.640 -0.025 0.987 -0.000 -0.092 -0.135 0.652 0.000 -0.758 0.002 0.986 0.000 0.046 0.162 0.683 -0.000 -0.730 0.031 0.986 -0.000 0.027 0.163 
0.998 -0.039 -0.025 -0.031 0.725 0.000 -0.684 -0.083 0.982 0.000 -0.148 -0.115 0.768 0.000 -0.640 -0.025 0.987 0.000 -0.092 -0.135 0.652 0.000 -0.758 0.002 0.986 0.000 0.046 0.162 0.683 0.000 -0.730 0.031 0.986 0.000 0.027 0.163 
0.998 -0.039 -0.025 -0.031 0.725 0.000 -0.684 -0.083 0.982 0.000 -0.148 -0.114 0.768 0.000 -0.640 -0.025 0.987 -0.000 -0.092 -0.135 0.652 0.000 -0.758 0.002 0.986 0.000 0.046 0.162 0.683 0.000 -0.730 0.031 0.986 0.000 0.027 0.163 
