# T   LUA LFA RUA RFA LT  LS  RT  RS  
0.998 -0.054 -0.034 0.023 0.716 0.000 -0.692 0.093 0.974 0.000 -0.041 -0.222 0.776 -0.000 -0.623 0.101 0.984 0.000 -0.052 -0.172 0.697 0.000 -0.708 0.116 0.998 0.000 0.020 0.052 0.753 0.000 -0.652 0.086 0.995 -0.000 0.044 0.094 
0.998 -0.054 -0.034 0.023 0.716 0.000 -0.692 0.093 0.974 0.000 -0.041 -0.221 0.776 -0.000 -0.623 0.101 0.984 -0.000 -0.052 -0.172 0.697 0.000 -0.708 0.116 0.998 0.000 0.021 0.052 0.753 0.000 -0.652 0.087 0.994 0.000 0.046 0.096 
0.998 -0.054 -0.034 0.023 0.716 0.000 -0.692 0.093 0.974 0.000 -0.041 -0.221 0.776 -0.000 -0.623 0.101 0.984 0.000 -0.052 -0.172 0.697 0.000 -0.708 0.116 0.998 0.000 0.021 0.052 0.753 0.000 -0.652 0.087 0.994 0.000 0.046 0.096 
0.998 -0.054 -0.034 0.023 0.716 0.000 -0.692 0.093 0.974 0.000 -0.041 -0.221 0.776 -0.000 -0.623 0.101 0.984 0.000 -0.052 -0.172 0.697 0.000 -0.708 0.116 0.998 0.000 0.021 0.052 0.753 0.000 -0.652 0.087 0.995 0.000 0.044 0.094 
0.998 -0.054 -0.034 0.023 0.716 -0.000 -0.692 0.094 0.974 0.000 -0.041 -0.221 0.776 0.000 -0.623 0.100 0.984 0.000 -0.052 -0.172 0.697 0.000 -0.708 0.117 0.998 0.000 0.021 0.052 0.754 0.000 -0.652 0.087 0.994 0.000 0.045 0.096 
0.998 -0.055 -0.034 0.023 0.716 0.000 -0.691 0.094 0.974 0.000 -0.041 -0.221 0.776 0.000 -0.623 0.101 0.984 0.000 -0.052 -0.172 0.697 0.000 -0.708 0.117 0.998 0.000 0.021 0.052 0.753 0.000 -0.652 0.088 0.995 0.000 0.044 0.094 
0.998 -0.055 -0.034 0.023 0.716 0.000 -0.691 0.094 0.974 0.000 -0.041 -0.221 0.775 0.000 -0.623 0.101 0.984 0.000 -0.052 -0.172 0.697 0.000 -0.708 0.117 0.998 0.000 0.021 0.052 0.753 0.000 -0.652 0.088 0.995 0.000 0.044 0.094 
0.998 -0.055 -0.034 0.023 0.716 0.000 -0.691 0.094 0.974 0.000 -0.041 -0.221 0.775 0.000 -0.623 0.101 0.984 0.000 -0.052 -0.171 0.697 0.000 -0.708 0.117 0.998 -0.000 0.021 0.052 0.753 0.000 -0.652 0.088 0.994 0.000 0.046 0.096 
0.998 -0.055 -0.034 0.023 0.716 -0.000 -0.691 0.094 0.974 0.000 -0.041 -0.221 0.775 0.000 -0.623 0.101 0.984 0.000 -0.052 -0.171 0.697 0.000 -0.708 0.118 0.998 0.000 0.021 0.052 0.753 0.000 -0.652 0.088 0.994 0.000 0.046 0.096 
0.998 -0.055 -0.034 0.022 0.716 0.000 -0.691 0.094 0.974 0.000 -0.041 -0.221 0.775 0.000 -0.624 0.101 0.984 0.000 -0.053 -0.171 0.697 0.000 -0.708 0.118 0.998 0.000 0.021 0.052 0.753 0.000 -0.652 0.089 0.994 -0.000 0.046 0.096 
0.998 -0.055 -0.034 0.022 0.716 0.000 -0.691 0.094 0.974 0.000 -0.041 -0.221 0.775 -0.000 -0.624 0.102 0.984 0.000 -0.053 -0.171 0.697 0.000 -0.708 0.118 0.998 0.000 0.021 0.052 0.753 0.000 -0.652 0.089 0.995 0.000 0.044 0.094 
0.998 -0.055 -0.034 0.022 0.716 -0.000 -0.691 0.094 0.974 0.000 -0.041 -0.221 0.775 -0.000 -0.624 0.102 0.984 0.000 -0.053 -0.171 0.697 0.000 -0.708 0.118 0.998 0.000 0.021 0.052 0.753 -0.000 -0.652 0.089 0.994 0.000 0.046 0.096 
0.998 -0.055 -0.034 0.022 0.716 0.000 -0.691 0.094 0.974 0.000 -0.041 -0.221 0.775 0.000 -0.624 0.102 0.984 0.000 -0.053 -0.171 0.697 0.000 -0.708 0.118 0.998 0.000 0.021 0.052 0.753 0.000 -0.652 0.089 0.994 0.000 0.046 0.096 
0.998 -0.055 -0.034 0.022 0.716 0.000 -0.691 0.094 0.974 0.000 -0.041 -0.221 0.775 0.000 -0.624 0.102 0.984 0.000 -0.054 -0.170 0.697 -0.000 -0.708 0.118 0.998 0.000 0.021 0.052 0.753 0.000 -0.652 0.089 0.995 0.000 0.045 0.094 
0.998 -0.055 -0.034 0.022 0.716 0.000 -0.691 0.094 0.974 0.000 -0.041 -0.221 0.775 -0.000 -0.624 0.103 0.984 0.000 -0.053 -0.170 0.697 0.000 -0.708 0.118 0.998 0.000 0.021 0.052 0.753 0.000 -0.652 0.090 0.994 -0.000 0.046 0.096 
0.998 -0.055 -0.034 0.021 0.716 0.000 -0.691 0.094 0.974 0.000 -0.042 -0.221 0.774 0.000 -0.624 0.103 0.984 0.000 -0.053 -0.170 0.697 0.000 -0.707 0.118 0.998 0.000 0.021 0.052 0.753 0.000 -0.652 0.090 0.994 -0.000 0.047 0.096 
0.998 -0.055 -0.034 0.021 0.716 0.000 -0.691 0.094 0.974 0.000 -0.042 -0.221 0.774 0.000 -0.624 0.103 0.984 0.000 -0.054 -0.170 0.697 0.000 -0.708 0.118 0.998 0.000 0.021 0.052 0.753 -0.000 -0.652 0.090 0.994 0.000 0.047 0.096 
0.998 -0.055 -0.034 0.021 0.716 0.000 -0.691 0.094 0.974 0.000 -0.042 -0.221 0.774 0.000 -0.624 0.103 0.984 0.000 -0.054 -0.170 0.697 0.000 -0.707 0.118 0.998 0.000 0.021 0.052 0.753 0.000 -0.652 0.090 0.994 0.000 0.047 0.096 
0.998 -0.055 -0.034 0.021 0.716 0.000 -0.691 0.094 0.974 0.000 -0.042 -0.222 0.774 0.000 -0.625 0.104 0.984 -0.000 -0.054 -0.169 0.697 -0.000 -0.707 0.118 0.998 -0.000 0.021 0.052 0.753 0.000 -0.652 0.090 0.994 0.000 0.047 0.096 
0.998 -0.055 -0.034 0.021 0.716 0.000 -0.691 0.094 0.974 0.000 -0.042 -0.221 0.774 0.000 -0.625 0.104 0.984 0.000 -0.054 -0.169 0.697 0.000 -0.707 0.118 0.998 0.000 0.021 0.052 0.753 0.000 -0.652 0.091 0.994 0.000 0.047 0.096 
0.998 -0.055 -0.034 0.021 0.716 0.000 -0.691 0.094 0.974 0.000 -0.042 -0.222 0.774 -0.000 -0.625 0.104 0.984 -0.000 -0.054 -0.169 0.697 0.000 -0.707 0.118 0.998 0.000 0.021 0.052 0.753 0.000 -0.652 0.091 0.994 -0.000 0.047 0.096 
0.998 -0.055 -0.034 0.021 0.716 0.000 -0.691 0.094 0.974 0.000 -0.042 -0.222 0.774 0.000 -0.625 0.104 0.984 0.000 -0.054 -0.169 0.697 0.000 -0.707 0.118 0.998 0.000 0.021 0.052 0.753 0.000 -0.652 0.091 0.994 0.000 0.047 0.096 
0.998 -0.055 -0.034 0.020 0.716 0.000 -0.692 0.093 0.974 0.000 -0.042 -0.222 0.773 0.000 -0.625 0.105 0.984 0.000 -0.054 -0.169 0.697 0.000 -0.707 0.118 0.998 -0.000 0.021 0.052 0.753 0.000 -0.652 0.090 0.994 0.000 0.047 0.096 
0.998 -0.055 -0.034 0.020 0.716 -0.000 -0.692 0.094 0.974 0.000 -0.042 -0.222 0.773 -0.000 -0.625 0.105 0.984 0.000 -0.054 -0.168 0.697 0.000 -0.707 0.118 0.998 0.000 0.021 0.052 0.753 -0.000 -0.652 0.091 0.994 -0.000 0.047 0.096 
0.998 -0.055 -0.034 0.020 0.716 0.000 -0.692 0.094 0.974 0.000 -0.042 -0.222 0.773 0.000 -0.625 0.105 0.984 0.000 -0.054 -0.168 0.697 0.000 -0.707 0.118 0.998 0.000 0.021 0.051 0.753 0.000 -0.652 0.091 0.994 -0.000 0.047 0.095 
0.998 -0.055 -0.034 0.020 0.716 -0.000 -0.692 0.093 0.974 0.000 -0.042 -0.222 0.773 0.000 -0.625 0.105 0.984 0.000 -0.054 -0.168 0.697 0.000 -0.707 0.118 0.998 0.000 0.020 0.051 0.753 -0.000 -0.652 0.091 0.994 0.000 0.047 0.096 
0.998 -0.055 -0.034 0.020 0.716 0.000 -0.692 0.093 0.974 0.000 -0.042 -0.222 0.773 0.000 -0.626 0.106 0.984 0.000 -0.053 -0.168 0.697 0.000 -0.707 0.118 0.998 -0.000 0.021 0.051 0.753 0.000 -0.652 0.091 0.994 -0.000 0.047 0.096 
0.998 -0.055 -0.034 0.020 0.716 0.000 -0.692 0.093 0.974 0.000 -0.042 -0.222 0.773 -0.000 -0.626 0.106 0.984 0.000 -0.053 -0.168 0.697 0.000 -0.707 0.118 0.998 0.000 0.021 0.051 0.753 -0.000 -0.652 0.091 0.994 0.000 0.047 0.095 
0.998 -0.055 -0.034 0.020 0.716 0.000 -0.692 0.093 0.974 0.000 -0.042 -0.222 0.772 -0.000 -0.626 0.106 0.984 0.000 -0.053 -0.168 0.697 0.000 -0.707 0.118 0.998 0.000 0.021 0.051 0.753 0.000 -0.652 0.091 0.994 0.000 0.047 0.095 
0.998 -0.055 -0.034 0.020 0.716 -0.000 -0.692 0.093 0.974 0.000 -0.042 -0.222 0.772 0.000 -0.626 0.107 0.984 0.000 -0.053 -0.168 0.697 0.000 -0.707 0.118 0.998 0.000 0.021 0.051 0.753 0.000 -0.652 0.091 0.994 0.000 0.047 0.095 
0.998 -0.055 -0.034 0.020 0.716 0.000 -0.692 0.093 0.974 0.000 -0.043 -0.222 0.772 0.000 -0.626 0.107 0.984 0.000 -0.053 -0.168 0.697 -0.000 -0.707 0.118 0.998 0.000 0.021 0.051 0.753 0.000 -0.652 0.091 0.994 0.000 0.047 0.095 
0.998 -0.055 -0.034 0.020 0.716 0.000 -0.692 0.093 0.974 0.000 -0.043 -0.222 0.772 -0.000 -0.626 0.107 0.984 0.000 -0.053 -0.168 0.697 0.000 -0.707 0.119 0.998 -0.000 0.021 0.051 0.753 -0.000 -0.652 0.091 0.994 0.000 0.047 0.095 
0.998 -0.055 -0.034 0.020 0.716 0.000 -0.692 0.092 0.974 0.000 -0.042 -0.222 0.772 0.000 -0.627 0.107 0.984 0.000 -0.053 -0.167 0.697 0.000 -0.707 0.118 0.998 0.000 0.021 0.051 0.753 -0.000 -0.652 0.091 0.994 0.000 0.047 0.095 
0.998 -0.055 -0.034 0.020 0.716 0.000 -0.692 0.092 0.974 0.000 -0.042 -0.222 0.772 0.000 -0.627 0.107 0.984 0.000 -0.053 -0.167 0.697 0.000 -0.707 0.119 0.998 -0.000 0.021 0.051 0.753 -0.000 -0.652 0.091 0.994 0.000 0.047 0.095 
0.998 -0.054 -0.034 0.020 0.716 0.000 -0.692 0.092 0.974 0.000 -0.042 -0.222 0.772 0.000 -0.627 0.107 0.985 -0.000 -0.053 -0.167 0.697 0.000 -0.707 0.118 0.998 0.000 0.021 0.051 0.753 0.000 -0.652 0.091 0.994 -0.000 0.047 0.095 
0.998 -0.054 -0.034 0.021 0.716 0.000 -0.692 0.092 0.974 0.000 -0.042 -0.222 0.772 0.000 -0.627 0.108 0.985 0.000 -0.053 -0.167 0.697 0.000 -0.707 0.119 0.998 0.000 0.021 0.051 0.753 0.000 -0.652 0.091 0.994 0.000 0.047 0.095 
0.998 -0.054 -0.034 0.020 0.716 0.000 -0.692 0.092 0.974 0.000 -0.042 -0.222 0.772 0.000 -0.627 0.107 0.985 0.000 -0.053 -0.167 0.697 0.000 -0.707 0.118 0.998 0.000 0.021 0.051 0.753 0.000 -0.652 0.091 0.994 -0.000 0.047 0.095 
0.998 -0.054 -0.034 0.021 0.716 -0.000 -0.692 0.092 0.974 0.000 -0.042 -0.222 0.772 0.000 -0.626 0.107 0.985 0.000 -0.054 -0.167 0.697 -0.000 -0.707 0.119 0.998 0.000 0.020 0.051 0.753 0.000 -0.652 0.091 0.994 0.000 0.047 0.095 
0.998 -0.054 -0.034 0.021 0.716 0.000 -0.692 0.091 0.974 0.000 -0.042 -0.222 0.772 0.000 -0.626 0.108 0.985 0.000 -0.053 -0.167 0.697 -0.000 -0.707 0.119 0.998 0.000 0.021 0.051 0.753 0.000 -0.652 0.091 0.994 -0.000 0.047 0.095 
0.998 -0.054 -0.034 0.021 0.716 0.000 -0.692 0.092 0.974 0.000 -0.043 -0.222 0.772 0.000 -0.627 0.108 0.985 0.000 -0.053 -0.167 0.697 0.000 -0.707 0.119 0.998 0.000 0.021 0.051 0.753 0.000 -0.652 0.091 0.994 0.000 0.047 0.095 
0.998 -0.054 -0.034 0.021 0.716 -0.000 -0.692 0.091 0.974 -0.000 -0.043 -0.222 0.772 0.000 -0.627 0.108 0.985 0.000 -0.053 -0.167 0.697 0.000 -0.707 0.119 0.998 0.000 0.021 0.051 0.753 0.000 -0.652 0.091 0.994 -0.000 0.047 0.095 
0.998 -0.054 -0.034 0.021 0.716 0.000 -0.692 0.092 0.974 0.000 -0.043 -0.222 0.772 0.000 -0.626 0.108 0.985 0.000 -0.053 -0.166 0.697 0.000 -0.707 0.119 0.998 0.000 0.021 0.051 0.753 -0.000 -0.652 0.091 0.994 0.000 0.047 0.095 
0.998 -0.054 -0.034 0.022 0.716 0.000 -0.693 0.091 0.974 0.000 -0.043 -0.222 0.772 -0.000 -0.626 0.108 0.985 0.000 -0.053 -0.166 0.697 0.000 -0.707 0.119 0.998 0.000 0.021 0.051 0.753 0.000 -0.652 0.091 0.994 0.000 0.047 0.095 
0.998 -0.054 -0.033 0.022 0.716 0.000 -0.692 0.092 0.974 0.000 -0.043 -0.223 0.772 -0.000 -0.626 0.108 0.985 0.000 -0.053 -0.166 0.697 0.000 -0.707 0.119 0.998 -0.000 0.021 0.051 0.753 0.000 -0.652 0.091 0.994 0.000 0.047 0.095 
0.998 -0.054 -0.033 0.022 0.716 -0.000 -0.693 0.092 0.974 0.000 -0.043 -0.223 0.772 -0.000 -0.626 0.108 0.985 -0.000 -0.053 -0.166 0.697 -0.000 -0.707 0.119 0.998 0.000 0.021 0.051 0.753 0.000 -0.652 0.091 0.994 -0.000 0.047 0.095 
0.998 -0.054 -0.033 0.022 0.716 -0.000 -0.692 0.092 0.974 0.000 -0.043 -0.223 0.772 0.000 -0.626 0.108 0.985 0.000 -0.053 -0.167 0.697 0.000 -0.707 0.119 0.998 0.000 0.021 0.051 0.753 -0.000 -0.652 0.091 0.994 0.000 0.047 0.095 
0.998 -0.054 -0.033 0.022 0.716 -0.000 -0.693 0.091 0.974 0.000 -0.043 -0.223 0.772 0.000 -0.626 0.108 0.985 0.000 -0.053 -0.167 0.697 -0.000 -0.707 0.119 0.998 0.000 0.021 0.051 0.753 0.000 -0.652 0.090 0.994 -0.000 0.047 0.095 
0.998 -0.054 -0.033 0.023 0.715 0.000 -0.693 0.091 0.974 0.000 -0.043 -0.223 0.772 0.000 -0.626 0.108 0.985 0.000 -0.053 -0.167 0.697 0.000 -0.708 0.119 0.998 -0.000 0.021 0.051 0.753 0.000 -0.652 0.090 0.994 0.000 0.047 0.095 
0.998 -0.054 -0.033 0.023 0.716 -0.000 -0.693 0.091 0.974 0.000 -0.043 -0.223 0.772 0.000 -0.626 0.108 0.985 0.000 -0.052 -0.167 0.697 0.000 -0.708 0.119 0.998 0.000 0.021 0.051 0.753 0.000 -0.652 0.090 0.994 0.000 0.047 0.095 
0.998 -0.054 -0.033 0.023 0.715 0.000 -0.693 0.091 0.974 0.000 -0.043 -0.223 0.772 0.000 -0.626 0.108 0.985 0.000 -0.052 -0.167 0.697 0.000 -0.708 0.119 0.998 0.000 0.021 0.051 0.753 0.000 -0.652 0.090 0.995 0.000 0.045 0.093 
0.998 -0.054 -0.033 0.023 0.715 0.000 -0.693 0.091 0.974 0.000 -0.043 -0.223 0.772 0.000 -0.626 0.108 0.985 0.000 -0.052 -0.167 0.697 -0.000 -0.707 0.119 0.998 0.000 0.021 0.051 0.753 0.000 -0.652 0.090 0.994 -0.000 0.047 0.095 
0.998 -0.054 -0.033 0.023 0.715 0.000 -0.693 0.091 0.974 0.000 -0.043 -0.223 0.772 0.000 -0.626 0.108 0.984 0.000 -0.052 -0.167 0.696 0.000 -0.708 0.120 0.998 0.000 0.022 0.051 0.753 0.000 -0.652 0.091 0.994 0.000 0.047 0.095 
0.998 -0.054 -0.033 0.023 0.715 0.000 -0.693 0.091 0.974 0.000 -0.043 -0.223 0.772 0.000 -0.626 0.109 0.984 0.000 -0.052 -0.168 0.696 0.000 -0.708 0.119 0.998 0.000 0.022 0.051 0.753 0.000 -0.652 0.090 0.994 0.000 0.047 0.095 
0.998 -0.054 -0.033 0.024 0.715 -0.000 -0.693 0.091 0.974 0.000 -0.043 -0.222 0.772 0.000 -0.626 0.108 0.984 0.000 -0.052 -0.168 0.696 0.000 -0.708 0.120 0.998 0.000 0.022 0.051 0.753 0.000 -0.652 0.090 0.995 0.000 0.045 0.093 
0.998 -0.054 -0.033 0.024 0.715 0.000 -0.693 0.091 0.974 0.000 -0.043 -0.223 0.773 0.000 -0.625 0.108 0.985 0.000 -0.053 -0.167 0.696 -0.000 -0.708 0.120 0.998 0.000 0.022 0.051 0.753 -0.000 -0.652 0.090 0.995 0.000 0.045 0.093 
0.998 -0.054 -0.033 0.024 0.715 0.000 -0.693 0.091 0.974 0.000 -0.043 -0.222 0.773 0.000 -0.625 0.108 0.984 -0.000 -0.053 -0.167 0.696 0.000 -0.708 0.120 0.998 0.000 0.022 0.051 0.753 0.000 -0.652 0.090 0.994 -0.000 0.047 0.095 
0.998 -0.054 -0.033 0.024 0.716 -0.000 -0.692 0.091 0.974 0.000 -0.044 -0.223 0.773 -0.000 -0.625 0.108 0.985 0.000 -0.053 -0.167 0.696 0.000 -0.708 0.120 0.998 0.000 0.022 0.051 0.753 0.000 -0.652 0.090 0.994 0.000 0.047 0.095 
0.998 -0.054 -0.033 0.024 0.716 0.000 -0.693 0.091 0.974 0.000 -0.044 -0.222 0.773 -0.000 -0.625 0.108 0.985 0.000 -0.052 -0.167 0.696 0.000 -0.708 0.120 0.998 0.000 0.022 0.051 0.753 -0.000 -0.652 0.090 0.995 0.000 0.045 0.093 
0.998 -0.054 -0.033 0.024 0.716 0.000 -0.692 0.091 0.974 0.000 -0.044 -0.223 0.773 0.000 -0.625 0.108 0.985 0.000 -0.052 -0.167 0.696 -0.000 -0.708 0.120 0.998 -0.000 0.022 0.051 0.753 -0.000 -0.652 0.090 0.995 0.000 0.045 0.093 
0.998 -0.054 -0.033 0.024 0.716 0.000 -0.692 0.091 0.974 0.000 -0.045 -0.223 0.773 0.000 -0.625 0.108 0.985 0.000 -0.052 -0.167 0.696 0.000 -0.708 0.120 0.998 0.000 0.022 0.051 0.753 0.000 -0.652 0.090 0.995 0.000 0.045 0.092 
0.998 -0.053 -0.034 0.027 0.715 0.000 -0.693 0.091 0.974 0.000 -0.044 -0.224 0.774 0.000 -0.624 0.106 0.985 -0.000 -0.052 -0.167 0.696 0.000 -0.708 0.119 0.998 0.000 0.021 0.051 0.755 -0.000 -0.651 0.086 0.995 -0.000 0.043 0.095 
0.998 -0.053 -0.034 0.027 0.715 0.000 -0.693 0.090 0.974 0.000 -0.044 -0.224 0.774 0.000 -0.624 0.106 0.985 0.000 -0.052 -0.167 0.696 0.000 -0.708 0.119 0.998 0.000 0.022 0.052 0.754 0.000 -0.651 0.086 0.994 0.000 0.046 0.097 
0.998 -0.054 -0.033 0.025 0.716 0.000 -0.692 0.091 0.974 0.000 -0.046 -0.223 0.774 -0.000 -0.625 0.108 0.985 0.000 -0.052 -0.167 0.696 0.000 -0.708 0.120 0.998 0.000 0.022 0.051 0.753 0.000 -0.652 0.090 0.995 0.000 0.045 0.092 
0.998 -0.053 -0.034 0.027 0.716 0.000 -0.693 0.090 0.974 0.000 -0.044 -0.223 0.774 0.000 -0.624 0.106 0.984 0.000 -0.053 -0.167 0.696 0.000 -0.708 0.119 0.998 0.000 0.022 0.051 0.754 0.000 -0.651 0.086 0.995 0.000 0.044 0.095 
0.998 -0.054 -0.033 0.025 0.717 -0.000 -0.692 0.091 0.974 0.000 -0.047 -0.223 0.774 0.000 -0.624 0.108 0.985 0.000 -0.052 -0.167 0.696 0.000 -0.708 0.120 0.998 0.000 0.022 0.051 0.753 0.000 -0.652 0.090 0.995 0.000 0.045 0.092 
0.998 -0.054 -0.033 0.025 0.716 0.000 -0.692 0.090 0.974 -0.000 -0.046 -0.222 0.774 -0.000 -0.624 0.108 0.985 0.000 -0.052 -0.167 0.696 0.000 -0.708 0.120 0.998 0.000 0.022 0.052 0.753 0.000 -0.652 0.090 0.994 0.000 0.047 0.095 
0.998 -0.054 -0.033 0.025 0.717 0.000 -0.692 0.090 0.974 0.000 -0.047 -0.222 0.774 0.000 -0.624 0.107 0.985 -0.000 -0.052 -0.167 0.696 -0.000 -0.708 0.120 0.998 0.000 0.022 0.052 0.753 0.000 -0.652 0.089 0.995 0.000 0.045 0.093 
0.998 -0.053 -0.033 0.027 0.716 0.000 -0.692 0.089 0.974 0.000 -0.046 -0.222 0.774 0.000 -0.624 0.106 0.985 0.000 -0.052 -0.167 0.696 0.000 -0.708 0.119 0.998 0.000 0.022 0.052 0.754 -0.000 -0.651 0.085 0.995 0.000 0.043 0.095 
0.998 -0.054 -0.033 0.025 0.717 0.000 -0.691 0.089 0.974 0.000 -0.048 -0.222 0.774 0.000 -0.624 0.107 0.985 0.000 -0.052 -0.167 0.696 0.000 -0.708 0.120 0.998 0.000 0.022 0.051 0.753 0.000 -0.652 0.090 0.995 -0.000 0.045 0.093 
0.998 -0.053 -0.033 0.028 0.717 0.000 -0.692 0.088 0.974 0.000 -0.047 -0.222 0.774 0.000 -0.624 0.106 0.985 -0.000 -0.052 -0.167 0.696 0.000 -0.708 0.119 0.998 0.000 0.022 0.052 0.754 0.000 -0.651 0.086 0.994 -0.000 0.046 0.097 
0.998 -0.053 -0.033 0.028 0.717 0.000 -0.691 0.088 0.974 0.000 -0.048 -0.221 0.774 0.000 -0.624 0.106 0.985 0.000 -0.052 -0.167 0.696 0.000 -0.708 0.119 0.998 -0.000 0.022 0.052 0.754 -0.000 -0.651 0.086 0.995 0.000 0.043 0.095 
0.998 -0.054 -0.033 0.026 0.718 0.000 -0.691 0.089 0.974 0.000 -0.050 -0.221 0.774 0.000 -0.624 0.107 0.985 -0.000 -0.052 -0.167 0.696 0.000 -0.707 0.120 0.998 0.000 0.023 0.052 0.753 0.000 -0.652 0.090 0.995 0.000 0.045 0.093 
0.998 -0.053 -0.033 0.028 0.717 0.000 -0.691 0.088 0.974 -0.000 -0.049 -0.221 0.774 -0.000 -0.624 0.106 0.985 0.000 -0.052 -0.167 0.696 0.000 -0.708 0.119 0.998 0.000 0.022 0.052 0.754 0.000 -0.651 0.085 0.995 -0.000 0.043 0.095 
0.998 -0.053 -0.033 0.028 0.718 0.000 -0.691 0.088 0.974 -0.000 -0.050 -0.221 0.774 0.000 -0.624 0.106 0.985 0.000 -0.052 -0.167 0.696 -0.000 -0.708 0.119 0.998 0.000 0.022 0.052 0.754 -0.000 -0.651 0.085 0.995 0.000 0.043 0.095 
0.998 -0.053 -0.033 0.028 0.718 0.000 -0.691 0.088 0.974 0.000 -0.050 -0.221 0.774 -0.000 -0.624 0.106 0.985 0.000 -0.052 -0.167 0.696 0.000 -0.708 0.119 0.998 0.000 0.022 0.052 0.754 0.000 -0.651 0.085 0.995 0.000 0.043 0.095 
0.998 -0.053 -0.033 0.028 0.718 0.000 -0.690 0.088 0.974 0.000 -0.051 -0.220 0.774 0.000 -0.624 0.105 0.985 -0.000 -0.052 -0.167 0.696 -0.000 -0.708 0.119 0.998 0.000 0.022 0.052 0.754 0.000 -0.651 0.085 0.995 0.000 0.044 0.095 
0.998 -0.053 -0.034 0.028 0.718 0.000 -0.690 0.088 0.974 0.000 -0.051 -0.220 0.775 0.000 -0.624 0.106 0.984 0.000 -0.052 -0.168 0.696 0.000 -0.708 0.119 0.998 0.000 0.023 0.053 0.754 0.000 -0.651 0.085 0.995 0.000 0.044 0.095 
0.998 -0.053 -0.034 0.028 0.718 0.000 -0.690 0.088 0.974 -0.000 -0.052 -0.220 0.775 0.000 -0.624 0.106 0.984 -0.000 -0.052 -0.168 0.696 -0.000 -0.708 0.119 0.998 0.000 0.023 0.052 0.754 0.000 -0.651 0.085 0.995 0.000 0.044 0.095 
0.998 -0.053 -0.034 0.028 0.719 0.000 -0.690 0.088 0.974 0.000 -0.052 -0.220 0.775 -0.000 -0.624 0.106 0.984 0.000 -0.052 -0.168 0.696 0.000 -0.708 0.119 0.998 0.000 0.022 0.052 0.754 0.000 -0.651 0.085 0.995 -0.000 0.044 0.095 
0.998 -0.053 -0.034 0.028 0.719 -0.000 -0.690 0.088 0.974 0.000 -0.052 -0.220 0.774 0.000 -0.624 0.106 0.984 0.000 -0.052 -0.168 0.696 0.000 -0.708 0.119 0.998 0.000 0.023 0.052 0.754 -0.000 -0.651 0.085 0.995 0.000 0.044 0.095 
0.998 -0.053 -0.033 0.028 0.719 0.000 -0.690 0.088 0.974 0.000 -0.052 -0.220 0.774 0.000 -0.624 0.106 0.984 0.000 -0.051 -0.168 0.696 0.000 -0.708 0.119 0.998 0.000 0.022 0.052 0.754 0.000 -0.651 0.085 0.995 -0.000 0.044 0.095 
0.998 -0.053 -0.033 0.028 0.719 0.000 -0.690 0.089 0.974 0.000 -0.053 -0.220 0.774 0.000 -0.624 0.106 0.984 0.000 -0.051 -0.168 0.696 0.000 -0.708 0.119 0.998 0.000 0.022 0.052 0.754 0.000 -0.651 0.085 0.995 0.000 0.044 0.095 
0.998 -0.053 -0.034 0.028 0.719 0.000 -0.690 0.089 0.974 0.000 -0.053 -0.220 0.774 0.000 -0.624 0.106 0.984 0.000 -0.051 -0.168 0.696 0.000 -0.708 0.119 0.998 0.000 0.022 0.052 0.754 0.000 -0.651 0.085 0.994 0.000 0.046 0.097 
0.998 -0.053 -0.033 0.028 0.719 0.000 -0.690 0.089 0.974 -0.000 -0.053 -0.220 0.774 0.000 -0.624 0.106 0.984 0.000 -0.051 -0.168 0.696 -0.000 -0.708 0.119 0.998 0.000 0.022 0.052 0.754 0.000 -0.651 0.085 0.994 0.000 0.046 0.097 
0.998 -0.053 -0.034 0.028 0.719 0.000 -0.690 0.089 0.974 0.000 -0.053 -0.220 0.774 0.000 -0.624 0.106 0.984 0.000 -0.051 -0.168 0.696 0.000 -0.708 0.119 0.998 0.000 0.022 0.052 0.754 -0.000 -0.651 0.085 0.995 0.000 0.044 0.095 
0.998 -0.054 -0.033 0.026 0.719 0.000 -0.689 0.090 0.974 0.000 -0.053 -0.219 0.774 0.000 -0.624 0.107 0.984 0.000 -0.051 -0.168 0.696 0.000 -0.707 0.120 0.998 -0.000 0.022 0.051 0.753 0.000 -0.652 0.089 0.995 0.000 0.045 0.093 
0.998 -0.054 -0.033 0.026 0.719 0.000 -0.689 0.090 0.974 0.000 -0.053 -0.220 0.774 0.000 -0.624 0.107 0.984 0.000 -0.051 -0.169 0.697 0.000 -0.707 0.120 0.998 0.000 0.023 0.052 0.753 0.000 -0.652 0.089 0.995 0.000 0.045 0.093 
0.998 -0.054 -0.033 0.026 0.719 0.000 -0.689 0.090 0.974 0.000 -0.053 -0.220 0.774 0.000 -0.624 0.107 0.984 -0.000 -0.051 -0.169 0.697 0.000 -0.707 0.120 0.998 0.000 0.023 0.052 0.753 0.000 -0.652 0.089 0.995 0.000 0.045 0.093 
0.998 -0.054 -0.033 0.026 0.719 0.000 -0.689 0.091 0.974 0.000 -0.053 -0.220 0.774 0.000 -0.624 0.107 0.984 0.000 -0.051 -0.169 0.697 -0.000 -0.707 0.120 0.998 0.000 0.022 0.051 0.753 0.000 -0.652 0.089 0.995 0.000 0.045 0.092 
0.998 -0.054 -0.033 0.026 0.719 0.000 -0.689 0.091 0.974 0.000 -0.053 -0.219 0.774 0.000 -0.624 0.107 0.984 0.000 -0.051 -0.169 0.697 0.000 -0.707 0.120 0.998 0.000 0.023 0.052 0.753 -0.000 -0.652 0.089 0.995 0.000 0.045 0.093 
0.998 -0.053 -0.034 0.029 0.719 0.000 -0.690 0.090 0.974 0.000 -0.051 -0.220 0.775 0.000 -0.624 0.106 0.984 0.000 -0.051 -0.168 0.696 0.000 -0.708 0.119 0.998 0.000 0.022 0.052 0.754 0.000 -0.651 0.085 0.995 0.000 0.043 0.095 
0.998 -0.054 -0.033 0.026 0.719 0.000 -0.689 0.091 0.974 0.000 -0.053 -0.219 0.774 0.000 -0.624 0.107 0.984 0.000 -0.051 -0.168 0.697 0.000 -0.707 0.120 0.998 -0.000 0.022 0.052 0.753 0.000 -0.652 0.089 0.995 -0.000 0.045 0.093 
0.998 -0.053 -0.033 0.026 0.719 0.000 -0.689 0.091 0.974 0.000 -0.052 -0.219 0.774 0.000 -0.624 0.107 0.984 0.000 -0.051 -0.168 0.697 -0.000 -0.707 0.120 0.998 -0.000 0.023 0.052 0.753 0.000 -0.652 0.089 0.995 0.000 0.045 0.093 
0.998 -0.053 -0.033 0.026 0.719 0.000 -0.689 0.091 0.974 0.000 -0.052 -0.219 0.774 0.000 -0.624 0.107 0.985 0.000 -0.050 -0.168 0.697 0.000 -0.707 0.120 0.998 0.000 0.023 0.052 0.753 0.000 -0.652 0.089 0.995 0.000 0.045 0.093 
0.998 -0.053 -0.033 0.026 0.719 0.000 -0.689 0.091 0.974 0.000 -0.052 -0.219 0.774 0.000 -0.624 0.107 0.985 0.000 -0.051 -0.168 0.697 0.000 -0.707 0.120 0.998 0.000 0.023 0.052 0.753 0.000 -0.653 0.089 0.995 0.000 0.045 0.092 
0.998 -0.053 -0.033 0.026 0.719 0.000 -0.689 0.091 0.974 0.000 -0.052 -0.219 0.774 0.000 -0.624 0.107 0.985 0.000 -0.051 -0.168 0.697 0.000 -0.707 0.120 0.998 0.000 0.022 0.052 0.753 0.000 -0.652 0.089 0.995 0.000 0.044 0.092 
0.998 -0.053 -0.033 0.026 0.719 0.000 -0.689 0.091 0.974 0.000 -0.052 -0.219 0.774 0.000 -0.624 0.107 0.985 0.000 -0.051 -0.168 0.697 0.000 -0.707 0.120 0.998 0.000 0.023 0.052 0.753 0.000 -0.652 0.089 0.995 0.000 0.045 0.092 
0.998 -0.053 -0.033 0.026 0.719 -0.000 -0.689 0.091 0.974 0.000 -0.051 -0.219 0.774 0.000 -0.624 0.107 0.985 0.000 -0.051 -0.168 0.697 0.000 -0.707 0.120 0.998 0.000 0.023 0.052 0.753 0.000 -0.652 0.089 0.995 0.000 0.045 0.092 
0.998 -0.053 -0.033 0.026 0.719 0.000 -0.689 0.091 0.974 -0.000 -0.051 -0.219 0.774 0.000 -0.624 0.108 0.985 0.000 -0.051 -0.168 0.697 0.000 -0.707 0.120 0.998 0.000 0.023 0.052 0.753 0.000 -0.652 0.089 0.995 0.000 0.044 0.092 
0.998 -0.053 -0.033 0.026 0.719 0.000 -0.689 0.091 0.974 0.000 -0.051 -0.219 0.774 0.000 -0.624 0.108 0.984 0.000 -0.051 -0.168 0.697 0.000 -0.707 0.120 0.998 0.000 0.023 0.052 0.753 0.000 -0.652 0.089 0.995 0.000 0.044 0.092 
0.998 -0.053 -0.033 0.026 0.719 0.000 -0.689 0.091 0.974 0.000 -0.051 -0.219 0.774 -0.000 -0.624 0.108 0.984 0.000 -0.051 -0.168 0.697 0.000 -0.707 0.120 0.998 0.000 0.023 0.052 0.753 0.000 -0.652 0.089 0.995 0.000 0.044 0.093 
0.998 -0.053 -0.033 0.026 0.719 0.000 -0.689 0.091 0.974 0.000 -0.051 -0.220 0.774 0.000 -0.624 0.108 0.984 -0.000 -0.052 -0.168 0.697 0.000 -0.707 0.120 0.998 0.000 0.023 0.052 0.753 -0.000 -0.652 0.089 0.995 -0.000 0.044 0.093 
0.998 -0.053 -0.033 0.026 0.718 -0.000 -0.690 0.091 0.974 0.000 -0.051 -0.220 0.774 0.000 -0.624 0.108 0.985 0.000 -0.052 -0.168 0.697 0.000 -0.707 0.120 0.998 -0.000 0.023 0.052 0.753 -0.000 -0.652 0.089 0.995 0.000 0.045 0.093 
0.998 -0.053 -0.033 0.026 0.718 0.000 -0.690 0.091 0.974 0.000 -0.051 -0.219 0.774 0.000 -0.624 0.108 0.985 0.000 -0.052 -0.167 0.697 0.000 -0.707 0.120 0.998 0.000 0.023 0.052 0.753 0.000 -0.652 0.089 0.995 -0.000 0.044 0.093 
0.998 -0.053 -0.033 0.026 0.718 0.000 -0.690 0.091 0.974 0.000 -0.051 -0.219 0.774 -0.000 -0.624 0.108 0.985 0.000 -0.052 -0.167 0.697 0.000 -0.707 0.120 0.998 -0.000 0.023 0.052 0.753 0.000 -0.652 0.089 0.995 -0.000 0.044 0.093 
0.998 -0.054 -0.033 0.026 0.718 -0.000 -0.690 0.091 0.974 0.000 -0.051 -0.219 0.774 0.000 -0.624 0.108 0.984 0.000 -0.052 -0.168 0.697 0.000 -0.707 0.120 0.998 0.000 0.023 0.052 0.752 0.000 -0.653 0.089 0.995 0.000 0.045 0.092 
0.998 -0.054 -0.033 0.026 0.718 0.000 -0.690 0.091 0.974 0.000 -0.051 -0.220 0.774 0.000 -0.624 0.108 0.985 0.000 -0.051 -0.168 0.697 0.000 -0.707 0.120 0.998 0.000 0.023 0.052 0.753 0.000 -0.653 0.089 0.995 0.000 0.044 0.093 
0.998 -0.053 -0.033 0.026 0.718 0.000 -0.690 0.091 0.974 0.000 -0.051 -0.220 0.774 0.000 -0.624 0.108 0.985 0.000 -0.052 -0.167 0.697 0.000 -0.707 0.120 0.998 0.000 0.023 0.052 0.753 0.000 -0.652 0.089 0.995 -0.000 0.044 0.092 
0.998 -0.053 -0.033 0.026 0.718 0.000 -0.690 0.091 0.974 -0.000 -0.051 -0.220 0.774 0.000 -0.624 0.108 0.985 0.000 -0.051 -0.167 0.697 0.000 -0.707 0.120 0.998 0.000 0.023 0.052 0.753 -0.000 -0.652 0.089 0.995 0.000 0.044 0.092 
0.998 -0.053 -0.033 0.026 0.718 0.000 -0.690 0.091 0.974 0.000 -0.051 -0.220 0.774 0.000 -0.624 0.108 0.985 0.000 -0.051 -0.167 0.697 0.000 -0.707 0.119 0.998 0.000 0.022 0.052 0.753 0.000 -0.652 0.089 0.995 0.000 0.044 0.092 
0.998 -0.053 -0.033 0.026 0.718 0.000 -0.690 0.091 0.974 0.000 -0.051 -0.220 0.774 0.000 -0.624 0.108 0.985 0.000 -0.052 -0.167 0.697 0.000 -0.707 0.119 0.998 0.000 0.023 0.052 0.753 0.000 -0.653 0.089 0.995 -0.000 0.044 0.093 
0.998 -0.053 -0.033 0.026 0.718 -0.000 -0.690 0.091 0.974 0.000 -0.051 -0.220 0.774 0.000 -0.624 0.109 0.985 0.000 -0.052 -0.167 0.697 0.000 -0.707 0.119 0.998 0.000 0.023 0.052 0.753 0.000 -0.652 0.089 0.995 0.000 0.044 0.093 
0.998 -0.054 -0.033 0.026 0.718 0.000 -0.690 0.091 0.974 0.000 -0.051 -0.220 0.774 0.000 -0.624 0.109 0.984 -0.000 -0.052 -0.168 0.697 0.000 -0.707 0.120 0.998 -0.000 0.023 0.052 0.753 -0.000 -0.652 0.089 0.995 0.000 0.044 0.093 
0.998 -0.053 -0.033 0.026 0.718 -0.000 -0.690 0.091 0.974 -0.000 -0.051 -0.220 0.774 -0.000 -0.624 0.108 0.985 0.000 -0.051 -0.167 0.697 0.000 -0.707 0.119 0.998 0.000 0.023 0.052 0.753 0.000 -0.652 0.089 0.995 0.000 0.044 0.093 
0.998 -0.053 -0.033 0.026 0.718 0.000 -0.690 0.091 0.974 0.000 -0.052 -0.220 0.774 0.000 -0.624 0.109 0.985 0.000 -0.052 -0.167 0.697 0.000 -0.707 0.119 0.998 0.000 0.023 0.052 0.753 -0.000 -0.652 0.089 0.995 -0.000 0.044 0.093 
0.998 -0.053 -0.033 0.026 0.718 0.000 -0.690 0.092 0.974 0.000 -0.052 -0.220 0.774 0.000 -0.624 0.109 0.985 0.000 -0.052 -0.167 0.697 0.000 -0.707 0.119 0.998 0.000 0.022 0.051 0.753 0.000 -0.652 0.089 0.995 -0.000 0.044 0.093 
0.998 -0.053 -0.033 0.026 0.718 0.000 -0.690 0.092 0.974 0.000 -0.052 -0.220 0.774 0.000 -0.624 0.109 0.985 0.000 -0.052 -0.168 0.697 0.000 -0.707 0.119 0.998 0.000 0.023 0.051 0.753 0.000 -0.652 0.089 0.995 0.000 0.044 0.093 
0.998 -0.054 -0.033 0.025 0.718 0.000 -0.690 0.092 0.974 0.000 -0.052 -0.220 0.774 0.000 -0.624 0.109 0.985 0.000 -0.051 -0.167 0.697 0.000 -0.707 0.119 0.998 0.000 0.023 0.052 0.753 0.000 -0.652 0.089 0.995 0.000 0.044 0.093 
0.998 -0.053 -0.033 0.026 0.718 0.000 -0.690 0.092 0.974 -0.000 -0.052 -0.220 0.773 0.000 -0.624 0.109 0.985 0.000 -0.051 -0.168 0.697 0.000 -0.707 0.119 0.998 0.000 0.023 0.052 0.753 0.000 -0.652 0.089 0.995 -0.000 0.044 0.093 
0.998 -0.053 -0.033 0.026 0.717 0.000 -0.691 0.092 0.974 0.000 -0.052 -0.220 0.774 0.000 -0.624 0.109 0.985 -0.000 -0.051 -0.168 0.697 -0.000 -0.708 0.119 0.998 0.000 0.023 0.052 0.753 0.000 -0.652 0.088 0.995 0.000 0.044 0.093 
0.998 -0.053 -0.033 0.025 0.717 -0.000 -0.691 0.092 0.974 0.000 -0.052 -0.220 0.773 0.000 -0.624 0.109 0.985 -0.000 -0.051 -0.168 0.697 0.000 -0.707 0.119 0.998 0.000 0.022 0.051 0.753 0.000 -0.652 0.088 0.995 0.000 0.044 0.093 
0.998 -0.053 -0.033 0.025 0.717 0.000 -0.691 0.092 0.974 -0.000 -0.052 -0.220 0.773 0.000 -0.625 0.109 0.984 0.000 -0.051 -0.168 0.697 -0.000 -0.707 0.119 0.998 -0.000 0.023 0.052 0.753 -0.000 -0.652 0.088 0.995 0.000 0.044 0.093 
0.998 -0.053 -0.033 0.025 0.717 0.000 -0.691 0.092 0.974 0.000 -0.052 -0.220 0.773 0.000 -0.625 0.109 0.984 0.000 -0.051 -0.168 0.697 -0.000 -0.707 0.119 0.998 0.000 0.022 0.051 0.753 -0.000 -0.653 0.088 0.995 0.000 0.044 0.093 
0.998 -0.053 -0.033 0.025 0.717 0.000 -0.691 0.092 0.974 0.000 -0.052 -0.220 0.773 -0.000 -0.625 0.109 0.984 0.000 -0.051 -0.168 0.697 0.000 -0.707 0.119 0.998 0.000 0.022 0.051 0.753 0.000 -0.652 0.089 0.994 0.000 0.046 0.095 
0.998 -0.053 -0.033 0.025 0.717 0.000 -0.691 0.092 0.974 0.000 -0.052 -0.220 0.773 -0.000 -0.625 0.109 0.984 0.000 -0.051 -0.168 0.697 0.000 -0.708 0.118 0.998 0.000 0.022 0.052 0.753 0.000 -0.653 0.088 0.994 0.000 0.046 0.095 
0.998 -0.053 -0.033 0.025 0.717 0.000 -0.691 0.092 0.974 0.000 -0.053 -0.221 0.773 0.000 -0.625 0.109 0.984 0.000 -0.051 -0.168 0.697 0.000 -0.708 0.118 0.998 0.000 0.022 0.052 0.753 0.000 -0.652 0.088 0.995 0.000 0.044 0.093 
0.998 -0.052 -0.034 0.027 0.717 0.000 -0.691 0.092 0.974 0.000 -0.051 -0.221 0.773 0.000 -0.625 0.107 0.984 0.000 -0.051 -0.168 0.696 0.000 -0.708 0.117 0.998 -0.000 0.022 0.052 0.754 -0.000 -0.651 0.083 0.994 0.000 0.043 0.096 
0.998 -0.053 -0.033 0.025 0.717 0.000 -0.691 0.092 0.974 0.000 -0.053 -0.221 0.773 0.000 -0.625 0.109 0.984 0.000 -0.051 -0.168 0.697 0.000 -0.708 0.118 0.998 0.000 0.022 0.052 0.753 0.000 -0.653 0.088 0.994 0.000 0.046 0.096 
0.998 -0.053 -0.033 0.025 0.717 -0.000 -0.691 0.092 0.974 -0.000 -0.053 -0.221 0.773 0.000 -0.625 0.109 0.984 0.000 -0.051 -0.168 0.697 0.000 -0.708 0.118 0.998 0.000 0.022 0.052 0.753 0.000 -0.653 0.088 0.994 0.000 0.046 0.095 
0.998 -0.053 -0.033 0.025 0.717 0.000 -0.691 0.092 0.974 0.000 -0.053 -0.221 0.773 0.000 -0.625 0.109 0.984 0.000 -0.050 -0.168 0.697 0.000 -0.708 0.118 0.998 -0.000 0.022 0.051 0.753 0.000 -0.652 0.088 0.995 0.000 0.044 0.093 
0.998 -0.053 -0.033 0.025 0.717 0.000 -0.690 0.093 0.974 0.000 -0.053 -0.221 0.773 0.000 -0.625 0.109 0.984 -0.000 -0.051 -0.168 0.697 0.000 -0.707 0.118 0.998 0.000 0.022 0.051 0.753 -0.000 -0.653 0.088 0.995 0.000 0.044 0.093 
0.998 -0.053 -0.033 0.025 0.717 0.000 -0.690 0.093 0.974 -0.000 -0.053 -0.220 0.773 0.000 -0.625 0.109 0.984 0.000 -0.051 -0.169 0.697 0.000 -0.707 0.118 0.998 0.000 0.022 0.051 0.753 0.000 -0.653 0.088 0.995 0.000 0.044 0.093 
0.998 -0.053 -0.033 0.025 0.717 0.000 -0.691 0.092 0.974 0.000 -0.053 -0.220 0.773 -0.000 -0.625 0.109 0.984 0.000 -0.051 -0.168 0.697 0.000 -0.707 0.118 0.998 0.000 0.022 0.052 0.753 0.000 -0.653 0.088 0.995 0.000 0.044 0.093 
0.998 -0.053 -0.033 0.025 0.717 0.000 -0.690 0.093 0.974 0.000 -0.053 -0.220 0.773 0.000 -0.625 0.109 0.984 0.000 -0.051 -0.168 0.697 0.000 -0.708 0.118 0.998 0.000 0.022 0.051 0.753 0.000 -0.653 0.087 0.995 0.000 0.044 0.093 
0.998 -0.053 -0.033 0.025 0.717 -0.000 -0.691 0.093 0.974 0.000 -0.053 -0.220 0.773 0.000 -0.625 0.109 0.984 0.000 -0.051 -0.168 0.697 0.000 -0.708 0.118 0.998 0.000 0.022 0.051 0.753 0.000 -0.653 0.087 0.995 0.000 0.044 0.093 
0.998 -0.053 -0.033 0.025 0.717 -0.000 -0.691 0.092 0.974 0.000 -0.052 -0.220 0.773 0.000 -0.625 0.109 0.984 0.000 -0.051 -0.168 0.697 0.000 -0.708 0.118 0.998 0.000 0.022 0.051 0.753 0.000 -0.653 0.087 0.995 0.000 0.044 0.093 
0.998 -0.052 -0.033 0.027 0.717 0.000 -0.691 0.092 0.974 0.000 -0.051 -0.220 0.773 -0.000 -0.625 0.108 0.984 0.000 -0.051 -0.168 0.696 0.000 -0.708 0.117 0.998 0.000 0.022 0.051 0.754 0.000 -0.651 0.083 0.995 0.000 0.043 0.096 
0.998 -0.053 -0.033 0.024 0.718 0.000 -0.690 0.092 0.974 0.000 -0.052 -0.219 0.773 -0.000 -0.625 0.109 0.984 0.000 -0.051 -0.168 0.697 0.000 -0.707 0.118 0.998 0.000 0.022 0.051 0.753 -0.000 -0.653 0.088 0.994 0.000 0.046 0.095 
0.998 -0.053 -0.033 0.024 0.718 0.000 -0.690 0.092 0.974 0.000 -0.052 -0.220 0.773 0.000 -0.625 0.109 0.984 0.000 -0.051 -0.168 0.697 0.000 -0.708 0.117 0.998 0.000 0.022 0.051 0.753 0.000 -0.653 0.087 0.995 0.000 0.044 0.093 
0.998 -0.053 -0.033 0.024 0.718 0.000 -0.690 0.092 0.974 0.000 -0.052 -0.220 0.772 0.000 -0.626 0.109 0.984 0.000 -0.050 -0.168 0.697 0.000 -0.708 0.117 0.998 0.000 0.022 0.051 0.753 0.000 -0.653 0.087 0.994 -0.000 0.046 0.095 
0.998 -0.053 -0.033 0.024 0.718 0.000 -0.690 0.092 0.974 0.000 -0.052 -0.220 0.772 -0.000 -0.626 0.109 0.984 0.000 -0.050 -0.168 0.697 0.000 -0.708 0.117 0.998 0.000 0.022 0.051 0.753 0.000 -0.653 0.087 0.995 -0.000 0.044 0.093 
0.998 -0.053 -0.033 0.024 0.718 0.000 -0.690 0.092 0.974 -0.000 -0.052 -0.220 0.773 0.000 -0.625 0.109 0.984 0.000 -0.051 -0.168 0.697 0.000 -0.708 0.117 0.998 0.000 0.022 0.051 0.753 0.000 -0.653 0.087 0.994 0.000 0.046 0.095 
0.998 -0.052 -0.034 0.027 0.717 0.000 -0.691 0.092 0.974 0.000 -0.051 -0.220 0.773 0.000 -0.625 0.108 0.984 0.000 -0.051 -0.168 0.696 0.000 -0.708 0.116 0.998 0.000 0.021 0.051 0.754 0.000 -0.651 0.083 0.995 0.000 0.043 0.096 
0.998 -0.052 -0.034 0.027 0.717 0.000 -0.691 0.092 0.974 -0.000 -0.051 -0.220 0.773 -0.000 -0.625 0.107 0.984 0.000 -0.051 -0.168 0.696 -0.000 -0.708 0.116 0.998 -0.000 0.021 0.051 0.754 0.000 -0.651 0.082 0.994 0.000 0.042 0.096 
0.998 -0.052 -0.034 0.027 0.717 -0.000 -0.691 0.092 0.974 -0.000 -0.051 -0.220 0.773 -0.000 -0.625 0.107 0.985 0.000 -0.051 -0.168 0.696 0.000 -0.708 0.116 0.998 -0.000 0.021 0.051 0.754 0.000 -0.651 0.082 0.994 0.000 0.043 0.096 
0.998 -0.052 -0.034 0.026 0.718 -0.000 -0.690 0.091 0.974 0.000 -0.052 -0.220 0.773 0.000 -0.625 0.108 0.984 0.000 -0.051 -0.168 0.696 0.000 -0.708 0.116 0.998 0.000 0.021 0.051 0.754 0.000 -0.651 0.083 0.994 0.000 0.044 0.098 
0.998 -0.053 -0.033 0.024 0.718 0.000 -0.690 0.092 0.974 0.000 -0.054 -0.219 0.773 0.000 -0.625 0.109 0.984 0.000 -0.051 -0.168 0.697 0.000 -0.708 0.117 0.998 0.000 0.022 0.051 0.753 0.000 -0.653 0.087 0.995 0.000 0.044 0.094 
0.998 -0.052 -0.034 0.026 0.718 0.000 -0.690 0.091 0.974 0.000 -0.052 -0.220 0.773 0.000 -0.625 0.108 0.984 -0.000 -0.052 -0.168 0.696 0.000 -0.708 0.116 0.998 -0.000 0.021 0.051 0.754 0.000 -0.651 0.082 0.994 0.000 0.043 0.096 
0.998 -0.053 -0.033 0.024 0.719 0.000 -0.689 0.092 0.974 -0.000 -0.054 -0.219 0.772 0.000 -0.626 0.109 0.984 0.000 -0.051 -0.168 0.697 0.000 -0.708 0.116 0.998 0.000 0.022 0.051 0.753 0.000 -0.653 0.087 0.994 0.000 0.046 0.096 
0.998 -0.052 -0.034 0.026 0.718 0.000 -0.690 0.092 0.974 0.000 -0.053 -0.220 0.773 0.000 -0.625 0.108 0.984 0.000 -0.051 -0.168 0.696 0.000 -0.708 0.116 0.998 0.000 0.021 0.051 0.754 0.000 -0.651 0.082 0.995 0.000 0.042 0.096 
0.998 -0.052 -0.034 0.026 0.718 0.000 -0.690 0.092 0.974 -0.000 -0.054 -0.220 0.773 0.000 -0.625 0.108 0.984 0.000 -0.052 -0.168 0.696 0.000 -0.708 0.116 0.998 -0.000 0.021 0.051 0.754 0.000 -0.651 0.082 0.994 0.000 0.044 0.098 
0.998 -0.053 -0.033 0.024 0.719 0.000 -0.689 0.093 0.974 0.000 -0.055 -0.220 0.773 -0.000 -0.625 0.109 0.984 0.000 -0.051 -0.168 0.697 0.000 -0.708 0.117 0.998 0.000 0.022 0.051 0.753 0.000 -0.653 0.086 0.995 0.000 0.044 0.094 
0.998 -0.053 -0.033 0.024 0.719 0.000 -0.689 0.093 0.974 -0.000 -0.055 -0.220 0.773 0.000 -0.625 0.109 0.984 0.000 -0.051 -0.168 0.697 0.000 -0.708 0.116 0.998 -0.000 0.022 0.051 0.753 0.000 -0.653 0.086 0.995 -0.000 0.044 0.094 
0.998 -0.052 -0.034 0.026 0.719 -0.000 -0.689 0.092 0.974 0.000 -0.054 -0.220 0.773 0.000 -0.626 0.108 0.984 0.000 -0.051 -0.168 0.696 0.000 -0.708 0.116 0.998 0.000 0.021 0.051 0.754 0.000 -0.651 0.082 0.995 0.000 0.042 0.096 
0.998 -0.052 -0.034 0.026 0.719 -0.000 -0.689 0.092 0.974 0.000 -0.054 -0.220 0.773 0.000 -0.625 0.108 0.984 -0.000 -0.051 -0.168 0.696 0.000 -0.708 0.115 0.998 -0.000 0.021 0.051 0.754 0.000 -0.651 0.082 0.994 0.000 0.044 0.098 
0.998 -0.052 -0.034 0.026 0.719 -0.000 -0.689 0.092 0.974 -0.000 -0.054 -0.220 0.773 0.000 -0.625 0.108 0.984 0.000 -0.052 -0.168 0.696 0.000 -0.708 0.115 0.998 0.000 0.021 0.051 0.754 0.000 -0.652 0.082 0.994 0.000 0.042 0.096 
0.998 -0.053 -0.033 0.023 0.720 -0.000 -0.688 0.093 0.974 0.000 -0.056 -0.220 0.772 -0.000 -0.626 0.110 0.984 0.000 -0.051 -0.168 0.697 0.000 -0.708 0.116 0.998 -0.000 0.022 0.051 0.753 0.000 -0.653 0.087 0.995 -0.000 0.044 0.094 
0.998 -0.053 -0.033 0.023 0.720 0.000 -0.688 0.093 0.974 0.000 -0.056 -0.219 0.772 0.000 -0.626 0.109 0.984 0.000 -0.051 -0.169 0.697 0.000 -0.708 0.116 0.998 -0.000 0.022 0.051 0.753 0.000 -0.653 0.087 0.995 0.000 0.044 0.094 
0.998 -0.053 -0.033 0.023 0.720 -0.000 -0.688 0.094 0.974 0.000 -0.055 -0.220 0.772 0.000 -0.626 0.110 0.984 0.000 -0.051 -0.169 0.697 0.000 -0.708 0.116 0.998 -0.000 0.022 0.051 0.753 0.000 -0.653 0.086 0.995 0.000 0.044 0.094 
0.998 -0.053 -0.033 0.023 0.719 0.000 -0.688 0.094 0.974 0.000 -0.055 -0.220 0.772 -0.000 -0.626 0.110 0.984 0.000 -0.051 -0.168 0.697 0.000 -0.708 0.116 0.998 0.000 0.022 0.051 0.753 0.000 -0.653 0.087 0.994 0.000 0.046 0.096 
0.998 -0.053 -0.033 0.023 0.719 0.000 -0.688 0.094 0.974 -0.000 -0.055 -0.220 0.772 0.000 -0.626 0.110 0.984 0.000 -0.051 -0.169 0.697 0.000 -0.708 0.116 0.998 -0.000 0.021 0.051 0.753 0.000 -0.653 0.086 0.995 0.000 0.044 0.094 
0.998 -0.053 -0.033 0.023 0.719 0.000 -0.688 0.094 0.974 0.000 -0.054 -0.219 0.772 -0.000 -0.626 0.109 0.984 0.000 -0.051 -0.168 0.697 0.000 -0.708 0.116 0.998 0.000 0.022 0.051 0.753 0.000 -0.653 0.086 0.995 0.000 0.044 0.094 
0.998 -0.053 -0.033 0.023 0.720 0.000 -0.688 0.094 0.974 -0.000 -0.054 -0.220 0.772 -0.000 -0.626 0.110 0.984 0.000 -0.051 -0.169 0.697 0.000 -0.708 0.116 0.998 0.000 0.022 0.051 0.753 0.000 -0.653 0.087 0.995 -0.000 0.044 0.094 
0.998 -0.053 -0.033 0.023 0.720 -0.000 -0.688 0.094 0.974 0.000 -0.054 -0.219 0.772 0.000 -0.626 0.110 0.984 0.000 -0.051 -0.169 0.697 0.000 -0.708 0.116 0.998 -0.000 0.022 0.051 0.753 0.000 -0.653 0.087 0.994 0.000 0.046 0.096 
0.998 -0.053 -0.033 0.023 0.719 0.000 -0.688 0.094 0.974 -0.000 -0.054 -0.219 0.772 0.000 -0.626 0.110 0.984 0.000 -0.050 -0.169 0.697 0.000 -0.708 0.116 0.998 0.000 0.022 0.051 0.753 0.000 -0.653 0.086 0.994 0.000 0.046 0.096 
0.998 -0.053 -0.033 0.023 0.719 0.000 -0.688 0.094 0.974 0.000 -0.053 -0.219 0.772 0.000 -0.626 0.110 0.984 0.000 -0.051 -0.169 0.697 0.000 -0.708 0.117 0.998 0.000 0.022 0.050 0.753 0.000 -0.653 0.086 0.994 0.000 0.046 0.096 
0.998 -0.053 -0.033 0.023 0.719 -0.000 -0.688 0.095 0.974 0.000 -0.053 -0.219 0.772 0.000 -0.626 0.110 0.984 0.000 -0.051 -0.169 0.697 0.000 -0.708 0.117 0.998 0.000 0.022 0.051 0.753 -0.000 -0.653 0.087 0.994 0.000 0.046 0.097 
0.998 -0.053 -0.033 0.023 0.719 0.000 -0.688 0.095 0.974 0.000 -0.053 -0.219 0.772 -0.000 -0.626 0.110 0.984 0.000 -0.051 -0.169 0.697 0.000 -0.708 0.117 0.998 -0.000 0.022 0.051 0.753 0.000 -0.653 0.087 0.994 0.000 0.046 0.096 
0.998 -0.053 -0.033 0.023 0.719 0.000 -0.688 0.095 0.974 0.000 -0.053 -0.219 0.772 0.000 -0.626 0.110 0.984 -0.000 -0.051 -0.169 0.697 0.000 -0.708 0.117 0.998 -0.000 0.022 0.050 0.753 0.000 -0.653 0.086 0.994 0.000 0.046 0.096 
0.998 -0.053 -0.033 0.023 0.719 0.000 -0.688 0.095 0.974 0.000 -0.053 -0.220 0.772 0.000 -0.626 0.110 0.984 0.000 -0.051 -0.169 0.697 0.000 -0.708 0.116 0.998 0.000 0.022 0.051 0.753 -0.000 -0.653 0.086 0.994 0.000 0.046 0.096 
0.998 -0.053 -0.033 0.023 0.719 -0.000 -0.688 0.095 0.974 0.000 -0.052 -0.219 0.772 0.000 -0.626 0.110 0.984 0.000 -0.051 -0.169 0.697 0.000 -0.708 0.116 0.998 -0.000 0.022 0.051 0.753 0.000 -0.653 0.086 0.995 0.000 0.044 0.094 
0.998 -0.053 -0.033 0.023 0.719 -0.000 -0.688 0.095 0.974 0.000 -0.052 -0.220 0.772 -0.000 -0.626 0.110 0.984 0.000 -0.051 -0.169 0.697 0.000 -0.708 0.116 0.998 -0.000 0.022 0.051 0.753 0.000 -0.653 0.086 0.994 -0.000 0.046 0.096 
0.998 -0.053 -0.033 0.023 0.719 0.000 -0.688 0.096 0.974 0.000 -0.052 -0.220 0.772 -0.000 -0.626 0.110 0.984 0.000 -0.051 -0.169 0.697 -0.000 -0.708 0.116 0.998 0.000 0.022 0.051 0.753 0.000 -0.653 0.086 0.994 0.000 0.045 0.097 
0.998 -0.053 -0.033 0.023 0.719 0.000 -0.688 0.096 0.974 0.000 -0.052 -0.220 0.772 0.000 -0.626 0.110 0.984 0.000 -0.051 -0.169 0.697 0.000 -0.708 0.116 0.998 -0.000 0.022 0.051 0.753 0.000 -0.653 0.086 0.994 0.000 0.046 0.096 
0.998 -0.053 -0.033 0.023 0.719 0.000 -0.688 0.096 0.974 0.000 -0.052 -0.220 0.772 0.000 -0.626 0.110 0.984 0.000 -0.051 -0.168 0.697 -0.000 -0.708 0.116 0.998 0.000 0.022 0.050 0.753 -0.000 -0.653 0.086 0.994 0.000 0.046 0.096 
0.998 -0.053 -0.033 0.023 0.719 0.000 -0.688 0.096 0.974 0.000 -0.052 -0.220 0.772 -0.000 -0.626 0.110 0.984 0.000 -0.051 -0.169 0.697 0.000 -0.708 0.116 0.998 0.000 0.022 0.050 0.753 0.000 -0.653 0.086 0.995 0.000 0.044 0.094 
0.998 -0.053 -0.033 0.023 0.719 0.000 -0.688 0.096 0.974 0.000 -0.052 -0.220 0.772 0.000 -0.626 0.110 0.984 0.000 -0.051 -0.168 0.697 -0.000 -0.708 0.116 0.998 0.000 0.022 0.051 0.753 0.000 -0.653 0.086 0.994 0.000 0.046 0.096 
0.998 -0.053 -0.033 0.023 0.719 0.000 -0.688 0.096 0.974 0.000 -0.052 -0.220 0.772 0.000 -0.626 0.110 0.984 -0.000 -0.051 -0.168 0.697 0.000 -0.708 0.116 0.998 0.000 0.022 0.051 0.753 0.000 -0.653 0.086 0.994 -0.000 0.046 0.096 
0.998 -0.053 -0.033 0.023 0.719 -0.000 -0.688 0.096 0.974 0.000 -0.052 -0.220 0.772 0.000 -0.626 0.110 0.984 0.000 -0.051 -0.168 0.697 0.000 -0.708 0.116 0.998 0.000 0.022 0.051 0.753 0.000 -0.653 0.086 0.994 -0.000 0.046 0.096 
0.998 -0.053 -0.033 0.023 0.719 0.000 -0.688 0.096 0.974 -0.000 -0.052 -0.220 0.772 -0.000 -0.626 0.110 0.984 0.000 -0.051 -0.168 0.697 -0.000 -0.708 0.116 0.998 0.000 0.022 0.051 0.753 0.000 -0.653 0.086 0.995 0.000 0.044 0.094 
0.998 -0.053 -0.033 0.023 0.719 0.000 -0.688 0.096 0.974 0.000 -0.052 -0.220 0.772 -0.000 -0.626 0.110 0.984 -0.000 -0.051 -0.168 0.697 0.000 -0.708 0.116 0.998 -0.000 0.022 0.051 0.753 0.000 -0.653 0.086 0.995 -0.000 0.044 0.094 
0.998 -0.053 -0.033 0.023 0.719 0.000 -0.688 0.095 0.974 -0.000 -0.052 -0.220 0.772 0.000 -0.626 0.111 0.984 0.000 -0.051 -0.168 0.697 0.000 -0.708 0.116 0.998 -0.000 0.022 0.051 0.753 0.000 -0.653 0.086 0.994 0.000 0.046 0.096 
0.998 -0.053 -0.033 0.023 0.719 0.000 -0.688 0.095 0.974 0.000 -0.052 -0.220 0.772 -0.000 -0.626 0.110 0.984 0.000 -0.051 -0.168 0.697 0.000 -0.708 0.115 0.998 0.000 0.022 0.051 0.753 0.000 -0.653 0.086 0.994 0.000 0.046 0.096 
0.998 -0.053 -0.033 0.023 0.719 0.000 -0.688 0.095 0.974 -0.000 -0.052 -0.220 0.772 0.000 -0.626 0.111 0.984 0.000 -0.051 -0.168 0.697 0.000 -0.708 0.116 0.998 -0.000 0.022 0.051 0.753 0.000 -0.653 0.086 0.994 0.000 0.045 0.096 
0.998 -0.053 -0.033 0.023 0.719 0.000 -0.688 0.095 0.974 0.000 -0.052 -0.220 0.772 0.000 -0.626 0.111 0.984 0.000 -0.051 -0.168 0.697 0.000 -0.708 0.116 0.998 0.000 0.022 0.051 0.753 0.000 -0.653 0.086 0.995 0.000 0.044 0.094 
0.998 -0.053 -0.033 0.023 0.719 0.000 -0.688 0.095 0.974 0.000 -0.052 -0.220 0.772 0.000 -0.626 0.110 0.984 0.000 -0.051 -0.168 0.697 0.000 -0.708 0.116 0.998 0.000 0.022 0.051 0.753 0.000 -0.653 0.086 0.994 0.000 0.046 0.096 
0.998 -0.053 -0.033 0.023 0.719 0.000 -0.688 0.095 0.974 0.000 -0.052 -0.220 0.772 0.000 -0.626 0.110 0.984 0.000 -0.051 -0.168 0.697 0.000 -0.708 0.116 0.998 -0.000 0.022 0.051 0.753 0.000 -0.653 0.085 0.994 0.000 0.046 0.096 
0.998 -0.053 -0.033 0.023 0.719 0.000 -0.688 0.095 0.974 0.000 -0.052 -0.220 0.772 0.000 -0.626 0.110 0.985 -0.000 -0.051 -0.168 0.697 0.000 -0.708 0.115 0.998 -0.000 0.022 0.051 0.753 0.000 -0.653 0.085 0.994 0.000 0.046 0.096 
0.998 -0.053 -0.033 0.023 0.719 0.000 -0.688 0.095 0.974 0.000 -0.052 -0.220 0.772 0.000 -0.626 0.110 0.984 0.000 -0.051 -0.168 0.697 -0.000 -0.708 0.115 0.998 0.000 0.022 0.051 0.753 -0.000 -0.653 0.085 0.995 0.000 0.044 0.094 
0.998 -0.053 -0.033 0.023 0.719 -0.000 -0.689 0.095 0.974 0.000 -0.052 -0.220 0.772 0.000 -0.626 0.110 0.984 0.000 -0.051 -0.168 0.697 0.000 -0.708 0.116 0.998 0.000 0.022 0.051 0.753 0.000 -0.653 0.085 0.995 0.000 0.044 0.094 
0.998 -0.053 -0.033 0.023 0.719 0.000 -0.689 0.095 0.974 0.000 -0.052 -0.220 0.772 0.000 -0.626 0.110 0.984 0.000 -0.051 -0.168 0.697 0.000 -0.708 0.116 0.998 0.000 0.022 0.051 0.753 0.000 -0.653 0.085 0.995 0.000 0.044 0.094 
0.998 -0.053 -0.033 0.023 0.719 -0.000 -0.689 0.095 0.974 0.000 -0.052 -0.220 0.772 0.000 -0.626 0.111 0.984 0.000 -0.051 -0.168 0.697 -0.000 -0.708 0.115 0.998 -0.000 0.022 0.051 0.753 0.000 -0.653 0.085 0.994 -0.000 0.046 0.096 
0.998 -0.053 -0.033 0.023 0.719 0.000 -0.689 0.095 0.974 -0.000 -0.052 -0.220 0.772 -0.000 -0.626 0.110 0.984 0.000 -0.051 -0.168 0.697 0.000 -0.708 0.115 0.998 0.000 0.022 0.051 0.753 0.000 -0.653 0.085 0.994 0.000 0.046 0.096 
0.998 -0.053 -0.033 0.023 0.719 0.000 -0.689 0.095 0.974 -0.000 -0.052 -0.220 0.772 0.000 -0.626 0.111 0.984 0.000 -0.050 -0.168 0.697 0.000 -0.708 0.115 0.998 0.000 0.022 0.051 0.753 0.000 -0.653 0.085 0.994 -0.000 0.046 0.096 
0.998 -0.053 -0.033 0.023 0.719 0.000 -0.689 0.095 0.974 0.000 -0.052 -0.220 0.772 0.000 -0.626 0.111 0.984 0.000 -0.050 -0.168 0.697 0.000 -0.708 0.115 0.998 0.000 0.022 0.051 0.753 -0.000 -0.653 0.085 0.995 0.000 0.044 0.094 
0.998 -0.053 -0.033 0.023 0.719 0.000 -0.689 0.095 0.974 0.000 -0.052 -0.220 0.772 0.000 -0.626 0.110 0.984 0.000 -0.051 -0.168 0.697 0.000 -0.708 0.116 0.998 0.000 0.022 0.051 0.753 0.000 -0.653 0.085 0.994 0.000 0.046 0.096 
0.998 -0.053 -0.033 0.023 0.719 0.000 -0.689 0.094 0.974 -0.000 -0.052 -0.221 0.772 0.000 -0.626 0.111 0.984 0.000 -0.051 -0.168 0.697 0.000 -0.708 0.115 0.998 0.000 0.022 0.051 0.753 0.000 -0.653 0.085 0.994 0.000 0.046 0.096 
0.998 -0.053 -0.033 0.023 0.719 0.000 -0.689 0.094 0.974 -0.000 -0.052 -0.220 0.772 0.000 -0.626 0.111 0.984 0.000 -0.051 -0.168 0.697 0.000 -0.708 0.115 0.998 0.000 0.022 0.051 0.753 0.000 -0.653 0.085 0.994 0.000 0.046 0.096 
0.998 -0.053 -0.033 0.023 0.719 0.000 -0.689 0.094 0.974 0.000 -0.052 -0.221 0.772 0.000 -0.626 0.111 0.984 -0.000 -0.051 -0.168 0.697 0.000 -0.708 0.115 0.998 0.000 0.022 0.051 0.753 0.000 -0.653 0.085 0.995 0.000 0.044 0.094 
0.998 -0.053 -0.033 0.023 0.719 0.000 -0.689 0.094 0.974 0.000 -0.052 -0.221 0.772 0.000 -0.626 0.110 0.984 0.000 -0.051 -0.168 0.697 0.000 -0.708 0.115 0.998 0.000 0.022 0.051 0.753 0.000 -0.653 0.085 0.994 0.000 0.045 0.096 
0.998 -0.053 -0.033 0.023 0.719 0.000 -0.689 0.094 0.974 0.000 -0.052 -0.220 0.772 0.000 -0.626 0.110 0.984 0.000 -0.051 -0.168 0.697 0.000 -0.708 0.115 0.998 -0.000 0.022 0.051 0.753 -0.000 -0.653 0.085 0.994 0.000 0.046 0.096 
0.998 -0.054 -0.033 0.023 0.719 0.000 -0.689 0.094 0.974 0.000 -0.052 -0.221 0.772 -0.000 -0.626 0.110 0.984 0.000 -0.051 -0.168 0.697 0.000 -0.708 0.115 0.998 0.000 0.022 0.051 0.753 0.000 -0.653 0.085 0.995 0.000 0.044 0.094 
0.998 -0.054 -0.033 0.023 0.719 0.000 -0.689 0.094 0.974 0.000 -0.052 -0.220 0.772 0.000 -0.626 0.110 0.984 0.000 -0.051 -0.168 0.697 0.000 -0.708 0.116 0.998 0.000 0.022 0.051 0.753 -0.000 -0.653 0.086 0.995 0.000 0.043 0.094 
0.998 -0.054 -0.033 0.023 0.719 0.000 -0.689 0.094 0.974 0.000 -0.052 -0.221 0.772 0.000 -0.626 0.110 0.984 0.000 -0.051 -0.168 0.697 0.000 -0.708 0.116 0.998 0.000 0.022 0.051 0.753 0.000 -0.653 0.086 0.994 -0.000 0.045 0.096 
0.998 -0.054 -0.033 0.023 0.718 0.000 -0.689 0.093 0.974 0.000 -0.052 -0.221 0.772 -0.000 -0.626 0.110 0.984 0.000 -0.051 -0.168 0.697 -0.000 -0.708 0.116 0.998 -0.000 0.022 0.051 0.753 0.000 -0.653 0.085 0.994 0.000 0.046 0.096 
0.998 -0.054 -0.033 0.023 0.719 0.000 -0.689 0.093 0.974 0.000 -0.052 -0.221 0.772 0.000 -0.626 0.110 0.984 0.000 -0.051 -0.168 0.697 0.000 -0.708 0.116 0.998 0.000 0.022 0.051 0.753 0.000 -0.653 0.085 0.994 0.000 0.045 0.096 
0.998 -0.054 -0.033 0.023 0.718 -0.000 -0.689 0.093 0.974 -0.000 -0.052 -0.221 0.772 0.000 -0.626 0.109 0.985 0.000 -0.051 -0.168 0.697 -0.000 -0.708 0.116 0.998 0.000 0.022 0.051 0.753 -0.000 -0.653 0.086 0.994 -0.000 0.045 0.096 
0.998 -0.054 -0.033 0.023 0.719 0.000 -0.689 0.093 0.974 0.000 -0.052 -0.221 0.772 0.000 -0.626 0.109 0.985 0.000 -0.051 -0.168 0.697 0.000 -0.708 0.116 0.998 0.000 0.022 0.051 0.753 -0.000 -0.653 0.086 0.995 0.000 0.044 0.094 
0.998 -0.054 -0.033 0.023 0.719 0.000 -0.689 0.093 0.974 0.000 -0.052 -0.221 0.773 0.000 -0.626 0.109 0.984 0.000 -0.051 -0.168 0.697 0.000 -0.708 0.116 0.998 0.000 0.022 0.051 0.753 0.000 -0.653 0.086 0.994 0.000 0.046 0.096 
0.998 -0.054 -0.033 0.023 0.718 0.000 -0.689 0.093 0.974 0.000 -0.052 -0.221 0.773 0.000 -0.626 0.109 0.984 0.000 -0.051 -0.168 0.697 0.000 -0.708 0.116 0.998 -0.000 0.022 0.051 0.753 0.000 -0.653 0.086 0.994 0.000 0.046 0.096 
0.998 -0.054 -0.033 0.023 0.718 0.000 -0.689 0.093 0.974 -0.000 -0.052 -0.221 0.773 0.000 -0.626 0.109 0.985 -0.000 -0.051 -0.168 0.697 -0.000 -0.708 0.116 0.998 -0.000 0.022 0.051 0.753 -0.000 -0.653 0.086 0.994 0.000 0.046 0.096 
0.998 -0.054 -0.033 0.023 0.718 0.000 -0.689 0.093 0.974 0.000 -0.052 -0.221 0.773 0.000 -0.625 0.109 0.984 -0.000 -0.051 -0.168 0.697 0.000 -0.708 0.116 0.998 0.000 0.022 0.051 0.753 -0.000 -0.653 0.086 0.995 -0.000 0.044 0.094 
0.998 -0.054 -0.033 0.023 0.718 0.000 -0.689 0.093 0.974 0.000 -0.052 -0.221 0.773 0.000 -0.625 0.109 0.984 0.000 -0.051 -0.168 0.697 0.000 -0.708 0.116 0.998 0.000 0.022 0.051 0.753 -0.000 -0.653 0.086 0.995 0.000 0.043 0.094 
0.998 -0.054 -0.033 0.023 0.718 0.000 -0.689 0.093 0.974 -0.000 -0.052 -0.221 0.773 0.000 -0.625 0.108 0.984 0.000 -0.051 -0.168 0.697 0.000 -0.708 0.116 0.998 0.000 0.022 0.051 0.753 0.000 -0.653 0.086 0.994 -0.000 0.046 0.097 
0.998 -0.054 -0.033 0.023 0.718 0.000 -0.689 0.093 0.974 0.000 -0.052 -0.221 0.773 -0.000 -0.625 0.108 0.984 0.000 -0.051 -0.168 0.697 0.000 -0.708 0.116 0.998 -0.000 0.022 0.051 0.753 0.000 -0.653 0.086 0.994 0.000 0.046 0.096 
0.998 -0.054 -0.033 0.023 0.718 -0.000 -0.690 0.093 0.974 -0.000 -0.052 -0.221 0.773 -0.000 -0.625 0.108 0.984 0.000 -0.051 -0.168 0.697 0.000 -0.708 0.116 0.998 0.000 0.022 0.051 0.753 0.000 -0.653 0.086 0.994 0.000 0.045 0.096 
0.998 -0.054 -0.033 0.023 0.718 0.000 -0.690 0.093 0.974 0.000 -0.052 -0.221 0.773 0.000 -0.625 0.108 0.984 0.000 -0.051 -0.168 0.697 0.000 -0.708 0.116 0.998 0.000 0.022 0.051 0.753 0.000 -0.653 0.086 0.994 0.000 0.045 0.096 
0.998 -0.054 -0.033 0.023 0.718 0.000 -0.689 0.093 0.974 0.000 -0.052 -0.221 0.773 -0.000 -0.625 0.108 0.984 0.000 -0.051 -0.168 0.697 -0.000 -0.708 0.116 0.998 0.000 0.022 0.051 0.753 0.000 -0.653 0.086 0.994 0.000 0.045 0.097 
0.998 -0.054 -0.033 0.023 0.718 0.000 -0.689 0.093 0.974 0.000 -0.052 -0.221 0.773 0.000 -0.625 0.108 0.984 0.000 -0.052 -0.168 0.697 0.000 -0.708 0.116 0.998 0.000 0.022 0.051 0.753 0.000 -0.653 0.086 0.994 -0.000 0.045 0.096 
0.998 -0.054 -0.033 0.024 0.718 0.000 -0.690 0.093 0.974 0.000 -0.052 -0.221 0.773 0.000 -0.625 0.108 0.984 0.000 -0.052 -0.168 0.697 0.000 -0.708 0.116 0.998 -0.000 0.022 0.051 0.753 0.000 -0.653 0.086 0.995 0.000 0.043 0.094 
0.998 -0.054 -0.033 0.023 0.718 0.000 -0.690 0.093 0.974 0.000 -0.052 -0.220 0.773 -0.000 -0.625 0.108 0.984 0.000 -0.051 -0.168 0.697 0.000 -0.708 0.116 0.998 0.000 0.022 0.051 0.753 0.000 -0.653 0.086 0.994 0.000 0.045 0.097 
0.998 -0.054 -0.033 0.023 0.718 0.000 -0.690 0.092 0.974 0.000 -0.052 -0.220 0.773 0.000 -0.625 0.108 0.984 0.000 -0.051 -0.168 0.697 0.000 -0.708 0.116 0.998 0.000 0.022 0.051 0.753 0.000 -0.653 0.086 0.994 -0.000 0.045 0.097 
0.998 -0.054 -0.033 0.023 0.718 0.000 -0.690 0.093 0.974 0.000 -0.052 -0.220 0.773 0.000 -0.625 0.108 0.984 0.000 -0.051 -0.168 0.697 0.000 -0.708 0.116 0.998 0.000 0.022 0.051 0.753 0.000 -0.653 0.086 0.995 0.000 0.043 0.094 
0.998 -0.054 -0.033 0.023 0.718 -0.000 -0.690 0.092 0.974 0.000 -0.052 -0.220 0.774 -0.000 -0.625 0.108 0.984 -0.000 -0.052 -0.168 0.697 0.000 -0.708 0.116 0.998 0.000 0.022 0.051 0.753 0.000 -0.653 0.086 0.995 -0.000 0.043 0.095 
0.998 -0.054 -0.033 0.023 0.718 0.000 -0.690 0.092 0.974 0.000 -0.052 -0.220 0.773 0.000 -0.625 0.108 0.985 0.000 -0.051 -0.168 0.697 0.000 -0.708 0.116 0.998 0.000 0.022 0.051 0.753 0.000 -0.653 0.086 0.995 -0.000 0.043 0.094 
0.998 -0.054 -0.033 0.023 0.718 0.000 -0.690 0.092 0.974 0.000 -0.052 -0.220 0.773 0.000 -0.625 0.107 0.985 0.000 -0.052 -0.167 0.697 0.000 -0.708 0.116 0.998 0.000 0.022 0.051 0.753 0.000 -0.653 0.086 0.994 0.000 0.045 0.097 
0.998 -0.054 -0.033 0.023 0.718 0.000 -0.690 0.092 0.974 0.000 -0.052 -0.220 0.774 -0.000 -0.625 0.107 0.984 -0.000 -0.051 -0.168 0.697 0.000 -0.708 0.116 0.998 0.000 0.022 0.051 0.753 0.000 -0.653 0.086 0.994 0.000 0.045 0.097 
0.998 -0.054 -0.033 0.023 0.718 0.000 -0.690 0.092 0.974 0.000 -0.052 -0.220 0.773 -0.000 -0.625 0.107 0.985 0.000 -0.051 -0.168 0.697 -0.000 -0.708 0.116 0.998 0.000 0.022 0.051 0.753 -0.000 -0.653 0.086 0.994 0.000 0.045 0.096 
0.998 -0.054 -0.033 0.024 0.718 0.000 -0.690 0.093 0.974 0.000 -0.052 -0.220 0.774 0.000 -0.624 0.107 0.985 0.000 -0.051 -0.168 0.697 0.000 -0.708 0.116 0.998 0.000 0.022 0.051 0.753 0.000 -0.653 0.085 0.994 0.000 0.045 0.097 
0.998 -0.054 -0.033 0.023 0.718 0.000 -0.690 0.092 0.974 -0.000 -0.053 -0.220 0.774 0.000 -0.624 0.107 0.985 0.000 -0.052 -0.168 0.697 -0.000 -0.708 0.116 0.998 0.000 0.022 0.051 0.753 0.000 -0.653 0.085 0.995 0.000 0.043 0.094 
0.998 -0.054 -0.033 0.023 0.718 0.000 -0.690 0.092 0.974 0.000 -0.052 -0.220 0.774 0.000 -0.624 0.108 0.984 0.000 -0.052 -0.168 0.697 0.000 -0.708 0.116 0.998 0.000 0.022 0.051 0.753 0.000 -0.653 0.085 0.994 0.000 0.045 0.097 
0.998 -0.054 -0.033 0.023 0.718 0.000 -0.690 0.093 0.974 0.000 -0.053 -0.220 0.774 0.000 -0.624 0.108 0.984 -0.000 -0.052 -0.168 0.697 0.000 -0.708 0.116 0.998 0.000 0.022 0.051 0.753 0.000 -0.653 0.085 0.994 0.000 0.045 0.097 
0.998 -0.054 -0.033 0.023 0.718 0.000 -0.690 0.092 0.974 0.000 -0.052 -0.220 0.774 0.000 -0.624 0.108 0.984 0.000 -0.052 -0.168 0.697 0.000 -0.708 0.116 0.998 0.000 0.022 0.051 0.753 0.000 -0.653 0.085 0.994 -0.000 0.045 0.097 
0.998 -0.054 -0.033 0.023 0.718 -0.000 -0.690 0.092 0.974 0.000 -0.052 -0.220 0.774 0.000 -0.624 0.108 0.984 -0.000 -0.052 -0.168 0.697 0.000 -0.708 0.116 0.998 0.000 0.022 0.051 0.753 0.000 -0.653 0.085 0.994 0.000 0.045 0.097 
0.998 -0.054 -0.033 0.024 0.718 0.000 -0.690 0.092 0.974 -0.000 -0.052 -0.220 0.774 0.000 -0.624 0.108 0.984 0.000 -0.052 -0.168 0.697 0.000 -0.708 0.116 0.998 0.000 0.022 0.051 0.753 0.000 -0.652 0.085 0.994 0.000 0.045 0.097 
0.998 -0.054 -0.033 0.023 0.718 0.000 -0.690 0.092 0.974 -0.000 -0.052 -0.220 0.774 0.000 -0.624 0.108 0.984 0.000 -0.052 -0.168 0.697 -0.000 -0.708 0.116 0.998 0.000 0.022 0.051 0.753 0.000 -0.653 0.085 0.994 0.000 0.045 0.097 
0.998 -0.054 -0.033 0.023 0.718 0.000 -0.690 0.093 0.974 0.000 -0.053 -0.220 0.774 0.000 -0.624 0.108 0.984 0.000 -0.052 -0.168 0.697 0.000 -0.708 0.116 0.998 0.000 0.022 0.051 0.753 0.000 -0.652 0.085 0.995 0.000 0.043 0.095 
0.998 -0.054 -0.033 0.024 0.718 0.000 -0.690 0.092 0.974 0.000 -0.052 -0.220 0.774 0.000 -0.624 0.108 0.984 0.000 -0.052 -0.168 0.697 0.000 -0.708 0.116 0.998 0.000 0.023 0.052 0.753 0.000 -0.653 0.085 0.994 0.000 0.045 0.097 
0.998 -0.054 -0.033 0.023 0.718 0.000 -0.690 0.092 0.974 0.000 -0.052 -0.220 0.774 0.000 -0.624 0.108 0.984 0.000 -0.052 -0.168 0.697 0.000 -0.708 0.116 0.998 0.000 0.022 0.051 0.753 0.000 -0.652 0.085 0.994 0.000 0.045 0.097 
0.998 -0.054 -0.033 0.024 0.718 0.000 -0.690 0.093 0.974 0.000 -0.052 -0.220 0.774 0.000 -0.624 0.108 0.984 0.000 -0.052 -0.168 0.697 -0.000 -0.708 0.116 0.998 0.000 0.022 0.051 0.753 0.000 -0.652 0.085 0.994 0.000 0.045 0.097 
0.998 -0.054 -0.033 0.024 0.718 -0.000 -0.690 0.092 0.974 0.000 -0.052 -0.220 0.774 0.000 -0.624 0.108 0.985 0.000 -0.052 -0.167 0.697 0.000 -0.708 0.116 0.998 0.000 0.022 0.051 0.753 0.000 -0.652 0.085 0.994 0.000 0.045 0.097 
0.998 -0.054 -0.033 0.023 0.718 0.000 -0.690 0.092 0.974 -0.000 -0.052 -0.220 0.774 -0.000 -0.624 0.108 0.985 0.000 -0.052 -0.167 0.697 0.000 -0.708 0.116 0.998 0.000 0.022 0.051 0.753 0.000 -0.652 0.085 0.994 -0.000 0.045 0.097 
0.998 -0.054 -0.033 0.024 0.718 0.000 -0.690 0.092 0.974 -0.000 -0.052 -0.220 0.774 0.000 -0.624 0.108 0.985 0.000 -0.052 -0.167 0.697 0.000 -0.708 0.116 0.998 -0.000 0.022 0.051 0.753 0.000 -0.652 0.085 0.995 0.000 0.043 0.095 
0.998 -0.054 -0.033 0.024 0.718 -0.000 -0.690 0.092 0.974 0.000 -0.052 -0.220 0.774 0.000 -0.624 0.108 0.985 0.000 -0.052 -0.167 0.697 0.000 -0.708 0.116 0.998 -0.000 0.022 0.051 0.753 0.000 -0.652 0.085 0.995 0.000 0.043 0.094 
0.998 -0.054 -0.033 0.024 0.718 -0.000 -0.690 0.092 0.974 0.000 -0.053 -0.220 0.774 0.000 -0.624 0.108 0.985 0.000 -0.052 -0.167 0.697 0.000 -0.708 0.116 0.998 0.000 0.022 0.051 0.753 0.000 -0.652 0.085 0.994 0.000 0.045 0.097 
0.998 -0.054 -0.033 0.024 0.718 0.000 -0.690 0.092 0.974 0.000 -0.052 -0.220 0.774 0.000 -0.623 0.108 0.985 0.000 -0.052 -0.167 0.697 -0.000 -0.708 0.116 0.998 0.000 0.022 0.051 0.753 0.000 -0.653 0.085 0.994 0.000 0.045 0.097 
0.998 -0.054 -0.033 0.024 0.718 0.000 -0.690 0.092 0.974 0.000 -0.052 -0.220 0.774 -0.000 -0.623 0.109 0.985 0.000 -0.052 -0.167 0.697 0.000 -0.708 0.116 0.998 0.000 0.022 0.051 0.753 0.000 -0.652 0.085 0.994 -0.000 0.045 0.098 
0.998 -0.054 -0.033 0.024 0.718 0.000 -0.690 0.092 0.974 0.000 -0.052 -0.220 0.774 0.000 -0.623 0.109 0.985 0.000 -0.052 -0.167 0.697 -0.000 -0.708 0.116 0.998 -0.000 0.022 0.051 0.753 0.000 -0.652 0.085 0.994 -0.000 0.043 0.097 
0.998 -0.054 -0.033 0.024 0.718 -0.000 -0.690 0.092 0.974 0.000 -0.052 -0.220 0.774 0.000 -0.623 0.109 0.985 0.000 -0.052 -0.167 0.697 0.000 -0.708 0.115 0.998 0.000 0.022 0.051 0.753 0.000 -0.652 0.085 0.994 -0.000 0.045 0.097 
0.998 -0.054 -0.033 0.024 0.718 0.000 -0.690 0.092 0.974 0.000 -0.052 -0.220 0.774 0.000 -0.623 0.109 0.985 0.000 -0.052 -0.167 0.697 0.000 -0.708 0.115 0.998 0.000 0.022 0.051 0.753 0.000 -0.653 0.085 0.994 0.000 0.045 0.097 
0.998 -0.054 -0.033 0.024 0.718 0.000 -0.690 0.092 0.974 0.000 -0.052 -0.220 0.774 0.000 -0.623 0.109 0.985 -0.000 -0.052 -0.167 0.697 0.000 -0.708 0.115 0.998 -0.000 0.022 0.051 0.753 0.000 -0.652 0.085 0.994 0.000 0.045 0.097 
0.998 -0.054 -0.033 0.024 0.718 0.000 -0.690 0.092 0.974 0.000 -0.052 -0.220 0.774 0.000 -0.623 0.109 0.985 0.000 -0.052 -0.167 0.697 0.000 -0.708 0.116 0.998 0.000 0.022 0.051 0.753 0.000 -0.653 0.085 0.994 0.000 0.045 0.097 
0.998 -0.054 -0.033 0.024 0.718 0.000 -0.690 0.092 0.974 -0.000 -0.052 -0.220 0.774 -0.000 -0.623 0.109 0.985 0.000 -0.052 -0.167 0.697 0.000 -0.708 0.115 0.998 0.000 0.022 0.051 0.753 0.000 -0.653 0.085 0.995 0.000 0.043 0.094 
0.998 -0.054 -0.033 0.024 0.718 0.000 -0.690 0.092 0.974 0.000 -0.052 -0.220 0.775 -0.000 -0.623 0.109 0.985 0.000 -0.053 -0.167 0.697 0.000 -0.708 0.115 0.998 0.000 0.022 0.051 0.753 -0.000 -0.653 0.085 0.994 0.000 0.045 0.097 
0.998 -0.054 -0.033 0.024 0.718 0.000 -0.690 0.093 0.974 0.000 -0.052 -0.220 0.775 0.000 -0.623 0.109 0.985 0.000 -0.052 -0.167 0.697 0.000 -0.708 0.115 0.998 0.000 0.022 0.051 0.753 0.000 -0.653 0.085 0.994 0.000 0.045 0.097 
0.998 -0.054 -0.033 0.024 0.718 0.000 -0.690 0.093 0.974 0.000 -0.052 -0.220 0.775 0.000 -0.623 0.109 0.985 0.000 -0.052 -0.167 0.697 0.000 -0.708 0.115 0.998 -0.000 0.022 0.051 0.753 0.000 -0.653 0.085 0.995 -0.000 0.043 0.095 
0.998 -0.054 -0.033 0.024 0.718 0.000 -0.690 0.092 0.974 0.000 -0.052 -0.220 0.775 0.000 -0.623 0.109 0.985 -0.000 -0.052 -0.167 0.697 0.000 -0.708 0.115 0.998 0.000 0.022 0.051 0.753 0.000 -0.653 0.085 0.995 0.000 0.043 0.094 
0.998 -0.054 -0.033 0.024 0.717 0.000 -0.690 0.092 0.974 0.000 -0.052 -0.220 0.775 0.000 -0.623 0.109 0.985 -0.000 -0.052 -0.167 0.697 -0.000 -0.708 0.115 0.998 0.000 0.022 0.051 0.753 -0.000 -0.653 0.084 0.995 0.000 0.043 0.095 
0.998 -0.054 -0.033 0.024 0.718 0.000 -0.690 0.092 0.974 0.000 -0.052 -0.220 0.775 0.000 -0.623 0.109 0.985 0.000 -0.052 -0.167 0.697 0.000 -0.708 0.115 0.998 0.000 0.022 0.051 0.753 0.000 -0.653 0.084 0.994 -0.000 0.045 0.097 
0.998 -0.054 -0.033 0.024 0.718 -0.000 -0.690 0.092 0.974 0.000 -0.052 -0.220 0.775 0.000 -0.623 0.109 0.985 0.000 -0.052 -0.167 0.697 0.000 -0.708 0.115 0.998 0.000 0.022 0.051 0.753 -0.000 -0.653 0.084 0.994 0.000 0.043 0.097 
0.998 -0.054 -0.033 0.024 0.717 -0.000 -0.690 0.092 0.974 0.000 -0.052 -0.220 0.775 0.000 -0.623 0.109 0.985 0.000 -0.052 -0.167 0.697 0.000 -0.708 0.115 0.998 -0.000 0.022 0.051 0.753 0.000 -0.652 0.084 0.995 0.000 0.043 0.094 
0.998 -0.054 -0.033 0.024 0.717 0.000 -0.690 0.092 0.974 0.000 -0.052 -0.220 0.774 -0.000 -0.623 0.109 0.984 0.000 -0.052 -0.168 0.697 -0.000 -0.708 0.115 0.998 -0.000 0.022 0.051 0.753 0.000 -0.653 0.084 0.995 0.000 0.043 0.094 
0.998 -0.054 -0.033 0.024 0.717 0.000 -0.690 0.093 0.974 0.000 -0.052 -0.220 0.775 0.000 -0.623 0.110 0.984 0.000 -0.052 -0.168 0.697 0.000 -0.708 0.115 0.998 0.000 0.022 0.051 0.753 -0.000 -0.653 0.085 0.994 0.000 0.045 0.097 
0.998 -0.054 -0.033 0.024 0.717 0.000 -0.691 0.092 0.974 0.000 -0.052 -0.220 0.775 -0.000 -0.623 0.110 0.984 0.000 -0.052 -0.168 0.697 0.000 -0.708 0.115 0.998 0.000 0.022 0.051 0.753 0.000 -0.653 0.084 0.995 -0.000 0.043 0.094 
0.998 -0.054 -0.033 0.024 0.717 0.000 -0.691 0.092 0.974 0.000 -0.052 -0.220 0.775 0.000 -0.623 0.109 0.984 0.000 -0.052 -0.168 0.697 0.000 -0.708 0.115 0.998 -0.000 0.022 0.051 0.753 0.000 -0.653 0.084 0.995 0.000 0.043 0.094 
0.998 -0.054 -0.033 0.024 0.717 0.000 -0.691 0.092 0.974 -0.000 -0.052 -0.220 0.775 0.000 -0.623 0.109 0.984 0.000 -0.052 -0.168 0.697 0.000 -0.708 0.115 0.998 0.000 0.022 0.051 0.753 0.000 -0.653 0.084 0.994 0.000 0.043 0.097 
0.998 -0.054 -0.033 0.024 0.717 0.000 -0.691 0.092 0.974 0.000 -0.052 -0.220 0.775 0.000 -0.623 0.109 0.984 0.000 -0.052 -0.168 0.697 -0.000 -0.708 0.114 0.998 0.000 0.022 0.051 0.753 0.000 -0.653 0.084 0.995 0.000 0.043 0.094 
0.998 -0.054 -0.033 0.024 0.717 0.000 -0.691 0.092 0.974 0.000 -0.052 -0.220 0.775 0.000 -0.623 0.109 0.984 0.000 -0.052 -0.168 0.697 0.000 -0.708 0.115 0.998 0.000 0.022 0.051 0.753 0.000 -0.653 0.084 0.995 0.000 0.043 0.094 
0.998 -0.054 -0.033 0.024 0.717 0.000 -0.691 0.092 0.974 0.000 -0.052 -0.220 0.775 0.000 -0.623 0.109 0.984 0.000 -0.052 -0.168 0.697 0.000 -0.708 0.114 0.998 0.000 0.022 0.051 0.753 0.000 -0.653 0.084 0.994 0.000 0.043 0.097 
0.998 -0.054 -0.033 0.024 0.717 0.000 -0.691 0.092 0.974 0.000 -0.052 -0.220 0.775 0.000 -0.623 0.109 0.985 0.000 -0.052 -0.168 0.697 0.000 -0.708 0.115 0.998 0.000 0.022 0.051 0.753 -0.000 -0.653 0.084 0.994 0.000 0.043 0.097 
0.998 -0.054 -0.033 0.024 0.717 0.000 -0.691 0.092 0.974 0.000 -0.052 -0.220 0.775 0.000 -0.623 0.109 0.985 0.000 -0.052 -0.168 0.697 -0.000 -0.708 0.114 0.998 -0.000 0.022 0.051 0.753 0.000 -0.653 0.084 0.994 -0.000 0.043 0.097 
0.998 -0.054 -0.033 0.024 0.717 0.000 -0.691 0.092 0.974 0.000 -0.052 -0.220 0.775 -0.000 -0.623 0.109 0.985 0.000 -0.052 -0.167 0.697 0.000 -0.708 0.114 0.998 0.000 0.022 0.051 0.753 0.000 -0.653 0.084 0.994 0.000 0.044 0.096 
0.998 -0.054 -0.033 0.024 0.717 0.000 -0.691 0.092 0.974 -0.000 -0.052 -0.220 0.775 -0.000 -0.623 0.109 0.985 0.000 -0.052 -0.167 0.697 0.000 -0.708 0.114 0.998 0.000 0.022 0.051 0.753 0.000 -0.653 0.084 0.994 0.000 0.044 0.096 
0.998 -0.054 -0.033 0.024 0.717 0.000 -0.691 0.092 0.974 0.000 -0.052 -0.220 0.775 0.000 -0.622 0.109 0.985 0.000 -0.052 -0.167 0.697 0.000 -0.708 0.114 0.998 0.000 0.022 0.051 0.753 0.000 -0.653 0.084 0.994 0.000 0.043 0.097 
0.998 -0.054 -0.033 0.024 0.717 0.000 -0.691 0.092 0.974 0.000 -0.052 -0.220 0.775 0.000 -0.622 0.109 0.985 0.000 -0.052 -0.167 0.697 -0.000 -0.708 0.114 0.998 0.000 0.022 0.051 0.753 -0.000 -0.653 0.084 0.995 -0.000 0.043 0.094 
0.998 -0.054 -0.033 0.024 0.717 0.000 -0.691 0.092 0.974 0.000 -0.052 -0.220 0.775 0.000 -0.622 0.109 0.985 0.000 -0.052 -0.168 0.697 0.000 -0.708 0.114 0.998 0.000 0.022 0.051 0.753 0.000 -0.653 0.084 0.995 0.000 0.042 0.094 
0.998 -0.054 -0.033 0.024 0.716 0.000 -0.691 0.092 0.974 0.000 -0.052 -0.220 0.775 0.000 -0.622 0.109 0.984 0.000 -0.051 -0.168 0.697 0.000 -0.708 0.114 0.998 -0.000 0.022 0.051 0.753 0.000 -0.653 0.084 0.995 0.000 0.043 0.094 
0.998 -0.054 -0.033 0.024 0.717 -0.000 -0.691 0.092 0.974 0.000 -0.052 -0.220 0.775 0.000 -0.622 0.109 0.984 0.000 -0.052 -0.168 0.697 0.000 -0.708 0.114 0.998 0.000 0.022 0.051 0.753 0.000 -0.653 0.084 0.995 0.000 0.043 0.094 
0.998 -0.053 -0.033 0.024 0.716 0.000 -0.691 0.093 0.974 0.000 -0.052 -0.220 0.775 0.000 -0.622 0.109 0.984 -0.000 -0.052 -0.168 0.697 0.000 -0.708 0.114 0.998 0.000 0.022 0.051 0.753 0.000 -0.653 0.084 0.995 0.000 0.043 0.094 
0.998 -0.053 -0.033 0.024 0.716 0.000 -0.692 0.092 0.974 0.000 -0.052 -0.220 0.775 0.000 -0.622 0.109 0.984 0.000 -0.051 -0.168 0.697 0.000 -0.708 0.114 0.998 0.000 0.021 0.051 0.753 0.000 -0.653 0.084 0.995 0.000 0.043 0.094 
0.998 -0.053 -0.033 0.024 0.716 0.000 -0.692 0.092 0.974 0.000 -0.052 -0.220 0.775 0.000 -0.622 0.109 0.984 0.000 -0.052 -0.168 0.697 -0.000 -0.708 0.114 0.998 0.000 0.021 0.051 0.753 0.000 -0.653 0.084 0.995 0.000 0.042 0.094 
0.998 -0.053 -0.033 0.024 0.716 0.000 -0.692 0.093 0.974 0.000 -0.052 -0.221 0.776 0.000 -0.622 0.108 0.985 0.000 -0.052 -0.168 0.697 0.000 -0.708 0.114 0.998 0.000 0.022 0.051 0.753 0.000 -0.653 0.084 0.995 0.000 0.042 0.094 
0.998 -0.053 -0.033 0.024 0.716 0.000 -0.692 0.093 0.974 0.000 -0.052 -0.221 0.775 0.000 -0.622 0.109 0.984 0.000 -0.051 -0.168 0.697 0.000 -0.708 0.114 0.998 0.000 0.022 0.051 0.753 -0.000 -0.653 0.084 0.995 0.000 0.043 0.094 
0.998 -0.053 -0.033 0.024 0.716 0.000 -0.692 0.093 0.974 0.000 -0.052 -0.221 0.775 0.000 -0.622 0.109 0.984 0.000 -0.051 -0.168 0.697 0.000 -0.708 0.114 0.998 0.000 0.022 0.051 0.753 0.000 -0.653 0.084 0.995 0.000 0.042 0.094 
0.998 -0.053 -0.033 0.024 0.716 0.000 -0.692 0.093 0.974 0.000 -0.052 -0.221 0.775 -0.000 -0.622 0.109 0.984 0.000 -0.051 -0.168 0.697 0.000 -0.708 0.114 0.998 0.000 0.022 0.051 0.753 0.000 -0.653 0.084 0.995 0.000 0.042 0.094 
0.998 -0.053 -0.033 0.024 0.716 0.000 -0.692 0.093 0.974 0.000 -0.052 -0.220 0.775 0.000 -0.622 0.108 0.984 0.000 -0.051 -0.168 0.697 -0.000 -0.708 0.114 0.998 0.000 0.022 0.051 0.753 0.000 -0.653 0.084 0.994 0.000 0.043 0.097 
0.998 -0.053 -0.033 0.024 0.716 0.000 -0.692 0.093 0.974 0.000 -0.053 -0.221 0.775 0.000 -0.622 0.108 0.984 0.000 -0.051 -0.168 0.697 0.000 -0.708 0.114 0.998 0.000 0.022 0.051 0.753 0.000 -0.653 0.084 0.995 -0.000 0.042 0.094 
0.998 -0.053 -0.033 0.024 0.716 0.000 -0.692 0.093 0.974 0.000 -0.053 -0.220 0.776 0.000 -0.622 0.109 0.984 0.000 -0.051 -0.168 0.697 0.000 -0.708 0.114 0.998 0.000 0.022 0.051 0.753 0.000 -0.653 0.084 0.994 0.000 0.042 0.097 
0.998 -0.053 -0.033 0.024 0.716 0.000 -0.692 0.093 0.974 0.000 -0.053 -0.221 0.776 0.000 -0.622 0.109 0.984 0.000 -0.051 -0.168 0.697 0.000 -0.708 0.114 0.998 0.000 0.022 0.051 0.753 0.000 -0.653 0.084 0.995 0.000 0.042 0.094 
0.998 -0.053 -0.033 0.024 0.716 -0.000 -0.692 0.093 0.974 0.000 -0.053 -0.220 0.776 0.000 -0.622 0.109 0.984 0.000 -0.051 -0.168 0.697 0.000 -0.708 0.114 0.998 0.000 0.022 0.051 0.753 0.000 -0.653 0.084 0.994 0.000 0.044 0.096 
0.998 -0.053 -0.033 0.024 0.716 0.000 -0.692 0.093 0.974 0.000 -0.053 -0.220 0.776 0.000 -0.622 0.109 0.984 -0.000 -0.051 -0.168 0.697 0.000 -0.708 0.114 0.998 -0.000 0.021 0.051 0.753 0.000 -0.653 0.084 0.995 0.000 0.042 0.094 
0.998 -0.053 -0.033 0.024 0.716 0.000 -0.692 0.093 0.974 0.000 -0.053 -0.220 0.776 0.000 -0.622 0.108 0.984 0.000 -0.051 -0.168 0.697 0.000 -0.708 0.114 0.998 0.000 0.022 0.051 0.753 0.000 -0.653 0.084 0.994 0.000 0.042 0.097 
0.998 -0.053 -0.033 0.024 0.716 0.000 -0.692 0.093 0.974 0.000 -0.053 -0.220 0.776 0.000 -0.622 0.108 0.984 0.000 -0.051 -0.168 0.697 0.000 -0.708 0.114 0.998 0.000 0.022 0.051 0.753 0.000 -0.653 0.083 0.994 -0.000 0.042 0.097 
0.998 -0.053 -0.033 0.024 0.716 0.000 -0.692 0.093 0.974 0.000 -0.053 -0.221 0.776 0.000 -0.622 0.109 0.984 0.000 -0.051 -0.168 0.697 -0.000 -0.708 0.114 0.998 0.000 0.022 0.051 0.753 0.000 -0.653 0.084 0.994 0.000 0.044 0.096 
0.998 -0.053 -0.033 0.024 0.716 0.000 -0.692 0.093 0.974 0.000 -0.053 -0.220 0.776 0.000 -0.622 0.109 0.984 0.000 -0.051 -0.168 0.697 0.000 -0.708 0.114 0.998 0.000 0.022 0.051 0.753 0.000 -0.653 0.084 0.995 0.000 0.042 0.094 
0.998 -0.053 -0.033 0.024 0.716 0.000 -0.692 0.093 0.974 -0.000 -0.053 -0.220 0.775 -0.000 -0.622 0.109 0.984 -0.000 -0.050 -0.168 0.697 0.000 -0.708 0.114 0.998 0.000 0.022 0.051 0.753 0.000 -0.653 0.084 0.994 -0.000 0.044 0.096 
0.998 -0.053 -0.033 0.024 0.716 0.000 -0.692 0.093 0.974 0.000 -0.053 -0.220 0.776 0.000 -0.622 0.109 0.984 0.000 -0.050 -0.168 0.697 -0.000 -0.708 0.114 0.998 0.000 0.021 0.051 0.753 0.000 -0.653 0.084 0.995 0.000 0.042 0.094 
0.998 -0.053 -0.032 0.024 0.715 0.000 -0.692 0.093 0.974 0.000 -0.053 -0.220 0.776 -0.000 -0.622 0.109 0.984 0.000 -0.051 -0.169 0.697 -0.000 -0.708 0.114 0.998 0.000 0.022 0.051 0.753 0.000 -0.653 0.084 0.995 0.000 0.042 0.094 
0.998 -0.053 -0.033 0.024 0.715 0.000 -0.692 0.094 0.974 0.000 -0.053 -0.220 0.776 0.000 -0.622 0.109 0.984 0.000 -0.051 -0.168 0.697 0.000 -0.708 0.114 0.998 0.000 0.022 0.051 0.753 0.000 -0.653 0.084 0.994 0.000 0.043 0.097 
0.998 -0.053 -0.032 0.024 0.716 -0.000 -0.692 0.094 0.974 0.000 -0.053 -0.220 0.776 0.000 -0.622 0.109 0.984 0.000 -0.051 -0.169 0.697 0.000 -0.708 0.114 0.998 0.000 0.022 0.051 0.753 0.000 -0.653 0.084 0.995 -0.000 0.042 0.094 
0.998 -0.053 -0.033 0.024 0.715 0.000 -0.692 0.094 0.974 0.000 -0.053 -0.220 0.776 0.000 -0.622 0.109 0.984 0.000 -0.050 -0.168 0.697 0.000 -0.708 0.114 0.998 -0.000 0.022 0.051 0.753 0.000 -0.653 0.084 0.995 0.000 0.042 0.094 
0.998 -0.053 -0.033 0.024 0.715 0.000 -0.692 0.093 0.974 -0.000 -0.053 -0.220 0.776 0.000 -0.622 0.109 0.984 0.000 -0.051 -0.169 0.697 0.000 -0.708 0.114 0.998 0.000 0.022 0.051 0.753 0.000 -0.653 0.084 0.995 0.000 0.042 0.094 
0.998 -0.053 -0.033 0.024 0.715 0.000 -0.693 0.093 0.974 -0.000 -0.053 -0.220 0.776 0.000 -0.622 0.109 0.984 0.000 -0.051 -0.168 0.697 0.000 -0.708 0.114 0.998 0.000 0.022 0.051 0.753 -0.000 -0.653 0.084 0.995 -0.000 0.042 0.094 
0.998 -0.053 -0.033 0.024 0.715 -0.000 -0.693 0.093 0.974 0.000 -0.053 -0.220 0.776 0.000 -0.622 0.109 0.984 0.000 -0.051 -0.169 0.697 0.000 -0.708 0.114 0.998 0.000 0.022 0.051 0.753 0.000 -0.653 0.083 0.994 0.000 0.044 0.097 
0.998 -0.053 -0.032 0.024 0.715 -0.000 -0.692 0.094 0.974 0.000 -0.053 -0.220 0.776 -0.000 -0.622 0.109 0.984 -0.000 -0.051 -0.169 0.697 -0.000 -0.708 0.114 0.998 -0.000 0.022 0.051 0.753 0.000 -0.653 0.083 0.995 -0.000 0.042 0.094 
0.998 -0.053 -0.032 0.024 0.715 0.000 -0.692 0.094 0.974 0.000 -0.053 -0.220 0.775 0.000 -0.622 0.109 0.984 0.000 -0.050 -0.168 0.697 0.000 -0.708 0.114 0.998 0.000 0.022 0.051 0.753 0.000 -0.653 0.084 0.995 0.000 0.042 0.094 
0.998 -0.053 -0.033 0.024 0.715 -0.000 -0.693 0.094 0.974 -0.000 -0.053 -0.220 0.776 0.000 -0.622 0.109 0.984 0.000 -0.050 -0.169 0.697 0.000 -0.708 0.114 0.998 0.000 0.022 0.051 0.753 0.000 -0.653 0.083 0.994 0.000 0.044 0.096 
0.998 -0.053 -0.033 0.024 0.715 0.000 -0.693 0.094 0.974 0.000 -0.053 -0.220 0.776 0.000 -0.622 0.109 0.984 0.000 -0.051 -0.168 0.697 0.000 -0.708 0.114 0.998 0.000 0.022 0.051 0.753 0.000 -0.653 0.084 0.995 0.000 0.042 0.094 
0.998 -0.053 -0.033 0.024 0.715 0.000 -0.693 0.094 0.974 -0.000 -0.053 -0.220 0.776 0.000 -0.622 0.110 0.984 0.000 -0.051 -0.168 0.697 0.000 -0.708 0.114 0.998 0.000 0.022 0.051 0.753 0.000 -0.653 0.084 0.994 0.000 0.042 0.097 
0.998 -0.053 -0.033 0.024 0.715 0.000 -0.693 0.094 0.974 0.000 -0.053 -0.220 0.775 0.000 -0.622 0.110 0.984 0.000 -0.050 -0.168 0.697 0.000 -0.708 0.114 0.998 0.000 0.022 0.051 0.753 0.000 -0.653 0.083 0.994 0.000 0.043 0.097 
0.998 -0.053 -0.032 0.024 0.715 0.000 -0.693 0.094 0.974 0.000 -0.053 -0.219 0.775 0.000 -0.622 0.110 0.984 0.000 -0.050 -0.168 0.697 0.000 -0.708 0.114 0.998 0.000 0.022 0.051 0.753 0.000 -0.653 0.084 0.995 0.000 0.042 0.094 
0.998 -0.053 -0.032 0.024 0.715 0.000 -0.693 0.094 0.974 0.000 -0.053 -0.220 0.775 0.000 -0.622 0.110 0.984 0.000 -0.050 -0.168 0.697 0.000 -0.708 0.114 0.998 0.000 0.022 0.051 0.753 0.000 -0.653 0.084 0.995 -0.000 0.042 0.094 
0.998 -0.053 -0.032 0.024 0.715 -0.000 -0.693 0.094 0.974 0.000 -0.053 -0.220 0.775 0.000 -0.622 0.110 0.984 0.000 -0.051 -0.168 0.697 0.000 -0.708 0.114 0.998 0.000 0.022 0.051 0.753 0.000 -0.653 0.083 0.994 0.000 0.042 0.097 
0.998 -0.053 -0.032 0.024 0.715 0.000 -0.693 0.094 0.974 0.000 -0.053 -0.220 0.775 0.000 -0.622 0.110 0.985 0.000 -0.050 -0.168 0.697 -0.000 -0.708 0.114 0.998 0.000 0.022 0.051 0.753 0.000 -0.653 0.083 0.994 0.000 0.044 0.097 
0.998 -0.053 -0.032 0.024 0.715 0.000 -0.692 0.094 0.974 0.000 -0.054 -0.220 0.775 0.000 -0.622 0.110 0.984 0.000 -0.050 -0.168 0.697 0.000 -0.708 0.114 0.998 0.000 0.022 0.051 0.753 -0.000 -0.653 0.084 0.994 -0.000 0.042 0.097 
0.998 -0.053 -0.032 0.024 0.715 -0.000 -0.693 0.094 0.974 0.000 -0.053 -0.219 0.775 0.000 -0.622 0.110 0.984 0.000 -0.050 -0.168 0.697 0.000 -0.708 0.114 0.998 -0.000 0.022 0.051 0.753 0.000 -0.653 0.084 0.995 0.000 0.042 0.094 
0.998 -0.053 -0.032 0.024 0.715 0.000 -0.693 0.094 0.974 0.000 -0.053 -0.219 0.775 0.000 -0.622 0.110 0.985 0.000 -0.050 -0.168 0.697 0.000 -0.708 0.114 0.998 -0.000 0.022 0.051 0.753 0.000 -0.653 0.083 0.994 0.000 0.043 0.097 
0.998 -0.053 -0.032 0.024 0.715 0.000 -0.693 0.094 0.974 0.000 -0.054 -0.219 0.775 -0.000 -0.622 0.110 0.985 0.000 -0.050 -0.168 0.697 0.000 -0.708 0.114 0.998 0.000 0.022 0.051 0.753 -0.000 -0.653 0.083 0.995 0.000 0.042 0.094 
0.998 -0.053 -0.032 0.024 0.715 -0.000 -0.693 0.094 0.974 0.000 -0.053 -0.220 0.775 0.000 -0.622 0.110 0.984 0.000 -0.052 -0.169 0.697 0.000 -0.708 0.114 0.998 0.000 0.022 0.051 0.753 -0.000 -0.653 0.083 0.995 0.000 0.042 0.094 
0.998 -0.053 -0.032 0.024 0.715 -0.000 -0.692 0.094 0.974 -0.000 -0.054 -0.219 0.775 0.000 -0.622 0.110 0.984 -0.000 -0.051 -0.170 0.697 0.000 -0.708 0.114 0.998 0.000 0.022 0.051 0.753 0.000 -0.653 0.083 0.995 0.000 0.042 0.094 
0.998 -0.053 -0.032 0.024 0.715 0.000 -0.693 0.094 0.974 0.000 -0.054 -0.219 0.775 0.000 -0.622 0.110 0.984 0.000 -0.051 -0.170 0.697 0.000 -0.708 0.114 0.998 0.000 0.022 0.051 0.753 -0.000 -0.653 0.083 0.995 0.000 0.042 0.094 
0.998 -0.053 -0.032 0.024 0.715 0.000 -0.693 0.094 0.974 0.000 -0.054 -0.219 0.775 0.000 -0.622 0.110 0.984 -0.000 -0.051 -0.170 0.697 0.000 -0.708 0.114 0.998 -0.000 0.022 0.051 0.753 0.000 -0.653 0.083 0.995 -0.000 0.042 0.094 
0.998 -0.053 -0.032 0.024 0.715 0.000 -0.693 0.094 0.974 0.000 -0.054 -0.219 0.775 0.000 -0.622 0.111 0.984 0.000 -0.051 -0.170 0.697 0.000 -0.708 0.114 0.998 0.000 0.022 0.051 0.753 0.000 -0.653 0.083 0.994 0.000 0.044 0.097 
0.998 -0.053 -0.032 0.024 0.715 -0.000 -0.693 0.094 0.974 0.000 -0.054 -0.219 0.775 0.000 -0.622 0.111 0.984 0.000 -0.051 -0.170 0.697 0.000 -0.708 0.114 0.998 -0.000 0.022 0.051 0.753 0.000 -0.653 0.083 0.994 -0.000 0.042 0.097 
0.998 -0.053 -0.032 0.025 0.715 0.000 -0.693 0.094 0.974 0.000 -0.054 -0.219 0.775 0.000 -0.622 0.111 0.984 0.000 -0.051 -0.169 0.697 0.000 -0.708 0.114 0.998 0.000 0.022 0.051 0.753 0.000 -0.653 0.083 0.995 0.000 0.042 0.094 
0.998 -0.053 -0.032 0.024 0.715 0.000 -0.693 0.095 0.974 0.000 -0.054 -0.220 0.775 -0.000 -0.622 0.111 0.984 0.000 -0.052 -0.170 0.697 -0.000 -0.708 0.114 0.998 0.000 0.022 0.051 0.753 0.000 -0.653 0.083 0.995 -0.000 0.042 0.094 
0.998 -0.053 -0.032 0.025 0.715 -0.000 -0.693 0.095 0.974 0.000 -0.054 -0.219 0.775 -0.000 -0.622 0.111 0.984 0.000 -0.052 -0.170 0.697 -0.000 -0.708 0.114 0.998 0.000 0.022 0.051 0.753 0.000 -0.653 0.083 0.995 0.000 0.042 0.094 
0.998 -0.053 -0.032 0.025 0.715 0.000 -0.693 0.095 0.974 0.000 -0.054 -0.220 0.775 0.000 -0.622 0.111 0.984 0.000 -0.051 -0.170 0.697 0.000 -0.708 0.114 0.998 -0.000 0.022 0.051 0.753 0.000 -0.653 0.083 0.995 0.000 0.042 0.094 
0.998 -0.053 -0.032 0.025 0.715 0.000 -0.693 0.095 0.974 0.000 -0.054 -0.219 0.775 0.000 -0.622 0.111 0.984 0.000 -0.051 -0.170 0.697 0.000 -0.708 0.114 0.998 0.000 0.022 0.051 0.753 0.000 -0.653 0.083 0.995 -0.000 0.042 0.094 
0.998 -0.053 -0.032 0.025 0.715 -0.000 -0.693 0.095 0.974 0.000 -0.054 -0.220 0.775 0.000 -0.622 0.111 0.984 -0.000 -0.052 -0.170 0.697 0.000 -0.708 0.114 0.998 0.000 0.022 0.051 0.753 0.000 -0.653 0.083 0.995 -0.000 0.042 0.094 
0.998 -0.053 -0.032 0.024 0.715 0.000 -0.693 0.095 0.974 0.000 -0.055 -0.219 0.775 0.000 -0.622 0.111 0.984 0.000 -0.051 -0.170 0.697 0.000 -0.708 0.114 0.998 0.000 0.022 0.051 0.753 0.000 -0.653 0.083 0.994 0.000 0.043 0.097 
0.998 -0.053 -0.032 0.025 0.715 -0.000 -0.693 0.095 0.974 0.000 -0.054 -0.220 0.775 0.000 -0.622 0.111 0.984 0.000 -0.051 -0.170 0.697 0.000 -0.708 0.114 0.998 0.000 0.022 0.051 0.753 0.000 -0.653 0.083 0.994 0.000 0.043 0.097 
0.998 -0.053 -0.032 0.025 0.715 0.000 -0.693 0.095 0.974 0.000 -0.054 -0.220 0.775 -0.000 -0.622 0.111 0.984 0.000 -0.051 -0.170 0.697 0.000 -0.708 0.114 0.998 0.000 0.022 0.051 0.753 0.000 -0.653 0.083 0.995 0.000 0.043 0.094 
0.998 -0.053 -0.032 0.025 0.715 0.000 -0.693 0.095 0.974 0.000 -0.054 -0.220 0.775 0.000 -0.622 0.111 0.984 0.000 -0.051 -0.170 0.697 0.000 -0.708 0.114 0.998 0.000 0.022 0.051 0.753 0.000 -0.653 0.083 0.995 0.000 0.043 0.094 
0.998 -0.053 -0.032 0.025 0.715 0.000 -0.693 0.095 0.974 -0.000 -0.054 -0.220 0.775 0.000 -0.622 0.111 0.984 0.000 -0.051 -0.170 0.697 -0.000 -0.708 0.114 0.998 0.000 0.022 0.051 0.753 0.000 -0.653 0.083 0.994 0.000 0.043 0.097 
0.998 -0.053 -0.032 0.025 0.715 -0.000 -0.693 0.095 0.974 -0.000 -0.054 -0.220 0.775 0.000 -0.622 0.112 0.984 -0.000 -0.051 -0.170 0.697 0.000 -0.708 0.114 0.998 0.000 0.022 0.051 0.753 0.000 -0.653 0.084 0.994 0.000 0.043 0.097 
0.998 -0.053 -0.032 0.025 0.715 0.000 -0.693 0.095 0.974 0.000 -0.054 -0.220 0.775 0.000 -0.622 0.112 0.984 0.000 -0.052 -0.170 0.697 -0.000 -0.708 0.114 0.998 0.000 0.022 0.051 0.753 -0.000 -0.653 0.083 0.995 0.000 0.042 0.094 
0.998 -0.053 -0.032 0.025 0.715 0.000 -0.693 0.095 0.974 0.000 -0.054 -0.220 0.775 0.000 -0.623 0.112 0.984 0.000 -0.051 -0.170 0.697 0.000 -0.708 0.114 0.998 0.000 0.022 0.051 0.753 0.000 -0.653 0.084 0.995 -0.000 0.042 0.094 
0.998 -0.053 -0.033 0.025 0.715 -0.000 -0.693 0.095 0.974 0.000 -0.054 -0.220 0.775 0.000 -0.622 0.112 0.984 0.000 -0.051 -0.170 0.697 0.000 -0.708 0.114 0.998 0.000 0.022 0.051 0.753 -0.000 -0.653 0.083 0.994 0.000 0.045 0.096 
0.998 -0.053 -0.032 0.025 0.715 0.000 -0.693 0.095 0.974 0.000 -0.054 -0.220 0.775 0.000 -0.622 0.112 0.984 0.000 -0.051 -0.170 0.697 0.000 -0.708 0.114 0.998 0.000 0.022 0.051 0.753 0.000 -0.653 0.083 0.995 -0.000 0.043 0.094 
0.998 -0.053 -0.032 0.025 0.715 0.000 -0.693 0.095 0.974 0.000 -0.054 -0.220 0.775 0.000 -0.623 0.112 0.984 0.000 -0.051 -0.170 0.697 0.000 -0.708 0.114 0.998 0.000 0.022 0.051 0.753 0.000 -0.653 0.084 0.995 0.000 0.043 0.094 
0.998 -0.053 -0.032 0.025 0.715 -0.000 -0.693 0.095 0.974 0.000 -0.054 -0.221 0.775 0.000 -0.622 0.112 0.984 0.000 -0.051 -0.170 0.697 0.000 -0.708 0.115 0.998 0.000 0.022 0.051 0.753 0.000 -0.653 0.084 0.995 0.000 0.043 0.094 
0.998 -0.053 -0.032 0.025 0.715 0.000 -0.693 0.095 0.974 0.000 -0.054 -0.221 0.775 0.000 -0.622 0.112 0.984 -0.000 -0.051 -0.169 0.697 0.000 -0.708 0.115 0.998 0.000 0.022 0.051 0.753 0.000 -0.653 0.084 0.994 0.000 0.043 0.097 
0.998 -0.053 -0.032 0.025 0.715 0.000 -0.693 0.095 0.974 0.000 -0.054 -0.221 0.775 0.000 -0.622 0.112 0.984 0.000 -0.051 -0.170 0.697 0.000 -0.708 0.115 0.998 0.000 0.022 0.051 0.753 0.000 -0.653 0.084 0.994 0.000 0.043 0.097 
0.998 -0.053 -0.032 0.025 0.715 0.000 -0.693 0.095 0.974 -0.000 -0.054 -0.221 0.775 0.000 -0.622 0.112 0.984 0.000 -0.051 -0.170 0.697 0.000 -0.708 0.115 0.998 0.000 0.022 0.051 0.753 0.000 -0.653 0.084 0.994 0.000 0.043 0.097 
0.998 -0.053 -0.032 0.025 0.715 0.000 -0.693 0.095 0.974 0.000 -0.054 -0.221 0.775 0.000 -0.623 0.112 0.984 0.000 -0.051 -0.170 0.697 -0.000 -0.708 0.115 0.998 0.000 0.022 0.051 0.753 0.000 -0.653 0.084 0.995 0.000 0.043 0.094 
0.998 -0.053 -0.032 0.025 0.715 0.000 -0.693 0.095 0.974 0.000 -0.054 -0.221 0.774 0.000 -0.623 0.112 0.984 0.000 -0.051 -0.170 0.697 0.000 -0.708 0.114 0.998 0.000 0.022 0.051 0.753 0.000 -0.653 0.084 0.995 0.000 0.042 0.094 
0.998 -0.053 -0.032 0.025 0.715 0.000 -0.693 0.095 0.974 0.000 -0.054 -0.221 0.774 0.000 -0.623 0.112 0.984 0.000 -0.051 -0.170 0.697 0.000 -0.708 0.115 0.998 0.000 0.022 0.051 0.753 0.000 -0.653 0.084 0.994 0.000 0.043 0.097 
0.998 -0.053 -0.032 0.025 0.715 0.000 -0.693 0.095 0.974 -0.000 -0.054 -0.221 0.774 0.000 -0.623 0.112 0.984 0.000 -0.051 -0.170 0.697 0.000 -0.708 0.115 0.998 0.000 0.022 0.051 0.753 0.000 -0.653 0.084 0.995 0.000 0.043 0.094 
0.998 -0.053 -0.032 0.025 0.714 0.000 -0.693 0.095 0.974 0.000 -0.054 -0.221 0.774 0.000 -0.623 0.112 0.984 0.000 -0.051 -0.170 0.697 0.000 -0.708 0.115 0.998 0.000 0.022 0.051 0.753 -0.000 -0.653 0.084 0.995 0.000 0.043 0.094 
0.998 -0.053 -0.032 0.025 0.715 0.000 -0.693 0.095 0.974 -0.000 -0.054 -0.221 0.774 0.000 -0.623 0.112 0.984 0.000 -0.051 -0.170 0.697 0.000 -0.708 0.115 0.998 0.000 0.022 0.051 0.753 -0.000 -0.653 0.084 0.995 0.000 0.043 0.094 
0.998 -0.053 -0.032 0.025 0.715 -0.000 -0.693 0.095 0.974 0.000 -0.054 -0.221 0.774 0.000 -0.623 0.112 0.984 0.000 -0.051 -0.170 0.697 0.000 -0.708 0.115 0.998 -0.000 0.022 0.051 0.753 0.000 -0.653 0.084 0.995 0.000 0.043 0.094 
0.998 -0.053 -0.032 0.025 0.715 0.000 -0.693 0.095 0.974 0.000 -0.054 -0.221 0.774 0.000 -0.623 0.112 0.984 0.000 -0.051 -0.170 0.697 0.000 -0.708 0.115 0.998 -0.000 0.022 0.051 0.753 0.000 -0.653 0.084 0.995 0.000 0.043 0.094 
0.998 -0.053 -0.032 0.025 0.715 0.000 -0.693 0.095 0.974 0.000 -0.054 -0.221 0.774 0.000 -0.623 0.112 0.984 0.000 -0.051 -0.170 0.697 -0.000 -0.708 0.115 0.998 0.000 0.022 0.051 0.753 0.000 -0.653 0.084 0.995 0.000 0.043 0.094 
0.998 -0.053 -0.032 0.025 0.715 0.000 -0.693 0.095 0.974 0.000 -0.054 -0.221 0.774 0.000 -0.623 0.112 0.984 0.000 -0.051 -0.170 0.697 -0.000 -0.708 0.115 0.998 0.000 0.022 0.051 0.753 0.000 -0.653 0.084 0.994 0.000 0.043 0.097 
0.998 -0.053 -0.032 0.025 0.715 0.000 -0.693 0.095 0.974 -0.000 -0.054 -0.221 0.774 -0.000 -0.623 0.112 0.984 0.000 -0.051 -0.170 0.697 0.000 -0.708 0.115 0.998 0.000 0.022 0.051 0.753 0.000 -0.653 0.084 0.994 -0.000 0.044 0.096 
0.998 -0.053 -0.032 0.025 0.715 -0.000 -0.693 0.095 0.974 0.000 -0.054 -0.221 0.774 0.000 -0.623 0.112 0.984 0.000 -0.051 -0.170 0.697 -0.000 -0.708 0.115 0.998 0.000 0.022 0.051 0.753 0.000 -0.653 0.084 0.995 0.000 0.043 0.094 
0.998 -0.053 -0.032 0.025 0.715 0.000 -0.693 0.094 0.974 0.000 -0.054 -0.221 0.774 0.000 -0.623 0.112 0.984 0.000 -0.051 -0.170 0.697 0.000 -0.708 0.115 0.998 0.000 0.022 0.052 0.753 0.000 -0.653 0.084 0.995 -0.000 0.043 0.094 
0.998 -0.053 -0.032 0.025 0.715 0.000 -0.693 0.094 0.974 -0.000 -0.054 -0.221 0.774 0.000 -0.623 0.112 0.984 0.000 -0.051 -0.170 0.697 0.000 -0.708 0.115 0.998 0.000 0.022 0.051 0.753 -0.000 -0.653 0.084 0.995 0.000 0.043 0.094 
0.998 -0.053 -0.032 0.025 0.715 0.000 -0.693 0.094 0.974 0.000 -0.054 -0.220 0.774 0.000 -0.623 0.112 0.984 0.000 -0.051 -0.170 0.697 0.000 -0.708 0.115 0.998 0.000 0.022 0.051 0.753 0.000 -0.653 0.084 0.995 0.000 0.043 0.094 
0.998 -0.053 -0.032 0.025 0.715 0.000 -0.693 0.094 0.974 0.000 -0.054 -0.221 0.774 0.000 -0.623 0.112 0.984 0.000 -0.051 -0.170 0.697 0.000 -0.708 0.115 0.998 -0.000 0.022 0.051 0.753 0.000 -0.653 0.084 0.995 0.000 0.043 0.094 
0.998 -0.053 -0.032 0.025 0.715 0.000 -0.693 0.095 0.974 0.000 -0.054 -0.221 0.774 0.000 -0.623 0.112 0.984 0.000 -0.051 -0.170 0.697 -0.000 -0.707 0.115 0.998 0.000 0.022 0.051 0.753 0.000 -0.653 0.085 0.995 0.000 0.043 0.094 
0.998 -0.053 -0.032 0.025 0.715 0.000 -0.693 0.095 0.974 -0.000 -0.054 -0.221 0.774 0.000 -0.623 0.112 0.984 0.000 -0.050 -0.170 0.697 0.000 -0.707 0.115 0.998 -0.000 0.022 0.051 0.753 0.000 -0.653 0.084 0.995 0.000 0.043 0.094 
0.998 -0.053 -0.032 0.025 0.715 0.000 -0.693 0.094 0.974 0.000 -0.054 -0.220 0.774 0.000 -0.623 0.112 0.984 0.000 -0.050 -0.170 0.697 0.000 -0.708 0.115 0.998 0.000 0.022 0.051 0.753 0.000 -0.653 0.085 0.995 0.000 0.043 0.094 
0.998 -0.053 -0.032 0.025 0.715 0.000 -0.693 0.094 0.974 0.000 -0.054 -0.220 0.774 0.000 -0.623 0.112 0.984 0.000 -0.050 -0.170 0.697 -0.000 -0.708 0.115 0.998 0.000 0.022 0.051 0.753 0.000 -0.653 0.085 0.994 -0.000 0.043 0.097 
0.998 -0.053 -0.032 0.025 0.715 0.000 -0.693 0.094 0.974 -0.000 -0.054 -0.221 0.774 -0.000 -0.623 0.112 0.984 0.000 -0.051 -0.170 0.697 0.000 -0.707 0.115 0.998 0.000 0.022 0.051 0.753 0.000 -0.653 0.085 0.994 0.000 0.043 0.097 
0.998 -0.053 -0.032 0.025 0.715 0.000 -0.693 0.094 0.974 0.000 -0.054 -0.220 0.774 0.000 -0.623 0.112 0.984 0.000 -0.051 -0.170 0.697 0.000 -0.707 0.115 0.998 0.000 0.022 0.051 0.753 -0.000 -0.653 0.085 0.995 0.000 0.043 0.094 
0.998 -0.054 -0.032 0.025 0.715 -0.000 -0.693 0.095 0.974 0.000 -0.054 -0.220 0.774 0.000 -0.623 0.111 0.984 0.000 -0.050 -0.170 0.697 0.000 -0.707 0.116 0.998 0.000 0.022 0.051 0.753 0.000 -0.653 0.085 0.995 -0.000 0.043 0.094 
0.998 -0.054 -0.032 0.025 0.715 0.000 -0.693 0.095 0.974 0.000 -0.054 -0.220 0.774 0.000 -0.623 0.111 0.984 0.000 -0.050 -0.170 0.697 0.000 -0.707 0.116 0.998 -0.000 0.022 0.051 0.753 0.000 -0.653 0.085 0.995 0.000 0.043 0.094 
0.998 -0.054 -0.032 0.025 0.715 0.000 -0.693 0.095 0.974 -0.000 -0.054 -0.220 0.774 0.000 -0.623 0.111 0.984 0.000 -0.051 -0.170 0.697 -0.000 -0.707 0.116 0.998 0.000 0.022 0.051 0.753 0.000 -0.653 0.085 0.995 -0.000 0.043 0.094 
0.998 -0.054 -0.032 0.025 0.715 0.000 -0.693 0.095 0.974 0.000 -0.053 -0.220 0.774 0.000 -0.623 0.111 0.984 0.000 -0.051 -0.170 0.697 0.000 -0.707 0.116 0.998 0.000 0.022 0.051 0.753 0.000 -0.653 0.085 0.995 0.000 0.043 0.094 
0.998 -0.054 -0.032 0.025 0.715 0.000 -0.693 0.095 0.974 -0.000 -0.054 -0.220 0.774 -0.000 -0.623 0.111 0.984 0.000 -0.051 -0.170 0.697 0.000 -0.707 0.116 0.998 -0.000 0.022 0.051 0.753 0.000 -0.653 0.085 0.994 -0.000 0.043 0.096 
0.998 -0.054 -0.032 0.025 0.715 -0.000 -0.692 0.095 0.974 -0.000 -0.054 -0.220 0.774 0.000 -0.623 0.111 0.984 0.000 -0.050 -0.170 0.697 0.000 -0.707 0.116 0.998 0.000 0.022 0.051 0.753 0.000 -0.653 0.085 0.995 0.000 0.043 0.094 
0.998 -0.054 -0.032 0.025 0.715 0.000 -0.692 0.095 0.974 0.000 -0.054 -0.220 0.774 0.000 -0.623 0.111 0.984 0.000 -0.051 -0.170 0.697 0.000 -0.707 0.116 0.998 0.000 0.022 0.051 0.753 0.000 -0.653 0.085 0.995 0.000 0.043 0.094 
0.998 -0.054 -0.032 0.025 0.715 0.000 -0.693 0.095 0.974 0.000 -0.053 -0.220 0.774 0.000 -0.623 0.111 0.984 0.000 -0.050 -0.170 0.697 0.000 -0.707 0.116 0.998 0.000 0.022 0.051 0.753 0.000 -0.653 0.085 0.995 0.000 0.043 0.094 
0.998 -0.054 -0.032 0.025 0.715 0.000 -0.692 0.095 0.974 0.000 -0.053 -0.221 0.774 0.000 -0.623 0.111 0.984 0.000 -0.051 -0.170 0.697 0.000 -0.707 0.116 0.998 0.000 0.022 0.051 0.753 -0.000 -0.653 0.085 0.994 -0.000 0.043 0.097 
0.998 -0.054 -0.032 0.025 0.715 0.000 -0.692 0.095 0.974 0.000 -0.053 -0.220 0.774 0.000 -0.623 0.111 0.984 0.000 -0.050 -0.170 0.697 0.000 -0.707 0.117 0.998 0.000 0.022 0.051 0.753 0.000 -0.653 0.086 0.994 0.000 0.043 0.096 
0.998 -0.054 -0.032 0.025 0.715 0.000 -0.692 0.095 0.974 0.000 -0.053 -0.220 0.774 -0.000 -0.623 0.111 0.984 0.000 -0.050 -0.170 0.697 0.000 -0.707 0.117 0.998 0.000 0.022 0.051 0.753 0.000 -0.653 0.086 0.995 -0.000 0.043 0.094 
0.998 -0.054 -0.032 0.025 0.715 -0.000 -0.692 0.095 0.974 0.000 -0.053 -0.221 0.774 0.000 -0.623 0.111 0.984 0.000 -0.050 -0.170 0.697 0.000 -0.707 0.117 0.998 0.000 0.022 0.051 0.753 0.000 -0.653 0.086 0.994 -0.000 0.043 0.096 
0.998 -0.054 -0.032 0.025 0.715 0.000 -0.692 0.095 0.974 0.000 -0.054 -0.221 0.774 0.000 -0.623 0.111 0.984 0.000 -0.051 -0.170 0.697 -0.000 -0.707 0.117 0.998 0.000 0.022 0.051 0.753 0.000 -0.653 0.086 0.995 0.000 0.043 0.094 
0.998 -0.054 -0.032 0.025 0.715 0.000 -0.692 0.095 0.974 0.000 -0.054 -0.220 0.774 0.000 -0.623 0.111 0.984 0.000 -0.051 -0.170 0.697 0.000 -0.707 0.117 0.998 0.000 0.022 0.051 0.753 0.000 -0.653 0.086 0.995 0.000 0.043 0.094 
0.998 -0.054 -0.032 0.025 0.715 0.000 -0.692 0.095 0.974 0.000 -0.053 -0.220 0.774 0.000 -0.623 0.111 0.984 0.000 -0.051 -0.170 0.697 -0.000 -0.707 0.117 0.998 0.000 0.022 0.051 0.753 -0.000 -0.653 0.086 0.995 0.000 0.043 0.094 
0.998 -0.054 -0.032 0.025 0.715 0.000 -0.692 0.095 0.974 0.000 -0.053 -0.220 0.774 0.000 -0.623 0.110 0.984 0.000 -0.051 -0.170 0.697 0.000 -0.707 0.117 0.998 0.000 0.023 0.051 0.753 0.000 -0.653 0.086 0.995 0.000 0.043 0.094 
0.998 -0.054 -0.033 0.028 0.715 0.000 -0.693 0.094 0.974 0.000 -0.052 -0.221 0.775 -0.000 -0.623 0.109 0.984 0.000 -0.051 -0.170 0.697 0.000 -0.708 0.116 0.998 0.000 0.022 0.051 0.754 0.000 -0.651 0.082 0.995 0.000 0.041 0.096 
0.998 -0.055 -0.032 0.025 0.715 -0.000 -0.693 0.095 0.974 0.000 -0.053 -0.220 0.774 0.000 -0.623 0.110 0.984 0.000 -0.051 -0.170 0.697 0.000 -0.707 0.117 0.998 0.000 0.022 0.052 0.753 -0.000 -0.653 0.086 0.995 -0.000 0.043 0.094 
0.998 -0.055 -0.032 0.025 0.715 0.000 -0.693 0.095 0.974 0.000 -0.053 -0.220 0.774 0.000 -0.623 0.110 0.984 0.000 -0.051 -0.170 0.697 0.000 -0.707 0.117 0.998 0.000 0.022 0.051 0.753 0.000 -0.653 0.086 0.995 0.000 0.043 0.094 
0.998 -0.055 -0.032 0.025 0.715 0.000 -0.693 0.095 0.974 0.000 -0.053 -0.220 0.774 0.000 -0.623 0.110 0.984 0.000 -0.051 -0.170 0.697 -0.000 -0.707 0.117 0.998 0.000 0.022 0.051 0.753 0.000 -0.653 0.086 0.995 0.000 0.043 0.094 
0.998 -0.055 -0.032 0.025 0.715 0.000 -0.693 0.095 0.974 0.000 -0.053 -0.220 0.774 -0.000 -0.623 0.110 0.984 0.000 -0.051 -0.169 0.697 0.000 -0.707 0.117 0.998 -0.000 0.022 0.051 0.753 0.000 -0.653 0.086 0.995 0.000 0.043 0.094 
0.998 -0.055 -0.032 0.025 0.715 0.000 -0.693 0.095 0.974 -0.000 -0.053 -0.220 0.774 0.000 -0.623 0.110 0.984 0.000 -0.051 -0.170 0.697 0.000 -0.707 0.117 0.998 -0.000 0.022 0.051 0.753 0.000 -0.653 0.087 0.995 0.000 0.043 0.094 
0.998 -0.055 -0.032 0.025 0.715 0.000 -0.693 0.095 0.974 0.000 -0.053 -0.220 0.774 0.000 -0.623 0.110 0.984 0.000 -0.051 -0.169 0.697 0.000 -0.707 0.118 0.998 0.000 0.022 0.051 0.753 0.000 -0.653 0.087 0.994 0.000 0.045 0.096 
0.998 -0.055 -0.033 0.025 0.715 -0.000 -0.693 0.095 0.974 -0.000 -0.053 -0.220 0.774 0.000 -0.623 0.110 0.984 -0.000 -0.050 -0.169 0.697 0.000 -0.707 0.117 0.998 0.000 0.022 0.051 0.753 0.000 -0.653 0.087 0.995 0.000 0.043 0.094 
0.998 -0.055 -0.033 0.025 0.715 -0.000 -0.693 0.095 0.974 0.000 -0.054 -0.221 0.774 -0.000 -0.623 0.110 0.984 0.000 -0.051 -0.169 0.697 0.000 -0.707 0.118 0.998 0.000 0.023 0.051 0.753 -0.000 -0.653 0.087 0.995 0.000 0.043 0.094 
0.998 -0.055 -0.032 0.025 0.715 0.000 -0.693 0.095 0.974 0.000 -0.054 -0.220 0.774 0.000 -0.623 0.110 0.984 0.000 -0.050 -0.169 0.697 0.000 -0.707 0.118 0.998 -0.000 0.022 0.051 0.753 0.000 -0.653 0.087 0.995 0.000 0.043 0.094 
0.998 -0.055 -0.033 0.025 0.715 0.000 -0.693 0.095 0.974 0.000 -0.054 -0.221 0.774 0.000 -0.623 0.110 0.984 0.000 -0.051 -0.169 0.697 -0.000 -0.707 0.118 0.998 0.000 0.022 0.051 0.753 0.000 -0.653 0.087 0.995 0.000 0.043 0.094 
0.998 -0.055 -0.033 0.025 0.715 -0.000 -0.693 0.095 0.974 0.000 -0.053 -0.220 0.774 -0.000 -0.623 0.110 0.984 0.000 -0.051 -0.169 0.697 0.000 -0.707 0.118 0.998 0.000 0.022 0.051 0.753 0.000 -0.653 0.087 0.995 0.000 0.043 0.094 
0.998 -0.055 -0.033 0.025 0.715 -0.000 -0.693 0.095 0.974 0.000 -0.054 -0.220 0.774 0.000 -0.623 0.110 0.984 0.000 -0.051 -0.170 0.697 -0.000 -0.707 0.118 0.998 0.000 0.022 0.051 0.753 0.000 -0.653 0.087 0.994 0.000 0.043 0.097 
0.998 -0.054 -0.033 0.028 0.714 0.000 -0.693 0.094 0.974 0.000 -0.052 -0.221 0.775 -0.000 -0.623 0.109 0.984 0.000 -0.051 -0.169 0.697 0.000 -0.708 0.117 0.998 -0.000 0.022 0.051 0.754 0.000 -0.651 0.083 0.994 -0.000 0.042 0.096 
0.998 -0.055 -0.032 0.025 0.715 0.000 -0.693 0.095 0.974 0.000 -0.054 -0.220 0.774 0.000 -0.623 0.110 0.984 0.000 -0.051 -0.170 0.697 0.000 -0.707 0.118 0.998 0.000 0.022 0.051 0.753 -0.000 -0.653 0.087 0.995 0.000 0.043 0.094 
0.998 -0.055 -0.032 0.025 0.715 0.000 -0.693 0.094 0.974 0.000 -0.054 -0.220 0.774 0.000 -0.623 0.110 0.984 0.000 -0.051 -0.170 0.697 0.000 -0.707 0.118 0.998 0.000 0.022 0.051 0.753 -0.000 -0.653 0.087 0.995 0.000 0.043 0.094 
0.998 -0.055 -0.032 0.025 0.715 0.000 -0.693 0.094 0.974 0.000 -0.053 -0.220 0.774 0.000 -0.623 0.110 0.984 0.000 -0.051 -0.170 0.697 0.000 -0.707 0.118 0.998 0.000 0.022 0.051 0.753 0.000 -0.653 0.087 0.994 0.000 0.043 0.096 
0.998 -0.055 -0.032 0.025 0.715 0.000 -0.693 0.094 0.974 0.000 -0.053 -0.220 0.774 0.000 -0.623 0.110 0.984 0.000 -0.051 -0.170 0.697 0.000 -0.707 0.118 0.998 0.000 0.023 0.051 0.753 -0.000 -0.653 0.087 0.995 0.000 0.043 0.094 
0.998 -0.055 -0.032 0.025 0.715 0.000 -0.693 0.094 0.974 0.000 -0.054 -0.220 0.774 0.000 -0.623 0.110 0.984 0.000 -0.051 -0.170 0.697 -0.000 -0.707 0.118 0.998 0.000 0.022 0.051 0.753 0.000 -0.653 0.088 0.994 0.000 0.043 0.097 
0.998 -0.056 -0.032 0.025 0.715 -0.000 -0.693 0.094 0.974 0.000 -0.053 -0.220 0.775 0.000 -0.623 0.110 0.984 0.000 -0.051 -0.169 0.697 0.000 -0.707 0.119 0.998 0.000 0.023 0.051 0.753 0.000 -0.653 0.088 0.995 0.000 0.043 0.094 
0.998 -0.056 -0.032 0.025 0.715 0.000 -0.693 0.094 0.974 0.000 -0.053 -0.220 0.775 0.000 -0.623 0.110 0.984 0.000 -0.051 -0.169 0.697 0.000 -0.707 0.119 0.998 0.000 0.022 0.051 0.753 0.000 -0.652 0.088 0.994 -0.000 0.043 0.097 
0.998 -0.056 -0.032 0.025 0.715 0.000 -0.693 0.094 0.974 0.000 -0.053 -0.220 0.775 0.000 -0.623 0.110 0.984 0.000 -0.051 -0.169 0.697 0.000 -0.707 0.119 0.998 0.000 0.022 0.051 0.753 -0.000 -0.653 0.088 0.995 0.000 0.043 0.094 
0.998 -0.056 -0.032 0.025 0.715 0.000 -0.693 0.094 0.974 0.000 -0.053 -0.220 0.775 -0.000 -0.623 0.110 0.984 0.000 -0.051 -0.170 0.697 0.000 -0.707 0.119 0.998 0.000 0.023 0.051 0.753 0.000 -0.652 0.088 0.995 0.000 0.043 0.094 
0.998 -0.056 -0.032 0.025 0.715 0.000 -0.693 0.094 0.974 0.000 -0.053 -0.220 0.775 0.000 -0.623 0.110 0.984 0.000 -0.051 -0.170 0.697 0.000 -0.707 0.119 0.998 0.000 0.022 0.051 0.753 0.000 -0.652 0.088 0.994 0.000 0.043 0.097 
0.998 -0.056 -0.033 0.025 0.715 0.000 -0.693 0.094 0.974 0.000 -0.053 -0.221 0.775 0.000 -0.623 0.110 0.984 -0.000 -0.051 -0.169 0.697 0.000 -0.707 0.119 0.998 0.000 0.023 0.051 0.753 -0.000 -0.652 0.088 0.995 0.000 0.043 0.094 
0.998 -0.056 -0.033 0.025 0.715 0.000 -0.693 0.094 0.974 0.000 -0.053 -0.221 0.775 0.000 -0.623 0.110 0.984 0.000 -0.051 -0.170 0.697 0.000 -0.707 0.119 0.998 -0.000 0.022 0.051 0.753 0.000 -0.652 0.088 0.994 0.000 0.043 0.097 
