# T   LUA LFA RUA RFA LT  LS  RT  RS  
0.996 -0.025 -0.048 -0.064 0.702 0.000 -0.711 0.022 0.974 0.000 -0.097 -0.204 0.778 0.000 -0.619 -0.104 0.741 -0.000 -0.436 -0.511 0.642 0.000 -0.764 0.065 0.995 -0.000 0.066 0.071 0.701 0.000 -0.712 0.038 0.994 0.000 0.082 0.066 
0.996 -0.025 -0.048 -0.064 0.702 0.000 -0.712 0.021 0.974 -0.000 -0.097 -0.204 0.778 -0.000 -0.620 -0.102 0.740 0.000 -0.435 -0.513 0.642 0.000 -0.764 0.065 0.995 0.000 0.066 0.071 0.701 -0.000 -0.712 0.038 0.994 0.000 0.082 0.066 
0.997 -0.024 -0.048 -0.064 0.702 0.000 -0.712 0.021 0.974 0.000 -0.096 -0.204 0.778 0.000 -0.621 -0.099 0.739 -0.000 -0.434 -0.516 0.642 0.000 -0.764 0.065 0.995 -0.000 0.066 0.071 0.701 0.000 -0.712 0.038 0.994 0.000 0.082 0.067 
0.997 -0.024 -0.048 -0.063 0.702 -0.000 -0.712 0.020 0.974 0.000 -0.096 -0.204 0.777 0.000 -0.622 -0.097 0.737 0.000 -0.432 -0.519 0.642 0.000 -0.764 0.065 0.995 0.000 0.066 0.071 0.701 0.000 -0.712 0.038 0.994 -0.000 0.082 0.067 
0.997 -0.025 -0.048 -0.063 0.702 0.000 -0.712 0.020 0.974 0.000 -0.096 -0.205 0.777 -0.000 -0.622 -0.093 0.735 0.000 -0.430 -0.524 0.642 0.000 -0.764 0.065 0.995 -0.000 0.066 0.071 0.701 0.000 -0.712 0.038 0.994 0.000 0.082 0.066 
0.997 -0.024 -0.048 -0.063 0.702 0.000 -0.712 0.019 0.974 0.000 -0.096 -0.205 0.777 0.000 -0.623 -0.090 0.734 0.000 -0.427 -0.528 0.642 -0.000 -0.764 0.065 0.995 -0.000 0.066 0.071 0.701 0.000 -0.712 0.038 0.994 -0.000 0.082 0.067 
0.997 -0.025 -0.048 -0.063 0.702 0.000 -0.712 0.019 0.974 0.000 -0.096 -0.205 0.776 -0.000 -0.624 -0.087 0.732 0.000 -0.424 -0.533 0.642 0.000 -0.764 0.066 0.995 0.000 0.066 0.071 0.701 0.000 -0.712 0.039 0.994 0.000 0.082 0.066 
0.997 -0.024 -0.048 -0.063 0.702 0.000 -0.712 0.018 0.974 0.000 -0.096 -0.205 0.776 -0.000 -0.625 -0.082 0.730 0.000 -0.421 -0.539 0.643 -0.000 -0.763 0.065 0.995 -0.000 0.066 0.071 0.701 0.000 -0.712 0.038 0.994 0.000 0.082 0.066 
0.997 -0.024 -0.048 -0.063 0.702 0.000 -0.712 0.018 0.974 -0.000 -0.096 -0.205 0.776 0.000 -0.626 -0.079 0.729 0.000 -0.416 -0.544 0.643 0.000 -0.763 0.065 0.995 -0.000 0.066 0.071 0.701 0.000 -0.712 0.038 0.994 0.000 0.082 0.066 
0.997 -0.024 -0.048 -0.063 0.702 0.000 -0.712 0.017 0.974 0.000 -0.095 -0.205 0.775 0.000 -0.627 -0.074 0.726 0.000 -0.412 -0.550 0.643 0.000 -0.763 0.065 0.995 -0.000 0.066 0.071 0.701 0.000 -0.712 0.038 0.994 0.000 0.082 0.066 
0.997 -0.024 -0.048 -0.063 0.702 -0.000 -0.712 0.017 0.974 0.000 -0.095 -0.205 0.775 0.000 -0.628 -0.071 0.725 0.000 -0.406 -0.557 0.643 0.000 -0.763 0.065 0.995 0.000 0.066 0.071 0.701 0.000 -0.712 0.038 0.994 0.000 0.082 0.066 
0.997 -0.024 -0.048 -0.063 0.702 0.000 -0.712 0.017 0.974 0.000 -0.095 -0.206 0.775 0.000 -0.629 -0.068 0.724 0.000 -0.399 -0.563 0.643 -0.000 -0.763 0.065 0.995 -0.000 0.066 0.071 0.701 0.000 -0.712 0.038 0.994 0.000 0.082 0.066 
0.997 -0.024 -0.048 -0.063 0.702 0.000 -0.712 0.016 0.974 0.000 -0.095 -0.206 0.774 0.000 -0.630 -0.063 0.722 0.000 -0.392 -0.570 0.643 0.000 -0.763 0.065 0.995 0.000 0.066 0.071 0.701 0.000 -0.712 0.038 0.994 0.000 0.082 0.066 
0.997 -0.024 -0.048 -0.063 0.702 -0.000 -0.712 0.016 0.974 0.000 -0.095 -0.206 0.774 -0.000 -0.630 -0.059 0.720 0.000 -0.385 -0.577 0.643 0.000 -0.763 0.065 0.995 -0.000 0.066 0.071 0.701 0.000 -0.712 0.038 0.994 0.000 0.082 0.066 
0.997 -0.024 -0.048 -0.063 0.702 0.000 -0.712 0.016 0.974 -0.000 -0.095 -0.207 0.774 0.000 -0.631 -0.056 0.719 0.000 -0.376 -0.584 0.643 -0.000 -0.763 0.065 0.995 0.000 0.066 0.071 0.701 -0.000 -0.712 0.038 0.994 0.000 0.082 0.066 
0.997 -0.024 -0.048 -0.063 0.702 0.000 -0.712 0.015 0.974 0.000 -0.096 -0.207 0.774 0.000 -0.632 -0.052 0.718 0.000 -0.368 -0.591 0.643 0.000 -0.763 0.065 0.995 -0.000 0.066 0.072 0.701 0.000 -0.712 0.038 0.994 0.000 0.081 0.066 
0.997 -0.025 -0.048 -0.063 0.702 0.000 -0.712 0.015 0.974 0.000 -0.096 -0.207 0.773 0.000 -0.632 -0.049 0.717 0.000 -0.358 -0.598 0.643 0.000 -0.763 0.065 0.995 0.000 0.066 0.072 0.701 0.000 -0.712 0.038 0.994 0.000 0.082 0.066 
0.997 -0.025 -0.048 -0.063 0.702 0.000 -0.712 0.015 0.973 -0.000 -0.096 -0.208 0.773 0.000 -0.632 -0.046 0.715 0.000 -0.349 -0.605 0.643 -0.000 -0.763 0.065 0.995 -0.000 0.066 0.072 0.701 0.000 -0.712 0.039 0.994 0.000 0.082 0.066 
0.997 -0.025 -0.048 -0.063 0.702 0.000 -0.712 0.016 0.973 0.000 -0.097 -0.208 0.773 -0.000 -0.633 -0.043 0.714 -0.000 -0.338 -0.613 0.643 0.000 -0.763 0.065 0.995 -0.000 0.066 0.072 0.701 -0.000 -0.712 0.039 0.994 0.000 0.082 0.066 
0.997 -0.025 -0.048 -0.063 0.702 0.000 -0.712 0.016 0.973 0.000 -0.097 -0.208 0.773 0.000 -0.633 -0.040 0.713 -0.000 -0.327 -0.620 0.643 -0.000 -0.763 0.065 0.995 0.000 0.066 0.072 0.701 0.000 -0.712 0.039 0.994 0.000 0.082 0.066 
0.997 -0.025 -0.048 -0.063 0.702 -0.000 -0.712 0.015 0.973 0.000 -0.098 -0.208 0.773 0.000 -0.634 -0.037 0.712 0.000 -0.316 -0.627 0.643 0.000 -0.763 0.065 0.995 0.000 0.066 0.072 0.701 0.000 -0.712 0.039 0.994 0.000 0.082 0.066 
0.996 -0.025 -0.048 -0.064 0.702 0.000 -0.712 0.016 0.973 0.000 -0.098 -0.208 0.773 0.000 -0.634 -0.035 0.710 0.000 -0.305 -0.634 0.643 0.000 -0.763 0.065 0.995 0.000 0.066 0.072 0.701 0.000 -0.712 0.039 0.994 0.000 0.082 0.066 
0.997 -0.025 -0.048 -0.063 0.702 0.000 -0.712 0.016 0.973 0.000 -0.099 -0.208 0.773 0.000 -0.634 -0.032 0.709 0.000 -0.294 -0.641 0.643 0.000 -0.763 0.065 0.995 0.000 0.066 0.072 0.701 0.000 -0.712 0.040 0.994 0.000 0.082 0.066 
0.996 -0.025 -0.048 -0.064 0.703 0.000 -0.711 0.016 0.973 0.000 -0.099 -0.208 0.772 0.000 -0.634 -0.030 0.708 0.000 -0.282 -0.648 0.643 -0.000 -0.763 0.065 0.995 0.000 0.066 0.072 0.701 0.000 -0.712 0.040 0.994 -0.000 0.082 0.066 
0.996 -0.025 -0.048 -0.064 0.703 0.000 -0.711 0.016 0.973 0.000 -0.100 -0.208 0.772 0.000 -0.635 -0.027 0.706 -0.000 -0.270 -0.655 0.643 0.000 -0.763 0.065 0.995 -0.000 0.066 0.072 0.701 -0.000 -0.712 0.040 0.994 0.000 0.082 0.066 
0.996 -0.025 -0.048 -0.064 0.703 0.000 -0.711 0.017 0.973 0.000 -0.100 -0.208 0.772 0.000 -0.635 -0.025 0.704 -0.000 -0.258 -0.662 0.643 0.000 -0.763 0.066 0.995 0.000 0.066 0.072 0.701 0.000 -0.712 0.041 0.994 0.000 0.082 0.066 
0.996 -0.026 -0.048 -0.064 0.703 0.000 -0.711 0.017 0.973 0.000 -0.100 -0.208 0.772 -0.000 -0.635 -0.023 0.702 0.000 -0.246 -0.669 0.643 0.000 -0.763 0.066 0.995 0.000 0.066 0.072 0.701 0.000 -0.712 0.041 0.994 0.000 0.082 0.066 
0.996 -0.026 -0.048 -0.064 0.703 0.000 -0.711 0.017 0.973 0.000 -0.100 -0.207 0.772 -0.000 -0.635 -0.020 0.699 -0.000 -0.234 -0.676 0.643 -0.000 -0.763 0.066 0.995 -0.000 0.066 0.072 0.701 0.000 -0.712 0.041 0.994 0.000 0.082 0.066 
0.996 -0.026 -0.048 -0.064 0.703 0.000 -0.711 0.017 0.973 0.000 -0.101 -0.207 0.772 -0.000 -0.635 -0.018 0.696 0.000 -0.222 -0.683 0.643 0.000 -0.763 0.066 0.995 -0.000 0.066 0.072 0.701 0.000 -0.712 0.041 0.994 0.000 0.082 0.066 
0.996 -0.026 -0.048 -0.064 0.703 0.000 -0.711 0.017 0.973 0.000 -0.100 -0.206 0.772 0.000 -0.635 -0.016 0.694 0.000 -0.209 -0.689 0.643 0.000 -0.763 0.067 0.995 0.000 0.066 0.072 0.701 0.000 -0.712 0.041 0.994 0.000 0.082 0.066 
0.996 -0.026 -0.048 -0.064 0.703 0.000 -0.711 0.017 0.973 0.000 -0.101 -0.206 0.772 0.000 -0.636 -0.014 0.693 0.000 -0.197 -0.693 0.643 0.000 -0.763 0.067 0.995 0.000 0.066 0.072 0.701 -0.000 -0.712 0.042 0.994 0.000 0.082 0.066 
0.996 -0.026 -0.048 -0.064 0.703 0.000 -0.711 0.017 0.973 0.000 -0.101 -0.206 0.772 0.000 -0.636 -0.011 0.691 0.000 -0.185 -0.699 0.643 0.000 -0.763 0.067 0.995 -0.000 0.066 0.072 0.701 0.000 -0.712 0.041 0.994 -0.000 0.082 0.066 
0.996 -0.026 -0.048 -0.064 0.703 0.000 -0.711 0.017 0.974 0.000 -0.100 -0.205 0.770 -0.000 -0.638 -0.008 0.688 0.000 -0.171 -0.705 0.643 0.000 -0.763 0.068 0.995 0.000 0.066 0.072 0.701 0.000 -0.712 0.042 0.994 0.000 0.082 0.066 
0.996 -0.026 -0.048 -0.064 0.703 0.000 -0.711 0.017 0.974 0.000 -0.100 -0.205 0.770 0.000 -0.638 -0.006 0.686 0.000 -0.157 -0.710 0.643 0.000 -0.763 0.067 0.995 -0.000 0.066 0.072 0.701 0.000 -0.712 0.042 0.994 0.000 0.082 0.066 
0.996 -0.026 -0.048 -0.064 0.703 0.000 -0.711 0.018 0.974 0.000 -0.100 -0.205 0.769 -0.000 -0.639 -0.004 0.684 -0.000 -0.144 -0.715 0.643 0.000 -0.763 0.068 0.995 -0.000 0.066 0.072 0.701 0.000 -0.712 0.042 0.994 0.000 0.082 0.066 
0.996 -0.027 -0.048 -0.064 0.703 -0.000 -0.711 0.018 0.974 0.000 -0.100 -0.204 0.769 0.000 -0.639 -0.002 0.682 0.000 -0.130 -0.720 0.643 0.000 -0.763 0.068 0.995 0.000 0.066 0.071 0.701 0.000 -0.712 0.042 0.994 0.000 0.082 0.066 
0.996 -0.027 -0.048 -0.063 0.703 0.000 -0.711 0.018 0.974 0.000 -0.100 -0.204 0.769 0.000 -0.640 0.000 0.680 0.000 -0.117 -0.724 0.643 0.000 -0.763 0.069 0.995 0.000 0.066 0.071 0.701 0.000 -0.712 0.042 0.994 0.000 0.082 0.066 
0.996 -0.027 -0.048 -0.063 0.703 0.000 -0.711 0.019 0.974 -0.000 -0.100 -0.204 0.769 0.000 -0.639 0.003 0.677 0.000 -0.105 -0.728 0.643 0.000 -0.763 0.069 0.995 -0.000 0.066 0.071 0.701 0.000 -0.712 0.042 0.994 0.000 0.082 0.066 
0.996 -0.027 -0.048 -0.063 0.703 0.000 -0.711 0.019 0.974 0.000 -0.100 -0.204 0.769 0.000 -0.639 0.006 0.675 0.000 -0.092 -0.732 0.643 -0.000 -0.763 0.069 0.995 0.000 0.066 0.071 0.701 0.000 -0.712 0.042 0.994 0.000 0.082 0.066 
0.996 -0.027 -0.048 -0.063 0.703 0.000 -0.711 0.020 0.974 0.000 -0.100 -0.204 0.769 0.000 -0.639 0.007 0.673 0.000 -0.078 -0.736 0.643 0.000 -0.763 0.069 0.995 0.000 0.066 0.071 0.701 0.000 -0.712 0.043 0.994 0.000 0.082 0.066 
0.996 -0.027 -0.048 -0.063 0.703 0.000 -0.711 0.020 0.974 0.000 -0.100 -0.203 0.769 0.000 -0.639 0.009 0.670 0.000 -0.065 -0.739 0.643 0.000 -0.763 0.069 0.995 0.000 0.066 0.071 0.701 -0.000 -0.712 0.043 0.994 0.000 0.082 0.066 
0.996 -0.027 -0.048 -0.063 0.703 -0.000 -0.711 0.020 0.974 0.000 -0.100 -0.203 0.769 0.000 -0.639 0.012 0.668 0.000 -0.052 -0.742 0.643 -0.000 -0.763 0.070 0.995 -0.000 0.066 0.071 0.701 0.000 -0.712 0.043 0.994 0.000 0.082 0.066 
0.997 -0.027 -0.048 -0.062 0.703 0.000 -0.711 0.020 0.974 -0.000 -0.100 -0.203 0.769 0.000 -0.639 0.014 0.666 0.000 -0.039 -0.745 0.643 -0.000 -0.763 0.070 0.995 0.000 0.066 0.071 0.701 0.000 -0.712 0.042 0.994 0.000 0.082 0.066 
0.997 -0.027 -0.048 -0.062 0.703 0.000 -0.711 0.020 0.974 0.000 -0.100 -0.203 0.769 -0.000 -0.639 0.016 0.663 -0.000 -0.025 -0.748 0.643 0.000 -0.763 0.070 0.995 -0.000 0.066 0.071 0.701 0.000 -0.712 0.043 0.994 0.000 0.082 0.066 
0.997 -0.027 -0.048 -0.062 0.703 0.000 -0.711 0.021 0.974 0.000 -0.101 -0.203 0.769 0.000 -0.639 0.019 0.661 0.000 -0.013 -0.750 0.643 0.000 -0.763 0.070 0.995 -0.000 0.066 0.071 0.701 0.000 -0.712 0.043 0.994 0.000 0.082 0.066 
0.997 -0.028 -0.048 -0.062 0.703 0.000 -0.711 0.021 0.974 0.000 -0.101 -0.203 0.769 0.000 -0.639 0.021 0.659 0.000 0.000 -0.752 0.642 0.000 -0.763 0.070 0.995 -0.000 0.067 0.071 0.701 -0.000 -0.712 0.043 0.994 0.000 0.082 0.066 
0.997 -0.028 -0.048 -0.062 0.703 0.000 -0.711 0.021 0.974 -0.000 -0.101 -0.203 0.769 0.000 -0.639 0.024 0.657 0.000 0.013 -0.754 0.642 -0.000 -0.763 0.071 0.995 0.000 0.067 0.071 0.701 -0.000 -0.712 0.043 0.994 -0.000 0.082 0.066 
0.997 -0.028 -0.048 -0.062 0.703 0.000 -0.711 0.022 0.974 0.000 -0.101 -0.203 0.767 0.000 -0.641 0.025 0.654 0.000 0.033 -0.756 0.642 0.000 -0.763 0.071 0.995 0.000 0.067 0.071 0.701 0.000 -0.712 0.043 0.994 -0.000 0.082 0.066 
0.997 -0.028 -0.048 -0.062 0.703 0.000 -0.710 0.022 0.974 0.000 -0.102 -0.202 0.766 0.000 -0.642 0.027 0.652 0.000 0.048 -0.757 0.642 0.000 -0.763 0.071 0.995 0.000 0.067 0.071 0.701 0.000 -0.712 0.043 0.994 0.000 0.082 0.066 
0.997 -0.028 -0.048 -0.061 0.703 0.000 -0.710 0.022 0.974 0.000 -0.102 -0.202 0.766 0.000 -0.642 0.029 0.649 0.000 0.061 -0.758 0.642 0.000 -0.763 0.071 0.995 -0.000 0.067 0.071 0.701 0.000 -0.712 0.043 0.994 0.000 0.082 0.066 
0.997 -0.028 -0.048 -0.061 0.704 0.000 -0.710 0.022 0.974 0.000 -0.102 -0.202 0.766 0.000 -0.642 0.031 0.647 0.000 0.075 -0.759 0.642 0.000 -0.763 0.072 0.995 -0.000 0.067 0.071 0.701 0.000 -0.712 0.043 0.994 0.000 0.082 0.066 
0.997 -0.028 -0.048 -0.061 0.704 0.000 -0.710 0.023 0.974 0.000 -0.102 -0.202 0.765 0.000 -0.643 0.033 0.645 0.000 0.088 -0.760 0.642 -0.000 -0.763 0.072 0.995 -0.000 0.067 0.071 0.701 0.000 -0.712 0.043 0.994 0.000 0.082 0.066 
0.997 -0.028 -0.048 -0.061 0.704 0.000 -0.710 0.023 0.974 0.000 -0.102 -0.202 0.765 0.000 -0.643 0.036 0.642 0.000 0.102 -0.760 0.642 0.000 -0.763 0.072 0.995 0.000 0.067 0.070 0.701 0.000 -0.712 0.043 0.994 0.000 0.082 0.066 
0.997 -0.028 -0.048 -0.061 0.704 0.000 -0.710 0.023 0.974 0.000 -0.102 -0.202 0.764 0.000 -0.644 0.039 0.639 -0.000 0.116 -0.760 0.642 0.000 -0.763 0.073 0.995 0.000 0.067 0.070 0.701 0.000 -0.712 0.044 0.994 0.000 0.082 0.065 
0.997 -0.028 -0.048 -0.061 0.704 -0.000 -0.710 0.023 0.974 0.000 -0.102 -0.202 0.764 0.000 -0.644 0.041 0.637 0.000 0.130 -0.760 0.642 0.000 -0.763 0.073 0.995 -0.000 0.067 0.070 0.701 0.000 -0.712 0.044 0.994 0.000 0.082 0.065 
0.997 -0.028 -0.048 -0.061 0.704 0.000 -0.710 0.023 0.974 -0.000 -0.102 -0.202 0.763 0.000 -0.645 0.043 0.634 -0.000 0.144 -0.760 0.642 -0.000 -0.763 0.073 0.995 0.000 0.067 0.070 0.701 0.000 -0.712 0.044 0.994 0.000 0.082 0.066 
0.997 -0.029 -0.048 -0.061 0.704 0.000 -0.710 0.024 0.974 0.000 -0.102 -0.202 0.763 0.000 -0.645 0.046 0.631 0.000 0.158 -0.759 0.642 0.000 -0.763 0.074 0.995 0.000 0.067 0.069 0.701 0.000 -0.712 0.044 0.994 -0.000 0.082 0.065 
0.997 -0.028 -0.048 -0.061 0.704 0.000 -0.710 0.023 0.974 0.000 -0.102 -0.202 0.762 0.000 -0.646 0.048 0.630 0.000 0.171 -0.758 0.642 -0.000 -0.763 0.073 0.995 -0.000 0.067 0.070 0.701 0.000 -0.712 0.044 0.994 0.000 0.082 0.065 
0.997 -0.029 -0.048 -0.060 0.704 -0.000 -0.710 0.023 0.974 0.000 -0.102 -0.202 0.762 0.000 -0.646 0.050 0.627 0.000 0.184 -0.757 0.642 0.000 -0.763 0.074 0.995 0.000 0.067 0.069 0.701 0.000 -0.712 0.044 0.994 0.000 0.082 0.065 
0.997 -0.029 -0.048 -0.060 0.704 0.000 -0.710 0.023 0.974 0.000 -0.102 -0.202 0.761 0.000 -0.646 0.053 0.625 0.000 0.198 -0.755 0.642 -0.000 -0.763 0.074 0.995 0.000 0.067 0.069 0.701 0.000 -0.712 0.043 0.994 0.000 0.082 0.066 
0.997 -0.029 -0.048 -0.060 0.704 0.000 -0.710 0.024 0.974 0.000 -0.102 -0.202 0.761 0.000 -0.647 0.055 0.623 0.000 0.211 -0.753 0.642 0.000 -0.763 0.075 0.995 0.000 0.067 0.069 0.701 -0.000 -0.712 0.044 0.994 0.000 0.082 0.065 
0.997 -0.029 -0.048 -0.060 0.704 -0.000 -0.710 0.024 0.974 0.000 -0.102 -0.202 0.760 0.000 -0.647 0.057 0.621 0.000 0.225 -0.751 0.642 0.000 -0.763 0.074 0.995 -0.000 0.067 0.069 0.701 0.000 -0.711 0.044 0.994 0.000 0.082 0.066 
0.997 -0.029 -0.048 -0.060 0.704 0.000 -0.710 0.024 0.974 0.000 -0.102 -0.202 0.760 0.000 -0.647 0.059 0.618 0.000 0.239 -0.749 0.642 0.000 -0.763 0.074 0.995 -0.000 0.067 0.069 0.701 0.000 -0.712 0.044 0.994 0.000 0.082 0.065 
0.997 -0.029 -0.048 -0.060 0.704 0.000 -0.710 0.024 0.974 0.000 -0.102 -0.202 0.759 -0.000 -0.648 0.062 0.615 0.000 0.252 -0.747 0.642 -0.000 -0.763 0.074 0.995 0.000 0.067 0.069 0.701 -0.000 -0.711 0.044 0.994 0.000 0.082 0.066 
0.997 -0.029 -0.048 -0.060 0.704 0.000 -0.710 0.024 0.974 0.000 -0.102 -0.202 0.759 0.000 -0.648 0.064 0.613 -0.000 0.266 -0.744 0.642 0.000 -0.763 0.075 0.995 0.000 0.067 0.069 0.701 0.000 -0.712 0.044 0.994 0.000 0.082 0.066 
0.997 -0.029 -0.048 -0.060 0.704 0.000 -0.710 0.024 0.974 0.000 -0.102 -0.202 0.759 -0.000 -0.648 0.065 0.611 0.000 0.281 -0.741 0.642 0.000 -0.763 0.074 0.995 0.000 0.067 0.069 0.701 0.000 -0.711 0.044 0.994 0.000 0.082 0.066 
0.997 -0.029 -0.048 -0.060 0.704 -0.000 -0.710 0.025 0.974 0.000 -0.102 -0.202 0.758 0.000 -0.648 0.068 0.610 0.000 0.289 -0.738 0.642 0.000 -0.763 0.075 0.995 0.000 0.067 0.069 0.701 0.000 -0.711 0.044 0.994 -0.000 0.082 0.066 
0.997 -0.029 -0.048 -0.060 0.704 -0.000 -0.710 0.025 0.974 0.000 -0.103 -0.202 0.757 0.000 -0.649 0.071 0.608 -0.000 0.301 -0.735 0.642 0.000 -0.763 0.075 0.995 0.000 0.067 0.069 0.701 0.000 -0.711 0.044 0.994 0.000 0.082 0.066 
0.997 -0.029 -0.048 -0.060 0.704 0.000 -0.710 0.025 0.974 0.000 -0.103 -0.202 0.757 0.000 -0.650 0.072 0.606 0.000 0.313 -0.731 0.642 0.000 -0.763 0.075 0.995 -0.000 0.067 0.069 0.701 0.000 -0.711 0.044 0.994 0.000 0.082 0.066 
0.997 -0.029 -0.048 -0.060 0.704 0.000 -0.710 0.025 0.974 0.000 -0.103 -0.202 0.757 0.000 -0.650 0.073 0.604 0.000 0.325 -0.727 0.642 0.000 -0.763 0.075 0.995 -0.000 0.067 0.069 0.701 -0.000 -0.711 0.044 0.994 -0.000 0.082 0.066 
0.997 -0.029 -0.048 -0.060 0.704 0.000 -0.710 0.025 0.974 0.000 -0.103 -0.202 0.756 0.000 -0.650 0.076 0.603 0.000 0.335 -0.724 0.642 0.000 -0.763 0.075 0.995 0.000 0.067 0.069 0.701 0.000 -0.711 0.044 0.994 0.000 0.082 0.066 
0.997 -0.029 -0.048 -0.060 0.704 0.000 -0.710 0.025 0.974 0.000 -0.103 -0.202 0.756 0.000 -0.650 0.078 0.601 0.000 0.345 -0.721 0.642 -0.000 -0.763 0.075 0.995 0.000 0.067 0.069 0.701 0.000 -0.711 0.045 0.994 0.000 0.082 0.066 
0.997 -0.029 -0.048 -0.060 0.704 0.000 -0.710 0.025 0.974 0.000 -0.103 -0.202 0.756 0.000 -0.650 0.079 0.599 0.000 0.359 -0.716 0.642 0.000 -0.763 0.075 0.995 0.000 0.067 0.070 0.701 -0.000 -0.711 0.044 0.994 -0.000 0.082 0.066 
0.997 -0.029 -0.048 -0.060 0.704 0.000 -0.710 0.025 0.974 0.000 -0.103 -0.202 0.755 0.000 -0.650 0.081 0.598 0.000 0.368 -0.712 0.642 0.000 -0.763 0.075 0.995 -0.000 0.067 0.070 0.701 0.000 -0.712 0.045 0.994 -0.000 0.082 0.065 
0.997 -0.029 -0.048 -0.060 0.704 0.000 -0.710 0.025 0.974 0.000 -0.103 -0.202 0.755 0.000 -0.651 0.083 0.596 0.000 0.376 -0.709 0.642 0.000 -0.763 0.075 0.995 0.000 0.067 0.069 0.701 0.000 -0.711 0.045 0.994 0.000 0.082 0.066 
0.997 -0.030 -0.048 -0.060 0.704 0.000 -0.710 0.025 0.974 0.000 -0.103 -0.202 0.754 0.000 -0.651 0.084 0.595 -0.000 0.386 -0.705 0.642 0.000 -0.763 0.075 0.995 0.000 0.067 0.069 0.701 0.000 -0.711 0.045 0.994 0.000 0.082 0.066 
0.997 -0.030 -0.048 -0.059 0.704 0.000 -0.710 0.025 0.974 0.000 -0.104 -0.202 0.754 0.000 -0.652 0.086 0.593 0.000 0.397 -0.700 0.642 0.000 -0.763 0.076 0.995 -0.000 0.067 0.069 0.701 0.000 -0.711 0.045 0.994 0.000 0.082 0.066 
0.997 -0.030 -0.048 -0.059 0.704 0.000 -0.710 0.025 0.974 0.000 -0.103 -0.201 0.753 -0.000 -0.652 0.087 0.593 0.000 0.408 -0.695 0.642 0.000 -0.763 0.076 0.995 0.000 0.067 0.069 0.701 0.000 -0.711 0.045 0.994 0.000 0.082 0.066 
0.997 -0.030 -0.048 -0.059 0.704 -0.000 -0.710 0.026 0.974 0.000 -0.104 -0.202 0.753 0.000 -0.653 0.088 0.591 0.000 0.419 -0.689 0.642 0.000 -0.763 0.076 0.995 0.000 0.067 0.069 0.702 -0.000 -0.711 0.045 0.994 0.000 0.082 0.066 
0.997 -0.030 -0.048 -0.059 0.704 0.000 -0.710 0.026 0.974 0.000 -0.104 -0.202 0.752 -0.000 -0.653 0.089 0.590 0.000 0.429 -0.684 0.642 0.000 -0.763 0.076 0.995 0.000 0.067 0.069 0.701 -0.000 -0.711 0.045 0.994 0.000 0.082 0.066 
0.997 -0.030 -0.048 -0.059 0.704 -0.000 -0.709 0.026 0.974 0.000 -0.104 -0.202 0.751 0.000 -0.654 0.091 0.588 0.000 0.438 -0.680 0.642 -0.000 -0.763 0.076 0.995 0.000 0.067 0.069 0.701 0.000 -0.711 0.045 0.994 0.000 0.082 0.066 
0.997 -0.030 -0.048 -0.059 0.704 0.000 -0.710 0.025 0.974 0.000 -0.104 -0.201 0.751 0.000 -0.654 0.091 0.587 0.000 0.449 -0.673 0.642 0.000 -0.763 0.076 0.995 0.000 0.067 0.069 0.701 -0.000 -0.711 0.045 0.994 0.000 0.082 0.065 
0.997 -0.030 -0.048 -0.059 0.704 0.000 -0.710 0.025 0.974 0.000 -0.104 -0.200 0.750 0.000 -0.655 0.092 0.587 0.000 0.455 -0.669 0.642 -0.000 -0.763 0.077 0.995 0.000 0.067 0.069 0.701 0.000 -0.711 0.046 0.994 0.000 0.082 0.066 
0.997 -0.030 -0.048 -0.058 0.704 -0.000 -0.709 0.026 0.974 0.000 -0.104 -0.201 0.750 0.000 -0.655 0.093 0.586 0.000 0.464 -0.664 0.642 -0.000 -0.763 0.077 0.995 0.000 0.067 0.069 0.701 0.000 -0.711 0.045 0.994 0.000 0.082 0.066 
0.997 -0.030 -0.048 -0.058 0.704 0.000 -0.709 0.026 0.974 0.000 -0.104 -0.201 0.749 -0.000 -0.656 0.095 0.586 0.000 0.473 -0.658 0.642 0.000 -0.763 0.077 0.995 0.000 0.067 0.069 0.702 0.000 -0.711 0.045 0.994 0.000 0.082 0.066 
0.997 -0.030 -0.048 -0.058 0.704 0.000 -0.709 0.026 0.974 -0.000 -0.104 -0.201 0.748 0.000 -0.656 0.096 0.586 0.000 0.481 -0.653 0.642 0.000 -0.763 0.077 0.995 0.000 0.067 0.069 0.702 -0.000 -0.711 0.046 0.994 0.000 0.082 0.065 
0.997 -0.030 -0.048 -0.058 0.704 0.000 -0.709 0.026 0.974 0.000 -0.105 -0.201 0.748 -0.000 -0.657 0.096 0.585 0.000 0.490 -0.646 0.642 -0.000 -0.763 0.078 0.995 -0.000 0.067 0.069 0.702 0.000 -0.711 0.046 0.994 0.000 0.082 0.065 
0.997 -0.031 -0.048 -0.058 0.704 0.000 -0.709 0.026 0.974 0.000 -0.105 -0.200 0.747 0.000 -0.657 0.096 0.586 0.000 0.498 -0.639 0.642 0.000 -0.763 0.078 0.995 -0.000 0.067 0.069 0.702 0.000 -0.711 0.046 0.994 0.000 0.082 0.066 
0.997 -0.031 -0.048 -0.058 0.704 -0.000 -0.709 0.025 0.974 -0.000 -0.105 -0.200 0.747 0.000 -0.658 0.097 0.585 0.000 0.508 -0.632 0.642 0.000 -0.763 0.078 0.995 -0.000 0.067 0.069 0.702 0.000 -0.711 0.046 0.994 0.000 0.082 0.065 
0.997 -0.031 -0.048 -0.057 0.704 0.000 -0.709 0.026 0.974 0.000 -0.105 -0.200 0.747 -0.000 -0.658 0.097 0.586 0.000 0.516 -0.625 0.642 0.000 -0.763 0.079 0.995 -0.000 0.067 0.069 0.702 -0.000 -0.711 0.046 0.994 0.000 0.082 0.065 
0.997 -0.031 -0.048 -0.057 0.704 0.000 -0.709 0.026 0.974 0.000 -0.106 -0.200 0.745 0.000 -0.659 0.097 0.585 0.000 0.525 -0.618 0.642 0.000 -0.763 0.079 0.995 -0.000 0.067 0.069 0.702 0.000 -0.711 0.046 0.994 -0.000 0.082 0.066 
0.997 -0.031 -0.048 -0.057 0.704 -0.000 -0.709 0.026 0.974 0.000 -0.106 -0.200 0.745 0.000 -0.660 0.098 0.584 0.000 0.534 -0.611 0.642 0.000 -0.763 0.079 0.995 0.000 0.068 0.069 0.702 0.000 -0.711 0.046 0.994 0.000 0.082 0.066 
0.997 -0.031 -0.048 -0.057 0.704 0.000 -0.709 0.026 0.974 0.000 -0.106 -0.200 0.744 0.000 -0.661 0.098 0.584 -0.000 0.543 -0.603 0.642 0.000 -0.763 0.079 0.995 -0.000 0.067 0.069 0.702 0.000 -0.711 0.046 0.994 0.000 0.082 0.065 
0.997 -0.031 -0.048 -0.057 0.705 0.000 -0.709 0.025 0.974 0.000 -0.106 -0.200 0.744 0.000 -0.661 0.099 0.583 0.000 0.555 -0.594 0.642 0.000 -0.763 0.079 0.995 0.000 0.067 0.069 0.702 0.000 -0.711 0.046 0.994 -0.000 0.082 0.066 
0.997 -0.031 -0.048 -0.057 0.704 -0.000 -0.709 0.025 0.974 0.000 -0.106 -0.200 0.743 0.000 -0.662 0.100 0.582 0.000 0.563 -0.586 0.642 -0.000 -0.763 0.079 0.995 -0.000 0.067 0.069 0.702 0.000 -0.711 0.046 0.994 0.000 0.082 0.066 
0.997 -0.031 -0.048 -0.057 0.704 0.000 -0.709 0.025 0.974 0.000 -0.106 -0.200 0.743 0.000 -0.662 0.101 0.582 0.000 0.571 -0.579 0.642 0.000 -0.763 0.079 0.995 -0.000 0.067 0.069 0.702 0.000 -0.711 0.047 0.994 -0.000 0.082 0.065 
0.997 -0.031 -0.048 -0.057 0.704 0.000 -0.709 0.025 0.974 0.000 -0.106 -0.200 0.743 0.000 -0.662 0.102 0.582 0.000 0.580 -0.570 0.642 0.000 -0.763 0.079 0.995 0.000 0.067 0.069 0.702 0.000 -0.711 0.047 0.994 0.000 0.082 0.065 
0.997 -0.032 -0.048 -0.057 0.704 0.000 -0.709 0.025 0.974 0.000 -0.106 -0.200 0.742 0.000 -0.663 0.103 0.581 0.000 0.589 -0.561 0.642 0.000 -0.763 0.080 0.995 0.000 0.067 0.069 0.702 -0.000 -0.711 0.047 0.994 0.000 0.082 0.065 
0.997 -0.032 -0.048 -0.057 0.704 0.000 -0.709 0.024 0.974 0.000 -0.106 -0.200 0.741 0.000 -0.663 0.104 0.581 0.000 0.599 -0.551 0.642 0.000 -0.763 0.080 0.995 -0.000 0.067 0.069 0.702 0.000 -0.711 0.047 0.994 0.000 0.082 0.065 
0.997 -0.032 -0.048 -0.056 0.704 0.000 -0.709 0.024 0.974 -0.000 -0.106 -0.200 0.741 0.000 -0.664 0.104 0.581 0.000 0.609 -0.540 0.642 0.000 -0.763 0.080 0.995 0.000 0.068 0.069 0.702 0.000 -0.711 0.047 0.994 0.000 0.082 0.065 
0.997 -0.032 -0.048 -0.056 0.704 0.000 -0.709 0.024 0.974 -0.000 -0.106 -0.200 0.740 0.000 -0.664 0.105 0.580 0.000 0.619 -0.529 0.642 0.000 -0.763 0.080 0.995 0.000 0.067 0.069 0.702 0.000 -0.711 0.047 0.994 0.000 0.083 0.065 
0.997 -0.032 -0.048 -0.056 0.704 0.000 -0.709 0.024 0.974 0.000 -0.106 -0.200 0.740 0.000 -0.665 0.106 0.580 -0.000 0.628 -0.519 0.642 0.000 -0.763 0.080 0.995 0.000 0.067 0.069 0.702 0.000 -0.711 0.047 0.994 0.000 0.083 0.065 
0.997 -0.032 -0.048 -0.057 0.704 -0.000 -0.709 0.024 0.974 0.000 -0.107 -0.200 0.739 0.000 -0.665 0.107 0.579 -0.000 0.639 -0.507 0.642 0.000 -0.763 0.081 0.995 0.000 0.068 0.069 0.702 0.000 -0.711 0.048 0.994 0.000 0.083 0.065 
0.997 -0.032 -0.048 -0.057 0.704 0.000 -0.710 0.024 0.974 0.000 -0.107 -0.200 0.738 0.000 -0.666 0.107 0.578 0.000 0.648 -0.495 0.642 0.000 -0.763 0.081 0.995 0.000 0.068 0.069 0.702 0.000 -0.711 0.048 0.994 -0.000 0.083 0.065 
0.997 -0.032 -0.048 -0.057 0.704 0.000 -0.709 0.024 0.974 0.000 -0.107 -0.200 0.738 0.000 -0.666 0.108 0.577 0.000 0.657 -0.484 0.642 0.000 -0.763 0.081 0.995 -0.000 0.068 0.068 0.702 -0.000 -0.711 0.048 0.994 0.000 0.083 0.065 
0.997 -0.033 -0.048 -0.057 0.704 0.000 -0.710 0.025 0.974 0.000 -0.107 -0.201 0.737 0.000 -0.667 0.109 0.577 0.000 0.666 -0.472 0.642 0.000 -0.763 0.082 0.995 0.000 0.068 0.068 0.702 0.000 -0.711 0.049 0.994 0.000 0.083 0.065 
0.997 -0.033 -0.048 -0.057 0.704 0.000 -0.710 0.024 0.974 0.000 -0.108 -0.200 0.737 0.000 -0.667 0.109 0.577 0.000 0.675 -0.459 0.642 -0.000 -0.763 0.081 0.995 0.000 0.068 0.069 0.702 0.000 -0.711 0.049 0.994 0.000 0.083 0.065 
0.997 -0.033 -0.048 -0.058 0.704 0.000 -0.710 0.025 0.974 0.000 -0.108 -0.200 0.737 0.000 -0.667 0.110 0.577 0.000 0.683 -0.447 0.641 0.000 -0.763 0.082 0.995 0.000 0.068 0.068 0.702 0.000 -0.711 0.049 0.994 0.000 0.083 0.065 
0.997 -0.033 -0.048 -0.058 0.704 0.000 -0.710 0.025 0.974 0.000 -0.109 -0.200 0.736 -0.000 -0.668 0.110 0.577 0.000 0.691 -0.435 0.642 0.000 -0.763 0.082 0.995 0.000 0.068 0.068 0.702 0.000 -0.711 0.049 0.994 0.000 0.083 0.065 
0.997 -0.033 -0.048 -0.058 0.704 0.000 -0.709 0.025 0.974 0.000 -0.109 -0.200 0.736 0.000 -0.668 0.112 0.577 0.000 0.698 -0.425 0.641 0.000 -0.763 0.082 0.995 0.000 0.068 0.068 0.701 0.000 -0.711 0.049 0.994 0.000 0.083 0.066 
0.997 -0.033 -0.048 -0.059 0.704 -0.000 -0.709 0.025 0.974 0.000 -0.109 -0.200 0.735 0.000 -0.668 0.112 0.578 0.000 0.705 -0.412 0.642 0.000 -0.763 0.083 0.995 0.000 0.068 0.068 0.702 0.000 -0.711 0.050 0.994 -0.000 0.083 0.065 
0.997 -0.033 -0.048 -0.059 0.704 -0.000 -0.709 0.026 0.974 0.000 -0.111 -0.200 0.735 -0.000 -0.669 0.112 0.578 0.000 0.711 -0.401 0.642 0.000 -0.763 0.082 0.995 0.000 0.068 0.068 0.702 -0.000 -0.711 0.050 0.994 0.000 0.083 0.065 
0.996 -0.034 -0.048 -0.060 0.704 0.000 -0.709 0.026 0.974 0.000 -0.111 -0.200 0.735 0.000 -0.669 0.112 0.578 0.000 0.717 -0.389 0.642 -0.000 -0.763 0.083 0.995 0.000 0.068 0.068 0.702 0.000 -0.711 0.050 0.994 0.000 0.083 0.065 
0.996 -0.034 -0.048 -0.060 0.705 0.000 -0.709 0.027 0.973 0.000 -0.112 -0.199 0.735 -0.000 -0.669 0.112 0.579 0.000 0.723 -0.378 0.642 0.000 -0.763 0.082 0.995 0.000 0.068 0.068 0.701 0.000 -0.711 0.050 0.994 0.000 0.083 0.066 
0.996 -0.034 -0.048 -0.061 0.705 0.000 -0.709 0.028 0.973 0.000 -0.113 -0.200 0.734 0.000 -0.670 0.114 0.579 -0.000 0.728 -0.368 0.642 -0.000 -0.762 0.083 0.995 0.000 0.068 0.067 0.701 0.000 -0.711 0.051 0.994 0.000 0.083 0.065 
0.996 -0.034 -0.048 -0.061 0.705 0.000 -0.709 0.028 0.973 -0.000 -0.114 -0.200 0.733 0.000 -0.670 0.114 0.580 -0.000 0.733 -0.357 0.642 0.000 -0.763 0.084 0.995 0.000 0.069 0.067 0.701 0.000 -0.711 0.052 0.994 0.000 0.083 0.065 
0.996 -0.034 -0.048 -0.062 0.705 0.000 -0.709 0.029 0.973 -0.000 -0.115 -0.199 0.733 0.000 -0.670 0.115 0.580 -0.000 0.737 -0.347 0.642 0.000 -0.762 0.084 0.995 -0.000 0.069 0.067 0.701 0.000 -0.711 0.052 0.994 0.000 0.083 0.066 
0.996 -0.034 -0.048 -0.062 0.705 0.000 -0.709 0.029 0.973 0.000 -0.115 -0.199 0.733 0.000 -0.671 0.115 0.581 0.000 0.741 -0.337 0.642 0.000 -0.762 0.084 0.995 0.000 0.069 0.066 0.701 0.000 -0.711 0.052 0.994 -0.000 0.083 0.066 
0.996 -0.035 -0.048 -0.062 0.705 0.000 -0.709 0.029 0.973 0.000 -0.116 -0.198 0.732 0.000 -0.671 0.116 0.582 -0.000 0.744 -0.329 0.642 0.000 -0.762 0.084 0.995 0.000 0.069 0.066 0.701 0.000 -0.711 0.053 0.994 -0.000 0.083 0.066 
0.996 -0.035 -0.048 -0.063 0.705 0.000 -0.709 0.029 0.973 0.000 -0.117 -0.198 0.732 -0.000 -0.671 0.117 0.583 0.000 0.746 -0.321 0.642 0.000 -0.762 0.085 0.995 0.000 0.069 0.066 0.701 0.000 -0.711 0.053 0.994 0.000 0.083 0.066 
0.996 -0.035 -0.048 -0.063 0.705 0.000 -0.708 0.029 0.974 0.000 -0.118 -0.196 0.731 0.000 -0.672 0.118 0.584 0.000 0.749 -0.313 0.642 -0.000 -0.762 0.085 0.995 -0.000 0.069 0.066 0.701 0.000 -0.711 0.053 0.994 0.000 0.083 0.066 
0.996 -0.035 -0.048 -0.063 0.706 0.000 -0.708 0.029 0.974 0.000 -0.118 -0.195 0.731 0.000 -0.672 0.118 0.585 0.000 0.752 -0.304 0.642 0.000 -0.762 0.085 0.995 0.000 0.069 0.066 0.701 0.000 -0.711 0.053 0.994 0.000 0.083 0.066 
0.996 -0.035 -0.048 -0.063 0.706 -0.000 -0.708 0.030 0.974 0.000 -0.119 -0.195 0.730 -0.000 -0.673 0.119 0.585 0.000 0.754 -0.298 0.642 -0.000 -0.762 0.086 0.995 0.000 0.069 0.065 0.701 -0.000 -0.711 0.053 0.994 0.000 0.083 0.066 
0.996 -0.035 -0.048 -0.063 0.706 0.000 -0.708 0.030 0.974 0.000 -0.119 -0.195 0.730 0.000 -0.673 0.119 0.586 0.000 0.757 -0.290 0.642 0.000 -0.762 0.086 0.995 0.000 0.070 0.065 0.701 0.000 -0.711 0.054 0.994 0.000 0.083 0.066 
0.996 -0.035 -0.048 -0.063 0.706 0.000 -0.707 0.031 0.974 0.000 -0.119 -0.194 0.729 0.000 -0.674 0.119 0.586 0.000 0.759 -0.283 0.642 0.000 -0.762 0.086 0.995 0.000 0.070 0.065 0.701 0.000 -0.711 0.053 0.994 0.000 0.083 0.066 
0.996 -0.036 -0.048 -0.063 0.706 0.000 -0.707 0.031 0.974 0.000 -0.119 -0.193 0.729 0.000 -0.674 0.121 0.587 -0.000 0.760 -0.280 0.642 0.000 -0.762 0.087 0.995 0.000 0.070 0.065 0.701 0.000 -0.711 0.054 0.994 0.000 0.083 0.066 
0.996 -0.036 -0.048 -0.063 0.706 0.000 -0.707 0.032 0.974 -0.000 -0.120 -0.193 0.728 0.000 -0.675 0.120 0.587 0.000 0.762 -0.274 0.642 0.000 -0.762 0.087 0.995 -0.000 0.070 0.065 0.701 0.000 -0.711 0.054 0.994 0.000 0.083 0.066 
0.996 -0.036 -0.048 -0.063 0.707 0.000 -0.707 0.032 0.974 -0.000 -0.120 -0.193 0.728 -0.000 -0.675 0.120 0.587 -0.000 0.764 -0.266 0.642 -0.000 -0.762 0.088 0.995 0.000 0.070 0.064 0.701 0.000 -0.711 0.055 0.994 0.000 0.083 0.066 
0.996 -0.037 -0.048 -0.063 0.707 0.000 -0.707 0.033 0.974 0.000 -0.120 -0.192 0.728 0.000 -0.675 0.119 0.588 0.000 0.766 -0.260 0.642 0.000 -0.762 0.089 0.995 0.000 0.070 0.064 0.701 0.000 -0.711 0.055 0.994 -0.000 0.083 0.066 
0.996 -0.037 -0.048 -0.062 0.707 0.000 -0.706 0.034 0.974 0.000 -0.120 -0.192 0.728 0.000 -0.676 0.117 0.588 0.000 0.768 -0.254 0.642 -0.000 -0.762 0.090 0.995 0.000 0.070 0.064 0.701 0.000 -0.711 0.055 0.994 0.000 0.083 0.066 
0.996 -0.038 -0.048 -0.062 0.707 -0.000 -0.706 0.034 0.974 0.000 -0.120 -0.192 0.727 -0.000 -0.676 0.116 0.589 0.000 0.769 -0.248 0.642 0.000 -0.762 0.091 0.995 0.000 0.070 0.064 0.701 0.000 -0.711 0.056 0.994 0.000 0.083 0.066 
0.996 -0.038 -0.048 -0.062 0.708 0.000 -0.706 0.035 0.974 0.000 -0.120 -0.191 0.727 0.000 -0.677 0.116 0.590 0.000 0.770 -0.243 0.642 0.000 -0.761 0.091 0.995 0.000 0.070 0.064 0.701 0.000 -0.711 0.057 0.994 0.000 0.083 0.066 
0.996 -0.039 -0.048 -0.062 0.708 0.000 -0.706 0.035 0.974 0.000 -0.120 -0.191 0.727 -0.000 -0.677 0.115 0.591 0.000 0.771 -0.237 0.642 0.000 -0.761 0.092 0.995 0.000 0.071 0.064 0.701 0.000 -0.711 0.058 0.994 0.000 0.083 0.065 
0.996 -0.039 -0.048 -0.061 0.708 0.000 -0.705 0.036 0.974 0.000 -0.120 -0.191 0.726 0.000 -0.678 0.113 0.593 0.000 0.772 -0.231 0.642 0.000 -0.761 0.093 0.995 0.000 0.071 0.063 0.701 0.000 -0.711 0.058 0.994 0.000 0.083 0.066 
0.996 -0.039 -0.048 -0.061 0.708 0.000 -0.705 0.036 0.974 0.000 -0.119 -0.191 0.726 0.000 -0.678 0.113 0.593 0.000 0.773 -0.226 0.642 0.000 -0.761 0.094 0.995 0.000 0.071 0.063 0.701 0.000 -0.711 0.058 0.994 0.000 0.083 0.065 
0.996 -0.040 -0.048 -0.061 0.708 0.000 -0.705 0.037 0.974 0.000 -0.119 -0.191 0.726 0.000 -0.679 0.113 0.594 0.000 0.774 -0.220 0.642 0.000 -0.761 0.094 0.995 0.000 0.071 0.063 0.701 -0.000 -0.711 0.059 0.994 0.000 0.083 0.065 
0.996 -0.040 -0.048 -0.060 0.708 0.000 -0.705 0.037 0.974 -0.000 -0.119 -0.191 0.725 -0.000 -0.679 0.113 0.595 0.000 0.774 -0.217 0.642 0.000 -0.761 0.095 0.995 0.000 0.071 0.063 0.701 0.000 -0.711 0.059 0.994 -0.000 0.083 0.065 
0.996 -0.040 -0.048 -0.060 0.709 0.000 -0.705 0.038 0.974 -0.000 -0.119 -0.191 0.725 0.000 -0.680 0.113 0.595 0.000 0.775 -0.214 0.642 0.000 -0.761 0.094 0.995 0.000 0.071 0.064 0.701 0.000 -0.711 0.058 0.994 0.000 0.083 0.066 
0.996 -0.040 -0.048 -0.059 0.709 -0.000 -0.704 0.038 0.974 0.000 -0.119 -0.191 0.724 0.000 -0.680 0.113 0.596 0.000 0.775 -0.209 0.642 0.000 -0.761 0.095 0.995 0.000 0.071 0.064 0.701 0.000 -0.711 0.059 0.994 -0.000 0.083 0.066 
0.996 -0.040 -0.048 -0.059 0.709 0.000 -0.704 0.038 0.974 0.000 -0.119 -0.191 0.724 0.000 -0.681 0.113 0.596 0.000 0.776 -0.207 0.642 0.000 -0.761 0.095 0.995 0.000 0.071 0.063 0.701 0.000 -0.711 0.058 0.994 -0.000 0.083 0.066 
0.996 -0.041 -0.048 -0.058 0.709 0.000 -0.704 0.038 0.974 0.000 -0.119 -0.191 0.724 -0.000 -0.681 0.114 0.596 0.000 0.776 -0.205 0.642 0.000 -0.761 0.096 0.995 0.000 0.071 0.063 0.701 0.000 -0.711 0.059 0.994 0.000 0.083 0.065 
0.996 -0.041 -0.048 -0.057 0.709 -0.000 -0.704 0.039 0.974 0.000 -0.119 -0.191 0.724 0.000 -0.681 0.114 0.596 -0.000 0.777 -0.203 0.642 0.000 -0.761 0.097 0.995 0.000 0.071 0.063 0.701 0.000 -0.711 0.059 0.994 0.000 0.083 0.065 
0.996 -0.041 -0.048 -0.057 0.710 0.000 -0.704 0.039 0.974 0.000 -0.119 -0.191 0.724 0.000 -0.681 0.114 0.596 -0.000 0.777 -0.202 0.642 0.000 -0.761 0.097 0.996 -0.000 0.071 0.063 0.701 0.000 -0.711 0.059 0.994 0.000 0.083 0.065 
0.996 -0.041 -0.048 -0.056 0.710 0.000 -0.703 0.038 0.974 0.000 -0.119 -0.191 0.724 0.000 -0.681 0.114 0.596 0.000 0.778 -0.199 0.642 -0.000 -0.761 0.098 0.996 0.000 0.071 0.063 0.701 0.000 -0.711 0.059 0.994 0.000 0.083 0.065 
0.996 -0.042 -0.048 -0.056 0.710 0.000 -0.703 0.038 0.974 0.000 -0.119 -0.191 0.723 0.000 -0.681 0.114 0.596 0.000 0.778 -0.198 0.642 0.000 -0.761 0.098 0.996 0.000 0.071 0.063 0.701 0.000 -0.711 0.059 0.994 0.000 0.083 0.065 
0.996 -0.042 -0.047 -0.055 0.710 0.000 -0.703 0.038 0.974 0.000 -0.118 -0.191 0.723 0.000 -0.681 0.115 0.596 -0.000 0.778 -0.197 0.642 0.000 -0.761 0.099 0.995 0.000 0.072 0.062 0.701 0.000 -0.711 0.060 0.994 0.000 0.083 0.065 
0.996 -0.042 -0.048 -0.055 0.710 0.000 -0.703 0.038 0.974 -0.000 -0.118 -0.191 0.723 0.000 -0.681 0.115 0.596 0.000 0.779 -0.197 0.642 0.000 -0.760 0.100 0.996 0.000 0.071 0.062 0.701 0.000 -0.711 0.060 0.994 0.000 0.083 0.065 
0.996 -0.042 -0.047 -0.054 0.710 0.000 -0.703 0.038 0.975 0.000 -0.118 -0.190 0.723 0.000 -0.681 0.115 0.596 0.000 0.779 -0.194 0.642 0.000 -0.760 0.100 0.996 0.000 0.071 0.063 0.701 0.000 -0.711 0.060 0.994 0.000 0.083 0.065 
0.997 -0.043 -0.047 -0.054 0.711 0.000 -0.703 0.038 0.974 0.000 -0.119 -0.191 0.723 0.000 -0.681 0.114 0.596 0.000 0.780 -0.192 0.642 0.000 -0.760 0.101 0.996 0.000 0.071 0.062 0.701 0.000 -0.711 0.060 0.994 0.000 0.083 0.065 
0.997 -0.043 -0.047 -0.053 0.711 0.000 -0.703 0.038 0.975 0.000 -0.118 -0.190 0.723 0.000 -0.681 0.115 0.596 0.000 0.780 -0.192 0.642 0.000 -0.760 0.101 0.996 0.000 0.071 0.062 0.701 0.000 -0.711 0.060 0.994 -0.000 0.083 0.065 
0.997 -0.043 -0.047 -0.053 0.711 0.000 -0.702 0.037 0.975 0.000 -0.118 -0.191 0.723 0.000 -0.681 0.114 0.596 0.000 0.780 -0.190 0.642 -0.000 -0.760 0.102 0.996 -0.000 0.071 0.062 0.701 0.000 -0.711 0.060 0.994 0.000 0.083 0.065 
0.997 -0.043 -0.047 -0.052 0.711 0.000 -0.702 0.037 0.974 0.000 -0.118 -0.191 0.723 0.000 -0.681 0.114 0.596 0.000 0.780 -0.190 0.642 0.000 -0.760 0.102 0.996 0.000 0.071 0.062 0.701 0.000 -0.711 0.060 0.994 0.000 0.083 0.065 
0.997 -0.043 -0.047 -0.052 0.711 0.000 -0.702 0.037 0.974 0.000 -0.118 -0.191 0.723 0.000 -0.682 0.114 0.596 0.000 0.781 -0.190 0.642 0.000 -0.760 0.102 0.996 0.000 0.071 0.062 0.701 0.000 -0.711 0.060 0.994 0.000 0.083 0.065 
0.997 -0.043 -0.047 -0.052 0.711 0.000 -0.702 0.037 0.974 0.000 -0.118 -0.191 0.723 0.000 -0.682 0.115 0.595 0.000 0.781 -0.190 0.642 0.000 -0.760 0.103 0.996 0.000 0.071 0.062 0.701 0.000 -0.711 0.060 0.994 0.000 0.083 0.065 
0.997 -0.043 -0.047 -0.051 0.711 0.000 -0.702 0.036 0.974 0.000 -0.118 -0.191 0.722 0.000 -0.682 0.115 0.595 0.000 0.781 -0.190 0.642 0.000 -0.760 0.103 0.996 0.000 0.071 0.062 0.701 0.000 -0.711 0.060 0.994 0.000 0.082 0.065 
0.997 -0.043 -0.047 -0.051 0.711 0.000 -0.702 0.036 0.974 -0.000 -0.118 -0.191 0.722 0.000 -0.682 0.114 0.595 -0.000 0.781 -0.190 0.641 0.000 -0.760 0.103 0.995 0.000 0.072 0.062 0.701 0.000 -0.711 0.060 0.994 0.000 0.083 0.065 
0.997 -0.043 -0.047 -0.051 0.711 0.000 -0.702 0.035 0.974 0.000 -0.119 -0.192 0.722 0.000 -0.682 0.114 0.595 0.000 0.781 -0.190 0.642 0.000 -0.760 0.103 0.996 -0.000 0.072 0.062 0.701 0.000 -0.711 0.060 0.994 -0.000 0.082 0.065 
0.997 -0.044 -0.047 -0.051 0.711 0.000 -0.702 0.035 0.974 0.000 -0.119 -0.192 0.722 -0.000 -0.682 0.113 0.595 0.000 0.781 -0.189 0.641 0.000 -0.760 0.103 0.995 -0.000 0.072 0.062 0.701 0.000 -0.711 0.060 0.994 0.000 0.083 0.066 
0.997 -0.044 -0.047 -0.050 0.711 0.000 -0.702 0.034 0.974 0.000 -0.119 -0.192 0.722 0.000 -0.683 0.113 0.595 0.000 0.781 -0.189 0.641 0.000 -0.760 0.103 0.995 0.000 0.072 0.063 0.701 0.000 -0.711 0.059 0.994 0.000 0.082 0.065 
0.997 -0.044 -0.047 -0.050 0.712 0.000 -0.702 0.034 0.974 -0.000 -0.119 -0.192 0.722 -0.000 -0.683 0.112 0.595 0.000 0.781 -0.189 0.641 0.000 -0.760 0.103 0.995 0.000 0.072 0.063 0.701 0.000 -0.711 0.059 0.994 0.000 0.082 0.066 
0.997 -0.043 -0.047 -0.050 0.712 0.000 -0.702 0.034 0.974 0.000 -0.119 -0.192 0.722 0.000 -0.683 0.111 0.595 -0.000 0.781 -0.189 0.641 0.000 -0.760 0.103 0.995 0.000 0.072 0.063 0.701 0.000 -0.711 0.059 0.994 -0.000 0.082 0.066 
0.997 -0.044 -0.047 -0.049 0.712 -0.000 -0.702 0.034 0.974 -0.000 -0.119 -0.193 0.722 0.000 -0.683 0.109 0.595 0.000 0.781 -0.188 0.641 0.000 -0.760 0.103 0.995 0.000 0.071 0.063 0.701 0.000 -0.711 0.059 0.994 0.000 0.082 0.066 
0.997 -0.044 -0.047 -0.049 0.712 0.000 -0.702 0.034 0.974 0.000 -0.120 -0.193 0.722 -0.000 -0.683 0.108 0.595 0.000 0.781 -0.188 0.641 0.000 -0.760 0.102 0.995 0.000 0.071 0.063 0.701 0.000 -0.711 0.058 0.994 -0.000 0.082 0.066 
0.997 -0.043 -0.047 -0.049 0.712 0.000 -0.701 0.033 0.974 0.000 -0.120 -0.193 0.722 0.000 -0.683 0.107 0.595 0.000 0.781 -0.188 0.641 0.000 -0.760 0.102 0.995 0.000 0.071 0.064 0.701 0.000 -0.711 0.058 0.994 0.000 0.082 0.066 
0.997 -0.044 -0.047 -0.049 0.712 0.000 -0.701 0.033 0.974 0.000 -0.120 -0.193 0.723 0.000 -0.683 0.106 0.595 0.000 0.782 -0.188 0.641 -0.000 -0.760 0.102 0.995 0.000 0.071 0.064 0.701 0.000 -0.711 0.058 0.994 -0.000 0.082 0.067 
0.997 -0.044 -0.047 -0.049 0.712 0.000 -0.701 0.033 0.974 -0.000 -0.120 -0.194 0.723 0.000 -0.683 0.105 0.595 0.000 0.782 -0.188 0.641 0.000 -0.760 0.102 0.995 0.000 0.071 0.064 0.701 0.000 -0.710 0.058 0.994 0.000 0.082 0.066 
0.997 -0.044 -0.047 -0.049 0.712 0.000 -0.701 0.032 0.974 0.000 -0.121 -0.194 0.723 -0.000 -0.683 0.103 0.595 0.000 0.782 -0.187 0.642 -0.000 -0.760 0.102 0.995 0.000 0.071 0.064 0.701 0.000 -0.711 0.058 0.994 -0.000 0.082 0.067 
0.997 -0.044 -0.047 -0.048 0.712 0.000 -0.701 0.031 0.974 -0.000 -0.120 -0.193 0.723 0.000 -0.683 0.102 0.594 0.000 0.782 -0.188 0.641 0.000 -0.760 0.102 0.995 -0.000 0.071 0.064 0.701 0.000 -0.710 0.058 0.994 0.000 0.082 0.067 
0.997 -0.044 -0.047 -0.048 0.712 0.000 -0.701 0.031 0.974 0.000 -0.121 -0.194 0.723 0.000 -0.683 0.102 0.594 0.000 0.782 -0.190 0.641 0.000 -0.760 0.102 0.995 0.000 0.071 0.064 0.701 0.000 -0.710 0.058 0.994 0.000 0.082 0.067 
0.997 -0.044 -0.047 -0.048 0.712 0.000 -0.701 0.030 0.974 0.000 -0.121 -0.193 0.723 0.000 -0.683 0.102 0.593 0.000 0.782 -0.192 0.641 0.000 -0.760 0.102 0.995 0.000 0.071 0.064 0.701 0.000 -0.710 0.058 0.994 0.000 0.082 0.067 
0.997 -0.044 -0.047 -0.048 0.712 0.000 -0.701 0.030 0.974 0.000 -0.120 -0.193 0.723 0.000 -0.683 0.101 0.593 0.000 0.781 -0.194 0.641 0.000 -0.760 0.102 0.995 0.000 0.071 0.064 0.701 0.000 -0.710 0.058 0.994 0.000 0.082 0.067 
0.997 -0.044 -0.047 -0.048 0.712 0.000 -0.702 0.029 0.974 0.000 -0.120 -0.193 0.723 0.000 -0.683 0.102 0.593 0.000 0.781 -0.196 0.641 -0.000 -0.760 0.102 0.995 0.000 0.071 0.064 0.701 0.000 -0.710 0.057 0.994 0.000 0.082 0.067 
0.997 -0.044 -0.047 -0.048 0.712 0.000 -0.702 0.028 0.974 0.000 -0.121 -0.194 0.723 -0.000 -0.683 0.101 0.592 0.000 0.781 -0.197 0.641 0.000 -0.761 0.102 0.995 0.000 0.071 0.064 0.701 0.000 -0.710 0.057 0.994 0.000 0.082 0.067 
0.997 -0.044 -0.047 -0.048 0.712 0.000 -0.702 0.028 0.974 -0.000 -0.120 -0.194 0.723 0.000 -0.683 0.101 0.592 0.000 0.781 -0.200 0.641 0.000 -0.761 0.102 0.995 0.000 0.071 0.064 0.701 0.000 -0.710 0.057 0.994 0.000 0.082 0.067 
0.997 -0.044 -0.047 -0.048 0.712 0.000 -0.702 0.027 0.974 -0.000 -0.120 -0.194 0.723 0.000 -0.683 0.101 0.592 0.000 0.780 -0.203 0.641 0.000 -0.761 0.102 0.995 0.000 0.071 0.064 0.701 0.000 -0.711 0.057 0.994 0.000 0.082 0.067 
0.997 -0.044 -0.047 -0.048 0.712 0.000 -0.702 0.026 0.974 0.000 -0.120 -0.194 0.723 0.000 -0.683 0.102 0.592 0.000 0.779 -0.205 0.641 0.000 -0.761 0.103 0.995 -0.000 0.071 0.063 0.701 0.000 -0.710 0.058 0.994 -0.000 0.082 0.067 
0.997 -0.044 -0.047 -0.048 0.712 0.000 -0.702 0.026 0.974 0.000 -0.120 -0.194 0.723 0.000 -0.683 0.102 0.592 0.000 0.779 -0.207 0.641 0.000 -0.760 0.103 0.995 0.000 0.071 0.063 0.701 0.000 -0.710 0.058 0.994 0.000 0.082 0.067 
0.997 -0.044 -0.047 -0.048 0.712 -0.000 -0.702 0.025 0.974 0.000 -0.119 -0.195 0.723 -0.000 -0.683 0.102 0.592 -0.000 0.779 -0.209 0.641 0.000 -0.761 0.103 0.995 0.000 0.071 0.063 0.701 0.000 -0.710 0.058 0.994 -0.000 0.082 0.067 
0.997 -0.044 -0.047 -0.048 0.711 0.000 -0.702 0.025 0.974 -0.000 -0.119 -0.195 0.723 0.000 -0.683 0.102 0.592 0.000 0.778 -0.211 0.641 0.000 -0.761 0.103 0.995 0.000 0.071 0.063 0.701 0.000 -0.710 0.058 0.994 0.000 0.082 0.067 
0.997 -0.044 -0.047 -0.048 0.711 0.000 -0.702 0.024 0.974 0.000 -0.119 -0.195 0.723 0.000 -0.683 0.102 0.591 0.000 0.778 -0.213 0.641 0.000 -0.760 0.104 0.995 0.000 0.071 0.063 0.701 0.000 -0.710 0.058 0.994 0.000 0.082 0.067 
0.997 -0.044 -0.047 -0.048 0.711 0.000 -0.703 0.024 0.974 0.000 -0.118 -0.195 0.723 0.000 -0.683 0.103 0.591 -0.000 0.777 -0.215 0.641 0.000 -0.760 0.104 0.995 -0.000 0.071 0.063 0.701 0.000 -0.710 0.058 0.994 0.000 0.083 0.066 
0.997 -0.044 -0.047 -0.048 0.711 -0.000 -0.703 0.023 0.974 0.000 -0.118 -0.196 0.723 0.000 -0.683 0.103 0.591 0.000 0.777 -0.216 0.641 0.000 -0.761 0.103 0.995 0.000 0.071 0.063 0.702 -0.000 -0.710 0.058 0.994 0.000 0.082 0.067 
0.997 -0.044 -0.047 -0.049 0.711 0.000 -0.703 0.023 0.973 0.000 -0.118 -0.196 0.723 0.000 -0.683 0.103 0.591 0.000 0.776 -0.218 0.641 0.000 -0.760 0.104 0.996 0.000 0.071 0.063 0.702 -0.000 -0.710 0.059 0.994 0.000 0.082 0.066 
0.997 -0.044 -0.047 -0.049 0.710 0.000 -0.703 0.023 0.973 0.000 -0.118 -0.197 0.723 0.000 -0.683 0.104 0.591 -0.000 0.776 -0.219 0.641 0.000 -0.761 0.103 0.996 -0.000 0.071 0.063 0.702 0.000 -0.710 0.058 0.994 0.000 0.082 0.066 
0.997 -0.044 -0.047 -0.049 0.710 0.000 -0.704 0.022 0.973 0.000 -0.118 -0.197 0.723 -0.000 -0.683 0.104 0.591 0.000 0.776 -0.220 0.641 0.000 -0.761 0.103 0.996 0.000 0.071 0.063 0.702 0.000 -0.710 0.058 0.994 0.000 0.082 0.066 
0.997 -0.044 -0.047 -0.049 0.710 0.000 -0.704 0.022 0.973 0.000 -0.118 -0.197 0.723 -0.000 -0.683 0.105 0.592 0.000 0.775 -0.223 0.641 0.000 -0.761 0.103 0.996 0.000 0.071 0.062 0.702 0.000 -0.710 0.059 0.994 0.000 0.082 0.066 
0.997 -0.044 -0.047 -0.049 0.710 0.000 -0.704 0.022 0.973 0.000 -0.118 -0.198 0.723 0.000 -0.683 0.105 0.592 0.000 0.774 -0.226 0.641 0.000 -0.761 0.103 0.996 0.000 0.071 0.062 0.702 0.000 -0.710 0.058 0.994 0.000 0.083 0.067 
0.997 -0.044 -0.047 -0.050 0.710 0.000 -0.704 0.021 0.973 0.000 -0.118 -0.197 0.723 0.000 -0.683 0.105 0.592 0.000 0.773 -0.228 0.641 0.000 -0.761 0.103 0.996 0.000 0.071 0.062 0.701 0.000 -0.710 0.059 0.994 0.000 0.083 0.066 
0.997 -0.044 -0.047 -0.050 0.710 -0.000 -0.704 0.021 0.973 0.000 -0.118 -0.197 0.723 -0.000 -0.683 0.105 0.592 0.000 0.773 -0.230 0.641 0.000 -0.761 0.103 0.996 0.000 0.071 0.062 0.702 0.000 -0.710 0.059 0.994 0.000 0.083 0.066 
0.997 -0.044 -0.047 -0.050 0.709 0.000 -0.705 0.021 0.973 0.000 -0.118 -0.198 0.723 0.000 -0.683 0.106 0.592 0.000 0.772 -0.232 0.641 0.000 -0.761 0.104 0.996 0.000 0.071 0.062 0.702 0.000 -0.710 0.059 0.994 0.000 0.083 0.066 
0.997 -0.044 -0.047 -0.050 0.709 0.000 -0.705 0.021 0.973 0.000 -0.118 -0.198 0.723 0.000 -0.682 0.106 0.592 0.000 0.771 -0.235 0.641 0.000 -0.761 0.104 0.996 0.000 0.071 0.062 0.702 0.000 -0.710 0.059 0.994 0.000 0.083 0.067 
0.997 -0.044 -0.047 -0.051 0.709 0.000 -0.705 0.021 0.973 0.000 -0.119 -0.198 0.723 0.000 -0.682 0.106 0.592 0.000 0.770 -0.239 0.641 0.000 -0.761 0.103 0.996 0.000 0.071 0.062 0.702 -0.000 -0.710 0.059 0.994 0.000 0.083 0.066 
0.997 -0.044 -0.047 -0.051 0.709 0.000 -0.705 0.021 0.973 0.000 -0.119 -0.198 0.724 0.000 -0.682 0.107 0.592 0.000 0.768 -0.244 0.641 0.000 -0.761 0.103 0.996 0.000 0.071 0.062 0.702 0.000 -0.710 0.059 0.994 0.000 0.083 0.066 
0.997 -0.044 -0.047 -0.051 0.709 0.000 -0.705 0.021 0.973 -0.000 -0.119 -0.198 0.724 0.000 -0.682 0.107 0.592 0.000 0.767 -0.248 0.641 0.000 -0.761 0.104 0.996 0.000 0.071 0.062 0.702 0.000 -0.710 0.059 0.994 0.000 0.083 0.067 
0.997 -0.044 -0.047 -0.051 0.709 0.000 -0.705 0.021 0.973 0.000 -0.119 -0.197 0.724 -0.000 -0.681 0.107 0.592 0.000 0.765 -0.252 0.641 -0.000 -0.761 0.104 0.996 0.000 0.071 0.062 0.702 0.000 -0.710 0.059 0.994 0.000 0.083 0.066 
0.997 -0.044 -0.047 -0.051 0.709 0.000 -0.705 0.020 0.973 0.000 -0.119 -0.197 0.724 0.000 -0.681 0.108 0.592 -0.000 0.764 -0.258 0.641 0.000 -0.761 0.104 0.996 0.000 0.071 0.062 0.702 -0.000 -0.710 0.059 0.994 0.000 0.083 0.067 
0.997 -0.044 -0.047 -0.051 0.709 0.000 -0.705 0.021 0.973 0.000 -0.119 -0.197 0.724 0.000 -0.681 0.108 0.592 0.000 0.761 -0.264 0.641 0.000 -0.761 0.104 0.996 0.000 0.071 0.062 0.702 0.000 -0.710 0.059 0.994 0.000 0.083 0.067 
0.997 -0.044 -0.047 -0.051 0.708 0.000 -0.705 0.020 0.973 0.000 -0.119 -0.197 0.725 0.000 -0.681 0.109 0.592 0.000 0.760 -0.270 0.641 0.000 -0.761 0.104 0.996 0.000 0.071 0.062 0.702 0.000 -0.710 0.059 0.994 0.000 0.083 0.067 
0.997 -0.044 -0.047 -0.051 0.708 0.000 -0.706 0.020 0.973 0.000 -0.119 -0.196 0.725 0.000 -0.680 0.109 0.592 0.000 0.757 -0.276 0.641 0.000 -0.761 0.104 0.996 -0.000 0.071 0.062 0.702 0.000 -0.710 0.059 0.994 0.000 0.083 0.067 
0.997 -0.045 -0.047 -0.051 0.708 0.000 -0.706 0.020 0.973 0.000 -0.119 -0.196 0.725 0.000 -0.680 0.109 0.592 0.000 0.754 -0.283 0.641 -0.000 -0.761 0.104 0.996 0.000 0.071 0.062 0.702 0.000 -0.710 0.059 0.994 0.000 0.083 0.067 
0.997 -0.045 -0.047 -0.051 0.708 0.000 -0.706 0.021 0.973 0.000 -0.119 -0.196 0.725 -0.000 -0.680 0.109 0.592 0.000 0.752 -0.290 0.641 0.000 -0.761 0.104 0.996 0.000 0.071 0.062 0.702 -0.000 -0.710 0.059 0.994 0.000 0.083 0.067 
0.997 -0.045 -0.047 -0.051 0.708 0.000 -0.706 0.021 0.973 0.000 -0.118 -0.196 0.725 0.000 -0.680 0.109 0.592 0.000 0.750 -0.296 0.641 0.000 -0.761 0.104 0.996 -0.000 0.071 0.062 0.702 0.000 -0.710 0.059 0.994 0.000 0.083 0.067 
0.997 -0.045 -0.047 -0.051 0.708 0.000 -0.706 0.021 0.973 0.000 -0.118 -0.196 0.726 0.000 -0.679 0.109 0.592 0.000 0.747 -0.302 0.641 0.000 -0.761 0.104 0.996 0.000 0.071 0.062 0.702 0.000 -0.710 0.059 0.994 0.000 0.083 0.067 
0.997 -0.045 -0.047 -0.051 0.708 0.000 -0.706 0.021 0.974 -0.000 -0.118 -0.196 0.726 0.000 -0.679 0.108 0.592 0.000 0.746 -0.306 0.641 0.000 -0.761 0.105 0.996 0.000 0.071 0.062 0.702 0.000 -0.710 0.060 0.994 0.000 0.083 0.067 
0.997 -0.045 -0.047 -0.051 0.708 0.000 -0.706 0.022 0.974 0.000 -0.118 -0.196 0.726 0.000 -0.679 0.107 0.592 0.000 0.744 -0.311 0.641 -0.000 -0.761 0.105 0.996 -0.000 0.071 0.062 0.702 0.000 -0.710 0.060 0.994 0.000 0.083 0.067 
0.997 -0.045 -0.047 -0.050 0.708 0.000 -0.706 0.022 0.974 -0.000 -0.117 -0.196 0.726 0.000 -0.679 0.107 0.592 -0.000 0.741 -0.317 0.641 0.000 -0.761 0.105 0.996 0.000 0.071 0.062 0.702 0.000 -0.710 0.060 0.994 0.000 0.083 0.067 
0.997 -0.045 -0.047 -0.050 0.707 0.000 -0.706 0.022 0.974 0.000 -0.117 -0.195 0.726 0.000 -0.679 0.107 0.591 0.000 0.739 -0.323 0.641 0.000 -0.761 0.105 0.995 0.000 0.071 0.063 0.702 0.000 -0.710 0.060 0.994 0.000 0.083 0.067 
0.997 -0.045 -0.047 -0.050 0.708 0.000 -0.706 0.022 0.974 0.000 -0.117 -0.195 0.727 0.000 -0.679 0.106 0.591 0.000 0.738 -0.326 0.641 0.000 -0.761 0.105 0.995 0.000 0.071 0.063 0.702 0.000 -0.710 0.060 0.994 0.000 0.083 0.067 
0.997 -0.045 -0.047 -0.050 0.708 0.000 -0.706 0.022 0.974 0.000 -0.117 -0.195 0.727 -0.000 -0.679 0.106 0.591 0.000 0.736 -0.331 0.641 0.000 -0.761 0.105 0.995 0.000 0.071 0.063 0.702 -0.000 -0.710 0.060 0.994 0.000 0.083 0.067 
0.997 -0.045 -0.047 -0.049 0.708 -0.000 -0.706 0.022 0.974 0.000 -0.116 -0.196 0.727 -0.000 -0.679 0.104 0.590 0.000 0.735 -0.335 0.641 0.000 -0.761 0.105 0.995 -0.000 0.071 0.063 0.702 0.000 -0.710 0.059 0.994 0.000 0.083 0.067 
0.997 -0.046 -0.047 -0.049 0.708 0.000 -0.706 0.023 0.974 0.000 -0.116 -0.196 0.728 0.000 -0.678 0.102 0.590 0.000 0.734 -0.336 0.641 0.000 -0.761 0.105 0.995 -0.000 0.071 0.063 0.702 0.000 -0.710 0.059 0.994 -0.000 0.083 0.067 
0.997 -0.046 -0.047 -0.049 0.708 0.000 -0.706 0.023 0.974 0.000 -0.116 -0.196 0.728 0.000 -0.678 0.101 0.590 0.000 0.733 -0.339 0.641 -0.000 -0.761 0.105 0.995 0.000 0.071 0.063 0.702 0.000 -0.710 0.059 0.994 -0.000 0.083 0.067 
0.997 -0.046 -0.046 -0.049 0.708 0.000 -0.706 0.023 0.974 0.000 -0.116 -0.196 0.728 0.000 -0.679 0.099 0.589 0.000 0.734 -0.338 0.641 0.000 -0.761 0.105 0.995 -0.000 0.072 0.063 0.702 0.000 -0.710 0.060 0.994 0.000 0.083 0.067 
0.997 -0.046 -0.047 -0.049 0.708 0.000 -0.706 0.023 0.974 0.000 -0.115 -0.196 0.728 0.000 -0.678 0.098 0.589 0.000 0.733 -0.341 0.641 0.000 -0.761 0.105 0.995 0.000 0.072 0.063 0.702 -0.000 -0.710 0.060 0.994 -0.000 0.083 0.067 
0.997 -0.046 -0.047 -0.049 0.708 -0.000 -0.706 0.023 0.974 0.000 -0.115 -0.196 0.728 0.000 -0.678 0.097 0.588 0.000 0.733 -0.342 0.641 0.000 -0.761 0.105 0.995 0.000 0.071 0.063 0.702 -0.000 -0.710 0.060 0.994 0.000 0.083 0.067 
0.997 -0.046 -0.047 -0.049 0.708 -0.000 -0.706 0.023 0.974 0.000 -0.114 -0.197 0.729 0.000 -0.678 0.095 0.589 0.000 0.732 -0.342 0.641 0.000 -0.761 0.105 0.995 -0.000 0.072 0.063 0.702 0.000 -0.710 0.060 0.994 0.000 0.083 0.067 
0.997 -0.046 -0.047 -0.049 0.708 0.000 -0.706 0.024 0.974 0.000 -0.114 -0.197 0.729 0.000 -0.677 0.095 0.588 0.000 0.731 -0.345 0.641 0.000 -0.761 0.105 0.995 0.000 0.072 0.063 0.702 0.000 -0.710 0.060 0.994 0.000 0.082 0.067 
0.997 -0.046 -0.047 -0.049 0.708 -0.000 -0.706 0.024 0.974 0.000 -0.114 -0.197 0.730 0.000 -0.677 0.094 0.588 0.000 0.730 -0.348 0.641 0.000 -0.761 0.105 0.995 0.000 0.072 0.063 0.702 0.000 -0.710 0.060 0.994 0.000 0.083 0.067 
0.997 -0.046 -0.047 -0.049 0.708 0.000 -0.706 0.024 0.974 0.000 -0.114 -0.197 0.730 0.000 -0.677 0.095 0.588 0.000 0.729 -0.351 0.641 0.000 -0.761 0.105 0.995 -0.000 0.072 0.064 0.702 0.000 -0.710 0.060 0.994 0.000 0.083 0.067 
0.997 -0.046 -0.047 -0.050 0.708 0.000 -0.706 0.024 0.974 0.000 -0.114 -0.197 0.731 -0.000 -0.676 0.095 0.588 0.000 0.727 -0.355 0.641 0.000 -0.761 0.105 0.995 0.000 0.071 0.063 0.702 0.000 -0.710 0.060 0.994 0.000 0.083 0.067 
0.997 -0.046 -0.047 -0.050 0.708 -0.000 -0.706 0.024 0.974 0.000 -0.114 -0.197 0.731 0.000 -0.675 0.095 0.588 0.000 0.725 -0.359 0.641 0.000 -0.761 0.105 0.995 0.000 0.071 0.064 0.702 0.000 -0.710 0.061 0.994 -0.000 0.083 0.067 
0.997 -0.046 -0.047 -0.050 0.708 0.000 -0.706 0.025 0.974 0.000 -0.113 -0.197 0.732 0.000 -0.675 0.096 0.588 0.000 0.722 -0.365 0.641 0.000 -0.761 0.105 0.995 0.000 0.071 0.064 0.702 0.000 -0.710 0.061 0.994 0.000 0.083 0.067 
0.997 -0.046 -0.047 -0.050 0.708 -0.000 -0.705 0.024 0.974 0.000 -0.113 -0.196 0.733 0.000 -0.674 0.095 0.588 0.000 0.720 -0.370 0.641 0.000 -0.761 0.105 0.995 0.000 0.071 0.063 0.702 0.000 -0.710 0.060 0.994 0.000 0.083 0.067 
0.997 -0.046 -0.047 -0.051 0.708 0.000 -0.705 0.025 0.974 0.000 -0.113 -0.197 0.734 0.000 -0.673 0.096 0.588 0.000 0.717 -0.376 0.641 0.000 -0.761 0.104 0.995 0.000 0.071 0.063 0.702 0.000 -0.710 0.061 0.994 0.000 0.083 0.067 
0.997 -0.046 -0.047 -0.051 0.709 0.000 -0.705 0.025 0.974 0.000 -0.113 -0.197 0.734 0.000 -0.672 0.097 0.587 0.000 0.712 -0.385 0.641 0.000 -0.761 0.104 0.995 0.000 0.071 0.064 0.702 0.000 -0.710 0.061 0.994 0.000 0.083 0.067 
0.997 -0.046 -0.047 -0.051 0.709 0.000 -0.705 0.025 0.974 -0.000 -0.113 -0.197 0.735 -0.000 -0.672 0.097 0.587 0.000 0.708 -0.392 0.641 0.000 -0.761 0.104 0.995 0.000 0.071 0.064 0.702 0.000 -0.710 0.061 0.994 -0.000 0.083 0.067 
0.997 -0.046 -0.047 -0.052 0.709 0.000 -0.705 0.025 0.974 0.000 -0.113 -0.196 0.735 0.000 -0.671 0.098 0.586 0.000 0.704 -0.400 0.641 0.000 -0.761 0.104 0.995 -0.000 0.071 0.064 0.702 -0.000 -0.710 0.061 0.994 -0.000 0.083 0.067 
0.996 -0.046 -0.047 -0.052 0.709 0.000 -0.705 0.025 0.974 0.000 -0.113 -0.196 0.736 0.000 -0.670 0.099 0.586 0.000 0.699 -0.409 0.641 0.000 -0.761 0.104 0.995 0.000 0.072 0.064 0.702 -0.000 -0.710 0.061 0.994 0.000 0.083 0.067 
0.996 -0.046 -0.047 -0.053 0.709 0.000 -0.704 0.025 0.974 0.000 -0.113 -0.195 0.737 0.000 -0.669 0.099 0.586 0.000 0.694 -0.419 0.641 0.000 -0.761 0.103 0.995 0.000 0.071 0.064 0.702 0.000 -0.710 0.061 0.994 0.000 0.083 0.067 
0.996 -0.046 -0.047 -0.053 0.710 0.000 -0.704 0.025 0.974 0.000 -0.113 -0.195 0.737 0.000 -0.669 0.099 0.586 0.000 0.687 -0.429 0.641 0.000 -0.761 0.103 0.995 0.000 0.072 0.064 0.701 0.000 -0.710 0.061 0.994 0.000 0.083 0.067 
0.996 -0.046 -0.047 -0.053 0.710 0.000 -0.704 0.026 0.974 0.000 -0.112 -0.196 0.738 -0.000 -0.668 0.100 0.586 0.000 0.680 -0.440 0.641 0.000 -0.761 0.103 0.995 0.000 0.071 0.064 0.702 0.000 -0.710 0.061 0.994 -0.000 0.083 0.067 
0.996 -0.046 -0.047 -0.053 0.710 0.000 -0.704 0.026 0.974 0.000 -0.112 -0.196 0.738 0.000 -0.667 0.100 0.585 0.000 0.674 -0.451 0.641 0.000 -0.761 0.102 0.995 0.000 0.071 0.064 0.702 0.000 -0.710 0.060 0.994 0.000 0.083 0.067 
0.996 -0.046 -0.047 -0.053 0.710 0.000 -0.704 0.026 0.974 0.000 -0.112 -0.195 0.738 0.000 -0.667 0.101 0.586 0.000 0.666 -0.462 0.641 0.000 -0.761 0.101 0.995 -0.000 0.071 0.065 0.702 0.000 -0.710 0.060 0.994 0.000 0.083 0.067 
0.996 -0.046 -0.047 -0.054 0.710 0.000 -0.703 0.026 0.974 0.000 -0.112 -0.195 0.739 0.000 -0.666 0.101 0.586 0.000 0.658 -0.473 0.641 -0.000 -0.761 0.102 0.995 -0.000 0.071 0.064 0.702 0.000 -0.710 0.060 0.994 -0.000 0.083 0.067 
0.996 -0.046 -0.047 -0.054 0.711 0.000 -0.703 0.027 0.975 0.000 -0.112 -0.194 0.739 0.000 -0.666 0.102 0.586 0.000 0.651 -0.483 0.641 -0.000 -0.761 0.102 0.995 0.000 0.071 0.064 0.701 0.000 -0.710 0.061 0.994 0.000 0.083 0.066 
0.996 -0.046 -0.047 -0.054 0.711 -0.000 -0.703 0.027 0.975 0.000 -0.111 -0.194 0.739 0.000 -0.666 0.101 0.586 0.000 0.643 -0.492 0.641 0.000 -0.761 0.101 0.995 -0.000 0.071 0.064 0.702 0.000 -0.710 0.060 0.994 0.000 0.083 0.067 
0.996 -0.045 -0.047 -0.054 0.711 0.000 -0.703 0.027 0.975 0.000 -0.111 -0.193 0.739 0.000 -0.666 0.102 0.586 0.000 0.636 -0.502 0.641 0.000 -0.761 0.101 0.995 0.000 0.071 0.064 0.701 0.000 -0.710 0.061 0.994 0.000 0.083 0.066 
0.996 -0.045 -0.047 -0.054 0.711 0.000 -0.703 0.027 0.975 0.000 -0.109 -0.195 0.739 0.000 -0.666 0.102 0.586 0.000 0.628 -0.512 0.641 0.000 -0.761 0.100 0.995 0.000 0.071 0.064 0.701 0.000 -0.710 0.060 0.994 0.000 0.083 0.066 
0.996 -0.045 -0.047 -0.054 0.711 0.000 -0.703 0.026 0.975 0.000 -0.109 -0.193 0.738 0.000 -0.667 0.102 0.586 0.000 0.620 -0.521 0.641 0.000 -0.761 0.100 0.995 0.000 0.071 0.065 0.701 0.000 -0.710 0.060 0.994 0.000 0.083 0.066 
0.996 -0.045 -0.047 -0.055 0.711 0.000 -0.703 0.026 0.975 0.000 -0.108 -0.193 0.738 0.000 -0.667 0.103 0.586 0.000 0.613 -0.530 0.641 -0.000 -0.761 0.099 0.995 -0.000 0.071 0.065 0.701 0.000 -0.710 0.060 0.994 0.000 0.083 0.066 
0.996 -0.045 -0.047 -0.055 0.711 0.000 -0.703 0.027 0.975 0.000 -0.106 -0.195 0.738 0.000 -0.667 0.103 0.586 -0.000 0.604 -0.540 0.641 0.000 -0.761 0.099 0.995 0.000 0.071 0.065 0.701 0.000 -0.710 0.059 0.994 -0.000 0.083 0.066 
0.996 -0.045 -0.047 -0.055 0.711 0.000 -0.703 0.027 0.975 0.000 -0.105 -0.194 0.737 0.000 -0.667 0.104 0.586 0.000 0.594 -0.551 0.641 -0.000 -0.761 0.099 0.995 0.000 0.071 0.064 0.701 0.000 -0.710 0.059 0.994 0.000 0.083 0.066 
0.996 -0.044 -0.047 -0.055 0.711 0.000 -0.703 0.026 0.975 0.000 -0.105 -0.194 0.737 0.000 -0.667 0.104 0.587 -0.000 0.583 -0.561 0.641 0.000 -0.761 0.099 0.995 0.000 0.071 0.064 0.701 0.000 -0.710 0.059 0.994 0.000 0.083 0.066 
0.996 -0.044 -0.047 -0.055 0.711 0.000 -0.703 0.026 0.975 0.000 -0.104 -0.194 0.737 0.000 -0.667 0.105 0.589 0.000 0.571 -0.573 0.641 0.000 -0.761 0.099 0.995 -0.000 0.071 0.064 0.701 0.000 -0.710 0.059 0.994 0.000 0.083 0.066 
0.996 -0.044 -0.047 -0.055 0.711 0.000 -0.702 0.026 0.975 0.000 -0.103 -0.194 0.737 0.000 -0.667 0.105 0.590 0.000 0.558 -0.583 0.641 -0.000 -0.761 0.098 0.995 0.000 0.071 0.064 0.701 0.000 -0.710 0.058 0.994 0.000 0.083 0.066 
0.996 -0.044 -0.047 -0.055 0.711 0.000 -0.702 0.026 0.975 0.000 -0.103 -0.195 0.738 0.000 -0.667 0.105 0.592 0.000 0.545 -0.594 0.641 0.000 -0.761 0.098 0.995 0.000 0.071 0.064 0.701 0.000 -0.710 0.059 0.994 0.000 0.083 0.065 
0.996 -0.044 -0.047 -0.055 0.711 -0.000 -0.702 0.026 0.975 0.000 -0.103 -0.195 0.738 0.000 -0.666 0.105 0.594 0.000 0.531 -0.604 0.641 0.000 -0.761 0.097 0.995 0.000 0.071 0.064 0.701 0.000 -0.711 0.058 0.994 0.000 0.083 0.065 
0.996 -0.044 -0.047 -0.054 0.711 0.000 -0.702 0.027 0.976 0.000 -0.102 -0.195 0.739 -0.000 -0.666 0.105 0.596 0.000 0.516 -0.616 0.642 0.000 -0.761 0.098 0.996 0.000 0.070 0.064 0.701 0.000 -0.710 0.059 0.994 0.000 0.083 0.065 
0.996 -0.044 -0.047 -0.054 0.711 0.000 -0.702 0.026 0.976 0.000 -0.101 -0.195 0.739 -0.000 -0.665 0.105 0.598 0.000 0.501 -0.626 0.642 0.000 -0.761 0.098 0.996 0.000 0.070 0.064 0.701 0.000 -0.710 0.058 0.994 0.000 0.083 0.065 
0.996 -0.044 -0.047 -0.054 0.711 0.000 -0.702 0.026 0.976 0.000 -0.101 -0.195 0.740 0.000 -0.665 0.103 0.601 0.000 0.487 -0.634 0.642 0.000 -0.761 0.098 0.996 -0.000 0.069 0.064 0.701 0.000 -0.711 0.058 0.994 0.000 0.083 0.065 
0.996 -0.043 -0.047 -0.054 0.712 0.000 -0.702 0.026 0.976 0.000 -0.101 -0.195 0.741 0.000 -0.664 0.103 0.603 -0.000 0.471 -0.644 0.642 0.000 -0.761 0.097 0.996 0.000 0.070 0.064 0.701 -0.000 -0.711 0.058 0.994 0.000 0.083 0.065 
0.997 -0.043 -0.047 -0.054 0.712 0.000 -0.702 0.027 0.975 0.000 -0.101 -0.195 0.741 0.000 -0.663 0.102 0.605 0.000 0.454 -0.654 0.642 0.000 -0.761 0.097 0.996 0.000 0.070 0.064 0.701 0.000 -0.711 0.057 0.994 -0.000 0.083 0.065 
0.997 -0.043 -0.047 -0.054 0.712 -0.000 -0.702 0.026 0.976 0.000 -0.101 -0.195 0.742 0.000 -0.662 0.101 0.608 0.000 0.437 -0.663 0.642 0.000 -0.761 0.097 0.996 0.000 0.069 0.064 0.701 -0.000 -0.711 0.057 0.994 0.000 0.083 0.064 
0.997 -0.043 -0.047 -0.053 0.712 0.000 -0.702 0.026 0.976 0.000 -0.101 -0.195 0.743 -0.000 -0.662 0.100 0.610 0.000 0.419 -0.673 0.642 0.000 -0.761 0.096 0.996 0.000 0.069 0.064 0.701 0.000 -0.711 0.057 0.994 0.000 0.083 0.064 
0.997 -0.043 -0.047 -0.053 0.712 0.000 -0.702 0.026 0.976 0.000 -0.101 -0.195 0.744 -0.000 -0.661 0.099 0.613 -0.000 0.401 -0.681 0.642 0.000 -0.761 0.095 0.996 0.000 0.069 0.064 0.701 0.000 -0.711 0.056 0.994 -0.000 0.083 0.064 
0.997 -0.042 -0.047 -0.053 0.712 0.000 -0.702 0.026 0.975 0.000 -0.101 -0.196 0.744 0.000 -0.661 0.097 0.615 0.000 0.385 -0.688 0.642 0.000 -0.761 0.095 0.996 0.000 0.069 0.064 0.701 0.000 -0.711 0.056 0.994 0.000 0.083 0.064 
0.997 -0.042 -0.047 -0.053 0.712 0.000 -0.702 0.026 0.975 -0.000 -0.101 -0.196 0.745 0.000 -0.660 0.096 0.617 0.000 0.368 -0.696 0.642 -0.000 -0.761 0.095 0.996 0.000 0.069 0.064 0.701 0.000 -0.711 0.055 0.994 0.000 0.083 0.064 
0.997 -0.042 -0.047 -0.053 0.712 -0.000 -0.702 0.026 0.975 0.000 -0.101 -0.196 0.745 -0.000 -0.660 0.095 0.618 0.000 0.350 -0.704 0.642 0.000 -0.761 0.094 0.996 -0.000 0.069 0.064 0.701 0.000 -0.711 0.055 0.994 -0.000 0.083 0.064 
0.997 -0.041 -0.047 -0.053 0.712 0.000 -0.702 0.026 0.975 0.000 -0.101 -0.197 0.746 -0.000 -0.659 0.093 0.620 0.000 0.334 -0.710 0.642 0.000 -0.761 0.093 0.996 0.000 0.069 0.064 0.701 0.000 -0.711 0.054 0.994 0.000 0.083 0.064 
0.997 -0.041 -0.047 -0.052 0.712 0.000 -0.702 0.026 0.975 0.000 -0.101 -0.197 0.746 0.000 -0.659 0.092 0.622 0.000 0.315 -0.717 0.642 0.000 -0.761 0.093 0.996 0.000 0.069 0.064 0.701 0.000 -0.711 0.053 0.994 0.000 0.083 0.064 
0.997 -0.041 -0.047 -0.052 0.711 0.000 -0.702 0.026 0.975 0.000 -0.101 -0.197 0.747 0.000 -0.659 0.090 0.625 0.000 0.295 -0.723 0.642 -0.000 -0.761 0.093 0.996 0.000 0.069 0.064 0.701 0.000 -0.711 0.053 0.994 0.000 0.083 0.064 
0.997 -0.041 -0.047 -0.052 0.711 -0.000 -0.702 0.025 0.975 0.000 -0.101 -0.198 0.747 0.000 -0.658 0.089 0.627 0.000 0.278 -0.728 0.642 0.000 -0.761 0.092 0.996 0.000 0.069 0.065 0.701 0.000 -0.711 0.053 0.994 0.000 0.083 0.064 
0.997 -0.041 -0.047 -0.052 0.711 0.000 -0.702 0.026 0.975 -0.000 -0.100 -0.198 0.748 0.000 -0.658 0.086 0.630 0.000 0.260 -0.732 0.642 0.000 -0.761 0.093 0.996 -0.000 0.069 0.064 0.701 0.000 -0.711 0.053 0.994 -0.000 0.083 0.064 
0.997 -0.040 -0.047 -0.052 0.711 0.000 -0.702 0.025 0.975 0.000 -0.100 -0.198 0.748 -0.000 -0.658 0.085 0.632 0.000 0.243 -0.736 0.641 0.000 -0.762 0.091 0.995 -0.000 0.070 0.064 0.701 0.000 -0.711 0.052 0.994 0.000 0.083 0.065 
0.997 -0.040 -0.047 -0.052 0.711 0.000 -0.702 0.025 0.975 0.000 -0.100 -0.199 0.749 0.000 -0.658 0.082 0.634 0.000 0.229 -0.739 0.641 0.000 -0.762 0.091 0.995 0.000 0.070 0.064 0.701 0.000 -0.711 0.051 0.994 0.000 0.083 0.065 
0.997 -0.040 -0.047 -0.052 0.711 0.000 -0.703 0.025 0.975 -0.000 -0.100 -0.199 0.749 -0.000 -0.658 0.080 0.637 0.000 0.211 -0.742 0.641 0.000 -0.762 0.091 0.996 0.000 0.070 0.064 0.701 0.000 -0.711 0.051 0.994 0.000 0.083 0.065 
0.997 -0.040 -0.047 -0.052 0.711 0.000 -0.703 0.025 0.975 -0.000 -0.100 -0.199 0.750 0.000 -0.657 0.076 0.640 0.000 0.196 -0.743 0.641 0.000 -0.762 0.090 0.995 0.000 0.070 0.064 0.701 -0.000 -0.711 0.051 0.994 0.000 0.083 0.065 
0.997 -0.040 -0.047 -0.052 0.711 -0.000 -0.703 0.024 0.975 0.000 -0.099 -0.199 0.750 0.000 -0.657 0.075 0.641 0.000 0.178 -0.746 0.641 0.000 -0.762 0.090 0.996 -0.000 0.070 0.064 0.701 0.000 -0.711 0.050 0.994 0.000 0.083 0.065 
0.997 -0.039 -0.047 -0.052 0.710 0.000 -0.703 0.024 0.975 0.000 -0.099 -0.199 0.751 0.000 -0.656 0.073 0.644 0.000 0.161 -0.748 0.641 0.000 -0.762 0.090 0.995 0.000 0.070 0.064 0.701 -0.000 -0.711 0.050 0.994 0.000 0.083 0.065 
0.997 -0.039 -0.047 -0.052 0.710 0.000 -0.703 0.024 0.975 0.000 -0.099 -0.200 0.752 -0.000 -0.656 0.069 0.647 -0.000 0.144 -0.749 0.641 0.000 -0.762 0.090 0.996 0.000 0.070 0.064 0.701 0.000 -0.711 0.050 0.994 0.000 0.083 0.065 
0.997 -0.039 -0.047 -0.052 0.710 0.000 -0.704 0.024 0.975 0.000 -0.098 -0.200 0.752 -0.000 -0.655 0.066 0.649 0.000 0.127 -0.750 0.641 0.000 -0.762 0.089 0.996 0.000 0.070 0.064 0.701 0.000 -0.711 0.049 0.994 0.000 0.083 0.065 
0.997 -0.039 -0.047 -0.052 0.710 -0.000 -0.704 0.023 0.975 0.000 -0.098 -0.199 0.753 0.000 -0.655 0.064 0.649 0.000 0.112 -0.753 0.641 -0.000 -0.762 0.089 0.996 0.000 0.070 0.064 0.701 0.000 -0.711 0.049 0.994 0.000 0.082 0.065 
0.997 -0.039 -0.047 -0.052 0.710 0.000 -0.704 0.023 0.975 0.000 -0.099 -0.200 0.754 0.000 -0.654 0.061 0.652 0.000 0.094 -0.752 0.641 0.000 -0.762 0.089 0.996 0.000 0.070 0.064 0.701 0.000 -0.711 0.049 0.994 0.000 0.083 0.065 
0.997 -0.039 -0.047 -0.052 0.709 0.000 -0.704 0.023 0.975 0.000 -0.099 -0.200 0.755 0.000 -0.654 0.057 0.657 0.000 0.075 -0.750 0.641 0.000 -0.762 0.089 0.996 0.000 0.070 0.064 0.701 -0.000 -0.712 0.048 0.994 0.000 0.083 0.065 
0.997 -0.038 -0.047 -0.052 0.709 -0.000 -0.705 0.022 0.975 -0.000 -0.099 -0.200 0.755 0.000 -0.653 0.054 0.659 0.000 0.059 -0.750 0.641 -0.000 -0.762 0.088 0.996 0.000 0.070 0.064 0.701 0.000 -0.712 0.048 0.994 0.000 0.083 0.065 
0.997 -0.038 -0.047 -0.052 0.709 0.000 -0.705 0.022 0.975 0.000 -0.099 -0.200 0.756 0.000 -0.653 0.051 0.661 0.000 0.044 -0.749 0.641 0.000 -0.762 0.088 0.996 0.000 0.070 0.064 0.701 0.000 -0.712 0.047 0.994 0.000 0.083 0.066 
0.997 -0.038 -0.047 -0.052 0.709 0.000 -0.705 0.021 0.975 0.000 -0.099 -0.200 0.757 0.000 -0.652 0.048 0.664 0.000 0.028 -0.747 0.641 -0.000 -0.762 0.088 0.996 0.000 0.070 0.064 0.701 0.000 -0.711 0.047 0.994 -0.000 0.082 0.065 
0.997 -0.038 -0.047 -0.052 0.709 0.000 -0.705 0.021 0.975 0.000 -0.099 -0.200 0.757 0.000 -0.652 0.044 0.666 0.000 0.013 -0.746 0.641 0.000 -0.762 0.088 0.996 0.000 0.069 0.064 0.701 0.000 -0.712 0.047 0.994 0.000 0.083 0.065 
0.997 -0.038 -0.047 -0.052 0.708 0.000 -0.706 0.021 0.975 -0.000 -0.099 -0.200 0.758 0.000 -0.651 0.041 0.668 0.000 -0.002 -0.744 0.641 0.000 -0.762 0.087 0.996 0.000 0.070 0.064 0.701 -0.000 -0.712 0.047 0.994 0.000 0.082 0.065 
0.997 -0.038 -0.047 -0.052 0.708 0.000 -0.706 0.020 0.975 0.000 -0.099 -0.201 0.760 -0.000 -0.649 0.039 0.672 0.000 -0.021 -0.741 0.641 0.000 -0.762 0.087 0.996 -0.000 0.069 0.064 0.701 -0.000 -0.712 0.047 0.994 0.000 0.083 0.065 
0.997 -0.037 -0.047 -0.052 0.708 0.000 -0.706 0.020 0.975 0.000 -0.099 -0.201 0.760 -0.000 -0.649 0.035 0.673 0.000 -0.035 -0.738 0.641 -0.000 -0.763 0.086 0.996 0.000 0.070 0.064 0.701 0.000 -0.712 0.046 0.994 -0.000 0.083 0.065 
0.997 -0.037 -0.047 -0.052 0.708 0.000 -0.706 0.020 0.975 0.000 -0.099 -0.201 0.761 0.000 -0.648 0.032 0.676 -0.000 -0.050 -0.735 0.641 -0.000 -0.763 0.086 0.996 0.000 0.069 0.064 0.701 0.000 -0.712 0.046 0.994 0.000 0.083 0.065 
0.997 -0.037 -0.047 -0.053 0.708 0.000 -0.706 0.019 0.974 0.000 -0.099 -0.202 0.761 -0.000 -0.648 0.029 0.678 -0.000 -0.064 -0.732 0.641 0.000 -0.763 0.086 0.996 0.000 0.069 0.064 0.701 0.000 -0.712 0.046 0.994 0.000 0.083 0.065 
0.997 -0.037 -0.047 -0.053 0.707 0.000 -0.707 0.019 0.974 0.000 -0.099 -0.202 0.762 -0.000 -0.647 0.025 0.681 -0.000 -0.079 -0.728 0.641 0.000 -0.763 0.085 0.996 0.000 0.070 0.064 0.701 -0.000 -0.712 0.045 0.994 0.000 0.083 0.065 
0.997 -0.037 -0.047 -0.053 0.707 0.000 -0.707 0.019 0.974 0.000 -0.099 -0.202 0.762 0.000 -0.647 0.022 0.684 0.000 -0.093 -0.724 0.641 -0.000 -0.763 0.085 0.996 0.000 0.069 0.064 0.701 0.000 -0.712 0.045 0.994 0.000 0.083 0.065 
0.997 -0.036 -0.047 -0.053 0.707 0.000 -0.707 0.018 0.974 0.000 -0.099 -0.202 0.763 0.000 -0.646 0.018 0.687 0.000 -0.108 -0.719 0.641 0.000 -0.763 0.085 0.996 -0.000 0.070 0.064 0.701 0.000 -0.712 0.045 0.994 0.000 0.083 0.065 
0.997 -0.036 -0.047 -0.053 0.707 0.000 -0.707 0.018 0.974 0.000 -0.099 -0.202 0.764 -0.000 -0.645 0.014 0.689 0.000 -0.121 -0.714 0.641 -0.000 -0.763 0.084 0.996 0.000 0.070 0.064 0.701 0.000 -0.712 0.045 0.994 0.000 0.083 0.065 
0.997 -0.036 -0.047 -0.053 0.707 -0.000 -0.707 0.018 0.974 0.000 -0.099 -0.203 0.765 -0.000 -0.644 0.011 0.692 -0.000 -0.135 -0.709 0.641 0.000 -0.763 0.084 0.996 -0.000 0.069 0.064 0.701 -0.000 -0.712 0.045 0.994 -0.000 0.083 0.065 
0.997 -0.036 -0.047 -0.053 0.706 0.000 -0.708 0.018 0.974 0.000 -0.099 -0.203 0.765 0.000 -0.644 0.007 0.695 0.000 -0.148 -0.704 0.641 0.000 -0.763 0.084 0.996 0.000 0.069 0.064 0.701 0.000 -0.712 0.045 0.994 0.000 0.083 0.065 
0.997 -0.036 -0.047 -0.053 0.706 0.000 -0.708 0.017 0.974 0.000 -0.099 -0.203 0.766 -0.000 -0.643 0.003 0.698 0.000 -0.160 -0.698 0.641 0.000 -0.763 0.084 0.996 0.000 0.069 0.064 0.701 -0.000 -0.712 0.045 0.994 0.000 0.083 0.065 
0.997 -0.036 -0.047 -0.053 0.706 -0.000 -0.708 0.017 0.974 0.000 -0.099 -0.203 0.766 0.000 -0.643 -0.000 0.700 0.000 -0.173 -0.693 0.641 0.000 -0.763 0.084 0.996 -0.000 0.069 0.064 0.701 0.000 -0.712 0.045 0.994 0.000 0.083 0.065 
0.997 -0.036 -0.047 -0.054 0.706 0.000 -0.708 0.017 0.974 0.000 -0.099 -0.204 0.768 0.000 -0.641 -0.005 0.702 0.000 -0.186 -0.687 0.641 0.000 -0.763 0.083 0.996 -0.000 0.069 0.064 0.701 -0.000 -0.712 0.045 0.994 0.000 0.083 0.065 
0.997 -0.036 -0.047 -0.054 0.705 0.000 -0.709 0.016 0.974 0.000 -0.098 -0.203 0.768 0.000 -0.640 -0.008 0.705 -0.000 -0.198 -0.682 0.641 0.000 -0.763 0.083 0.996 0.000 0.070 0.064 0.701 0.000 -0.712 0.045 0.994 0.000 0.083 0.065 
0.997 -0.036 -0.047 -0.054 0.705 0.000 -0.709 0.016 0.974 0.000 -0.098 -0.204 0.768 0.000 -0.640 -0.012 0.707 0.000 -0.209 -0.675 0.641 0.000 -0.763 0.083 0.996 0.000 0.070 0.064 0.701 -0.000 -0.712 0.045 0.994 0.000 0.083 0.065 
0.997 -0.035 -0.047 -0.054 0.705 0.000 -0.709 0.016 0.974 0.000 -0.098 -0.204 0.768 0.000 -0.640 -0.015 0.710 0.000 -0.220 -0.669 0.641 0.000 -0.763 0.082 0.996 0.000 0.070 0.064 0.701 0.000 -0.712 0.044 0.994 0.000 0.083 0.065 
0.997 -0.035 -0.047 -0.054 0.705 0.000 -0.709 0.016 0.974 0.000 -0.098 -0.204 0.769 0.000 -0.639 -0.019 0.712 0.000 -0.230 -0.663 0.641 0.000 -0.763 0.082 0.995 0.000 0.070 0.064 0.701 0.000 -0.712 0.045 0.994 0.000 0.083 0.065 
0.997 -0.035 -0.047 -0.054 0.705 0.000 -0.709 0.016 0.974 0.000 -0.098 -0.204 0.769 0.000 -0.639 -0.023 0.715 0.000 -0.242 -0.656 0.641 0.000 -0.763 0.083 0.996 -0.000 0.069 0.064 0.701 -0.000 -0.712 0.044 0.994 0.000 0.083 0.065 
0.997 -0.035 -0.047 -0.055 0.705 0.000 -0.709 0.016 0.974 0.000 -0.098 -0.204 0.769 -0.000 -0.639 -0.027 0.718 0.000 -0.251 -0.649 0.641 0.000 -0.763 0.082 0.996 0.000 0.069 0.064 0.701 0.000 -0.712 0.044 0.994 0.000 0.083 0.065 
0.997 -0.035 -0.047 -0.055 0.705 0.000 -0.709 0.016 0.974 0.000 -0.098 -0.204 0.769 0.000 -0.639 -0.031 0.720 0.000 -0.260 -0.643 0.641 0.000 -0.763 0.082 0.995 0.000 0.069 0.065 0.701 0.000 -0.712 0.045 0.994 -0.000 0.083 0.064 
0.997 -0.035 -0.047 -0.055 0.705 0.000 -0.709 0.015 0.974 0.000 -0.098 -0.204 0.769 0.000 -0.639 -0.033 0.722 0.000 -0.270 -0.637 0.641 0.000 -0.763 0.082 0.996 -0.000 0.070 0.064 0.701 0.000 -0.712 0.044 0.994 0.000 0.083 0.065 
0.997 -0.035 -0.047 -0.055 0.705 0.000 -0.709 0.015 0.974 0.000 -0.098 -0.204 0.769 0.000 -0.639 -0.036 0.724 0.000 -0.278 -0.632 0.641 -0.000 -0.763 0.082 0.996 0.000 0.069 0.064 0.701 0.000 -0.712 0.044 0.994 0.000 0.083 0.065 
0.997 -0.035 -0.047 -0.055 0.705 0.000 -0.710 0.015 0.974 -0.000 -0.098 -0.204 0.768 0.000 -0.639 -0.038 0.725 -0.000 -0.286 -0.626 0.641 0.000 -0.763 0.081 0.995 0.000 0.069 0.065 0.701 0.000 -0.712 0.044 0.994 0.000 0.083 0.065 
0.997 -0.035 -0.047 -0.055 0.705 0.000 -0.709 0.015 0.974 0.000 -0.098 -0.203 0.768 0.000 -0.639 -0.041 0.727 0.000 -0.293 -0.622 0.641 0.000 -0.763 0.081 0.996 0.000 0.070 0.064 0.701 0.000 -0.712 0.044 0.994 0.000 0.083 0.065 
0.997 -0.034 -0.047 -0.055 0.705 0.000 -0.710 0.014 0.974 0.000 -0.097 -0.203 0.768 0.000 -0.639 -0.042 0.728 0.000 -0.300 -0.617 0.641 0.000 -0.763 0.081 0.995 0.000 0.070 0.064 0.701 0.000 -0.712 0.044 0.994 0.000 0.083 0.065 
0.997 -0.034 -0.047 -0.055 0.705 0.000 -0.710 0.014 0.974 0.000 -0.097 -0.203 0.767 0.000 -0.640 -0.045 0.729 0.000 -0.307 -0.612 0.641 0.000 -0.763 0.081 0.995 0.000 0.070 0.065 0.701 0.000 -0.712 0.044 0.994 0.000 0.083 0.065 
0.997 -0.034 -0.047 -0.055 0.704 0.000 -0.710 0.013 0.974 0.000 -0.097 -0.203 0.767 0.000 -0.640 -0.046 0.730 -0.000 -0.314 -0.608 0.641 0.000 -0.763 0.081 0.996 0.000 0.069 0.065 0.701 -0.000 -0.712 0.044 0.994 0.000 0.083 0.065 
0.997 -0.034 -0.047 -0.056 0.704 -0.000 -0.710 0.013 0.974 0.000 -0.096 -0.203 0.767 0.000 -0.640 -0.047 0.731 -0.000 -0.320 -0.603 0.641 0.000 -0.763 0.080 0.995 0.000 0.069 0.065 0.701 0.000 -0.712 0.043 0.994 0.000 0.083 0.065 
0.997 -0.034 -0.047 -0.056 0.704 0.000 -0.710 0.013 0.974 0.000 -0.096 -0.203 0.767 0.000 -0.640 -0.050 0.732 0.000 -0.327 -0.598 0.641 -0.000 -0.763 0.080 0.995 -0.000 0.069 0.065 0.701 0.000 -0.712 0.043 0.994 0.000 0.083 0.065 
0.997 -0.034 -0.047 -0.056 0.704 0.000 -0.710 0.012 0.975 0.000 -0.096 -0.203 0.767 -0.000 -0.640 -0.051 0.733 0.000 -0.333 -0.593 0.641 0.000 -0.763 0.079 0.995 0.000 0.069 0.065 0.701 0.000 -0.712 0.043 0.994 0.000 0.083 0.065 
0.997 -0.034 -0.047 -0.056 0.704 0.000 -0.710 0.012 0.975 0.000 -0.095 -0.203 0.767 -0.000 -0.640 -0.053 0.733 0.000 -0.338 -0.590 0.641 0.000 -0.763 0.079 0.995 0.000 0.069 0.065 0.701 0.000 -0.712 0.043 0.994 0.000 0.083 0.065 
0.997 -0.034 -0.047 -0.056 0.704 -0.000 -0.710 0.012 0.974 0.000 -0.095 -0.204 0.767 0.000 -0.640 -0.054 0.735 0.000 -0.345 -0.584 0.641 0.000 -0.763 0.079 0.995 0.000 0.069 0.065 0.701 0.000 -0.712 0.043 0.994 0.000 0.083 0.065 
0.997 -0.034 -0.047 -0.056 0.704 0.000 -0.710 0.012 0.974 0.000 -0.095 -0.204 0.767 0.000 -0.639 -0.057 0.736 0.000 -0.350 -0.579 0.641 -0.000 -0.763 0.079 0.995 0.000 0.069 0.065 0.701 0.000 -0.712 0.043 0.994 0.000 0.083 0.065 
0.997 -0.033 -0.047 -0.056 0.704 0.000 -0.710 0.012 0.974 0.000 -0.095 -0.204 0.767 0.000 -0.639 -0.059 0.738 0.000 -0.355 -0.574 0.641 0.000 -0.763 0.079 0.995 0.000 0.070 0.065 0.701 0.000 -0.712 0.043 0.994 0.000 0.083 0.065 
0.997 -0.033 -0.047 -0.056 0.704 0.000 -0.710 0.012 0.974 -0.000 -0.094 -0.204 0.767 0.000 -0.638 -0.061 0.739 0.000 -0.360 -0.570 0.641 0.000 -0.763 0.078 0.995 0.000 0.069 0.065 0.701 0.000 -0.712 0.043 0.994 0.000 0.083 0.065 
0.997 -0.033 -0.047 -0.057 0.704 -0.000 -0.710 0.012 0.974 0.000 -0.094 -0.204 0.768 0.000 -0.638 -0.063 0.740 0.000 -0.365 -0.565 0.641 -0.000 -0.763 0.078 0.995 0.000 0.069 0.065 0.701 0.000 -0.712 0.043 0.994 0.000 0.083 0.065 
0.997 -0.033 -0.047 -0.056 0.704 -0.000 -0.710 0.013 0.974 0.000 -0.094 -0.204 0.768 0.000 -0.637 -0.066 0.741 0.000 -0.370 -0.560 0.641 0.000 -0.763 0.079 0.995 -0.000 0.069 0.065 0.701 0.000 -0.712 0.043 0.994 0.000 0.083 0.065 
0.997 -0.033 -0.047 -0.056 0.705 0.000 -0.710 0.013 0.975 0.000 -0.094 -0.204 0.769 0.000 -0.636 -0.068 0.742 0.000 -0.374 -0.556 0.641 0.000 -0.763 0.079 0.995 0.000 0.069 0.065 0.701 -0.000 -0.712 0.042 0.994 0.000 0.083 0.065 
0.997 -0.033 -0.047 -0.057 0.705 0.000 -0.710 0.013 0.974 0.000 -0.094 -0.204 0.769 0.000 -0.635 -0.070 0.743 0.000 -0.377 -0.553 0.641 0.000 -0.763 0.078 0.995 0.000 0.069 0.065 0.701 0.000 -0.712 0.042 0.994 -0.000 0.083 0.065 
0.997 -0.033 -0.047 -0.057 0.705 0.000 -0.709 0.013 0.974 0.000 -0.094 -0.204 0.770 0.000 -0.634 -0.073 0.744 0.000 -0.380 -0.549 0.641 -0.000 -0.763 0.078 0.995 -0.000 0.070 0.065 0.701 0.000 -0.712 0.042 0.994 0.000 0.083 0.065 
0.997 -0.033 -0.047 -0.057 0.705 0.000 -0.709 0.013 0.975 0.000 -0.094 -0.204 0.770 0.000 -0.634 -0.075 0.745 0.000 -0.383 -0.546 0.641 0.000 -0.763 0.078 0.995 0.000 0.069 0.065 0.701 -0.000 -0.712 0.042 0.994 0.000 0.083 0.065 
0.997 -0.033 -0.047 -0.057 0.705 0.000 -0.709 0.013 0.975 0.000 -0.095 -0.203 0.771 0.000 -0.633 -0.077 0.746 0.000 -0.387 -0.542 0.641 0.000 -0.763 0.078 0.995 -0.000 0.070 0.065 0.701 0.000 -0.712 0.042 0.994 0.000 0.083 0.065 
0.997 -0.033 -0.047 -0.057 0.705 0.000 -0.709 0.013 0.975 0.000 -0.095 -0.203 0.771 0.000 -0.632 -0.079 0.747 0.000 -0.390 -0.539 0.641 -0.000 -0.763 0.078 0.995 0.000 0.070 0.065 0.701 0.000 -0.712 0.042 0.994 0.000 0.083 0.065 
0.997 -0.032 -0.047 -0.057 0.705 0.000 -0.709 0.013 0.975 0.000 -0.095 -0.203 0.772 0.000 -0.631 -0.081 0.747 0.000 -0.393 -0.536 0.641 0.000 -0.763 0.078 0.995 0.000 0.070 0.065 0.701 0.000 -0.712 0.042 0.994 0.000 0.083 0.065 
0.997 -0.032 -0.047 -0.057 0.705 0.000 -0.709 0.013 0.975 0.000 -0.095 -0.203 0.772 0.000 -0.631 -0.082 0.748 -0.000 -0.396 -0.532 0.641 -0.000 -0.763 0.078 0.995 0.000 0.070 0.065 0.701 0.000 -0.712 0.042 0.994 0.000 0.083 0.065 
0.997 -0.032 -0.047 -0.057 0.705 0.000 -0.709 0.013 0.975 0.000 -0.095 -0.203 0.772 0.000 -0.630 -0.084 0.749 0.000 -0.399 -0.528 0.641 0.000 -0.763 0.077 0.995 0.000 0.069 0.065 0.701 0.000 -0.712 0.041 0.994 0.000 0.083 0.065 
0.997 -0.032 -0.047 -0.057 0.705 0.000 -0.709 0.013 0.975 0.000 -0.094 -0.202 0.772 0.000 -0.630 -0.085 0.750 -0.000 -0.403 -0.524 0.641 0.000 -0.763 0.077 0.995 0.000 0.070 0.064 0.701 0.000 -0.712 0.042 0.994 0.000 0.083 0.065 
0.997 -0.032 -0.047 -0.057 0.705 0.000 -0.709 0.013 0.975 0.000 -0.094 -0.202 0.772 0.000 -0.630 -0.086 0.751 -0.000 -0.407 -0.520 0.641 0.000 -0.764 0.077 0.996 -0.000 0.069 0.064 0.701 0.000 -0.712 0.042 0.994 0.000 0.083 0.065 
0.997 -0.032 -0.047 -0.057 0.705 0.000 -0.709 0.013 0.975 0.000 -0.094 -0.202 0.772 0.000 -0.630 -0.086 0.751 -0.000 -0.410 -0.517 0.641 -0.000 -0.763 0.078 0.996 0.000 0.070 0.064 0.701 -0.000 -0.712 0.041 0.994 0.000 0.083 0.065 
0.997 -0.032 -0.047 -0.057 0.705 0.000 -0.709 0.012 0.975 0.000 -0.094 -0.201 0.772 -0.000 -0.630 -0.086 0.752 0.000 -0.413 -0.514 0.641 0.000 -0.764 0.077 0.996 0.000 0.070 0.064 0.701 0.000 -0.712 0.041 0.994 0.000 0.083 0.065 
0.997 -0.032 -0.047 -0.057 0.705 0.000 -0.709 0.013 0.975 0.000 -0.093 -0.201 0.772 -0.000 -0.630 -0.087 0.753 0.000 -0.416 -0.510 0.641 0.000 -0.764 0.078 0.996 0.000 0.070 0.063 0.701 -0.000 -0.712 0.041 0.994 0.000 0.083 0.065 
0.997 -0.032 -0.047 -0.057 0.705 0.000 -0.709 0.012 0.975 -0.000 -0.093 -0.201 0.772 0.000 -0.630 -0.087 0.753 0.000 -0.420 -0.507 0.641 0.000 -0.764 0.078 0.996 0.000 0.070 0.063 0.701 0.000 -0.712 0.041 0.994 -0.000 0.083 0.065 
0.997 -0.031 -0.047 -0.057 0.705 0.000 -0.709 0.012 0.975 0.000 -0.092 -0.200 0.772 0.000 -0.630 -0.088 0.753 0.000 -0.423 -0.504 0.641 0.000 -0.764 0.078 0.996 -0.000 0.070 0.063 0.701 0.000 -0.712 0.041 0.994 0.000 0.083 0.064 
0.997 -0.031 -0.047 -0.057 0.705 0.000 -0.709 0.012 0.975 0.000 -0.092 -0.200 0.772 0.000 -0.630 -0.090 0.755 0.000 -0.426 -0.499 0.641 0.000 -0.764 0.078 0.996 0.000 0.070 0.063 0.701 -0.000 -0.712 0.041 0.994 0.000 0.083 0.064 
0.997 -0.031 -0.047 -0.057 0.705 0.000 -0.709 0.012 0.976 0.000 -0.092 -0.200 0.772 0.000 -0.630 -0.090 0.756 0.000 -0.429 -0.495 0.641 -0.000 -0.764 0.078 0.996 0.000 0.070 0.063 0.701 0.000 -0.712 0.041 0.994 0.000 0.083 0.064 
0.997 -0.031 -0.047 -0.057 0.705 -0.000 -0.709 0.011 0.976 -0.000 -0.091 -0.199 0.772 0.000 -0.629 -0.092 0.757 0.000 -0.432 -0.491 0.641 0.000 -0.764 0.079 0.996 0.000 0.070 0.062 0.701 0.000 -0.712 0.041 0.994 0.000 0.083 0.065 
0.997 -0.031 -0.047 -0.057 0.705 0.000 -0.709 0.012 0.976 -0.000 -0.091 -0.199 0.772 -0.000 -0.629 -0.094 0.758 0.000 -0.435 -0.487 0.641 -0.000 -0.764 0.079 0.996 0.000 0.070 0.062 0.701 0.000 -0.712 0.042 0.995 0.000 0.083 0.064 
0.997 -0.032 -0.047 -0.057 0.705 0.000 -0.709 0.011 0.976 0.000 -0.090 -0.199 0.772 0.000 -0.628 -0.097 0.759 0.000 -0.437 -0.482 0.641 0.000 -0.763 0.079 0.996 0.000 0.070 0.062 0.701 0.000 -0.712 0.041 0.994 0.000 0.083 0.065 
0.997 -0.032 -0.047 -0.057 0.705 -0.000 -0.709 0.012 0.976 0.000 -0.090 -0.199 0.772 0.000 -0.628 -0.100 0.760 0.000 -0.439 -0.479 0.641 0.000 -0.764 0.079 0.996 0.000 0.070 0.062 0.701 0.000 -0.712 0.042 0.995 0.000 0.083 0.064 
0.997 -0.032 -0.047 -0.057 0.705 0.000 -0.709 0.012 0.976 -0.000 -0.090 -0.199 0.772 0.000 -0.627 -0.102 0.761 0.000 -0.440 -0.476 0.641 0.000 -0.763 0.080 0.996 0.000 0.070 0.061 0.701 0.000 -0.712 0.043 0.995 0.000 0.083 0.063 
0.997 -0.032 -0.047 -0.057 0.705 0.000 -0.709 0.012 0.976 0.000 -0.090 -0.199 0.772 0.000 -0.627 -0.104 0.762 -0.000 -0.440 -0.475 0.641 0.000 -0.763 0.080 0.996 0.000 0.070 0.061 0.701 0.000 -0.712 0.042 0.995 0.000 0.083 0.064 
0.997 -0.032 -0.047 -0.057 0.705 0.000 -0.709 0.012 0.976 0.000 -0.089 -0.199 0.772 0.000 -0.626 -0.106 0.763 0.000 -0.440 -0.474 0.641 0.000 -0.763 0.081 0.996 0.000 0.070 0.061 0.701 -0.000 -0.712 0.043 0.995 0.000 0.083 0.064 
0.997 -0.032 -0.047 -0.056 0.705 0.000 -0.709 0.012 0.976 0.000 -0.089 -0.199 0.773 0.000 -0.626 -0.108 0.763 0.000 -0.440 -0.474 0.641 0.000 -0.763 0.081 0.996 0.000 0.070 0.060 0.701 0.000 -0.712 0.043 0.995 0.000 0.083 0.064 
0.997 -0.032 -0.047 -0.056 0.705 0.000 -0.709 0.012 0.976 -0.000 -0.089 -0.199 0.773 0.000 -0.625 -0.109 0.763 0.000 -0.439 -0.474 0.641 0.000 -0.763 0.081 0.996 0.000 0.070 0.060 0.701 0.000 -0.712 0.043 0.995 0.000 0.083 0.064 
0.997 -0.032 -0.047 -0.056 0.705 0.000 -0.709 0.012 0.976 0.000 -0.089 -0.199 0.773 0.000 -0.625 -0.110 0.763 0.000 -0.439 -0.475 0.641 0.000 -0.763 0.082 0.996 0.000 0.070 0.060 0.701 0.000 -0.712 0.043 0.995 0.000 0.083 0.064 
0.997 -0.032 -0.047 -0.056 0.705 0.000 -0.709 0.011 0.976 -0.000 -0.089 -0.199 0.773 0.000 -0.625 -0.111 0.763 0.000 -0.438 -0.475 0.641 0.000 -0.763 0.082 0.996 0.000 0.070 0.060 0.701 0.000 -0.712 0.043 0.995 0.000 0.083 0.064 
0.997 -0.032 -0.047 -0.056 0.705 -0.000 -0.709 0.011 0.976 -0.000 -0.089 -0.199 0.773 0.000 -0.624 -0.112 0.763 0.000 -0.438 -0.476 0.641 -0.000 -0.763 0.082 0.996 -0.000 0.070 0.060 0.701 0.000 -0.712 0.043 0.995 0.000 0.083 0.063 
0.997 -0.032 -0.047 -0.056 0.705 -0.000 -0.709 0.011 0.976 -0.000 -0.089 -0.199 0.773 0.000 -0.624 -0.112 0.763 0.000 -0.438 -0.476 0.641 0.000 -0.763 0.082 0.996 0.000 0.070 0.059 0.701 0.000 -0.712 0.043 0.995 -0.000 0.083 0.063 
0.997 -0.032 -0.047 -0.056 0.705 0.000 -0.709 0.010 0.976 0.000 -0.089 -0.199 0.774 0.000 -0.624 -0.113 0.762 -0.000 -0.438 -0.477 0.641 0.000 -0.763 0.082 0.996 0.000 0.070 0.059 0.701 0.000 -0.712 0.043 0.995 0.000 0.083 0.063 
0.997 -0.032 -0.047 -0.056 0.705 0.000 -0.709 0.010 0.976 0.000 -0.089 -0.199 0.774 0.000 -0.623 -0.113 0.762 0.000 -0.438 -0.477 0.641 0.000 -0.763 0.082 0.996 -0.000 0.071 0.059 0.701 0.000 -0.712 0.043 0.995 0.000 0.083 0.064 
0.997 -0.032 -0.047 -0.056 0.705 0.000 -0.709 0.010 0.976 0.000 -0.089 -0.199 0.774 0.000 -0.623 -0.113 0.762 0.000 -0.438 -0.477 0.641 0.000 -0.763 0.083 0.996 -0.000 0.071 0.059 0.701 0.000 -0.712 0.043 0.995 -0.000 0.083 0.063 
0.997 -0.032 -0.047 -0.056 0.705 0.000 -0.709 0.009 0.976 0.000 -0.089 -0.199 0.774 0.000 -0.622 -0.114 0.762 -0.000 -0.439 -0.477 0.641 0.000 -0.763 0.083 0.996 0.000 0.070 0.059 0.701 0.000 -0.712 0.043 0.995 0.000 0.083 0.063 
0.997 -0.032 -0.047 -0.056 0.705 0.000 -0.709 0.009 0.976 -0.000 -0.089 -0.199 0.775 0.000 -0.622 -0.114 0.762 0.000 -0.439 -0.477 0.641 -0.000 -0.763 0.083 0.996 0.000 0.070 0.059 0.701 0.000 -0.712 0.043 0.995 0.000 0.083 0.063 
0.997 -0.032 -0.047 -0.056 0.705 0.000 -0.709 0.009 0.976 0.000 -0.089 -0.200 0.775 -0.000 -0.622 -0.114 0.762 0.000 -0.439 -0.476 0.641 -0.000 -0.763 0.083 0.996 0.000 0.071 0.059 0.701 0.000 -0.712 0.043 0.995 0.000 0.083 0.063 
