# T   LUA LFA RUA RFA LT  LS  RT  RS  
0.685 -0.193 0.177 0.680 0.752 0.000 -0.561 -0.346 0.879 0.000 0.094 -0.467 0.768 0.000 -0.620 -0.158 0.861 -0.000 0.008 -0.509 0.676 -0.000 -0.424 -0.602 0.729 0.000 -0.563 0.390 0.700 -0.000 -0.399 -0.592 0.682 -0.000 -0.613 0.399 
0.686 -0.193 0.178 0.678 0.751 0.000 -0.563 -0.346 0.879 0.000 0.092 -0.468 0.769 0.000 -0.620 -0.157 0.861 0.000 0.009 -0.508 0.675 -0.000 -0.426 -0.603 0.729 0.000 -0.562 0.391 0.702 0.000 -0.399 -0.590 0.683 -0.000 -0.612 0.399 
0.686 -0.193 0.178 0.678 0.751 0.000 -0.563 -0.345 0.879 0.000 0.092 -0.468 0.769 0.000 -0.619 -0.160 0.862 0.000 0.010 -0.507 0.675 0.000 -0.426 -0.602 0.729 0.000 -0.562 0.392 0.702 0.000 -0.399 -0.590 0.683 0.000 -0.612 0.400 
0.686 -0.193 0.178 0.678 0.751 -0.000 -0.564 -0.344 0.879 0.000 0.091 -0.468 0.769 0.000 -0.618 -0.160 0.862 0.000 0.010 -0.507 0.675 0.000 -0.426 -0.602 0.729 0.000 -0.562 0.392 0.702 0.000 -0.399 -0.590 0.683 0.000 -0.612 0.400 
0.685 -0.193 0.178 0.680 0.752 0.000 -0.562 -0.344 0.879 0.000 0.092 -0.467 0.769 0.000 -0.618 -0.162 0.862 0.000 0.010 -0.506 0.676 0.000 -0.425 -0.602 0.729 0.000 -0.563 0.390 0.700 0.000 -0.399 -0.592 0.682 0.000 -0.613 0.399 
0.685 -0.193 0.178 0.680 0.752 0.000 -0.563 -0.343 0.879 0.000 0.091 -0.468 0.770 0.000 -0.618 -0.160 0.861 0.000 0.009 -0.509 0.677 0.000 -0.425 -0.602 0.729 0.000 -0.563 0.391 0.700 0.000 -0.399 -0.592 0.682 0.000 -0.613 0.399 
0.685 -0.193 0.178 0.680 0.752 0.000 -0.564 -0.341 0.879 0.000 0.090 -0.468 0.770 0.000 -0.617 -0.163 0.862 -0.000 0.010 -0.507 0.676 0.000 -0.425 -0.602 0.729 0.000 -0.563 0.391 0.700 -0.000 -0.399 -0.592 0.682 -0.000 -0.613 0.399 
0.685 -0.193 0.178 0.680 0.752 0.000 -0.565 -0.340 0.879 0.000 0.090 -0.468 0.771 0.000 -0.616 -0.164 0.862 0.000 0.011 -0.507 0.676 0.000 -0.425 -0.602 0.729 0.000 -0.562 0.391 0.700 -0.000 -0.399 -0.592 0.682 0.000 -0.612 0.399 
0.686 -0.194 0.178 0.678 0.751 0.000 -0.567 -0.339 0.880 0.000 0.086 -0.467 0.772 0.000 -0.615 -0.161 0.861 0.000 0.011 -0.509 0.675 0.000 -0.427 -0.602 0.729 0.000 -0.561 0.392 0.702 0.000 -0.400 -0.589 0.683 0.000 -0.611 0.400 
0.685 -0.193 0.178 0.680 0.751 0.000 -0.568 -0.337 0.880 0.000 0.088 -0.467 0.772 0.000 -0.614 -0.166 0.862 0.000 0.012 -0.507 0.676 0.000 -0.425 -0.601 0.729 0.000 -0.562 0.391 0.700 0.000 -0.400 -0.592 0.682 0.000 -0.612 0.400 
0.685 -0.193 0.178 0.680 0.751 -0.000 -0.569 -0.335 0.880 0.000 0.087 -0.467 0.773 0.000 -0.613 -0.165 0.860 0.000 0.012 -0.510 0.676 -0.000 -0.425 -0.601 0.729 0.000 -0.562 0.391 0.700 -0.000 -0.400 -0.592 0.682 0.000 -0.612 0.400 
0.686 -0.194 0.178 0.678 0.749 0.000 -0.572 -0.333 0.881 0.000 0.084 -0.466 0.774 0.000 -0.611 -0.165 0.860 0.000 0.013 -0.509 0.675 -0.000 -0.427 -0.602 0.729 0.000 -0.561 0.393 0.702 -0.000 -0.400 -0.589 0.683 0.000 -0.611 0.401 
0.686 -0.194 0.178 0.678 0.749 0.000 -0.574 -0.331 0.881 0.000 0.083 -0.466 0.775 0.000 -0.610 -0.166 0.860 0.000 0.014 -0.510 0.675 0.000 -0.427 -0.601 0.729 -0.000 -0.561 0.393 0.702 0.000 -0.401 -0.589 0.683 0.000 -0.611 0.401 
0.685 -0.194 0.178 0.680 0.750 -0.000 -0.573 -0.330 0.882 0.000 0.084 -0.465 0.775 0.000 -0.608 -0.172 0.861 0.000 0.016 -0.508 0.677 0.000 -0.426 -0.601 0.729 0.000 -0.562 0.391 0.700 -0.000 -0.400 -0.592 0.682 0.000 -0.612 0.400 
0.685 -0.194 0.178 0.680 0.750 -0.000 -0.575 -0.327 0.882 0.000 0.083 -0.464 0.776 -0.000 -0.607 -0.173 0.861 -0.000 0.017 -0.509 0.676 0.000 -0.426 -0.601 0.729 0.000 -0.562 0.392 0.700 0.000 -0.400 -0.591 0.682 -0.000 -0.612 0.400 
0.685 -0.194 0.178 0.680 0.749 0.000 -0.577 -0.325 0.882 0.000 0.082 -0.464 0.777 0.000 -0.605 -0.175 0.861 0.000 0.018 -0.509 0.676 0.000 -0.426 -0.601 0.729 -0.000 -0.562 0.392 0.700 0.000 -0.400 -0.591 0.682 0.000 -0.612 0.400 
0.685 -0.194 0.178 0.680 0.749 -0.000 -0.579 -0.323 0.883 0.000 0.081 -0.463 0.778 0.000 -0.604 -0.174 0.859 -0.000 0.018 -0.511 0.676 0.000 -0.426 -0.601 0.729 0.000 -0.562 0.392 0.700 0.000 -0.400 -0.591 0.682 0.000 -0.612 0.400 
0.685 -0.194 0.178 0.680 0.748 -0.000 -0.580 -0.321 0.884 0.000 0.080 -0.461 0.778 0.000 -0.602 -0.178 0.860 -0.000 0.021 -0.511 0.676 0.000 -0.426 -0.601 0.729 0.000 -0.562 0.392 0.700 0.000 -0.401 -0.591 0.682 -0.000 -0.612 0.400 
0.685 -0.194 0.178 0.680 0.748 0.000 -0.583 -0.317 0.884 0.000 0.079 -0.461 0.779 0.000 -0.600 -0.180 0.859 -0.000 0.023 -0.511 0.676 0.000 -0.426 -0.601 0.729 -0.000 -0.561 0.392 0.700 0.000 -0.401 -0.591 0.682 0.000 -0.612 0.400 
0.686 -0.194 0.179 0.678 0.746 -0.000 -0.587 -0.314 0.884 0.000 0.077 -0.460 0.782 0.000 -0.597 -0.179 0.858 0.000 0.022 -0.513 0.675 -0.000 -0.428 -0.601 0.729 -0.000 -0.561 0.393 0.702 0.000 -0.401 -0.589 0.683 0.000 -0.611 0.401 
0.684 -0.194 0.178 0.680 0.747 0.000 -0.588 -0.312 0.885 -0.000 0.077 -0.459 0.782 0.000 -0.595 -0.184 0.859 0.000 0.028 -0.512 0.676 0.000 -0.427 -0.600 0.729 0.000 -0.561 0.392 0.700 -0.000 -0.401 -0.591 0.682 0.000 -0.612 0.401 
0.684 -0.194 0.178 0.680 0.746 0.000 -0.590 -0.309 0.886 0.000 0.076 -0.458 0.784 -0.000 -0.593 -0.187 0.859 0.000 0.030 -0.512 0.676 0.000 -0.427 -0.600 0.729 0.000 -0.561 0.392 0.700 0.000 -0.401 -0.591 0.682 0.000 -0.612 0.401 
0.684 -0.194 0.179 0.680 0.746 0.000 -0.591 -0.306 0.886 0.000 0.074 -0.457 0.785 0.000 -0.591 -0.187 0.857 0.000 0.030 -0.514 0.676 -0.000 -0.427 -0.600 0.729 0.000 -0.561 0.392 0.700 -0.000 -0.401 -0.591 0.682 0.000 -0.611 0.401 
0.686 -0.195 0.179 0.678 0.744 0.000 -0.596 -0.302 0.887 0.000 0.072 -0.457 0.786 -0.000 -0.588 -0.190 0.857 0.000 0.038 -0.514 0.675 0.000 -0.428 -0.601 0.728 0.000 -0.560 0.394 0.702 0.000 -0.402 -0.588 0.683 -0.000 -0.610 0.401 
0.684 -0.194 0.179 0.680 0.744 0.000 -0.597 -0.300 0.887 0.000 0.072 -0.456 0.788 0.000 -0.586 -0.192 0.856 0.000 0.036 -0.515 0.676 0.000 -0.427 -0.600 0.729 0.000 -0.561 0.393 0.700 0.000 -0.401 -0.591 0.682 0.000 -0.611 0.401 
0.684 -0.194 0.179 0.680 0.744 0.000 -0.599 -0.296 0.888 0.000 0.071 -0.455 0.788 -0.000 -0.583 -0.199 0.858 0.000 0.041 -0.512 0.676 0.000 -0.427 -0.600 0.729 -0.000 -0.561 0.393 0.700 -0.000 -0.401 -0.591 0.682 0.000 -0.611 0.401 
0.684 -0.194 0.179 0.680 0.743 0.000 -0.601 -0.293 0.888 -0.000 0.069 -0.454 0.790 0.000 -0.580 -0.197 0.856 0.000 0.039 -0.516 0.676 0.000 -0.427 -0.600 0.728 0.000 -0.561 0.393 0.700 0.000 -0.401 -0.591 0.682 0.000 -0.611 0.401 
0.684 -0.194 0.179 0.680 0.743 0.000 -0.604 -0.290 0.889 0.000 0.068 -0.454 0.791 0.000 -0.579 -0.198 0.855 0.000 0.041 -0.517 0.676 0.000 -0.427 -0.600 0.729 0.000 -0.561 0.393 0.700 0.000 -0.401 -0.590 0.682 0.000 -0.611 0.401 
0.684 -0.194 0.179 0.680 0.742 0.000 -0.606 -0.287 0.889 0.000 0.067 -0.453 0.793 0.000 -0.575 -0.202 0.855 0.000 0.043 -0.516 0.676 0.000 -0.427 -0.600 0.728 0.000 -0.561 0.393 0.700 0.000 -0.402 -0.590 0.683 0.000 -0.611 0.401 
0.684 -0.194 0.179 0.680 0.741 0.000 -0.608 -0.283 0.890 0.000 0.066 -0.452 0.794 0.000 -0.573 -0.203 0.855 -0.000 0.045 -0.517 0.677 0.000 -0.427 -0.600 0.729 0.000 -0.561 0.393 0.700 0.000 -0.402 -0.590 0.682 0.000 -0.611 0.401 
0.684 -0.194 0.179 0.680 0.741 0.000 -0.610 -0.281 0.891 -0.000 0.064 -0.450 0.796 0.000 -0.570 -0.207 0.855 0.000 0.046 -0.517 0.676 0.000 -0.427 -0.600 0.728 0.000 -0.561 0.394 0.700 0.000 -0.402 -0.590 0.682 0.000 -0.611 0.401 
0.684 -0.194 0.179 0.680 0.740 0.000 -0.613 -0.277 0.890 0.000 0.063 -0.451 0.797 -0.000 -0.567 -0.210 0.855 0.000 0.048 -0.517 0.676 -0.000 -0.428 -0.600 0.729 0.000 -0.561 0.393 0.700 -0.000 -0.402 -0.590 0.683 0.000 -0.611 0.401 
0.684 -0.194 0.179 0.680 0.740 -0.000 -0.615 -0.273 0.891 0.000 0.061 -0.450 0.798 0.000 -0.563 -0.213 0.855 -0.000 0.049 -0.516 0.676 -0.000 -0.428 -0.600 0.729 -0.000 -0.561 0.393 0.700 0.000 -0.402 -0.590 0.682 0.000 -0.611 0.401 
0.684 -0.194 0.179 0.680 0.739 0.000 -0.617 -0.270 0.891 0.000 0.060 -0.450 0.800 -0.000 -0.561 -0.214 0.854 0.000 0.051 -0.518 0.677 -0.000 -0.427 -0.600 0.729 0.000 -0.561 0.393 0.700 0.000 -0.401 -0.590 0.682 -0.000 -0.611 0.401 
0.685 -0.195 0.179 0.679 0.738 0.000 -0.620 -0.267 0.892 0.000 0.059 -0.449 0.802 0.000 -0.556 -0.218 0.854 0.000 0.052 -0.517 0.676 0.000 -0.428 -0.600 0.728 -0.000 -0.561 0.393 0.700 0.000 -0.402 -0.591 0.682 0.000 -0.611 0.401 
0.685 -0.195 0.179 0.679 0.737 0.000 -0.623 -0.263 0.892 -0.000 0.057 -0.448 0.803 0.000 -0.554 -0.220 0.854 0.000 0.054 -0.517 0.676 0.000 -0.428 -0.600 0.729 0.000 -0.561 0.393 0.700 -0.000 -0.402 -0.590 0.682 0.000 -0.611 0.401 
0.685 -0.195 0.179 0.679 0.736 0.000 -0.625 -0.260 0.892 -0.000 0.057 -0.448 0.804 0.000 -0.550 -0.224 0.855 0.000 0.056 -0.516 0.676 0.000 -0.428 -0.600 0.728 0.000 -0.561 0.393 0.700 0.000 -0.402 -0.590 0.682 0.000 -0.611 0.401 
0.685 -0.195 0.179 0.679 0.735 0.000 -0.627 -0.256 0.893 0.000 0.055 -0.447 0.805 0.000 -0.547 -0.229 0.855 0.000 0.059 -0.515 0.676 0.000 -0.428 -0.600 0.728 0.000 -0.561 0.394 0.700 0.000 -0.402 -0.590 0.682 0.000 -0.611 0.401 
0.685 -0.195 0.179 0.679 0.735 0.000 -0.629 -0.253 0.893 -0.000 0.054 -0.446 0.806 0.000 -0.544 -0.233 0.855 0.000 0.062 -0.514 0.676 0.000 -0.428 -0.600 0.729 0.000 -0.561 0.393 0.700 0.000 -0.402 -0.590 0.682 0.000 -0.611 0.401 
0.685 -0.195 0.179 0.679 0.734 0.000 -0.631 -0.250 0.894 0.000 0.052 -0.446 0.807 -0.000 -0.541 -0.236 0.855 -0.000 0.063 -0.515 0.676 0.000 -0.428 -0.600 0.728 -0.000 -0.561 0.394 0.700 0.000 -0.402 -0.590 0.682 0.000 -0.611 0.401 
0.685 -0.194 0.179 0.679 0.733 0.000 -0.633 -0.247 0.894 -0.000 0.051 -0.445 0.808 0.000 -0.538 -0.238 0.856 0.000 0.063 -0.514 0.676 0.000 -0.428 -0.600 0.729 0.000 -0.561 0.393 0.700 0.000 -0.402 -0.591 0.683 0.000 -0.611 0.401 
0.685 -0.194 0.179 0.679 0.733 0.000 -0.635 -0.243 0.895 0.000 0.049 -0.444 0.810 0.000 -0.535 -0.240 0.855 0.000 0.064 -0.514 0.676 0.000 -0.427 -0.600 0.729 -0.000 -0.561 0.393 0.700 0.000 -0.402 -0.590 0.683 0.000 -0.611 0.401 
0.684 -0.195 0.180 0.679 0.732 0.000 -0.638 -0.239 0.895 -0.000 0.047 -0.443 0.810 0.000 -0.533 -0.245 0.856 -0.000 0.066 -0.512 0.676 0.000 -0.429 -0.600 0.728 0.000 -0.560 0.395 0.700 0.000 -0.403 -0.590 0.683 -0.000 -0.610 0.402 
0.684 -0.195 0.180 0.679 0.731 0.000 -0.640 -0.236 0.896 -0.000 0.045 -0.443 0.811 0.000 -0.530 -0.247 0.856 0.000 0.067 -0.512 0.676 0.000 -0.429 -0.600 0.728 0.000 -0.560 0.395 0.700 -0.000 -0.403 -0.590 0.683 0.000 -0.610 0.402 
0.685 -0.195 0.179 0.679 0.730 0.000 -0.642 -0.234 0.896 -0.000 0.044 -0.442 0.813 0.000 -0.527 -0.248 0.855 0.000 0.068 -0.514 0.676 0.000 -0.428 -0.600 0.729 0.000 -0.561 0.394 0.700 0.000 -0.402 -0.590 0.683 0.000 -0.611 0.401 
0.684 -0.195 0.180 0.679 0.730 0.000 -0.644 -0.229 0.896 0.000 0.041 -0.441 0.813 0.000 -0.524 -0.253 0.857 0.000 0.070 -0.511 0.676 0.000 -0.429 -0.599 0.729 0.000 -0.560 0.395 0.700 -0.000 -0.404 -0.589 0.683 0.000 -0.610 0.403 
0.685 -0.195 0.179 0.679 0.729 0.000 -0.645 -0.228 0.897 0.000 0.040 -0.440 0.815 0.000 -0.522 -0.253 0.855 0.000 0.070 -0.513 0.676 0.000 -0.428 -0.600 0.728 -0.000 -0.560 0.394 0.700 0.000 -0.402 -0.590 0.683 0.000 -0.611 0.401 
0.685 -0.195 0.179 0.679 0.729 0.000 -0.646 -0.227 0.898 0.000 0.039 -0.438 0.816 0.000 -0.519 -0.255 0.855 0.000 0.071 -0.513 0.676 0.000 -0.428 -0.600 0.729 0.000 -0.560 0.394 0.700 0.000 -0.402 -0.590 0.683 0.000 -0.611 0.401 
0.684 -0.195 0.179 0.679 0.728 0.000 -0.648 -0.223 0.898 0.000 0.038 -0.438 0.817 0.000 -0.516 -0.257 0.855 0.000 0.072 -0.514 0.676 0.000 -0.428 -0.600 0.728 0.000 -0.560 0.394 0.700 0.000 -0.402 -0.590 0.683 -0.000 -0.611 0.401 
0.684 -0.195 0.180 0.679 0.727 0.000 -0.650 -0.220 0.899 0.000 0.036 -0.437 0.817 0.000 -0.515 -0.261 0.856 0.000 0.074 -0.512 0.676 0.000 -0.429 -0.599 0.728 0.000 -0.560 0.395 0.700 0.000 -0.403 -0.589 0.683 0.000 -0.610 0.402 
0.685 -0.195 0.179 0.679 0.727 0.000 -0.651 -0.219 0.900 0.000 0.035 -0.435 0.818 -0.000 -0.512 -0.262 0.855 0.000 0.074 -0.514 0.676 0.000 -0.428 -0.600 0.729 0.000 -0.560 0.394 0.700 -0.000 -0.402 -0.590 0.683 0.000 -0.611 0.401 
0.685 -0.195 0.180 0.679 0.726 0.000 -0.653 -0.216 0.900 0.000 0.033 -0.435 0.819 0.000 -0.509 -0.264 0.855 -0.000 0.076 -0.513 0.676 -0.000 -0.429 -0.600 0.729 0.000 -0.560 0.394 0.700 0.000 -0.403 -0.590 0.683 0.000 -0.610 0.402 
0.684 -0.195 0.180 0.679 0.726 0.000 -0.654 -0.214 0.901 0.000 0.031 -0.434 0.819 0.000 -0.508 -0.267 0.856 0.000 0.078 -0.511 0.676 0.000 -0.429 -0.599 0.729 0.000 -0.560 0.395 0.700 -0.000 -0.403 -0.589 0.683 0.000 -0.610 0.402 
0.684 -0.195 0.180 0.679 0.725 0.000 -0.656 -0.212 0.901 0.000 0.031 -0.433 0.819 0.000 -0.506 -0.269 0.856 -0.000 0.079 -0.511 0.676 -0.000 -0.429 -0.599 0.728 0.000 -0.560 0.395 0.700 0.000 -0.403 -0.589 0.683 0.000 -0.610 0.402 
0.684 -0.195 0.180 0.679 0.724 0.000 -0.658 -0.209 0.901 0.000 0.030 -0.433 0.820 0.000 -0.504 -0.270 0.856 0.000 0.079 -0.511 0.676 0.000 -0.429 -0.599 0.728 -0.000 -0.560 0.395 0.700 -0.000 -0.403 -0.589 0.683 0.000 -0.610 0.402 
0.684 -0.195 0.180 0.679 0.723 -0.000 -0.659 -0.207 0.902 0.000 0.030 -0.432 0.821 0.000 -0.503 -0.271 0.856 0.000 0.080 -0.511 0.676 0.000 -0.429 -0.599 0.729 0.000 -0.559 0.395 0.700 0.000 -0.404 -0.589 0.683 0.000 -0.610 0.403 
0.685 -0.195 0.179 0.679 0.722 0.000 -0.660 -0.207 0.902 0.000 0.030 -0.431 0.822 0.000 -0.501 -0.271 0.853 0.000 0.081 -0.515 0.676 0.000 -0.428 -0.600 0.729 0.000 -0.560 0.394 0.700 0.000 -0.402 -0.590 0.683 0.000 -0.611 0.401 
0.684 -0.195 0.180 0.679 0.722 0.000 -0.661 -0.204 0.902 0.000 0.028 -0.430 0.822 -0.000 -0.500 -0.274 0.855 0.000 0.082 -0.512 0.676 0.000 -0.429 -0.599 0.728 -0.000 -0.560 0.395 0.700 0.000 -0.404 -0.589 0.683 0.000 -0.610 0.403 
0.684 -0.196 0.180 0.679 0.721 -0.000 -0.662 -0.203 0.903 0.000 0.028 -0.429 0.822 0.000 -0.499 -0.275 0.855 -0.000 0.082 -0.513 0.676 0.000 -0.429 -0.599 0.729 0.000 -0.559 0.395 0.700 0.000 -0.404 -0.589 0.683 -0.000 -0.610 0.403 
0.684 -0.196 0.180 0.679 0.721 0.000 -0.663 -0.201 0.903 0.000 0.027 -0.428 0.822 0.000 -0.498 -0.276 0.855 -0.000 0.083 -0.513 0.676 0.000 -0.429 -0.599 0.728 -0.000 -0.560 0.395 0.700 0.000 -0.404 -0.589 0.683 0.000 -0.610 0.403 
0.684 -0.196 0.180 0.679 0.721 0.000 -0.664 -0.200 0.904 0.000 0.026 -0.428 0.822 0.000 -0.497 -0.277 0.854 0.000 0.084 -0.513 0.676 0.000 -0.429 -0.599 0.728 0.000 -0.559 0.395 0.700 0.000 -0.404 -0.589 0.683 -0.000 -0.609 0.402 
0.685 -0.195 0.180 0.679 0.720 0.000 -0.664 -0.200 0.904 0.000 0.026 -0.427 0.824 0.000 -0.496 -0.275 0.853 0.000 0.085 -0.515 0.676 0.000 -0.429 -0.600 0.728 0.000 -0.560 0.395 0.700 0.000 -0.403 -0.590 0.683 0.000 -0.610 0.401 
0.685 -0.195 0.180 0.679 0.720 -0.000 -0.665 -0.199 0.904 0.000 0.025 -0.426 0.824 0.000 -0.496 -0.275 0.853 0.000 0.086 -0.515 0.676 0.000 -0.429 -0.599 0.728 0.000 -0.560 0.394 0.700 -0.000 -0.403 -0.589 0.683 0.000 -0.610 0.401 
0.685 -0.195 0.180 0.679 0.720 0.000 -0.665 -0.198 0.905 0.000 0.025 -0.425 0.824 0.000 -0.496 -0.276 0.852 -0.000 0.086 -0.516 0.676 0.000 -0.429 -0.600 0.728 0.000 -0.560 0.395 0.700 0.000 -0.403 -0.589 0.683 0.000 -0.610 0.401 
0.685 -0.195 0.180 0.679 0.719 0.000 -0.666 -0.198 0.905 -0.000 0.024 -0.425 0.824 0.000 -0.495 -0.276 0.852 0.000 0.086 -0.517 0.676 0.000 -0.429 -0.600 0.728 0.000 -0.560 0.395 0.700 -0.000 -0.403 -0.590 0.683 0.000 -0.610 0.402 
0.685 -0.195 0.180 0.679 0.719 0.000 -0.666 -0.197 0.905 0.000 0.024 -0.424 0.824 0.000 -0.495 -0.276 0.852 0.000 0.087 -0.517 0.676 0.000 -0.429 -0.599 0.728 0.000 -0.560 0.395 0.700 0.000 -0.403 -0.589 0.683 0.000 -0.610 0.402 
0.684 -0.195 0.180 0.679 0.719 -0.000 -0.666 -0.197 0.906 0.000 0.024 -0.424 0.825 0.000 -0.495 -0.273 0.851 -0.000 0.085 -0.519 0.676 -0.000 -0.429 -0.599 0.728 0.000 -0.560 0.395 0.700 -0.000 -0.403 -0.589 0.683 0.000 -0.610 0.402 
0.684 -0.195 0.180 0.679 0.719 -0.000 -0.667 -0.197 0.906 0.000 0.024 -0.423 0.825 0.000 -0.495 -0.273 0.850 0.000 0.085 -0.519 0.676 0.000 -0.429 -0.599 0.728 0.000 -0.560 0.395 0.700 -0.000 -0.403 -0.589 0.682 0.000 -0.610 0.402 
0.684 -0.195 0.180 0.679 0.719 0.000 -0.667 -0.197 0.906 0.000 0.024 -0.423 0.825 0.000 -0.495 -0.274 0.850 0.000 0.086 -0.519 0.676 0.000 -0.429 -0.599 0.728 0.000 -0.560 0.395 0.700 0.000 -0.403 -0.589 0.682 -0.000 -0.611 0.402 
0.684 -0.196 0.180 0.679 0.719 0.000 -0.667 -0.196 0.906 0.000 0.024 -0.423 0.825 0.000 -0.496 -0.273 0.850 0.000 0.085 -0.519 0.676 0.000 -0.429 -0.599 0.728 0.000 -0.560 0.395 0.700 0.000 -0.404 -0.589 0.682 0.000 -0.610 0.403 
0.684 -0.196 0.181 0.679 0.719 0.000 -0.667 -0.195 0.906 0.000 0.023 -0.423 0.823 0.000 -0.497 -0.275 0.852 -0.000 0.086 -0.517 0.676 0.000 -0.430 -0.598 0.728 -0.000 -0.559 0.396 0.700 0.000 -0.405 -0.588 0.682 0.000 -0.610 0.404 
0.684 -0.196 0.180 0.679 0.719 0.000 -0.667 -0.197 0.906 -0.000 0.024 -0.422 0.824 0.000 -0.497 -0.272 0.850 0.000 0.086 -0.520 0.676 -0.000 -0.429 -0.599 0.728 -0.000 -0.560 0.395 0.700 0.000 -0.404 -0.589 0.681 0.000 -0.611 0.403 
0.684 -0.196 0.181 0.679 0.719 -0.000 -0.667 -0.196 0.906 0.000 0.023 -0.422 0.823 0.000 -0.498 -0.273 0.851 0.000 0.087 -0.518 0.676 0.000 -0.430 -0.598 0.728 0.000 -0.559 0.396 0.700 0.000 -0.405 -0.588 0.681 0.000 -0.610 0.404 
0.684 -0.196 0.180 0.679 0.719 0.000 -0.667 -0.198 0.906 0.000 0.024 -0.422 0.823 0.000 -0.499 -0.270 0.850 0.000 0.086 -0.520 0.676 -0.000 -0.429 -0.599 0.728 0.000 -0.560 0.395 0.700 0.000 -0.404 -0.589 0.681 0.000 -0.611 0.403 
0.684 -0.196 0.181 0.679 0.719 0.000 -0.667 -0.197 0.906 0.000 0.023 -0.422 0.821 0.000 -0.501 -0.274 0.851 0.000 0.089 -0.517 0.676 0.000 -0.431 -0.598 0.728 0.000 -0.559 0.397 0.700 0.000 -0.405 -0.588 0.681 0.000 -0.610 0.405 
0.684 -0.196 0.180 0.679 0.719 0.000 -0.666 -0.199 0.906 -0.000 0.025 -0.422 0.822 0.000 -0.501 -0.271 0.850 0.000 0.088 -0.519 0.676 0.000 -0.430 -0.599 0.728 0.000 -0.560 0.396 0.700 0.000 -0.404 -0.589 0.681 0.000 -0.611 0.403 
0.684 -0.196 0.180 0.679 0.719 0.000 -0.665 -0.200 0.906 0.000 0.025 -0.422 0.821 0.000 -0.503 -0.271 0.851 0.000 0.088 -0.518 0.676 0.000 -0.430 -0.599 0.728 -0.000 -0.559 0.396 0.700 0.000 -0.404 -0.589 0.681 0.000 -0.610 0.404 
0.684 -0.196 0.180 0.679 0.720 0.000 -0.665 -0.201 0.906 0.000 0.026 -0.422 0.820 -0.000 -0.504 -0.270 0.851 -0.000 0.087 -0.518 0.676 -0.000 -0.430 -0.599 0.728 0.000 -0.559 0.396 0.700 0.000 -0.404 -0.589 0.681 0.000 -0.611 0.404 
0.684 -0.196 0.181 0.679 0.720 0.000 -0.664 -0.202 0.906 0.000 0.026 -0.423 0.820 0.000 -0.506 -0.269 0.851 0.000 0.087 -0.519 0.676 0.000 -0.430 -0.599 0.728 -0.000 -0.559 0.396 0.700 0.000 -0.404 -0.589 0.681 0.000 -0.611 0.404 
0.684 -0.195 0.180 0.679 0.720 0.000 -0.663 -0.204 0.906 0.000 0.027 -0.423 0.820 0.000 -0.507 -0.266 0.850 0.000 0.085 -0.521 0.676 -0.000 -0.429 -0.599 0.729 0.000 -0.560 0.395 0.700 0.000 -0.403 -0.589 0.681 0.000 -0.611 0.403 
0.684 -0.196 0.180 0.679 0.721 -0.000 -0.663 -0.204 0.905 -0.000 0.027 -0.425 0.819 0.000 -0.509 -0.266 0.851 0.000 0.085 -0.518 0.676 -0.000 -0.430 -0.599 0.729 0.000 -0.559 0.396 0.700 0.000 -0.404 -0.589 0.681 0.000 -0.611 0.404 
0.684 -0.196 0.180 0.679 0.721 -0.000 -0.662 -0.205 0.905 0.000 0.028 -0.425 0.818 0.000 -0.511 -0.265 0.851 0.000 0.084 -0.518 0.676 0.000 -0.430 -0.599 0.729 0.000 -0.559 0.396 0.700 0.000 -0.404 -0.589 0.681 0.000 -0.611 0.404 
0.684 -0.196 0.181 0.679 0.722 0.000 -0.661 -0.207 0.905 0.000 0.028 -0.425 0.817 0.000 -0.513 -0.264 0.852 0.000 0.083 -0.517 0.676 0.000 -0.431 -0.598 0.729 0.000 -0.558 0.397 0.700 -0.000 -0.405 -0.588 0.681 0.000 -0.610 0.405 
0.684 -0.196 0.181 0.679 0.722 -0.000 -0.660 -0.209 0.905 0.000 0.029 -0.425 0.816 0.000 -0.515 -0.262 0.853 0.000 0.083 -0.516 0.676 -0.000 -0.431 -0.598 0.729 0.000 -0.558 0.397 0.700 0.000 -0.405 -0.588 0.681 0.000 -0.610 0.405 
0.684 -0.196 0.181 0.679 0.723 0.000 -0.659 -0.210 0.904 -0.000 0.030 -0.426 0.816 0.000 -0.517 -0.260 0.853 0.000 0.082 -0.516 0.676 0.000 -0.431 -0.598 0.728 0.000 -0.559 0.397 0.700 0.000 -0.405 -0.588 0.681 0.000 -0.610 0.405 
0.684 -0.196 0.181 0.679 0.723 0.000 -0.657 -0.212 0.904 0.000 0.030 -0.427 0.815 0.000 -0.519 -0.259 0.853 0.000 0.081 -0.515 0.676 0.000 -0.431 -0.598 0.729 0.000 -0.558 0.397 0.700 0.000 -0.405 -0.588 0.681 0.000 -0.610 0.405 
0.684 -0.196 0.181 0.679 0.724 -0.000 -0.656 -0.214 0.903 0.000 0.031 -0.428 0.814 0.000 -0.521 -0.257 0.853 0.000 0.080 -0.515 0.676 0.000 -0.431 -0.598 0.729 0.000 -0.559 0.396 0.700 -0.000 -0.405 -0.588 0.681 0.000 -0.610 0.404 
0.684 -0.196 0.181 0.679 0.724 0.000 -0.654 -0.216 0.903 0.000 0.032 -0.428 0.813 0.000 -0.523 -0.255 0.853 0.000 0.080 -0.515 0.676 -0.000 -0.431 -0.598 0.729 0.000 -0.559 0.396 0.700 0.000 -0.405 -0.588 0.681 -0.000 -0.610 0.405 
0.684 -0.196 0.181 0.679 0.726 0.000 -0.652 -0.220 0.903 0.000 0.032 -0.428 0.812 0.000 -0.526 -0.253 0.853 0.000 0.079 -0.515 0.676 0.000 -0.431 -0.598 0.729 0.000 -0.559 0.396 0.700 0.000 -0.405 -0.588 0.681 0.000 -0.610 0.404 
0.684 -0.196 0.181 0.679 0.726 0.000 -0.651 -0.222 0.903 0.000 0.033 -0.428 0.811 0.000 -0.528 -0.251 0.854 0.000 0.078 -0.515 0.676 -0.000 -0.431 -0.598 0.728 -0.000 -0.559 0.396 0.700 -0.000 -0.405 -0.588 0.681 0.000 -0.610 0.404 
0.684 -0.196 0.181 0.679 0.727 0.000 -0.650 -0.223 0.902 0.000 0.034 -0.430 0.811 0.000 -0.530 -0.248 0.854 -0.000 0.077 -0.515 0.676 0.000 -0.431 -0.598 0.729 -0.000 -0.559 0.396 0.700 0.000 -0.405 -0.588 0.681 -0.000 -0.610 0.404 
0.684 -0.196 0.181 0.679 0.728 -0.000 -0.648 -0.226 0.902 0.000 0.035 -0.431 0.810 -0.000 -0.533 -0.246 0.854 -0.000 0.076 -0.515 0.676 0.000 -0.430 -0.598 0.729 0.000 -0.559 0.396 0.700 -0.000 -0.405 -0.588 0.681 0.000 -0.610 0.404 
0.684 -0.196 0.181 0.679 0.728 0.000 -0.646 -0.228 0.901 0.000 0.037 -0.431 0.809 -0.000 -0.535 -0.244 0.854 0.000 0.075 -0.515 0.676 0.000 -0.430 -0.598 0.729 0.000 -0.559 0.396 0.700 -0.000 -0.405 -0.588 0.681 0.000 -0.610 0.404 
0.684 -0.196 0.181 0.679 0.729 0.000 -0.644 -0.231 0.901 0.000 0.038 -0.432 0.808 0.000 -0.537 -0.242 0.854 0.000 0.074 -0.514 0.676 0.000 -0.430 -0.598 0.729 0.000 -0.559 0.396 0.700 0.000 -0.405 -0.588 0.681 0.000 -0.610 0.404 
0.684 -0.196 0.181 0.679 0.730 0.000 -0.642 -0.233 0.901 0.000 0.039 -0.433 0.807 0.000 -0.540 -0.240 0.855 0.000 0.072 -0.514 0.676 0.000 -0.430 -0.598 0.729 0.000 -0.559 0.396 0.700 0.000 -0.405 -0.589 0.681 0.000 -0.610 0.404 
0.684 -0.196 0.180 0.679 0.731 0.000 -0.640 -0.236 0.900 0.000 0.040 -0.433 0.806 0.000 -0.543 -0.237 0.854 0.000 0.073 -0.514 0.676 0.000 -0.430 -0.598 0.729 0.000 -0.559 0.396 0.700 0.000 -0.404 -0.589 0.681 0.000 -0.610 0.404 
0.684 -0.196 0.180 0.679 0.732 0.000 -0.638 -0.239 0.900 0.000 0.041 -0.434 0.805 0.000 -0.545 -0.235 0.855 0.000 0.069 -0.513 0.676 0.000 -0.430 -0.598 0.729 0.000 -0.559 0.396 0.700 0.000 -0.404 -0.589 0.681 0.000 -0.610 0.404 
0.684 -0.196 0.180 0.679 0.733 0.000 -0.636 -0.242 0.900 0.000 0.043 -0.435 0.804 0.000 -0.548 -0.232 0.855 0.000 0.068 -0.514 0.676 0.000 -0.430 -0.598 0.729 0.000 -0.559 0.396 0.700 0.000 -0.404 -0.589 0.681 0.000 -0.610 0.404 
0.684 -0.196 0.180 0.679 0.734 0.000 -0.634 -0.245 0.899 0.000 0.044 -0.435 0.803 0.000 -0.551 -0.230 0.854 0.000 0.069 -0.515 0.676 0.000 -0.430 -0.598 0.729 0.000 -0.559 0.396 0.700 0.000 -0.404 -0.589 0.681 0.000 -0.610 0.404 
0.684 -0.196 0.180 0.679 0.735 0.000 -0.631 -0.248 0.899 0.000 0.045 -0.436 0.802 0.000 -0.553 -0.227 0.854 0.000 0.067 -0.515 0.676 -0.000 -0.430 -0.599 0.729 0.000 -0.559 0.396 0.700 0.000 -0.404 -0.589 0.681 0.000 -0.611 0.404 
0.685 -0.195 0.179 0.679 0.736 -0.000 -0.628 -0.252 0.898 0.000 0.047 -0.437 0.801 0.000 -0.556 -0.222 0.853 0.000 0.065 -0.518 0.676 0.000 -0.429 -0.599 0.729 0.000 -0.560 0.394 0.700 0.000 -0.403 -0.590 0.681 0.000 -0.612 0.403 
0.685 -0.195 0.179 0.679 0.737 0.000 -0.626 -0.256 0.898 0.000 0.048 -0.437 0.800 0.000 -0.558 -0.219 0.853 0.000 0.063 -0.518 0.676 0.000 -0.429 -0.599 0.729 0.000 -0.560 0.394 0.700 0.000 -0.403 -0.590 0.681 0.000 -0.612 0.403 
0.685 -0.195 0.179 0.679 0.738 0.000 -0.623 -0.259 0.898 0.000 0.049 -0.437 0.799 0.000 -0.561 -0.217 0.854 0.000 0.062 -0.517 0.676 0.000 -0.429 -0.599 0.729 0.000 -0.560 0.394 0.700 0.000 -0.403 -0.590 0.681 0.000 -0.611 0.403 
0.685 -0.195 0.179 0.679 0.739 0.000 -0.621 -0.262 0.898 -0.000 0.051 -0.438 0.798 0.000 -0.563 -0.214 0.854 0.000 0.060 -0.517 0.676 -0.000 -0.429 -0.599 0.729 0.000 -0.560 0.394 0.700 0.000 -0.403 -0.590 0.681 0.000 -0.611 0.403 
0.685 -0.195 0.179 0.679 0.740 0.000 -0.619 -0.265 0.897 0.000 0.052 -0.438 0.797 0.000 -0.566 -0.212 0.854 0.000 0.058 -0.517 0.676 0.000 -0.428 -0.599 0.729 0.000 -0.560 0.394 0.700 0.000 -0.403 -0.590 0.681 -0.000 -0.612 0.403 
0.685 -0.195 0.179 0.679 0.740 -0.000 -0.616 -0.268 0.897 -0.000 0.053 -0.439 0.796 0.000 -0.568 -0.209 0.855 0.000 0.057 -0.516 0.676 0.000 -0.428 -0.599 0.729 0.000 -0.560 0.394 0.700 0.000 -0.402 -0.590 0.681 0.000 -0.612 0.403 
0.685 -0.195 0.179 0.679 0.741 -0.000 -0.614 -0.271 0.897 0.000 0.055 -0.439 0.795 0.000 -0.570 -0.207 0.855 -0.000 0.055 -0.516 0.676 0.000 -0.428 -0.599 0.729 0.000 -0.560 0.394 0.700 0.000 -0.403 -0.590 0.681 0.000 -0.612 0.403 
0.685 -0.195 0.179 0.679 0.742 0.000 -0.611 -0.274 0.897 0.000 0.055 -0.439 0.794 0.000 -0.573 -0.204 0.855 0.000 0.053 -0.516 0.676 0.000 -0.428 -0.600 0.729 -0.000 -0.560 0.394 0.700 0.000 -0.402 -0.590 0.681 0.000 -0.612 0.403 
0.685 -0.195 0.179 0.679 0.743 0.000 -0.609 -0.278 0.896 0.000 0.057 -0.440 0.793 0.000 -0.575 -0.202 0.856 0.000 0.051 -0.515 0.676 -0.000 -0.428 -0.600 0.729 0.000 -0.560 0.393 0.700 -0.000 -0.402 -0.590 0.681 -0.000 -0.612 0.403 
0.685 -0.195 0.179 0.679 0.744 0.000 -0.606 -0.281 0.896 0.000 0.058 -0.440 0.792 -0.000 -0.577 -0.200 0.856 -0.000 0.050 -0.514 0.676 0.000 -0.428 -0.600 0.729 0.000 -0.560 0.394 0.700 0.000 -0.402 -0.590 0.681 0.000 -0.612 0.403 
0.685 -0.195 0.179 0.679 0.745 0.000 -0.604 -0.284 0.896 -0.000 0.060 -0.441 0.791 0.000 -0.580 -0.197 0.857 0.000 0.048 -0.514 0.676 -0.000 -0.428 -0.600 0.728 0.000 -0.561 0.394 0.700 0.000 -0.402 -0.590 0.681 0.000 -0.612 0.402 
0.685 -0.195 0.179 0.679 0.746 0.000 -0.601 -0.287 0.895 0.000 0.061 -0.441 0.790 0.000 -0.582 -0.195 0.857 0.000 0.046 -0.513 0.676 0.000 -0.428 -0.600 0.729 0.000 -0.561 0.393 0.700 0.000 -0.402 -0.590 0.681 0.000 -0.612 0.402 
0.685 -0.195 0.179 0.679 0.746 0.000 -0.599 -0.290 0.895 0.000 0.062 -0.442 0.789 0.000 -0.584 -0.192 0.858 -0.000 0.044 -0.512 0.676 0.000 -0.428 -0.600 0.729 0.000 -0.561 0.393 0.700 0.000 -0.402 -0.590 0.681 0.000 -0.612 0.402 
0.685 -0.195 0.179 0.679 0.747 0.000 -0.597 -0.293 0.895 0.000 0.063 -0.442 0.788 0.000 -0.586 -0.190 0.858 -0.000 0.042 -0.512 0.676 0.000 -0.428 -0.600 0.729 -0.000 -0.561 0.393 0.700 0.000 -0.402 -0.590 0.681 0.000 -0.612 0.402 
0.685 -0.195 0.179 0.679 0.748 0.000 -0.594 -0.296 0.894 -0.000 0.065 -0.442 0.787 0.000 -0.588 -0.188 0.858 0.000 0.041 -0.511 0.676 -0.000 -0.428 -0.600 0.729 0.000 -0.561 0.393 0.700 -0.000 -0.402 -0.590 0.681 0.000 -0.612 0.402 
0.685 -0.195 0.179 0.679 0.749 0.000 -0.591 -0.300 0.894 0.000 0.066 -0.443 0.786 0.000 -0.590 -0.185 0.858 0.000 0.039 -0.512 0.676 0.000 -0.428 -0.600 0.729 0.000 -0.561 0.393 0.700 -0.000 -0.402 -0.590 0.681 -0.000 -0.612 0.402 
0.685 -0.195 0.179 0.679 0.749 0.000 -0.589 -0.303 0.894 0.000 0.067 -0.443 0.785 0.000 -0.592 -0.183 0.859 -0.000 0.036 -0.511 0.676 0.000 -0.428 -0.600 0.729 0.000 -0.561 0.393 0.700 0.000 -0.402 -0.590 0.681 0.000 -0.612 0.402 
0.685 -0.195 0.179 0.679 0.750 0.000 -0.587 -0.305 0.894 0.000 0.068 -0.444 0.784 0.000 -0.594 -0.180 0.860 0.000 0.034 -0.510 0.676 0.000 -0.428 -0.600 0.729 0.000 -0.561 0.393 0.700 0.000 -0.402 -0.591 0.681 0.000 -0.612 0.402 
0.685 -0.194 0.179 0.679 0.751 0.000 -0.584 -0.308 0.893 0.000 0.070 -0.445 0.783 0.000 -0.596 -0.178 0.860 0.000 0.032 -0.509 0.676 0.000 -0.427 -0.600 0.729 0.000 -0.561 0.393 0.700 0.000 -0.402 -0.591 0.681 0.000 -0.612 0.402 
0.685 -0.194 0.179 0.679 0.752 -0.000 -0.582 -0.311 0.893 0.000 0.070 -0.445 0.782 0.000 -0.598 -0.176 0.861 0.000 0.031 -0.508 0.676 0.000 -0.427 -0.600 0.729 0.000 -0.561 0.393 0.700 -0.000 -0.402 -0.591 0.681 0.000 -0.612 0.402 
0.685 -0.194 0.179 0.679 0.752 0.000 -0.580 -0.314 0.892 0.000 0.073 -0.445 0.781 -0.000 -0.600 -0.174 0.861 0.000 0.030 -0.508 0.676 0.000 -0.427 -0.600 0.729 0.000 -0.561 0.393 0.700 0.000 -0.401 -0.591 0.681 0.000 -0.612 0.402 
0.685 -0.194 0.179 0.679 0.753 0.000 -0.577 -0.316 0.892 0.000 0.073 -0.446 0.780 0.000 -0.602 -0.172 0.861 0.000 0.028 -0.507 0.676 0.000 -0.427 -0.600 0.729 0.000 -0.561 0.392 0.700 -0.000 -0.401 -0.591 0.681 0.000 -0.612 0.402 
0.685 -0.194 0.179 0.679 0.753 0.000 -0.575 -0.319 0.891 -0.000 0.074 -0.447 0.779 -0.000 -0.603 -0.170 0.862 0.000 0.026 -0.507 0.676 -0.000 -0.427 -0.600 0.729 -0.000 -0.561 0.392 0.700 -0.000 -0.401 -0.591 0.681 0.000 -0.612 0.402 
0.685 -0.194 0.179 0.679 0.754 0.000 -0.573 -0.321 0.891 0.000 0.076 -0.447 0.778 -0.000 -0.605 -0.168 0.862 0.000 0.025 -0.506 0.676 -0.000 -0.427 -0.600 0.729 0.000 -0.561 0.392 0.700 0.000 -0.401 -0.591 0.681 0.000 -0.612 0.402 
0.685 -0.194 0.178 0.679 0.754 0.000 -0.571 -0.324 0.891 0.000 0.077 -0.448 0.778 0.000 -0.607 -0.166 0.862 0.000 0.024 -0.506 0.676 -0.000 -0.427 -0.601 0.729 0.000 -0.561 0.392 0.700 0.000 -0.401 -0.591 0.681 0.000 -0.612 0.401 
0.685 -0.194 0.178 0.679 0.755 0.000 -0.568 -0.327 0.890 0.000 0.077 -0.449 0.777 0.000 -0.608 -0.164 0.863 0.000 0.023 -0.505 0.676 -0.000 -0.427 -0.601 0.729 0.000 -0.561 0.392 0.700 -0.000 -0.401 -0.591 0.681 0.000 -0.613 0.401 
0.685 -0.194 0.178 0.679 0.755 0.000 -0.567 -0.328 0.889 0.000 0.079 -0.450 0.776 0.000 -0.609 -0.163 0.863 0.000 0.021 -0.505 0.676 0.000 -0.427 -0.601 0.729 0.000 -0.562 0.392 0.700 -0.000 -0.401 -0.591 0.681 -0.000 -0.613 0.401 
0.685 -0.194 0.178 0.679 0.756 0.000 -0.565 -0.330 0.889 -0.000 0.080 -0.451 0.775 -0.000 -0.611 -0.161 0.864 0.000 0.020 -0.504 0.676 -0.000 -0.427 -0.601 0.729 0.000 -0.562 0.392 0.700 0.000 -0.401 -0.591 0.681 0.000 -0.613 0.401 
0.685 -0.194 0.178 0.679 0.756 0.000 -0.564 -0.332 0.888 0.000 0.082 -0.452 0.775 -0.000 -0.612 -0.159 0.864 0.000 0.019 -0.503 0.676 0.000 -0.426 -0.601 0.729 0.000 -0.562 0.392 0.700 -0.000 -0.401 -0.591 0.681 0.000 -0.613 0.401 
0.685 -0.194 0.178 0.679 0.756 0.000 -0.562 -0.334 0.888 0.000 0.082 -0.453 0.774 0.000 -0.613 -0.158 0.864 0.000 0.018 -0.503 0.676 -0.000 -0.427 -0.601 0.729 0.000 -0.562 0.392 0.700 -0.000 -0.401 -0.591 0.681 0.000 -0.613 0.401 
0.685 -0.194 0.178 0.679 0.757 -0.000 -0.561 -0.335 0.887 0.000 0.083 -0.454 0.774 -0.000 -0.614 -0.157 0.865 0.000 0.017 -0.502 0.676 -0.000 -0.426 -0.601 0.729 -0.000 -0.562 0.392 0.700 0.000 -0.401 -0.591 0.681 0.000 -0.613 0.401 
0.685 -0.194 0.178 0.679 0.757 0.000 -0.560 -0.337 0.886 0.000 0.084 -0.455 0.774 0.000 -0.614 -0.153 0.864 0.000 0.013 -0.503 0.676 0.000 -0.426 -0.601 0.729 0.000 -0.562 0.392 0.700 -0.000 -0.401 -0.591 0.681 0.000 -0.613 0.401 
0.685 -0.194 0.178 0.679 0.757 0.000 -0.558 -0.338 0.886 0.000 0.085 -0.456 0.773 0.000 -0.615 -0.155 0.866 0.000 0.015 -0.500 0.676 0.000 -0.426 -0.601 0.729 0.000 -0.562 0.392 0.700 0.000 -0.401 -0.591 0.681 0.000 -0.613 0.401 
0.685 -0.194 0.178 0.679 0.758 -0.000 -0.557 -0.340 0.886 -0.000 0.086 -0.457 0.772 0.000 -0.616 -0.154 0.866 0.000 0.015 -0.499 0.676 0.000 -0.426 -0.601 0.729 0.000 -0.562 0.391 0.700 0.000 -0.400 -0.591 0.681 0.000 -0.613 0.401 
0.685 -0.194 0.178 0.679 0.758 -0.000 -0.556 -0.341 0.885 -0.000 0.086 -0.458 0.772 0.000 -0.617 -0.154 0.867 0.000 0.014 -0.499 0.676 0.000 -0.426 -0.601 0.729 0.000 -0.562 0.392 0.700 0.000 -0.400 -0.591 0.681 0.000 -0.613 0.401 
0.685 -0.194 0.178 0.679 0.758 0.000 -0.555 -0.342 0.884 0.000 0.086 -0.459 0.772 0.000 -0.617 -0.153 0.867 0.000 0.014 -0.498 0.676 0.000 -0.426 -0.601 0.729 0.000 -0.562 0.392 0.700 0.000 -0.400 -0.591 0.681 0.000 -0.613 0.401 
0.685 -0.194 0.178 0.679 0.758 0.000 -0.554 -0.343 0.884 0.000 0.086 -0.460 0.772 0.000 -0.618 -0.153 0.868 0.000 0.013 -0.497 0.676 0.000 -0.426 -0.601 0.729 0.000 -0.562 0.391 0.700 -0.000 -0.400 -0.591 0.681 0.000 -0.613 0.401 
0.685 -0.194 0.178 0.679 0.759 0.000 -0.554 -0.344 0.884 0.000 0.087 -0.460 0.771 -0.000 -0.618 -0.152 0.868 0.000 0.013 -0.496 0.676 0.000 -0.426 -0.601 0.728 0.000 -0.562 0.391 0.700 0.000 -0.400 -0.591 0.681 0.000 -0.613 0.401 
0.685 -0.194 0.178 0.679 0.759 0.000 -0.553 -0.344 0.883 -0.000 0.087 -0.460 0.771 0.000 -0.619 -0.153 0.869 0.000 0.013 -0.494 0.676 0.000 -0.427 -0.600 0.728 0.000 -0.562 0.392 0.700 -0.000 -0.401 -0.591 0.681 0.000 -0.613 0.401 
0.685 -0.194 0.178 0.679 0.759 0.000 -0.552 -0.345 0.883 0.000 0.087 -0.461 0.770 0.000 -0.619 -0.153 0.869 0.000 0.013 -0.494 0.676 0.000 -0.427 -0.600 0.728 0.000 -0.562 0.392 0.700 0.000 -0.401 -0.591 0.681 0.000 -0.613 0.401 
0.685 -0.194 0.178 0.679 0.759 0.000 -0.552 -0.346 0.883 0.000 0.087 -0.462 0.770 0.000 -0.619 -0.153 0.870 0.000 0.013 -0.493 0.676 -0.000 -0.427 -0.601 0.729 0.000 -0.561 0.392 0.700 -0.000 -0.401 -0.591 0.681 0.000 -0.613 0.401 
0.685 -0.194 0.178 0.679 0.759 0.000 -0.552 -0.346 0.883 0.000 0.088 -0.462 0.770 0.000 -0.619 -0.152 0.870 -0.000 0.012 -0.493 0.676 0.000 -0.427 -0.601 0.729 -0.000 -0.562 0.392 0.700 0.000 -0.401 -0.591 0.681 0.000 -0.613 0.401 
0.685 -0.194 0.178 0.680 0.759 0.000 -0.551 -0.346 0.882 0.000 0.087 -0.463 0.770 0.000 -0.620 -0.153 0.870 0.000 0.012 -0.493 0.676 0.000 -0.426 -0.601 0.729 0.000 -0.562 0.392 0.700 0.000 -0.401 -0.591 0.681 0.000 -0.613 0.401 
0.685 -0.194 0.178 0.680 0.759 -0.000 -0.551 -0.346 0.882 0.000 0.088 -0.463 0.770 -0.000 -0.619 -0.153 0.870 0.000 0.012 -0.493 0.676 0.000 -0.426 -0.601 0.729 0.000 -0.562 0.392 0.700 0.000 -0.401 -0.591 0.681 0.000 -0.613 0.401 
0.685 -0.194 0.179 0.679 0.759 -0.000 -0.552 -0.346 0.882 0.000 0.086 -0.464 0.771 0.000 -0.619 -0.152 0.870 -0.000 0.008 -0.492 0.676 -0.000 -0.427 -0.601 0.729 0.000 -0.561 0.393 0.701 0.000 -0.401 -0.589 0.682 -0.000 -0.612 0.401 
0.685 -0.194 0.179 0.679 0.759 -0.000 -0.552 -0.346 0.882 0.000 0.087 -0.464 0.770 0.000 -0.619 -0.153 0.870 0.000 0.013 -0.492 0.676 0.000 -0.427 -0.601 0.729 0.000 -0.561 0.393 0.701 0.000 -0.401 -0.590 0.682 0.000 -0.612 0.401 
0.684 -0.194 0.178 0.680 0.759 0.000 -0.552 -0.345 0.881 0.000 0.087 -0.464 0.770 0.000 -0.619 -0.154 0.871 -0.000 0.008 -0.492 0.677 0.000 -0.426 -0.600 0.729 0.000 -0.561 0.392 0.700 0.000 -0.401 -0.591 0.681 0.000 -0.612 0.401 
0.684 -0.194 0.178 0.680 0.759 -0.000 -0.553 -0.343 0.881 0.000 0.087 -0.466 0.770 0.000 -0.618 -0.155 0.871 0.000 0.009 -0.491 0.677 0.000 -0.426 -0.600 0.729 0.000 -0.562 0.392 0.700 0.000 -0.401 -0.591 0.681 0.000 -0.613 0.401 
0.684 -0.194 0.178 0.680 0.759 0.000 -0.554 -0.343 0.881 0.000 0.087 -0.465 0.771 -0.000 -0.618 -0.156 0.871 -0.000 0.009 -0.491 0.677 0.000 -0.426 -0.600 0.729 0.000 -0.562 0.392 0.700 0.000 -0.401 -0.591 0.681 -0.000 -0.613 0.401 
0.684 -0.194 0.178 0.680 0.759 0.000 -0.554 -0.342 0.881 0.000 0.086 -0.466 0.771 0.000 -0.617 -0.157 0.871 0.000 0.009 -0.491 0.677 -0.000 -0.426 -0.600 0.729 0.000 -0.562 0.392 0.700 0.000 -0.401 -0.591 0.681 0.000 -0.613 0.401 
0.684 -0.194 0.178 0.680 0.759 -0.000 -0.555 -0.341 0.881 0.000 0.085 -0.466 0.772 0.000 -0.616 -0.158 0.871 -0.000 0.010 -0.491 0.677 0.000 -0.426 -0.600 0.729 -0.000 -0.562 0.392 0.700 0.000 -0.401 -0.592 0.681 0.000 -0.613 0.401 
0.684 -0.194 0.178 0.680 0.758 -0.000 -0.556 -0.339 0.880 0.000 0.084 -0.467 0.772 0.000 -0.615 -0.159 0.871 0.000 0.011 -0.491 0.677 0.000 -0.426 -0.600 0.729 0.000 -0.562 0.392 0.700 0.000 -0.401 -0.591 0.681 0.000 -0.613 0.401 
0.684 -0.194 0.178 0.680 0.758 -0.000 -0.557 -0.338 0.881 0.000 0.084 -0.466 0.773 0.000 -0.614 -0.160 0.871 0.000 0.015 -0.491 0.677 0.000 -0.426 -0.600 0.729 0.000 -0.562 0.392 0.700 0.000 -0.401 -0.591 0.681 0.000 -0.613 0.401 
0.684 -0.194 0.178 0.680 0.758 0.000 -0.558 -0.338 0.881 0.000 0.083 -0.465 0.773 0.000 -0.613 -0.161 0.871 0.000 0.016 -0.491 0.677 0.000 -0.426 -0.600 0.729 0.000 -0.562 0.392 0.700 0.000 -0.401 -0.591 0.681 0.000 -0.613 0.401 
0.684 -0.194 0.178 0.680 0.758 -0.000 -0.559 -0.336 0.881 0.000 0.081 -0.466 0.774 -0.000 -0.612 -0.163 0.871 0.000 0.017 -0.491 0.677 0.000 -0.426 -0.600 0.729 0.000 -0.562 0.392 0.699 0.000 -0.401 -0.592 0.681 0.000 -0.613 0.401 
0.684 -0.194 0.179 0.680 0.757 -0.000 -0.561 -0.335 0.881 0.000 0.080 -0.465 0.775 0.000 -0.611 -0.164 0.871 0.000 0.017 -0.492 0.677 0.000 -0.426 -0.600 0.728 0.000 -0.562 0.392 0.700 0.000 -0.401 -0.592 0.681 0.000 -0.613 0.401 
0.684 -0.194 0.178 0.680 0.757 -0.000 -0.562 -0.333 0.882 0.000 0.080 -0.465 0.775 0.000 -0.609 -0.165 0.871 0.000 0.018 -0.492 0.677 0.000 -0.426 -0.600 0.729 0.000 -0.562 0.392 0.699 -0.000 -0.401 -0.592 0.681 0.000 -0.613 0.401 
0.684 -0.193 0.178 0.680 0.756 0.000 -0.563 -0.332 0.882 0.000 0.080 -0.464 0.777 -0.000 -0.608 -0.165 0.869 0.000 0.018 -0.494 0.677 0.000 -0.425 -0.600 0.729 0.000 -0.562 0.391 0.699 0.000 -0.400 -0.592 0.681 0.000 -0.614 0.400 
0.684 -0.193 0.178 0.680 0.756 -0.000 -0.566 -0.330 0.883 0.000 0.079 -0.463 0.778 0.000 -0.606 -0.166 0.869 -0.000 0.019 -0.495 0.677 -0.000 -0.425 -0.601 0.728 -0.000 -0.562 0.391 0.700 0.000 -0.400 -0.592 0.681 0.000 -0.614 0.400 
0.684 -0.193 0.178 0.681 0.755 0.000 -0.568 -0.328 0.883 0.000 0.079 -0.462 0.779 0.000 -0.605 -0.168 0.869 0.000 0.020 -0.495 0.677 -0.000 -0.425 -0.600 0.729 0.000 -0.562 0.391 0.699 0.000 -0.400 -0.592 0.681 0.000 -0.613 0.400 
0.684 -0.193 0.178 0.680 0.755 0.000 -0.569 -0.326 0.884 0.000 0.078 -0.461 0.780 0.000 -0.603 -0.170 0.868 0.000 0.021 -0.495 0.677 0.000 -0.425 -0.600 0.729 -0.000 -0.562 0.391 0.700 0.000 -0.400 -0.592 0.681 0.000 -0.613 0.400 
0.684 -0.194 0.178 0.680 0.754 0.000 -0.571 -0.324 0.884 0.000 0.078 -0.460 0.781 0.000 -0.601 -0.172 0.868 0.000 0.022 -0.496 0.677 -0.000 -0.425 -0.600 0.729 0.000 -0.562 0.391 0.699 0.000 -0.400 -0.592 0.681 0.000 -0.613 0.400 
0.684 -0.193 0.178 0.680 0.754 0.000 -0.573 -0.321 0.885 0.000 0.077 -0.459 0.782 0.000 -0.599 -0.174 0.868 0.000 0.024 -0.496 0.677 0.000 -0.425 -0.600 0.729 0.000 -0.562 0.391 0.699 0.000 -0.400 -0.592 0.681 0.000 -0.613 0.400 
0.684 -0.193 0.178 0.681 0.753 0.000 -0.576 -0.319 0.886 0.000 0.076 -0.458 0.783 0.000 -0.597 -0.175 0.868 0.000 0.025 -0.497 0.677 -0.000 -0.425 -0.601 0.728 0.000 -0.562 0.391 0.699 0.000 -0.400 -0.592 0.681 0.000 -0.613 0.400 
0.684 -0.194 0.178 0.680 0.752 0.000 -0.578 -0.316 0.886 0.000 0.075 -0.457 0.784 0.000 -0.595 -0.177 0.868 -0.000 0.027 -0.496 0.677 -0.000 -0.425 -0.600 0.729 0.000 -0.562 0.391 0.699 0.000 -0.400 -0.592 0.681 0.000 -0.613 0.400 
0.684 -0.194 0.178 0.680 0.752 0.000 -0.579 -0.314 0.887 0.000 0.074 -0.455 0.785 0.000 -0.593 -0.179 0.867 -0.000 0.029 -0.497 0.677 0.000 -0.426 -0.600 0.729 0.000 -0.562 0.392 0.699 -0.000 -0.400 -0.592 0.681 0.000 -0.613 0.400 
0.684 -0.193 0.178 0.681 0.751 0.000 -0.582 -0.311 0.888 0.000 0.074 -0.455 0.786 -0.000 -0.591 -0.182 0.867 0.000 0.031 -0.498 0.677 0.000 -0.425 -0.601 0.728 0.000 -0.562 0.392 0.700 0.000 -0.400 -0.592 0.681 0.000 -0.613 0.400 
0.684 -0.193 0.178 0.681 0.750 0.000 -0.585 -0.308 0.888 -0.000 0.073 -0.454 0.787 0.000 -0.589 -0.184 0.867 0.000 0.033 -0.498 0.677 0.000 -0.425 -0.600 0.729 0.000 -0.562 0.391 0.699 0.000 -0.400 -0.592 0.681 0.000 -0.613 0.400 
0.684 -0.193 0.178 0.681 0.750 -0.000 -0.587 -0.305 0.889 0.000 0.072 -0.453 0.788 0.000 -0.587 -0.186 0.866 0.000 0.034 -0.498 0.677 0.000 -0.425 -0.600 0.728 0.000 -0.562 0.391 0.699 0.000 -0.400 -0.592 0.681 0.000 -0.613 0.400 
0.684 -0.193 0.178 0.681 0.749 0.000 -0.590 -0.302 0.889 0.000 0.072 -0.452 0.789 0.000 -0.584 -0.188 0.866 0.000 0.035 -0.499 0.677 0.000 -0.425 -0.600 0.729 0.000 -0.562 0.391 0.700 0.000 -0.400 -0.592 0.681 0.000 -0.613 0.400 
0.684 -0.193 0.178 0.681 0.749 0.000 -0.591 -0.300 0.890 0.000 0.071 -0.450 0.791 0.000 -0.582 -0.190 0.866 0.000 0.036 -0.499 0.677 0.000 -0.425 -0.600 0.728 -0.000 -0.562 0.391 0.699 -0.000 -0.400 -0.592 0.681 0.000 -0.613 0.400 
0.684 -0.193 0.178 0.680 0.748 0.000 -0.594 -0.297 0.890 0.000 0.070 -0.450 0.792 0.000 -0.579 -0.192 0.866 0.000 0.037 -0.499 0.677 0.000 -0.426 -0.600 0.729 0.000 -0.562 0.392 0.700 -0.000 -0.400 -0.592 0.681 0.000 -0.613 0.400 
0.684 -0.193 0.178 0.681 0.747 -0.000 -0.597 -0.294 0.891 -0.000 0.069 -0.449 0.793 -0.000 -0.577 -0.195 0.865 0.000 0.038 -0.500 0.677 0.000 -0.425 -0.600 0.728 0.000 -0.562 0.392 0.700 0.000 -0.400 -0.592 0.681 0.000 -0.613 0.400 
0.684 -0.194 0.179 0.681 0.746 0.000 -0.599 -0.291 0.892 0.000 0.068 -0.448 0.794 0.000 -0.575 -0.197 0.865 0.000 0.039 -0.500 0.677 0.000 -0.426 -0.600 0.728 0.000 -0.562 0.392 0.700 -0.000 -0.400 -0.592 0.681 0.000 -0.613 0.400 
0.684 -0.193 0.179 0.681 0.746 0.000 -0.601 -0.288 0.892 0.000 0.067 -0.446 0.796 -0.000 -0.572 -0.199 0.865 0.000 0.041 -0.500 0.677 -0.000 -0.425 -0.600 0.728 0.000 -0.562 0.392 0.700 -0.000 -0.400 -0.592 0.681 0.000 -0.613 0.400 
0.684 -0.193 0.179 0.681 0.745 0.000 -0.603 -0.285 0.893 0.000 0.066 -0.446 0.797 0.000 -0.569 -0.202 0.865 0.000 0.042 -0.500 0.677 0.000 -0.425 -0.601 0.728 0.000 -0.562 0.392 0.699 0.000 -0.400 -0.592 0.681 0.000 -0.613 0.400 
0.684 -0.193 0.179 0.681 0.744 0.000 -0.606 -0.282 0.893 0.000 0.065 -0.445 0.799 0.000 -0.567 -0.201 0.864 0.000 0.040 -0.503 0.677 0.000 -0.426 -0.601 0.728 0.000 -0.562 0.392 0.700 0.000 -0.400 -0.592 0.681 0.000 -0.613 0.400 
0.684 -0.193 0.179 0.681 0.744 0.000 -0.608 -0.279 0.894 0.000 0.064 -0.444 0.800 0.000 -0.564 -0.202 0.863 0.000 0.041 -0.504 0.677 0.000 -0.425 -0.600 0.728 0.000 -0.562 0.392 0.700 0.000 -0.400 -0.592 0.681 0.000 -0.613 0.400 
0.684 -0.193 0.179 0.681 0.743 0.000 -0.610 -0.276 0.894 -0.000 0.063 -0.444 0.802 -0.000 -0.562 -0.204 0.862 0.000 0.042 -0.505 0.677 -0.000 -0.425 -0.600 0.728 0.000 -0.562 0.392 0.700 0.000 -0.400 -0.592 0.681 0.000 -0.613 0.400 
0.684 -0.193 0.179 0.681 0.742 0.000 -0.613 -0.272 0.894 0.000 0.062 -0.443 0.803 0.000 -0.560 -0.205 0.862 -0.000 0.044 -0.506 0.677 0.000 -0.425 -0.600 0.728 -0.000 -0.562 0.392 0.700 0.000 -0.400 -0.592 0.681 0.000 -0.613 0.400 
0.684 -0.193 0.179 0.681 0.741 0.000 -0.615 -0.269 0.895 0.000 0.061 -0.443 0.804 0.000 -0.557 -0.209 0.862 0.000 0.045 -0.505 0.677 0.000 -0.425 -0.600 0.728 0.000 -0.562 0.392 0.700 0.000 -0.400 -0.592 0.681 0.000 -0.613 0.400 
0.684 -0.193 0.179 0.681 0.741 -0.000 -0.617 -0.265 0.895 -0.000 0.059 -0.443 0.805 0.000 -0.554 -0.210 0.861 -0.000 0.046 -0.506 0.677 0.000 -0.425 -0.600 0.728 0.000 -0.562 0.392 0.700 0.000 -0.400 -0.592 0.681 0.000 -0.613 0.400 
0.684 -0.193 0.179 0.681 0.740 -0.000 -0.620 -0.262 0.895 0.000 0.058 -0.443 0.807 -0.000 -0.551 -0.214 0.862 -0.000 0.047 -0.505 0.677 0.000 -0.425 -0.601 0.728 0.000 -0.562 0.392 0.700 0.000 -0.400 -0.592 0.681 0.000 -0.613 0.400 
0.684 -0.193 0.179 0.681 0.739 0.000 -0.622 -0.258 0.895 -0.000 0.057 -0.443 0.808 0.000 -0.548 -0.216 0.862 0.000 0.048 -0.505 0.677 -0.000 -0.425 -0.601 0.728 -0.000 -0.562 0.392 0.700 0.000 -0.400 -0.592 0.681 0.000 -0.614 0.400 
0.684 -0.193 0.179 0.681 0.739 0.000 -0.624 -0.255 0.895 0.000 0.056 -0.442 0.809 0.000 -0.544 -0.221 0.862 -0.000 0.049 -0.504 0.677 0.000 -0.425 -0.601 0.728 0.000 -0.562 0.392 0.700 0.000 -0.400 -0.592 0.681 0.000 -0.614 0.400 
0.684 -0.193 0.179 0.681 0.738 0.000 -0.626 -0.252 0.896 0.000 0.055 -0.442 0.810 0.000 -0.541 -0.226 0.863 -0.000 0.053 -0.503 0.677 -0.000 -0.425 -0.601 0.728 0.000 -0.562 0.392 0.700 0.000 -0.400 -0.592 0.681 0.000 -0.613 0.400 
0.684 -0.193 0.179 0.681 0.737 0.000 -0.628 -0.249 0.896 0.000 0.053 -0.441 0.811 0.000 -0.539 -0.228 0.863 0.000 0.054 -0.503 0.677 0.000 -0.425 -0.601 0.728 0.000 -0.562 0.392 0.700 0.000 -0.400 -0.592 0.681 0.000 -0.614 0.399 
0.684 -0.193 0.179 0.681 0.736 -0.000 -0.630 -0.246 0.896 0.000 0.052 -0.441 0.812 0.000 -0.536 -0.230 0.863 0.000 0.055 -0.503 0.677 0.000 -0.425 -0.601 0.728 0.000 -0.562 0.392 0.700 0.000 -0.400 -0.592 0.681 0.000 -0.614 0.400 
0.684 -0.193 0.179 0.681 0.736 0.000 -0.632 -0.243 0.896 -0.000 0.050 -0.440 0.814 0.000 -0.533 -0.232 0.862 -0.000 0.055 -0.503 0.677 0.000 -0.425 -0.600 0.729 0.000 -0.562 0.392 0.700 0.000 -0.400 -0.592 0.681 -0.000 -0.614 0.400 
0.684 -0.194 0.179 0.681 0.735 0.000 -0.635 -0.239 0.897 0.000 0.048 -0.440 0.814 0.000 -0.531 -0.237 0.863 0.000 0.057 -0.501 0.677 0.000 -0.426 -0.600 0.728 0.000 -0.562 0.393 0.700 0.000 -0.401 -0.591 0.681 0.000 -0.613 0.401 
0.683 -0.194 0.179 0.681 0.734 0.000 -0.637 -0.236 0.897 0.000 0.047 -0.440 0.815 0.000 -0.528 -0.239 0.863 0.000 0.058 -0.501 0.677 -0.000 -0.426 -0.600 0.728 0.000 -0.562 0.393 0.700 -0.000 -0.401 -0.591 0.681 0.000 -0.613 0.401 
0.683 -0.194 0.179 0.681 0.734 0.000 -0.638 -0.232 0.897 0.000 0.045 -0.440 0.816 -0.000 -0.525 -0.241 0.863 0.000 0.058 -0.502 0.677 0.000 -0.426 -0.600 0.728 0.000 -0.561 0.393 0.700 0.000 -0.401 -0.591 0.681 0.000 -0.613 0.401 
0.683 -0.194 0.179 0.681 0.733 0.000 -0.640 -0.229 0.897 0.000 0.044 -0.439 0.817 0.000 -0.522 -0.243 0.863 0.000 0.060 -0.502 0.677 0.000 -0.426 -0.600 0.728 0.000 -0.561 0.393 0.700 0.000 -0.401 -0.591 0.681 0.000 -0.613 0.401 
0.683 -0.194 0.179 0.681 0.732 0.000 -0.642 -0.228 0.898 -0.000 0.043 -0.439 0.819 0.000 -0.519 -0.244 0.861 -0.000 0.060 -0.504 0.677 0.000 -0.426 -0.600 0.728 0.000 -0.562 0.392 0.700 0.000 -0.400 -0.592 0.681 0.000 -0.614 0.400 
0.683 -0.194 0.179 0.681 0.732 0.000 -0.642 -0.226 0.898 0.000 0.041 -0.437 0.821 -0.000 -0.516 -0.246 0.861 0.000 0.061 -0.505 0.677 0.000 -0.426 -0.600 0.728 0.000 -0.562 0.393 0.700 -0.000 -0.401 -0.592 0.681 0.000 -0.613 0.400 
0.683 -0.194 0.179 0.681 0.731 0.000 -0.645 -0.223 0.898 0.000 0.040 -0.437 0.822 0.000 -0.513 -0.248 0.861 0.000 0.062 -0.505 0.677 0.000 -0.426 -0.600 0.728 0.000 -0.562 0.393 0.700 -0.000 -0.401 -0.592 0.681 0.000 -0.613 0.400 
0.683 -0.194 0.179 0.681 0.731 0.000 -0.646 -0.220 0.899 0.000 0.039 -0.437 0.823 0.000 -0.510 -0.250 0.861 0.000 0.062 -0.506 0.677 0.000 -0.426 -0.600 0.728 -0.000 -0.562 0.393 0.700 0.000 -0.401 -0.592 0.681 0.000 -0.613 0.400 
0.683 -0.194 0.179 0.681 0.730 0.000 -0.648 -0.218 0.899 -0.000 0.038 -0.436 0.824 0.000 -0.508 -0.252 0.860 0.000 0.062 -0.506 0.677 0.000 -0.426 -0.600 0.728 0.000 -0.561 0.393 0.700 0.000 -0.401 -0.591 0.681 0.000 -0.613 0.400 
0.683 -0.194 0.179 0.681 0.730 0.000 -0.649 -0.216 0.900 0.000 0.036 -0.435 0.824 -0.000 -0.505 -0.255 0.861 0.000 0.062 -0.505 0.677 0.000 -0.427 -0.600 0.728 0.000 -0.561 0.393 0.699 0.000 -0.402 -0.591 0.681 0.000 -0.613 0.401 
0.683 -0.194 0.179 0.681 0.729 0.000 -0.651 -0.213 0.900 0.000 0.035 -0.435 0.825 0.000 -0.503 -0.256 0.861 0.000 0.062 -0.506 0.677 0.000 -0.427 -0.600 0.728 0.000 -0.561 0.394 0.700 0.000 -0.402 -0.591 0.681 -0.000 -0.613 0.401 
0.683 -0.195 0.180 0.681 0.728 0.000 -0.652 -0.210 0.900 0.000 0.033 -0.434 0.825 0.000 -0.502 -0.259 0.861 0.000 0.063 -0.505 0.677 0.000 -0.427 -0.599 0.728 0.000 -0.561 0.394 0.700 0.000 -0.402 -0.591 0.681 0.000 -0.612 0.401 
0.683 -0.195 0.180 0.681 0.728 0.000 -0.653 -0.209 0.901 -0.000 0.032 -0.433 0.826 -0.000 -0.500 -0.260 0.861 0.000 0.062 -0.505 0.677 0.000 -0.427 -0.599 0.728 0.000 -0.561 0.394 0.700 0.000 -0.402 -0.591 0.681 0.000 -0.612 0.401 
0.683 -0.194 0.179 0.681 0.727 -0.000 -0.654 -0.208 0.901 0.000 0.032 -0.432 0.828 -0.000 -0.497 -0.260 0.860 0.000 0.062 -0.507 0.677 0.000 -0.426 -0.600 0.728 0.000 -0.562 0.393 0.700 0.000 -0.401 -0.591 0.681 0.000 -0.613 0.400 
0.683 -0.194 0.180 0.681 0.727 0.000 -0.655 -0.205 0.902 0.000 0.031 -0.432 0.828 0.000 -0.495 -0.262 0.860 0.000 0.062 -0.507 0.677 0.000 -0.427 -0.600 0.728 0.000 -0.561 0.394 0.700 0.000 -0.402 -0.591 0.681 0.000 -0.612 0.401 
0.683 -0.194 0.179 0.681 0.726 0.000 -0.656 -0.204 0.902 0.000 0.030 -0.431 0.829 0.000 -0.494 -0.263 0.860 0.000 0.063 -0.507 0.677 0.000 -0.426 -0.600 0.728 -0.000 -0.562 0.393 0.700 0.000 -0.402 -0.591 0.681 0.000 -0.613 0.401 
0.683 -0.194 0.179 0.681 0.726 -0.000 -0.658 -0.202 0.902 -0.000 0.030 -0.431 0.829 0.000 -0.492 -0.264 0.859 0.000 0.063 -0.509 0.677 0.000 -0.426 -0.600 0.728 -0.000 -0.562 0.393 0.700 0.000 -0.401 -0.591 0.681 0.000 -0.613 0.400 
0.683 -0.195 0.180 0.681 0.725 0.000 -0.659 -0.199 0.902 0.000 0.029 -0.430 0.829 0.000 -0.491 -0.267 0.860 0.000 0.064 -0.506 0.677 0.000 -0.427 -0.599 0.728 0.000 -0.561 0.394 0.700 0.000 -0.403 -0.590 0.681 0.000 -0.612 0.401 
0.683 -0.195 0.180 0.681 0.725 0.000 -0.660 -0.198 0.902 0.000 0.028 -0.430 0.829 0.000 -0.490 -0.268 0.860 0.000 0.064 -0.505 0.677 0.000 -0.427 -0.599 0.728 0.000 -0.561 0.394 0.700 0.000 -0.403 -0.590 0.681 -0.000 -0.612 0.402 
0.683 -0.195 0.180 0.681 0.725 0.000 -0.660 -0.197 0.903 0.000 0.027 -0.429 0.830 0.000 -0.489 -0.269 0.860 0.000 0.064 -0.506 0.677 -0.000 -0.427 -0.599 0.728 0.000 -0.561 0.394 0.700 0.000 -0.403 -0.590 0.681 -0.000 -0.612 0.402 
0.683 -0.195 0.180 0.681 0.724 0.000 -0.661 -0.196 0.903 0.000 0.027 -0.429 0.830 0.000 -0.488 -0.270 0.860 0.000 0.065 -0.506 0.677 -0.000 -0.427 -0.599 0.728 0.000 -0.561 0.394 0.700 0.000 -0.403 -0.590 0.681 -0.000 -0.612 0.402 
0.683 -0.194 0.179 0.681 0.724 0.000 -0.662 -0.196 0.903 0.000 0.028 -0.428 0.831 0.000 -0.487 -0.268 0.858 -0.000 0.065 -0.509 0.677 0.000 -0.426 -0.600 0.728 0.000 -0.562 0.393 0.700 0.000 -0.402 -0.591 0.681 0.000 -0.613 0.401 
0.683 -0.194 0.179 0.681 0.724 0.000 -0.662 -0.195 0.903 -0.000 0.027 -0.428 0.832 0.000 -0.486 -0.269 0.858 0.000 0.066 -0.509 0.677 0.000 -0.426 -0.600 0.728 0.000 -0.562 0.393 0.700 0.000 -0.402 -0.591 0.681 0.000 -0.613 0.401 
0.683 -0.194 0.179 0.681 0.723 0.000 -0.663 -0.194 0.904 0.000 0.027 -0.428 0.832 0.000 -0.485 -0.269 0.858 0.000 0.066 -0.509 0.677 0.000 -0.426 -0.600 0.728 0.000 -0.562 0.393 0.700 0.000 -0.402 -0.591 0.681 0.000 -0.613 0.401 
0.683 -0.194 0.179 0.681 0.723 -0.000 -0.663 -0.193 0.904 0.000 0.027 -0.427 0.832 -0.000 -0.485 -0.270 0.858 0.000 0.066 -0.509 0.677 0.000 -0.426 -0.600 0.728 0.000 -0.562 0.394 0.700 0.000 -0.402 -0.591 0.681 -0.000 -0.613 0.401 
0.683 -0.194 0.179 0.681 0.723 0.000 -0.664 -0.192 0.904 0.000 0.027 -0.427 0.832 0.000 -0.485 -0.270 0.859 -0.000 0.067 -0.508 0.677 0.000 -0.426 -0.600 0.728 0.000 -0.562 0.393 0.700 0.000 -0.402 -0.591 0.681 0.000 -0.613 0.401 
0.683 -0.195 0.181 0.680 0.723 0.000 -0.665 -0.190 0.904 0.000 0.025 -0.427 0.831 -0.000 -0.485 -0.274 0.861 0.000 0.067 -0.503 0.677 0.000 -0.428 -0.599 0.728 0.000 -0.560 0.395 0.700 0.000 -0.404 -0.590 0.681 0.000 -0.611 0.403 
0.683 -0.194 0.180 0.681 0.722 0.000 -0.664 -0.192 0.904 0.000 0.026 -0.426 0.832 0.000 -0.485 -0.270 0.859 0.000 0.068 -0.508 0.677 0.000 -0.427 -0.600 0.728 0.000 -0.562 0.394 0.700 0.000 -0.402 -0.591 0.681 0.000 -0.612 0.401 
0.683 -0.194 0.180 0.681 0.722 0.000 -0.664 -0.192 0.905 0.000 0.026 -0.425 0.832 0.000 -0.485 -0.270 0.859 0.000 0.068 -0.508 0.677 -0.000 -0.426 -0.600 0.728 -0.000 -0.562 0.394 0.700 0.000 -0.402 -0.591 0.681 0.000 -0.613 0.401 
0.683 -0.194 0.180 0.681 0.722 0.000 -0.664 -0.192 0.905 0.000 0.026 -0.425 0.832 0.000 -0.485 -0.270 0.859 0.000 0.069 -0.507 0.677 0.000 -0.426 -0.600 0.728 0.000 -0.562 0.394 0.700 -0.000 -0.402 -0.591 0.681 0.000 -0.613 0.401 
0.683 -0.195 0.180 0.681 0.722 0.000 -0.665 -0.191 0.905 0.000 0.026 -0.425 0.831 0.000 -0.485 -0.272 0.860 0.000 0.068 -0.505 0.677 0.000 -0.427 -0.599 0.728 0.000 -0.561 0.394 0.700 -0.000 -0.403 -0.590 0.681 0.000 -0.612 0.402 
0.683 -0.194 0.180 0.681 0.722 0.000 -0.664 -0.192 0.905 0.000 0.027 -0.424 0.831 0.000 -0.486 -0.270 0.859 0.000 0.069 -0.507 0.677 -0.000 -0.427 -0.600 0.728 -0.000 -0.562 0.394 0.700 0.000 -0.402 -0.591 0.681 0.000 -0.612 0.401 
0.683 -0.195 0.180 0.681 0.723 0.000 -0.664 -0.192 0.905 0.000 0.027 -0.424 0.831 0.000 -0.486 -0.270 0.860 0.000 0.069 -0.506 0.677 -0.000 -0.427 -0.599 0.728 -0.000 -0.561 0.394 0.700 0.000 -0.403 -0.590 0.681 0.000 -0.612 0.401 
0.683 -0.194 0.180 0.681 0.723 0.000 -0.664 -0.193 0.905 0.000 0.027 -0.424 0.831 0.000 -0.487 -0.269 0.860 0.000 0.070 -0.506 0.677 0.000 -0.427 -0.600 0.728 0.000 -0.561 0.394 0.700 0.000 -0.402 -0.591 0.681 0.000 -0.612 0.401 
0.683 -0.194 0.180 0.681 0.723 0.000 -0.663 -0.194 0.906 0.000 0.028 -0.423 0.831 0.000 -0.488 -0.268 0.860 0.000 0.070 -0.506 0.677 0.000 -0.427 -0.600 0.728 0.000 -0.561 0.394 0.700 -0.000 -0.402 -0.591 0.681 0.000 -0.612 0.401 
0.683 -0.194 0.180 0.681 0.723 0.000 -0.663 -0.195 0.905 0.000 0.028 -0.424 0.830 0.000 -0.489 -0.268 0.860 0.000 0.070 -0.505 0.677 0.000 -0.427 -0.600 0.728 0.000 -0.561 0.394 0.700 0.000 -0.402 -0.591 0.681 0.000 -0.612 0.401 
0.683 -0.194 0.180 0.681 0.723 -0.000 -0.662 -0.196 0.905 0.000 0.029 -0.423 0.830 0.000 -0.490 -0.267 0.860 0.000 0.071 -0.505 0.677 0.000 -0.427 -0.600 0.728 0.000 -0.561 0.394 0.700 0.000 -0.402 -0.591 0.681 0.000 -0.612 0.401 
0.683 -0.194 0.180 0.681 0.723 -0.000 -0.662 -0.197 0.905 0.000 0.029 -0.423 0.829 0.000 -0.491 -0.267 0.861 0.000 0.069 -0.504 0.677 0.000 -0.427 -0.600 0.728 0.000 -0.562 0.394 0.700 0.000 -0.402 -0.591 0.681 -0.000 -0.612 0.401 
0.683 -0.194 0.180 0.681 0.724 0.000 -0.661 -0.198 0.906 0.000 0.029 -0.423 0.829 0.000 -0.492 -0.267 0.862 -0.000 0.068 -0.502 0.677 0.000 -0.427 -0.600 0.728 0.000 -0.561 0.394 0.700 0.000 -0.402 -0.590 0.681 0.000 -0.612 0.401 
0.683 -0.195 0.180 0.680 0.724 0.000 -0.661 -0.198 0.905 0.000 0.029 -0.424 0.827 0.000 -0.494 -0.267 0.864 0.000 0.069 -0.499 0.677 -0.000 -0.428 -0.599 0.728 0.000 -0.561 0.395 0.700 0.000 -0.403 -0.590 0.681 0.000 -0.612 0.402 
0.683 -0.194 0.180 0.681 0.724 0.000 -0.660 -0.201 0.905 -0.000 0.031 -0.423 0.828 0.000 -0.494 -0.265 0.863 0.000 0.068 -0.501 0.677 -0.000 -0.427 -0.600 0.728 -0.000 -0.561 0.394 0.700 0.000 -0.402 -0.591 0.681 0.000 -0.612 0.401 
0.683 -0.194 0.180 0.681 0.725 0.000 -0.659 -0.202 0.905 0.000 0.032 -0.423 0.827 0.000 -0.496 -0.264 0.863 -0.000 0.068 -0.500 0.677 0.000 -0.427 -0.600 0.728 0.000 -0.561 0.394 0.700 0.000 -0.402 -0.591 0.681 0.000 -0.612 0.401 
0.683 -0.194 0.180 0.681 0.725 0.000 -0.657 -0.205 0.906 0.000 0.032 -0.423 0.827 0.000 -0.498 -0.262 0.863 0.000 0.068 -0.501 0.677 0.000 -0.426 -0.600 0.728 0.000 -0.562 0.393 0.699 0.000 -0.402 -0.591 0.681 -0.000 -0.612 0.401 
0.683 -0.195 0.180 0.680 0.726 0.000 -0.657 -0.205 0.905 -0.000 0.032 -0.424 0.825 0.000 -0.500 -0.264 0.866 0.000 0.066 -0.496 0.677 -0.000 -0.427 -0.599 0.728 0.000 -0.561 0.394 0.700 0.000 -0.403 -0.590 0.681 -0.000 -0.612 0.402 
0.683 -0.194 0.180 0.681 0.726 0.000 -0.655 -0.208 0.905 0.000 0.033 -0.424 0.825 0.000 -0.501 -0.261 0.865 0.000 0.066 -0.497 0.677 0.000 -0.427 -0.600 0.728 0.000 -0.561 0.394 0.700 0.000 -0.402 -0.591 0.681 0.000 -0.613 0.401 
0.683 -0.194 0.179 0.681 0.727 0.000 -0.653 -0.211 0.905 0.000 0.034 -0.424 0.825 0.000 -0.503 -0.259 0.865 0.000 0.066 -0.498 0.677 0.000 -0.426 -0.600 0.728 0.000 -0.562 0.393 0.700 -0.000 -0.402 -0.591 0.681 0.000 -0.613 0.401 
0.683 -0.195 0.180 0.681 0.728 0.000 -0.652 -0.213 0.906 -0.000 0.034 -0.423 0.823 -0.000 -0.506 -0.260 0.867 0.000 0.068 -0.494 0.677 0.000 -0.427 -0.599 0.728 0.000 -0.561 0.394 0.699 0.000 -0.403 -0.590 0.681 -0.000 -0.612 0.402 
0.683 -0.194 0.179 0.681 0.728 0.000 -0.650 -0.216 0.905 0.000 0.036 -0.423 0.823 -0.000 -0.508 -0.256 0.865 0.000 0.068 -0.496 0.677 -0.000 -0.426 -0.600 0.728 0.000 -0.561 0.393 0.700 0.000 -0.401 -0.591 0.681 0.000 -0.613 0.401 
0.683 -0.194 0.179 0.681 0.729 0.000 -0.649 -0.218 0.905 0.000 0.038 -0.423 0.822 0.000 -0.510 -0.255 0.867 -0.000 0.067 -0.494 0.677 -0.000 -0.427 -0.600 0.728 0.000 -0.561 0.394 0.700 0.000 -0.401 -0.591 0.681 0.000 -0.613 0.401 
0.683 -0.195 0.180 0.681 0.730 0.000 -0.647 -0.220 0.905 0.000 0.038 -0.424 0.820 0.000 -0.513 -0.254 0.868 0.000 0.066 -0.492 0.677 0.000 -0.427 -0.599 0.729 0.000 -0.561 0.394 0.700 0.000 -0.402 -0.590 0.681 0.000 -0.612 0.402 
0.683 -0.195 0.180 0.681 0.731 -0.000 -0.645 -0.224 0.905 0.000 0.040 -0.423 0.819 0.000 -0.515 -0.253 0.869 0.000 0.066 -0.491 0.677 0.000 -0.427 -0.599 0.728 0.000 -0.560 0.394 0.699 0.000 -0.402 -0.591 0.681 0.000 -0.612 0.402 
0.683 -0.195 0.180 0.680 0.732 0.000 -0.643 -0.226 0.905 0.000 0.041 -0.424 0.818 0.000 -0.518 -0.251 0.869 0.000 0.068 -0.490 0.677 0.000 -0.427 -0.599 0.728 0.000 -0.561 0.394 0.700 0.000 -0.402 -0.591 0.681 0.000 -0.612 0.402 
0.683 -0.195 0.180 0.680 0.733 0.000 -0.641 -0.230 0.905 0.000 0.043 -0.423 0.817 -0.000 -0.520 -0.249 0.870 0.000 0.068 -0.489 0.677 0.000 -0.427 -0.599 0.728 0.000 -0.561 0.394 0.700 0.000 -0.402 -0.591 0.681 0.000 -0.612 0.402 
0.683 -0.195 0.180 0.680 0.734 0.000 -0.638 -0.233 0.905 -0.000 0.044 -0.423 0.816 0.000 -0.523 -0.247 0.870 0.000 0.068 -0.488 0.677 -0.000 -0.427 -0.599 0.728 0.000 -0.561 0.394 0.700 0.000 -0.402 -0.591 0.681 -0.000 -0.612 0.402 
0.683 -0.195 0.180 0.680 0.734 0.000 -0.636 -0.237 0.905 0.000 0.046 -0.423 0.815 0.000 -0.526 -0.245 0.871 0.000 0.068 -0.487 0.677 0.000 -0.427 -0.599 0.728 0.000 -0.561 0.394 0.700 0.000 -0.402 -0.591 0.681 0.000 -0.612 0.402 
0.683 -0.195 0.180 0.681 0.735 0.000 -0.634 -0.240 0.905 0.000 0.048 -0.423 0.813 0.000 -0.529 -0.243 0.871 0.000 0.067 -0.486 0.677 0.000 -0.428 -0.599 0.728 0.000 -0.561 0.394 0.700 0.000 -0.402 -0.591 0.681 0.000 -0.612 0.402 
0.683 -0.195 0.180 0.681 0.736 0.000 -0.632 -0.243 0.905 0.000 0.050 -0.423 0.812 0.000 -0.531 -0.241 0.871 0.000 0.068 -0.486 0.677 0.000 -0.428 -0.599 0.728 0.000 -0.561 0.394 0.699 0.000 -0.402 -0.591 0.681 0.000 -0.612 0.402 
0.683 -0.194 0.179 0.681 0.737 0.000 -0.629 -0.248 0.905 0.000 0.052 -0.422 0.812 0.000 -0.534 -0.237 0.871 0.000 0.068 -0.487 0.677 0.000 -0.427 -0.600 0.728 0.000 -0.561 0.393 0.700 0.000 -0.402 -0.591 0.681 0.000 -0.613 0.401 
0.683 -0.194 0.179 0.681 0.738 0.000 -0.627 -0.251 0.905 0.000 0.054 -0.422 0.811 0.000 -0.537 -0.234 0.871 0.000 0.068 -0.487 0.677 0.000 -0.427 -0.600 0.728 0.000 -0.561 0.393 0.700 -0.000 -0.402 -0.591 0.681 0.000 -0.613 0.401 
0.683 -0.194 0.179 0.681 0.739 0.000 -0.624 -0.255 0.905 0.000 0.055 -0.422 0.809 0.000 -0.539 -0.232 0.871 0.000 0.069 -0.486 0.677 -0.000 -0.427 -0.600 0.728 -0.000 -0.561 0.393 0.700 -0.000 -0.402 -0.591 0.681 0.000 -0.613 0.401 
0.683 -0.195 0.179 0.681 0.740 0.000 -0.621 -0.259 0.905 0.000 0.057 -0.421 0.808 0.000 -0.543 -0.229 0.871 -0.000 0.068 -0.486 0.677 0.000 -0.427 -0.599 0.728 -0.000 -0.561 0.393 0.700 0.000 -0.402 -0.591 0.681 0.000 -0.612 0.402 
0.683 -0.195 0.179 0.681 0.741 0.000 -0.619 -0.262 0.905 0.000 0.058 -0.421 0.808 0.000 -0.545 -0.224 0.871 -0.000 0.066 -0.488 0.677 0.000 -0.427 -0.599 0.728 0.000 -0.561 0.393 0.700 0.000 -0.402 -0.591 0.681 0.000 -0.612 0.402 
0.683 -0.195 0.179 0.680 0.742 0.000 -0.616 -0.266 0.905 0.000 0.060 -0.420 0.807 0.000 -0.548 -0.220 0.870 0.000 0.065 -0.488 0.677 -0.000 -0.427 -0.599 0.729 0.000 -0.561 0.394 0.700 -0.000 -0.402 -0.591 0.681 0.000 -0.613 0.402 
0.683 -0.195 0.179 0.680 0.742 0.000 -0.613 -0.270 0.906 0.000 0.061 -0.420 0.805 0.000 -0.552 -0.217 0.871 0.000 0.065 -0.488 0.677 0.000 -0.428 -0.599 0.728 0.000 -0.561 0.394 0.700 -0.000 -0.402 -0.591 0.681 0.000 -0.612 0.402 
0.683 -0.195 0.179 0.680 0.744 -0.000 -0.610 -0.274 0.906 0.000 0.062 -0.419 0.804 -0.000 -0.554 -0.214 0.871 0.000 0.064 -0.487 0.677 0.000 -0.428 -0.599 0.729 0.000 -0.561 0.393 0.699 0.000 -0.402 -0.591 0.680 0.000 -0.613 0.402 
0.683 -0.195 0.179 0.680 0.744 0.000 -0.607 -0.278 0.906 0.000 0.064 -0.418 0.803 0.000 -0.557 -0.211 0.871 0.000 0.063 -0.488 0.677 -0.000 -0.428 -0.599 0.728 -0.000 -0.560 0.394 0.700 0.000 -0.402 -0.591 0.681 -0.000 -0.612 0.402 
0.683 -0.195 0.179 0.680 0.745 0.000 -0.604 -0.282 0.906 0.000 0.065 -0.417 0.802 0.000 -0.560 -0.208 0.871 0.000 0.063 -0.488 0.677 0.000 -0.428 -0.599 0.728 0.000 -0.561 0.394 0.699 0.000 -0.402 -0.591 0.681 -0.000 -0.612 0.402 
0.683 -0.195 0.179 0.680 0.746 0.000 -0.601 -0.287 0.907 0.000 0.066 -0.416 0.801 -0.000 -0.561 -0.207 0.872 0.000 0.061 -0.486 0.677 0.000 -0.428 -0.599 0.728 -0.000 -0.561 0.394 0.699 -0.000 -0.402 -0.591 0.681 -0.000 -0.612 0.402 
0.683 -0.195 0.180 0.681 0.747 0.000 -0.598 -0.290 0.907 0.000 0.067 -0.416 0.800 -0.000 -0.565 -0.203 0.872 0.000 0.061 -0.486 0.677 0.000 -0.428 -0.599 0.728 0.000 -0.560 0.394 0.699 0.000 -0.402 -0.591 0.681 0.000 -0.612 0.402 
0.683 -0.195 0.180 0.680 0.748 0.000 -0.594 -0.295 0.907 0.000 0.069 -0.415 0.799 0.000 -0.568 -0.200 0.872 0.000 0.061 -0.486 0.677 -0.000 -0.428 -0.599 0.728 0.000 -0.561 0.394 0.699 -0.000 -0.402 -0.591 0.681 0.000 -0.612 0.402 
0.683 -0.195 0.180 0.681 0.749 0.000 -0.591 -0.299 0.907 0.000 0.070 -0.414 0.797 0.000 -0.570 -0.197 0.872 -0.000 0.060 -0.486 0.677 0.000 -0.428 -0.599 0.728 0.000 -0.561 0.394 0.699 0.000 -0.402 -0.591 0.681 -0.000 -0.612 0.402 
0.683 -0.195 0.179 0.681 0.750 0.000 -0.588 -0.303 0.908 0.000 0.071 -0.414 0.796 0.000 -0.572 -0.197 0.874 0.000 0.061 -0.483 0.677 0.000 -0.428 -0.599 0.729 0.000 -0.560 0.394 0.699 0.000 -0.402 -0.591 0.681 -0.000 -0.612 0.402 
0.683 -0.195 0.179 0.681 0.751 0.000 -0.584 -0.308 0.908 0.000 0.073 -0.412 0.796 0.000 -0.574 -0.193 0.873 0.000 0.057 -0.484 0.677 0.000 -0.428 -0.599 0.729 0.000 -0.560 0.394 0.699 0.000 -0.402 -0.591 0.681 0.000 -0.612 0.402 
0.683 -0.195 0.179 0.681 0.752 0.000 -0.581 -0.312 0.909 -0.000 0.074 -0.411 0.794 0.000 -0.576 -0.192 0.875 0.000 0.056 -0.482 0.677 0.000 -0.428 -0.599 0.728 -0.000 -0.560 0.394 0.700 0.000 -0.402 -0.591 0.681 0.000 -0.612 0.402 
0.683 -0.195 0.179 0.681 0.752 0.000 -0.579 -0.315 0.908 -0.000 0.076 -0.411 0.794 0.000 -0.579 -0.188 0.874 0.000 0.055 -0.484 0.677 0.000 -0.428 -0.599 0.729 0.000 -0.561 0.394 0.699 0.000 -0.402 -0.591 0.681 0.000 -0.612 0.402 
0.683 -0.195 0.179 0.681 0.753 0.000 -0.575 -0.319 0.909 0.000 0.077 -0.411 0.793 0.000 -0.581 -0.185 0.874 0.000 0.053 -0.483 0.677 -0.000 -0.428 -0.599 0.729 0.000 -0.561 0.394 0.700 0.000 -0.402 -0.591 0.681 0.000 -0.612 0.402 
0.683 -0.195 0.179 0.681 0.754 0.000 -0.572 -0.323 0.909 0.000 0.078 -0.410 0.792 0.000 -0.583 -0.183 0.875 0.000 0.052 -0.482 0.677 0.000 -0.427 -0.599 0.728 0.000 -0.561 0.394 0.699 0.000 -0.402 -0.591 0.681 -0.000 -0.613 0.402 
0.683 -0.195 0.179 0.681 0.755 0.000 -0.569 -0.326 0.909 0.000 0.080 -0.410 0.791 0.000 -0.584 -0.183 0.876 0.000 0.051 -0.480 0.677 0.000 -0.427 -0.599 0.729 -0.000 -0.561 0.393 0.699 0.000 -0.402 -0.591 0.681 0.000 -0.613 0.402 
0.683 -0.195 0.179 0.681 0.755 0.000 -0.566 -0.330 0.909 0.000 0.081 -0.409 0.790 0.000 -0.586 -0.178 0.875 0.000 0.049 -0.481 0.677 0.000 -0.427 -0.599 0.729 -0.000 -0.561 0.393 0.699 0.000 -0.402 -0.591 0.681 0.000 -0.613 0.401 
0.683 -0.194 0.179 0.681 0.756 0.000 -0.562 -0.334 0.909 0.000 0.082 -0.408 0.789 0.000 -0.588 -0.176 0.876 0.000 0.048 -0.481 0.677 0.000 -0.427 -0.600 0.728 0.000 -0.561 0.393 0.699 0.000 -0.402 -0.591 0.681 0.000 -0.613 0.401 
0.683 -0.194 0.179 0.681 0.757 0.000 -0.559 -0.338 0.909 0.000 0.083 -0.408 0.788 0.000 -0.590 -0.174 0.876 0.000 0.047 -0.480 0.677 0.000 -0.427 -0.600 0.729 0.000 -0.561 0.393 0.699 -0.000 -0.401 -0.591 0.681 0.000 -0.613 0.401 
0.683 -0.194 0.179 0.681 0.757 0.000 -0.557 -0.341 0.909 0.000 0.085 -0.408 0.788 0.000 -0.592 -0.172 0.876 0.000 0.046 -0.480 0.677 0.000 -0.427 -0.600 0.729 0.000 -0.561 0.393 0.699 0.000 -0.401 -0.591 0.681 0.000 -0.613 0.401 
0.683 -0.194 0.179 0.681 0.758 -0.000 -0.554 -0.345 0.909 0.000 0.086 -0.407 0.787 0.000 -0.593 -0.172 0.878 0.000 0.046 -0.477 0.677 0.000 -0.427 -0.600 0.729 0.000 -0.561 0.393 0.699 0.000 -0.401 -0.591 0.681 0.000 -0.613 0.401 
0.683 -0.194 0.179 0.681 0.759 0.000 -0.550 -0.349 0.910 0.000 0.087 -0.406 0.786 0.000 -0.594 -0.170 0.878 0.000 0.044 -0.477 0.677 -0.000 -0.427 -0.600 0.729 -0.000 -0.561 0.393 0.699 0.000 -0.401 -0.591 0.681 0.000 -0.613 0.401 
0.683 -0.194 0.179 0.681 0.759 0.000 -0.547 -0.352 0.910 0.000 0.088 -0.406 0.785 0.000 -0.596 -0.166 0.877 0.000 0.042 -0.478 0.677 0.000 -0.427 -0.600 0.729 0.000 -0.561 0.393 0.699 0.000 -0.401 -0.591 0.681 0.000 -0.613 0.401 
0.683 -0.194 0.179 0.681 0.760 -0.000 -0.545 -0.355 0.909 0.000 0.090 -0.406 0.785 0.000 -0.597 -0.164 0.877 0.000 0.041 -0.478 0.677 0.000 -0.427 -0.600 0.729 0.000 -0.561 0.393 0.699 0.000 -0.401 -0.591 0.681 0.000 -0.613 0.401 
0.683 -0.194 0.179 0.681 0.760 0.000 -0.543 -0.358 0.909 0.000 0.091 -0.406 0.784 0.000 -0.598 -0.163 0.878 0.000 0.040 -0.477 0.677 0.000 -0.427 -0.600 0.729 0.000 -0.561 0.393 0.700 0.000 -0.401 -0.591 0.681 0.000 -0.613 0.401 
0.683 -0.194 0.179 0.681 0.760 0.000 -0.540 -0.361 0.909 0.000 0.092 -0.406 0.784 0.000 -0.599 -0.162 0.878 0.000 0.039 -0.477 0.677 -0.000 -0.427 -0.600 0.729 0.000 -0.561 0.393 0.700 -0.000 -0.401 -0.592 0.681 0.000 -0.613 0.401 
0.683 -0.195 0.179 0.681 0.761 0.000 -0.538 -0.363 0.909 0.000 0.093 -0.406 0.783 -0.000 -0.601 -0.161 0.879 -0.000 0.038 -0.475 0.677 0.000 -0.427 -0.599 0.729 0.000 -0.561 0.393 0.700 0.000 -0.401 -0.591 0.681 -0.000 -0.613 0.401 
0.683 -0.195 0.179 0.681 0.762 0.000 -0.535 -0.366 0.909 -0.000 0.093 -0.406 0.783 0.000 -0.601 -0.160 0.879 0.000 0.038 -0.475 0.677 -0.000 -0.427 -0.599 0.729 0.000 -0.561 0.393 0.700 0.000 -0.401 -0.591 0.681 0.000 -0.613 0.401 
0.683 -0.194 0.178 0.681 0.762 0.000 -0.533 -0.369 0.909 -0.000 0.095 -0.406 0.783 0.000 -0.602 -0.157 0.879 0.000 0.036 -0.476 0.677 -0.000 -0.427 -0.600 0.729 0.000 -0.561 0.392 0.700 0.000 -0.401 -0.592 0.681 0.000 -0.613 0.401 
0.683 -0.194 0.178 0.681 0.762 -0.000 -0.531 -0.371 0.909 0.000 0.096 -0.406 0.782 0.000 -0.603 -0.157 0.879 0.000 0.036 -0.475 0.677 0.000 -0.427 -0.600 0.729 0.000 -0.561 0.392 0.700 -0.000 -0.401 -0.592 0.681 -0.000 -0.613 0.401 
0.683 -0.194 0.178 0.681 0.762 -0.000 -0.529 -0.373 0.909 0.000 0.098 -0.405 0.782 0.000 -0.603 -0.156 0.879 0.000 0.035 -0.475 0.677 0.000 -0.426 -0.600 0.729 0.000 -0.562 0.392 0.700 -0.000 -0.400 -0.592 0.681 0.000 -0.613 0.401 
0.683 -0.194 0.178 0.681 0.762 0.000 -0.528 -0.375 0.909 0.000 0.099 -0.406 0.782 -0.000 -0.604 -0.155 0.879 0.000 0.035 -0.475 0.677 0.000 -0.426 -0.600 0.729 0.000 -0.562 0.392 0.700 0.000 -0.400 -0.592 0.681 0.000 -0.613 0.401 
0.683 -0.194 0.178 0.681 0.762 0.000 -0.527 -0.376 0.908 0.000 0.100 -0.406 0.782 0.000 -0.604 -0.155 0.880 0.000 0.034 -0.474 0.677 -0.000 -0.426 -0.600 0.729 -0.000 -0.562 0.392 0.700 0.000 -0.400 -0.592 0.681 -0.000 -0.613 0.401 
0.683 -0.194 0.178 0.681 0.762 0.000 -0.526 -0.377 0.908 0.000 0.101 -0.408 0.782 0.000 -0.604 -0.155 0.880 0.000 0.033 -0.474 0.677 0.000 -0.426 -0.600 0.729 0.000 -0.562 0.392 0.700 -0.000 -0.400 -0.592 0.681 0.000 -0.614 0.401 
0.683 -0.194 0.178 0.681 0.762 0.000 -0.526 -0.377 0.907 0.000 0.103 -0.408 0.781 0.000 -0.605 -0.154 0.880 0.000 0.033 -0.474 0.677 0.000 -0.426 -0.600 0.729 0.000 -0.562 0.392 0.700 -0.000 -0.400 -0.592 0.681 0.000 -0.613 0.401 
0.683 -0.194 0.178 0.681 0.762 0.000 -0.525 -0.378 0.907 0.000 0.104 -0.409 0.781 0.000 -0.605 -0.155 0.880 0.000 0.033 -0.474 0.677 0.000 -0.427 -0.600 0.729 0.000 -0.561 0.392 0.700 0.000 -0.401 -0.592 0.681 0.000 -0.613 0.401 
0.683 -0.194 0.178 0.681 0.763 0.000 -0.524 -0.379 0.906 0.000 0.105 -0.410 0.781 0.000 -0.605 -0.155 0.880 0.000 0.033 -0.473 0.677 0.000 -0.427 -0.600 0.729 0.000 -0.562 0.392 0.700 0.000 -0.400 -0.592 0.680 0.000 -0.613 0.401 
0.683 -0.194 0.178 0.681 0.762 0.000 -0.524 -0.379 0.906 0.000 0.105 -0.410 0.781 0.000 -0.604 -0.155 0.880 -0.000 0.033 -0.473 0.677 0.000 -0.427 -0.600 0.729 0.000 -0.562 0.392 0.699 0.000 -0.400 -0.592 0.680 -0.000 -0.613 0.401 
0.683 -0.194 0.178 0.681 0.762 -0.000 -0.524 -0.379 0.905 0.000 0.106 -0.411 0.782 -0.000 -0.604 -0.156 0.880 -0.000 0.033 -0.473 0.677 -0.000 -0.427 -0.600 0.729 -0.000 -0.561 0.392 0.700 0.000 -0.401 -0.592 0.681 0.000 -0.613 0.401 
0.683 -0.194 0.178 0.681 0.762 0.000 -0.524 -0.379 0.905 0.000 0.106 -0.412 0.782 -0.000 -0.604 -0.156 0.880 -0.000 0.033 -0.473 0.677 -0.000 -0.427 -0.600 0.729 0.000 -0.561 0.392 0.700 -0.000 -0.401 -0.592 0.681 -0.000 -0.613 0.401 
0.683 -0.194 0.178 0.681 0.762 0.000 -0.525 -0.379 0.904 0.000 0.106 -0.413 0.782 0.000 -0.603 -0.157 0.880 0.000 0.033 -0.473 0.677 0.000 -0.427 -0.600 0.729 0.000 -0.561 0.393 0.700 0.000 -0.401 -0.592 0.681 -0.000 -0.613 0.401 
0.683 -0.195 0.178 0.681 0.762 0.000 -0.526 -0.378 0.904 0.000 0.106 -0.415 0.782 0.000 -0.603 -0.158 0.880 0.000 0.033 -0.474 0.677 0.000 -0.427 -0.600 0.729 0.000 -0.561 0.393 0.700 0.000 -0.401 -0.592 0.681 0.000 -0.613 0.401 
0.683 -0.195 0.178 0.681 0.762 0.000 -0.527 -0.377 0.903 0.000 0.106 -0.416 0.782 0.000 -0.602 -0.159 0.880 0.000 0.034 -0.474 0.677 -0.000 -0.427 -0.600 0.729 -0.000 -0.561 0.393 0.699 0.000 -0.401 -0.592 0.681 0.000 -0.613 0.401 
0.683 -0.195 0.178 0.681 0.761 0.000 -0.528 -0.376 0.903 0.000 0.106 -0.416 0.783 0.000 -0.601 -0.160 0.880 0.000 0.034 -0.474 0.677 0.000 -0.427 -0.600 0.729 0.000 -0.561 0.393 0.700 0.000 -0.401 -0.592 0.680 0.000 -0.613 0.401 
0.683 -0.195 0.179 0.681 0.761 0.000 -0.529 -0.375 0.902 0.000 0.105 -0.418 0.783 0.000 -0.601 -0.162 0.879 -0.000 0.035 -0.475 0.677 0.000 -0.427 -0.600 0.729 0.000 -0.561 0.393 0.700 0.000 -0.401 -0.591 0.681 0.000 -0.613 0.401 
0.683 -0.195 0.179 0.681 0.761 0.000 -0.531 -0.373 0.902 0.000 0.105 -0.419 0.783 0.000 -0.600 -0.163 0.879 0.000 0.035 -0.475 0.677 0.000 -0.427 -0.600 0.729 0.000 -0.561 0.393 0.700 -0.000 -0.401 -0.591 0.681 -0.000 -0.613 0.401 
0.683 -0.195 0.179 0.681 0.761 0.000 -0.531 -0.373 0.902 0.000 0.103 -0.419 0.784 0.000 -0.599 -0.165 0.879 0.000 0.036 -0.476 0.677 0.000 -0.427 -0.600 0.729 -0.000 -0.561 0.393 0.700 -0.000 -0.401 -0.591 0.681 0.000 -0.613 0.401 
0.683 -0.195 0.179 0.681 0.761 0.000 -0.533 -0.371 0.902 -0.000 0.102 -0.419 0.784 0.000 -0.598 -0.166 0.879 0.000 0.037 -0.476 0.677 0.000 -0.427 -0.600 0.729 -0.000 -0.561 0.393 0.699 0.000 -0.401 -0.591 0.681 0.000 -0.613 0.401 
0.683 -0.195 0.179 0.681 0.760 0.000 -0.534 -0.370 0.902 -0.000 0.102 -0.419 0.785 0.000 -0.596 -0.168 0.878 0.000 0.038 -0.477 0.677 -0.000 -0.427 -0.600 0.729 0.000 -0.561 0.393 0.700 0.000 -0.401 -0.591 0.681 0.000 -0.613 0.401 
0.683 -0.195 0.179 0.681 0.760 0.000 -0.536 -0.368 0.902 0.000 0.099 -0.420 0.786 -0.000 -0.595 -0.169 0.877 0.000 0.038 -0.478 0.677 0.000 -0.427 -0.599 0.729 0.000 -0.561 0.393 0.700 0.000 -0.401 -0.591 0.681 0.000 -0.613 0.401 
0.683 -0.195 0.179 0.681 0.759 0.000 -0.539 -0.365 0.902 0.000 0.100 -0.420 0.786 0.000 -0.594 -0.171 0.877 -0.000 0.039 -0.479 0.677 -0.000 -0.427 -0.599 0.729 0.000 -0.561 0.393 0.700 0.000 -0.401 -0.591 0.681 0.000 -0.613 0.402 
0.683 -0.195 0.179 0.681 0.758 0.000 -0.541 -0.364 0.902 0.000 0.097 -0.421 0.787 0.000 -0.592 -0.173 0.877 0.000 0.040 -0.480 0.677 0.000 -0.427 -0.599 0.729 -0.000 -0.561 0.393 0.700 0.000 -0.401 -0.591 0.681 -0.000 -0.613 0.402 
0.683 -0.195 0.179 0.681 0.758 0.000 -0.544 -0.361 0.901 0.000 0.096 -0.422 0.788 0.000 -0.591 -0.175 0.876 0.000 0.042 -0.481 0.677 0.000 -0.427 -0.599 0.729 0.000 -0.561 0.393 0.700 0.000 -0.401 -0.591 0.681 0.000 -0.613 0.402 
0.683 -0.195 0.179 0.681 0.757 0.000 -0.546 -0.359 0.902 0.000 0.095 -0.422 0.788 -0.000 -0.589 -0.177 0.875 0.000 0.043 -0.481 0.677 0.000 -0.427 -0.599 0.729 0.000 -0.561 0.393 0.700 -0.000 -0.402 -0.591 0.681 0.000 -0.613 0.402 
0.683 -0.195 0.179 0.681 0.756 -0.000 -0.550 -0.355 0.902 0.000 0.094 -0.422 0.789 0.000 -0.587 -0.179 0.875 0.000 0.044 -0.482 0.677 0.000 -0.428 -0.599 0.729 0.000 -0.561 0.394 0.700 0.000 -0.402 -0.591 0.681 0.000 -0.613 0.402 
0.683 -0.195 0.179 0.681 0.755 0.000 -0.553 -0.352 0.901 0.000 0.093 -0.423 0.790 -0.000 -0.585 -0.182 0.874 0.000 0.046 -0.483 0.677 0.000 -0.427 -0.599 0.729 0.000 -0.561 0.393 0.699 0.000 -0.402 -0.591 0.681 0.000 -0.613 0.402 
0.683 -0.195 0.179 0.681 0.754 0.000 -0.556 -0.349 0.901 0.000 0.092 -0.423 0.791 0.000 -0.584 -0.184 0.874 0.000 0.047 -0.484 0.677 0.000 -0.427 -0.599 0.729 0.000 -0.561 0.393 0.700 0.000 -0.402 -0.591 0.681 0.000 -0.613 0.401 
0.683 -0.195 0.179 0.681 0.753 0.000 -0.560 -0.346 0.901 0.000 0.091 -0.423 0.792 0.000 -0.582 -0.186 0.873 0.000 0.049 -0.485 0.677 0.000 -0.427 -0.599 0.729 0.000 -0.561 0.393 0.700 0.000 -0.402 -0.591 0.681 0.000 -0.613 0.402 
0.683 -0.195 0.179 0.681 0.752 0.000 -0.563 -0.342 0.901 0.000 0.089 -0.424 0.793 0.000 -0.580 -0.188 0.872 0.000 0.050 -0.487 0.677 -0.000 -0.427 -0.599 0.729 0.000 -0.561 0.393 0.700 0.000 -0.402 -0.591 0.681 0.000 -0.613 0.401 
0.683 -0.195 0.179 0.681 0.751 0.000 -0.567 -0.338 0.901 0.000 0.088 -0.425 0.794 0.000 -0.577 -0.191 0.872 0.000 0.051 -0.487 0.677 0.000 -0.427 -0.599 0.729 -0.000 -0.561 0.393 0.700 0.000 -0.402 -0.591 0.681 0.000 -0.613 0.401 
0.683 -0.194 0.179 0.681 0.750 0.000 -0.570 -0.334 0.901 0.000 0.086 -0.425 0.794 0.000 -0.576 -0.193 0.872 0.000 0.053 -0.487 0.677 -0.000 -0.427 -0.599 0.728 0.000 -0.561 0.393 0.700 0.000 -0.402 -0.591 0.681 0.000 -0.613 0.401 
0.683 -0.194 0.179 0.681 0.749 0.000 -0.574 -0.330 0.901 -0.000 0.084 -0.425 0.795 -0.000 -0.574 -0.196 0.871 0.000 0.055 -0.488 0.677 0.000 -0.427 -0.599 0.728 -0.000 -0.561 0.393 0.700 0.000 -0.402 -0.591 0.681 0.000 -0.613 0.402 
0.683 -0.194 0.179 0.681 0.748 0.000 -0.578 -0.327 0.901 0.000 0.082 -0.426 0.796 0.000 -0.572 -0.199 0.871 -0.000 0.056 -0.488 0.677 0.000 -0.427 -0.599 0.728 0.000 -0.561 0.394 0.700 0.000 -0.402 -0.591 0.681 0.000 -0.613 0.401 
0.683 -0.195 0.179 0.681 0.747 0.000 -0.582 -0.322 0.901 0.000 0.079 -0.427 0.797 -0.000 -0.569 -0.201 0.870 0.000 0.057 -0.489 0.677 -0.000 -0.427 -0.599 0.728 0.000 -0.561 0.394 0.700 0.000 -0.402 -0.591 0.681 0.000 -0.612 0.402 
0.683 -0.195 0.179 0.681 0.746 0.000 -0.585 -0.318 0.901 -0.000 0.077 -0.427 0.798 0.000 -0.567 -0.204 0.870 0.000 0.059 -0.490 0.677 -0.000 -0.428 -0.599 0.728 -0.000 -0.561 0.394 0.700 0.000 -0.402 -0.591 0.681 0.000 -0.612 0.402 
0.683 -0.195 0.180 0.681 0.745 0.000 -0.588 -0.315 0.902 0.000 0.074 -0.426 0.799 0.000 -0.564 -0.208 0.870 0.000 0.060 -0.490 0.677 0.000 -0.427 -0.599 0.728 0.000 -0.561 0.394 0.700 0.000 -0.402 -0.590 0.681 0.000 -0.612 0.402 
0.683 -0.195 0.180 0.681 0.744 0.000 -0.593 -0.310 0.901 0.000 0.072 -0.427 0.800 0.000 -0.563 -0.210 0.869 -0.000 0.061 -0.491 0.677 0.000 -0.428 -0.599 0.728 0.000 -0.560 0.394 0.700 0.000 -0.402 -0.590 0.681 0.000 -0.612 0.402 
0.683 -0.195 0.180 0.681 0.742 0.000 -0.596 -0.306 0.902 0.000 0.069 -0.427 0.801 0.000 -0.560 -0.214 0.869 -0.000 0.062 -0.491 0.677 -0.000 -0.428 -0.599 0.728 0.000 -0.561 0.394 0.700 0.000 -0.402 -0.590 0.681 -0.000 -0.612 0.402 
0.683 -0.195 0.180 0.681 0.741 0.000 -0.599 -0.302 0.902 -0.000 0.066 -0.427 0.801 0.000 -0.558 -0.216 0.868 0.000 0.063 -0.492 0.677 -0.000 -0.428 -0.599 0.728 0.000 -0.561 0.394 0.700 0.000 -0.402 -0.590 0.681 0.000 -0.612 0.402 
0.683 -0.194 0.180 0.681 0.740 0.000 -0.603 -0.297 0.902 0.000 0.064 -0.427 0.802 -0.000 -0.555 -0.219 0.868 0.000 0.064 -0.493 0.677 0.000 -0.427 -0.599 0.728 0.000 -0.561 0.394 0.700 0.000 -0.402 -0.590 0.681 0.000 -0.612 0.402 
0.683 -0.194 0.180 0.681 0.739 0.000 -0.607 -0.293 0.902 0.000 0.061 -0.427 0.803 0.000 -0.553 -0.222 0.867 0.000 0.065 -0.493 0.677 0.000 -0.428 -0.599 0.728 0.000 -0.561 0.394 0.700 0.000 -0.402 -0.590 0.681 0.000 -0.612 0.402 
0.683 -0.194 0.180 0.681 0.738 0.000 -0.610 -0.289 0.903 0.000 0.059 -0.426 0.804 0.000 -0.550 -0.225 0.868 0.000 0.066 -0.493 0.677 0.000 -0.428 -0.599 0.728 0.000 -0.560 0.394 0.700 -0.000 -0.402 -0.590 0.681 0.000 -0.612 0.402 
0.683 -0.194 0.180 0.681 0.737 0.000 -0.614 -0.284 0.903 -0.000 0.057 -0.426 0.805 0.000 -0.547 -0.228 0.867 0.000 0.067 -0.493 0.677 0.000 -0.427 -0.600 0.728 0.000 -0.561 0.394 0.700 0.000 -0.402 -0.590 0.681 -0.000 -0.612 0.401 
0.683 -0.194 0.180 0.681 0.735 0.000 -0.617 -0.280 0.903 -0.000 0.054 -0.426 0.806 0.000 -0.545 -0.231 0.867 0.000 0.068 -0.494 0.677 -0.000 -0.427 -0.599 0.728 0.000 -0.561 0.394 0.700 -0.000 -0.402 -0.591 0.681 0.000 -0.613 0.401 
0.683 -0.194 0.180 0.681 0.734 0.000 -0.620 -0.276 0.904 -0.000 0.052 -0.425 0.807 0.000 -0.542 -0.234 0.866 0.000 0.069 -0.495 0.677 -0.000 -0.427 -0.600 0.728 0.000 -0.561 0.394 0.700 0.000 -0.402 -0.591 0.681 0.000 -0.613 0.401 
0.683 -0.194 0.180 0.681 0.733 0.000 -0.623 -0.272 0.904 0.000 0.048 -0.424 0.808 0.000 -0.539 -0.237 0.866 -0.000 0.069 -0.495 0.677 0.000 -0.427 -0.600 0.728 -0.000 -0.561 0.394 0.700 0.000 -0.402 -0.591 0.681 0.000 -0.613 0.401 
0.683 -0.194 0.180 0.681 0.732 0.000 -0.626 -0.268 0.905 0.000 0.046 -0.424 0.809 0.000 -0.537 -0.240 0.866 0.000 0.070 -0.495 0.677 0.000 -0.427 -0.600 0.728 0.000 -0.561 0.394 0.699 -0.000 -0.402 -0.591 0.681 0.000 -0.613 0.401 
0.683 -0.194 0.179 0.681 0.731 0.000 -0.629 -0.265 0.905 0.000 0.043 -0.423 0.809 0.000 -0.535 -0.243 0.866 0.000 0.071 -0.496 0.677 -0.000 -0.427 -0.600 0.728 0.000 -0.561 0.394 0.700 0.000 -0.402 -0.591 0.681 0.000 -0.613 0.401 
0.683 -0.194 0.179 0.681 0.730 0.000 -0.632 -0.261 0.906 0.000 0.041 -0.422 0.810 0.000 -0.532 -0.246 0.866 0.000 0.071 -0.495 0.677 0.000 -0.427 -0.600 0.728 0.000 -0.561 0.394 0.699 0.000 -0.402 -0.591 0.681 -0.000 -0.613 0.401 
0.683 -0.194 0.179 0.681 0.728 0.000 -0.635 -0.258 0.907 0.000 0.039 -0.420 0.811 0.000 -0.530 -0.248 0.865 0.000 0.072 -0.497 0.677 0.000 -0.427 -0.600 0.728 0.000 -0.561 0.394 0.699 0.000 -0.402 -0.591 0.681 0.000 -0.613 0.401 
0.683 -0.194 0.180 0.681 0.727 0.000 -0.638 -0.253 0.907 0.000 0.037 -0.419 0.811 0.000 -0.528 -0.252 0.866 0.000 0.071 -0.495 0.677 0.000 -0.427 -0.600 0.728 0.000 -0.560 0.394 0.699 -0.000 -0.402 -0.591 0.681 0.000 -0.613 0.401 
0.683 -0.195 0.180 0.681 0.726 0.000 -0.641 -0.249 0.908 -0.000 0.034 -0.418 0.812 0.000 -0.524 -0.256 0.867 0.000 0.072 -0.493 0.677 0.000 -0.428 -0.599 0.728 0.000 -0.560 0.395 0.699 -0.000 -0.403 -0.590 0.681 0.000 -0.612 0.402 
0.683 -0.195 0.179 0.681 0.724 0.000 -0.644 -0.246 0.908 -0.000 0.034 -0.417 0.813 0.000 -0.522 -0.258 0.866 0.000 0.072 -0.495 0.677 0.000 -0.427 -0.600 0.728 0.000 -0.560 0.394 0.699 0.000 -0.402 -0.591 0.681 0.000 -0.613 0.401 
0.683 -0.195 0.180 0.681 0.723 0.000 -0.647 -0.242 0.909 0.000 0.032 -0.416 0.813 0.000 -0.520 -0.261 0.866 0.000 0.073 -0.495 0.677 -0.000 -0.428 -0.599 0.728 0.000 -0.560 0.394 0.699 0.000 -0.402 -0.591 0.681 0.000 -0.612 0.402 
0.683 -0.195 0.179 0.681 0.722 0.000 -0.649 -0.240 0.910 0.000 0.031 -0.414 0.814 0.000 -0.517 -0.263 0.865 0.000 0.074 -0.496 0.677 -0.000 -0.427 -0.600 0.728 0.000 -0.561 0.394 0.699 0.000 -0.402 -0.591 0.681 -0.000 -0.613 0.401 
0.683 -0.195 0.180 0.681 0.721 0.000 -0.651 -0.236 0.910 0.000 0.029 -0.413 0.815 -0.000 -0.516 -0.265 0.866 -0.000 0.075 -0.495 0.677 0.000 -0.428 -0.599 0.728 0.000 -0.560 0.394 0.699 0.000 -0.402 -0.591 0.681 0.000 -0.612 0.402 
0.683 -0.195 0.179 0.681 0.720 0.000 -0.654 -0.234 0.911 0.000 0.028 -0.411 0.815 0.000 -0.513 -0.268 0.866 0.000 0.075 -0.495 0.677 0.000 -0.428 -0.599 0.729 0.000 -0.560 0.394 0.699 0.000 -0.402 -0.591 0.681 0.000 -0.612 0.402 
0.683 -0.195 0.179 0.681 0.719 0.000 -0.655 -0.232 0.912 0.000 0.026 -0.409 0.816 0.000 -0.511 -0.270 0.865 0.000 0.077 -0.495 0.677 0.000 -0.428 -0.599 0.728 0.000 -0.560 0.394 0.699 0.000 -0.402 -0.591 0.681 -0.000 -0.612 0.402 
0.683 -0.195 0.179 0.681 0.718 0.000 -0.657 -0.230 0.913 0.000 0.024 -0.407 0.817 0.000 -0.509 -0.272 0.865 0.000 0.077 -0.496 0.677 0.000 -0.428 -0.599 0.728 0.000 -0.560 0.394 0.699 -0.000 -0.402 -0.591 0.681 0.000 -0.612 0.402 
0.683 -0.195 0.179 0.681 0.718 0.000 -0.658 -0.228 0.914 0.000 0.023 -0.405 0.817 0.000 -0.507 -0.274 0.865 0.000 0.078 -0.496 0.677 -0.000 -0.428 -0.599 0.729 0.000 -0.560 0.394 0.699 0.000 -0.402 -0.591 0.681 0.000 -0.613 0.402 
0.683 -0.195 0.179 0.681 0.717 0.000 -0.659 -0.227 0.915 0.000 0.022 -0.403 0.818 0.000 -0.506 -0.274 0.864 0.000 0.080 -0.498 0.677 0.000 -0.427 -0.600 0.729 -0.000 -0.561 0.394 0.699 0.000 -0.401 -0.591 0.681 0.000 -0.613 0.401 
0.683 -0.195 0.179 0.681 0.717 0.000 -0.660 -0.225 0.916 0.000 0.021 -0.401 0.819 0.000 -0.504 -0.276 0.864 0.000 0.080 -0.498 0.677 0.000 -0.427 -0.600 0.728 0.000 -0.561 0.393 0.699 0.000 -0.401 -0.592 0.681 0.000 -0.613 0.401 
0.683 -0.195 0.179 0.681 0.716 -0.000 -0.661 -0.223 0.917 0.000 0.019 -0.399 0.819 -0.000 -0.502 -0.278 0.864 -0.000 0.080 -0.496 0.677 0.000 -0.428 -0.599 0.729 0.000 -0.560 0.394 0.699 0.000 -0.402 -0.591 0.681 -0.000 -0.613 0.401 
0.683 -0.195 0.179 0.681 0.716 0.000 -0.662 -0.222 0.918 0.000 0.019 -0.397 0.819 0.000 -0.501 -0.280 0.864 0.000 0.081 -0.496 0.677 0.000 -0.428 -0.599 0.729 0.000 -0.560 0.394 0.699 0.000 -0.402 -0.591 0.681 -0.000 -0.613 0.401 
0.683 -0.195 0.179 0.681 0.715 0.000 -0.663 -0.220 0.918 0.000 0.018 -0.396 0.819 0.000 -0.499 -0.281 0.865 0.000 0.082 -0.496 0.677 0.000 -0.428 -0.599 0.728 -0.000 -0.560 0.394 0.699 0.000 -0.402 -0.591 0.681 -0.000 -0.613 0.401 
0.683 -0.195 0.179 0.681 0.715 -0.000 -0.664 -0.219 0.919 -0.000 0.018 -0.394 0.820 0.000 -0.498 -0.283 0.865 -0.000 0.083 -0.495 0.677 0.000 -0.428 -0.599 0.728 0.000 -0.560 0.394 0.699 0.000 -0.402 -0.591 0.681 0.000 -0.613 0.401 
0.683 -0.195 0.179 0.681 0.715 0.000 -0.665 -0.217 0.919 0.000 0.017 -0.393 0.820 0.000 -0.497 -0.284 0.865 0.000 0.083 -0.495 0.677 0.000 -0.428 -0.599 0.729 0.000 -0.560 0.395 0.699 0.000 -0.402 -0.591 0.681 0.000 -0.613 0.401 
0.683 -0.195 0.179 0.681 0.715 0.000 -0.665 -0.216 0.920 0.000 0.016 -0.392 0.820 0.000 -0.496 -0.285 0.865 0.000 0.084 -0.495 0.677 0.000 -0.428 -0.599 0.728 0.000 -0.560 0.395 0.699 -0.000 -0.402 -0.591 0.681 0.000 -0.613 0.401 
0.683 -0.195 0.179 0.681 0.714 -0.000 -0.666 -0.215 0.920 -0.000 0.016 -0.391 0.821 0.000 -0.495 -0.286 0.865 0.000 0.085 -0.495 0.677 0.000 -0.428 -0.599 0.729 0.000 -0.560 0.395 0.699 0.000 -0.402 -0.591 0.681 -0.000 -0.613 0.401 
0.682 -0.195 0.179 0.681 0.714 0.000 -0.666 -0.215 0.921 0.000 0.016 -0.389 0.821 0.000 -0.494 -0.287 0.865 0.000 0.085 -0.495 0.677 0.000 -0.428 -0.599 0.729 0.000 -0.560 0.395 0.699 0.000 -0.402 -0.591 0.681 0.000 -0.613 0.401 
0.682 -0.195 0.179 0.681 0.714 0.000 -0.666 -0.214 0.921 0.000 0.015 -0.388 0.821 0.000 -0.493 -0.287 0.865 0.000 0.086 -0.494 0.677 0.000 -0.428 -0.599 0.728 0.000 -0.560 0.395 0.699 0.000 -0.402 -0.591 0.681 0.000 -0.613 0.401 
0.682 -0.195 0.179 0.681 0.714 0.000 -0.666 -0.214 0.922 0.000 0.015 -0.387 0.821 0.000 -0.492 -0.288 0.865 0.000 0.087 -0.494 0.677 0.000 -0.428 -0.599 0.728 0.000 -0.560 0.395 0.699 0.000 -0.402 -0.591 0.681 0.000 -0.613 0.401 
0.682 -0.195 0.179 0.681 0.714 0.000 -0.667 -0.213 0.922 0.000 0.015 -0.386 0.822 0.000 -0.492 -0.288 0.865 0.000 0.087 -0.494 0.676 0.000 -0.428 -0.599 0.728 0.000 -0.560 0.395 0.699 0.000 -0.402 -0.591 0.681 -0.000 -0.613 0.401 
0.682 -0.195 0.179 0.681 0.714 0.000 -0.667 -0.213 0.923 0.000 0.015 -0.386 0.822 0.000 -0.492 -0.289 0.865 0.000 0.087 -0.494 0.677 -0.000 -0.428 -0.599 0.728 0.000 -0.560 0.395 0.699 0.000 -0.402 -0.591 0.681 0.000 -0.613 0.401 
0.682 -0.195 0.179 0.681 0.715 -0.000 -0.666 -0.213 0.923 0.000 0.015 -0.385 0.822 0.000 -0.492 -0.289 0.865 -0.000 0.087 -0.494 0.677 0.000 -0.428 -0.599 0.728 0.000 -0.560 0.395 0.699 0.000 -0.402 -0.591 0.681 0.000 -0.613 0.401 
0.682 -0.195 0.179 0.681 0.714 -0.000 -0.666 -0.213 0.923 0.000 0.016 -0.384 0.822 0.000 -0.491 -0.288 0.865 0.000 0.088 -0.494 0.677 -0.000 -0.428 -0.599 0.728 0.000 -0.560 0.395 0.699 0.000 -0.402 -0.591 0.681 0.000 -0.613 0.401 
0.682 -0.195 0.179 0.681 0.715 0.000 -0.666 -0.213 0.923 0.000 0.017 -0.384 0.822 0.000 -0.491 -0.288 0.865 0.000 0.088 -0.494 0.677 0.000 -0.428 -0.599 0.728 -0.000 -0.560 0.395 0.699 0.000 -0.402 -0.591 0.681 0.000 -0.613 0.402 
0.682 -0.195 0.179 0.681 0.715 0.000 -0.666 -0.214 0.923 -0.000 0.018 -0.383 0.822 0.000 -0.492 -0.288 0.865 0.000 0.089 -0.494 0.677 0.000 -0.428 -0.599 0.728 0.000 -0.560 0.395 0.699 -0.000 -0.402 -0.591 0.681 0.000 -0.613 0.402 
0.682 -0.195 0.179 0.681 0.715 0.000 -0.666 -0.214 0.924 0.000 0.018 -0.383 0.821 0.000 -0.492 -0.289 0.866 0.000 0.089 -0.492 0.676 -0.000 -0.429 -0.599 0.728 0.000 -0.559 0.396 0.699 0.000 -0.402 -0.591 0.681 0.000 -0.612 0.402 
0.682 -0.195 0.179 0.681 0.715 0.000 -0.665 -0.215 0.924 0.000 0.020 -0.383 0.822 0.000 -0.493 -0.286 0.865 0.000 0.088 -0.494 0.676 -0.000 -0.428 -0.599 0.728 0.000 -0.560 0.395 0.699 -0.000 -0.402 -0.591 0.681 0.000 -0.613 0.401 
0.683 -0.195 0.179 0.681 0.715 0.000 -0.665 -0.216 0.923 0.000 0.020 -0.383 0.822 0.000 -0.493 -0.285 0.865 0.000 0.088 -0.495 0.677 0.000 -0.428 -0.599 0.728 0.000 -0.560 0.395 0.699 0.000 -0.402 -0.591 0.681 -0.000 -0.613 0.401 
0.682 -0.195 0.179 0.681 0.716 0.000 -0.664 -0.216 0.923 0.000 0.022 -0.383 0.822 -0.000 -0.494 -0.284 0.865 0.000 0.087 -0.495 0.676 0.000 -0.428 -0.599 0.728 0.000 -0.560 0.395 0.699 0.000 -0.402 -0.591 0.681 0.000 -0.613 0.401 
0.682 -0.195 0.179 0.681 0.716 -0.000 -0.663 -0.217 0.923 -0.000 0.022 -0.384 0.821 0.000 -0.495 -0.283 0.864 0.000 0.087 -0.495 0.677 0.000 -0.428 -0.599 0.728 -0.000 -0.559 0.395 0.699 0.000 -0.402 -0.591 0.681 0.000 -0.613 0.402 
0.682 -0.195 0.179 0.681 0.717 -0.000 -0.662 -0.218 0.923 -0.000 0.023 -0.384 0.821 0.000 -0.497 -0.281 0.864 0.000 0.087 -0.495 0.676 0.000 -0.429 -0.599 0.728 -0.000 -0.560 0.396 0.699 0.000 -0.403 -0.591 0.681 0.000 -0.612 0.402 
0.683 -0.195 0.180 0.681 0.717 -0.000 -0.662 -0.219 0.923 0.000 0.023 -0.384 0.821 -0.000 -0.498 -0.280 0.864 0.000 0.087 -0.495 0.676 0.000 -0.429 -0.599 0.728 0.000 -0.559 0.395 0.699 -0.000 -0.403 -0.591 0.681 0.000 -0.612 0.402 
0.682 -0.195 0.180 0.681 0.718 0.000 -0.661 -0.220 0.923 0.000 0.025 -0.384 0.820 0.000 -0.500 -0.279 0.864 -0.000 0.088 -0.496 0.677 -0.000 -0.429 -0.599 0.728 0.000 -0.559 0.396 0.699 0.000 -0.403 -0.591 0.681 -0.000 -0.612 0.402 
0.682 -0.196 0.180 0.681 0.718 -0.000 -0.660 -0.221 0.923 0.000 0.025 -0.385 0.820 0.000 -0.501 -0.278 0.865 -0.000 0.086 -0.494 0.677 -0.000 -0.429 -0.598 0.728 -0.000 -0.559 0.396 0.699 0.000 -0.404 -0.590 0.681 0.000 -0.612 0.403 
0.682 -0.196 0.180 0.681 0.719 0.000 -0.659 -0.222 0.923 0.000 0.026 -0.385 0.819 0.000 -0.503 -0.276 0.865 0.000 0.086 -0.494 0.677 -0.000 -0.430 -0.598 0.728 0.000 -0.559 0.396 0.699 0.000 -0.404 -0.590 0.681 0.000 -0.611 0.403 
0.682 -0.196 0.180 0.681 0.719 0.000 -0.658 -0.223 0.922 0.000 0.027 -0.386 0.818 0.000 -0.505 -0.274 0.865 0.000 0.087 -0.494 0.677 0.000 -0.430 -0.598 0.728 0.000 -0.559 0.396 0.699 0.000 -0.404 -0.590 0.681 0.000 -0.611 0.403 
0.682 -0.196 0.180 0.681 0.720 0.000 -0.656 -0.225 0.922 0.000 0.028 -0.386 0.818 -0.000 -0.507 -0.272 0.865 0.000 0.087 -0.494 0.677 0.000 -0.430 -0.598 0.728 0.000 -0.559 0.397 0.699 -0.000 -0.404 -0.590 0.681 0.000 -0.611 0.403 
0.682 -0.196 0.180 0.681 0.721 0.000 -0.655 -0.227 0.922 -0.000 0.030 -0.386 0.817 0.000 -0.509 -0.270 0.865 0.000 0.087 -0.495 0.677 0.000 -0.430 -0.598 0.728 -0.000 -0.559 0.396 0.699 0.000 -0.404 -0.590 0.681 0.000 -0.611 0.404 
0.683 -0.196 0.180 0.681 0.721 0.000 -0.653 -0.229 0.922 0.000 0.031 -0.387 0.817 0.000 -0.512 -0.267 0.864 0.000 0.087 -0.496 0.677 0.000 -0.429 -0.598 0.728 0.000 -0.559 0.396 0.699 -0.000 -0.403 -0.590 0.681 0.000 -0.612 0.403 
0.683 -0.196 0.180 0.681 0.722 0.000 -0.652 -0.231 0.921 0.000 0.032 -0.388 0.816 0.000 -0.514 -0.265 0.864 0.000 0.086 -0.496 0.677 -0.000 -0.429 -0.598 0.728 0.000 -0.559 0.396 0.699 0.000 -0.403 -0.590 0.681 0.000 -0.612 0.403 
0.683 -0.196 0.180 0.680 0.723 0.000 -0.651 -0.233 0.921 0.000 0.033 -0.388 0.815 0.000 -0.516 -0.263 0.865 -0.000 0.086 -0.495 0.677 0.000 -0.430 -0.598 0.728 0.000 -0.559 0.397 0.699 -0.000 -0.404 -0.589 0.681 0.000 -0.611 0.404 
0.683 -0.196 0.180 0.681 0.724 0.000 -0.649 -0.236 0.921 0.000 0.035 -0.389 0.814 0.000 -0.519 -0.259 0.864 -0.000 0.086 -0.497 0.677 -0.000 -0.429 -0.598 0.728 0.000 -0.559 0.396 0.699 -0.000 -0.404 -0.590 0.681 0.000 -0.611 0.403 
0.683 -0.196 0.180 0.681 0.724 0.000 -0.647 -0.238 0.920 0.000 0.036 -0.389 0.813 0.000 -0.522 -0.257 0.864 0.000 0.083 -0.496 0.677 0.000 -0.429 -0.598 0.728 0.000 -0.559 0.396 0.699 0.000 -0.404 -0.590 0.681 0.000 -0.611 0.403 
0.683 -0.195 0.180 0.681 0.725 0.000 -0.645 -0.240 0.920 0.000 0.037 -0.390 0.813 0.000 -0.524 -0.255 0.865 0.000 0.082 -0.496 0.677 0.000 -0.429 -0.598 0.728 0.000 -0.559 0.396 0.700 0.000 -0.404 -0.590 0.681 0.000 -0.612 0.403 
0.683 -0.195 0.180 0.681 0.726 0.000 -0.643 -0.243 0.920 0.000 0.038 -0.391 0.812 0.000 -0.526 -0.253 0.865 0.000 0.082 -0.495 0.677 -0.000 -0.429 -0.598 0.728 0.000 -0.560 0.396 0.699 0.000 -0.404 -0.590 0.681 0.000 -0.611 0.403 
0.683 -0.196 0.180 0.680 0.727 0.000 -0.641 -0.245 0.919 0.000 0.039 -0.391 0.811 0.000 -0.528 -0.252 0.865 -0.000 0.083 -0.494 0.677 0.000 -0.430 -0.598 0.728 0.000 -0.559 0.396 0.699 0.000 -0.404 -0.589 0.681 0.000 -0.611 0.404 
0.683 -0.196 0.180 0.680 0.728 0.000 -0.640 -0.247 0.919 0.000 0.041 -0.392 0.810 0.000 -0.531 -0.249 0.865 0.000 0.082 -0.495 0.677 0.000 -0.430 -0.598 0.728 -0.000 -0.559 0.396 0.699 0.000 -0.404 -0.589 0.681 0.000 -0.611 0.404 
0.683 -0.196 0.180 0.680 0.729 0.000 -0.637 -0.249 0.919 0.000 0.042 -0.393 0.809 0.000 -0.534 -0.246 0.865 0.000 0.082 -0.496 0.677 0.000 -0.430 -0.598 0.728 0.000 -0.559 0.396 0.699 -0.000 -0.404 -0.590 0.681 0.000 -0.611 0.404 
0.683 -0.195 0.180 0.680 0.730 0.000 -0.635 -0.253 0.918 0.000 0.044 -0.394 0.808 -0.000 -0.537 -0.242 0.864 0.000 0.081 -0.497 0.677 0.000 -0.429 -0.598 0.728 0.000 -0.560 0.395 0.699 -0.000 -0.403 -0.590 0.681 -0.000 -0.612 0.403 
0.683 -0.195 0.180 0.681 0.731 0.000 -0.633 -0.256 0.918 0.000 0.046 -0.395 0.808 0.000 -0.539 -0.238 0.863 0.000 0.079 -0.499 0.677 0.000 -0.428 -0.599 0.728 0.000 -0.560 0.395 0.699 0.000 -0.403 -0.591 0.681 0.000 -0.612 0.402 
0.683 -0.195 0.180 0.681 0.732 -0.000 -0.631 -0.259 0.917 0.000 0.047 -0.396 0.807 0.000 -0.541 -0.237 0.864 0.000 0.078 -0.498 0.677 -0.000 -0.428 -0.599 0.729 0.000 -0.560 0.394 0.699 0.000 -0.403 -0.591 0.681 -0.000 -0.612 0.402 
0.683 -0.195 0.179 0.681 0.733 0.000 -0.628 -0.262 0.917 0.000 0.049 -0.396 0.806 0.000 -0.545 -0.232 0.863 0.000 0.077 -0.499 0.677 0.000 -0.428 -0.599 0.728 0.000 -0.560 0.394 0.699 0.000 -0.402 -0.591 0.681 0.000 -0.612 0.402 
0.683 -0.195 0.179 0.681 0.733 0.000 -0.626 -0.265 0.916 0.000 0.051 -0.397 0.805 -0.000 -0.547 -0.230 0.864 0.000 0.075 -0.498 0.677 0.000 -0.428 -0.599 0.728 0.000 -0.560 0.394 0.699 0.000 -0.402 -0.591 0.681 0.000 -0.612 0.402 
0.683 -0.195 0.179 0.681 0.734 0.000 -0.624 -0.268 0.916 -0.000 0.052 -0.398 0.804 0.000 -0.550 -0.227 0.863 -0.000 0.074 -0.499 0.677 -0.000 -0.428 -0.599 0.729 -0.000 -0.560 0.394 0.699 0.000 -0.402 -0.591 0.681 0.000 -0.612 0.402 
0.683 -0.195 0.179 0.681 0.735 0.000 -0.622 -0.271 0.916 0.000 0.053 -0.399 0.802 0.000 -0.553 -0.224 0.863 0.000 0.073 -0.499 0.677 0.000 -0.428 -0.599 0.728 0.000 -0.560 0.394 0.699 0.000 -0.402 -0.591 0.681 0.000 -0.612 0.402 
0.683 -0.195 0.179 0.681 0.736 0.000 -0.619 -0.274 0.915 0.000 0.056 -0.399 0.801 0.000 -0.556 -0.221 0.863 -0.000 0.071 -0.500 0.677 0.000 -0.427 -0.599 0.728 0.000 -0.561 0.394 0.699 0.000 -0.402 -0.591 0.681 0.000 -0.612 0.402 
0.683 -0.194 0.179 0.681 0.736 0.000 -0.617 -0.278 0.915 0.000 0.058 -0.399 0.801 0.000 -0.558 -0.219 0.864 0.000 0.070 -0.499 0.677 0.000 -0.427 -0.600 0.729 0.000 -0.561 0.394 0.699 0.000 -0.402 -0.591 0.681 0.000 -0.612 0.402 
0.683 -0.194 0.179 0.681 0.737 0.000 -0.615 -0.282 0.915 0.000 0.060 -0.399 0.799 0.000 -0.561 -0.215 0.863 0.000 0.068 -0.500 0.677 0.000 -0.427 -0.600 0.728 0.000 -0.561 0.393 0.699 -0.000 -0.402 -0.591 0.681 0.000 -0.613 0.402 
0.683 -0.194 0.179 0.681 0.737 0.000 -0.612 -0.286 0.915 -0.000 0.063 -0.398 0.798 0.000 -0.563 -0.213 0.864 0.000 0.066 -0.500 0.677 0.000 -0.427 -0.600 0.729 0.000 -0.561 0.393 0.699 -0.000 -0.402 -0.591 0.681 0.000 -0.613 0.401 
0.683 -0.194 0.179 0.681 0.738 0.000 -0.610 -0.289 0.915 0.000 0.065 -0.398 0.797 0.000 -0.566 -0.211 0.864 0.000 0.064 -0.499 0.677 0.000 -0.427 -0.600 0.729 0.000 -0.561 0.393 0.699 0.000 -0.401 -0.591 0.681 0.000 -0.613 0.401 
0.683 -0.194 0.179 0.681 0.738 0.000 -0.607 -0.294 0.915 0.000 0.068 -0.398 0.796 0.000 -0.569 -0.206 0.863 0.000 0.063 -0.500 0.677 0.000 -0.427 -0.600 0.729 0.000 -0.561 0.393 0.699 0.000 -0.401 -0.592 0.681 0.000 -0.613 0.401 
0.683 -0.194 0.179 0.681 0.739 0.000 -0.604 -0.297 0.915 0.000 0.070 -0.398 0.795 0.000 -0.571 -0.204 0.864 0.000 0.061 -0.500 0.677 0.000 -0.426 -0.600 0.728 0.000 -0.561 0.393 0.699 0.000 -0.401 -0.592 0.681 -0.000 -0.613 0.401 
0.683 -0.194 0.178 0.681 0.740 0.000 -0.602 -0.301 0.915 0.000 0.072 -0.397 0.794 -0.000 -0.574 -0.201 0.864 0.000 0.058 -0.500 0.677 -0.000 -0.426 -0.600 0.729 0.000 -0.561 0.393 0.699 0.000 -0.401 -0.592 0.681 0.000 -0.613 0.401 
0.684 -0.194 0.178 0.681 0.740 0.000 -0.599 -0.306 0.915 0.000 0.074 -0.397 0.793 0.000 -0.577 -0.198 0.864 0.000 0.057 -0.501 0.677 0.000 -0.426 -0.601 0.728 0.000 -0.561 0.393 0.699 0.000 -0.401 -0.592 0.681 0.000 -0.613 0.400 
0.684 -0.194 0.178 0.681 0.741 -0.000 -0.596 -0.309 0.915 -0.000 0.076 -0.396 0.792 -0.000 -0.578 -0.196 0.864 -0.000 0.055 -0.500 0.676 0.000 -0.426 -0.601 0.729 0.000 -0.561 0.392 0.699 -0.000 -0.400 -0.592 0.681 0.000 -0.613 0.400 
0.684 -0.193 0.178 0.681 0.742 0.000 -0.593 -0.313 0.915 0.000 0.078 -0.396 0.790 0.000 -0.582 -0.192 0.863 0.000 0.053 -0.502 0.677 -0.000 -0.426 -0.601 0.728 0.000 -0.562 0.392 0.699 0.000 -0.400 -0.592 0.681 0.000 -0.614 0.400 
0.684 -0.193 0.178 0.681 0.742 0.000 -0.590 -0.318 0.915 0.000 0.080 -0.395 0.789 -0.000 -0.584 -0.190 0.864 0.000 0.050 -0.501 0.677 0.000 -0.426 -0.601 0.729 0.000 -0.562 0.392 0.699 0.000 -0.400 -0.592 0.681 0.000 -0.614 0.400 
0.684 -0.193 0.178 0.681 0.743 0.000 -0.587 -0.321 0.915 0.000 0.082 -0.395 0.788 0.000 -0.586 -0.188 0.864 0.000 0.048 -0.501 0.677 0.000 -0.425 -0.601 0.729 -0.000 -0.562 0.392 0.699 0.000 -0.400 -0.593 0.681 0.000 -0.614 0.400 
0.684 -0.193 0.178 0.681 0.743 0.000 -0.584 -0.325 0.915 0.000 0.084 -0.394 0.787 0.000 -0.588 -0.185 0.864 0.000 0.045 -0.501 0.677 0.000 -0.425 -0.601 0.729 0.000 -0.562 0.391 0.699 0.000 -0.399 -0.593 0.681 0.000 -0.614 0.399 
0.684 -0.193 0.177 0.681 0.744 0.000 -0.581 -0.330 0.916 0.000 0.085 -0.393 0.786 0.000 -0.590 -0.183 0.864 -0.000 0.042 -0.501 0.677 -0.000 -0.425 -0.601 0.729 0.000 -0.562 0.391 0.699 0.000 -0.399 -0.593 0.681 0.000 -0.614 0.399 
0.684 -0.193 0.177 0.681 0.745 -0.000 -0.579 -0.332 0.915 0.000 0.087 -0.394 0.785 0.000 -0.592 -0.181 0.864 0.000 0.041 -0.501 0.677 0.000 -0.425 -0.602 0.729 -0.000 -0.562 0.391 0.699 0.000 -0.399 -0.593 0.681 -0.000 -0.614 0.399 
0.684 -0.193 0.177 0.681 0.745 0.000 -0.576 -0.336 0.915 0.000 0.088 -0.394 0.784 0.000 -0.594 -0.177 0.864 0.000 0.038 -0.501 0.676 0.000 -0.425 -0.602 0.729 0.000 -0.562 0.391 0.699 0.000 -0.399 -0.593 0.681 0.000 -0.614 0.399 
0.684 -0.193 0.177 0.681 0.746 -0.000 -0.573 -0.339 0.915 0.000 0.089 -0.394 0.784 0.000 -0.595 -0.177 0.865 0.000 0.036 -0.500 0.676 0.000 -0.425 -0.602 0.729 0.000 -0.562 0.391 0.699 0.000 -0.399 -0.593 0.681 0.000 -0.614 0.399 
0.684 -0.193 0.177 0.681 0.747 0.000 -0.571 -0.342 0.915 0.000 0.091 -0.394 0.783 0.000 -0.597 -0.175 0.865 0.000 0.034 -0.500 0.676 0.000 -0.424 -0.602 0.729 0.000 -0.562 0.391 0.699 0.000 -0.399 -0.593 0.681 0.000 -0.615 0.398 
0.684 -0.193 0.177 0.681 0.747 0.000 -0.568 -0.345 0.915 0.000 0.092 -0.393 0.782 0.000 -0.599 -0.173 0.865 -0.000 0.033 -0.500 0.677 0.000 -0.424 -0.602 0.729 0.000 -0.562 0.391 0.699 -0.000 -0.398 -0.593 0.681 0.000 -0.615 0.398 
0.684 -0.193 0.177 0.681 0.748 -0.000 -0.566 -0.348 0.915 0.000 0.093 -0.393 0.781 0.000 -0.600 -0.172 0.865 0.000 0.033 -0.500 0.676 -0.000 -0.424 -0.602 0.729 0.000 -0.563 0.391 0.699 0.000 -0.398 -0.594 0.681 -0.000 -0.615 0.398 
0.684 -0.193 0.177 0.681 0.748 0.000 -0.563 -0.351 0.915 -0.000 0.095 -0.393 0.780 -0.000 -0.602 -0.170 0.866 0.000 0.031 -0.500 0.676 -0.000 -0.424 -0.602 0.729 0.000 -0.563 0.391 0.699 0.000 -0.398 -0.594 0.681 0.000 -0.615 0.398 
0.684 -0.193 0.177 0.681 0.749 0.000 -0.561 -0.353 0.914 0.000 0.095 -0.393 0.779 -0.000 -0.603 -0.170 0.867 -0.000 0.030 -0.498 0.676 0.000 -0.425 -0.602 0.729 0.000 -0.562 0.391 0.699 -0.000 -0.398 -0.593 0.681 -0.000 -0.615 0.398 
0.684 -0.193 0.177 0.681 0.749 0.000 -0.559 -0.356 0.914 0.000 0.096 -0.393 0.778 0.000 -0.605 -0.169 0.867 0.000 0.029 -0.498 0.676 0.000 -0.424 -0.602 0.729 -0.000 -0.562 0.391 0.699 0.000 -0.398 -0.594 0.681 -0.000 -0.615 0.398 
