# T   LUA LFA RUA RFA LT  LS  RT  RS  
0.996 0.089 0.012 0.002 0.816 0.000 -0.419 -0.398 0.636 -0.000 0.247 -0.731 0.780 -0.000 -0.577 -0.242 0.660 0.000 0.021 -0.751 0.752 0.000 -0.003 -0.659 0.837 0.000 -0.531 -0.131 0.730 -0.000 -0.072 -0.680 0.915 0.000 -0.401 0.032 
0.996 0.089 0.012 0.002 0.817 0.000 -0.416 -0.400 0.634 -0.000 0.251 -0.731 0.779 0.000 -0.579 -0.240 0.661 0.000 0.018 -0.751 0.752 0.000 -0.003 -0.659 0.837 -0.000 -0.531 -0.132 0.729 0.000 -0.071 -0.681 0.910 0.000 -0.412 0.034 
0.996 0.089 0.013 0.002 0.818 0.000 -0.413 -0.401 0.634 0.000 0.255 -0.730 0.778 -0.000 -0.581 -0.239 0.661 0.000 0.015 -0.750 0.752 0.000 -0.002 -0.659 0.837 0.000 -0.531 -0.132 0.730 0.000 -0.071 -0.680 0.915 0.000 -0.402 0.032 
0.996 0.090 0.013 0.002 0.818 0.000 -0.410 -0.403 0.633 0.000 0.259 -0.730 0.777 0.000 -0.583 -0.238 0.661 0.000 0.011 -0.750 0.752 0.000 -0.001 -0.659 0.837 0.000 -0.531 -0.133 0.731 0.000 -0.071 -0.679 0.911 0.000 -0.412 0.032 
0.996 0.090 0.013 0.001 0.819 0.000 -0.409 -0.404 0.632 0.000 0.262 -0.729 0.776 -0.000 -0.584 -0.238 0.662 0.000 0.010 -0.749 0.752 0.000 -0.001 -0.659 0.836 -0.000 -0.532 -0.133 0.731 -0.000 -0.071 -0.679 0.915 0.000 -0.402 0.031 
0.996 0.090 0.015 0.002 0.819 0.000 -0.407 -0.404 0.632 0.000 0.265 -0.728 0.775 0.000 -0.586 -0.236 0.661 0.000 0.004 -0.750 0.755 0.000 0.001 -0.656 0.835 0.000 -0.533 -0.135 0.730 0.000 -0.071 -0.679 0.911 -0.000 -0.412 0.030 
0.996 0.089 0.015 0.002 0.820 0.000 -0.405 -0.404 0.631 -0.000 0.267 -0.728 0.773 -0.000 -0.588 -0.237 0.663 0.000 0.002 -0.749 0.756 -0.000 0.002 -0.654 0.835 0.000 -0.534 -0.136 0.730 0.000 -0.071 -0.680 0.915 0.000 -0.402 0.030 
0.996 0.089 0.014 0.002 0.820 0.000 -0.404 -0.404 0.630 0.000 0.271 -0.728 0.774 0.000 -0.587 -0.237 0.664 0.000 0.001 -0.748 0.754 0.000 -0.001 -0.657 0.836 0.000 -0.532 -0.134 0.730 0.000 -0.071 -0.680 0.910 -0.000 -0.413 0.032 
0.996 0.089 0.013 0.003 0.821 0.000 -0.404 -0.404 0.629 -0.000 0.272 -0.728 0.774 -0.000 -0.587 -0.238 0.665 0.000 0.001 -0.747 0.753 0.000 -0.001 -0.658 0.836 0.000 -0.532 -0.133 0.730 -0.000 -0.072 -0.679 0.915 0.000 -0.402 0.031 
0.996 0.089 0.013 0.002 0.821 0.000 -0.405 -0.403 0.628 0.000 0.274 -0.728 0.775 0.000 -0.586 -0.238 0.664 -0.000 -0.001 -0.747 0.753 0.000 -0.001 -0.658 0.836 0.000 -0.532 -0.133 0.731 0.000 -0.072 -0.679 0.911 0.000 -0.412 0.031 
0.996 0.090 0.013 0.002 0.821 0.000 -0.405 -0.403 0.628 -0.000 0.275 -0.728 0.774 -0.000 -0.587 -0.239 0.665 -0.000 -0.000 -0.747 0.753 0.000 -0.001 -0.658 0.836 0.000 -0.532 -0.133 0.730 0.000 -0.072 -0.679 0.915 0.000 -0.401 0.031 
0.996 0.089 0.013 0.002 0.821 0.000 -0.405 -0.403 0.627 0.000 0.276 -0.728 0.774 -0.000 -0.586 -0.241 0.665 0.000 -0.000 -0.747 0.752 0.000 -0.002 -0.659 0.837 0.000 -0.532 -0.132 0.731 -0.000 -0.072 -0.679 0.911 0.000 -0.412 0.031 
0.996 0.089 0.013 0.002 0.820 0.000 -0.407 -0.402 0.627 0.000 0.276 -0.729 0.774 0.000 -0.585 -0.242 0.665 0.000 0.001 -0.747 0.752 0.000 -0.002 -0.659 0.836 -0.000 -0.532 -0.132 0.731 0.000 -0.073 -0.678 0.916 0.000 -0.400 0.031 
0.996 0.089 0.014 0.002 0.820 0.000 -0.409 -0.400 0.627 0.000 0.276 -0.729 0.775 0.000 -0.583 -0.244 0.665 0.000 0.003 -0.747 0.752 0.000 -0.002 -0.659 0.837 0.000 -0.532 -0.132 0.731 0.000 -0.073 -0.679 0.911 0.000 -0.411 0.032 
0.996 0.089 0.013 0.002 0.819 0.000 -0.412 -0.398 0.627 0.000 0.274 -0.730 0.775 0.000 -0.581 -0.247 0.666 -0.000 0.006 -0.746 0.752 0.000 -0.003 -0.659 0.837 0.000 -0.532 -0.131 0.731 0.000 -0.073 -0.679 0.915 0.000 -0.401 0.032 
0.996 0.089 0.013 0.002 0.820 0.000 -0.413 -0.396 0.626 0.000 0.272 -0.731 0.777 -0.000 -0.579 -0.247 0.664 0.000 0.006 -0.748 0.752 0.000 -0.003 -0.659 0.837 0.000 -0.532 -0.131 0.731 0.000 -0.073 -0.679 0.911 0.000 -0.412 0.032 
0.996 0.089 0.013 0.002 0.819 0.000 -0.417 -0.394 0.626 0.000 0.271 -0.731 0.777 0.000 -0.578 -0.251 0.664 0.000 0.009 -0.747 0.752 0.000 -0.004 -0.659 0.837 0.000 -0.532 -0.130 0.731 0.000 -0.074 -0.678 0.916 0.000 -0.400 0.032 
0.996 0.088 0.013 0.002 0.820 0.000 -0.418 -0.392 0.626 0.000 0.269 -0.732 0.777 -0.000 -0.576 -0.253 0.664 0.000 0.012 -0.748 0.752 0.000 -0.004 -0.659 0.837 0.000 -0.532 -0.130 0.731 0.000 -0.074 -0.678 0.911 -0.000 -0.411 0.033 
0.996 0.088 0.013 0.002 0.818 0.000 -0.423 -0.389 0.626 0.000 0.264 -0.733 0.779 0.000 -0.573 -0.256 0.663 0.000 0.014 -0.749 0.752 0.000 -0.005 -0.659 0.837 0.000 -0.532 -0.130 0.731 -0.000 -0.074 -0.679 0.915 0.000 -0.401 0.033 
0.996 0.088 0.013 0.002 0.817 -0.000 -0.427 -0.387 0.627 0.000 0.261 -0.734 0.779 0.000 -0.571 -0.259 0.663 0.000 0.019 -0.749 0.753 0.000 -0.005 -0.658 0.837 0.000 -0.532 -0.129 0.731 -0.000 -0.075 -0.679 0.910 -0.000 -0.413 0.034 
0.996 0.087 0.013 0.003 0.816 0.000 -0.431 -0.384 0.627 0.000 0.257 -0.735 0.780 -0.000 -0.568 -0.263 0.662 0.000 0.024 -0.749 0.753 0.000 -0.006 -0.658 0.837 -0.000 -0.532 -0.129 0.731 0.000 -0.076 -0.678 0.916 0.000 -0.401 0.033 
0.996 0.087 0.013 0.003 0.816 0.000 -0.436 -0.381 0.627 -0.000 0.253 -0.736 0.781 0.000 -0.565 -0.265 0.661 0.000 0.027 -0.750 0.753 0.000 -0.006 -0.658 0.837 0.000 -0.532 -0.129 0.730 -0.000 -0.076 -0.679 0.911 0.000 -0.412 0.034 
0.996 0.087 0.013 0.003 0.814 0.000 -0.440 -0.378 0.628 -0.000 0.247 -0.738 0.782 0.000 -0.562 -0.268 0.660 -0.000 0.031 -0.751 0.753 0.000 -0.007 -0.657 0.837 0.000 -0.532 -0.129 0.730 0.000 -0.076 -0.679 0.916 -0.000 -0.401 0.034 
0.996 0.087 0.012 0.002 0.812 0.000 -0.446 -0.376 0.628 0.000 0.243 -0.739 0.784 0.000 -0.558 -0.271 0.659 -0.000 0.037 -0.751 0.752 0.000 -0.007 -0.660 0.837 0.000 -0.532 -0.129 0.731 0.000 -0.075 -0.678 0.911 0.000 -0.412 0.035 
0.996 0.087 0.012 0.002 0.811 0.000 -0.451 -0.373 0.628 0.000 0.238 -0.741 0.786 -0.000 -0.555 -0.275 0.658 0.000 0.041 -0.752 0.752 0.000 -0.008 -0.659 0.837 0.000 -0.531 -0.128 0.731 0.000 -0.075 -0.678 0.915 0.000 -0.401 0.034 
0.996 0.087 0.011 0.002 0.809 0.000 -0.458 -0.368 0.628 -0.000 0.232 -0.742 0.787 0.000 -0.551 -0.278 0.657 0.000 0.045 -0.752 0.751 0.000 -0.009 -0.660 0.838 0.000 -0.531 -0.128 0.730 -0.000 -0.075 -0.679 0.910 0.000 -0.412 0.036 
0.996 0.086 0.011 0.002 0.808 0.000 -0.463 -0.365 0.630 0.000 0.228 -0.743 0.788 -0.000 -0.548 -0.280 0.656 0.000 0.050 -0.753 0.752 0.000 -0.009 -0.659 0.838 0.000 -0.531 -0.128 0.730 0.000 -0.075 -0.679 0.915 0.000 -0.402 0.035 
0.996 0.086 0.010 0.002 0.806 0.000 -0.469 -0.362 0.631 0.000 0.222 -0.744 0.790 0.000 -0.544 -0.283 0.655 0.000 0.054 -0.754 0.752 0.000 -0.010 -0.659 0.838 -0.000 -0.531 -0.128 0.730 -0.000 -0.075 -0.679 0.910 0.000 -0.413 0.037 
0.996 0.086 0.010 0.002 0.804 0.000 -0.475 -0.358 0.631 0.000 0.217 -0.744 0.792 -0.000 -0.540 -0.285 0.653 0.000 0.057 -0.755 0.752 -0.000 -0.010 -0.659 0.838 0.000 -0.531 -0.128 0.730 0.000 -0.075 -0.679 0.915 -0.000 -0.402 0.036 
0.996 0.086 0.010 0.003 0.802 0.000 -0.480 -0.355 0.632 0.000 0.211 -0.745 0.794 0.000 -0.536 -0.288 0.653 0.000 0.061 -0.755 0.752 0.000 -0.011 -0.659 0.838 0.000 -0.530 -0.126 0.730 0.000 -0.075 -0.679 0.910 -0.000 -0.413 0.037 
0.996 0.085 0.009 0.003 0.800 0.000 -0.486 -0.351 0.633 0.000 0.206 -0.746 0.794 0.000 -0.533 -0.292 0.653 0.000 0.067 -0.755 0.753 0.000 -0.011 -0.658 0.838 0.000 -0.531 -0.128 0.730 0.000 -0.075 -0.680 0.915 0.000 -0.402 0.036 
0.996 0.085 0.009 0.003 0.798 0.000 -0.492 -0.348 0.634 0.000 0.200 -0.747 0.796 0.000 -0.529 -0.293 0.652 0.000 0.071 -0.755 0.753 0.000 -0.012 -0.658 0.838 0.000 -0.530 -0.127 0.729 0.000 -0.074 -0.680 0.909 -0.000 -0.414 0.038 
0.996 0.085 0.008 0.003 0.796 0.000 -0.498 -0.344 0.634 0.000 0.194 -0.749 0.798 -0.000 -0.525 -0.296 0.651 -0.000 0.075 -0.756 0.753 0.000 -0.012 -0.658 0.838 -0.000 -0.530 -0.129 0.729 -0.000 -0.073 -0.681 0.914 0.000 -0.404 0.037 
0.996 0.085 0.008 0.003 0.793 -0.000 -0.505 -0.341 0.635 0.000 0.190 -0.748 0.800 0.000 -0.521 -0.298 0.650 0.000 0.079 -0.756 0.753 0.000 -0.013 -0.658 0.839 0.000 -0.530 -0.128 0.729 0.000 -0.073 -0.681 0.909 0.000 -0.415 0.038 
0.996 0.085 0.007 0.003 0.791 0.000 -0.510 -0.338 0.636 -0.000 0.185 -0.749 0.802 -0.000 -0.517 -0.300 0.649 0.000 0.082 -0.756 0.754 0.000 -0.012 -0.657 0.838 -0.000 -0.530 -0.130 0.729 0.000 -0.072 -0.681 0.914 0.000 -0.404 0.037 
0.996 0.085 0.007 0.003 0.789 0.000 -0.515 -0.336 0.637 0.000 0.181 -0.749 0.803 -0.000 -0.513 -0.302 0.649 0.000 0.092 -0.755 0.754 0.000 -0.012 -0.657 0.838 -0.000 -0.530 -0.130 0.729 0.000 -0.072 -0.680 0.909 0.000 -0.416 0.037 
0.996 0.085 0.007 0.003 0.787 -0.000 -0.520 -0.334 0.639 0.000 0.177 -0.749 0.805 0.000 -0.510 -0.304 0.648 -0.000 0.094 -0.755 0.754 -0.000 -0.013 -0.656 0.838 0.000 -0.530 -0.131 0.729 0.000 -0.072 -0.681 0.914 0.000 -0.405 0.038 
0.996 0.085 0.006 0.003 0.785 0.000 -0.524 -0.331 0.639 0.000 0.171 -0.750 0.807 0.000 -0.506 -0.305 0.648 -0.000 0.097 -0.755 0.754 0.000 -0.013 -0.656 0.838 0.000 -0.529 -0.131 0.728 0.000 -0.070 -0.682 0.908 0.000 -0.417 0.040 
0.996 0.085 0.005 0.003 0.782 0.000 -0.528 -0.330 0.641 0.000 0.168 -0.749 0.809 0.000 -0.502 -0.306 0.648 0.000 0.101 -0.755 0.755 0.000 -0.013 -0.656 0.838 -0.000 -0.529 -0.132 0.728 -0.000 -0.070 -0.682 0.913 0.000 -0.406 0.039 
0.996 0.085 0.005 0.004 0.781 0.000 -0.531 -0.328 0.642 0.000 0.165 -0.749 0.810 0.000 -0.500 -0.308 0.649 0.000 0.114 -0.752 0.755 0.000 -0.013 -0.655 0.838 0.000 -0.529 -0.132 0.728 0.000 -0.070 -0.682 0.908 0.000 -0.417 0.039 
0.996 0.085 0.005 0.004 0.780 0.000 -0.535 -0.326 0.643 0.000 0.162 -0.749 0.811 0.000 -0.496 -0.310 0.648 0.000 0.112 -0.753 0.756 0.000 -0.013 -0.655 0.838 -0.000 -0.529 -0.133 0.728 0.000 -0.070 -0.682 0.913 0.000 -0.406 0.038 
0.996 0.085 0.005 0.004 0.778 0.000 -0.537 -0.325 0.644 0.000 0.158 -0.748 0.812 -0.000 -0.494 -0.311 0.648 -0.000 0.114 -0.753 0.756 0.000 -0.013 -0.654 0.838 0.000 -0.529 -0.133 0.728 0.000 -0.069 -0.682 0.908 0.000 -0.418 0.039 
0.996 0.085 0.005 0.005 0.777 0.000 -0.540 -0.324 0.645 0.000 0.156 -0.748 0.813 0.000 -0.491 -0.313 0.648 0.000 0.116 -0.753 0.756 -0.000 -0.013 -0.654 0.838 0.000 -0.529 -0.134 0.728 0.000 -0.069 -0.683 0.913 0.000 -0.407 0.038 
0.996 0.085 0.004 0.005 0.776 0.000 -0.542 -0.323 0.646 0.000 0.153 -0.748 0.814 -0.000 -0.489 -0.314 0.648 -0.000 0.117 -0.753 0.757 0.000 -0.013 -0.654 0.838 0.000 -0.528 -0.134 0.727 0.000 -0.068 -0.683 0.907 0.000 -0.419 0.040 
0.996 0.085 0.004 0.005 0.776 0.000 -0.542 -0.322 0.647 0.000 0.153 -0.747 0.814 0.000 -0.488 -0.315 0.648 0.000 0.119 -0.753 0.757 0.000 -0.014 -0.653 0.838 -0.000 -0.528 -0.134 0.727 0.000 -0.069 -0.683 0.913 -0.000 -0.407 0.038 
0.996 0.085 0.004 0.005 0.775 0.000 -0.544 -0.322 0.647 0.000 0.150 -0.747 0.815 0.000 -0.487 -0.316 0.647 0.000 0.119 -0.753 0.757 0.000 -0.014 -0.653 0.839 0.000 -0.528 -0.134 0.727 -0.000 -0.068 -0.683 0.907 -0.000 -0.419 0.040 
0.996 0.085 0.004 0.005 0.774 -0.000 -0.545 -0.322 0.648 0.000 0.149 -0.747 0.815 0.000 -0.485 -0.316 0.647 0.000 0.120 -0.753 0.757 0.000 -0.013 -0.653 0.839 0.000 -0.528 -0.135 0.727 0.000 -0.068 -0.683 0.913 0.000 -0.407 0.038 
0.996 0.085 0.004 0.005 0.774 0.000 -0.545 -0.322 0.648 0.000 0.148 -0.747 0.815 0.000 -0.485 -0.317 0.647 0.000 0.116 -0.754 0.758 -0.000 -0.014 -0.653 0.839 0.000 -0.528 -0.135 0.727 0.000 -0.069 -0.683 0.908 0.000 -0.418 0.039 
0.996 0.085 0.004 0.005 0.774 0.000 -0.545 -0.322 0.648 0.000 0.148 -0.747 0.815 0.000 -0.485 -0.317 0.647 0.000 0.123 -0.752 0.758 0.000 -0.014 -0.653 0.839 -0.000 -0.528 -0.135 0.727 0.000 -0.069 -0.683 0.913 -0.000 -0.407 0.038 
0.996 0.085 0.004 0.006 0.776 0.000 -0.543 -0.322 0.649 0.000 0.149 -0.746 0.815 -0.000 -0.486 -0.317 0.648 0.000 0.123 -0.752 0.758 0.000 -0.014 -0.652 0.839 0.000 -0.528 -0.135 0.727 0.000 -0.069 -0.683 0.908 -0.000 -0.418 0.038 
0.996 0.085 0.004 0.006 0.775 0.000 -0.543 -0.324 0.649 0.000 0.149 -0.746 0.814 0.000 -0.486 -0.317 0.648 -0.000 0.124 -0.752 0.758 -0.000 -0.014 -0.652 0.839 0.000 -0.528 -0.135 0.727 0.000 -0.069 -0.683 0.913 0.000 -0.406 0.038 
0.996 0.085 0.004 0.006 0.775 0.000 -0.542 -0.325 0.649 0.000 0.151 -0.746 0.814 0.000 -0.488 -0.316 0.648 0.000 0.123 -0.752 0.758 -0.000 -0.014 -0.652 0.839 0.000 -0.528 -0.134 0.727 -0.000 -0.069 -0.683 0.908 0.000 -0.417 0.039 
0.996 0.085 0.004 0.006 0.776 0.000 -0.540 -0.327 0.649 0.000 0.152 -0.745 0.813 0.000 -0.489 -0.316 0.648 0.000 0.124 -0.751 0.758 0.000 -0.014 -0.652 0.839 0.000 -0.528 -0.134 0.727 -0.000 -0.069 -0.683 0.913 -0.000 -0.406 0.037 
0.996 0.085 0.003 0.006 0.777 0.000 -0.538 -0.328 0.649 0.000 0.155 -0.745 0.812 0.000 -0.491 -0.315 0.649 -0.000 0.122 -0.751 0.758 0.000 -0.015 -0.653 0.839 0.000 -0.528 -0.133 0.727 0.000 -0.070 -0.683 0.908 0.000 -0.417 0.039 
0.996 0.084 0.004 0.006 0.778 -0.000 -0.534 -0.331 0.650 0.000 0.157 -0.744 0.811 0.000 -0.493 -0.314 0.649 0.000 0.122 -0.751 0.758 0.000 -0.015 -0.653 0.839 -0.000 -0.528 -0.133 0.727 0.000 -0.070 -0.683 0.913 0.000 -0.406 0.038 
0.996 0.084 0.004 0.006 0.779 0.000 -0.531 -0.333 0.650 0.000 0.160 -0.743 0.810 0.000 -0.496 -0.313 0.649 0.000 0.120 -0.751 0.757 -0.000 -0.015 -0.653 0.839 0.000 -0.528 -0.133 0.728 0.000 -0.070 -0.682 0.908 0.000 -0.417 0.038 
0.996 0.084 0.004 0.006 0.781 0.000 -0.527 -0.335 0.649 0.000 0.163 -0.743 0.809 0.000 -0.499 -0.312 0.650 0.000 0.119 -0.751 0.757 0.000 -0.015 -0.653 0.839 -0.000 -0.528 -0.132 0.728 0.000 -0.071 -0.682 0.913 0.000 -0.405 0.037 
0.996 0.084 0.004 0.006 0.783 0.000 -0.523 -0.338 0.649 0.000 0.166 -0.743 0.807 0.000 -0.501 -0.311 0.649 -0.000 0.111 -0.753 0.757 0.000 -0.015 -0.654 0.838 -0.000 -0.529 -0.132 0.728 0.000 -0.070 -0.682 0.908 0.000 -0.418 0.038 
0.996 0.084 0.004 0.006 0.785 -0.000 -0.518 -0.340 0.648 0.000 0.169 -0.742 0.806 0.000 -0.505 -0.310 0.649 0.000 0.108 -0.753 0.756 0.000 -0.015 -0.654 0.839 -0.000 -0.529 -0.131 0.728 0.000 -0.071 -0.682 0.914 0.000 -0.405 0.037 
0.996 0.084 0.004 0.005 0.787 -0.000 -0.513 -0.342 0.648 0.000 0.174 -0.742 0.804 -0.000 -0.508 -0.308 0.649 0.000 0.104 -0.753 0.756 -0.000 -0.015 -0.654 0.838 0.000 -0.529 -0.131 0.728 0.000 -0.071 -0.682 0.908 0.000 -0.417 0.039 
0.996 0.084 0.005 0.005 0.789 0.000 -0.509 -0.345 0.647 -0.000 0.177 -0.742 0.802 0.000 -0.512 -0.307 0.650 0.000 0.102 -0.753 0.756 0.000 -0.015 -0.655 0.838 -0.000 -0.530 -0.130 0.728 0.000 -0.072 -0.682 0.913 0.000 -0.406 0.037 
0.996 0.084 0.004 0.004 0.790 0.000 -0.505 -0.347 0.646 -0.000 0.180 -0.742 0.801 0.000 -0.515 -0.306 0.651 0.000 0.098 -0.753 0.755 0.000 -0.015 -0.656 0.838 0.000 -0.530 -0.130 0.729 -0.000 -0.072 -0.681 0.908 0.000 -0.416 0.038 
0.996 0.084 0.005 0.005 0.793 0.000 -0.499 -0.350 0.646 0.000 0.186 -0.741 0.799 0.000 -0.519 -0.305 0.651 -0.000 0.087 -0.754 0.755 -0.000 -0.014 -0.656 0.838 0.000 -0.530 -0.129 0.729 -0.000 -0.072 -0.681 0.913 0.000 -0.405 0.037 
0.996 0.084 0.005 0.005 0.795 0.000 -0.494 -0.353 0.645 0.000 0.190 -0.740 0.797 0.000 -0.522 -0.304 0.651 0.000 0.083 -0.754 0.755 0.000 -0.014 -0.656 0.838 0.000 -0.530 -0.129 0.729 -0.000 -0.072 -0.681 0.909 0.000 -0.416 0.037 
0.996 0.084 0.006 0.005 0.796 0.000 -0.489 -0.355 0.644 -0.000 0.195 -0.740 0.795 0.000 -0.526 -0.302 0.652 -0.000 0.078 -0.754 0.754 0.000 -0.014 -0.656 0.838 -0.000 -0.530 -0.128 0.729 0.000 -0.072 -0.680 0.914 0.000 -0.404 0.036 
0.996 0.085 0.006 0.005 0.798 0.000 -0.484 -0.358 0.644 0.000 0.200 -0.739 0.794 0.000 -0.529 -0.299 0.651 0.000 0.071 -0.756 0.754 -0.000 -0.013 -0.657 0.838 0.000 -0.531 -0.128 0.729 0.000 -0.072 -0.681 0.909 -0.000 -0.416 0.037 
0.996 0.085 0.006 0.004 0.800 0.000 -0.478 -0.361 0.643 0.000 0.205 -0.738 0.791 0.000 -0.533 -0.299 0.653 0.000 0.069 -0.755 0.754 -0.000 -0.013 -0.657 0.838 0.000 -0.531 -0.128 0.730 0.000 -0.073 -0.680 0.914 0.000 -0.404 0.035 
0.996 0.085 0.007 0.004 0.803 0.000 -0.473 -0.364 0.642 0.000 0.209 -0.737 0.789 0.000 -0.538 -0.297 0.653 0.000 0.062 -0.755 0.753 0.000 -0.013 -0.657 0.838 0.000 -0.531 -0.128 0.730 0.000 -0.073 -0.680 0.909 -0.000 -0.415 0.037 
0.996 0.085 0.007 0.004 0.804 0.000 -0.469 -0.367 0.642 0.000 0.216 -0.735 0.787 0.000 -0.541 -0.295 0.653 0.000 0.057 -0.755 0.753 0.000 -0.012 -0.658 0.838 -0.000 -0.531 -0.128 0.730 0.000 -0.073 -0.680 0.914 0.000 -0.404 0.035 
0.996 0.085 0.007 0.004 0.806 0.000 -0.463 -0.369 0.642 0.000 0.220 -0.735 0.785 0.000 -0.545 -0.294 0.654 0.000 0.051 -0.755 0.753 0.000 -0.012 -0.658 0.837 -0.000 -0.531 -0.128 0.731 0.000 -0.073 -0.679 0.909 0.000 -0.415 0.035 
0.996 0.085 0.008 0.004 0.807 0.000 -0.458 -0.372 0.641 0.000 0.223 -0.734 0.783 -0.000 -0.549 -0.292 0.655 0.000 0.047 -0.755 0.753 0.000 -0.011 -0.658 0.837 0.000 -0.532 -0.128 0.730 0.000 -0.073 -0.679 0.914 0.000 -0.404 0.035 
0.996 0.085 0.008 0.004 0.809 0.000 -0.453 -0.375 0.641 -0.000 0.229 -0.733 0.782 0.000 -0.552 -0.290 0.655 0.000 0.040 -0.755 0.753 0.000 -0.011 -0.658 0.837 0.000 -0.531 -0.128 0.731 0.000 -0.074 -0.678 0.910 0.000 -0.413 0.034 
0.996 0.085 0.008 0.004 0.811 0.000 -0.448 -0.377 0.641 -0.000 0.233 -0.732 0.780 0.000 -0.556 -0.288 0.655 0.000 0.034 -0.755 0.753 0.000 -0.010 -0.658 0.837 0.000 -0.532 -0.128 0.731 0.000 -0.074 -0.678 0.915 0.000 -0.402 0.033 
0.996 0.086 0.009 0.003 0.812 0.000 -0.443 -0.380 0.641 0.000 0.237 -0.730 0.778 0.000 -0.559 -0.286 0.656 0.000 0.031 -0.754 0.753 0.000 -0.010 -0.658 0.838 0.000 -0.531 -0.128 0.731 0.000 -0.074 -0.678 0.910 0.000 -0.413 0.034 
0.996 0.086 0.010 0.004 0.814 0.000 -0.438 -0.382 0.640 0.000 0.240 -0.730 0.776 0.000 -0.563 -0.285 0.657 0.000 0.026 -0.754 0.755 0.000 -0.008 -0.655 0.836 0.000 -0.533 -0.131 0.730 -0.000 -0.074 -0.680 0.915 -0.000 -0.403 0.034 
0.996 0.085 0.010 0.004 0.815 0.000 -0.434 -0.384 0.640 0.000 0.245 -0.728 0.775 0.000 -0.566 -0.283 0.658 0.000 0.019 -0.753 0.756 0.000 -0.009 -0.655 0.836 0.000 -0.533 -0.130 0.730 0.000 -0.075 -0.679 0.910 0.000 -0.413 0.034 
0.996 0.086 0.009 0.004 0.816 0.000 -0.430 -0.386 0.640 0.000 0.249 -0.727 0.774 0.000 -0.568 -0.281 0.658 0.000 0.015 -0.753 0.754 -0.000 -0.009 -0.657 0.837 -0.000 -0.532 -0.129 0.730 0.000 -0.073 -0.680 0.914 0.000 -0.403 0.035 
0.996 0.086 0.010 0.004 0.817 0.000 -0.426 -0.388 0.639 0.000 0.253 -0.726 0.773 0.000 -0.570 -0.278 0.658 0.000 0.008 -0.753 0.754 0.000 -0.009 -0.657 0.837 -0.000 -0.532 -0.130 0.731 -0.000 -0.074 -0.679 0.910 0.000 -0.412 0.034 
0.996 0.086 0.010 0.003 0.818 0.000 -0.423 -0.391 0.639 -0.000 0.257 -0.725 0.771 -0.000 -0.573 -0.279 0.661 0.000 0.009 -0.751 0.753 0.000 -0.009 -0.658 0.837 0.000 -0.531 -0.128 0.730 0.000 -0.074 -0.679 0.915 0.000 -0.403 0.034 
0.996 0.086 0.010 0.003 0.819 0.000 -0.418 -0.393 0.638 0.000 0.261 -0.724 0.770 0.000 -0.575 -0.276 0.660 0.000 0.005 -0.751 0.753 0.000 -0.008 -0.658 0.837 0.000 -0.531 -0.131 0.730 0.000 -0.073 -0.679 0.910 0.000 -0.414 0.035 
0.996 0.087 0.010 0.003 0.820 0.000 -0.415 -0.395 0.638 0.000 0.265 -0.723 0.769 0.000 -0.577 -0.275 0.661 0.000 0.002 -0.750 0.753 0.000 -0.007 -0.658 0.837 -0.000 -0.531 -0.131 0.730 0.000 -0.072 -0.680 0.914 0.000 -0.403 0.034 
0.996 0.087 0.010 0.003 0.820 -0.000 -0.411 -0.397 0.637 -0.000 0.268 -0.723 0.769 0.000 -0.578 -0.274 0.662 0.000 0.001 -0.749 0.753 0.000 -0.007 -0.658 0.837 0.000 -0.531 -0.131 0.731 0.000 -0.073 -0.679 0.910 0.000 -0.414 0.034 
0.996 0.087 0.010 0.002 0.821 0.000 -0.409 -0.398 0.637 -0.000 0.271 -0.722 0.768 0.000 -0.579 -0.273 0.663 0.000 -0.001 -0.749 0.753 0.000 -0.007 -0.658 0.837 -0.000 -0.531 -0.131 0.731 0.000 -0.072 -0.678 0.915 0.000 -0.403 0.032 
0.996 0.087 0.010 0.002 0.822 0.000 -0.407 -0.400 0.636 0.000 0.274 -0.721 0.768 -0.000 -0.580 -0.272 0.664 0.000 -0.004 -0.748 0.753 0.000 -0.006 -0.658 0.837 0.000 -0.531 -0.132 0.729 -0.000 -0.071 -0.680 0.909 0.000 -0.415 0.036 
0.996 0.087 0.010 0.002 0.822 0.000 -0.404 -0.401 0.635 0.000 0.277 -0.721 0.767 0.000 -0.581 -0.270 0.664 0.000 -0.006 -0.748 0.752 0.000 -0.006 -0.659 0.837 0.000 -0.531 -0.132 0.732 0.000 -0.073 -0.678 0.916 -0.000 -0.401 0.031 
0.996 0.087 0.010 0.002 0.823 0.000 -0.402 -0.402 0.634 0.000 0.280 -0.721 0.767 0.000 -0.582 -0.269 0.664 0.000 -0.007 -0.748 0.752 0.000 -0.006 -0.659 0.837 0.000 -0.531 -0.132 0.731 0.000 -0.072 -0.679 0.910 0.000 -0.413 0.034 
0.996 0.087 0.010 0.002 0.823 0.000 -0.400 -0.403 0.634 0.000 0.283 -0.720 0.767 -0.000 -0.582 -0.268 0.664 -0.000 -0.009 -0.747 0.752 0.000 -0.006 -0.659 0.837 0.000 -0.531 -0.132 0.731 0.000 -0.072 -0.679 0.914 0.000 -0.403 0.033 
0.996 0.087 0.010 0.002 0.824 0.000 -0.399 -0.403 0.633 0.000 0.285 -0.719 0.767 0.000 -0.582 -0.268 0.665 0.000 -0.010 -0.747 0.752 0.000 -0.006 -0.659 0.837 -0.000 -0.531 -0.133 0.731 0.000 -0.071 -0.679 0.910 0.000 -0.414 0.034 
0.996 0.087 0.010 0.002 0.824 0.000 -0.398 -0.404 0.633 0.000 0.288 -0.719 0.768 0.000 -0.582 -0.267 0.665 0.000 -0.011 -0.747 0.752 0.000 -0.005 -0.659 0.837 0.000 -0.531 -0.133 0.731 -0.000 -0.072 -0.678 0.915 0.000 -0.402 0.031 
0.996 0.087 0.010 0.002 0.824 0.000 -0.397 -0.404 0.632 0.000 0.289 -0.719 0.769 0.000 -0.581 -0.267 0.665 0.000 -0.010 -0.747 0.752 0.000 -0.006 -0.659 0.837 0.000 -0.531 -0.133 0.731 0.000 -0.072 -0.679 0.910 0.000 -0.414 0.034 
0.996 0.087 0.010 0.002 0.824 -0.000 -0.397 -0.404 0.631 0.000 0.291 -0.719 0.770 0.000 -0.580 -0.267 0.665 0.000 -0.011 -0.747 0.752 0.000 -0.006 -0.659 0.837 0.000 -0.531 -0.133 0.731 -0.000 -0.072 -0.679 0.915 0.000 -0.402 0.033 
0.996 0.087 0.010 0.002 0.824 0.000 -0.397 -0.404 0.630 0.000 0.292 -0.719 0.770 0.000 -0.579 -0.267 0.665 0.000 -0.011 -0.747 0.752 0.000 -0.006 -0.659 0.837 -0.000 -0.531 -0.133 0.731 0.000 -0.072 -0.678 0.910 0.000 -0.414 0.034 
0.996 0.087 0.010 0.002 0.824 0.000 -0.398 -0.404 0.630 0.000 0.293 -0.720 0.772 -0.000 -0.577 -0.268 0.665 -0.000 -0.009 -0.746 0.752 -0.000 -0.006 -0.659 0.837 -0.000 -0.531 -0.132 0.731 0.000 -0.072 -0.679 0.915 0.000 -0.402 0.033 
0.996 0.087 0.010 0.002 0.823 0.000 -0.399 -0.403 0.629 0.000 0.293 -0.720 0.773 0.000 -0.575 -0.269 0.666 0.000 -0.008 -0.746 0.752 0.000 -0.007 -0.659 0.837 -0.000 -0.531 -0.132 0.731 -0.000 -0.072 -0.679 0.910 0.000 -0.413 0.034 
0.996 0.087 0.010 0.002 0.823 0.000 -0.401 -0.403 0.628 0.000 0.293 -0.721 0.774 -0.000 -0.573 -0.270 0.665 0.000 -0.007 -0.747 0.752 -0.000 -0.007 -0.659 0.837 -0.000 -0.531 -0.132 0.731 0.000 -0.072 -0.679 0.915 0.000 -0.403 0.034 
0.996 0.086 0.009 0.002 0.823 -0.000 -0.403 -0.401 0.628 0.000 0.292 -0.721 0.775 0.000 -0.570 -0.271 0.665 0.000 -0.005 -0.746 0.752 0.000 -0.008 -0.659 0.837 0.000 -0.531 -0.132 0.731 -0.000 -0.073 -0.679 0.910 0.000 -0.413 0.035 
0.996 0.086 0.009 0.002 0.822 0.000 -0.405 -0.400 0.628 0.000 0.291 -0.722 0.777 0.000 -0.568 -0.271 0.664 0.000 -0.004 -0.748 0.753 -0.000 -0.008 -0.658 0.837 0.000 -0.531 -0.131 0.731 0.000 -0.073 -0.679 0.915 0.000 -0.403 0.034 
0.996 0.086 0.009 0.002 0.821 0.000 -0.408 -0.399 0.627 0.000 0.289 -0.723 0.779 0.000 -0.564 -0.274 0.665 0.000 -0.000 -0.747 0.753 0.000 -0.009 -0.658 0.837 0.000 -0.531 -0.131 0.731 -0.000 -0.073 -0.679 0.910 0.000 -0.414 0.035 
0.996 0.086 0.009 0.002 0.821 0.000 -0.411 -0.397 0.626 -0.000 0.286 -0.725 0.780 0.000 -0.562 -0.275 0.664 0.000 0.003 -0.748 0.753 -0.000 -0.009 -0.658 0.837 -0.000 -0.531 -0.131 0.732 0.000 -0.074 -0.678 0.915 0.000 -0.401 0.033 
0.996 0.086 0.009 0.002 0.820 -0.000 -0.414 -0.396 0.626 0.000 0.285 -0.726 0.782 -0.000 -0.558 -0.277 0.664 0.000 0.007 -0.748 0.753 0.000 -0.010 -0.658 0.837 0.000 -0.531 -0.131 0.731 0.000 -0.074 -0.679 0.910 0.000 -0.414 0.036 
0.996 0.085 0.009 0.003 0.819 0.000 -0.418 -0.394 0.626 -0.000 0.282 -0.728 0.784 0.000 -0.555 -0.279 0.663 0.000 0.011 -0.749 0.753 0.000 -0.010 -0.658 0.837 0.000 -0.531 -0.130 0.730 0.000 -0.073 -0.679 0.914 -0.000 -0.404 0.036 
0.996 0.085 0.009 0.003 0.818 0.000 -0.422 -0.391 0.625 0.000 0.279 -0.729 0.786 0.000 -0.551 -0.281 0.662 0.000 0.014 -0.749 0.753 0.000 -0.011 -0.658 0.837 -0.000 -0.531 -0.130 0.730 0.000 -0.074 -0.679 0.909 0.000 -0.414 0.036 
0.996 0.085 0.009 0.003 0.817 0.000 -0.427 -0.389 0.625 0.000 0.275 -0.730 0.788 0.000 -0.547 -0.281 0.661 0.000 0.016 -0.750 0.754 0.000 -0.011 -0.657 0.837 0.000 -0.531 -0.130 0.730 0.000 -0.074 -0.679 0.914 0.000 -0.403 0.035 
0.996 0.085 0.009 0.003 0.815 0.000 -0.431 -0.386 0.625 0.000 0.271 -0.732 0.789 -0.000 -0.545 -0.284 0.660 0.000 0.022 -0.751 0.754 0.000 -0.011 -0.657 0.837 -0.000 -0.531 -0.130 0.731 0.000 -0.074 -0.679 0.910 0.000 -0.414 0.035 
0.996 0.085 0.008 0.004 0.814 0.000 -0.436 -0.384 0.625 -0.000 0.268 -0.734 0.791 0.000 -0.541 -0.285 0.660 0.000 0.026 -0.751 0.754 0.000 -0.011 -0.656 0.837 0.000 -0.531 -0.130 0.730 0.000 -0.074 -0.680 0.914 0.000 -0.403 0.035 
0.996 0.084 0.008 0.004 0.812 0.000 -0.442 -0.381 0.625 -0.000 0.263 -0.735 0.793 0.000 -0.537 -0.287 0.659 0.000 0.031 -0.751 0.755 0.000 -0.011 -0.655 0.837 0.000 -0.531 -0.130 0.730 -0.000 -0.074 -0.680 0.909 0.000 -0.415 0.036 
0.996 0.084 0.008 0.004 0.810 0.000 -0.447 -0.379 0.626 0.000 0.259 -0.736 0.795 -0.000 -0.533 -0.289 0.658 0.000 0.035 -0.752 0.756 0.000 -0.011 -0.654 0.837 0.000 -0.532 -0.131 0.730 0.000 -0.075 -0.679 0.915 0.000 -0.402 0.034 
0.996 0.085 0.007 0.003 0.808 0.000 -0.453 -0.377 0.626 0.000 0.254 -0.738 0.798 0.000 -0.528 -0.291 0.657 0.000 0.041 -0.753 0.753 0.000 -0.012 -0.658 0.838 0.000 -0.531 -0.130 0.730 0.000 -0.073 -0.680 0.909 0.000 -0.415 0.037 
0.996 0.085 0.007 0.004 0.806 0.000 -0.459 -0.374 0.626 0.000 0.249 -0.739 0.800 0.000 -0.524 -0.292 0.657 0.000 0.046 -0.753 0.754 0.000 -0.012 -0.657 0.838 0.000 -0.531 -0.130 0.730 0.000 -0.073 -0.680 0.914 0.000 -0.404 0.036 
0.996 0.085 0.007 0.004 0.804 0.000 -0.465 -0.372 0.627 0.000 0.244 -0.740 0.802 0.000 -0.520 -0.294 0.656 0.000 0.051 -0.753 0.754 0.000 -0.012 -0.657 0.838 0.000 -0.531 -0.130 0.730 0.000 -0.073 -0.680 0.909 0.000 -0.415 0.037 
0.996 0.085 0.007 0.004 0.802 -0.000 -0.470 -0.369 0.627 0.000 0.239 -0.741 0.804 0.000 -0.516 -0.296 0.655 -0.000 0.056 -0.753 0.754 0.000 -0.013 -0.657 0.838 -0.000 -0.530 -0.130 0.730 0.000 -0.073 -0.680 0.914 0.000 -0.404 0.036 
0.996 0.085 0.007 0.004 0.800 0.000 -0.477 -0.365 0.628 0.000 0.232 -0.743 0.806 0.000 -0.512 -0.297 0.655 -0.000 0.060 -0.754 0.754 0.000 -0.013 -0.657 0.838 0.000 -0.530 -0.130 0.729 0.000 -0.072 -0.680 0.909 0.000 -0.416 0.037 
0.996 0.085 0.006 0.004 0.797 0.000 -0.483 -0.363 0.630 0.000 0.226 -0.743 0.808 0.000 -0.508 -0.299 0.654 -0.000 0.064 -0.754 0.754 0.000 -0.013 -0.657 0.838 0.000 -0.530 -0.130 0.729 0.000 -0.072 -0.680 0.914 0.000 -0.404 0.036 
0.996 0.085 0.006 0.004 0.794 0.000 -0.489 -0.361 0.630 -0.000 0.221 -0.744 0.810 -0.000 -0.504 -0.300 0.654 0.000 0.075 -0.753 0.754 0.000 -0.013 -0.657 0.838 -0.000 -0.530 -0.130 0.729 0.000 -0.071 -0.681 0.908 0.000 -0.417 0.037 
0.996 0.085 0.006 0.004 0.792 0.000 -0.495 -0.358 0.631 -0.000 0.215 -0.745 0.812 0.000 -0.500 -0.301 0.653 0.000 0.079 -0.753 0.754 0.000 -0.013 -0.657 0.838 0.000 -0.530 -0.131 0.729 0.000 -0.071 -0.680 0.914 0.000 -0.405 0.036 
0.996 0.085 0.005 0.004 0.789 -0.000 -0.502 -0.354 0.631 0.000 0.206 -0.748 0.814 0.000 -0.496 -0.302 0.653 0.000 0.083 -0.753 0.754 0.000 -0.013 -0.657 0.838 0.000 -0.530 -0.131 0.729 -0.000 -0.071 -0.680 0.908 0.000 -0.417 0.037 
0.996 0.085 0.005 0.004 0.787 0.000 -0.508 -0.351 0.632 -0.000 0.201 -0.748 0.816 0.000 -0.493 -0.302 0.652 0.000 0.086 -0.753 0.754 0.000 -0.012 -0.657 0.838 0.000 -0.530 -0.132 0.729 0.000 -0.070 -0.681 0.913 0.000 -0.406 0.036 
0.996 0.085 0.005 0.004 0.784 -0.000 -0.513 -0.349 0.633 0.000 0.196 -0.749 0.817 0.000 -0.490 -0.303 0.652 0.000 0.089 -0.753 0.754 0.000 -0.012 -0.656 0.838 0.000 -0.530 -0.132 0.729 -0.000 -0.070 -0.681 0.908 0.000 -0.417 0.037 
0.996 0.086 0.005 0.005 0.782 0.000 -0.518 -0.346 0.634 -0.000 0.190 -0.750 0.819 0.000 -0.487 -0.305 0.652 -0.000 0.093 -0.753 0.755 0.000 -0.012 -0.656 0.838 0.000 -0.529 -0.132 0.729 0.000 -0.069 -0.681 0.913 0.000 -0.406 0.035 
0.996 0.086 0.005 0.005 0.779 0.000 -0.524 -0.344 0.635 0.000 0.186 -0.750 0.820 0.000 -0.484 -0.306 0.651 0.000 0.095 -0.753 0.755 -0.000 -0.012 -0.655 0.838 0.000 -0.529 -0.133 0.729 0.000 -0.069 -0.681 0.908 -0.000 -0.417 0.036 
0.996 0.086 0.004 0.005 0.778 -0.000 -0.528 -0.342 0.635 0.000 0.182 -0.750 0.822 0.000 -0.480 -0.306 0.650 0.000 0.098 -0.753 0.755 0.000 -0.012 -0.655 0.838 -0.000 -0.529 -0.133 0.729 0.000 -0.067 -0.681 0.913 0.000 -0.407 0.035 
0.996 0.086 0.004 0.005 0.775 0.000 -0.532 -0.341 0.636 0.000 0.177 -0.751 0.823 0.000 -0.477 -0.307 0.652 -0.000 0.108 -0.751 0.755 -0.000 -0.012 -0.655 0.838 0.000 -0.529 -0.134 0.729 0.000 -0.067 -0.682 0.908 -0.000 -0.418 0.036 
0.996 0.086 0.004 0.005 0.775 0.000 -0.533 -0.339 0.637 0.000 0.174 -0.751 0.825 0.000 -0.475 -0.307 0.651 0.000 0.109 -0.751 0.756 0.000 -0.011 -0.655 0.838 0.000 -0.528 -0.134 0.729 0.000 -0.067 -0.681 0.913 0.000 -0.406 0.034 
0.996 0.087 0.004 0.005 0.771 0.000 -0.539 -0.339 0.638 -0.000 0.169 -0.751 0.826 0.000 -0.473 -0.307 0.651 0.000 0.111 -0.751 0.756 0.000 -0.011 -0.655 0.838 0.000 -0.529 -0.135 0.729 0.000 -0.066 -0.682 0.908 0.000 -0.418 0.035 
0.996 0.087 0.004 0.005 0.769 0.000 -0.541 -0.339 0.639 0.000 0.167 -0.751 0.828 0.000 -0.470 -0.306 0.649 0.000 0.110 -0.753 0.756 0.000 -0.011 -0.655 0.838 -0.000 -0.528 -0.135 0.729 0.000 -0.066 -0.682 0.913 0.000 -0.406 0.034 
0.996 0.087 0.003 0.005 0.768 0.000 -0.544 -0.339 0.641 0.000 0.163 -0.750 0.829 0.000 -0.468 -0.306 0.649 0.000 0.111 -0.753 0.756 0.000 -0.011 -0.655 0.838 -0.000 -0.528 -0.135 0.729 0.000 -0.066 -0.682 0.908 -0.000 -0.418 0.035 
0.996 0.087 0.003 0.006 0.766 0.000 -0.546 -0.339 0.642 0.000 0.161 -0.750 0.830 0.000 -0.467 -0.306 0.650 0.000 0.115 -0.751 0.756 0.000 -0.011 -0.654 0.838 0.000 -0.528 -0.136 0.728 -0.000 -0.065 -0.682 0.913 0.000 -0.407 0.035 
0.996 0.087 0.003 0.006 0.764 0.000 -0.548 -0.339 0.643 0.000 0.159 -0.749 0.831 0.000 -0.465 -0.306 0.650 0.000 0.116 -0.751 0.757 0.000 -0.010 -0.654 0.838 0.000 -0.528 -0.137 0.728 0.000 -0.065 -0.682 0.908 0.000 -0.418 0.035 
0.996 0.087 0.003 0.006 0.763 0.000 -0.550 -0.340 0.644 -0.000 0.157 -0.749 0.832 0.000 -0.463 -0.306 0.650 0.000 0.116 -0.751 0.757 0.000 -0.010 -0.654 0.838 0.000 -0.528 -0.137 0.728 0.000 -0.065 -0.682 0.913 0.000 -0.406 0.034 
0.996 0.088 0.003 0.006 0.762 0.000 -0.552 -0.340 0.645 -0.000 0.155 -0.749 0.833 0.000 -0.462 -0.306 0.650 -0.000 0.117 -0.751 0.757 0.000 -0.010 -0.653 0.838 0.000 -0.528 -0.137 0.729 0.000 -0.065 -0.682 0.908 0.000 -0.418 0.033 
0.996 0.088 0.003 0.006 0.761 -0.000 -0.553 -0.340 0.645 0.000 0.153 -0.748 0.833 0.000 -0.460 -0.306 0.650 0.000 0.117 -0.751 0.757 0.000 -0.009 -0.653 0.838 0.000 -0.528 -0.138 0.728 -0.000 -0.064 -0.682 0.913 -0.000 -0.407 0.033 
0.996 0.088 0.003 0.006 0.760 0.000 -0.554 -0.340 0.646 0.000 0.152 -0.748 0.834 0.000 -0.459 -0.305 0.651 0.000 0.118 -0.750 0.757 0.000 -0.009 -0.653 0.838 0.000 -0.528 -0.138 0.728 0.000 -0.064 -0.683 0.908 0.000 -0.418 0.034 
0.996 0.088 0.003 0.006 0.759 -0.000 -0.554 -0.341 0.647 0.000 0.150 -0.748 0.835 0.000 -0.457 -0.306 0.651 0.000 0.118 -0.750 0.757 0.000 -0.009 -0.653 0.838 0.000 -0.528 -0.138 0.728 0.000 -0.064 -0.683 0.913 0.000 -0.406 0.033 
0.996 0.088 0.004 0.006 0.758 0.000 -0.554 -0.343 0.647 0.000 0.150 -0.747 0.834 0.000 -0.458 -0.307 0.653 0.000 0.120 -0.747 0.757 0.000 -0.008 -0.653 0.838 0.000 -0.528 -0.138 0.728 0.000 -0.064 -0.683 0.908 0.000 -0.418 0.034 
0.996 0.088 0.004 0.006 0.758 0.000 -0.555 -0.343 0.647 -0.000 0.149 -0.748 0.835 0.000 -0.457 -0.306 0.652 0.000 0.119 -0.749 0.757 0.000 -0.008 -0.653 0.838 0.000 -0.528 -0.138 0.728 0.000 -0.064 -0.683 0.913 -0.000 -0.406 0.032 
0.996 0.088 0.004 0.006 0.758 0.000 -0.555 -0.343 0.647 -0.000 0.148 -0.748 0.836 0.000 -0.457 -0.305 0.653 0.000 0.120 -0.748 0.757 0.000 -0.008 -0.653 0.838 0.000 -0.528 -0.138 0.728 0.000 -0.064 -0.683 0.908 0.000 -0.417 0.033 
0.996 0.088 0.004 0.006 0.757 0.000 -0.555 -0.344 0.647 0.000 0.148 -0.748 0.836 -0.000 -0.457 -0.305 0.654 0.000 0.123 -0.747 0.757 0.000 -0.008 -0.653 0.838 0.000 -0.528 -0.138 0.728 -0.000 -0.064 -0.682 0.913 -0.000 -0.406 0.032 
0.996 0.088 0.004 0.006 0.757 0.000 -0.554 -0.346 0.647 0.000 0.149 -0.747 0.836 -0.000 -0.457 -0.304 0.654 0.000 0.122 -0.747 0.757 -0.000 -0.008 -0.653 0.838 -0.000 -0.528 -0.137 0.728 0.000 -0.065 -0.682 0.908 0.000 -0.417 0.033 
0.996 0.089 0.004 0.006 0.758 0.000 -0.552 -0.348 0.648 0.000 0.151 -0.747 0.835 0.000 -0.459 -0.303 0.654 0.000 0.122 -0.747 0.757 0.000 -0.007 -0.653 0.838 0.000 -0.528 -0.137 0.728 0.000 -0.065 -0.683 0.914 0.000 -0.405 0.032 
0.996 0.089 0.005 0.006 0.758 0.000 -0.552 -0.348 0.647 0.000 0.151 -0.747 0.835 0.000 -0.460 -0.302 0.654 0.000 0.122 -0.747 0.757 -0.000 -0.007 -0.653 0.838 -0.000 -0.529 -0.137 0.728 -0.000 -0.065 -0.682 0.909 0.000 -0.416 0.033 
0.996 0.089 0.005 0.006 0.758 0.000 -0.550 -0.350 0.647 0.000 0.151 -0.747 0.835 0.000 -0.461 -0.301 0.652 0.000 0.119 -0.749 0.757 0.000 -0.007 -0.654 0.838 0.000 -0.528 -0.137 0.728 0.000 -0.065 -0.682 0.914 0.000 -0.405 0.031 
0.996 0.089 0.005 0.006 0.759 0.000 -0.548 -0.352 0.647 0.000 0.154 -0.747 0.834 0.000 -0.463 -0.300 0.652 0.000 0.119 -0.749 0.757 -0.000 -0.007 -0.654 0.838 0.000 -0.528 -0.136 0.728 0.000 -0.065 -0.682 0.909 0.000 -0.416 0.032 
0.996 0.089 0.006 0.006 0.760 0.000 -0.545 -0.355 0.647 0.000 0.156 -0.746 0.833 0.000 -0.465 -0.299 0.651 0.000 0.120 -0.749 0.757 0.000 -0.007 -0.654 0.838 0.000 -0.529 -0.136 0.728 0.000 -0.066 -0.682 0.914 0.000 -0.404 0.031 
0.996 0.089 0.006 0.006 0.761 0.000 -0.542 -0.357 0.647 0.000 0.158 -0.746 0.832 0.000 -0.469 -0.297 0.650 0.000 0.119 -0.750 0.756 -0.000 -0.006 -0.654 0.838 0.000 -0.529 -0.136 0.729 -0.000 -0.066 -0.682 0.909 0.000 -0.415 0.031 
0.996 0.089 0.006 0.006 0.762 0.000 -0.539 -0.358 0.646 0.000 0.159 -0.747 0.831 0.000 -0.471 -0.296 0.650 0.000 0.120 -0.750 0.756 0.000 -0.006 -0.654 0.837 0.000 -0.529 -0.135 0.729 0.000 -0.067 -0.681 0.914 0.000 -0.404 0.030 
0.996 0.090 0.007 0.006 0.763 0.000 -0.537 -0.361 0.646 0.000 0.163 -0.746 0.830 0.000 -0.474 -0.295 0.650 -0.000 0.120 -0.750 0.755 0.000 -0.007 -0.656 0.839 0.000 -0.528 -0.132 0.729 0.000 -0.067 -0.681 0.909 -0.000 -0.415 0.031 
0.996 0.089 0.007 0.006 0.764 0.000 -0.533 -0.363 0.645 0.000 0.164 -0.746 0.829 0.000 -0.476 -0.294 0.648 0.000 0.113 -0.753 0.755 0.000 -0.005 -0.655 0.837 0.000 -0.530 -0.134 0.729 -0.000 -0.067 -0.681 0.915 0.000 -0.403 0.030 
0.996 0.090 0.007 0.005 0.766 0.000 -0.529 -0.366 0.645 0.000 0.168 -0.745 0.827 0.000 -0.479 -0.293 0.648 -0.000 0.114 -0.753 0.755 0.000 -0.005 -0.656 0.838 0.000 -0.530 -0.134 0.730 0.000 -0.068 -0.680 0.910 0.000 -0.414 0.030 
0.996 0.090 0.008 0.005 0.766 0.000 -0.526 -0.369 0.645 0.000 0.171 -0.744 0.825 0.000 -0.483 -0.293 0.648 0.000 0.112 -0.753 0.754 0.000 -0.005 -0.656 0.838 0.000 -0.530 -0.133 0.730 0.000 -0.068 -0.680 0.915 0.000 -0.403 0.029 
0.996 0.090 0.008 0.005 0.768 0.000 -0.522 -0.371 0.645 0.000 0.174 -0.744 0.824 0.000 -0.486 -0.291 0.648 0.000 0.113 -0.754 0.754 0.000 -0.004 -0.657 0.838 -0.000 -0.530 -0.133 0.730 0.000 -0.068 -0.680 0.910 0.000 -0.413 0.030 
0.996 0.090 0.009 0.005 0.770 0.000 -0.518 -0.373 0.644 0.000 0.178 -0.744 0.822 -0.000 -0.489 -0.290 0.647 -0.000 0.112 -0.754 0.754 0.000 -0.004 -0.657 0.837 0.000 -0.530 -0.133 0.730 0.000 -0.068 -0.680 0.915 0.000 -0.403 0.029 
0.996 0.090 0.009 0.004 0.771 0.000 -0.513 -0.377 0.645 0.000 0.182 -0.742 0.821 0.000 -0.493 -0.290 0.647 0.000 0.106 -0.755 0.754 0.000 -0.004 -0.657 0.837 -0.000 -0.530 -0.133 0.730 0.000 -0.068 -0.680 0.910 0.000 -0.414 0.030 
0.996 0.090 0.009 0.004 0.772 -0.000 -0.508 -0.381 0.645 0.000 0.186 -0.741 0.820 -0.000 -0.496 -0.288 0.645 0.000 0.104 -0.757 0.753 -0.000 -0.003 -0.658 0.837 0.000 -0.531 -0.133 0.731 -0.000 -0.068 -0.679 0.915 0.000 -0.402 0.028 
0.996 0.090 0.010 0.004 0.774 0.000 -0.504 -0.382 0.644 -0.000 0.189 -0.741 0.817 0.000 -0.500 -0.288 0.646 0.000 0.104 -0.756 0.753 -0.000 -0.003 -0.658 0.837 0.000 -0.531 -0.132 0.731 0.000 -0.069 -0.679 0.910 0.000 -0.413 0.029 
0.996 0.090 0.010 0.003 0.775 0.000 -0.501 -0.385 0.644 0.000 0.192 -0.740 0.815 0.000 -0.504 -0.286 0.646 0.000 0.105 -0.756 0.752 0.000 -0.003 -0.659 0.837 0.000 -0.531 -0.132 0.731 0.000 -0.069 -0.679 0.915 0.000 -0.402 0.028 
0.996 0.091 0.011 0.003 0.776 -0.000 -0.497 -0.388 0.644 0.000 0.195 -0.740 0.813 0.000 -0.508 -0.286 0.648 0.000 0.117 -0.753 0.754 0.000 -0.001 -0.657 0.836 0.000 -0.531 -0.135 0.730 0.000 -0.068 -0.680 0.910 0.000 -0.414 0.029 
0.996 0.091 0.011 0.003 0.779 0.000 -0.492 -0.389 0.643 0.000 0.197 -0.740 0.810 0.000 -0.512 -0.285 0.646 0.000 0.104 -0.756 0.753 -0.000 -0.001 -0.659 0.837 0.000 -0.531 -0.133 0.731 0.000 -0.069 -0.679 0.915 0.000 -0.402 0.027 
0.996 0.091 0.011 0.003 0.779 0.000 -0.488 -0.393 0.644 0.000 0.204 -0.738 0.808 0.000 -0.516 -0.284 0.646 0.000 0.102 -0.756 0.752 -0.000 -0.001 -0.659 0.837 0.000 -0.531 -0.133 0.731 0.000 -0.069 -0.679 0.910 0.000 -0.413 0.028 
0.996 0.092 0.012 0.003 0.781 0.000 -0.485 -0.394 0.643 0.000 0.205 -0.738 0.806 -0.000 -0.520 -0.283 0.646 0.000 0.100 -0.756 0.752 0.000 -0.000 -0.659 0.837 0.000 -0.531 -0.134 0.731 0.000 -0.068 -0.679 0.915 0.000 -0.402 0.027 
0.996 0.092 0.011 0.002 0.782 0.000 -0.481 -0.397 0.642 -0.000 0.208 -0.738 0.804 0.000 -0.523 -0.281 0.646 0.000 0.099 -0.757 0.752 0.000 0.000 -0.660 0.837 0.000 -0.531 -0.134 0.731 0.000 -0.067 -0.679 0.910 0.000 -0.413 0.028 
0.996 0.092 0.012 0.003 0.784 0.000 -0.475 -0.400 0.643 0.000 0.216 -0.735 0.802 0.000 -0.527 -0.280 0.646 0.000 0.093 -0.758 0.752 0.000 0.001 -0.659 0.837 0.000 -0.531 -0.134 0.731 0.000 -0.068 -0.679 0.916 0.000 -0.401 0.027 
0.996 0.093 0.012 0.003 0.785 0.000 -0.472 -0.401 0.642 0.000 0.217 -0.735 0.800 0.000 -0.531 -0.279 0.646 0.000 0.092 -0.757 0.752 0.000 0.002 -0.659 0.837 0.000 -0.531 -0.135 0.732 0.000 -0.068 -0.678 0.911 0.000 -0.411 0.026 
0.996 0.093 0.012 0.002 0.787 0.000 -0.468 -0.403 0.642 0.000 0.221 -0.735 0.799 0.000 -0.534 -0.278 0.647 0.000 0.092 -0.757 0.752 -0.000 0.002 -0.659 0.837 -0.000 -0.531 -0.135 0.732 -0.000 -0.068 -0.678 0.916 0.000 -0.401 0.025 
0.996 0.093 0.013 0.002 0.788 0.000 -0.465 -0.405 0.642 0.000 0.225 -0.733 0.796 0.000 -0.537 -0.277 0.647 0.000 0.088 -0.758 0.752 0.000 0.003 -0.659 0.837 -0.000 -0.531 -0.136 0.731 0.000 -0.067 -0.679 0.911 0.000 -0.412 0.027 
0.996 0.093 0.013 0.002 0.789 0.000 -0.460 -0.407 0.641 0.000 0.229 -0.733 0.795 0.000 -0.540 -0.276 0.647 -0.000 0.085 -0.758 0.752 0.000 0.003 -0.659 0.837 0.000 -0.531 -0.136 0.731 0.000 -0.067 -0.679 0.916 0.000 -0.401 0.026 
0.996 0.094 0.013 0.002 0.790 -0.000 -0.457 -0.408 0.641 -0.000 0.233 -0.731 0.793 0.000 -0.543 -0.275 0.647 0.000 0.082 -0.758 0.752 0.000 0.004 -0.659 0.837 0.000 -0.531 -0.137 0.731 0.000 -0.066 -0.679 0.911 0.000 -0.412 0.026 
0.995 0.094 0.013 0.002 0.791 0.000 -0.454 -0.411 0.641 0.000 0.237 -0.730 0.792 0.000 -0.545 -0.274 0.647 0.000 0.081 -0.758 0.752 -0.000 0.005 -0.659 0.837 -0.000 -0.530 -0.139 0.730 -0.000 -0.065 -0.680 0.915 -0.000 -0.402 0.026 
0.995 0.094 0.013 0.002 0.792 -0.000 -0.450 -0.413 0.641 -0.000 0.240 -0.729 0.790 0.000 -0.549 -0.273 0.648 -0.000 0.077 -0.758 0.752 0.000 0.005 -0.659 0.837 0.000 -0.530 -0.138 0.731 0.000 -0.065 -0.679 0.911 0.000 -0.412 0.026 
0.995 0.095 0.013 0.002 0.793 0.000 -0.447 -0.414 0.640 0.000 0.243 -0.729 0.789 0.000 -0.551 -0.272 0.648 0.000 0.073 -0.758 0.752 0.000 0.006 -0.659 0.837 -0.000 -0.530 -0.139 0.732 0.000 -0.065 -0.678 0.916 0.000 -0.401 0.023 
0.995 0.095 0.014 0.002 0.794 0.000 -0.443 -0.416 0.640 0.000 0.246 -0.728 0.788 0.000 -0.553 -0.270 0.649 0.000 0.071 -0.758 0.752 0.000 0.006 -0.659 0.837 -0.000 -0.530 -0.139 0.731 0.000 -0.065 -0.679 0.911 0.000 -0.412 0.025 
0.995 0.095 0.014 0.002 0.795 0.000 -0.440 -0.417 0.640 -0.000 0.249 -0.727 0.788 0.000 -0.554 -0.269 0.649 0.000 0.067 -0.758 0.752 0.000 0.007 -0.659 0.836 -0.000 -0.530 -0.140 0.731 0.000 -0.065 -0.679 0.916 0.000 -0.401 0.024 
0.995 0.095 0.014 0.002 0.796 0.000 -0.437 -0.418 0.639 -0.000 0.252 -0.726 0.786 0.000 -0.556 -0.269 0.650 0.000 0.065 -0.757 0.752 -0.000 0.008 -0.659 0.836 0.000 -0.530 -0.140 0.732 0.000 -0.064 -0.678 0.911 -0.000 -0.411 0.023 
0.995 0.096 0.014 0.002 0.797 0.000 -0.435 -0.420 0.639 0.000 0.256 -0.725 0.786 0.000 -0.558 -0.268 0.650 0.000 0.063 -0.757 0.752 0.000 0.008 -0.659 0.836 -0.000 -0.530 -0.140 0.732 0.000 -0.065 -0.678 0.917 -0.000 -0.399 0.022 
0.995 0.096 0.014 0.002 0.798 -0.000 -0.430 -0.421 0.639 -0.000 0.259 -0.724 0.785 -0.000 -0.558 -0.268 0.651 0.000 0.059 -0.757 0.752 0.000 0.008 -0.659 0.836 0.000 -0.530 -0.140 0.731 0.000 -0.064 -0.679 0.911 0.000 -0.412 0.024 
0.995 0.096 0.014 0.002 0.799 0.000 -0.428 -0.422 0.639 0.000 0.260 -0.723 0.785 0.000 -0.559 -0.267 0.652 -0.000 0.056 -0.756 0.752 0.000 0.008 -0.659 0.836 0.000 -0.530 -0.140 0.732 0.000 -0.064 -0.679 0.916 0.000 -0.401 0.023 
0.995 0.096 0.014 0.002 0.800 0.000 -0.426 -0.423 0.640 0.000 0.265 -0.722 0.785 0.000 -0.559 -0.267 0.653 0.000 0.055 -0.756 0.752 0.000 0.008 -0.659 0.836 0.000 -0.530 -0.140 0.732 0.000 -0.064 -0.679 0.911 0.000 -0.411 0.024 
0.995 0.096 0.014 0.002 0.800 0.000 -0.425 -0.424 0.640 0.000 0.268 -0.720 0.786 0.000 -0.558 -0.267 0.653 -0.000 0.052 -0.756 0.752 0.000 0.008 -0.659 0.836 0.000 -0.530 -0.140 0.732 0.000 -0.064 -0.678 0.916 0.000 -0.400 0.021 
0.995 0.096 0.014 0.002 0.801 0.000 -0.423 -0.424 0.640 -0.000 0.270 -0.720 0.786 0.000 -0.558 -0.266 0.653 0.000 0.042 -0.757 0.752 0.000 0.009 -0.659 0.836 0.000 -0.530 -0.140 0.732 0.000 -0.063 -0.679 0.911 0.000 -0.411 0.023 
0.995 0.096 0.014 0.001 0.801 0.000 -0.421 -0.425 0.640 0.000 0.273 -0.719 0.787 0.000 -0.556 -0.267 0.654 0.000 0.049 -0.755 0.751 0.000 0.009 -0.660 0.836 0.000 -0.530 -0.140 0.733 0.000 -0.064 -0.677 0.917 0.000 -0.399 0.020 
0.995 0.096 0.014 0.002 0.802 0.000 -0.420 -0.425 0.639 -0.000 0.275 -0.718 0.788 0.000 -0.555 -0.267 0.654 0.000 0.047 -0.755 0.751 0.000 0.009 -0.660 0.836 0.000 -0.530 -0.140 0.732 -0.000 -0.063 -0.678 0.911 0.000 -0.411 0.023 
0.995 0.096 0.014 0.002 0.802 0.000 -0.419 -0.425 0.639 0.000 0.277 -0.718 0.789 0.000 -0.553 -0.268 0.655 -0.000 0.047 -0.754 0.752 0.000 0.009 -0.660 0.836 -0.000 -0.530 -0.140 0.733 0.000 -0.064 -0.677 0.917 0.000 -0.399 0.020 
0.995 0.096 0.014 0.002 0.802 0.000 -0.419 -0.425 0.639 0.000 0.277 -0.718 0.790 0.000 -0.551 -0.269 0.655 0.000 0.048 -0.754 0.751 0.000 0.009 -0.660 0.837 0.000 -0.530 -0.140 0.732 0.000 -0.063 -0.678 0.911 -0.000 -0.411 0.023 
0.995 0.096 0.014 0.002 0.802 0.000 -0.419 -0.425 0.639 0.000 0.280 -0.717 0.791 0.000 -0.549 -0.270 0.656 -0.000 0.048 -0.753 0.751 0.000 0.009 -0.660 0.836 0.000 -0.530 -0.140 0.733 0.000 -0.064 -0.677 0.916 -0.000 -0.400 0.021 
0.995 0.096 0.014 0.002 0.802 0.000 -0.420 -0.424 0.638 0.000 0.280 -0.718 0.792 0.000 -0.547 -0.271 0.656 -0.000 0.051 -0.753 0.751 0.000 0.009 -0.660 0.836 0.000 -0.530 -0.139 0.733 0.000 -0.064 -0.677 0.912 0.000 -0.410 0.021 
0.995 0.096 0.014 0.002 0.802 0.000 -0.420 -0.424 0.637 0.000 0.281 -0.717 0.793 0.000 -0.545 -0.272 0.656 0.000 0.052 -0.753 0.751 -0.000 0.008 -0.660 0.836 0.000 -0.530 -0.139 0.732 0.000 -0.064 -0.678 0.916 0.000 -0.400 0.022 
0.995 0.096 0.014 0.002 0.802 0.000 -0.421 -0.424 0.638 0.000 0.283 -0.717 0.795 0.000 -0.542 -0.273 0.657 0.000 0.054 -0.752 0.751 0.000 0.008 -0.660 0.837 -0.000 -0.530 -0.139 0.732 0.000 -0.064 -0.678 0.911 0.000 -0.411 0.023 
0.995 0.096 0.014 0.002 0.801 0.000 -0.423 -0.422 0.637 0.000 0.283 -0.717 0.796 0.000 -0.539 -0.274 0.657 -0.000 0.056 -0.752 0.751 0.000 0.008 -0.660 0.837 0.000 -0.530 -0.139 0.733 -0.000 -0.064 -0.678 0.916 -0.000 -0.400 0.022 
0.995 0.096 0.014 0.002 0.801 0.000 -0.425 -0.421 0.637 -0.000 0.283 -0.717 0.798 -0.000 -0.536 -0.275 0.656 -0.000 0.057 -0.753 0.751 0.000 0.007 -0.660 0.837 0.000 -0.530 -0.138 0.732 0.000 -0.065 -0.678 0.911 0.000 -0.412 0.023 
0.995 0.095 0.014 0.001 0.801 0.000 -0.426 -0.420 0.637 0.000 0.282 -0.717 0.800 0.000 -0.533 -0.275 0.655 0.000 0.059 -0.753 0.751 0.000 0.007 -0.660 0.837 0.000 -0.530 -0.138 0.732 0.000 -0.065 -0.678 0.916 0.000 -0.401 0.023 
0.995 0.095 0.014 0.002 0.801 0.000 -0.428 -0.419 0.637 0.000 0.282 -0.717 0.800 0.000 -0.532 -0.278 0.656 0.000 0.064 -0.752 0.751 0.000 0.006 -0.660 0.837 0.000 -0.530 -0.138 0.732 0.000 -0.066 -0.678 0.911 0.000 -0.411 0.023 
0.995 0.095 0.014 0.001 0.800 0.000 -0.431 -0.417 0.637 -0.000 0.280 -0.718 0.802 0.000 -0.528 -0.279 0.656 0.000 0.067 -0.752 0.751 0.000 0.006 -0.660 0.837 -0.000 -0.530 -0.137 0.733 -0.000 -0.066 -0.677 0.916 0.000 -0.400 0.023 
0.995 0.095 0.014 0.001 0.799 0.000 -0.435 -0.415 0.637 0.000 0.280 -0.718 0.803 -0.000 -0.526 -0.281 0.656 0.000 0.070 -0.752 0.751 0.000 0.005 -0.660 0.837 0.000 -0.530 -0.137 0.733 -0.000 -0.066 -0.677 0.911 -0.000 -0.411 0.024 
0.995 0.094 0.013 0.002 0.798 0.000 -0.438 -0.413 0.637 -0.000 0.277 -0.719 0.805 0.000 -0.522 -0.282 0.655 0.000 0.073 -0.752 0.752 0.000 0.005 -0.659 0.837 0.000 -0.530 -0.138 0.731 0.000 -0.066 -0.679 0.916 0.000 -0.401 0.025 
0.995 0.094 0.014 0.002 0.798 0.000 -0.441 -0.411 0.637 -0.000 0.275 -0.720 0.807 0.000 -0.519 -0.283 0.655 0.000 0.076 -0.752 0.752 0.000 0.004 -0.659 0.837 0.000 -0.530 -0.136 0.732 0.000 -0.067 -0.678 0.911 0.000 -0.411 0.025 
0.995 0.094 0.014 0.001 0.797 0.000 -0.445 -0.409 0.637 0.000 0.272 -0.722 0.808 0.000 -0.515 -0.285 0.655 0.000 0.080 -0.752 0.752 0.000 0.004 -0.659 0.837 -0.000 -0.530 -0.136 0.733 0.000 -0.068 -0.677 0.917 -0.000 -0.399 0.022 
0.996 0.094 0.014 0.002 0.796 0.000 -0.449 -0.406 0.637 0.000 0.269 -0.723 0.810 0.000 -0.512 -0.286 0.655 0.000 0.083 -0.751 0.752 0.000 0.003 -0.659 0.837 -0.000 -0.530 -0.136 0.732 0.000 -0.067 -0.678 0.911 0.000 -0.411 0.025 
0.996 0.093 0.013 0.002 0.794 0.000 -0.454 -0.404 0.636 0.000 0.264 -0.725 0.812 -0.000 -0.508 -0.288 0.654 0.000 0.087 -0.751 0.751 0.000 0.002 -0.660 0.838 0.000 -0.530 -0.134 0.732 -0.000 -0.068 -0.678 0.916 0.000 -0.401 0.025 
0.996 0.093 0.013 0.002 0.792 0.000 -0.460 -0.401 0.636 0.000 0.263 -0.725 0.813 0.000 -0.504 -0.289 0.654 -0.000 0.090 -0.751 0.751 0.000 0.002 -0.660 0.838 0.000 -0.529 -0.134 0.732 -0.000 -0.068 -0.678 0.911 0.000 -0.412 0.026 
0.996 0.093 0.013 0.002 0.791 0.000 -0.464 -0.399 0.636 0.000 0.258 -0.727 0.815 0.000 -0.501 -0.291 0.654 0.000 0.093 -0.751 0.751 0.000 0.001 -0.660 0.838 0.000 -0.529 -0.133 0.732 0.000 -0.068 -0.678 0.916 -0.000 -0.401 0.026 
0.996 0.093 0.013 0.002 0.790 0.000 -0.469 -0.396 0.636 0.000 0.253 -0.729 0.817 0.000 -0.497 -0.292 0.654 0.000 0.097 -0.750 0.752 0.000 0.002 -0.659 0.837 0.000 -0.530 -0.135 0.732 0.000 -0.068 -0.678 0.911 0.000 -0.412 0.026 
0.996 0.093 0.013 0.002 0.788 0.000 -0.474 -0.393 0.636 -0.000 0.249 -0.730 0.818 0.000 -0.494 -0.294 0.654 0.000 0.101 -0.750 0.752 0.000 0.002 -0.659 0.837 -0.000 -0.530 -0.136 0.732 0.000 -0.068 -0.678 0.916 -0.000 -0.401 0.026 
0.996 0.093 0.013 0.002 0.786 0.000 -0.478 -0.392 0.637 0.000 0.247 -0.730 0.820 0.000 -0.490 -0.295 0.653 0.000 0.101 -0.751 0.752 0.000 0.001 -0.659 0.837 -0.000 -0.530 -0.135 0.732 -0.000 -0.068 -0.678 0.911 0.000 -0.412 0.027 
0.996 0.093 0.013 0.002 0.784 0.000 -0.483 -0.389 0.637 0.000 0.243 -0.731 0.822 -0.000 -0.487 -0.297 0.654 0.000 0.111 -0.749 0.753 0.000 0.001 -0.659 0.837 0.000 -0.530 -0.135 0.732 0.000 -0.068 -0.678 0.916 0.000 -0.401 0.025 
0.996 0.093 0.012 0.002 0.782 0.000 -0.488 -0.387 0.637 0.000 0.239 -0.732 0.824 0.000 -0.483 -0.298 0.653 0.000 0.114 -0.749 0.753 0.000 0.002 -0.658 0.837 0.000 -0.530 -0.136 0.730 0.000 -0.067 -0.680 0.911 0.000 -0.412 0.028 
0.996 0.093 0.013 0.002 0.781 0.000 -0.493 -0.384 0.638 0.000 0.235 -0.734 0.825 0.000 -0.479 -0.299 0.653 0.000 0.117 -0.749 0.752 0.000 0.001 -0.659 0.838 0.000 -0.530 -0.134 0.731 0.000 -0.067 -0.679 0.916 0.000 -0.401 0.026 
0.996 0.093 0.012 0.002 0.779 0.000 -0.498 -0.382 0.638 0.000 0.232 -0.735 0.827 -0.000 -0.475 -0.301 0.652 0.000 0.119 -0.749 0.753 -0.000 0.002 -0.658 0.837 -0.000 -0.530 -0.136 0.732 0.000 -0.067 -0.678 0.911 0.000 -0.412 0.026 
0.996 0.093 0.012 0.002 0.779 0.000 -0.500 -0.378 0.637 0.000 0.229 -0.736 0.828 0.000 -0.472 -0.302 0.651 -0.000 0.120 -0.749 0.753 0.000 0.002 -0.658 0.837 0.000 -0.530 -0.136 0.732 -0.000 -0.068 -0.678 0.916 0.000 -0.400 0.024 
0.996 0.094 0.011 0.002 0.775 0.000 -0.506 -0.377 0.638 0.000 0.224 -0.737 0.830 0.000 -0.468 -0.302 0.651 0.000 0.123 -0.749 0.753 0.000 0.002 -0.659 0.837 0.000 -0.530 -0.137 0.731 0.000 -0.065 -0.679 0.910 0.000 -0.413 0.027 
0.996 0.094 0.012 0.002 0.774 -0.000 -0.512 -0.373 0.636 0.000 0.219 -0.740 0.831 -0.000 -0.465 -0.304 0.652 0.000 0.132 -0.747 0.753 0.000 0.003 -0.658 0.837 -0.000 -0.530 -0.138 0.731 0.000 -0.065 -0.679 0.915 0.000 -0.402 0.026 
0.995 0.094 0.011 0.002 0.772 0.000 -0.515 -0.372 0.636 0.000 0.216 -0.741 0.832 0.000 -0.463 -0.304 0.651 0.000 0.132 -0.747 0.753 0.000 0.003 -0.658 0.837 0.000 -0.529 -0.138 0.732 -0.000 -0.065 -0.678 0.911 0.000 -0.411 0.024 
0.995 0.095 0.011 0.002 0.771 0.000 -0.519 -0.370 0.637 -0.000 0.214 -0.741 0.835 0.000 -0.459 -0.305 0.650 0.000 0.133 -0.748 0.753 0.000 0.004 -0.658 0.837 0.000 -0.529 -0.139 0.731 0.000 -0.064 -0.680 0.915 0.000 -0.402 0.025 
0.995 0.095 0.011 0.002 0.769 0.000 -0.522 -0.369 0.637 0.000 0.211 -0.742 0.836 0.000 -0.456 -0.306 0.649 0.000 0.134 -0.749 0.753 0.000 0.004 -0.658 0.837 0.000 -0.529 -0.139 0.732 0.000 -0.063 -0.679 0.911 0.000 -0.413 0.024 
0.995 0.095 0.011 0.003 0.767 0.000 -0.526 -0.368 0.637 0.000 0.210 -0.741 0.836 0.000 -0.454 -0.307 0.650 0.000 0.136 -0.747 0.754 -0.000 0.004 -0.657 0.837 0.000 -0.529 -0.140 0.731 0.000 -0.062 -0.680 0.915 -0.000 -0.403 0.025 
0.995 0.095 0.011 0.003 0.766 -0.000 -0.529 -0.367 0.638 0.000 0.207 -0.742 0.837 0.000 -0.452 -0.308 0.650 -0.000 0.137 -0.748 0.754 -0.000 0.005 -0.657 0.837 -0.000 -0.529 -0.140 0.731 0.000 -0.062 -0.680 0.910 0.000 -0.414 0.025 
0.995 0.096 0.010 0.003 0.764 0.000 -0.531 -0.366 0.638 0.000 0.204 -0.742 0.838 -0.000 -0.450 -0.309 0.650 0.000 0.137 -0.747 0.754 -0.000 0.005 -0.657 0.837 0.000 -0.529 -0.141 0.731 0.000 -0.061 -0.680 0.915 0.000 -0.403 0.024 
0.995 0.095 0.010 0.003 0.763 0.000 -0.534 -0.364 0.639 0.000 0.201 -0.743 0.839 0.000 -0.449 -0.309 0.650 -0.000 0.137 -0.747 0.754 0.000 0.005 -0.657 0.837 0.000 -0.529 -0.141 0.730 -0.000 -0.061 -0.680 0.910 0.000 -0.414 0.025 
0.995 0.096 0.010 0.003 0.762 0.000 -0.536 -0.363 0.639 0.000 0.198 -0.743 0.839 0.000 -0.448 -0.309 0.650 -0.000 0.138 -0.747 0.754 0.000 0.005 -0.657 0.837 0.000 -0.529 -0.141 0.730 0.000 -0.061 -0.680 0.915 0.000 -0.403 0.024 
0.995 0.096 0.010 0.004 0.762 0.000 -0.538 -0.362 0.639 -0.000 0.195 -0.744 0.840 0.000 -0.446 -0.310 0.650 0.000 0.139 -0.747 0.754 0.000 0.006 -0.657 0.837 0.000 -0.529 -0.142 0.730 0.000 -0.061 -0.680 0.910 -0.000 -0.414 0.024 
0.995 0.096 0.010 0.004 0.761 0.000 -0.539 -0.361 0.640 0.000 0.193 -0.744 0.840 -0.000 -0.445 -0.310 0.650 0.000 0.138 -0.747 0.754 0.000 0.005 -0.657 0.837 -0.000 -0.528 -0.142 0.731 0.000 -0.060 -0.680 0.915 0.000 -0.403 0.023 
0.995 0.096 0.010 0.004 0.760 0.000 -0.540 -0.361 0.640 0.000 0.191 -0.744 0.841 0.000 -0.444 -0.310 0.650 -0.000 0.138 -0.748 0.755 0.000 0.006 -0.656 0.837 -0.000 -0.528 -0.142 0.730 0.000 -0.060 -0.680 0.910 0.000 -0.414 0.024 
0.995 0.096 0.010 0.004 0.760 0.000 -0.541 -0.360 0.641 0.000 0.189 -0.744 0.840 0.000 -0.445 -0.310 0.650 0.000 0.136 -0.747 0.755 0.000 0.006 -0.656 0.837 0.000 -0.528 -0.142 0.730 0.000 -0.060 -0.680 0.915 0.000 -0.403 0.023 
0.995 0.096 0.011 0.003 0.760 0.000 -0.541 -0.360 0.641 0.000 0.186 -0.744 0.840 0.000 -0.445 -0.309 0.650 -0.000 0.135 -0.748 0.756 -0.000 0.007 -0.654 0.837 0.000 -0.529 -0.143 0.732 -0.000 -0.061 -0.679 0.910 0.000 -0.414 0.022 
0.995 0.095 0.010 0.004 0.760 0.000 -0.541 -0.360 0.642 0.000 0.186 -0.744 0.841 -0.000 -0.445 -0.309 0.650 0.000 0.138 -0.747 0.755 0.000 0.005 -0.656 0.837 0.000 -0.528 -0.142 0.730 -0.000 -0.061 -0.680 0.915 0.000 -0.403 0.023 
0.995 0.095 0.010 0.004 0.760 0.000 -0.541 -0.360 0.643 0.000 0.185 -0.744 0.840 0.000 -0.446 -0.309 0.650 0.000 0.138 -0.747 0.755 0.000 0.005 -0.656 0.837 0.000 -0.528 -0.142 0.730 0.000 -0.061 -0.680 0.910 0.000 -0.414 0.024 
0.995 0.095 0.010 0.004 0.760 0.000 -0.541 -0.360 0.643 0.000 0.184 -0.743 0.840 0.000 -0.447 -0.309 0.651 0.000 0.137 -0.747 0.755 0.000 0.005 -0.656 0.837 0.000 -0.528 -0.141 0.730 0.000 -0.061 -0.680 0.915 0.000 -0.403 0.023 
0.995 0.095 0.010 0.004 0.761 0.000 -0.540 -0.360 0.643 0.000 0.184 -0.743 0.839 0.000 -0.448 -0.308 0.651 0.000 0.137 -0.747 0.755 -0.000 0.005 -0.655 0.837 -0.000 -0.528 -0.141 0.730 0.000 -0.061 -0.680 0.910 0.000 -0.414 0.024 
0.995 0.095 0.010 0.004 0.761 0.000 -0.539 -0.361 0.643 0.000 0.184 -0.743 0.838 0.000 -0.450 -0.308 0.651 -0.000 0.137 -0.747 0.755 0.000 0.005 -0.655 0.837 0.000 -0.529 -0.141 0.730 0.000 -0.062 -0.680 0.915 -0.000 -0.402 0.023 
0.995 0.095 0.010 0.004 0.762 0.000 -0.537 -0.362 0.644 0.000 0.185 -0.742 0.837 -0.000 -0.453 -0.307 0.651 0.000 0.137 -0.747 0.755 0.000 0.004 -0.655 0.837 -0.000 -0.529 -0.140 0.730 0.000 -0.062 -0.680 0.910 0.000 -0.413 0.024 
0.995 0.095 0.010 0.004 0.763 0.000 -0.535 -0.362 0.643 0.000 0.185 -0.743 0.836 0.000 -0.455 -0.306 0.651 0.000 0.136 -0.747 0.755 -0.000 0.004 -0.656 0.837 -0.000 -0.529 -0.140 0.730 -0.000 -0.063 -0.680 0.915 0.000 -0.402 0.023 
0.995 0.095 0.010 0.004 0.763 -0.000 -0.534 -0.363 0.644 0.000 0.186 -0.742 0.835 0.000 -0.457 -0.305 0.651 0.000 0.135 -0.747 0.755 0.000 0.004 -0.656 0.837 0.000 -0.529 -0.140 0.731 0.000 -0.063 -0.680 0.910 0.000 -0.413 0.024 
0.995 0.095 0.010 0.004 0.764 0.000 -0.532 -0.364 0.643 0.000 0.187 -0.742 0.834 -0.000 -0.460 -0.304 0.650 0.000 0.134 -0.748 0.755 0.000 0.004 -0.656 0.837 0.000 -0.529 -0.140 0.731 0.000 -0.063 -0.680 0.915 0.000 -0.402 0.023 
0.995 0.095 0.010 0.004 0.766 0.000 -0.530 -0.365 0.643 0.000 0.189 -0.742 0.833 0.000 -0.463 -0.303 0.650 0.000 0.134 -0.748 0.755 0.000 0.004 -0.656 0.837 0.000 -0.529 -0.139 0.731 0.000 -0.063 -0.680 0.910 -0.000 -0.413 0.024 
0.995 0.095 0.010 0.004 0.767 0.000 -0.528 -0.366 0.643 -0.000 0.190 -0.742 0.832 0.000 -0.466 -0.302 0.650 -0.000 0.133 -0.748 0.754 0.000 0.003 -0.656 0.837 -0.000 -0.529 -0.139 0.731 0.000 -0.063 -0.680 0.915 0.000 -0.402 0.023 
0.995 0.095 0.011 0.004 0.770 0.000 -0.521 -0.368 0.642 0.000 0.194 -0.742 0.831 0.000 -0.469 -0.300 0.649 0.000 0.132 -0.749 0.754 0.000 0.003 -0.657 0.837 0.000 -0.529 -0.138 0.731 0.000 -0.064 -0.679 0.911 0.000 -0.413 0.024 
0.995 0.095 0.011 0.004 0.770 0.000 -0.520 -0.370 0.642 0.000 0.194 -0.742 0.829 0.000 -0.472 -0.300 0.650 0.000 0.132 -0.749 0.754 0.000 0.003 -0.657 0.837 0.000 -0.529 -0.138 0.731 0.000 -0.064 -0.679 0.915 0.000 -0.402 0.024 
0.995 0.094 0.011 0.003 0.771 0.000 -0.518 -0.371 0.641 0.000 0.197 -0.742 0.828 0.000 -0.475 -0.298 0.648 0.000 0.125 -0.751 0.753 0.000 0.003 -0.657 0.837 -0.000 -0.529 -0.138 0.731 0.000 -0.064 -0.679 0.911 0.000 -0.413 0.024 
0.995 0.094 0.011 0.003 0.772 0.000 -0.515 -0.373 0.641 0.000 0.198 -0.742 0.826 0.000 -0.479 -0.297 0.648 0.000 0.124 -0.751 0.753 0.000 0.003 -0.658 0.837 0.000 -0.529 -0.137 0.731 -0.000 -0.064 -0.679 0.915 0.000 -0.402 0.024 
0.995 0.094 0.011 0.003 0.773 -0.000 -0.512 -0.375 0.641 0.000 0.202 -0.740 0.824 0.000 -0.483 -0.296 0.648 0.000 0.122 -0.752 0.753 0.000 0.003 -0.658 0.837 0.000 -0.530 -0.137 0.731 0.000 -0.064 -0.679 0.911 0.000 -0.413 0.025 
0.995 0.095 0.011 0.003 0.774 0.000 -0.509 -0.376 0.640 0.000 0.204 -0.741 0.822 0.000 -0.486 -0.295 0.648 0.000 0.121 -0.752 0.753 0.000 0.004 -0.658 0.837 -0.000 -0.530 -0.137 0.731 0.000 -0.064 -0.679 0.916 0.000 -0.402 0.023 
0.995 0.095 0.012 0.003 0.776 0.000 -0.504 -0.379 0.640 0.000 0.207 -0.740 0.821 0.000 -0.490 -0.294 0.647 0.000 0.118 -0.753 0.753 0.000 0.004 -0.658 0.837 0.000 -0.530 -0.137 0.731 0.000 -0.065 -0.679 0.911 0.000 -0.412 0.024 
0.995 0.095 0.012 0.003 0.777 0.000 -0.501 -0.380 0.641 0.000 0.210 -0.738 0.819 0.000 -0.494 -0.293 0.647 0.000 0.117 -0.754 0.753 0.000 0.004 -0.658 0.837 0.000 -0.530 -0.137 0.732 0.000 -0.065 -0.679 0.916 -0.000 -0.401 0.023 
0.995 0.095 0.012 0.003 0.780 0.000 -0.497 -0.382 0.640 0.000 0.211 -0.738 0.817 -0.000 -0.497 -0.292 0.646 0.000 0.110 -0.755 0.753 0.000 0.004 -0.658 0.837 0.000 -0.530 -0.137 0.732 0.000 -0.065 -0.679 0.911 0.000 -0.412 0.023 
0.995 0.095 0.012 0.003 0.781 0.000 -0.493 -0.383 0.640 0.000 0.214 -0.738 0.815 0.000 -0.500 -0.291 0.647 0.000 0.110 -0.755 0.753 -0.000 0.005 -0.659 0.837 0.000 -0.530 -0.137 0.732 -0.000 -0.065 -0.679 0.916 0.000 -0.401 0.023 
0.995 0.096 0.013 0.002 0.782 0.000 -0.491 -0.384 0.639 -0.000 0.214 -0.739 0.814 0.000 -0.503 -0.291 0.647 0.000 0.109 -0.755 0.754 0.000 0.006 -0.657 0.836 -0.000 -0.530 -0.139 0.732 -0.000 -0.064 -0.678 0.911 0.000 -0.412 0.022 
0.995 0.096 0.012 0.003 0.784 0.000 -0.488 -0.385 0.639 0.000 0.216 -0.739 0.812 0.000 -0.507 -0.290 0.647 -0.000 0.107 -0.755 0.752 0.000 0.006 -0.659 0.837 -0.000 -0.530 -0.138 0.732 -0.000 -0.064 -0.679 0.916 0.000 -0.401 0.022 
0.995 0.096 0.013 0.003 0.785 0.000 -0.484 -0.386 0.639 0.000 0.219 -0.738 0.810 -0.000 -0.510 -0.289 0.646 0.000 0.105 -0.756 0.752 0.000 0.006 -0.659 0.837 0.000 -0.529 -0.137 0.732 0.000 -0.064 -0.679 0.911 -0.000 -0.412 0.023 
0.995 0.096 0.013 0.003 0.787 0.000 -0.481 -0.387 0.638 0.000 0.220 -0.738 0.809 0.000 -0.513 -0.288 0.646 0.000 0.102 -0.756 0.752 -0.000 0.006 -0.660 0.837 -0.000 -0.529 -0.137 0.732 0.000 -0.063 -0.679 0.916 0.000 -0.401 0.022 
0.995 0.096 0.013 0.002 0.789 0.000 -0.475 -0.389 0.638 0.000 0.222 -0.737 0.807 -0.000 -0.516 -0.287 0.646 0.000 0.101 -0.756 0.752 0.000 0.007 -0.659 0.837 0.000 -0.530 -0.139 0.733 0.000 -0.064 -0.677 0.912 -0.000 -0.410 0.020 
0.995 0.097 0.013 0.002 0.790 0.000 -0.473 -0.390 0.638 -0.000 0.223 -0.738 0.806 0.000 -0.518 -0.285 0.646 0.000 0.096 -0.758 0.752 0.000 0.008 -0.659 0.837 0.000 -0.530 -0.139 0.732 0.000 -0.063 -0.679 0.916 0.000 -0.401 0.021 
0.995 0.097 0.013 0.002 0.792 0.000 -0.470 -0.390 0.637 0.000 0.224 -0.737 0.804 0.000 -0.522 -0.286 0.647 0.000 0.096 -0.756 0.752 -0.000 0.008 -0.659 0.836 0.000 -0.530 -0.140 0.732 0.000 -0.062 -0.679 0.911 0.000 -0.412 0.022 
0.995 0.097 0.013 0.002 0.794 0.000 -0.465 -0.391 0.637 0.000 0.227 -0.736 0.802 0.000 -0.524 -0.285 0.647 0.000 0.095 -0.756 0.752 0.000 0.009 -0.659 0.836 0.000 -0.530 -0.140 0.732 0.000 -0.062 -0.679 0.916 0.000 -0.401 0.021 
0.995 0.097 0.014 0.002 0.795 0.000 -0.464 -0.392 0.637 0.000 0.226 -0.737 0.801 0.000 -0.527 -0.284 0.647 0.000 0.093 -0.757 0.752 0.000 0.009 -0.659 0.836 0.000 -0.530 -0.141 0.732 0.000 -0.062 -0.679 0.911 0.000 -0.412 0.022 
0.995 0.097 0.014 0.002 0.796 0.000 -0.460 -0.393 0.637 0.000 0.227 -0.737 0.800 0.000 -0.529 -0.284 0.649 -0.000 0.098 -0.755 0.752 0.000 0.010 -0.659 0.837 -0.000 -0.529 -0.141 0.732 0.000 -0.062 -0.678 0.916 0.000 -0.401 0.021 
0.995 0.098 0.014 0.002 0.797 0.000 -0.458 -0.394 0.637 0.000 0.230 -0.736 0.799 0.000 -0.531 -0.284 0.649 0.000 0.093 -0.755 0.752 0.000 0.010 -0.659 0.836 0.000 -0.529 -0.142 0.733 -0.000 -0.062 -0.678 0.912 0.000 -0.411 0.019 
0.995 0.098 0.014 0.002 0.798 0.000 -0.455 -0.395 0.637 0.000 0.231 -0.735 0.797 0.000 -0.533 -0.283 0.649 -0.000 0.090 -0.756 0.752 0.000 0.010 -0.659 0.837 0.000 -0.529 -0.142 0.732 0.000 -0.061 -0.678 0.916 0.000 -0.401 0.020 
0.995 0.098 0.014 0.002 0.800 0.000 -0.452 -0.394 0.636 0.000 0.230 -0.737 0.796 -0.000 -0.535 -0.282 0.649 0.000 0.090 -0.756 0.752 0.000 0.011 -0.659 0.836 0.000 -0.529 -0.142 0.732 0.000 -0.061 -0.678 0.911 -0.000 -0.412 0.021 
0.995 0.098 0.014 0.002 0.801 0.000 -0.450 -0.395 0.636 0.000 0.231 -0.736 0.795 0.000 -0.537 -0.283 0.650 0.000 0.088 -0.754 0.752 0.000 0.011 -0.659 0.836 0.000 -0.530 -0.142 0.732 0.000 -0.061 -0.678 0.916 0.000 -0.401 0.020 
0.995 0.098 0.014 0.002 0.802 0.000 -0.446 -0.396 0.636 -0.000 0.234 -0.735 0.794 -0.000 -0.538 -0.282 0.651 0.000 0.086 -0.754 0.752 0.000 0.011 -0.659 0.836 0.000 -0.529 -0.142 0.732 0.000 -0.061 -0.678 0.911 0.000 -0.412 0.021 
0.995 0.098 0.014 0.002 0.804 0.000 -0.444 -0.396 0.636 0.000 0.234 -0.735 0.793 0.000 -0.540 -0.282 0.651 0.000 0.085 -0.754 0.752 0.000 0.011 -0.659 0.836 0.000 -0.530 -0.142 0.732 0.000 -0.061 -0.678 0.916 -0.000 -0.401 0.020 
0.995 0.098 0.014 0.002 0.804 0.000 -0.444 -0.396 0.636 0.000 0.235 -0.735 0.793 0.000 -0.541 -0.281 0.651 0.000 0.083 -0.754 0.752 0.000 0.011 -0.659 0.836 0.000 -0.530 -0.142 0.732 0.000 -0.061 -0.678 0.911 0.000 -0.413 0.021 
0.995 0.098 0.014 0.002 0.805 0.000 -0.441 -0.397 0.636 0.000 0.237 -0.734 0.792 -0.000 -0.542 -0.281 0.651 0.000 0.081 -0.754 0.752 0.000 0.011 -0.660 0.837 -0.000 -0.529 -0.142 0.732 0.000 -0.061 -0.678 0.916 0.000 -0.401 0.020 
0.995 0.098 0.014 0.002 0.805 -0.000 -0.440 -0.397 0.636 0.000 0.237 -0.734 0.792 0.000 -0.543 -0.281 0.652 0.000 0.081 -0.754 0.751 0.000 0.011 -0.660 0.836 0.000 -0.529 -0.142 0.732 -0.000 -0.061 -0.678 0.911 0.000 -0.412 0.021 
0.995 0.098 0.014 0.001 0.806 0.000 -0.438 -0.398 0.636 0.000 0.240 -0.733 0.791 0.000 -0.544 -0.279 0.651 -0.000 0.078 -0.755 0.751 0.000 0.011 -0.660 0.837 0.000 -0.529 -0.142 0.733 0.000 -0.061 -0.678 0.916 0.000 -0.401 0.020 
0.995 0.098 0.014 0.001 0.807 -0.000 -0.437 -0.397 0.636 0.000 0.240 -0.733 0.792 0.000 -0.544 -0.278 0.651 0.000 0.075 -0.756 0.751 0.000 0.011 -0.660 0.836 0.000 -0.529 -0.142 0.733 0.000 -0.061 -0.678 0.911 0.000 -0.412 0.020 
0.995 0.098 0.014 0.001 0.807 0.000 -0.437 -0.397 0.636 0.000 0.241 -0.734 0.791 -0.000 -0.544 -0.278 0.651 0.000 0.074 -0.755 0.751 0.000 0.011 -0.660 0.836 -0.000 -0.529 -0.142 0.733 0.000 -0.061 -0.678 0.916 0.000 -0.400 0.020 
0.995 0.098 0.013 0.001 0.807 0.000 -0.437 -0.397 0.636 0.000 0.243 -0.733 0.791 0.000 -0.545 -0.279 0.652 -0.000 0.075 -0.754 0.751 0.000 0.010 -0.660 0.836 0.000 -0.529 -0.142 0.732 -0.000 -0.061 -0.679 0.911 -0.000 -0.412 0.022 
0.995 0.098 0.014 0.001 0.808 0.000 -0.437 -0.396 0.636 0.000 0.243 -0.733 0.791 0.000 -0.545 -0.279 0.653 0.000 0.075 -0.754 0.751 -0.000 0.010 -0.660 0.837 0.000 -0.529 -0.141 0.733 0.000 -0.062 -0.678 0.916 0.000 -0.401 0.020 
0.995 0.097 0.014 0.001 0.808 -0.000 -0.438 -0.394 0.635 -0.000 0.243 -0.733 0.791 -0.000 -0.544 -0.280 0.653 0.000 0.075 -0.754 0.751 0.000 0.010 -0.660 0.836 0.000 -0.529 -0.141 0.733 0.000 -0.062 -0.678 0.911 0.000 -0.411 0.021 
0.995 0.097 0.014 0.001 0.808 0.000 -0.439 -0.393 0.635 0.000 0.244 -0.733 0.791 0.000 -0.544 -0.280 0.653 0.000 0.076 -0.753 0.751 0.000 0.009 -0.660 0.837 -0.000 -0.529 -0.141 0.733 0.000 -0.062 -0.678 0.916 0.000 -0.401 0.021 
0.995 0.097 0.014 0.002 0.808 0.000 -0.440 -0.392 0.635 0.000 0.244 -0.733 0.791 0.000 -0.543 -0.281 0.653 -0.000 0.076 -0.753 0.751 0.000 0.009 -0.660 0.837 -0.000 -0.529 -0.141 0.733 0.000 -0.063 -0.678 0.911 -0.000 -0.411 0.022 
0.995 0.097 0.014 0.002 0.808 0.000 -0.443 -0.390 0.634 0.000 0.242 -0.735 0.792 0.000 -0.541 -0.283 0.654 0.000 0.078 -0.752 0.751 0.000 0.008 -0.660 0.837 0.000 -0.530 -0.140 0.733 0.000 -0.063 -0.678 0.916 0.000 -0.401 0.021 
0.995 0.096 0.014 0.001 0.807 0.000 -0.444 -0.389 0.634 0.000 0.243 -0.734 0.792 0.000 -0.541 -0.282 0.653 0.000 0.077 -0.753 0.751 0.000 0.008 -0.660 0.837 -0.000 -0.529 -0.140 0.733 0.000 -0.063 -0.678 0.911 0.000 -0.412 0.023 
0.995 0.096 0.014 0.001 0.807 -0.000 -0.447 -0.387 0.633 0.000 0.242 -0.735 0.793 0.000 -0.539 -0.283 0.652 0.000 0.071 -0.755 0.751 0.000 0.008 -0.660 0.837 0.000 -0.530 -0.140 0.733 0.000 -0.064 -0.678 0.916 0.000 -0.400 0.022 
0.995 0.096 0.013 0.001 0.806 -0.000 -0.450 -0.385 0.633 0.000 0.240 -0.736 0.794 0.000 -0.537 -0.286 0.654 0.000 0.081 -0.752 0.751 0.000 0.007 -0.660 0.837 0.000 -0.530 -0.139 0.733 -0.000 -0.064 -0.678 0.911 0.000 -0.411 0.023 
0.995 0.095 0.013 0.001 0.805 0.000 -0.452 -0.383 0.633 0.000 0.240 -0.736 0.795 0.000 -0.535 -0.286 0.654 0.000 0.083 -0.752 0.751 0.000 0.006 -0.660 0.837 0.000 -0.530 -0.139 0.733 0.000 -0.066 -0.677 0.917 0.000 -0.399 0.021 
0.995 0.095 0.013 0.002 0.804 0.000 -0.456 -0.381 0.633 0.000 0.238 -0.737 0.796 0.000 -0.533 -0.287 0.653 -0.000 0.084 -0.753 0.751 0.000 0.006 -0.660 0.837 0.000 -0.529 -0.138 0.733 0.000 -0.065 -0.678 0.911 -0.000 -0.412 0.024 
0.995 0.095 0.013 0.002 0.803 -0.000 -0.460 -0.379 0.633 0.000 0.236 -0.738 0.796 0.000 -0.531 -0.289 0.653 0.000 0.086 -0.752 0.752 0.000 0.005 -0.660 0.837 0.000 -0.530 -0.138 0.733 -0.000 -0.066 -0.677 0.917 -0.000 -0.399 0.021 
0.995 0.095 0.013 0.002 0.802 0.000 -0.464 -0.376 0.632 0.000 0.233 -0.739 0.797 0.000 -0.530 -0.289 0.652 -0.000 0.088 -0.753 0.752 0.000 0.005 -0.660 0.837 0.000 -0.529 -0.138 0.733 -0.000 -0.065 -0.677 0.912 0.000 -0.410 0.022 
0.995 0.095 0.012 0.002 0.801 0.000 -0.468 -0.374 0.633 0.000 0.231 -0.739 0.798 0.000 -0.528 -0.291 0.652 -0.000 0.091 -0.753 0.751 0.000 0.004 -0.660 0.838 0.000 -0.529 -0.136 0.732 0.000 -0.065 -0.678 0.916 0.000 -0.401 0.024 
0.995 0.095 0.012 0.002 0.799 0.000 -0.473 -0.371 0.633 0.000 0.228 -0.740 0.799 0.000 -0.525 -0.292 0.651 0.000 0.093 -0.753 0.752 -0.000 0.004 -0.659 0.837 -0.000 -0.529 -0.138 0.732 0.000 -0.065 -0.678 0.911 0.000 -0.412 0.025 
0.995 0.095 0.012 0.002 0.798 0.000 -0.478 -0.368 0.632 0.000 0.223 -0.742 0.801 0.000 -0.523 -0.293 0.651 -0.000 0.095 -0.753 0.752 -0.000 0.004 -0.659 0.837 0.000 -0.530 -0.138 0.732 -0.000 -0.065 -0.679 0.916 0.000 -0.401 0.024 
0.995 0.095 0.012 0.002 0.796 0.000 -0.484 -0.365 0.632 0.000 0.219 -0.744 0.802 0.000 -0.519 -0.295 0.651 -0.000 0.099 -0.753 0.752 0.000 0.004 -0.659 0.837 0.000 -0.529 -0.138 0.732 0.000 -0.064 -0.678 0.911 0.000 -0.412 0.025 
0.995 0.094 0.012 0.002 0.795 0.000 -0.488 -0.361 0.632 0.000 0.216 -0.744 0.803 0.000 -0.517 -0.296 0.650 0.000 0.101 -0.753 0.752 0.000 0.003 -0.659 0.837 0.000 -0.530 -0.138 0.732 -0.000 -0.065 -0.678 0.916 0.000 -0.401 0.023 
0.995 0.095 0.011 0.002 0.792 0.000 -0.494 -0.358 0.631 0.000 0.212 -0.746 0.806 0.000 -0.513 -0.296 0.649 0.000 0.102 -0.754 0.753 0.000 0.003 -0.658 0.837 0.000 -0.529 -0.139 0.731 0.000 -0.064 -0.679 0.910 0.000 -0.413 0.025 
0.995 0.095 0.012 0.002 0.791 0.000 -0.498 -0.355 0.631 0.000 0.205 -0.748 0.807 0.000 -0.511 -0.297 0.648 0.000 0.106 -0.754 0.754 0.000 0.004 -0.657 0.837 -0.000 -0.530 -0.140 0.732 0.000 -0.064 -0.679 0.915 -0.000 -0.402 0.024 
0.995 0.095 0.011 0.002 0.789 0.000 -0.504 -0.353 0.632 0.000 0.203 -0.748 0.807 0.000 -0.509 -0.299 0.649 0.000 0.107 -0.753 0.753 -0.000 0.003 -0.659 0.837 -0.000 -0.529 -0.138 0.731 0.000 -0.064 -0.679 0.910 -0.000 -0.413 0.026 
0.995 0.094 0.011 0.002 0.788 0.000 -0.507 -0.351 0.632 0.000 0.200 -0.749 0.809 0.000 -0.506 -0.300 0.649 -0.000 0.111 -0.753 0.753 0.000 0.003 -0.658 0.837 -0.000 -0.530 -0.139 0.732 0.000 -0.063 -0.678 0.915 -0.000 -0.402 0.023 
0.995 0.095 0.010 0.002 0.785 0.000 -0.513 -0.348 0.633 0.000 0.196 -0.749 0.810 0.000 -0.503 -0.301 0.648 -0.000 0.113 -0.753 0.752 0.000 0.002 -0.659 0.838 -0.000 -0.528 -0.137 0.732 0.000 -0.063 -0.678 0.910 0.000 -0.413 0.024 
0.995 0.095 0.010 0.003 0.783 0.000 -0.517 -0.345 0.633 0.000 0.192 -0.750 0.812 0.000 -0.500 -0.302 0.648 -0.000 0.114 -0.753 0.753 0.000 0.003 -0.658 0.837 0.000 -0.529 -0.139 0.731 0.000 -0.062 -0.680 0.915 0.000 -0.404 0.026 
0.995 0.095 0.010 0.003 0.781 0.000 -0.522 -0.343 0.633 -0.000 0.188 -0.751 0.813 0.000 -0.497 -0.303 0.648 0.000 0.119 -0.752 0.754 0.000 0.003 -0.657 0.837 -0.000 -0.529 -0.140 0.730 -0.000 -0.062 -0.680 0.910 0.000 -0.415 0.026 
0.995 0.095 0.009 0.003 0.779 0.000 -0.526 -0.341 0.634 -0.000 0.186 -0.751 0.815 0.000 -0.494 -0.302 0.647 0.000 0.121 -0.752 0.753 0.000 0.003 -0.658 0.837 0.000 -0.528 -0.140 0.731 -0.000 -0.061 -0.680 0.915 0.000 -0.404 0.025 
0.995 0.095 0.009 0.003 0.778 -0.000 -0.530 -0.339 0.634 -0.000 0.183 -0.751 0.817 -0.000 -0.491 -0.303 0.646 0.000 0.121 -0.753 0.754 0.000 0.003 -0.657 0.837 0.000 -0.528 -0.140 0.731 0.000 -0.061 -0.680 0.910 0.000 -0.415 0.025 
0.995 0.095 0.009 0.003 0.776 0.000 -0.533 -0.337 0.635 0.000 0.180 -0.752 0.817 0.000 -0.489 -0.304 0.647 0.000 0.123 -0.752 0.754 0.000 0.003 -0.657 0.837 0.000 -0.528 -0.141 0.731 0.000 -0.060 -0.680 0.915 0.000 -0.404 0.025 
0.995 0.095 0.008 0.003 0.774 0.000 -0.537 -0.337 0.635 0.000 0.178 -0.752 0.819 -0.000 -0.486 -0.304 0.647 0.000 0.124 -0.753 0.753 0.000 0.003 -0.658 0.838 0.000 -0.528 -0.141 0.731 0.000 -0.060 -0.680 0.910 0.000 -0.415 0.026 
0.995 0.095 0.009 0.003 0.772 0.000 -0.540 -0.335 0.636 0.000 0.176 -0.752 0.820 0.000 -0.484 -0.305 0.647 0.000 0.125 -0.752 0.754 0.000 0.003 -0.657 0.838 -0.000 -0.528 -0.142 0.731 0.000 -0.060 -0.680 0.914 0.000 -0.404 0.025 
0.995 0.095 0.008 0.003 0.771 0.000 -0.542 -0.334 0.636 0.000 0.174 -0.751 0.821 0.000 -0.482 -0.306 0.647 0.000 0.127 -0.752 0.754 0.000 0.003 -0.657 0.838 0.000 -0.527 -0.142 0.730 0.000 -0.059 -0.680 0.909 0.000 -0.415 0.025 
0.995 0.096 0.008 0.003 0.769 0.000 -0.546 -0.332 0.637 0.000 0.171 -0.752 0.822 0.000 -0.479 -0.306 0.647 0.000 0.127 -0.752 0.754 0.000 0.003 -0.657 0.838 0.000 -0.527 -0.143 0.730 0.000 -0.058 -0.681 0.914 0.000 -0.405 0.025 
0.995 0.096 0.008 0.003 0.769 0.000 -0.548 -0.330 0.637 0.000 0.169 -0.752 0.823 0.000 -0.477 -0.307 0.648 -0.000 0.132 -0.750 0.754 0.000 0.004 -0.657 0.838 0.000 -0.527 -0.143 0.730 0.000 -0.058 -0.681 0.909 0.000 -0.415 0.025 
0.995 0.096 0.007 0.004 0.767 0.000 -0.550 -0.329 0.637 -0.000 0.167 -0.753 0.824 0.000 -0.476 -0.307 0.648 0.000 0.133 -0.750 0.755 0.000 0.004 -0.656 0.838 0.000 -0.527 -0.144 0.730 0.000 -0.057 -0.681 0.914 0.000 -0.404 0.024 
0.995 0.096 0.007 0.004 0.766 0.000 -0.553 -0.328 0.638 0.000 0.165 -0.753 0.825 0.000 -0.474 -0.308 0.648 0.000 0.133 -0.750 0.755 0.000 0.004 -0.656 0.838 -0.000 -0.527 -0.144 0.730 0.000 -0.057 -0.681 0.909 0.000 -0.416 0.025 
0.995 0.096 0.007 0.004 0.765 0.000 -0.554 -0.327 0.638 0.000 0.163 -0.753 0.826 -0.000 -0.472 -0.308 0.648 0.000 0.132 -0.750 0.755 0.000 0.003 -0.656 0.838 0.000 -0.527 -0.144 0.730 0.000 -0.057 -0.681 0.914 0.000 -0.405 0.024 
0.995 0.096 0.007 0.004 0.765 0.000 -0.556 -0.326 0.638 0.000 0.162 -0.753 0.826 0.000 -0.471 -0.309 0.648 0.000 0.132 -0.750 0.755 0.000 0.004 -0.655 0.838 0.000 -0.527 -0.145 0.730 0.000 -0.056 -0.681 0.909 0.000 -0.416 0.025 
0.995 0.096 0.007 0.004 0.764 0.000 -0.557 -0.325 0.638 0.000 0.160 -0.753 0.827 0.000 -0.471 -0.309 0.648 0.000 0.132 -0.750 0.756 0.000 0.004 -0.655 0.838 0.000 -0.527 -0.145 0.730 0.000 -0.056 -0.681 0.914 -0.000 -0.405 0.024 
0.995 0.096 0.006 0.005 0.764 0.000 -0.558 -0.324 0.638 -0.000 0.159 -0.753 0.827 0.000 -0.470 -0.309 0.649 0.000 0.132 -0.750 0.756 0.000 0.004 -0.654 0.837 0.000 -0.527 -0.146 0.730 0.000 -0.056 -0.682 0.909 0.000 -0.416 0.025 
0.995 0.096 0.006 0.005 0.763 0.000 -0.559 -0.324 0.639 0.000 0.157 -0.753 0.827 0.000 -0.470 -0.309 0.649 0.000 0.131 -0.749 0.756 0.000 0.003 -0.654 0.838 0.000 -0.526 -0.145 0.730 0.000 -0.057 -0.681 0.914 0.000 -0.405 0.023 
0.995 0.095 0.006 0.005 0.763 0.000 -0.559 -0.323 0.640 0.000 0.156 -0.753 0.827 0.000 -0.470 -0.309 0.649 0.000 0.132 -0.749 0.757 0.000 0.003 -0.654 0.838 0.000 -0.527 -0.145 0.729 0.000 -0.056 -0.682 0.909 0.000 -0.417 0.026 
0.995 0.095 0.006 0.005 0.763 0.000 -0.559 -0.324 0.640 0.000 0.155 -0.752 0.826 0.000 -0.471 -0.309 0.649 0.000 0.132 -0.749 0.757 0.000 0.003 -0.654 0.837 0.000 -0.527 -0.145 0.729 0.000 -0.057 -0.682 0.914 0.000 -0.405 0.024 
0.995 0.095 0.006 0.005 0.763 0.000 -0.559 -0.324 0.641 0.000 0.154 -0.752 0.826 -0.000 -0.472 -0.309 0.650 0.000 0.131 -0.749 0.757 0.000 0.002 -0.654 0.838 0.000 -0.526 -0.145 0.729 0.000 -0.057 -0.682 0.908 0.000 -0.417 0.026 
0.995 0.095 0.006 0.005 0.764 0.000 -0.559 -0.324 0.641 -0.000 0.153 -0.752 0.826 -0.000 -0.472 -0.309 0.650 0.000 0.131 -0.749 0.757 0.000 0.002 -0.654 0.838 -0.000 -0.527 -0.145 0.730 0.000 -0.058 -0.682 0.914 0.000 -0.405 0.025 
0.995 0.095 0.006 0.005 0.764 0.000 -0.558 -0.324 0.641 0.000 0.152 -0.752 0.825 0.000 -0.474 -0.309 0.650 0.000 0.131 -0.749 0.757 0.000 0.001 -0.654 0.838 0.000 -0.527 -0.144 0.729 0.000 -0.058 -0.682 0.909 0.000 -0.416 0.026 
0.995 0.095 0.006 0.005 0.764 0.000 -0.557 -0.325 0.641 0.000 0.152 -0.752 0.824 0.000 -0.475 -0.308 0.650 0.000 0.130 -0.749 0.757 0.000 0.001 -0.654 0.838 -0.000 -0.527 -0.144 0.729 0.000 -0.059 -0.682 0.914 0.000 -0.405 0.025 
0.996 0.094 0.006 0.005 0.765 0.000 -0.555 -0.326 0.642 0.000 0.152 -0.752 0.824 0.000 -0.477 -0.307 0.650 0.000 0.130 -0.749 0.757 0.000 0.001 -0.654 0.838 0.000 -0.527 -0.143 0.729 -0.000 -0.059 -0.681 0.909 0.000 -0.415 0.026 
0.996 0.094 0.006 0.005 0.765 0.000 -0.554 -0.328 0.642 0.000 0.153 -0.751 0.823 0.000 -0.478 -0.307 0.649 0.000 0.128 -0.749 0.757 0.000 0.000 -0.654 0.838 0.000 -0.527 -0.142 0.730 -0.000 -0.060 -0.681 0.914 0.000 -0.404 0.024 
0.996 0.094 0.006 0.005 0.767 0.000 -0.552 -0.329 0.642 -0.000 0.154 -0.751 0.822 0.000 -0.480 -0.306 0.649 0.000 0.127 -0.750 0.757 0.000 -0.000 -0.654 0.838 -0.000 -0.527 -0.142 0.729 0.000 -0.060 -0.682 0.909 0.000 -0.416 0.027 
0.996 0.094 0.006 0.005 0.767 0.000 -0.550 -0.330 0.642 0.000 0.155 -0.751 0.821 0.000 -0.483 -0.305 0.648 0.000 0.122 -0.752 0.756 0.000 -0.001 -0.654 0.838 0.000 -0.527 -0.141 0.730 0.000 -0.060 -0.681 0.914 0.000 -0.404 0.025 
0.996 0.094 0.006 0.005 0.769 0.000 -0.547 -0.332 0.642 0.000 0.157 -0.751 0.820 0.000 -0.485 -0.304 0.648 -0.000 0.121 -0.752 0.756 0.000 -0.001 -0.654 0.838 0.000 -0.527 -0.141 0.730 0.000 -0.061 -0.681 0.909 0.000 -0.415 0.026 
0.996 0.094 0.006 0.005 0.770 0.000 -0.544 -0.333 0.641 0.000 0.158 -0.751 0.819 0.000 -0.487 -0.304 0.648 0.000 0.120 -0.752 0.756 0.000 -0.001 -0.655 0.838 0.000 -0.527 -0.140 0.730 0.000 -0.061 -0.681 0.915 0.000 -0.404 0.026 
0.996 0.093 0.007 0.005 0.772 0.000 -0.541 -0.335 0.641 0.000 0.160 -0.751 0.818 -0.000 -0.490 -0.303 0.648 0.000 0.119 -0.752 0.755 0.000 -0.001 -0.655 0.838 0.000 -0.528 -0.140 0.730 0.000 -0.062 -0.680 0.910 0.000 -0.415 0.026 
0.996 0.093 0.007 0.005 0.772 0.000 -0.538 -0.338 0.641 0.000 0.163 -0.750 0.816 0.000 -0.492 -0.302 0.648 0.000 0.117 -0.753 0.755 0.000 -0.001 -0.656 0.838 0.000 -0.528 -0.139 0.730 -0.000 -0.062 -0.680 0.914 0.000 -0.404 0.026 
0.996 0.093 0.007 0.005 0.773 0.000 -0.536 -0.340 0.641 0.000 0.165 -0.750 0.815 0.000 -0.494 -0.302 0.648 0.000 0.115 -0.753 0.755 0.000 -0.001 -0.656 0.838 0.000 -0.528 -0.139 0.731 0.000 -0.062 -0.680 0.910 0.000 -0.414 0.027 
0.996 0.093 0.007 0.004 0.775 0.000 -0.532 -0.342 0.640 0.000 0.168 -0.750 0.814 0.000 -0.497 -0.301 0.648 0.000 0.114 -0.753 0.754 -0.000 -0.001 -0.657 0.838 0.000 -0.528 -0.138 0.731 0.000 -0.063 -0.680 0.915 0.000 -0.403 0.026 
0.996 0.093 0.007 0.004 0.776 0.000 -0.529 -0.343 0.640 0.000 0.169 -0.750 0.813 0.000 -0.500 -0.300 0.648 0.000 0.113 -0.753 0.754 0.000 -0.001 -0.657 0.838 0.000 -0.529 -0.138 0.731 0.000 -0.063 -0.680 0.910 0.000 -0.415 0.027 
0.996 0.093 0.007 0.004 0.778 0.000 -0.525 -0.345 0.639 0.000 0.172 -0.750 0.811 0.000 -0.503 -0.300 0.648 0.000 0.111 -0.754 0.754 0.000 -0.001 -0.657 0.838 -0.000 -0.528 -0.138 0.731 0.000 -0.063 -0.680 0.915 -0.000 -0.403 0.026 
0.996 0.093 0.008 0.004 0.780 0.000 -0.521 -0.347 0.639 0.000 0.174 -0.749 0.809 0.000 -0.506 -0.299 0.647 0.000 0.101 -0.755 0.754 0.000 -0.001 -0.657 0.838 0.000 -0.529 -0.137 0.731 0.000 -0.063 -0.680 0.910 0.000 -0.414 0.027 
0.996 0.093 0.008 0.004 0.782 -0.000 -0.517 -0.348 0.638 0.000 0.177 -0.749 0.808 0.000 -0.508 -0.298 0.647 0.000 0.099 -0.756 0.754 0.000 -0.000 -0.657 0.838 -0.000 -0.529 -0.137 0.731 0.000 -0.063 -0.680 0.915 0.000 -0.403 0.026 
0.996 0.093 0.008 0.004 0.783 0.000 -0.515 -0.350 0.638 0.000 0.178 -0.749 0.807 0.000 -0.511 -0.297 0.647 0.000 0.097 -0.756 0.753 0.000 -0.001 -0.658 0.838 -0.000 -0.529 -0.137 0.731 0.000 -0.063 -0.679 0.910 -0.000 -0.414 0.027 
0.996 0.093 0.008 0.004 0.784 0.000 -0.511 -0.352 0.638 -0.000 0.180 -0.749 0.804 0.000 -0.515 -0.297 0.648 0.000 0.094 -0.756 0.754 0.000 0.000 -0.657 0.837 0.000 -0.529 -0.137 0.731 0.000 -0.063 -0.679 0.915 0.000 -0.403 0.026 
0.996 0.093 0.008 0.004 0.785 0.000 -0.507 -0.354 0.638 0.000 0.183 -0.748 0.803 0.000 -0.518 -0.296 0.648 0.000 0.091 -0.756 0.753 -0.000 0.000 -0.658 0.837 0.000 -0.529 -0.137 0.731 0.000 -0.063 -0.679 0.910 0.000 -0.414 0.026 
0.996 0.094 0.009 0.004 0.787 0.000 -0.504 -0.356 0.637 0.000 0.185 -0.748 0.801 0.000 -0.521 -0.295 0.648 -0.000 0.089 -0.757 0.753 0.000 0.000 -0.658 0.837 0.000 -0.529 -0.137 0.731 0.000 -0.063 -0.679 0.915 -0.000 -0.403 0.025 
0.996 0.094 0.009 0.004 0.789 -0.000 -0.500 -0.357 0.637 0.000 0.187 -0.748 0.799 0.000 -0.525 -0.294 0.648 0.000 0.087 -0.757 0.753 0.000 0.000 -0.658 0.838 -0.000 -0.529 -0.136 0.731 0.000 -0.063 -0.679 0.910 0.000 -0.414 0.026 
0.996 0.094 0.009 0.003 0.790 -0.000 -0.497 -0.359 0.636 -0.000 0.189 -0.748 0.798 0.000 -0.528 -0.292 0.648 0.000 0.083 -0.757 0.752 0.000 0.000 -0.659 0.838 -0.000 -0.528 -0.136 0.731 0.000 -0.063 -0.679 0.915 0.000 -0.403 0.025 
0.996 0.094 0.009 0.003 0.792 0.000 -0.493 -0.360 0.636 0.000 0.192 -0.747 0.796 0.000 -0.531 -0.290 0.648 0.000 0.080 -0.758 0.753 -0.000 0.001 -0.658 0.837 0.000 -0.529 -0.138 0.731 0.000 -0.063 -0.679 0.910 0.000 -0.414 0.026 
0.996 0.094 0.009 0.003 0.793 0.000 -0.490 -0.362 0.637 -0.000 0.194 -0.746 0.795 0.000 -0.533 -0.289 0.648 0.000 0.078 -0.758 0.753 0.000 0.001 -0.658 0.837 0.000 -0.529 -0.138 0.731 0.000 -0.063 -0.679 0.915 0.000 -0.403 0.025 
0.996 0.094 0.009 0.003 0.794 0.000 -0.487 -0.363 0.636 0.000 0.195 -0.746 0.793 0.000 -0.536 -0.288 0.648 0.000 0.075 -0.758 0.753 0.000 0.002 -0.658 0.837 0.000 -0.529 -0.139 0.731 0.000 -0.063 -0.679 0.910 0.000 -0.414 0.026 
0.996 0.094 0.009 0.003 0.795 0.000 -0.485 -0.364 0.636 0.000 0.197 -0.746 0.791 0.000 -0.539 -0.289 0.650 0.000 0.073 -0.756 0.753 0.000 0.002 -0.658 0.837 0.000 -0.529 -0.139 0.730 -0.000 -0.063 -0.680 0.915 0.000 -0.403 0.026 
0.996 0.094 0.010 0.003 0.797 0.000 -0.480 -0.366 0.637 0.000 0.200 -0.745 0.790 0.000 -0.542 -0.286 0.649 0.000 0.069 -0.757 0.753 0.000 0.002 -0.658 0.837 -0.000 -0.529 -0.139 0.731 0.000 -0.063 -0.679 0.910 -0.000 -0.414 0.026 
0.996 0.094 0.009 0.003 0.798 0.000 -0.478 -0.366 0.636 -0.000 0.200 -0.745 0.789 -0.000 -0.544 -0.284 0.649 -0.000 0.067 -0.758 0.753 0.000 0.002 -0.658 0.837 -0.000 -0.529 -0.140 0.732 0.000 -0.062 -0.679 0.915 0.000 -0.403 0.025 
0.996 0.094 0.009 0.002 0.799 0.000 -0.476 -0.367 0.636 0.000 0.202 -0.745 0.788 -0.000 -0.547 -0.283 0.650 0.000 0.064 -0.758 0.752 0.000 0.003 -0.659 0.837 -0.000 -0.529 -0.140 0.732 -0.000 -0.062 -0.679 0.910 0.000 -0.414 0.026 
0.995 0.094 0.010 0.003 0.800 0.000 -0.474 -0.368 0.636 0.000 0.204 -0.744 0.787 0.000 -0.548 -0.283 0.650 0.000 0.063 -0.757 0.753 0.000 0.003 -0.658 0.837 -0.000 -0.529 -0.140 0.732 0.000 -0.063 -0.679 0.915 0.000 -0.403 0.025 
0.995 0.094 0.010 0.002 0.802 -0.000 -0.470 -0.368 0.636 0.000 0.205 -0.744 0.786 0.000 -0.550 -0.282 0.651 0.000 0.061 -0.757 0.753 0.000 0.003 -0.658 0.837 0.000 -0.529 -0.140 0.732 0.000 -0.063 -0.679 0.910 0.000 -0.414 0.026 
0.996 0.094 0.010 0.002 0.803 0.000 -0.468 -0.369 0.636 -0.000 0.207 -0.744 0.785 0.000 -0.552 -0.281 0.651 -0.000 0.058 -0.757 0.753 0.000 0.002 -0.659 0.837 0.000 -0.529 -0.140 0.731 0.000 -0.062 -0.679 0.915 0.000 -0.404 0.026 
0.995 0.094 0.009 0.002 0.804 0.000 -0.467 -0.369 0.635 -0.000 0.207 -0.744 0.785 0.000 -0.553 -0.281 0.651 -0.000 0.056 -0.757 0.753 0.000 0.003 -0.658 0.837 0.000 -0.529 -0.141 0.731 0.000 -0.061 -0.680 0.910 0.000 -0.415 0.027 
0.995 0.094 0.010 0.002 0.805 0.000 -0.464 -0.369 0.635 -0.000 0.208 -0.744 0.784 0.000 -0.554 -0.281 0.652 0.000 0.055 -0.756 0.753 0.000 0.004 -0.658 0.837 0.000 -0.529 -0.141 0.732 0.000 -0.062 -0.679 0.915 0.000 -0.403 0.024 
0.996 0.094 0.010 0.002 0.806 0.000 -0.463 -0.369 0.635 -0.000 0.209 -0.743 0.783 0.000 -0.554 -0.281 0.653 0.000 0.054 -0.755 0.753 -0.000 0.003 -0.658 0.837 0.000 -0.529 -0.140 0.732 -0.000 -0.063 -0.678 0.910 0.000 -0.413 0.026 
0.995 0.094 0.010 0.002 0.806 0.000 -0.462 -0.370 0.635 0.000 0.209 -0.744 0.783 0.000 -0.556 -0.280 0.653 0.000 0.053 -0.756 0.752 0.000 0.003 -0.659 0.837 -0.000 -0.529 -0.140 0.732 -0.000 -0.062 -0.679 0.915 0.000 -0.403 0.025 
0.995 0.094 0.010 0.002 0.807 0.000 -0.460 -0.369 0.635 0.000 0.211 -0.743 0.783 0.000 -0.556 -0.280 0.653 0.000 0.052 -0.755 0.753 -0.000 0.003 -0.658 0.837 0.000 -0.529 -0.141 0.732 0.000 -0.062 -0.679 0.910 0.000 -0.413 0.026 
0.996 0.094 0.010 0.002 0.808 0.000 -0.460 -0.369 0.635 -0.000 0.212 -0.743 0.782 0.000 -0.556 -0.280 0.654 0.000 0.052 -0.754 0.753 -0.000 0.003 -0.658 0.837 -0.000 -0.529 -0.141 0.732 0.000 -0.063 -0.679 0.915 0.000 -0.403 0.025 
0.996 0.094 0.010 0.002 0.808 0.000 -0.459 -0.369 0.635 -0.000 0.213 -0.742 0.783 0.000 -0.557 -0.279 0.654 0.000 0.049 -0.755 0.753 0.000 0.003 -0.658 0.837 0.000 -0.529 -0.141 0.732 -0.000 -0.063 -0.679 0.910 0.000 -0.414 0.026 
0.996 0.094 0.010 0.002 0.809 -0.000 -0.459 -0.368 0.635 0.000 0.213 -0.742 0.783 0.000 -0.556 -0.279 0.654 0.000 0.049 -0.755 0.753 0.000 0.002 -0.658 0.837 0.000 -0.529 -0.140 0.732 0.000 -0.063 -0.679 0.915 0.000 -0.403 0.025 
0.996 0.094 0.010 0.002 0.809 0.000 -0.459 -0.367 0.635 0.000 0.213 -0.742 0.783 0.000 -0.556 -0.279 0.654 0.000 0.048 -0.755 0.753 0.000 0.002 -0.658 0.837 -0.000 -0.529 -0.140 0.732 -0.000 -0.063 -0.678 0.910 -0.000 -0.414 0.026 
0.996 0.093 0.010 0.003 0.810 0.000 -0.459 -0.365 0.635 0.000 0.214 -0.742 0.783 0.000 -0.557 -0.279 0.655 0.000 0.047 -0.755 0.755 0.000 0.002 -0.655 0.836 0.000 -0.530 -0.140 0.731 -0.000 -0.064 -0.680 0.914 -0.000 -0.404 0.027 
0.996 0.092 0.010 0.003 0.810 0.000 -0.459 -0.365 0.636 0.000 0.215 -0.742 0.783 0.000 -0.556 -0.279 0.655 -0.000 0.046 -0.754 0.755 0.000 0.001 -0.655 0.837 0.000 -0.530 -0.140 0.731 -0.000 -0.064 -0.680 0.910 0.000 -0.415 0.028 
0.996 0.092 0.010 0.003 0.810 0.000 -0.461 -0.364 0.635 -0.000 0.214 -0.742 0.784 0.000 -0.554 -0.279 0.654 0.000 0.045 -0.755 0.755 0.000 0.001 -0.655 0.836 -0.000 -0.530 -0.140 0.731 -0.000 -0.065 -0.679 0.915 -0.000 -0.403 0.026 
0.996 0.092 0.010 0.003 0.810 0.000 -0.461 -0.363 0.636 0.000 0.215 -0.742 0.784 0.000 -0.555 -0.280 0.655 -0.000 0.047 -0.754 0.756 0.000 -0.000 -0.655 0.837 0.000 -0.530 -0.139 0.731 -0.000 -0.065 -0.680 0.909 0.000 -0.415 0.028 
0.996 0.092 0.009 0.004 0.810 0.000 -0.462 -0.362 0.636 0.000 0.214 -0.742 0.785 0.000 -0.553 -0.280 0.655 0.000 0.047 -0.754 0.755 0.000 -0.001 -0.656 0.837 0.000 -0.530 -0.138 0.731 0.000 -0.066 -0.679 0.915 -0.000 -0.403 0.027 
0.996 0.091 0.009 0.004 0.809 0.000 -0.465 -0.359 0.635 0.000 0.212 -0.743 0.785 0.000 -0.552 -0.282 0.655 0.000 0.048 -0.754 0.756 -0.000 -0.001 -0.655 0.837 -0.000 -0.530 -0.139 0.731 0.000 -0.066 -0.680 0.910 0.000 -0.414 0.028 
0.996 0.091 0.009 0.004 0.809 0.000 -0.466 -0.358 0.635 0.000 0.212 -0.743 0.786 0.000 -0.550 -0.282 0.655 0.000 0.049 -0.754 0.756 0.000 -0.002 -0.655 0.837 0.000 -0.529 -0.139 0.731 0.000 -0.066 -0.680 0.915 0.000 -0.403 0.028 
0.996 0.091 0.009 0.004 0.808 0.000 -0.469 -0.356 0.635 0.000 0.210 -0.743 0.787 0.000 -0.549 -0.283 0.655 0.000 0.050 -0.754 0.756 0.000 -0.002 -0.654 0.837 0.000 -0.530 -0.138 0.731 0.000 -0.066 -0.680 0.910 0.000 -0.414 0.029 
0.996 0.091 0.008 0.003 0.807 0.000 -0.471 -0.356 0.635 0.000 0.209 -0.744 0.788 0.000 -0.546 -0.284 0.654 0.000 0.053 -0.755 0.754 0.000 -0.003 -0.657 0.837 0.000 -0.529 -0.138 0.731 -0.000 -0.065 -0.679 0.914 0.000 -0.404 0.028 
0.996 0.091 0.008 0.003 0.807 0.000 -0.473 -0.355 0.635 0.000 0.209 -0.743 0.789 0.000 -0.544 -0.285 0.655 0.000 0.061 -0.753 0.754 0.000 -0.004 -0.657 0.838 -0.000 -0.529 -0.136 0.731 0.000 -0.065 -0.680 0.909 0.000 -0.416 0.030 
0.996 0.091 0.008 0.004 0.806 0.000 -0.475 -0.353 0.635 0.000 0.207 -0.744 0.789 0.000 -0.543 -0.286 0.654 -0.000 0.055 -0.755 0.753 0.000 -0.005 -0.658 0.838 0.000 -0.528 -0.134 0.731 0.000 -0.066 -0.679 0.914 0.000 -0.404 0.029 
0.996 0.090 0.007 0.004 0.806 0.000 -0.477 -0.351 0.636 0.000 0.207 -0.744 0.790 0.000 -0.542 -0.287 0.654 0.000 0.056 -0.754 0.753 0.000 -0.006 -0.658 0.839 0.000 -0.528 -0.134 0.731 0.000 -0.066 -0.679 0.909 -0.000 -0.415 0.031 
0.996 0.090 0.007 0.004 0.805 0.000 -0.479 -0.350 0.636 0.000 0.205 -0.744 0.792 0.000 -0.539 -0.288 0.653 0.000 0.058 -0.755 0.753 0.000 -0.006 -0.658 0.839 0.000 -0.528 -0.134 0.731 0.000 -0.066 -0.680 0.914 0.000 -0.404 0.030 
0.996 0.090 0.007 0.004 0.804 0.000 -0.482 -0.348 0.636 0.000 0.202 -0.745 0.792 -0.000 -0.537 -0.289 0.653 -0.000 0.061 -0.755 0.754 0.000 -0.006 -0.657 0.838 0.000 -0.528 -0.134 0.730 -0.000 -0.066 -0.680 0.909 0.000 -0.416 0.031 
0.996 0.090 0.007 0.004 0.803 0.000 -0.484 -0.347 0.636 0.000 0.202 -0.745 0.794 -0.000 -0.535 -0.290 0.653 0.000 0.063 -0.755 0.754 0.000 -0.007 -0.657 0.839 -0.000 -0.528 -0.134 0.731 0.000 -0.066 -0.680 0.914 0.000 -0.404 0.030 
0.996 0.090 0.006 0.004 0.802 0.000 -0.488 -0.344 0.636 0.000 0.198 -0.746 0.795 0.000 -0.532 -0.291 0.652 0.000 0.064 -0.755 0.754 0.000 -0.006 -0.657 0.838 0.000 -0.528 -0.136 0.730 0.000 -0.066 -0.680 0.909 0.000 -0.416 0.031 
0.996 0.090 0.006 0.004 0.801 0.000 -0.491 -0.343 0.636 0.000 0.195 -0.746 0.796 -0.000 -0.530 -0.292 0.652 -0.000 0.066 -0.755 0.754 0.000 -0.007 -0.657 0.838 -0.000 -0.528 -0.136 0.730 0.000 -0.066 -0.680 0.914 0.000 -0.404 0.030 
0.996 0.090 0.006 0.004 0.800 -0.000 -0.494 -0.341 0.637 0.000 0.193 -0.747 0.797 0.000 -0.528 -0.293 0.652 0.000 0.067 -0.755 0.754 -0.000 -0.007 -0.657 0.838 0.000 -0.528 -0.136 0.730 -0.000 -0.065 -0.680 0.908 0.000 -0.417 0.032 
0.996 0.089 0.006 0.004 0.799 0.000 -0.496 -0.340 0.637 0.000 0.190 -0.747 0.798 0.000 -0.525 -0.295 0.652 0.000 0.069 -0.755 0.754 0.000 -0.007 -0.656 0.838 0.000 -0.528 -0.136 0.730 0.000 -0.065 -0.680 0.914 0.000 -0.405 0.031 
0.996 0.089 0.006 0.004 0.798 0.000 -0.500 -0.337 0.638 0.000 0.187 -0.747 0.799 0.000 -0.523 -0.296 0.652 0.000 0.070 -0.755 0.754 0.000 -0.008 -0.656 0.838 -0.000 -0.529 -0.136 0.730 0.000 -0.066 -0.680 0.909 0.000 -0.416 0.032 
0.996 0.089 0.005 0.004 0.797 0.000 -0.502 -0.336 0.638 0.000 0.183 -0.748 0.800 -0.000 -0.521 -0.296 0.651 0.000 0.071 -0.755 0.755 0.000 -0.008 -0.656 0.838 0.000 -0.528 -0.136 0.730 -0.000 -0.066 -0.680 0.914 0.000 -0.405 0.031 
0.996 0.089 0.005 0.004 0.796 0.000 -0.505 -0.334 0.638 0.000 0.181 -0.748 0.801 0.000 -0.519 -0.297 0.651 -0.000 0.072 -0.755 0.755 0.000 -0.008 -0.656 0.838 0.000 -0.528 -0.136 0.730 0.000 -0.065 -0.680 0.909 0.000 -0.416 0.033 
0.996 0.089 0.005 0.004 0.796 0.000 -0.507 -0.332 0.639 0.000 0.179 -0.748 0.803 0.000 -0.517 -0.298 0.651 0.000 0.074 -0.755 0.755 0.000 -0.008 -0.656 0.838 0.000 -0.528 -0.136 0.730 0.000 -0.065 -0.681 0.914 0.000 -0.405 0.032 
0.996 0.089 0.004 0.004 0.793 0.000 -0.511 -0.331 0.640 0.000 0.175 -0.748 0.803 0.000 -0.515 -0.299 0.652 0.000 0.074 -0.755 0.755 0.000 -0.009 -0.656 0.838 0.000 -0.528 -0.136 0.729 0.000 -0.064 -0.681 0.908 0.000 -0.417 0.034 
0.996 0.089 0.004 0.005 0.793 0.000 -0.514 -0.328 0.640 0.000 0.173 -0.749 0.804 0.000 -0.513 -0.299 0.651 0.000 0.075 -0.756 0.755 0.000 -0.008 -0.656 0.838 -0.000 -0.528 -0.137 0.729 0.000 -0.064 -0.681 0.913 -0.000 -0.406 0.032 
0.996 0.089 0.004 0.005 0.792 0.000 -0.516 -0.327 0.640 0.000 0.170 -0.749 0.805 0.000 -0.512 -0.300 0.651 0.000 0.075 -0.756 0.755 0.000 -0.009 -0.656 0.838 0.000 -0.528 -0.137 0.729 -0.000 -0.064 -0.681 0.908 0.000 -0.418 0.034 
0.996 0.089 0.004 0.005 0.790 0.000 -0.519 -0.326 0.641 0.000 0.169 -0.749 0.806 -0.000 -0.510 -0.300 0.651 0.000 0.082 -0.755 0.755 0.000 -0.009 -0.655 0.838 -0.000 -0.528 -0.137 0.729 0.000 -0.064 -0.681 0.913 0.000 -0.406 0.032 
0.996 0.089 0.004 0.005 0.789 0.000 -0.521 -0.325 0.642 0.000 0.166 -0.749 0.807 0.000 -0.508 -0.300 0.651 -0.000 0.082 -0.755 0.755 0.000 -0.009 -0.655 0.838 0.000 -0.528 -0.137 0.729 0.000 -0.064 -0.681 0.908 0.000 -0.417 0.034 
0.996 0.089 0.004 0.005 0.788 0.000 -0.523 -0.324 0.642 0.000 0.165 -0.749 0.808 0.000 -0.507 -0.300 0.651 0.000 0.082 -0.755 0.755 0.000 -0.009 -0.655 0.838 0.000 -0.528 -0.137 0.729 0.000 -0.064 -0.681 0.913 0.000 -0.406 0.032 
0.996 0.089 0.003 0.005 0.788 0.000 -0.525 -0.323 0.642 0.000 0.162 -0.749 0.808 0.000 -0.506 -0.301 0.651 -0.000 0.082 -0.755 0.756 -0.000 -0.009 -0.655 0.838 0.000 -0.527 -0.137 0.730 -0.000 -0.064 -0.681 0.908 0.000 -0.418 0.032 
0.996 0.089 0.003 0.005 0.787 0.000 -0.527 -0.321 0.643 0.000 0.160 -0.749 0.809 0.000 -0.505 -0.301 0.651 0.000 0.082 -0.754 0.755 0.000 -0.009 -0.655 0.838 -0.000 -0.527 -0.137 0.730 0.000 -0.065 -0.680 0.914 -0.000 -0.405 0.031 
0.996 0.089 0.003 0.005 0.786 0.000 -0.528 -0.321 0.643 0.000 0.159 -0.749 0.810 0.000 -0.504 -0.301 0.651 0.000 0.083 -0.754 0.756 0.000 -0.009 -0.655 0.839 -0.000 -0.527 -0.137 0.729 0.000 -0.064 -0.682 0.908 -0.000 -0.418 0.034 
0.996 0.089 0.003 0.005 0.786 0.000 -0.529 -0.320 0.643 0.000 0.157 -0.750 0.810 0.000 -0.503 -0.301 0.651 0.000 0.083 -0.754 0.756 -0.000 -0.009 -0.655 0.839 0.000 -0.527 -0.138 0.729 0.000 -0.063 -0.682 0.913 0.000 -0.406 0.033 
0.996 0.089 0.003 0.005 0.785 -0.000 -0.531 -0.320 0.643 0.000 0.156 -0.750 0.812 0.000 -0.501 -0.300 0.651 0.000 0.080 -0.755 0.756 0.000 -0.009 -0.655 0.839 0.000 -0.527 -0.138 0.729 0.000 -0.063 -0.682 0.908 0.000 -0.418 0.034 
0.996 0.089 0.003 0.005 0.785 -0.000 -0.531 -0.319 0.643 0.000 0.155 -0.750 0.812 0.000 -0.501 -0.300 0.651 0.000 0.080 -0.755 0.756 0.000 -0.009 -0.654 0.838 0.000 -0.527 -0.138 0.729 0.000 -0.063 -0.682 0.913 0.000 -0.406 0.033 
0.996 0.089 0.003 0.005 0.784 0.000 -0.532 -0.319 0.643 0.000 0.154 -0.750 0.812 0.000 -0.501 -0.300 0.651 0.000 0.080 -0.755 0.756 0.000 -0.009 -0.654 0.838 0.000 -0.527 -0.138 0.729 0.000 -0.063 -0.682 0.908 0.000 -0.418 0.034 
0.996 0.089 0.003 0.005 0.784 -0.000 -0.532 -0.319 0.644 0.000 0.154 -0.750 0.811 0.000 -0.501 -0.301 0.652 0.000 0.081 -0.754 0.756 -0.000 -0.009 -0.654 0.839 -0.000 -0.527 -0.138 0.729 0.000 -0.063 -0.682 0.913 0.000 -0.407 0.032 
0.996 0.089 0.003 0.005 0.784 0.000 -0.533 -0.319 0.643 0.000 0.153 -0.750 0.811 0.000 -0.501 -0.301 0.652 0.000 0.081 -0.754 0.756 0.000 -0.009 -0.654 0.839 -0.000 -0.527 -0.138 0.729 0.000 -0.063 -0.682 0.908 0.000 -0.418 0.034 
0.996 0.089 0.003 0.005 0.784 -0.000 -0.533 -0.319 0.643 0.000 0.153 -0.750 0.811 0.000 -0.502 -0.300 0.653 0.000 0.080 -0.753 0.756 -0.000 -0.009 -0.654 0.839 -0.000 -0.527 -0.138 0.729 -0.000 -0.063 -0.682 0.913 0.000 -0.407 0.033 
0.996 0.089 0.003 0.005 0.784 0.000 -0.533 -0.319 0.643 0.000 0.153 -0.750 0.812 0.000 -0.501 -0.299 0.652 0.000 0.078 -0.754 0.756 0.000 -0.009 -0.654 0.838 0.000 -0.527 -0.138 0.729 0.000 -0.063 -0.682 0.908 0.000 -0.418 0.034 
0.996 0.089 0.003 0.005 0.784 0.000 -0.532 -0.319 0.643 0.000 0.153 -0.750 0.811 0.000 -0.503 -0.300 0.653 0.000 0.080 -0.753 0.756 -0.000 -0.009 -0.654 0.838 0.000 -0.527 -0.138 0.728 0.000 -0.063 -0.682 0.913 0.000 -0.407 0.033 
0.996 0.089 0.003 0.005 0.784 0.000 -0.531 -0.320 0.644 0.000 0.153 -0.750 0.811 0.000 -0.503 -0.299 0.653 0.000 0.078 -0.753 0.756 0.000 -0.009 -0.654 0.839 0.000 -0.527 -0.139 0.729 0.000 -0.064 -0.682 0.908 0.000 -0.418 0.034 
0.996 0.088 0.003 0.005 0.785 0.000 -0.531 -0.320 0.643 0.000 0.153 -0.750 0.811 0.000 -0.503 -0.298 0.652 0.000 0.076 -0.754 0.756 0.000 -0.009 -0.654 0.838 0.000 -0.527 -0.138 0.729 -0.000 -0.064 -0.682 0.913 0.000 -0.407 0.033 
0.996 0.089 0.003 0.005 0.785 0.000 -0.530 -0.321 0.643 0.000 0.153 -0.750 0.810 0.000 -0.505 -0.299 0.653 0.000 0.078 -0.753 0.756 0.000 -0.009 -0.654 0.838 0.000 -0.528 -0.138 0.729 -0.000 -0.064 -0.682 0.908 -0.000 -0.418 0.034 
0.996 0.088 0.003 0.005 0.785 0.000 -0.529 -0.321 0.643 0.000 0.154 -0.750 0.809 0.000 -0.506 -0.298 0.653 0.000 0.071 -0.754 0.756 -0.000 -0.009 -0.654 0.838 0.000 -0.528 -0.138 0.728 0.000 -0.064 -0.682 0.913 0.000 -0.407 0.033 
0.996 0.088 0.003 0.005 0.786 0.000 -0.528 -0.322 0.644 0.000 0.155 -0.749 0.809 0.000 -0.508 -0.297 0.653 0.000 0.070 -0.754 0.756 0.000 -0.010 -0.655 0.839 0.000 -0.527 -0.137 0.729 0.000 -0.065 -0.682 0.908 0.000 -0.417 0.034 
0.996 0.088 0.004 0.005 0.786 0.000 -0.526 -0.324 0.644 0.000 0.157 -0.749 0.808 0.000 -0.509 -0.297 0.653 -0.000 0.070 -0.755 0.756 -0.000 -0.010 -0.655 0.838 0.000 -0.527 -0.137 0.729 -0.000 -0.064 -0.682 0.913 0.000 -0.407 0.034 
0.996 0.088 0.004 0.005 0.787 0.000 -0.524 -0.325 0.643 -0.000 0.158 -0.749 0.807 0.000 -0.510 -0.296 0.653 -0.000 0.070 -0.755 0.756 -0.000 -0.010 -0.654 0.839 0.000 -0.527 -0.137 0.729 0.000 -0.065 -0.681 0.908 0.000 -0.418 0.034 
0.996 0.088 0.004 0.005 0.788 0.000 -0.523 -0.326 0.643 0.000 0.158 -0.749 0.807 0.000 -0.512 -0.296 0.652 0.000 0.069 -0.755 0.756 0.000 -0.010 -0.655 0.838 -0.000 -0.528 -0.136 0.729 0.000 -0.065 -0.681 0.913 -0.000 -0.406 0.033 
0.996 0.088 0.004 0.005 0.788 -0.000 -0.522 -0.327 0.643 0.000 0.159 -0.750 0.806 -0.000 -0.514 -0.295 0.652 0.000 0.069 -0.755 0.756 0.000 -0.010 -0.655 0.838 0.000 -0.528 -0.137 0.729 -0.000 -0.065 -0.681 0.908 0.000 -0.417 0.034 
0.996 0.088 0.004 0.005 0.789 0.000 -0.519 -0.328 0.642 -0.000 0.160 -0.750 0.805 0.000 -0.515 -0.294 0.652 -0.000 0.069 -0.755 0.756 0.000 -0.010 -0.655 0.839 0.000 -0.527 -0.136 0.730 0.000 -0.067 -0.680 0.914 0.000 -0.404 0.031 
0.996 0.088 0.004 0.005 0.790 0.000 -0.517 -0.329 0.642 0.000 0.161 -0.750 0.804 0.000 -0.517 -0.294 0.652 0.000 0.068 -0.755 0.756 0.000 -0.010 -0.655 0.838 0.000 -0.528 -0.136 0.729 0.000 -0.066 -0.681 0.908 0.000 -0.417 0.034 
0.996 0.088 0.004 0.005 0.791 -0.000 -0.514 -0.331 0.642 -0.000 0.163 -0.749 0.803 0.000 -0.518 -0.294 0.652 0.000 0.069 -0.755 0.755 -0.000 -0.010 -0.655 0.838 0.000 -0.528 -0.136 0.729 0.000 -0.066 -0.681 0.914 0.000 -0.406 0.033 
0.996 0.088 0.005 0.005 0.792 -0.000 -0.512 -0.332 0.642 0.000 0.164 -0.749 0.802 0.000 -0.520 -0.293 0.652 0.000 0.069 -0.755 0.755 0.000 -0.010 -0.655 0.838 0.000 -0.528 -0.135 0.729 0.000 -0.066 -0.681 0.908 0.000 -0.417 0.034 
0.996 0.088 0.005 0.005 0.793 0.000 -0.510 -0.334 0.641 0.000 0.166 -0.749 0.801 0.000 -0.522 -0.293 0.652 0.000 0.069 -0.755 0.755 0.000 -0.010 -0.656 0.838 0.000 -0.528 -0.135 0.730 0.000 -0.066 -0.681 0.914 0.000 -0.405 0.033 
0.996 0.088 0.005 0.004 0.794 -0.000 -0.508 -0.335 0.641 0.000 0.167 -0.749 0.801 0.000 -0.523 -0.292 0.652 0.000 0.069 -0.755 0.755 0.000 -0.010 -0.656 0.838 0.000 -0.528 -0.135 0.730 0.000 -0.067 -0.680 0.908 -0.000 -0.417 0.034 
0.996 0.088 0.005 0.004 0.795 -0.000 -0.505 -0.337 0.641 0.000 0.168 -0.749 0.800 0.000 -0.525 -0.291 0.652 0.000 0.069 -0.755 0.755 0.000 -0.009 -0.656 0.838 0.000 -0.528 -0.135 0.730 0.000 -0.067 -0.680 0.914 0.000 -0.405 0.032 
0.996 0.088 0.006 0.004 0.796 0.000 -0.502 -0.338 0.641 0.000 0.170 -0.749 0.799 0.000 -0.527 -0.291 0.652 0.000 0.069 -0.755 0.754 -0.000 -0.009 -0.656 0.838 -0.000 -0.528 -0.135 0.730 0.000 -0.066 -0.681 0.908 0.000 -0.417 0.034 
0.996 0.088 0.006 0.004 0.797 0.000 -0.499 -0.339 0.640 0.000 0.171 -0.749 0.798 0.000 -0.528 -0.291 0.652 0.000 0.069 -0.755 0.754 0.000 -0.009 -0.656 0.838 0.000 -0.528 -0.135 0.730 0.000 -0.067 -0.680 0.914 0.000 -0.405 0.032 
0.996 0.089 0.006 0.004 0.798 0.000 -0.497 -0.341 0.640 0.000 0.172 -0.749 0.797 -0.000 -0.530 -0.291 0.652 -0.000 0.070 -0.755 0.754 0.000 -0.008 -0.656 0.838 0.000 -0.529 -0.135 0.730 0.000 -0.067 -0.680 0.909 0.000 -0.416 0.033 
0.996 0.089 0.006 0.004 0.799 0.000 -0.495 -0.342 0.640 0.000 0.173 -0.749 0.796 0.000 -0.531 -0.290 0.652 -0.000 0.069 -0.755 0.754 -0.000 -0.008 -0.657 0.838 -0.000 -0.528 -0.135 0.730 -0.000 -0.067 -0.680 0.914 0.000 -0.405 0.031 
0.996 0.089 0.007 0.004 0.800 0.000 -0.492 -0.344 0.640 0.000 0.175 -0.748 0.795 0.000 -0.533 -0.290 0.652 0.000 0.070 -0.755 0.754 0.000 -0.007 -0.657 0.838 0.000 -0.529 -0.135 0.730 0.000 -0.067 -0.680 0.909 0.000 -0.416 0.032 
0.996 0.089 0.007 0.004 0.801 0.000 -0.490 -0.345 0.640 0.000 0.176 -0.748 0.793 0.000 -0.534 -0.292 0.654 0.000 0.071 -0.753 0.754 0.000 -0.008 -0.657 0.838 0.000 -0.529 -0.135 0.730 0.000 -0.067 -0.680 0.914 0.000 -0.405 0.031 
0.996 0.089 0.007 0.004 0.802 0.000 -0.487 -0.346 0.640 0.000 0.177 -0.748 0.793 0.000 -0.536 -0.289 0.652 -0.000 0.069 -0.755 0.754 0.000 -0.007 -0.657 0.838 -0.000 -0.529 -0.135 0.731 0.000 -0.066 -0.680 0.909 -0.000 -0.416 0.032 
0.996 0.089 0.007 0.004 0.802 0.000 -0.485 -0.348 0.640 0.000 0.178 -0.748 0.792 0.000 -0.537 -0.288 0.652 0.000 0.069 -0.755 0.754 -0.000 -0.006 -0.657 0.838 0.000 -0.529 -0.135 0.731 0.000 -0.067 -0.679 0.914 -0.000 -0.404 0.030 
0.996 0.089 0.007 0.003 0.804 0.000 -0.481 -0.348 0.639 0.000 0.180 -0.748 0.792 0.000 -0.539 -0.288 0.652 0.000 0.069 -0.755 0.754 0.000 -0.006 -0.657 0.838 0.000 -0.529 -0.136 0.731 0.000 -0.067 -0.679 0.909 -0.000 -0.416 0.031 
0.996 0.090 0.008 0.003 0.804 0.000 -0.481 -0.349 0.639 0.000 0.180 -0.748 0.791 0.000 -0.540 -0.287 0.652 0.000 0.067 -0.755 0.754 0.000 -0.005 -0.657 0.838 -0.000 -0.529 -0.136 0.731 0.000 -0.066 -0.679 0.914 0.000 -0.404 0.030 
0.996 0.090 0.008 0.003 0.805 0.000 -0.479 -0.351 0.639 0.000 0.181 -0.747 0.790 0.000 -0.541 -0.287 0.652 0.000 0.068 -0.755 0.753 0.000 -0.005 -0.657 0.838 -0.000 -0.529 -0.136 0.731 0.000 -0.066 -0.679 0.909 -0.000 -0.415 0.031 
0.996 0.090 0.008 0.003 0.805 0.000 -0.477 -0.353 0.640 0.000 0.183 -0.747 0.790 0.000 -0.542 -0.286 0.652 -0.000 0.067 -0.755 0.754 0.000 -0.005 -0.657 0.838 0.000 -0.529 -0.137 0.731 0.000 -0.066 -0.679 0.914 0.000 -0.404 0.029 
0.996 0.090 0.008 0.003 0.806 0.000 -0.475 -0.353 0.639 -0.000 0.183 -0.747 0.789 0.000 -0.543 -0.287 0.653 0.000 0.068 -0.754 0.754 -0.000 -0.005 -0.657 0.838 0.000 -0.529 -0.136 0.731 0.000 -0.066 -0.679 0.909 0.000 -0.416 0.031 
0.996 0.090 0.008 0.003 0.806 0.000 -0.474 -0.354 0.639 0.000 0.183 -0.747 0.788 -0.000 -0.545 -0.287 0.654 0.000 0.068 -0.753 0.753 0.000 -0.004 -0.658 0.838 0.000 -0.529 -0.136 0.731 -0.000 -0.066 -0.679 0.914 0.000 -0.405 0.030 
0.996 0.090 0.008 0.003 0.807 0.000 -0.472 -0.355 0.640 0.000 0.184 -0.746 0.788 0.000 -0.546 -0.285 0.653 0.000 0.066 -0.755 0.754 0.000 -0.004 -0.657 0.837 0.000 -0.529 -0.137 0.731 0.000 -0.066 -0.679 0.909 0.000 -0.415 0.030 
0.996 0.090 0.009 0.003 0.807 -0.000 -0.471 -0.356 0.639 0.000 0.184 -0.747 0.788 0.000 -0.547 -0.284 0.653 0.000 0.066 -0.755 0.753 0.000 -0.003 -0.658 0.837 0.000 -0.529 -0.137 0.731 0.000 -0.066 -0.679 0.914 0.000 -0.404 0.028 
0.996 0.090 0.009 0.003 0.808 0.000 -0.469 -0.357 0.639 0.000 0.185 -0.746 0.787 0.000 -0.548 -0.284 0.653 0.000 0.065 -0.755 0.754 0.000 -0.003 -0.657 0.837 -0.000 -0.529 -0.137 0.731 0.000 -0.066 -0.679 0.909 0.000 -0.415 0.029 
0.996 0.090 0.009 0.003 0.808 0.000 -0.468 -0.357 0.639 -0.000 0.185 -0.746 0.787 0.000 -0.547 -0.285 0.654 0.000 0.066 -0.754 0.753 0.000 -0.003 -0.658 0.837 -0.000 -0.529 -0.137 0.731 0.000 -0.066 -0.679 0.914 0.000 -0.404 0.028 
0.996 0.091 0.009 0.003 0.809 0.000 -0.467 -0.358 0.639 -0.000 0.186 -0.746 0.786 0.000 -0.549 -0.283 0.653 0.000 0.064 -0.754 0.753 0.000 -0.003 -0.658 0.837 -0.000 -0.529 -0.137 0.731 0.000 -0.066 -0.679 0.909 0.000 -0.415 0.029 
