# T   LUA LFA RUA RFA LT  LS  RT  RS  
0.998 -0.054 0.013 0.005 0.741 0.000 -0.653 0.160 0.976 0.000 -0.049 -0.213 0.752 0.000 -0.650 0.111 0.978 0.000 -0.070 -0.194 0.689 0.000 -0.715 0.119 0.998 0.000 -0.005 0.064 0.635 0.000 -0.768 0.085 1.000 0.000 0.009 0.002 
0.998 -0.054 0.013 0.005 0.741 0.000 -0.652 0.160 0.976 0.000 -0.049 -0.212 0.752 0.000 -0.650 0.111 0.978 0.000 -0.070 -0.194 0.689 0.000 -0.715 0.119 0.998 -0.000 -0.004 0.064 0.635 -0.000 -0.768 0.086 1.000 0.000 0.009 0.002 
0.998 -0.054 0.013 0.005 0.741 0.000 -0.652 0.160 0.976 0.000 -0.050 -0.212 0.752 0.000 -0.650 0.111 0.979 0.000 -0.070 -0.194 0.689 0.000 -0.715 0.120 0.998 0.000 -0.004 0.064 0.635 0.000 -0.768 0.086 1.000 0.000 0.009 0.003 
0.998 -0.053 0.012 0.005 0.741 0.000 -0.652 0.158 0.976 0.000 -0.050 -0.210 0.752 0.000 -0.650 0.112 0.979 0.000 -0.069 -0.194 0.688 0.000 -0.715 0.120 0.998 0.000 -0.004 0.064 0.635 0.000 -0.768 0.086 1.000 0.000 0.009 0.003 
0.998 -0.053 0.012 0.005 0.741 0.000 -0.652 0.160 0.976 0.000 -0.050 -0.212 0.752 0.000 -0.650 0.112 0.978 0.000 -0.070 -0.195 0.688 0.000 -0.715 0.121 0.998 0.000 -0.003 0.064 0.635 0.000 -0.768 0.087 1.000 0.000 0.010 0.003 
0.998 -0.053 0.012 0.005 0.741 0.000 -0.652 0.160 0.976 0.000 -0.051 -0.212 0.752 -0.000 -0.650 0.112 0.978 0.000 -0.069 -0.195 0.688 0.000 -0.715 0.121 0.998 0.000 -0.003 0.064 0.635 0.000 -0.768 0.087 1.000 0.000 0.010 0.003 
0.999 -0.053 0.012 0.005 0.741 0.000 -0.652 0.159 0.976 0.000 -0.050 -0.212 0.752 0.000 -0.650 0.112 0.978 0.000 -0.070 -0.195 0.688 0.000 -0.715 0.121 0.998 0.000 -0.003 0.064 0.635 0.000 -0.768 0.085 1.000 0.000 0.010 0.005 
0.999 -0.053 0.012 0.005 0.741 0.000 -0.653 0.159 0.976 0.000 -0.050 -0.212 0.752 0.000 -0.649 0.112 0.978 0.000 -0.070 -0.195 0.688 0.000 -0.715 0.122 0.998 -0.000 -0.003 0.063 0.635 0.000 -0.768 0.085 1.000 0.000 0.010 0.005 
0.999 -0.053 0.012 0.006 0.741 0.000 -0.653 0.158 0.976 0.000 -0.051 -0.212 0.752 0.000 -0.649 0.112 0.978 0.000 -0.070 -0.195 0.688 0.000 -0.715 0.123 0.998 0.000 -0.002 0.062 0.635 0.000 -0.768 0.085 1.000 0.000 0.010 0.006 
0.999 -0.053 0.011 0.005 0.741 -0.000 -0.653 0.159 0.976 -0.000 -0.051 -0.213 0.752 0.000 -0.649 0.112 0.978 -0.000 -0.070 -0.195 0.688 0.000 -0.715 0.124 0.998 0.000 -0.002 0.062 0.635 0.000 -0.768 0.085 1.000 0.000 0.010 0.006 
0.999 -0.053 0.011 0.005 0.741 0.000 -0.653 0.158 0.976 0.000 -0.051 -0.212 0.752 0.000 -0.649 0.113 0.978 0.000 -0.070 -0.195 0.687 0.000 -0.715 0.125 0.998 0.000 -0.002 0.061 0.635 0.000 -0.768 0.085 1.000 0.000 0.010 0.006 
0.999 -0.053 0.011 0.005 0.741 0.000 -0.653 0.158 0.976 0.000 -0.051 -0.212 0.752 0.000 -0.649 0.113 0.978 0.000 -0.070 -0.195 0.687 0.000 -0.716 0.125 0.998 0.000 -0.001 0.061 0.635 0.000 -0.768 0.085 1.000 0.000 0.010 0.007 
0.999 -0.052 0.011 0.004 0.741 0.000 -0.653 0.157 0.976 0.000 -0.051 -0.212 0.752 0.000 -0.649 0.113 0.978 0.000 -0.070 -0.196 0.687 0.000 -0.716 0.125 0.998 0.000 -0.001 0.061 0.635 0.000 -0.768 0.085 1.000 0.000 0.010 0.008 
0.999 -0.052 0.010 0.004 0.741 0.000 -0.653 0.157 0.976 0.000 -0.052 -0.213 0.752 0.000 -0.649 0.112 0.978 0.000 -0.070 -0.196 0.687 0.000 -0.716 0.127 0.998 0.000 -0.001 0.059 0.635 0.000 -0.768 0.085 1.000 0.000 0.011 0.008 
0.999 -0.052 0.010 0.004 0.741 0.000 -0.653 0.157 0.976 0.000 -0.051 -0.213 0.752 0.000 -0.649 0.113 0.978 0.000 -0.070 -0.196 0.687 -0.000 -0.715 0.128 0.998 0.000 -0.000 0.059 0.635 0.000 -0.768 0.085 1.000 0.000 0.011 0.008 
0.999 -0.052 0.010 0.003 0.742 0.000 -0.652 0.155 0.976 0.000 -0.053 -0.211 0.752 0.000 -0.649 0.113 0.978 0.000 -0.069 -0.196 0.687 0.000 -0.715 0.128 0.998 -0.000 -0.000 0.058 0.635 0.000 -0.768 0.085 1.000 0.000 0.011 0.009 
0.999 -0.052 0.010 0.003 0.742 0.000 -0.653 0.156 0.976 0.000 -0.051 -0.213 0.752 0.000 -0.649 0.112 0.978 -0.000 -0.069 -0.197 0.687 0.000 -0.715 0.129 0.998 0.000 -0.000 0.057 0.635 0.000 -0.768 0.085 1.000 0.000 0.011 0.009 
0.999 -0.052 0.010 0.003 0.741 0.000 -0.653 0.156 0.976 0.000 -0.051 -0.213 0.752 0.000 -0.649 0.112 0.978 0.000 -0.069 -0.197 0.687 -0.000 -0.715 0.130 0.998 0.000 0.000 0.057 0.635 0.000 -0.768 0.085 1.000 0.000 0.012 0.010 
0.999 -0.051 0.009 0.001 0.742 0.000 -0.653 0.154 0.976 0.000 -0.051 -0.213 0.752 0.000 -0.650 0.112 0.978 -0.000 -0.068 -0.198 0.687 -0.000 -0.715 0.128 0.998 0.000 -0.000 0.058 0.635 0.000 -0.768 0.084 1.000 0.000 0.012 0.010 
0.999 -0.051 0.009 0.001 0.742 0.000 -0.653 0.154 0.975 0.000 -0.052 -0.214 0.752 -0.000 -0.650 0.112 0.978 0.000 -0.068 -0.198 0.687 0.000 -0.715 0.129 0.998 0.000 -0.000 0.057 0.634 0.000 -0.768 0.084 1.000 0.000 0.013 0.011 
0.999 -0.051 0.009 0.000 0.742 0.000 -0.653 0.154 0.975 0.000 -0.051 -0.215 0.752 0.000 -0.650 0.112 0.978 -0.000 -0.068 -0.199 0.687 0.000 -0.715 0.129 0.998 0.000 -0.000 0.057 0.634 0.000 -0.769 0.084 1.000 -0.000 0.013 0.012 
0.999 -0.050 0.009 -0.001 0.742 0.000 -0.653 0.153 0.975 0.000 -0.052 -0.215 0.752 0.000 -0.650 0.112 0.978 0.000 -0.068 -0.199 0.687 0.000 -0.715 0.130 0.998 0.000 -0.000 0.057 0.634 -0.000 -0.768 0.084 1.000 0.000 0.013 0.012 
0.999 -0.050 0.009 -0.001 0.742 -0.000 -0.652 0.153 0.975 -0.000 -0.052 -0.215 0.752 0.000 -0.650 0.112 0.977 -0.000 -0.068 -0.200 0.687 0.000 -0.714 0.131 0.998 -0.000 -0.001 0.056 0.634 0.000 -0.769 0.084 1.000 0.000 0.013 0.012 
0.999 -0.050 0.008 -0.002 0.742 0.000 -0.652 0.153 0.975 0.000 -0.052 -0.216 0.752 0.000 -0.650 0.112 0.977 0.000 -0.068 -0.201 0.687 0.000 -0.714 0.131 0.998 0.000 -0.001 0.056 0.634 0.000 -0.769 0.084 1.000 -0.000 0.014 0.013 
0.999 -0.050 0.008 -0.002 0.743 -0.000 -0.652 0.151 0.975 0.000 -0.053 -0.214 0.752 -0.000 -0.650 0.112 0.977 0.000 -0.067 -0.201 0.687 0.000 -0.714 0.132 0.998 0.000 -0.000 0.055 0.634 0.000 -0.769 0.086 1.000 0.000 0.014 0.012 
0.999 -0.050 0.008 -0.003 0.743 0.000 -0.652 0.151 0.975 -0.000 -0.052 -0.216 0.752 0.000 -0.649 0.112 0.977 0.000 -0.068 -0.202 0.688 0.000 -0.714 0.133 0.998 -0.000 -0.000 0.055 0.634 0.000 -0.769 0.086 1.000 0.000 0.014 0.012 
0.999 -0.050 0.008 -0.004 0.743 -0.000 -0.652 0.151 0.975 0.000 -0.052 -0.217 0.752 0.000 -0.650 0.112 0.977 0.000 -0.067 -0.203 0.687 0.000 -0.714 0.133 0.999 0.000 -0.000 0.055 0.634 0.000 -0.769 0.086 1.000 -0.000 0.015 0.012 
0.999 -0.050 0.008 -0.004 0.744 0.000 -0.652 0.150 0.975 0.000 -0.053 -0.217 0.752 0.000 -0.649 0.112 0.977 0.000 -0.068 -0.203 0.688 -0.000 -0.714 0.134 0.999 0.000 -0.000 0.054 0.634 0.000 -0.769 0.087 1.000 0.000 0.015 0.013 
0.999 -0.049 0.008 -0.004 0.744 0.000 -0.652 0.149 0.975 -0.000 -0.052 -0.218 0.752 0.000 -0.649 0.112 0.977 -0.000 -0.068 -0.204 0.688 0.000 -0.714 0.134 0.999 0.000 -0.001 0.054 0.634 0.000 -0.769 0.087 1.000 0.000 0.015 0.013 
0.999 -0.049 0.008 -0.005 0.744 0.000 -0.651 0.149 0.974 0.000 -0.053 -0.218 0.752 0.000 -0.649 0.112 0.977 0.000 -0.068 -0.204 0.688 0.000 -0.714 0.134 0.999 -0.000 -0.001 0.054 0.634 0.000 -0.769 0.087 1.000 0.000 0.015 0.013 
0.999 -0.049 0.007 -0.005 0.745 0.000 -0.651 0.147 0.975 0.000 -0.054 -0.216 0.752 0.000 -0.649 0.112 0.976 0.000 -0.069 -0.205 0.688 0.000 -0.713 0.134 0.999 0.000 -0.001 0.054 0.634 0.000 -0.769 0.087 1.000 0.000 0.015 0.013 
0.999 -0.048 0.007 -0.006 0.745 0.000 -0.651 0.146 0.975 0.000 -0.054 -0.217 0.752 0.000 -0.649 0.112 0.976 0.000 -0.069 -0.206 0.688 -0.000 -0.713 0.135 0.999 0.000 -0.001 0.054 0.633 0.000 -0.769 0.088 1.000 0.000 0.015 0.013 
0.999 -0.048 0.007 -0.007 0.745 0.000 -0.651 0.147 0.974 -0.000 -0.053 -0.220 0.752 -0.000 -0.649 0.111 0.976 0.000 -0.069 -0.206 0.688 0.000 -0.713 0.134 0.999 0.000 -0.001 0.054 0.633 0.000 -0.769 0.088 1.000 0.000 0.015 0.013 
0.999 -0.048 0.007 -0.007 0.745 -0.000 -0.651 0.145 0.974 0.000 -0.053 -0.219 0.752 -0.000 -0.649 0.111 0.976 0.000 -0.069 -0.207 0.689 0.000 -0.713 0.133 0.999 0.000 -0.001 0.055 0.633 0.000 -0.769 0.088 1.000 0.000 0.015 0.013 
0.999 -0.047 0.007 -0.007 0.745 0.000 -0.651 0.145 0.974 -0.000 -0.053 -0.219 0.752 0.000 -0.649 0.111 0.976 0.000 -0.069 -0.207 0.689 0.000 -0.713 0.134 0.999 0.000 -0.002 0.054 0.633 -0.000 -0.769 0.088 1.000 0.000 0.015 0.013 
0.999 -0.047 0.007 -0.007 0.745 0.000 -0.651 0.144 0.974 0.000 -0.053 -0.220 0.753 0.000 -0.649 0.110 0.976 0.000 -0.069 -0.208 0.689 -0.000 -0.712 0.135 0.999 0.000 -0.002 0.053 0.633 0.000 -0.769 0.088 1.000 0.000 0.015 0.014 
0.999 -0.047 0.007 -0.008 0.746 -0.000 -0.651 0.144 0.974 0.000 -0.053 -0.220 0.753 0.000 -0.649 0.110 0.976 0.000 -0.069 -0.209 0.689 0.000 -0.712 0.135 0.999 0.000 -0.002 0.053 0.633 -0.000 -0.769 0.088 1.000 0.000 0.014 0.014 
0.999 -0.047 0.006 -0.008 0.746 -0.000 -0.650 0.142 0.974 0.000 -0.053 -0.219 0.753 0.000 -0.649 0.110 0.976 0.000 -0.069 -0.208 0.689 -0.000 -0.712 0.135 0.999 0.000 -0.002 0.054 0.634 0.000 -0.769 0.088 1.000 -0.000 0.014 0.014 
0.999 -0.047 0.006 -0.009 0.746 0.000 -0.651 0.142 0.974 0.000 -0.053 -0.221 0.753 0.000 -0.649 0.110 0.975 0.000 -0.069 -0.209 0.689 0.000 -0.712 0.136 0.999 0.000 -0.002 0.053 0.634 0.000 -0.768 0.090 1.000 0.000 0.013 0.014 
0.999 -0.047 0.006 -0.009 0.746 0.000 -0.651 0.142 0.974 -0.000 -0.052 -0.221 0.753 0.000 -0.649 0.109 0.975 0.000 -0.069 -0.210 0.689 0.000 -0.711 0.137 0.999 -0.000 -0.002 0.052 0.635 0.000 -0.768 0.090 1.000 0.000 0.012 0.015 
0.999 -0.046 0.005 -0.010 0.746 0.000 -0.651 0.142 0.974 0.000 -0.052 -0.222 0.753 0.000 -0.649 0.109 0.975 0.000 -0.068 -0.210 0.689 0.000 -0.711 0.137 0.999 -0.000 -0.002 0.053 0.635 -0.000 -0.768 0.090 1.000 0.000 0.012 0.015 
0.999 -0.046 0.005 -0.010 0.746 0.000 -0.651 0.141 0.974 0.000 -0.053 -0.221 0.753 0.000 -0.649 0.109 0.975 0.000 -0.068 -0.210 0.689 0.000 -0.711 0.138 0.999 0.000 -0.002 0.053 0.635 0.000 -0.767 0.090 1.000 0.000 0.011 0.016 
0.999 -0.046 0.004 -0.010 0.745 0.000 -0.651 0.141 0.974 0.000 -0.053 -0.221 0.754 0.000 -0.648 0.108 0.975 0.000 -0.068 -0.210 0.689 -0.000 -0.711 0.139 0.999 0.000 -0.003 0.052 0.636 0.000 -0.767 0.090 1.000 -0.000 0.011 0.017 
0.999 -0.046 0.004 -0.010 0.746 0.000 -0.651 0.141 0.974 0.000 -0.053 -0.221 0.754 0.000 -0.648 0.108 0.975 0.000 -0.069 -0.210 0.689 0.000 -0.711 0.139 0.999 0.000 -0.003 0.053 0.636 0.000 -0.766 0.090 1.000 0.000 0.011 0.018 
0.999 -0.046 0.003 -0.011 0.745 0.000 -0.652 0.141 0.974 0.000 -0.053 -0.222 0.754 0.000 -0.648 0.108 0.975 0.000 -0.068 -0.211 0.689 0.000 -0.711 0.140 0.999 -0.000 -0.002 0.052 0.636 0.000 -0.766 0.090 1.000 0.000 0.010 0.019 
0.999 -0.046 0.003 -0.011 0.745 0.000 -0.652 0.140 0.974 -0.000 -0.054 -0.221 0.755 0.000 -0.647 0.108 0.975 0.000 -0.068 -0.210 0.689 0.000 -0.711 0.140 0.999 0.000 -0.003 0.054 0.637 0.000 -0.766 0.090 1.000 0.000 0.010 0.019 
0.999 -0.046 0.002 -0.012 0.745 0.000 -0.652 0.141 0.974 -0.000 -0.053 -0.222 0.755 -0.000 -0.647 0.108 0.975 0.000 -0.068 -0.211 0.689 0.000 -0.711 0.140 0.999 0.000 -0.003 0.055 0.637 0.000 -0.765 0.091 1.000 0.000 0.009 0.020 
0.999 -0.046 0.002 -0.012 0.745 0.000 -0.652 0.141 0.973 0.000 -0.054 -0.223 0.755 0.000 -0.647 0.108 0.975 0.000 -0.067 -0.211 0.689 -0.000 -0.711 0.140 0.998 0.000 -0.003 0.056 0.637 -0.000 -0.765 0.091 1.000 0.000 0.010 0.021 
0.999 -0.046 0.001 -0.013 0.745 0.000 -0.652 0.141 0.973 0.000 -0.055 -0.223 0.755 0.000 -0.646 0.108 0.975 0.000 -0.067 -0.211 0.689 0.000 -0.711 0.139 0.998 0.000 -0.003 0.058 0.638 0.000 -0.765 0.091 1.000 -0.000 0.010 0.022 
0.999 -0.046 0.000 -0.013 0.745 0.000 -0.653 0.140 0.973 0.000 -0.055 -0.222 0.756 0.000 -0.646 0.108 0.975 0.000 -0.066 -0.211 0.689 0.000 -0.711 0.138 0.998 0.000 -0.003 0.060 0.638 0.000 -0.764 0.091 1.000 0.000 0.010 0.022 
0.999 -0.046 -0.000 -0.014 0.744 0.000 -0.653 0.140 0.973 0.000 -0.056 -0.222 0.756 0.000 -0.646 0.108 0.975 0.000 -0.066 -0.211 0.689 0.000 -0.711 0.138 0.998 -0.000 -0.003 0.061 0.638 0.000 -0.764 0.092 1.000 0.000 0.010 0.023 
0.999 -0.045 -0.001 -0.016 0.744 0.000 -0.653 0.139 0.973 0.000 -0.056 -0.222 0.756 0.000 -0.646 0.107 0.975 0.000 -0.064 -0.211 0.691 0.000 -0.711 0.131 0.998 0.000 -0.005 0.067 0.638 0.000 -0.764 0.090 1.000 -0.000 0.010 0.025 
0.999 -0.046 -0.001 -0.014 0.744 0.000 -0.653 0.140 0.974 0.000 -0.056 -0.222 0.756 0.000 -0.645 0.108 0.975 0.000 -0.066 -0.211 0.690 0.000 -0.712 0.135 0.998 0.000 -0.004 0.066 0.638 0.000 -0.764 0.091 1.000 0.000 0.011 0.026 
0.999 -0.045 -0.002 -0.016 0.744 0.000 -0.654 0.139 0.973 0.000 -0.057 -0.222 0.757 0.000 -0.645 0.107 0.975 0.000 -0.065 -0.211 0.691 0.000 -0.711 0.130 0.997 0.000 -0.005 0.071 0.639 0.000 -0.764 0.089 1.000 0.000 0.012 0.027 
0.999 -0.045 -0.003 -0.016 0.743 0.000 -0.654 0.139 0.973 0.000 -0.056 -0.222 0.757 0.000 -0.644 0.107 0.975 0.000 -0.064 -0.211 0.691 0.000 -0.711 0.129 0.997 0.000 -0.006 0.073 0.639 -0.000 -0.764 0.090 1.000 0.000 0.013 0.027 
0.999 -0.045 -0.004 -0.017 0.743 -0.000 -0.655 0.139 0.973 0.000 -0.057 -0.222 0.757 0.000 -0.644 0.107 0.975 0.000 -0.064 -0.211 0.691 0.000 -0.711 0.127 0.997 0.000 -0.006 0.077 0.638 0.000 -0.764 0.091 1.000 0.000 0.014 0.028 
0.999 -0.045 -0.005 -0.016 0.742 0.000 -0.655 0.140 0.973 0.000 -0.057 -0.222 0.758 0.000 -0.644 0.107 0.975 0.000 -0.064 -0.211 0.691 0.000 -0.712 0.128 0.997 -0.000 -0.007 0.079 0.638 0.000 -0.764 0.092 0.999 0.000 0.015 0.028 
0.999 -0.045 -0.005 -0.016 0.742 0.000 -0.656 0.139 0.974 0.000 -0.057 -0.221 0.758 0.000 -0.643 0.107 0.975 0.000 -0.064 -0.211 0.691 -0.000 -0.712 0.126 0.997 -0.000 -0.008 0.083 0.638 0.000 -0.764 0.093 0.999 -0.000 0.016 0.029 
0.999 -0.045 -0.006 -0.016 0.742 0.000 -0.656 0.140 0.974 0.000 -0.057 -0.221 0.759 0.000 -0.642 0.107 0.975 0.000 -0.064 -0.211 0.691 0.000 -0.712 0.123 0.996 0.000 -0.008 0.087 0.638 0.000 -0.764 0.093 0.999 -0.000 0.017 0.029 
0.999 -0.045 -0.007 -0.015 0.741 -0.000 -0.657 0.140 0.973 -0.000 -0.057 -0.222 0.760 0.000 -0.641 0.107 0.975 0.000 -0.065 -0.211 0.691 0.000 -0.712 0.123 0.996 0.000 -0.009 0.089 0.639 0.000 -0.764 0.094 0.999 0.000 0.019 0.030 
0.999 -0.045 -0.008 -0.015 0.741 0.000 -0.657 0.139 0.974 0.000 -0.058 -0.220 0.760 0.000 -0.641 0.108 0.975 0.000 -0.066 -0.211 0.691 0.000 -0.712 0.120 0.996 0.000 -0.009 0.094 0.638 0.000 -0.764 0.094 0.999 0.000 0.020 0.031 
0.999 -0.045 -0.009 -0.016 0.740 0.000 -0.658 0.138 0.974 0.000 -0.057 -0.219 0.761 0.000 -0.640 0.108 0.975 0.000 -0.066 -0.211 0.691 -0.000 -0.713 0.117 0.995 0.000 -0.010 0.098 0.639 0.000 -0.764 0.095 0.999 0.000 0.020 0.031 
0.999 -0.045 -0.010 -0.014 0.739 0.000 -0.659 0.139 0.974 0.000 -0.057 -0.219 0.761 0.000 -0.639 0.108 0.975 0.000 -0.066 -0.210 0.691 0.000 -0.713 0.116 0.995 0.000 -0.011 0.102 0.640 0.000 -0.763 0.095 0.999 -0.000 0.020 0.032 
0.999 -0.045 -0.010 -0.014 0.739 0.000 -0.659 0.139 0.974 -0.000 -0.057 -0.219 0.762 0.000 -0.639 0.108 0.975 0.000 -0.067 -0.210 0.692 0.000 -0.713 0.112 0.994 0.000 -0.011 0.106 0.640 0.000 -0.762 0.096 0.999 0.000 0.020 0.032 
0.999 -0.045 -0.011 -0.014 0.739 0.000 -0.660 0.138 0.974 0.000 -0.056 -0.218 0.762 0.000 -0.638 0.108 0.975 0.000 -0.067 -0.210 0.692 0.000 -0.714 0.108 0.994 0.000 -0.012 0.112 0.640 0.000 -0.762 0.097 0.999 -0.000 0.021 0.032 
0.999 -0.045 -0.012 -0.012 0.738 0.000 -0.661 0.140 0.974 0.000 -0.054 -0.221 0.763 0.000 -0.637 0.108 0.976 0.000 -0.068 -0.209 0.692 0.000 -0.714 0.106 0.993 0.000 -0.013 0.116 0.640 0.000 -0.762 0.097 0.999 0.000 0.021 0.032 
0.999 -0.045 -0.012 -0.012 0.737 0.000 -0.662 0.139 0.974 -0.000 -0.053 -0.221 0.763 -0.000 -0.637 0.108 0.976 0.000 -0.068 -0.209 0.693 0.000 -0.714 0.101 0.993 -0.000 -0.014 0.121 0.641 0.000 -0.762 0.097 0.999 0.000 0.021 0.032 
0.999 -0.045 -0.012 -0.011 0.737 0.000 -0.662 0.139 0.974 0.000 -0.052 -0.221 0.763 0.000 -0.637 0.109 0.976 0.000 -0.069 -0.208 0.694 0.000 -0.713 0.099 0.992 0.000 -0.015 0.125 0.640 0.000 -0.762 0.099 0.999 0.000 0.022 0.032 
0.999 -0.045 -0.012 -0.010 0.736 0.000 -0.662 0.139 0.974 0.000 -0.052 -0.221 0.764 0.000 -0.636 0.109 0.976 0.000 -0.070 -0.208 0.694 0.000 -0.713 0.094 0.991 0.000 -0.017 0.130 0.641 0.000 -0.761 0.099 0.999 0.000 0.022 0.032 
0.999 -0.045 -0.012 -0.008 0.736 0.000 -0.662 0.139 0.974 0.000 -0.051 -0.220 0.764 0.000 -0.636 0.110 0.976 0.000 -0.071 -0.208 0.695 0.000 -0.713 0.092 0.991 0.000 -0.017 0.134 0.641 -0.000 -0.761 0.101 0.999 0.000 0.022 0.032 
0.999 -0.045 -0.013 -0.006 0.735 -0.000 -0.663 0.140 0.974 0.000 -0.050 -0.222 0.764 0.000 -0.635 0.111 0.976 -0.000 -0.073 -0.207 0.695 0.000 -0.713 0.090 0.990 0.000 -0.018 0.137 0.641 0.000 -0.761 0.102 0.999 0.000 0.022 0.032 
0.999 -0.045 -0.013 -0.005 0.736 -0.000 -0.663 0.139 0.974 0.000 -0.050 -0.220 0.764 0.000 -0.635 0.111 0.976 0.000 -0.073 -0.207 0.696 0.000 -0.712 0.087 0.990 0.000 -0.020 0.142 0.641 0.000 -0.761 0.104 0.999 -0.000 0.022 0.031 
0.999 -0.045 -0.012 -0.003 0.735 0.000 -0.663 0.141 0.974 0.000 -0.050 -0.221 0.765 0.000 -0.635 0.112 0.976 0.000 -0.075 -0.206 0.696 -0.000 -0.713 0.084 0.989 0.000 -0.020 0.145 0.641 0.000 -0.760 0.106 0.999 0.000 0.022 0.031 
0.999 -0.046 -0.012 -0.001 0.734 0.000 -0.664 0.143 0.974 0.000 -0.048 -0.223 0.765 0.000 -0.634 0.113 0.976 0.000 -0.077 -0.206 0.695 0.000 -0.714 0.083 0.989 0.000 -0.018 0.148 0.641 0.000 -0.760 0.108 0.999 0.000 0.022 0.031 
0.999 -0.046 -0.013 0.001 0.734 0.000 -0.664 0.143 0.974 0.000 -0.047 -0.223 0.766 0.000 -0.633 0.113 0.976 0.000 -0.078 -0.205 0.693 -0.000 -0.716 0.077 0.988 0.000 -0.015 0.154 0.642 0.000 -0.759 0.110 0.999 0.000 0.021 0.031 
0.999 -0.046 -0.013 0.003 0.733 0.000 -0.664 0.144 0.973 -0.000 -0.047 -0.224 0.766 0.000 -0.632 0.114 0.976 0.000 -0.080 -0.204 0.691 -0.000 -0.719 0.072 0.987 0.000 -0.012 0.158 0.642 0.000 -0.758 0.112 0.999 0.000 0.021 0.030 
0.999 -0.047 -0.013 0.007 0.732 0.000 -0.665 0.146 0.973 -0.000 -0.046 -0.224 0.767 0.000 -0.631 0.115 0.976 0.000 -0.082 -0.203 0.688 0.000 -0.722 0.069 0.987 0.000 -0.008 0.162 0.642 0.000 -0.758 0.114 0.999 0.000 0.021 0.030 
0.999 -0.047 -0.014 0.008 0.732 0.000 -0.666 0.146 0.973 -0.000 -0.045 -0.225 0.768 -0.000 -0.630 0.116 0.976 0.000 -0.083 -0.202 0.686 0.000 -0.725 0.062 0.986 0.000 -0.004 0.166 0.643 -0.000 -0.757 0.116 0.999 0.000 0.021 0.030 
0.999 -0.047 -0.015 0.011 0.731 -0.000 -0.666 0.147 0.974 0.000 -0.046 -0.223 0.769 -0.000 -0.628 0.117 0.976 0.000 -0.085 -0.201 0.684 0.000 -0.727 0.057 0.986 -0.000 -0.002 0.168 0.644 0.000 -0.756 0.119 0.999 0.000 0.021 0.029 
0.999 -0.048 -0.015 0.014 0.729 0.000 -0.668 0.149 0.973 0.000 -0.044 -0.226 0.770 0.000 -0.627 0.117 0.976 0.000 -0.087 -0.200 0.681 0.000 -0.731 0.052 0.986 0.000 0.003 0.169 0.645 0.000 -0.755 0.121 0.999 0.000 0.020 0.029 
0.999 -0.048 -0.016 0.016 0.728 0.000 -0.669 0.149 0.973 0.000 -0.043 -0.226 0.771 0.000 -0.626 0.117 0.976 0.000 -0.087 -0.199 0.679 0.000 -0.733 0.045 0.985 -0.000 0.004 0.171 0.646 0.000 -0.753 0.122 0.999 0.000 0.020 0.029 
0.999 -0.048 -0.017 0.018 0.727 0.000 -0.670 0.150 0.973 -0.000 -0.042 -0.226 0.772 0.000 -0.624 0.117 0.976 0.000 -0.089 -0.198 0.677 -0.000 -0.735 0.038 0.985 0.000 0.005 0.172 0.647 0.000 -0.752 0.124 0.999 0.000 0.020 0.028 
0.998 -0.048 -0.019 0.021 0.726 -0.000 -0.671 0.151 0.973 0.000 -0.041 -0.226 0.774 0.000 -0.622 0.118 0.976 0.000 -0.090 -0.197 0.674 0.000 -0.738 0.033 0.985 0.000 0.007 0.171 0.648 0.000 -0.751 0.127 0.999 0.000 0.020 0.027 
0.998 -0.048 -0.019 0.023 0.725 0.000 -0.672 0.152 0.973 0.000 -0.040 -0.227 0.775 0.000 -0.621 0.118 0.977 -0.000 -0.091 -0.195 0.673 0.000 -0.739 0.024 0.985 0.000 0.006 0.172 0.649 0.000 -0.750 0.128 0.999 0.000 0.020 0.026 
0.998 -0.048 -0.020 0.025 0.724 0.000 -0.673 0.151 0.973 0.000 -0.041 -0.225 0.775 0.000 -0.620 0.118 0.977 0.000 -0.091 -0.194 0.673 0.000 -0.740 0.015 0.985 -0.000 0.005 0.171 0.649 -0.000 -0.749 0.130 0.999 0.000 0.020 0.025 
0.998 -0.048 -0.021 0.026 0.724 0.000 -0.673 0.152 0.974 0.000 -0.041 -0.224 0.776 -0.000 -0.620 0.118 0.977 -0.000 -0.091 -0.194 0.672 0.000 -0.740 0.007 0.985 0.000 0.004 0.170 0.650 0.000 -0.749 0.131 0.999 0.000 0.020 0.025 
0.998 -0.047 -0.021 0.029 0.723 0.000 -0.674 0.153 0.974 0.000 -0.040 -0.225 0.777 0.000 -0.619 0.118 0.977 0.000 -0.091 -0.193 0.672 0.000 -0.740 -0.000 0.986 0.000 0.002 0.167 0.650 -0.000 -0.748 0.132 1.000 0.000 0.020 0.024 
0.998 -0.047 -0.022 0.030 0.722 0.000 -0.675 0.153 0.974 0.000 -0.040 -0.225 0.778 0.000 -0.618 0.117 0.977 0.000 -0.092 -0.191 0.672 -0.000 -0.740 -0.008 0.987 0.000 -0.000 0.163 0.651 -0.000 -0.747 0.133 1.000 0.000 0.021 0.023 
0.998 -0.047 -0.022 0.032 0.720 0.000 -0.676 0.156 0.973 0.000 -0.038 -0.227 0.778 0.000 -0.617 0.117 0.977 0.000 -0.092 -0.190 0.673 0.000 -0.740 -0.014 0.988 -0.000 -0.002 0.157 0.651 0.000 -0.747 0.135 1.000 0.000 0.021 0.022 
0.998 -0.047 -0.023 0.034 0.720 0.000 -0.677 0.155 0.973 0.000 -0.039 -0.226 0.779 0.000 -0.616 0.117 0.978 0.000 -0.093 -0.189 0.673 0.000 -0.739 -0.021 0.989 0.000 -0.004 0.150 0.652 0.000 -0.746 0.136 1.000 -0.000 0.021 0.021 
0.998 -0.046 -0.023 0.036 0.719 0.000 -0.677 0.157 0.973 0.000 -0.039 -0.227 0.780 0.000 -0.615 0.116 0.978 0.000 -0.093 -0.188 0.674 0.000 -0.738 -0.026 0.990 0.000 -0.006 0.143 0.652 0.000 -0.745 0.138 1.000 0.000 0.022 0.020 
0.998 -0.047 -0.024 0.039 0.718 0.000 -0.678 0.160 0.973 0.000 -0.038 -0.228 0.780 -0.000 -0.614 0.116 0.978 -0.000 -0.094 -0.187 0.674 0.000 -0.738 -0.028 0.991 0.000 -0.005 0.133 0.653 0.000 -0.744 0.141 1.000 0.000 0.022 0.018 
0.998 -0.046 -0.024 0.041 0.718 0.000 -0.678 0.159 0.973 0.000 -0.039 -0.226 0.781 0.000 -0.614 0.116 0.978 0.000 -0.095 -0.187 0.674 0.000 -0.738 -0.034 0.992 0.000 -0.007 0.125 0.653 0.000 -0.744 0.142 1.000 0.000 0.023 0.017 
0.998 -0.046 -0.025 0.043 0.717 0.000 -0.678 0.161 0.973 -0.000 -0.039 -0.227 0.782 0.000 -0.613 0.116 0.978 0.000 -0.095 -0.186 0.676 -0.000 -0.736 -0.039 0.993 0.000 -0.010 0.117 0.653 -0.000 -0.743 0.144 1.000 -0.000 0.023 0.016 
0.998 -0.045 -0.025 0.045 0.716 0.000 -0.679 0.162 0.973 0.000 -0.040 -0.226 0.782 0.000 -0.612 0.115 0.978 0.000 -0.096 -0.186 0.676 -0.000 -0.736 -0.044 0.994 0.000 -0.010 0.108 0.654 0.000 -0.743 0.145 1.000 0.000 0.023 0.015 
0.998 -0.045 -0.025 0.046 0.716 0.000 -0.679 0.162 0.973 0.000 -0.040 -0.226 0.783 0.000 -0.611 0.115 0.978 0.000 -0.097 -0.186 0.676 0.000 -0.736 -0.049 0.995 -0.000 -0.009 0.099 0.654 0.000 -0.743 0.147 1.000 0.000 0.024 0.014 
0.998 -0.045 -0.025 0.048 0.715 0.000 -0.680 0.164 0.973 -0.000 -0.039 -0.227 0.783 -0.000 -0.611 0.115 0.978 -0.000 -0.098 -0.185 0.676 0.000 -0.735 -0.055 0.996 0.000 -0.008 0.091 0.653 -0.000 -0.742 0.148 1.000 0.000 0.025 0.013 
0.997 -0.044 -0.025 0.050 0.715 0.000 -0.679 0.164 0.973 0.000 -0.040 -0.225 0.784 0.000 -0.610 0.114 0.978 -0.000 -0.099 -0.186 0.675 0.000 -0.735 -0.061 0.997 0.000 -0.005 0.083 0.653 0.000 -0.742 0.149 1.000 0.000 0.025 0.012 
0.997 -0.044 -0.025 0.052 0.714 0.000 -0.680 0.167 0.973 -0.000 -0.039 -0.226 0.784 0.000 -0.610 0.114 0.978 0.000 -0.100 -0.185 0.675 0.000 -0.735 -0.067 0.997 0.000 -0.003 0.076 0.654 0.000 -0.742 0.150 1.000 0.000 0.026 0.011 
0.997 -0.043 -0.025 0.054 0.714 0.000 -0.680 0.167 0.974 0.000 -0.039 -0.225 0.785 0.000 -0.609 0.114 0.977 0.000 -0.101 -0.186 0.674 -0.000 -0.735 -0.073 0.998 0.000 0.001 0.069 0.653 0.000 -0.742 0.151 1.000 0.000 0.026 0.011 
0.997 -0.043 -0.025 0.056 0.714 0.000 -0.680 0.166 0.974 0.000 -0.039 -0.222 0.785 0.000 -0.609 0.114 0.977 0.000 -0.102 -0.186 0.672 0.000 -0.736 -0.080 0.998 0.000 0.005 0.063 0.654 0.000 -0.741 0.152 1.000 0.000 0.026 0.010 
0.997 -0.042 -0.025 0.058 0.714 0.000 -0.680 0.167 0.974 0.000 -0.040 -0.223 0.785 0.000 -0.609 0.113 0.977 0.000 -0.102 -0.185 0.671 0.000 -0.736 -0.086 0.998 0.000 0.010 0.056 0.654 0.000 -0.741 0.153 1.000 0.000 0.025 0.010 
0.997 -0.042 -0.025 0.060 0.714 0.000 -0.681 0.167 0.974 0.000 -0.039 -0.221 0.786 0.000 -0.608 0.113 0.977 0.000 -0.103 -0.186 0.670 0.000 -0.736 -0.093 0.999 0.000 0.013 0.051 0.654 -0.000 -0.741 0.154 1.000 0.000 0.025 0.009 
0.997 -0.041 -0.024 0.062 0.713 0.000 -0.681 0.168 0.975 0.000 -0.039 -0.220 0.786 0.000 -0.608 0.112 0.977 0.000 -0.104 -0.186 0.670 0.000 -0.736 -0.099 0.999 0.000 0.017 0.045 0.654 0.000 -0.740 0.155 1.000 0.000 0.025 0.009 
0.997 -0.041 -0.024 0.065 0.712 0.000 -0.681 0.170 0.974 0.000 -0.037 -0.222 0.786 0.000 -0.608 0.112 0.977 0.000 -0.105 -0.185 0.669 0.000 -0.736 -0.105 0.999 0.000 0.020 0.040 0.654 -0.000 -0.740 0.156 1.000 0.000 0.024 0.008 
0.997 -0.040 -0.024 0.067 0.712 0.000 -0.681 0.171 0.975 0.000 -0.037 -0.221 0.787 0.000 -0.607 0.111 0.977 0.000 -0.106 -0.186 0.669 0.000 -0.735 -0.110 0.999 0.000 0.023 0.034 0.655 0.000 -0.739 0.158 1.000 0.000 0.024 0.007 
0.996 -0.040 -0.024 0.070 0.712 0.000 -0.681 0.171 0.975 0.000 -0.038 -0.218 0.787 0.000 -0.607 0.111 0.977 0.000 -0.106 -0.185 0.669 0.000 -0.734 -0.115 0.999 0.000 0.025 0.029 0.655 0.000 -0.738 0.160 1.000 0.000 0.023 0.007 
0.996 -0.040 -0.024 0.072 0.712 0.000 -0.681 0.173 0.975 0.000 -0.038 -0.218 0.787 0.000 -0.607 0.110 0.977 -0.000 -0.107 -0.186 0.669 0.000 -0.733 -0.120 0.999 -0.000 0.027 0.023 0.655 0.000 -0.738 0.161 1.000 0.000 0.023 0.007 
0.996 -0.040 -0.023 0.075 0.711 0.000 -0.681 0.174 0.975 0.000 -0.037 -0.217 0.788 0.000 -0.606 0.110 0.977 0.000 -0.108 -0.185 0.670 0.000 -0.732 -0.125 0.999 0.000 0.029 0.019 0.656 0.000 -0.737 0.162 1.000 0.000 0.023 0.006 
0.996 -0.040 -0.023 0.078 0.710 0.000 -0.682 0.177 0.975 0.000 -0.035 -0.219 0.788 0.000 -0.606 0.110 0.977 -0.000 -0.108 -0.183 0.670 0.000 -0.731 -0.129 0.999 0.000 0.030 0.014 0.656 0.000 -0.736 0.164 1.000 0.000 0.022 0.006 
0.996 -0.039 -0.024 0.082 0.709 0.000 -0.683 0.177 0.976 0.000 -0.035 -0.217 0.789 0.000 -0.605 0.108 0.977 0.000 -0.109 -0.183 0.672 0.000 -0.729 -0.134 1.000 0.000 0.029 0.010 0.657 0.000 -0.736 0.164 1.000 0.000 0.023 0.007 
0.995 -0.039 -0.024 0.085 0.708 0.000 -0.683 0.180 0.976 0.000 -0.034 -0.217 0.789 0.000 -0.604 0.107 0.977 0.000 -0.110 -0.182 0.672 0.000 -0.728 -0.137 1.000 0.000 0.030 0.006 0.658 0.000 -0.735 0.165 1.000 0.000 0.023 0.008 
0.995 -0.039 -0.024 0.090 0.707 0.000 -0.683 0.181 0.975 0.000 -0.034 -0.218 0.790 -0.000 -0.604 0.107 0.977 -0.000 -0.111 -0.182 0.673 0.000 -0.727 -0.138 1.000 0.000 0.032 0.000 0.659 0.000 -0.734 0.166 1.000 -0.000 0.023 0.009 
0.995 -0.039 -0.024 0.093 0.706 -0.000 -0.684 0.183 0.976 0.000 -0.033 -0.217 0.790 0.000 -0.603 0.106 0.977 0.000 -0.112 -0.182 0.674 -0.000 -0.725 -0.141 0.999 0.000 0.032 -0.004 0.660 0.000 -0.733 0.167 1.000 0.000 0.022 0.009 
0.994 -0.039 -0.024 0.096 0.706 0.000 -0.683 0.184 0.976 -0.000 -0.034 -0.216 0.791 0.000 -0.603 0.106 0.977 0.000 -0.112 -0.181 0.675 0.000 -0.724 -0.143 0.999 0.000 0.032 -0.009 0.660 0.000 -0.732 0.169 1.000 0.000 0.022 0.009 
0.994 -0.039 -0.024 0.099 0.706 0.000 -0.684 0.186 0.976 0.000 -0.034 -0.215 0.791 0.000 -0.603 0.106 0.977 0.000 -0.113 -0.181 0.676 0.000 -0.722 -0.144 0.999 0.000 0.032 -0.013 0.660 0.000 -0.731 0.173 1.000 0.000 0.023 0.008 
0.994 -0.039 -0.023 0.103 0.705 0.000 -0.684 0.188 0.976 0.000 -0.034 -0.215 0.791 0.000 -0.602 0.105 0.977 0.000 -0.113 -0.181 0.678 0.000 -0.721 -0.146 0.999 0.000 0.032 -0.017 0.661 0.000 -0.730 0.174 1.000 0.000 0.023 0.009 
0.993 -0.040 -0.023 0.106 0.705 0.000 -0.684 0.190 0.976 0.000 -0.034 -0.214 0.791 0.000 -0.602 0.105 0.977 0.000 -0.114 -0.181 0.679 -0.000 -0.719 -0.148 0.999 0.000 0.031 -0.020 0.661 0.000 -0.729 0.177 1.000 0.000 0.023 0.008 
0.993 -0.040 -0.023 0.109 0.704 0.000 -0.684 0.193 0.976 0.000 -0.033 -0.213 0.792 0.000 -0.602 0.105 0.977 -0.000 -0.114 -0.181 0.681 0.000 -0.717 -0.149 0.999 0.000 0.031 -0.024 0.662 0.000 -0.728 0.180 1.000 0.000 0.024 0.009 
0.993 -0.040 -0.023 0.113 0.703 0.000 -0.684 0.194 0.976 0.000 -0.033 -0.213 0.792 0.000 -0.602 0.105 0.977 0.000 -0.115 -0.180 0.682 -0.000 -0.716 -0.150 0.999 0.000 0.030 -0.027 0.662 0.000 -0.727 0.182 1.000 0.000 0.024 0.008 
0.992 -0.041 -0.023 0.117 0.703 0.000 -0.684 0.196 0.977 -0.000 -0.034 -0.212 0.792 0.000 -0.601 0.105 0.977 0.000 -0.116 -0.180 0.683 -0.000 -0.715 -0.149 0.999 0.000 0.031 -0.032 0.663 0.000 -0.726 0.185 1.000 -0.000 0.024 0.008 
0.992 -0.040 -0.022 0.119 0.703 0.000 -0.683 0.196 0.977 0.000 -0.034 -0.211 0.792 0.000 -0.601 0.106 0.977 0.000 -0.116 -0.181 0.685 -0.000 -0.712 -0.152 0.999 0.000 0.029 -0.033 0.663 0.000 -0.725 0.187 1.000 0.000 0.025 0.008 
0.991 -0.041 -0.022 0.123 0.702 -0.000 -0.684 0.199 0.977 0.000 -0.033 -0.210 0.792 0.000 -0.601 0.105 0.977 0.000 -0.117 -0.180 0.686 0.000 -0.712 -0.151 0.999 0.000 0.029 -0.037 0.664 0.000 -0.723 0.191 1.000 0.000 0.024 0.008 
0.991 -0.041 -0.021 0.126 0.702 0.000 -0.683 0.200 0.977 0.000 -0.035 -0.210 0.793 0.000 -0.601 0.106 0.977 0.000 -0.118 -0.180 0.688 0.000 -0.710 -0.151 0.999 0.000 0.029 -0.040 0.664 0.000 -0.722 0.193 1.000 0.000 0.025 0.007 
0.991 -0.041 -0.021 0.129 0.702 0.000 -0.683 0.202 0.977 0.000 -0.035 -0.210 0.793 -0.000 -0.600 0.105 0.977 -0.000 -0.118 -0.180 0.689 0.000 -0.708 -0.152 0.999 0.000 0.028 -0.042 0.665 0.000 -0.721 0.196 1.000 0.000 0.026 0.006 
0.990 -0.041 -0.020 0.131 0.702 0.000 -0.683 0.202 0.978 0.000 -0.034 -0.208 0.792 0.000 -0.601 0.106 0.976 0.000 -0.118 -0.180 0.691 0.000 -0.706 -0.154 0.999 -0.000 0.026 -0.043 0.664 0.000 -0.720 0.199 1.000 0.000 0.026 0.006 
0.990 -0.041 -0.020 0.135 0.701 0.000 -0.683 0.204 0.978 0.000 -0.033 -0.206 0.793 0.000 -0.600 0.106 0.976 0.000 -0.119 -0.180 0.692 0.000 -0.705 -0.152 0.999 0.000 0.027 -0.047 0.665 0.000 -0.719 0.202 1.000 -0.000 0.027 0.006 
0.990 -0.041 -0.019 0.137 0.701 0.000 -0.684 0.204 0.978 0.000 -0.031 -0.208 0.793 0.000 -0.600 0.106 0.976 0.000 -0.120 -0.180 0.694 0.000 -0.703 -0.154 0.999 0.000 0.025 -0.047 0.665 0.000 -0.718 0.205 1.000 0.000 0.027 0.005 
0.989 -0.041 -0.018 0.139 0.701 -0.000 -0.683 0.206 0.978 0.000 -0.031 -0.207 0.792 0.000 -0.601 0.106 0.976 0.000 -0.120 -0.180 0.695 0.000 -0.702 -0.155 0.999 0.000 0.025 -0.048 0.665 0.000 -0.717 0.208 1.000 0.000 0.028 0.005 
0.989 -0.041 -0.017 0.142 0.700 -0.000 -0.683 0.207 0.978 0.000 -0.031 -0.206 0.792 -0.000 -0.601 0.106 0.976 0.000 -0.120 -0.180 0.696 -0.000 -0.701 -0.155 0.998 0.000 0.024 -0.050 0.665 0.000 -0.716 0.211 1.000 0.000 0.028 0.005 
0.988 -0.041 -0.017 0.145 0.700 -0.000 -0.683 0.208 0.978 -0.000 -0.031 -0.208 0.792 0.000 -0.601 0.106 0.976 0.000 -0.121 -0.179 0.697 0.000 -0.700 -0.155 0.998 0.000 0.024 -0.051 0.665 0.000 -0.715 0.213 1.000 0.000 0.029 0.004 
0.988 -0.041 -0.016 0.148 0.701 0.000 -0.683 0.207 0.978 0.000 -0.031 -0.204 0.792 0.000 -0.601 0.106 0.976 0.000 -0.121 -0.179 0.698 0.000 -0.699 -0.154 0.998 0.000 0.024 -0.053 0.666 0.000 -0.714 0.217 1.000 0.000 0.029 0.004 
0.988 -0.041 -0.015 0.150 0.700 0.000 -0.683 0.208 0.978 0.000 -0.029 -0.205 0.792 0.000 -0.601 0.106 0.977 0.000 -0.121 -0.178 0.699 0.000 -0.698 -0.154 0.998 0.000 0.023 -0.053 0.666 0.000 -0.713 0.220 1.000 0.000 0.030 0.003 
0.987 -0.041 -0.014 0.153 0.700 -0.000 -0.683 0.209 0.978 0.000 -0.029 -0.206 0.792 0.000 -0.601 0.106 0.977 0.000 -0.121 -0.178 0.700 0.000 -0.697 -0.154 0.998 0.000 0.022 -0.053 0.666 0.000 -0.712 0.222 1.000 0.000 0.030 0.004 
0.987 -0.041 -0.014 0.155 0.700 -0.000 -0.683 0.209 0.978 -0.000 -0.028 -0.205 0.792 0.000 -0.601 0.106 0.977 0.000 -0.121 -0.178 0.701 0.000 -0.697 -0.153 0.998 -0.000 0.022 -0.054 0.667 0.000 -0.710 0.225 1.000 -0.000 0.031 0.004 
0.987 -0.040 -0.013 0.158 0.700 0.000 -0.683 0.209 0.979 0.000 -0.028 -0.203 0.792 0.000 -0.601 0.106 0.977 0.000 -0.121 -0.177 0.701 0.000 -0.696 -0.153 0.998 0.000 0.022 -0.055 0.667 0.000 -0.709 0.228 0.999 0.000 0.032 0.003 
0.986 -0.040 -0.012 0.160 0.700 0.000 -0.683 0.209 0.978 0.000 -0.027 -0.205 0.792 0.000 -0.601 0.106 0.977 0.000 -0.121 -0.177 0.702 0.000 -0.696 -0.152 0.998 0.000 0.021 -0.055 0.667 -0.000 -0.708 0.231 0.999 -0.000 0.032 0.003 
0.986 -0.040 -0.011 0.163 0.700 0.000 -0.683 0.209 0.979 -0.000 -0.025 -0.205 0.792 0.000 -0.601 0.106 0.977 0.000 -0.121 -0.176 0.702 0.000 -0.696 -0.150 0.998 0.000 0.022 -0.056 0.667 0.000 -0.707 0.234 0.999 0.000 0.033 0.003 
0.985 -0.040 -0.010 0.165 0.700 0.000 -0.683 0.209 0.979 0.000 -0.024 -0.204 0.792 0.000 -0.602 0.106 0.977 0.000 -0.120 -0.176 0.702 -0.000 -0.696 -0.150 0.998 0.000 0.021 -0.054 0.668 -0.000 -0.706 0.237 0.999 0.000 0.034 0.002 
0.985 -0.040 -0.010 0.168 0.700 0.000 -0.683 0.210 0.979 0.000 -0.024 -0.204 0.792 0.000 -0.602 0.106 0.977 -0.000 -0.120 -0.175 0.702 0.000 -0.697 -0.147 0.998 0.000 0.022 -0.055 0.668 0.000 -0.704 0.242 0.999 0.000 0.035 0.001 
0.985 -0.039 -0.008 0.169 0.700 -0.000 -0.683 0.210 0.979 0.000 -0.023 -0.204 0.791 0.000 -0.602 0.106 0.977 0.000 -0.120 -0.175 0.702 -0.000 -0.697 -0.147 0.998 0.000 0.022 -0.053 0.668 0.000 -0.703 0.245 0.999 -0.000 0.036 0.000 
0.984 -0.039 -0.007 0.171 0.701 0.000 -0.682 0.209 0.979 0.000 -0.023 -0.204 0.791 0.000 -0.603 0.107 0.977 -0.000 -0.120 -0.174 0.702 0.000 -0.698 -0.146 0.998 0.000 0.022 -0.052 0.668 0.000 -0.701 0.249 0.999 0.000 0.037 -0.000 
0.984 -0.039 -0.006 0.173 0.701 -0.000 -0.682 0.210 0.979 0.000 -0.022 -0.204 0.790 -0.000 -0.603 0.107 0.978 0.000 -0.119 -0.173 0.702 0.000 -0.698 -0.142 0.998 0.000 0.022 -0.052 0.668 0.000 -0.700 0.254 0.999 0.000 0.038 -0.001 
0.984 -0.039 -0.004 0.174 0.703 0.000 -0.680 0.209 0.979 0.000 -0.024 -0.203 0.789 0.000 -0.605 0.108 0.978 -0.000 -0.119 -0.173 0.702 -0.000 -0.698 -0.141 0.999 0.000 0.022 -0.050 0.667 0.000 -0.698 0.259 0.999 0.000 0.037 -0.003 
0.983 -0.039 -0.002 0.177 0.702 0.000 -0.680 0.210 0.979 0.000 -0.021 -0.204 0.789 0.000 -0.605 0.109 0.978 -0.000 -0.119 -0.174 0.702 0.000 -0.699 -0.137 0.999 -0.000 0.023 -0.050 0.668 0.000 -0.696 0.263 0.999 0.000 0.038 -0.003 
0.983 -0.038 -0.001 0.179 0.703 0.000 -0.679 0.211 0.978 0.000 -0.022 -0.206 0.788 -0.000 -0.606 0.108 0.978 0.000 -0.118 -0.174 0.702 0.000 -0.699 -0.138 0.999 0.000 0.023 -0.047 0.668 -0.000 -0.695 0.266 0.999 0.000 0.039 -0.003 
0.983 -0.038 0.001 0.181 0.704 0.000 -0.678 0.210 0.978 0.000 -0.021 -0.206 0.788 0.000 -0.606 0.109 0.978 0.000 -0.118 -0.173 0.702 0.000 -0.699 -0.135 0.999 0.000 0.023 -0.045 0.668 0.000 -0.694 0.270 0.999 0.000 0.040 -0.004 
0.982 -0.038 0.002 0.183 0.705 0.000 -0.678 0.210 0.978 0.000 -0.020 -0.207 0.787 -0.000 -0.607 0.109 0.978 0.000 -0.118 -0.173 0.701 -0.000 -0.700 -0.132 0.999 0.000 0.024 -0.044 0.668 0.000 -0.692 0.274 0.999 0.000 0.041 -0.004 
0.982 -0.038 0.004 0.187 0.705 0.000 -0.677 0.210 0.978 0.000 -0.019 -0.207 0.787 -0.000 -0.607 0.110 0.978 0.000 -0.118 -0.172 0.701 0.000 -0.702 -0.127 0.999 0.000 0.025 -0.045 0.669 0.000 -0.689 0.278 0.999 0.000 0.041 -0.005 
0.981 -0.038 0.005 0.189 0.706 0.000 -0.676 0.210 0.978 0.000 -0.019 -0.208 0.787 0.000 -0.607 0.110 0.978 0.000 -0.118 -0.171 0.700 -0.000 -0.703 -0.123 0.999 -0.000 0.028 -0.046 0.669 0.000 -0.687 0.282 0.999 0.000 0.042 -0.005 
0.981 -0.038 0.006 0.191 0.706 -0.000 -0.676 0.210 0.978 0.000 -0.019 -0.208 0.787 0.000 -0.607 0.111 0.978 -0.000 -0.118 -0.171 0.698 0.000 -0.706 -0.119 0.998 0.000 0.033 -0.048 0.670 -0.000 -0.685 0.286 0.999 -0.000 0.043 -0.005 
0.980 -0.038 0.007 0.193 0.707 0.000 -0.676 0.209 0.978 0.000 -0.020 -0.209 0.787 -0.000 -0.607 0.111 0.978 -0.000 -0.118 -0.170 0.697 -0.000 -0.708 -0.115 0.998 -0.000 0.038 -0.051 0.672 -0.000 -0.682 0.289 0.999 0.000 0.043 -0.005 
0.980 -0.038 0.007 0.195 0.706 0.000 -0.677 0.209 0.978 0.000 -0.017 -0.210 0.787 0.000 -0.607 0.112 0.978 -0.000 -0.118 -0.170 0.695 0.000 -0.710 -0.112 0.998 -0.000 0.041 -0.052 0.673 0.000 -0.680 0.292 0.999 0.000 0.044 -0.005 
0.980 -0.038 0.006 0.196 0.706 0.000 -0.677 0.208 0.978 0.000 -0.017 -0.210 0.788 0.000 -0.606 0.112 0.978 -0.000 -0.117 -0.170 0.693 0.000 -0.713 -0.109 0.998 -0.000 0.044 -0.052 0.675 0.000 -0.677 0.294 0.999 -0.000 0.045 -0.005 
0.979 -0.038 0.004 0.198 0.704 0.000 -0.679 0.208 0.977 -0.000 -0.017 -0.210 0.789 0.000 -0.604 0.112 0.979 0.000 -0.116 -0.169 0.690 -0.000 -0.716 -0.105 0.998 -0.000 0.046 -0.051 0.677 0.000 -0.673 0.296 0.999 0.000 0.046 -0.004 
0.979 -0.038 0.002 0.200 0.703 0.000 -0.681 0.207 0.978 -0.000 -0.016 -0.210 0.791 0.000 -0.602 0.111 0.979 0.000 -0.116 -0.169 0.686 0.000 -0.720 -0.103 0.998 0.000 0.049 -0.049 0.680 0.000 -0.670 0.297 0.999 0.000 0.047 -0.003 
0.979 -0.038 -0.001 0.201 0.701 0.000 -0.683 0.205 0.978 0.000 -0.016 -0.208 0.792 0.000 -0.600 0.111 0.979 -0.000 -0.114 -0.168 0.682 0.000 -0.724 -0.101 0.998 0.000 0.052 -0.047 0.683 0.000 -0.667 0.298 0.999 0.000 0.049 -0.002 
0.979 -0.038 -0.003 0.200 0.700 0.000 -0.685 0.203 0.978 0.000 -0.015 -0.209 0.794 0.000 -0.598 0.111 0.979 0.000 -0.112 -0.168 0.678 0.000 -0.728 -0.101 0.998 0.000 0.054 -0.045 0.686 0.000 -0.664 0.299 0.999 -0.000 0.050 -0.001 
0.979 -0.038 -0.006 0.200 0.699 0.000 -0.687 0.200 0.979 0.000 -0.015 -0.205 0.795 0.000 -0.596 0.110 0.980 0.000 -0.110 -0.167 0.674 -0.000 -0.732 -0.099 0.998 0.000 0.056 -0.043 0.688 -0.000 -0.661 0.300 0.999 0.000 0.053 -0.000 
0.979 -0.038 -0.009 0.200 0.697 0.000 -0.689 0.198 0.979 0.000 -0.014 -0.205 0.796 0.000 -0.595 0.110 0.980 0.000 -0.108 -0.167 0.671 0.000 -0.735 -0.097 0.998 0.000 0.057 -0.042 0.690 0.000 -0.659 0.300 0.998 0.000 0.056 0.001 
0.979 -0.037 -0.010 0.200 0.696 0.000 -0.692 0.194 0.979 0.000 -0.010 -0.205 0.796 0.000 -0.595 0.110 0.981 0.000 -0.105 -0.166 0.670 0.000 -0.736 -0.096 0.998 0.000 0.054 -0.039 0.691 -0.000 -0.658 0.300 0.998 0.000 0.059 0.003 
0.979 -0.037 -0.011 0.200 0.695 0.000 -0.693 0.191 0.979 0.000 -0.007 -0.205 0.797 0.000 -0.594 0.110 0.981 0.000 -0.104 -0.165 0.669 0.000 -0.737 -0.095 0.998 0.000 0.052 -0.038 0.692 0.000 -0.657 0.300 0.998 0.000 0.062 0.005 
0.979 -0.037 -0.012 0.199 0.695 0.000 -0.694 0.188 0.979 0.000 -0.005 -0.205 0.797 0.000 -0.594 0.110 0.981 0.000 -0.103 -0.165 0.669 0.000 -0.737 -0.095 0.998 0.000 0.048 -0.035 0.692 0.000 -0.657 0.299 0.998 0.000 0.066 0.007 
0.979 -0.037 -0.011 0.199 0.697 0.000 -0.694 0.181 0.980 -0.000 -0.006 -0.201 0.797 0.000 -0.594 0.111 0.981 0.000 -0.102 -0.165 0.670 0.000 -0.736 -0.094 0.999 0.000 0.041 -0.032 0.692 0.000 -0.657 0.300 0.997 0.000 0.070 0.010 
0.979 -0.036 -0.011 0.198 0.698 0.000 -0.694 0.178 0.979 0.000 -0.004 -0.203 0.796 0.000 -0.595 0.111 0.981 0.000 -0.102 -0.164 0.671 0.000 -0.735 -0.095 0.999 0.000 0.035 -0.028 0.692 0.000 -0.658 0.299 0.997 0.000 0.075 0.012 
0.980 -0.035 -0.010 0.197 0.699 0.000 -0.693 0.174 0.979 -0.000 -0.002 -0.204 0.795 0.000 -0.597 0.110 0.981 0.000 -0.102 -0.165 0.673 0.000 -0.733 -0.097 0.999 0.000 0.029 -0.025 0.691 0.000 -0.659 0.297 0.997 0.000 0.079 0.015 
0.980 -0.034 -0.008 0.197 0.701 0.000 -0.693 0.171 0.979 0.000 -0.001 -0.206 0.794 0.000 -0.598 0.109 0.981 0.000 -0.103 -0.164 0.676 -0.000 -0.731 -0.097 1.000 -0.000 0.022 -0.022 0.689 0.000 -0.661 0.296 0.996 0.000 0.084 0.018 
0.980 -0.032 -0.007 0.198 0.701 0.000 -0.693 0.168 0.978 0.000 0.001 -0.208 0.794 0.000 -0.599 0.107 0.981 0.000 -0.105 -0.162 0.678 0.000 -0.728 -0.099 1.000 0.000 0.015 -0.018 0.688 0.000 -0.664 0.291 0.996 -0.000 0.090 0.023 
0.980 -0.029 -0.005 0.199 0.704 -0.000 -0.692 0.163 0.978 0.000 0.003 -0.209 0.793 0.000 -0.601 0.104 0.981 0.000 -0.106 -0.162 0.682 0.000 -0.724 -0.105 1.000 0.000 0.007 -0.014 0.687 0.000 -0.669 0.284 0.995 -0.000 0.095 0.029 
0.980 -0.028 -0.003 0.198 0.706 0.000 -0.690 0.160 0.978 -0.000 0.002 -0.210 0.792 0.000 -0.602 0.103 0.981 0.000 -0.108 -0.162 0.685 0.000 -0.721 -0.104 1.000 0.000 0.000 -0.013 0.685 -0.000 -0.671 0.283 0.995 0.000 0.099 0.032 
0.980 -0.028 -0.002 0.197 0.707 0.000 -0.690 0.158 0.977 0.000 0.003 -0.214 0.791 0.000 -0.603 0.102 0.981 0.000 -0.109 -0.161 0.687 0.000 -0.719 -0.103 1.000 0.000 -0.006 -0.011 0.684 0.000 -0.673 0.282 0.994 -0.000 0.103 0.034 
0.980 -0.027 -0.000 0.196 0.709 0.000 -0.688 0.156 0.976 0.000 0.003 -0.216 0.791 0.000 -0.604 0.101 0.981 0.000 -0.111 -0.161 0.689 0.000 -0.718 -0.099 1.000 0.000 -0.010 -0.011 0.682 -0.000 -0.674 0.283 0.994 -0.000 0.107 0.036 
0.980 -0.027 0.001 0.195 0.711 -0.000 -0.686 0.154 0.976 0.000 0.002 -0.219 0.790 0.000 -0.605 0.101 0.980 0.000 -0.114 -0.162 0.691 0.000 -0.716 -0.097 1.000 0.000 -0.015 -0.010 0.681 0.000 -0.675 0.283 0.993 0.000 0.110 0.038 
0.981 -0.027 0.003 0.194 0.713 0.000 -0.684 0.152 0.975 0.000 0.001 -0.221 0.789 0.000 -0.606 0.100 0.980 0.000 -0.116 -0.163 0.692 0.000 -0.716 -0.093 1.000 0.000 -0.019 -0.010 0.680 0.000 -0.676 0.283 0.993 0.000 0.114 0.040 
0.981 -0.027 0.004 0.193 0.715 0.000 -0.683 0.150 0.975 0.000 0.001 -0.223 0.789 0.000 -0.606 0.099 0.979 0.000 -0.118 -0.166 0.693 0.000 -0.716 -0.088 1.000 0.000 -0.022 -0.012 0.679 0.000 -0.677 0.283 0.992 0.000 0.117 0.044 
0.981 -0.027 0.005 0.192 0.716 0.000 -0.682 0.148 0.974 0.000 0.000 -0.225 0.789 0.000 -0.606 0.099 0.979 0.000 -0.120 -0.167 0.693 0.000 -0.716 -0.083 1.000 0.000 -0.023 -0.013 0.679 0.000 -0.678 0.283 0.992 0.000 0.120 0.047 
0.981 -0.027 0.006 0.192 0.717 0.000 -0.681 0.147 0.974 0.000 0.000 -0.227 0.789 0.000 -0.607 0.098 0.978 0.000 -0.121 -0.168 0.693 0.000 -0.717 -0.076 1.000 0.000 -0.024 -0.016 0.679 0.000 -0.678 0.282 0.991 0.000 0.123 0.051 
0.982 -0.027 0.007 0.189 0.717 0.000 -0.681 0.149 0.972 0.000 0.003 -0.234 0.788 0.000 -0.608 0.099 0.978 0.000 -0.122 -0.170 0.693 -0.000 -0.717 -0.071 1.000 -0.000 -0.025 -0.017 0.677 -0.000 -0.680 0.283 0.990 0.000 0.127 0.054 
0.982 -0.027 0.008 0.188 0.718 -0.000 -0.680 0.148 0.972 0.000 0.002 -0.236 0.788 -0.000 -0.608 0.098 0.978 0.000 -0.123 -0.171 0.692 0.000 -0.719 -0.065 1.000 0.000 -0.025 -0.019 0.677 0.000 -0.680 0.281 0.990 -0.000 0.129 0.060 
0.982 -0.028 0.008 0.186 0.720 -0.000 -0.679 0.146 0.971 0.000 0.001 -0.238 0.788 0.000 -0.608 0.097 0.977 0.000 -0.123 -0.172 0.692 -0.000 -0.720 -0.061 0.999 -0.000 -0.026 -0.020 0.677 0.000 -0.681 0.279 0.989 0.000 0.132 0.066 
0.982 -0.028 0.009 0.185 0.721 0.000 -0.678 0.145 0.971 0.000 0.001 -0.240 0.787 0.000 -0.609 0.096 0.977 0.000 -0.122 -0.174 0.690 0.000 -0.721 -0.057 1.000 0.000 -0.024 -0.020 0.677 0.000 -0.683 0.275 0.988 0.000 0.135 0.074 
0.983 -0.028 0.009 0.183 0.722 0.000 -0.677 0.144 0.971 0.000 0.000 -0.241 0.787 0.000 -0.609 0.096 0.977 0.000 -0.122 -0.175 0.689 0.000 -0.723 -0.053 0.999 0.000 -0.024 -0.020 0.677 -0.000 -0.684 0.272 0.987 0.000 0.137 0.082 
0.983 -0.028 0.010 0.181 0.723 0.000 -0.676 0.143 0.970 0.000 -0.001 -0.242 0.787 0.000 -0.610 0.095 0.977 -0.000 -0.121 -0.177 0.689 0.000 -0.723 -0.050 1.000 0.000 -0.024 -0.020 0.677 0.000 -0.686 0.268 0.986 -0.000 0.140 0.091 
0.983 -0.028 0.010 0.179 0.724 -0.000 -0.675 0.141 0.970 0.000 -0.001 -0.243 0.786 0.000 -0.611 0.094 0.977 -0.000 -0.119 -0.178 0.688 -0.000 -0.724 -0.047 1.000 0.000 -0.025 -0.018 0.677 0.000 -0.687 0.262 0.985 0.000 0.142 0.101 
0.984 -0.026 0.012 0.175 0.727 0.000 -0.673 0.138 0.970 0.000 -0.002 -0.244 0.784 -0.000 -0.613 0.092 0.977 0.000 -0.116 -0.180 0.689 -0.000 -0.723 -0.051 1.000 0.000 -0.026 -0.014 0.676 0.000 -0.692 0.255 0.983 0.000 0.143 0.113 
0.985 -0.026 0.013 0.173 0.728 0.000 -0.672 0.136 0.970 -0.000 -0.003 -0.243 0.784 0.000 -0.615 0.091 0.977 0.000 -0.114 -0.182 0.688 0.000 -0.724 -0.050 1.000 0.000 -0.026 -0.012 0.676 0.000 -0.694 0.248 0.982 -0.000 0.144 0.126 
0.985 -0.026 0.013 0.170 0.729 -0.000 -0.671 0.134 0.970 0.000 -0.004 -0.244 0.783 0.000 -0.616 0.090 0.977 0.000 -0.112 -0.183 0.688 0.000 -0.724 -0.050 1.000 0.000 -0.027 -0.009 0.676 0.000 -0.696 0.241 0.980 0.000 0.145 0.139 
0.985 -0.025 0.014 0.168 0.731 0.000 -0.670 0.132 0.970 0.000 -0.004 -0.244 0.782 0.000 -0.617 0.087 0.977 0.000 -0.108 -0.182 0.687 0.000 -0.725 -0.048 1.000 0.000 -0.027 -0.007 0.677 0.000 -0.698 0.233 0.978 0.000 0.145 0.153 
0.986 -0.025 0.014 0.165 0.731 0.000 -0.669 0.131 0.970 0.000 -0.004 -0.244 0.781 0.000 -0.618 0.086 0.977 0.000 -0.106 -0.183 0.686 0.000 -0.726 -0.048 1.000 0.000 -0.027 -0.004 0.678 -0.000 -0.700 0.223 0.975 0.000 0.143 0.168 
0.986 -0.025 0.014 0.163 0.732 0.000 -0.669 0.129 0.970 0.000 -0.005 -0.245 0.781 0.000 -0.619 0.085 0.978 0.000 -0.103 -0.184 0.685 0.000 -0.727 -0.047 1.000 0.000 -0.027 -0.002 0.679 0.000 -0.702 0.214 0.973 0.000 0.142 0.183 
0.987 -0.025 0.014 0.160 0.733 -0.000 -0.668 0.127 0.969 0.000 -0.006 -0.246 0.780 0.000 -0.620 0.084 0.978 0.000 -0.100 -0.185 0.685 0.000 -0.727 -0.047 1.000 0.000 -0.027 0.001 0.680 -0.000 -0.704 0.203 0.970 0.000 0.140 0.200 
0.987 -0.025 0.014 0.158 0.734 0.000 -0.667 0.126 0.969 0.000 -0.006 -0.246 0.780 0.000 -0.621 0.082 0.978 0.000 -0.097 -0.186 0.684 0.000 -0.728 -0.046 1.000 0.000 -0.027 0.003 0.682 0.000 -0.706 0.193 0.967 0.000 0.137 0.216 
0.988 -0.026 0.015 0.152 0.736 0.000 -0.665 0.125 0.969 0.000 -0.009 -0.246 0.778 0.000 -0.622 0.084 0.978 0.000 -0.094 -0.187 0.684 0.000 -0.728 -0.044 1.000 0.000 -0.027 0.006 0.683 0.000 -0.706 0.188 0.964 0.000 0.131 0.230 
0.988 -0.026 0.015 0.150 0.737 0.000 -0.664 0.123 0.969 0.000 -0.010 -0.247 0.778 -0.000 -0.623 0.083 0.978 0.000 -0.093 -0.188 0.683 0.000 -0.729 -0.042 1.000 -0.000 -0.028 0.008 0.685 0.000 -0.707 0.177 0.961 -0.000 0.126 0.246 
0.989 -0.026 0.015 0.147 0.738 0.000 -0.664 0.122 0.969 0.000 -0.010 -0.247 0.777 -0.000 -0.624 0.082 0.978 -0.000 -0.090 -0.189 0.683 0.000 -0.729 -0.042 1.000 0.000 -0.028 0.011 0.686 -0.000 -0.709 0.166 0.958 -0.000 0.121 0.261 
0.989 -0.026 0.015 0.145 0.739 0.000 -0.663 0.121 0.969 -0.000 -0.011 -0.248 0.777 -0.000 -0.624 0.082 0.978 0.000 -0.089 -0.191 0.683 0.000 -0.729 -0.041 0.999 -0.000 -0.030 0.014 0.687 0.000 -0.710 0.155 0.954 -0.000 0.115 0.276 
0.989 -0.026 0.016 0.142 0.740 0.000 -0.662 0.120 0.969 0.000 -0.012 -0.248 0.776 0.000 -0.625 0.082 0.978 0.000 -0.087 -0.191 0.683 0.000 -0.730 -0.035 0.999 -0.000 -0.030 0.012 0.687 0.000 -0.712 0.145 0.951 0.000 0.112 0.289 
0.990 -0.026 0.016 0.140 0.739 0.000 -0.663 0.121 0.968 0.000 -0.011 -0.250 0.776 0.000 -0.625 0.082 0.977 0.000 -0.086 -0.193 0.683 -0.000 -0.730 -0.033 0.999 0.000 -0.031 0.013 0.688 0.000 -0.713 0.134 0.948 -0.000 0.105 0.302 
0.990 -0.027 0.017 0.137 0.741 0.000 -0.661 0.120 0.968 0.000 -0.013 -0.251 0.775 0.000 -0.626 0.082 0.977 -0.000 -0.085 -0.195 0.683 0.000 -0.729 -0.030 0.999 0.000 -0.033 0.015 0.688 0.000 -0.715 0.123 0.945 0.000 0.097 0.314 
0.990 -0.027 0.018 0.134 0.742 0.000 -0.660 0.120 0.968 0.000 -0.014 -0.251 0.775 0.000 -0.627 0.083 0.977 0.000 -0.085 -0.196 0.684 0.000 -0.729 -0.027 0.999 0.000 -0.035 0.017 0.687 0.000 -0.718 0.113 0.942 -0.000 0.093 0.323 
0.991 -0.027 0.019 0.132 0.744 0.000 -0.658 0.119 0.968 0.000 -0.016 -0.251 0.774 0.000 -0.628 0.084 0.977 0.000 -0.084 -0.197 0.686 -0.000 -0.727 -0.026 0.999 0.000 -0.037 0.019 0.685 0.000 -0.721 0.103 0.939 0.000 0.089 0.332 
0.991 -0.028 0.020 0.129 0.745 0.000 -0.657 0.119 0.968 0.000 -0.017 -0.252 0.773 -0.000 -0.629 0.084 0.977 0.000 -0.083 -0.198 0.687 0.000 -0.726 -0.023 0.999 -0.000 -0.039 0.021 0.684 -0.000 -0.723 0.094 0.937 -0.000 0.085 0.338 
0.991 -0.028 0.021 0.127 0.746 0.000 -0.655 0.118 0.967 0.000 -0.019 -0.253 0.773 0.000 -0.629 0.085 0.976 0.000 -0.083 -0.199 0.688 0.000 -0.725 -0.021 0.999 0.000 -0.041 0.022 0.683 -0.000 -0.726 0.086 0.936 0.000 0.080 0.343 
0.992 -0.029 0.022 0.124 0.748 -0.000 -0.654 0.118 0.967 0.000 -0.020 -0.254 0.772 0.000 -0.630 0.086 0.976 -0.000 -0.082 -0.200 0.689 -0.000 -0.724 -0.019 0.999 0.000 -0.042 0.024 0.681 0.000 -0.728 0.078 0.935 0.000 0.075 0.347 
0.992 -0.029 0.023 0.121 0.749 0.000 -0.652 0.118 0.967 -0.000 -0.021 -0.255 0.771 -0.000 -0.631 0.086 0.976 0.000 -0.082 -0.202 0.690 -0.000 -0.723 -0.018 0.999 0.000 -0.044 0.026 0.679 0.000 -0.731 0.069 0.935 0.000 0.071 0.349 
0.992 -0.029 0.024 0.119 0.750 0.000 -0.651 0.118 0.967 0.000 -0.023 -0.255 0.771 -0.000 -0.631 0.087 0.976 0.000 -0.081 -0.202 0.692 0.000 -0.722 -0.016 0.999 0.000 -0.046 0.028 0.677 0.000 -0.734 0.061 0.934 0.000 0.068 0.350 
0.992 -0.029 0.025 0.117 0.751 -0.000 -0.650 0.117 0.966 -0.000 -0.024 -0.256 0.770 -0.000 -0.632 0.088 0.976 0.000 -0.080 -0.203 0.694 -0.000 -0.720 -0.017 0.998 -0.000 -0.050 0.033 0.674 -0.000 -0.737 0.052 0.934 -0.000 0.065 0.351 
0.993 -0.030 0.026 0.115 0.752 0.000 -0.649 0.117 0.966 0.000 -0.026 -0.257 0.769 0.000 -0.632 0.089 0.976 0.000 -0.080 -0.204 0.694 0.000 -0.720 -0.016 0.998 0.000 -0.050 0.035 0.670 0.000 -0.741 0.043 0.934 0.000 0.065 0.351 
0.993 -0.030 0.026 0.113 0.753 0.000 -0.648 0.117 0.966 0.000 -0.027 -0.257 0.769 0.000 -0.633 0.090 0.976 0.000 -0.079 -0.205 0.695 0.000 -0.719 -0.015 0.998 0.000 -0.051 0.037 0.667 0.000 -0.744 0.033 0.934 0.000 0.063 0.351 
0.993 -0.030 0.027 0.111 0.754 -0.000 -0.647 0.116 0.966 0.000 -0.028 -0.258 0.769 -0.000 -0.633 0.091 0.975 0.000 -0.078 -0.206 0.695 -0.000 -0.719 -0.014 0.998 0.000 -0.051 0.038 0.665 0.000 -0.747 0.023 0.935 0.000 0.060 0.350 
0.993 -0.030 0.027 0.109 0.754 0.000 -0.646 0.116 0.966 0.000 -0.030 -0.259 0.768 -0.000 -0.634 0.091 0.976 0.000 -0.077 -0.206 0.695 0.000 -0.719 -0.012 0.998 0.000 -0.050 0.040 0.662 0.000 -0.749 0.014 0.936 0.000 0.058 0.348 
0.993 -0.031 0.028 0.107 0.755 0.000 -0.646 0.116 0.965 -0.000 -0.031 -0.259 0.768 -0.000 -0.634 0.092 0.976 0.000 -0.076 -0.206 0.695 0.000 -0.719 -0.009 0.998 0.000 -0.048 0.039 0.660 0.000 -0.751 0.004 0.937 0.000 0.054 0.346 
0.993 -0.030 0.028 0.107 0.755 -0.000 -0.646 0.115 0.965 0.000 -0.031 -0.260 0.768 0.000 -0.634 0.093 0.975 0.000 -0.076 -0.207 0.696 0.000 -0.718 -0.009 0.998 0.000 -0.050 0.041 0.659 0.000 -0.752 -0.008 0.938 0.000 0.050 0.344 
0.994 -0.031 0.029 0.104 0.756 -0.000 -0.644 0.115 0.965 0.000 -0.033 -0.259 0.767 0.000 -0.635 0.094 0.975 -0.000 -0.075 -0.207 0.696 0.000 -0.718 -0.007 0.998 -0.000 -0.050 0.042 0.657 -0.000 -0.754 -0.015 0.940 0.000 0.045 0.339 
0.994 -0.031 0.029 0.104 0.756 0.000 -0.644 0.114 0.965 0.000 -0.033 -0.260 0.767 0.000 -0.635 0.095 0.976 0.000 -0.074 -0.207 0.696 0.000 -0.718 -0.006 0.998 0.000 -0.049 0.042 0.655 0.000 -0.755 -0.026 0.941 0.000 0.041 0.335 
0.994 -0.031 0.031 0.099 0.758 0.000 -0.643 0.115 0.965 0.000 -0.036 -0.260 0.765 0.000 -0.636 0.098 0.975 0.000 -0.073 -0.208 0.696 0.000 -0.718 -0.000 0.998 0.000 -0.045 0.040 0.654 0.000 -0.756 -0.028 0.945 0.000 0.037 0.326 
0.994 -0.032 0.032 0.097 0.759 0.000 -0.641 0.114 0.965 0.000 -0.038 -0.260 0.764 0.000 -0.637 0.099 0.976 0.000 -0.072 -0.208 0.696 0.000 -0.718 0.002 0.998 0.000 -0.045 0.041 0.653 0.000 -0.757 -0.035 0.948 0.000 0.031 0.318 
0.995 -0.032 0.033 0.093 0.760 0.000 -0.640 0.114 0.965 0.000 -0.040 -0.260 0.763 0.000 -0.638 0.103 0.976 0.000 -0.070 -0.208 0.697 0.000 -0.717 0.005 0.998 0.000 -0.043 0.041 0.651 0.000 -0.758 -0.037 0.951 0.000 0.027 0.307 
0.995 -0.032 0.034 0.093 0.760 0.000 -0.640 0.114 0.965 -0.000 -0.039 -0.261 0.762 0.000 -0.639 0.103 0.975 0.000 -0.071 -0.210 0.697 0.000 -0.717 0.006 0.998 0.000 -0.042 0.041 0.652 0.000 -0.757 -0.047 0.954 0.000 0.020 0.300 
0.995 -0.032 0.036 0.089 0.761 0.000 -0.638 0.114 0.965 0.000 -0.042 -0.260 0.761 0.000 -0.640 0.106 0.975 0.000 -0.069 -0.210 0.697 -0.000 -0.717 0.009 0.998 0.000 -0.041 0.041 0.650 0.000 -0.758 -0.047 0.958 0.000 0.017 0.286 
0.995 -0.032 0.036 0.088 0.762 -0.000 -0.638 0.114 0.965 0.000 -0.043 -0.260 0.760 0.000 -0.641 0.107 0.975 0.000 -0.068 -0.210 0.697 0.000 -0.717 0.011 0.998 0.000 -0.039 0.040 0.651 0.000 -0.757 -0.051 0.962 0.000 0.012 0.274 
0.995 -0.033 0.038 0.084 0.763 0.000 -0.636 0.114 0.965 0.000 -0.045 -0.260 0.759 0.000 -0.642 0.110 0.976 0.000 -0.067 -0.209 0.698 0.000 -0.716 0.014 0.998 0.000 -0.038 0.040 0.650 -0.000 -0.758 -0.048 0.966 0.000 0.010 0.258 
0.995 -0.033 0.039 0.082 0.764 -0.000 -0.636 0.114 0.964 -0.000 -0.046 -0.260 0.758 -0.000 -0.643 0.112 0.976 0.000 -0.066 -0.209 0.698 -0.000 -0.716 0.015 0.999 0.000 -0.036 0.040 0.651 0.000 -0.758 -0.048 0.970 0.000 0.005 0.242 
0.996 -0.033 0.040 0.079 0.764 0.000 -0.635 0.114 0.965 0.000 -0.047 -0.260 0.757 0.000 -0.644 0.114 0.976 0.000 -0.066 -0.209 0.698 0.000 -0.716 0.017 0.999 0.000 -0.035 0.040 0.651 0.000 -0.758 -0.049 0.974 -0.000 0.002 0.227 
0.996 -0.033 0.040 0.077 0.765 0.000 -0.634 0.114 0.965 0.000 -0.048 -0.259 0.756 0.000 -0.645 0.115 0.976 -0.000 -0.065 -0.208 0.698 0.000 -0.716 0.017 0.999 -0.000 -0.033 0.041 0.651 0.000 -0.757 -0.049 0.977 0.000 -0.001 0.211 
0.996 -0.032 0.041 0.075 0.765 0.000 -0.634 0.113 0.965 0.000 -0.050 -0.259 0.755 0.000 -0.646 0.117 0.976 0.000 -0.065 -0.207 0.698 -0.000 -0.715 0.021 0.999 0.000 -0.032 0.037 0.651 0.000 -0.757 -0.050 0.981 0.000 -0.004 0.196 
0.996 -0.032 0.042 0.073 0.766 0.000 -0.633 0.113 0.965 0.000 -0.050 -0.258 0.754 0.000 -0.646 0.118 0.976 0.000 -0.064 -0.207 0.698 -0.000 -0.716 0.022 0.999 0.000 -0.030 0.037 0.651 0.000 -0.757 -0.050 0.984 0.000 -0.007 0.180 
0.996 -0.032 0.043 0.071 0.766 0.000 -0.633 0.113 0.965 -0.000 -0.050 -0.258 0.753 0.000 -0.647 0.119 0.976 0.000 -0.064 -0.206 0.698 0.000 -0.716 0.023 0.999 0.000 -0.028 0.037 0.651 0.000 -0.758 -0.050 0.986 -0.000 -0.010 0.164 
0.996 -0.032 0.043 0.069 0.766 -0.000 -0.632 0.113 0.965 0.000 -0.052 -0.258 0.752 0.000 -0.648 0.120 0.977 -0.000 -0.063 -0.206 0.698 0.000 -0.716 0.023 0.999 0.000 -0.026 0.037 0.651 0.000 -0.757 -0.051 0.989 -0.000 -0.014 0.151 
0.996 -0.031 0.044 0.067 0.767 0.000 -0.632 0.113 0.965 0.000 -0.053 -0.257 0.752 0.000 -0.648 0.121 0.977 0.000 -0.063 -0.205 0.698 0.000 -0.716 0.021 0.999 0.000 -0.025 0.041 0.650 0.000 -0.758 -0.052 0.991 0.000 -0.016 0.136 
0.996 -0.031 0.044 0.065 0.767 0.000 -0.632 0.113 0.965 0.000 -0.053 -0.256 0.751 0.000 -0.649 0.122 0.977 0.000 -0.062 -0.204 0.697 0.000 -0.716 0.024 0.999 0.000 -0.023 0.037 0.650 0.000 -0.758 -0.053 0.992 -0.000 -0.017 0.122 
0.997 -0.031 0.045 0.063 0.767 0.000 -0.632 0.113 0.965 0.000 -0.053 -0.256 0.750 0.000 -0.650 0.123 0.977 0.000 -0.062 -0.203 0.697 0.000 -0.717 0.025 0.999 -0.000 -0.021 0.036 0.649 0.000 -0.759 -0.053 0.994 0.000 -0.017 0.109 
0.997 -0.030 0.045 0.062 0.767 0.000 -0.632 0.113 0.965 0.000 -0.054 -0.256 0.750 0.000 -0.650 0.124 0.977 0.000 -0.063 -0.202 0.697 0.000 -0.717 0.027 0.999 0.000 -0.019 0.035 0.648 0.000 -0.760 -0.055 0.995 -0.000 -0.018 0.098 
0.997 -0.030 0.045 0.060 0.767 0.000 -0.632 0.113 0.965 0.000 -0.055 -0.255 0.749 0.000 -0.651 0.125 0.977 0.000 -0.063 -0.202 0.696 0.000 -0.717 0.028 0.999 0.000 -0.018 0.034 0.647 0.000 -0.761 -0.057 0.996 -0.000 -0.018 0.089 
0.997 -0.030 0.045 0.058 0.767 0.000 -0.632 0.113 0.965 0.000 -0.055 -0.255 0.748 -0.000 -0.651 0.125 0.978 0.000 -0.063 -0.201 0.696 0.000 -0.718 0.029 0.999 0.000 -0.017 0.033 0.645 0.000 -0.762 -0.060 0.997 0.000 -0.017 0.082 
0.997 -0.030 0.045 0.056 0.768 0.000 -0.631 0.112 0.966 0.000 -0.057 -0.253 0.748 0.000 -0.651 0.126 0.978 0.000 -0.064 -0.200 0.695 -0.000 -0.718 0.032 0.999 0.000 -0.015 0.032 0.644 0.000 -0.763 -0.062 0.997 0.000 -0.016 0.076 
0.997 -0.030 0.045 0.054 0.768 0.000 -0.631 0.112 0.966 0.000 -0.058 -0.252 0.748 -0.000 -0.651 0.127 0.978 0.000 -0.064 -0.199 0.695 0.000 -0.719 0.034 0.999 0.000 -0.014 0.030 0.642 0.000 -0.764 -0.065 0.997 0.000 -0.014 0.071 
0.997 -0.030 0.045 0.052 0.767 0.000 -0.631 0.113 0.966 0.000 -0.058 -0.252 0.748 0.000 -0.652 0.128 0.978 0.000 -0.064 -0.199 0.694 0.000 -0.719 0.035 0.999 0.000 -0.013 0.029 0.641 -0.000 -0.765 -0.067 0.998 0.000 -0.012 0.066 
0.997 -0.031 0.045 0.050 0.767 0.000 -0.632 0.113 0.966 0.000 -0.059 -0.251 0.747 -0.000 -0.652 0.129 0.978 0.000 -0.064 -0.199 0.694 0.000 -0.719 0.035 0.999 0.000 -0.012 0.031 0.639 0.000 -0.766 -0.069 0.998 -0.000 -0.009 0.063 
0.997 -0.031 0.044 0.048 0.767 0.000 -0.632 0.114 0.966 0.000 -0.060 -0.251 0.747 0.000 -0.652 0.130 0.978 0.000 -0.064 -0.198 0.693 0.000 -0.720 0.037 0.999 0.000 -0.012 0.029 0.638 -0.000 -0.767 -0.071 0.998 0.000 -0.006 0.060 
0.997 -0.031 0.045 0.044 0.767 0.000 -0.632 0.116 0.966 0.000 -0.061 -0.251 0.746 0.000 -0.653 0.132 0.978 -0.000 -0.064 -0.199 0.694 0.000 -0.719 0.041 1.000 0.000 -0.011 0.028 0.636 -0.000 -0.769 -0.067 0.998 0.000 -0.003 0.055 
0.998 -0.032 0.044 0.043 0.767 0.000 -0.632 0.115 0.967 0.000 -0.063 -0.249 0.746 0.000 -0.652 0.133 0.978 -0.000 -0.064 -0.199 0.693 0.000 -0.720 0.043 1.000 0.000 -0.011 0.027 0.635 -0.000 -0.770 -0.067 0.999 0.000 0.001 0.055 
0.998 -0.032 0.043 0.041 0.766 0.000 -0.633 0.116 0.967 0.000 -0.064 -0.248 0.747 0.000 -0.652 0.133 0.978 0.000 -0.065 -0.198 0.692 0.000 -0.720 0.046 1.000 0.000 -0.012 0.026 0.633 -0.000 -0.771 -0.068 0.999 0.000 0.005 0.054 
0.998 -0.033 0.042 0.040 0.765 0.000 -0.634 0.116 0.967 0.000 -0.064 -0.248 0.747 0.000 -0.651 0.133 0.978 0.000 -0.065 -0.198 0.692 0.000 -0.721 0.048 1.000 0.000 -0.012 0.025 0.632 0.000 -0.772 -0.070 0.998 0.000 0.009 0.055 
0.998 -0.033 0.041 0.039 0.764 0.000 -0.634 0.117 0.967 -0.000 -0.065 -0.247 0.748 -0.000 -0.650 0.134 0.978 0.000 -0.066 -0.198 0.691 0.000 -0.721 0.050 1.000 0.000 -0.013 0.024 0.631 0.000 -0.773 -0.071 0.998 0.000 0.012 0.056 
0.998 -0.034 0.040 0.038 0.763 0.000 -0.635 0.118 0.967 0.000 -0.066 -0.246 0.748 0.000 -0.650 0.134 0.978 0.000 -0.066 -0.197 0.691 0.000 -0.721 0.052 1.000 0.000 -0.013 0.023 0.630 0.000 -0.773 -0.072 0.998 0.000 0.015 0.059 
0.998 -0.034 0.038 0.037 0.763 -0.000 -0.636 0.118 0.967 0.000 -0.066 -0.245 0.748 0.000 -0.649 0.134 0.978 -0.000 -0.067 -0.197 0.690 0.000 -0.722 0.053 1.000 0.000 -0.014 0.023 0.629 0.000 -0.774 -0.073 0.998 0.000 0.017 0.061 
0.998 -0.035 0.037 0.036 0.762 0.000 -0.637 0.119 0.967 0.000 -0.067 -0.244 0.749 0.000 -0.649 0.135 0.978 0.000 -0.067 -0.197 0.689 -0.000 -0.722 0.058 1.000 0.000 -0.015 0.020 0.629 -0.000 -0.774 -0.074 0.998 0.000 0.020 0.063 
0.998 -0.035 0.036 0.035 0.761 0.000 -0.638 0.119 0.968 0.000 -0.067 -0.244 0.749 -0.000 -0.648 0.135 0.978 0.000 -0.067 -0.197 0.689 0.000 -0.723 0.060 1.000 0.000 -0.016 0.019 0.629 0.000 -0.774 -0.073 0.998 0.000 0.022 0.064 
0.998 -0.036 0.034 0.034 0.760 0.000 -0.639 0.120 0.968 0.000 -0.067 -0.243 0.750 0.000 -0.647 0.135 0.978 0.000 -0.068 -0.197 0.688 0.000 -0.723 0.063 1.000 0.000 -0.016 0.019 0.629 0.000 -0.774 -0.072 0.998 0.000 0.024 0.065 
0.998 -0.037 0.033 0.033 0.759 -0.000 -0.640 0.121 0.968 0.000 -0.069 -0.242 0.751 -0.000 -0.646 0.135 0.978 0.000 -0.068 -0.197 0.687 0.000 -0.724 0.065 1.000 0.000 -0.017 0.019 0.629 0.000 -0.774 -0.069 0.998 0.000 0.026 0.065 
0.998 -0.037 0.031 0.032 0.758 0.000 -0.641 0.121 0.968 0.000 -0.069 -0.241 0.752 0.000 -0.645 0.136 0.978 0.000 -0.068 -0.196 0.686 0.000 -0.725 0.067 1.000 0.000 -0.018 0.019 0.630 0.000 -0.774 -0.065 0.998 0.000 0.029 0.064 
0.998 -0.038 0.029 0.031 0.756 0.000 -0.643 0.122 0.968 0.000 -0.069 -0.241 0.753 0.000 -0.644 0.136 0.978 0.000 -0.068 -0.196 0.684 0.000 -0.726 0.069 1.000 0.000 -0.018 0.019 0.631 0.000 -0.774 -0.061 0.998 0.000 0.030 0.062 
0.998 -0.039 0.027 0.030 0.755 0.000 -0.644 0.123 0.968 0.000 -0.070 -0.240 0.754 0.000 -0.643 0.135 0.978 0.000 -0.069 -0.196 0.683 0.000 -0.727 0.072 1.000 0.000 -0.019 0.018 0.632 0.000 -0.773 -0.054 0.998 0.000 0.032 0.057 
0.998 -0.040 0.025 0.029 0.754 0.000 -0.645 0.124 0.968 -0.000 -0.070 -0.239 0.755 0.000 -0.642 0.136 0.978 0.000 -0.069 -0.196 0.682 0.000 -0.728 0.072 1.000 0.000 -0.019 0.022 0.632 0.000 -0.773 -0.046 0.998 0.000 0.033 0.051 
0.998 -0.040 0.022 0.032 0.752 0.000 -0.648 0.125 0.968 0.000 -0.069 -0.239 0.757 0.000 -0.640 0.133 0.978 0.000 -0.070 -0.196 0.680 0.000 -0.730 0.072 1.000 0.000 -0.020 0.022 0.634 0.000 -0.772 -0.044 0.998 0.000 0.033 0.048 
0.998 -0.041 0.021 0.031 0.751 0.000 -0.649 0.125 0.969 -0.000 -0.068 -0.239 0.758 -0.000 -0.639 0.133 0.978 -0.000 -0.070 -0.194 0.680 -0.000 -0.730 0.077 1.000 0.000 -0.022 0.019 0.634 0.000 -0.772 -0.038 0.999 0.000 0.035 0.041 
0.998 -0.041 0.021 0.031 0.750 0.000 -0.649 0.125 0.969 0.000 -0.068 -0.238 0.758 -0.000 -0.639 0.132 0.978 0.000 -0.070 -0.194 0.680 -0.000 -0.729 0.078 1.000 -0.000 -0.023 0.019 0.634 0.000 -0.772 -0.031 0.999 0.000 0.035 0.035 
0.998 -0.042 0.021 0.031 0.750 -0.000 -0.649 0.126 0.969 0.000 -0.067 -0.237 0.758 0.000 -0.639 0.131 0.978 0.000 -0.072 -0.193 0.681 -0.000 -0.729 0.077 0.999 0.000 -0.024 0.022 0.635 -0.000 -0.772 -0.024 0.999 0.000 0.034 0.029 
0.998 -0.042 0.022 0.032 0.750 0.000 -0.649 0.126 0.970 0.000 -0.065 -0.236 0.757 -0.000 -0.640 0.131 0.979 0.000 -0.071 -0.194 0.682 0.000 -0.727 0.078 0.999 0.000 -0.026 0.023 0.635 -0.000 -0.772 -0.019 0.999 0.000 0.032 0.024 
0.998 -0.043 0.023 0.033 0.750 0.000 -0.649 0.126 0.970 0.000 -0.064 -0.234 0.757 0.000 -0.641 0.130 0.979 0.000 -0.072 -0.192 0.683 0.000 -0.726 0.080 0.999 0.000 -0.028 0.022 0.636 0.000 -0.771 -0.014 0.999 0.000 0.029 0.020 
0.998 -0.043 0.024 0.033 0.750 0.000 -0.649 0.127 0.970 0.000 -0.061 -0.234 0.756 -0.000 -0.641 0.129 0.979 0.000 -0.073 -0.191 0.684 0.000 -0.724 0.083 0.999 0.000 -0.029 0.022 0.637 0.000 -0.771 -0.009 1.000 0.000 0.026 0.016 
0.998 -0.044 0.024 0.034 0.750 0.000 -0.649 0.127 0.971 0.000 -0.060 -0.232 0.756 0.000 -0.642 0.128 0.979 0.000 -0.073 -0.190 0.686 0.000 -0.723 0.085 0.999 0.000 -0.030 0.022 0.638 -0.000 -0.770 -0.005 1.000 0.000 0.023 0.013 
0.998 -0.045 0.025 0.035 0.749 0.000 -0.650 0.128 0.971 0.000 -0.056 -0.231 0.756 0.000 -0.643 0.127 0.979 0.000 -0.073 -0.189 0.687 0.000 -0.721 0.088 0.999 0.000 -0.032 0.022 0.639 0.000 -0.770 -0.001 1.000 0.000 0.020 0.011 
0.998 -0.046 0.025 0.036 0.749 0.000 -0.650 0.128 0.972 0.000 -0.054 -0.229 0.755 -0.000 -0.643 0.126 0.979 -0.000 -0.072 -0.189 0.688 0.000 -0.720 0.090 0.999 0.000 -0.033 0.021 0.640 0.000 -0.769 0.001 1.000 0.000 0.017 0.010 
0.998 -0.046 0.026 0.037 0.748 0.000 -0.651 0.130 0.972 -0.000 -0.052 -0.228 0.755 0.000 -0.643 0.124 0.980 0.000 -0.073 -0.188 0.688 -0.000 -0.719 0.093 0.999 0.000 -0.035 0.021 0.640 0.000 -0.768 0.004 1.000 -0.000 0.015 0.009 
0.998 -0.047 0.026 0.038 0.747 0.000 -0.652 0.131 0.973 -0.000 -0.050 -0.227 0.755 0.000 -0.644 0.123 0.980 -0.000 -0.073 -0.187 0.689 0.000 -0.718 0.093 0.999 0.000 -0.036 0.023 0.641 0.000 -0.768 0.006 1.000 0.000 0.013 0.008 
0.998 -0.047 0.026 0.038 0.746 0.000 -0.652 0.133 0.973 0.000 -0.048 -0.226 0.755 0.000 -0.644 0.121 0.980 0.000 -0.072 -0.187 0.690 0.000 -0.718 0.094 0.999 0.000 -0.037 0.023 0.642 0.000 -0.767 0.008 1.000 -0.000 0.011 0.008 
0.998 -0.048 0.026 0.039 0.745 0.000 -0.653 0.135 0.973 0.000 -0.047 -0.225 0.756 0.000 -0.644 0.120 0.980 0.000 -0.072 -0.187 0.690 0.000 -0.718 0.095 0.999 0.000 -0.037 0.024 0.642 0.000 -0.766 0.010 1.000 0.000 0.009 0.007 
0.998 -0.048 0.025 0.039 0.744 0.000 -0.654 0.136 0.974 0.000 -0.046 -0.224 0.756 -0.000 -0.644 0.118 0.979 0.000 -0.072 -0.189 0.690 0.000 -0.718 0.096 0.999 0.000 -0.037 0.025 0.643 0.000 -0.766 0.011 1.000 0.000 0.007 0.007 
0.998 -0.048 0.025 0.039 0.744 0.000 -0.653 0.138 0.974 0.000 -0.047 -0.224 0.756 0.000 -0.644 0.117 0.979 0.000 -0.072 -0.190 0.690 0.000 -0.718 0.095 0.999 -0.000 -0.036 0.026 0.644 0.000 -0.765 0.013 1.000 -0.000 0.005 0.006 
0.998 -0.048 0.025 0.039 0.744 0.000 -0.654 0.139 0.974 0.000 -0.047 -0.223 0.756 0.000 -0.644 0.116 0.979 0.000 -0.072 -0.191 0.690 0.000 -0.718 0.094 0.999 0.000 -0.036 0.028 0.645 0.000 -0.764 0.014 1.000 0.000 0.002 0.005 
0.998 -0.048 0.025 0.039 0.743 0.000 -0.654 0.142 0.973 0.000 -0.049 -0.224 0.756 0.000 -0.644 0.115 0.979 0.000 -0.073 -0.193 0.690 0.000 -0.718 0.094 0.999 0.000 -0.035 0.028 0.645 0.000 -0.764 0.015 1.000 0.000 0.000 0.005 
0.998 -0.048 0.025 0.038 0.743 0.000 -0.653 0.142 0.974 0.000 -0.051 -0.223 0.756 0.000 -0.644 0.113 0.978 0.000 -0.073 -0.194 0.689 0.000 -0.718 0.094 0.999 0.000 -0.034 0.029 0.646 -0.000 -0.763 0.016 1.000 0.000 -0.001 0.004 
0.998 -0.048 0.025 0.038 0.744 0.000 -0.653 0.143 0.974 0.000 -0.053 -0.222 0.757 0.000 -0.644 0.112 0.978 0.000 -0.073 -0.196 0.689 0.000 -0.719 0.093 0.999 -0.000 -0.033 0.030 0.647 0.000 -0.763 0.016 1.000 0.000 -0.003 0.004 
0.998 -0.048 0.025 0.038 0.744 0.000 -0.652 0.143 0.974 0.000 -0.055 -0.221 0.757 0.000 -0.644 0.112 0.977 0.000 -0.074 -0.200 0.689 0.000 -0.719 0.091 0.999 0.000 -0.031 0.032 0.647 -0.000 -0.763 0.016 1.000 0.000 -0.005 0.004 
0.998 -0.047 0.025 0.039 0.745 0.000 -0.652 0.143 0.974 0.000 -0.057 -0.220 0.757 -0.000 -0.644 0.110 0.977 0.000 -0.074 -0.202 0.688 0.000 -0.720 0.088 0.999 -0.000 -0.030 0.034 0.646 -0.000 -0.763 0.015 1.000 0.000 -0.004 0.004 
0.998 -0.047 0.025 0.039 0.745 0.000 -0.651 0.144 0.974 0.000 -0.059 -0.219 0.757 0.000 -0.644 0.108 0.977 0.000 -0.073 -0.201 0.687 0.000 -0.721 0.089 0.999 0.000 -0.027 0.034 0.647 0.000 -0.762 0.017 1.000 0.000 -0.007 0.002 
0.998 -0.047 0.025 0.038 0.745 0.000 -0.651 0.143 0.974 0.000 -0.062 -0.218 0.758 0.000 -0.644 0.107 0.976 0.000 -0.074 -0.203 0.687 0.000 -0.721 0.087 0.999 0.000 -0.026 0.035 0.648 0.000 -0.762 0.017 1.000 0.000 -0.009 0.002 
0.998 -0.047 0.025 0.039 0.746 0.000 -0.650 0.144 0.974 0.000 -0.064 -0.216 0.758 -0.000 -0.644 0.105 0.976 0.000 -0.074 -0.204 0.686 0.000 -0.722 0.089 0.999 0.000 -0.024 0.034 0.649 0.000 -0.761 0.019 1.000 0.000 -0.011 0.000 
0.998 -0.047 0.025 0.039 0.747 0.000 -0.649 0.143 0.974 0.000 -0.066 -0.215 0.758 0.000 -0.644 0.104 0.976 0.000 -0.074 -0.205 0.686 0.000 -0.723 0.086 0.999 0.000 -0.022 0.038 0.649 0.000 -0.760 0.020 1.000 0.000 -0.013 -0.001 
0.998 -0.047 0.025 0.040 0.747 0.000 -0.649 0.142 0.975 0.000 -0.068 -0.213 0.758 0.000 -0.644 0.102 0.976 0.000 -0.074 -0.206 0.685 -0.000 -0.723 0.085 0.999 0.000 -0.021 0.039 0.650 0.000 -0.760 0.019 1.000 0.000 -0.015 -0.001 
0.998 -0.047 0.025 0.042 0.747 0.000 -0.649 0.142 0.975 -0.000 -0.068 -0.212 0.758 0.000 -0.645 0.100 0.976 0.000 -0.074 -0.207 0.685 -0.000 -0.724 0.084 0.999 0.000 -0.020 0.039 0.651 0.000 -0.759 0.018 1.000 0.000 -0.017 -0.000 
0.998 -0.047 0.025 0.043 0.747 -0.000 -0.649 0.142 0.975 0.000 -0.068 -0.211 0.758 0.000 -0.645 0.099 0.975 0.000 -0.073 -0.208 0.684 0.000 -0.724 0.084 0.999 0.000 -0.018 0.040 0.651 0.000 -0.759 0.018 1.000 -0.000 -0.019 -0.000 
0.998 -0.047 0.025 0.043 0.748 -0.000 -0.649 0.141 0.975 0.000 -0.069 -0.210 0.758 0.000 -0.645 0.098 0.975 0.000 -0.073 -0.209 0.684 0.000 -0.725 0.084 0.999 0.000 -0.017 0.041 0.652 0.000 -0.758 0.019 1.000 0.000 -0.021 -0.001 
0.998 -0.047 0.025 0.043 0.748 -0.000 -0.649 0.141 0.975 0.000 -0.070 -0.209 0.757 0.000 -0.646 0.097 0.975 0.000 -0.072 -0.211 0.683 0.000 -0.725 0.085 0.999 0.000 -0.015 0.039 0.652 -0.000 -0.758 0.020 1.000 -0.000 -0.021 -0.001 
0.998 -0.047 0.025 0.043 0.748 0.000 -0.649 0.140 0.976 -0.000 -0.070 -0.208 0.757 0.000 -0.646 0.096 0.975 0.000 -0.072 -0.212 0.683 0.000 -0.725 0.085 0.999 0.000 -0.014 0.040 0.653 -0.000 -0.757 0.019 1.000 -0.000 -0.023 0.000 
0.998 -0.047 0.025 0.044 0.748 0.000 -0.649 0.141 0.976 0.000 -0.069 -0.208 0.757 0.000 -0.646 0.096 0.974 -0.000 -0.072 -0.213 0.683 -0.000 -0.726 0.086 0.999 -0.000 -0.013 0.041 0.653 0.000 -0.757 0.020 1.000 -0.000 -0.024 0.001 
0.998 -0.048 0.025 0.044 0.747 0.000 -0.649 0.141 0.976 0.000 -0.069 -0.208 0.757 0.000 -0.646 0.095 0.974 0.000 -0.072 -0.215 0.682 -0.000 -0.726 0.083 0.999 0.000 -0.012 0.044 0.652 0.000 -0.758 0.020 1.000 0.000 -0.023 0.001 
0.998 -0.048 0.025 0.044 0.748 0.000 -0.649 0.140 0.976 0.000 -0.068 -0.207 0.757 0.000 -0.647 0.095 0.974 -0.000 -0.072 -0.216 0.682 0.000 -0.726 0.085 0.999 -0.000 -0.011 0.043 0.652 0.000 -0.758 0.019 1.000 -0.000 -0.022 0.001 
0.998 -0.048 0.025 0.043 0.748 0.000 -0.649 0.140 0.976 0.000 -0.068 -0.208 0.757 0.000 -0.647 0.094 0.974 0.000 -0.071 -0.217 0.682 0.000 -0.726 0.084 0.999 -0.000 -0.010 0.043 0.651 -0.000 -0.759 0.019 1.000 -0.000 -0.021 0.002 
0.998 -0.048 0.025 0.043 0.747 0.000 -0.650 0.140 0.976 0.000 -0.067 -0.208 0.756 0.000 -0.647 0.094 0.973 -0.000 -0.072 -0.219 0.682 0.000 -0.727 0.084 0.999 -0.000 -0.009 0.044 0.651 -0.000 -0.759 0.019 1.000 0.000 -0.020 0.003 
0.998 -0.048 0.024 0.045 0.746 0.000 -0.651 0.141 0.976 0.000 -0.065 -0.209 0.757 -0.000 -0.647 0.092 0.972 -0.000 -0.073 -0.222 0.681 0.000 -0.727 0.084 0.999 0.000 -0.008 0.044 0.650 -0.000 -0.760 0.015 1.000 0.000 -0.018 0.006 
0.998 -0.048 0.024 0.045 0.746 0.000 -0.651 0.141 0.976 0.000 -0.064 -0.209 0.757 0.000 -0.647 0.092 0.972 0.000 -0.073 -0.223 0.681 0.000 -0.727 0.084 0.999 0.000 -0.007 0.044 0.649 0.000 -0.761 0.015 1.000 -0.000 -0.016 0.007 
0.998 -0.048 0.023 0.045 0.746 0.000 -0.651 0.141 0.976 0.000 -0.064 -0.210 0.757 0.000 -0.646 0.091 0.972 0.000 -0.074 -0.224 0.680 0.000 -0.728 0.084 0.999 -0.000 -0.007 0.045 0.647 0.000 -0.762 0.015 1.000 0.000 -0.011 0.008 
0.998 -0.048 0.023 0.045 0.746 -0.000 -0.651 0.141 0.976 0.000 -0.063 -0.210 0.757 0.000 -0.647 0.090 0.971 0.000 -0.074 -0.225 0.680 0.000 -0.728 0.084 0.999 0.000 -0.007 0.045 0.646 0.000 -0.763 0.014 1.000 0.000 -0.008 0.008 
0.998 -0.048 0.023 0.044 0.746 -0.000 -0.651 0.141 0.976 -0.000 -0.062 -0.211 0.757 0.000 -0.647 0.090 0.971 0.000 -0.074 -0.226 0.681 0.000 -0.728 0.083 0.999 0.000 -0.007 0.046 0.645 0.000 -0.764 0.013 1.000 0.000 -0.007 0.010 
0.998 -0.048 0.023 0.043 0.746 0.000 -0.651 0.141 0.976 0.000 -0.062 -0.211 0.757 0.000 -0.647 0.089 0.971 -0.000 -0.075 -0.227 0.681 0.000 -0.728 0.082 0.999 0.000 -0.008 0.047 0.644 0.000 -0.765 0.013 1.000 0.000 -0.005 0.011 
0.998 -0.047 0.024 0.042 0.746 0.000 -0.651 0.140 0.975 0.000 -0.061 -0.212 0.757 -0.000 -0.648 0.088 0.971 0.000 -0.075 -0.228 0.682 0.000 -0.727 0.079 0.999 -0.000 -0.008 0.049 0.643 0.000 -0.766 0.010 1.000 -0.000 -0.002 0.013 
0.998 -0.047 0.024 0.042 0.747 0.000 -0.650 0.140 0.975 0.000 -0.061 -0.213 0.756 0.000 -0.648 0.088 0.971 0.000 -0.075 -0.228 0.683 0.000 -0.727 0.079 0.999 0.000 -0.009 0.049 0.642 0.000 -0.767 0.009 1.000 0.000 -0.000 0.014 
