# T   LUA LFA RUA RFA LT  LS  RT  RS  
0.735 0.028 0.005 -0.677 0.734 0.000 -0.679 -0.002 0.985 0.000 -0.071 0.160 0.721 0.000 -0.691 -0.055 0.975 0.000 -0.018 0.222 0.624 0.000 -0.781 -0.028 0.993 0.000 0.106 -0.060 0.636 0.000 -0.768 -0.074 0.995 0.000 0.096 -0.035 
0.735 0.028 0.005 -0.677 0.734 0.000 -0.679 -0.002 0.985 0.000 -0.071 0.159 0.721 0.000 -0.691 -0.055 0.975 -0.000 -0.018 0.222 0.624 0.000 -0.781 -0.028 0.992 0.000 0.106 -0.061 0.636 0.000 -0.768 -0.074 0.995 0.000 0.096 -0.035 
0.735 0.028 0.005 -0.677 0.734 0.000 -0.679 -0.002 0.985 0.000 -0.070 0.159 0.721 -0.000 -0.691 -0.054 0.975 0.000 -0.018 0.222 0.624 0.000 -0.781 -0.028 0.993 0.000 0.106 -0.060 0.636 0.000 -0.768 -0.074 0.995 0.000 0.096 -0.035 
0.735 0.029 0.005 -0.677 0.734 0.000 -0.680 -0.002 0.985 0.000 -0.070 0.160 0.721 0.000 -0.691 -0.054 0.975 0.000 -0.018 0.222 0.623 0.000 -0.781 -0.028 0.993 0.000 0.106 -0.060 0.637 0.000 -0.767 -0.074 0.995 0.000 0.096 -0.035 
0.735 0.029 0.005 -0.677 0.734 0.000 -0.680 -0.002 0.985 0.000 -0.070 0.159 0.721 -0.000 -0.691 -0.055 0.975 0.000 -0.018 0.222 0.623 0.000 -0.781 -0.028 0.992 0.000 0.106 -0.061 0.637 -0.000 -0.767 -0.073 0.995 0.000 0.096 -0.035 
0.735 0.029 0.005 -0.677 0.734 -0.000 -0.679 -0.002 0.985 0.000 -0.071 0.159 0.721 -0.000 -0.691 -0.055 0.975 0.000 -0.018 0.223 0.623 0.000 -0.781 -0.028 0.993 0.000 0.106 -0.060 0.637 0.000 -0.767 -0.073 0.995 0.000 0.096 -0.035 
0.735 0.028 0.005 -0.677 0.734 0.000 -0.679 -0.001 0.985 0.000 -0.071 0.159 0.721 -0.000 -0.691 -0.055 0.975 0.000 -0.019 0.222 0.624 0.000 -0.781 -0.028 0.993 0.000 0.106 -0.060 0.636 0.000 -0.768 -0.074 0.995 0.000 0.096 -0.035 
0.735 0.029 0.005 -0.677 0.734 -0.000 -0.679 -0.002 0.985 0.000 -0.071 0.159 0.721 0.000 -0.691 -0.055 0.975 0.000 -0.018 0.223 0.623 0.000 -0.781 -0.028 0.993 0.000 0.106 -0.060 0.637 0.000 -0.767 -0.073 0.995 0.000 0.096 -0.035 
0.735 0.029 0.005 -0.677 0.734 0.000 -0.679 -0.001 0.985 0.000 -0.071 0.159 0.721 0.000 -0.691 -0.054 0.975 0.000 -0.018 0.222 0.623 0.000 -0.781 -0.028 0.993 0.000 0.106 -0.060 0.637 0.000 -0.767 -0.073 0.995 0.000 0.096 -0.035 
0.735 0.029 0.005 -0.677 0.734 0.000 -0.679 -0.001 0.985 0.000 -0.071 0.159 0.721 0.000 -0.691 -0.054 0.975 0.000 -0.018 0.222 0.623 -0.000 -0.781 -0.028 0.992 0.000 0.106 -0.061 0.637 0.000 -0.767 -0.073 0.995 0.000 0.096 -0.035 
0.735 0.029 0.005 -0.677 0.733 0.000 -0.680 0.000 0.985 0.000 -0.069 0.158 0.721 -0.000 -0.691 -0.055 0.975 0.000 -0.019 0.223 0.623 0.000 -0.781 -0.029 0.992 0.000 0.106 -0.061 0.637 0.000 -0.767 -0.074 0.995 0.000 0.096 -0.035 
0.735 0.028 0.006 -0.677 0.734 0.000 -0.679 0.001 0.985 0.000 -0.069 0.157 0.720 0.000 -0.691 -0.055 0.975 0.000 -0.019 0.222 0.624 0.000 -0.781 -0.029 0.992 0.000 0.106 -0.061 0.636 -0.000 -0.768 -0.074 0.995 0.000 0.097 -0.035 
0.735 0.029 0.005 -0.678 0.733 0.000 -0.680 0.001 0.985 0.000 -0.069 0.157 0.721 0.000 -0.691 -0.055 0.975 0.000 -0.019 0.223 0.623 0.000 -0.781 -0.029 0.993 -0.000 0.106 -0.060 0.637 0.000 -0.767 -0.074 0.995 -0.000 0.096 -0.035 
0.735 0.029 0.005 -0.678 0.734 0.000 -0.679 -0.001 0.985 -0.000 -0.071 0.159 0.721 0.000 -0.691 -0.054 0.975 0.000 -0.019 0.223 0.623 0.000 -0.781 -0.028 0.992 0.000 0.106 -0.061 0.637 0.000 -0.767 -0.073 0.995 0.000 0.096 -0.035 
0.735 0.029 0.005 -0.678 0.733 0.000 -0.680 0.001 0.985 -0.000 -0.069 0.157 0.721 -0.000 -0.691 -0.054 0.975 0.000 -0.019 0.223 0.623 0.000 -0.781 -0.028 0.993 -0.000 0.106 -0.060 0.637 0.000 -0.767 -0.073 0.995 0.000 0.096 -0.035 
0.735 0.029 0.005 -0.677 0.734 0.000 -0.679 -0.000 0.985 0.000 -0.071 0.158 0.721 -0.000 -0.691 -0.053 0.975 -0.000 -0.019 0.222 0.623 0.000 -0.781 -0.028 0.993 0.000 0.106 -0.060 0.637 -0.000 -0.767 -0.073 0.995 0.000 0.096 -0.035 
0.735 0.029 0.005 -0.678 0.734 0.000 -0.679 -0.000 0.985 0.000 -0.071 0.158 0.721 0.000 -0.691 -0.053 0.975 0.000 -0.019 0.222 0.623 -0.000 -0.781 -0.028 0.992 -0.000 0.106 -0.061 0.637 0.000 -0.767 -0.073 0.995 0.000 0.096 -0.035 
0.735 0.029 0.005 -0.678 0.734 0.000 -0.680 0.001 0.985 0.000 -0.070 0.157 0.721 0.000 -0.691 -0.053 0.975 0.000 -0.018 0.222 0.623 0.000 -0.782 -0.028 0.992 -0.000 0.106 -0.061 0.637 0.000 -0.767 -0.073 0.995 -0.000 0.096 -0.035 
0.735 0.029 0.005 -0.678 0.734 0.000 -0.680 0.001 0.985 0.000 -0.070 0.157 0.721 0.000 -0.691 -0.054 0.975 0.000 -0.019 0.222 0.623 -0.000 -0.781 -0.028 0.992 0.000 0.106 -0.061 0.637 -0.000 -0.767 -0.073 0.995 0.000 0.096 -0.035 
0.735 0.029 0.005 -0.678 0.734 0.000 -0.680 0.001 0.985 0.000 -0.069 0.157 0.721 -0.000 -0.691 -0.054 0.975 0.000 -0.019 0.222 0.623 0.000 -0.781 -0.028 0.992 0.000 0.106 -0.061 0.637 0.000 -0.767 -0.073 0.995 0.000 0.096 -0.035 
0.735 0.029 0.005 -0.678 0.734 0.000 -0.679 0.001 0.985 -0.000 -0.070 0.157 0.721 0.000 -0.691 -0.053 0.975 0.000 -0.019 0.222 0.623 0.000 -0.781 -0.028 0.992 0.000 0.106 -0.061 0.637 -0.000 -0.767 -0.073 0.995 0.000 0.096 -0.036 
0.735 0.029 0.005 -0.678 0.734 0.000 -0.679 0.001 0.985 0.000 -0.070 0.157 0.721 0.000 -0.691 -0.053 0.975 0.000 -0.019 0.222 0.623 0.000 -0.781 -0.028 0.993 0.000 0.106 -0.060 0.637 -0.000 -0.767 -0.073 0.995 0.000 0.096 -0.036 
0.735 0.029 0.005 -0.678 0.734 0.000 -0.680 0.001 0.985 0.000 -0.070 0.157 0.721 0.000 -0.691 -0.052 0.975 0.000 -0.018 0.221 0.623 -0.000 -0.782 -0.028 0.992 0.000 0.106 -0.061 0.637 0.000 -0.767 -0.073 0.995 0.000 0.096 -0.036 
0.735 0.029 0.005 -0.678 0.734 0.000 -0.679 0.001 0.985 0.000 -0.070 0.157 0.721 0.000 -0.691 -0.052 0.975 0.000 -0.018 0.222 0.623 0.000 -0.781 -0.028 0.993 0.000 0.106 -0.060 0.637 0.000 -0.767 -0.073 0.995 0.000 0.096 -0.036 
0.735 0.029 0.005 -0.678 0.734 0.000 -0.679 0.001 0.985 -0.000 -0.070 0.157 0.721 0.000 -0.691 -0.053 0.975 0.000 -0.019 0.222 0.623 0.000 -0.781 -0.028 0.992 0.000 0.106 -0.061 0.637 0.000 -0.767 -0.073 0.995 0.000 0.096 -0.036 
0.735 0.029 0.005 -0.678 0.734 0.000 -0.679 0.001 0.985 0.000 -0.070 0.157 0.721 0.000 -0.691 -0.052 0.975 0.000 -0.018 0.222 0.623 -0.000 -0.781 -0.028 0.993 -0.000 0.106 -0.060 0.637 0.000 -0.767 -0.073 0.995 0.000 0.096 -0.036 
0.735 0.029 0.005 -0.678 0.734 0.000 -0.679 0.001 0.985 0.000 -0.070 0.157 0.721 0.000 -0.691 -0.053 0.975 0.000 -0.019 0.222 0.623 0.000 -0.781 -0.028 0.993 0.000 0.106 -0.060 0.637 0.000 -0.767 -0.073 0.995 0.000 0.096 -0.036 
0.735 0.029 0.005 -0.678 0.734 0.000 -0.679 0.001 0.985 0.000 -0.070 0.157 0.721 0.000 -0.691 -0.052 0.975 0.000 -0.019 0.222 0.623 0.000 -0.781 -0.028 0.992 -0.000 0.106 -0.061 0.637 0.000 -0.767 -0.073 0.995 0.000 0.096 -0.036 
0.734 0.029 0.005 -0.678 0.734 0.000 -0.679 0.001 0.985 0.000 -0.070 0.157 0.721 0.000 -0.691 -0.052 0.975 -0.000 -0.019 0.222 0.623 -0.000 -0.782 -0.028 0.993 0.000 0.106 -0.060 0.637 -0.000 -0.767 -0.072 0.995 0.000 0.096 -0.036 
0.735 0.029 0.005 -0.678 0.734 0.000 -0.679 0.001 0.985 0.000 -0.070 0.157 0.721 0.000 -0.691 -0.052 0.975 0.000 -0.019 0.223 0.622 0.000 -0.782 -0.027 0.992 0.000 0.107 -0.061 0.637 0.000 -0.767 -0.072 0.995 0.000 0.096 -0.036 
0.734 0.029 0.005 -0.678 0.734 0.000 -0.679 0.001 0.985 -0.000 -0.070 0.157 0.721 0.000 -0.691 -0.052 0.975 0.000 -0.020 0.222 0.623 0.000 -0.781 -0.028 0.993 0.000 0.105 -0.060 0.637 0.000 -0.767 -0.072 0.995 0.000 0.096 -0.036 
0.734 0.029 0.005 -0.678 0.734 0.000 -0.679 0.001 0.985 0.000 -0.070 0.156 0.721 0.000 -0.691 -0.052 0.975 0.000 -0.020 0.223 0.623 0.000 -0.781 -0.028 0.992 -0.000 0.106 -0.061 0.637 0.000 -0.767 -0.072 0.995 -0.000 0.096 -0.036 
0.734 0.029 0.005 -0.678 0.734 0.000 -0.679 0.001 0.985 0.000 -0.070 0.157 0.721 0.000 -0.691 -0.051 0.975 0.000 -0.019 0.221 0.623 0.000 -0.781 -0.028 0.992 0.000 0.106 -0.061 0.637 0.000 -0.767 -0.072 0.995 0.000 0.096 -0.036 
0.734 0.028 0.005 -0.678 0.735 -0.000 -0.679 -0.000 0.985 0.000 -0.072 0.158 0.721 0.000 -0.691 -0.051 0.975 0.000 -0.019 0.222 0.623 -0.000 -0.782 -0.027 0.992 0.000 0.106 -0.061 0.637 0.000 -0.767 -0.072 0.995 0.000 0.096 -0.036 
0.734 0.028 0.005 -0.678 0.734 0.000 -0.679 -0.001 0.985 -0.000 -0.071 0.158 0.721 0.000 -0.691 -0.051 0.975 0.000 -0.019 0.222 0.623 0.000 -0.781 -0.027 0.993 0.000 0.106 -0.060 0.637 0.000 -0.767 -0.072 0.995 0.000 0.096 -0.036 
0.734 0.028 0.005 -0.678 0.734 0.000 -0.679 -0.000 0.985 0.000 -0.071 0.157 0.721 0.000 -0.691 -0.051 0.975 0.000 -0.020 0.222 0.623 -0.000 -0.781 -0.028 0.993 0.000 0.105 -0.060 0.637 0.000 -0.767 -0.072 0.995 0.000 0.096 -0.036 
0.734 0.028 0.005 -0.678 0.734 0.000 -0.679 -0.001 0.985 0.000 -0.071 0.158 0.721 0.000 -0.691 -0.051 0.975 0.000 -0.019 0.222 0.623 0.000 -0.781 -0.028 0.992 0.000 0.106 -0.061 0.637 -0.000 -0.767 -0.072 0.995 0.000 0.096 -0.036 
0.734 0.028 0.005 -0.678 0.734 0.000 -0.679 -0.001 0.985 0.000 -0.071 0.158 0.721 0.000 -0.691 -0.051 0.975 0.000 -0.019 0.222 0.623 0.000 -0.782 -0.028 0.992 0.000 0.106 -0.061 0.637 0.000 -0.767 -0.072 0.995 0.000 0.096 -0.036 
0.734 0.028 0.005 -0.678 0.735 -0.000 -0.679 -0.000 0.985 0.000 -0.072 0.158 0.721 0.000 -0.691 -0.051 0.975 0.000 -0.019 0.222 0.623 0.000 -0.781 -0.027 0.992 0.000 0.106 -0.061 0.637 0.000 -0.767 -0.071 0.995 -0.000 0.096 -0.036 
0.734 0.028 0.005 -0.678 0.735 0.000 -0.679 -0.001 0.985 -0.000 -0.071 0.158 0.721 0.000 -0.691 -0.052 0.975 0.000 -0.020 0.222 0.623 0.000 -0.781 -0.027 0.992 0.000 0.106 -0.061 0.637 0.000 -0.768 -0.071 0.995 0.000 0.096 -0.036 
0.734 0.028 0.005 -0.679 0.735 0.000 -0.678 -0.000 0.985 -0.000 -0.071 0.157 0.721 -0.000 -0.691 -0.052 0.975 0.000 -0.020 0.223 0.623 -0.000 -0.781 -0.027 0.993 0.000 0.106 -0.061 0.637 0.000 -0.768 -0.071 0.995 0.000 0.096 -0.036 
0.734 0.028 0.005 -0.679 0.735 0.000 -0.679 -0.001 0.985 0.000 -0.071 0.158 0.721 0.000 -0.691 -0.051 0.975 0.000 -0.020 0.222 0.623 0.000 -0.781 -0.028 0.993 0.000 0.106 -0.060 0.637 0.000 -0.767 -0.071 0.995 0.000 0.096 -0.036 
0.734 0.028 0.005 -0.679 0.735 0.000 -0.679 -0.000 0.985 0.000 -0.071 0.158 0.721 0.000 -0.691 -0.051 0.975 0.000 -0.020 0.222 0.623 0.000 -0.782 -0.027 0.992 -0.000 0.106 -0.061 0.637 0.000 -0.767 -0.071 0.995 0.000 0.096 -0.036 
0.734 0.028 0.005 -0.679 0.734 0.000 -0.679 -0.001 0.985 -0.000 -0.071 0.158 0.721 0.000 -0.691 -0.051 0.975 -0.000 -0.020 0.222 0.623 0.000 -0.782 -0.027 0.992 0.000 0.106 -0.061 0.637 0.000 -0.767 -0.071 0.995 0.000 0.096 -0.036 
0.734 0.028 0.005 -0.679 0.734 0.000 -0.679 -0.001 0.985 0.000 -0.071 0.158 0.721 0.000 -0.691 -0.051 0.975 0.000 -0.020 0.222 0.623 0.000 -0.781 -0.027 0.993 0.000 0.105 -0.060 0.637 0.000 -0.768 -0.071 0.995 0.000 0.096 -0.036 
0.734 0.028 0.005 -0.679 0.735 0.000 -0.678 -0.000 0.985 0.000 -0.071 0.158 0.721 -0.000 -0.691 -0.052 0.975 0.000 -0.021 0.222 0.623 0.000 -0.781 -0.027 0.993 0.000 0.105 -0.060 0.637 0.000 -0.768 -0.071 0.995 0.000 0.096 -0.036 
0.734 0.028 0.005 -0.679 0.735 -0.000 -0.678 -0.001 0.985 0.000 -0.072 0.158 0.721 0.000 -0.691 -0.052 0.975 0.000 -0.021 0.222 0.623 0.000 -0.781 -0.027 0.993 0.000 0.105 -0.060 0.637 -0.000 -0.768 -0.071 0.995 -0.000 0.096 -0.036 
0.734 0.028 0.005 -0.679 0.735 0.000 -0.679 -0.001 0.985 0.000 -0.072 0.158 0.721 0.000 -0.691 -0.052 0.975 0.000 -0.021 0.222 0.623 0.000 -0.781 -0.027 0.992 0.000 0.106 -0.061 0.637 -0.000 -0.768 -0.071 0.995 -0.000 0.096 -0.036 
0.734 0.028 0.005 -0.679 0.735 -0.000 -0.679 -0.001 0.985 -0.000 -0.072 0.158 0.721 0.000 -0.691 -0.052 0.975 -0.000 -0.021 0.223 0.623 0.000 -0.781 -0.027 0.992 0.000 0.106 -0.061 0.637 -0.000 -0.767 -0.071 0.995 0.000 0.096 -0.036 
0.734 0.028 0.005 -0.679 0.734 0.000 -0.679 -0.001 0.985 0.000 -0.071 0.158 0.721 -0.000 -0.691 -0.052 0.975 -0.000 -0.021 0.223 0.623 0.000 -0.782 -0.027 0.993 0.000 0.106 -0.061 0.637 0.000 -0.767 -0.071 0.995 0.000 0.096 -0.036 
0.734 0.028 0.005 -0.679 0.734 0.000 -0.679 -0.001 0.985 0.000 -0.071 0.158 0.721 0.000 -0.691 -0.052 0.975 -0.000 -0.021 0.223 0.623 0.000 -0.781 -0.027 0.993 0.000 0.105 -0.060 0.637 0.000 -0.768 -0.071 0.995 0.000 0.096 -0.037 
0.734 0.028 0.005 -0.679 0.734 0.000 -0.679 -0.001 0.985 0.000 -0.071 0.158 0.721 0.000 -0.691 -0.052 0.975 0.000 -0.021 0.223 0.623 -0.000 -0.782 -0.027 0.993 0.000 0.105 -0.060 0.637 0.000 -0.768 -0.071 0.995 0.000 0.096 -0.037 
0.734 0.028 0.005 -0.679 0.734 -0.000 -0.679 -0.001 0.985 0.000 -0.071 0.158 0.721 -0.000 -0.691 -0.052 0.975 0.000 -0.021 0.223 0.623 0.000 -0.781 -0.027 0.992 0.000 0.106 -0.061 0.637 -0.000 -0.768 -0.071 0.995 0.000 0.096 -0.037 
0.734 0.028 0.005 -0.679 0.735 0.000 -0.679 -0.001 0.985 0.000 -0.072 0.158 0.721 0.000 -0.691 -0.052 0.975 0.000 -0.021 0.223 0.623 0.000 -0.781 -0.027 0.992 0.000 0.106 -0.062 0.637 0.000 -0.768 -0.071 0.995 -0.000 0.096 -0.036 
0.734 0.028 0.005 -0.679 0.735 -0.000 -0.679 -0.001 0.985 0.000 -0.072 0.158 0.721 0.000 -0.691 -0.052 0.975 0.000 -0.021 0.223 0.623 0.000 -0.781 -0.027 0.992 0.000 0.106 -0.061 0.637 0.000 -0.767 -0.071 0.995 0.000 0.096 -0.036 
0.734 0.028 0.005 -0.679 0.735 0.000 -0.678 -0.001 0.985 0.000 -0.072 0.158 0.721 0.000 -0.691 -0.052 0.975 -0.000 -0.021 0.223 0.623 -0.000 -0.781 -0.027 0.993 0.000 0.106 -0.060 0.637 0.000 -0.768 -0.071 0.995 0.000 0.096 -0.036 
0.734 0.028 0.005 -0.679 0.735 0.000 -0.679 -0.001 0.985 0.000 -0.072 0.158 0.721 0.000 -0.691 -0.052 0.975 0.000 -0.021 0.223 0.623 0.000 -0.782 -0.027 0.992 0.000 0.106 -0.061 0.637 -0.000 -0.768 -0.071 0.995 0.000 0.096 -0.036 
0.734 0.028 0.005 -0.679 0.735 0.000 -0.678 -0.001 0.985 -0.000 -0.072 0.158 0.721 -0.000 -0.691 -0.052 0.975 0.000 -0.021 0.223 0.623 0.000 -0.782 -0.027 0.992 0.000 0.106 -0.061 0.637 0.000 -0.768 -0.070 0.995 0.000 0.096 -0.037 
0.733 0.028 0.005 -0.679 0.735 0.000 -0.679 -0.001 0.985 0.000 -0.072 0.158 0.721 0.000 -0.691 -0.052 0.975 0.000 -0.021 0.223 0.623 0.000 -0.782 -0.027 0.993 0.000 0.106 -0.061 0.637 0.000 -0.767 -0.071 0.995 0.000 0.096 -0.037 
0.733 0.029 0.005 -0.679 0.735 0.000 -0.679 -0.001 0.985 0.000 -0.072 0.157 0.721 0.000 -0.691 -0.052 0.975 0.000 -0.021 0.222 0.623 0.000 -0.782 -0.027 0.993 0.000 0.106 -0.060 0.637 -0.000 -0.767 -0.071 0.995 -0.000 0.096 -0.037 
0.733 0.029 0.005 -0.679 0.734 0.000 -0.679 -0.001 0.985 0.000 -0.072 0.158 0.721 0.000 -0.691 -0.052 0.975 0.000 -0.021 0.222 0.623 0.000 -0.782 -0.027 0.992 0.000 0.106 -0.061 0.637 -0.000 -0.767 -0.071 0.995 0.000 0.096 -0.036 
0.734 0.028 0.005 -0.679 0.735 0.000 -0.679 -0.001 0.985 0.000 -0.072 0.158 0.721 0.000 -0.691 -0.052 0.975 0.000 -0.021 0.222 0.623 0.000 -0.782 -0.027 0.992 0.000 0.106 -0.061 0.637 0.000 -0.768 -0.071 0.995 0.000 0.096 -0.037 
0.734 0.028 0.005 -0.679 0.735 0.000 -0.678 -0.001 0.985 0.000 -0.072 0.158 0.721 0.000 -0.691 -0.052 0.975 0.000 -0.021 0.222 0.623 0.000 -0.782 -0.027 0.992 0.000 0.106 -0.061 0.637 0.000 -0.767 -0.071 0.995 -0.000 0.096 -0.036 
0.733 0.028 0.005 -0.679 0.735 0.000 -0.679 -0.001 0.985 0.000 -0.072 0.158 0.721 -0.000 -0.691 -0.052 0.975 0.000 -0.021 0.222 0.623 0.000 -0.782 -0.027 0.993 0.000 0.106 -0.061 0.637 0.000 -0.767 -0.071 0.995 -0.000 0.096 -0.036 
0.733 0.028 0.005 -0.679 0.735 0.000 -0.679 -0.001 0.985 0.000 -0.072 0.157 0.721 0.000 -0.691 -0.052 0.975 0.000 -0.021 0.222 0.623 0.000 -0.782 -0.027 0.993 0.000 0.106 -0.061 0.637 0.000 -0.767 -0.071 0.995 0.000 0.096 -0.036 
0.733 0.028 0.005 -0.679 0.735 -0.000 -0.679 -0.001 0.985 -0.000 -0.072 0.157 0.721 0.000 -0.691 -0.052 0.975 0.000 -0.021 0.222 0.623 0.000 -0.782 -0.027 0.993 0.000 0.106 -0.061 0.637 0.000 -0.768 -0.070 0.995 0.000 0.096 -0.037 
0.734 0.028 0.005 -0.679 0.735 0.000 -0.679 -0.000 0.985 -0.000 -0.072 0.157 0.721 0.000 -0.691 -0.052 0.975 0.000 -0.021 0.222 0.623 0.000 -0.782 -0.027 0.992 0.000 0.106 -0.062 0.637 0.000 -0.767 -0.070 0.995 0.000 0.096 -0.036 
0.734 0.028 0.005 -0.679 0.735 0.000 -0.679 -0.000 0.985 -0.000 -0.072 0.157 0.721 0.000 -0.691 -0.052 0.975 -0.000 -0.021 0.222 0.623 0.000 -0.782 -0.027 0.993 0.000 0.106 -0.061 0.637 0.000 -0.767 -0.070 0.995 0.000 0.096 -0.036 
0.734 0.029 0.005 -0.679 0.735 0.000 -0.679 -0.001 0.985 0.000 -0.072 0.157 0.721 0.000 -0.691 -0.052 0.975 -0.000 -0.021 0.222 0.623 0.000 -0.782 -0.027 0.993 0.000 0.106 -0.061 0.637 0.000 -0.767 -0.071 0.995 0.000 0.096 -0.036 
0.734 0.028 0.005 -0.679 0.735 0.000 -0.678 -0.000 0.985 0.000 -0.072 0.157 0.721 0.000 -0.691 -0.052 0.975 0.000 -0.022 0.222 0.623 0.000 -0.782 -0.026 0.992 0.000 0.106 -0.062 0.637 0.000 -0.767 -0.070 0.995 0.000 0.096 -0.036 
0.734 0.028 0.005 -0.679 0.735 0.000 -0.678 0.000 0.985 -0.000 -0.072 0.157 0.721 0.000 -0.691 -0.053 0.975 0.000 -0.021 0.222 0.623 0.000 -0.782 -0.027 0.993 0.000 0.106 -0.061 0.637 0.000 -0.768 -0.071 0.995 0.000 0.096 -0.036 
0.734 0.028 0.005 -0.679 0.735 0.000 -0.678 -0.000 0.985 0.000 -0.072 0.157 0.721 0.000 -0.691 -0.052 0.975 0.000 -0.021 0.222 0.623 0.000 -0.782 -0.026 0.993 0.000 0.106 -0.061 0.637 0.000 -0.768 -0.070 0.995 0.000 0.096 -0.037 
0.734 0.028 0.005 -0.679 0.735 -0.000 -0.678 -0.000 0.985 0.000 -0.072 0.157 0.721 -0.000 -0.691 -0.052 0.975 0.000 -0.022 0.222 0.623 0.000 -0.782 -0.026 0.993 0.000 0.105 -0.061 0.637 -0.000 -0.768 -0.070 0.995 0.000 0.096 -0.037 
0.734 0.028 0.005 -0.679 0.735 0.000 -0.678 -0.000 0.985 0.000 -0.072 0.157 0.721 0.000 -0.691 -0.053 0.975 0.000 -0.021 0.222 0.623 0.000 -0.782 -0.026 0.992 0.000 0.106 -0.062 0.637 0.000 -0.767 -0.070 0.995 0.000 0.096 -0.037 
0.734 0.028 0.005 -0.679 0.735 0.000 -0.678 -0.000 0.985 0.000 -0.072 0.157 0.721 0.000 -0.691 -0.052 0.975 -0.000 -0.021 0.222 0.623 0.000 -0.782 -0.026 0.993 0.000 0.106 -0.061 0.637 0.000 -0.767 -0.070 0.995 0.000 0.096 -0.036 
0.734 0.028 0.005 -0.679 0.735 0.000 -0.678 -0.000 0.985 0.000 -0.072 0.157 0.721 0.000 -0.691 -0.053 0.975 0.000 -0.021 0.222 0.623 0.000 -0.782 -0.026 0.993 0.000 0.106 -0.061 0.637 0.000 -0.767 -0.070 0.995 0.000 0.096 -0.037 
0.734 0.028 0.005 -0.679 0.735 0.000 -0.678 -0.000 0.985 0.000 -0.072 0.157 0.721 0.000 -0.691 -0.053 0.975 -0.000 -0.021 0.221 0.623 0.000 -0.782 -0.026 0.992 0.000 0.106 -0.062 0.637 0.000 -0.767 -0.070 0.995 0.000 0.096 -0.037 
0.734 0.028 0.005 -0.679 0.735 0.000 -0.678 -0.000 0.985 -0.000 -0.072 0.157 0.721 0.000 -0.690 -0.053 0.975 0.000 -0.022 0.221 0.623 0.000 -0.782 -0.026 0.993 0.000 0.106 -0.061 0.637 0.000 -0.767 -0.070 0.995 0.000 0.096 -0.037 
0.734 0.028 0.005 -0.679 0.735 0.000 -0.678 -0.000 0.985 0.000 -0.072 0.157 0.721 0.000 -0.690 -0.053 0.975 -0.000 -0.021 0.221 0.623 0.000 -0.782 -0.026 0.993 0.000 0.106 -0.061 0.637 0.000 -0.767 -0.070 0.995 0.000 0.096 -0.037 
0.734 0.028 0.005 -0.679 0.735 0.000 -0.678 -0.000 0.985 -0.000 -0.072 0.157 0.721 0.000 -0.690 -0.053 0.975 0.000 -0.022 0.222 0.623 0.000 -0.782 -0.026 0.993 0.000 0.106 -0.061 0.637 0.000 -0.767 -0.070 0.995 0.000 0.096 -0.037 
0.734 0.028 0.005 -0.679 0.735 0.000 -0.678 0.000 0.985 0.000 -0.072 0.157 0.721 0.000 -0.690 -0.053 0.975 -0.000 -0.022 0.222 0.623 0.000 -0.782 -0.026 0.993 0.000 0.106 -0.061 0.637 0.000 -0.767 -0.070 0.995 -0.000 0.096 -0.037 
0.734 0.028 0.005 -0.679 0.735 0.000 -0.678 -0.000 0.985 0.000 -0.072 0.157 0.721 0.000 -0.691 -0.053 0.975 0.000 -0.021 0.221 0.623 0.000 -0.782 -0.026 0.993 0.000 0.106 -0.061 0.637 -0.000 -0.768 -0.070 0.995 0.000 0.096 -0.037 
0.734 0.028 0.005 -0.679 0.735 -0.000 -0.678 0.000 0.985 0.000 -0.072 0.157 0.721 -0.000 -0.691 -0.053 0.975 0.000 -0.022 0.221 0.623 0.000 -0.782 -0.026 0.992 0.000 0.106 -0.062 0.637 0.000 -0.768 -0.069 0.995 0.000 0.096 -0.037 
0.734 0.028 0.005 -0.679 0.735 0.000 -0.678 0.000 0.985 0.000 -0.072 0.157 0.722 -0.000 -0.690 -0.053 0.975 0.000 -0.022 0.222 0.623 0.000 -0.782 -0.026 0.992 0.000 0.106 -0.062 0.637 0.000 -0.768 -0.070 0.995 0.000 0.096 -0.037 
0.734 0.028 0.005 -0.679 0.735 -0.000 -0.678 0.000 0.985 0.000 -0.072 0.157 0.722 0.000 -0.690 -0.053 0.975 0.000 -0.022 0.222 0.623 0.000 -0.782 -0.025 0.993 0.000 0.106 -0.061 0.637 -0.000 -0.767 -0.069 0.995 -0.000 0.096 -0.037 
0.734 0.028 0.005 -0.679 0.735 -0.000 -0.678 0.001 0.985 0.000 -0.072 0.157 0.722 0.000 -0.690 -0.053 0.975 -0.000 -0.022 0.221 0.623 0.000 -0.782 -0.025 0.993 0.000 0.106 -0.061 0.637 -0.000 -0.767 -0.069 0.995 0.000 0.096 -0.037 
0.734 0.028 0.005 -0.679 0.735 0.000 -0.678 0.000 0.985 0.000 -0.072 0.157 0.722 -0.000 -0.690 -0.053 0.975 0.000 -0.022 0.222 0.623 0.000 -0.782 -0.025 0.993 0.000 0.106 -0.061 0.637 0.000 -0.767 -0.069 0.995 -0.000 0.096 -0.037 
0.734 0.028 0.005 -0.679 0.735 0.000 -0.678 0.001 0.985 0.000 -0.072 0.157 0.722 0.000 -0.690 -0.054 0.975 0.000 -0.022 0.221 0.623 0.000 -0.782 -0.025 0.992 0.000 0.106 -0.062 0.637 0.000 -0.767 -0.070 0.995 0.000 0.096 -0.036 
0.734 0.028 0.005 -0.679 0.735 0.000 -0.678 0.001 0.985 0.000 -0.072 0.157 0.722 0.000 -0.690 -0.054 0.975 -0.000 -0.022 0.222 0.623 0.000 -0.782 -0.025 0.992 0.000 0.106 -0.062 0.637 -0.000 -0.767 -0.069 0.995 0.000 0.096 -0.036 
0.734 0.028 0.005 -0.679 0.735 0.000 -0.678 0.001 0.985 0.000 -0.072 0.157 0.722 0.000 -0.690 -0.054 0.975 0.000 -0.022 0.222 0.623 -0.000 -0.782 -0.025 0.992 0.000 0.106 -0.061 0.637 0.000 -0.768 -0.069 0.995 0.000 0.096 -0.037 
0.734 0.028 0.005 -0.679 0.735 0.000 -0.678 0.001 0.985 -0.000 -0.072 0.157 0.722 0.000 -0.690 -0.054 0.975 0.000 -0.023 0.222 0.623 0.000 -0.782 -0.025 0.993 -0.000 0.106 -0.061 0.637 -0.000 -0.768 -0.069 0.995 -0.000 0.096 -0.037 
0.734 0.028 0.005 -0.679 0.735 0.000 -0.678 0.001 0.985 0.000 -0.072 0.157 0.722 0.000 -0.690 -0.054 0.975 0.000 -0.022 0.222 0.623 -0.000 -0.782 -0.025 0.992 0.000 0.106 -0.062 0.637 0.000 -0.768 -0.069 0.995 0.000 0.096 -0.037 
0.734 0.028 0.005 -0.679 0.735 0.000 -0.678 0.001 0.985 -0.000 -0.071 0.157 0.722 -0.000 -0.690 -0.054 0.975 0.000 -0.022 0.222 0.623 0.000 -0.782 -0.025 0.992 -0.000 0.106 -0.062 0.637 -0.000 -0.768 -0.069 0.995 0.000 0.096 -0.037 
0.734 0.028 0.005 -0.679 0.735 0.000 -0.678 0.001 0.985 0.000 -0.072 0.157 0.722 -0.000 -0.690 -0.054 0.975 0.000 -0.022 0.222 0.623 0.000 -0.782 -0.025 0.992 0.000 0.106 -0.062 0.637 0.000 -0.767 -0.069 0.995 0.000 0.095 -0.037 
0.734 0.028 0.005 -0.679 0.735 0.000 -0.678 0.001 0.985 0.000 -0.072 0.157 0.722 0.000 -0.690 -0.054 0.975 0.000 -0.022 0.222 0.623 0.000 -0.782 -0.024 0.992 0.000 0.106 -0.062 0.638 -0.000 -0.767 -0.069 0.995 -0.000 0.095 -0.036 
0.734 0.028 0.005 -0.679 0.735 0.000 -0.678 0.001 0.985 -0.000 -0.071 0.157 0.722 0.000 -0.690 -0.054 0.975 0.000 -0.023 0.222 0.623 0.000 -0.782 -0.024 0.993 -0.000 0.106 -0.061 0.637 0.000 -0.768 -0.069 0.995 0.000 0.096 -0.037 
0.734 0.028 0.005 -0.679 0.735 0.000 -0.678 0.001 0.985 0.000 -0.071 0.157 0.722 0.000 -0.690 -0.054 0.975 0.000 -0.022 0.222 0.623 0.000 -0.782 -0.024 0.993 0.000 0.105 -0.061 0.637 0.000 -0.768 -0.068 0.995 0.000 0.096 -0.037 
0.734 0.028 0.005 -0.679 0.735 0.000 -0.678 0.001 0.985 -0.000 -0.071 0.157 0.722 -0.000 -0.690 -0.054 0.975 -0.000 -0.022 0.222 0.623 0.000 -0.782 -0.024 0.993 0.000 0.106 -0.061 0.637 0.000 -0.768 -0.069 0.995 0.000 0.096 -0.037 
0.734 0.028 0.005 -0.679 0.735 0.000 -0.678 0.001 0.985 0.000 -0.071 0.157 0.722 0.000 -0.690 -0.055 0.975 0.000 -0.023 0.222 0.623 -0.000 -0.782 -0.024 0.993 -0.000 0.106 -0.061 0.637 0.000 -0.768 -0.069 0.995 0.000 0.095 -0.037 
0.734 0.028 0.005 -0.679 0.735 0.000 -0.678 0.001 0.985 -0.000 -0.071 0.157 0.722 0.000 -0.690 -0.055 0.975 0.000 -0.023 0.222 0.623 -0.000 -0.782 -0.024 0.993 0.000 0.106 -0.061 0.637 0.000 -0.767 -0.068 0.995 0.000 0.095 -0.036 
0.734 0.028 0.005 -0.679 0.735 0.000 -0.678 0.001 0.985 0.000 -0.071 0.157 0.722 -0.000 -0.690 -0.054 0.975 -0.000 -0.023 0.221 0.623 0.000 -0.782 -0.024 0.992 0.000 0.106 -0.062 0.637 -0.000 -0.768 -0.068 0.995 -0.000 0.096 -0.036 
0.734 0.028 0.005 -0.679 0.735 -0.000 -0.678 0.001 0.985 0.000 -0.071 0.157 0.722 0.000 -0.690 -0.055 0.975 0.000 -0.023 0.222 0.623 0.000 -0.782 -0.024 0.992 -0.000 0.106 -0.062 0.637 0.000 -0.768 -0.068 0.995 0.000 0.095 -0.037 
0.734 0.028 0.004 -0.679 0.735 0.000 -0.678 0.001 0.985 0.000 -0.071 0.158 0.722 0.000 -0.690 -0.055 0.975 0.000 -0.024 0.222 0.623 0.000 -0.782 -0.024 0.992 0.000 0.106 -0.063 0.637 0.000 -0.767 -0.068 0.995 0.000 0.095 -0.037 
0.734 0.028 0.004 -0.679 0.735 0.000 -0.678 0.001 0.985 -0.000 -0.071 0.158 0.722 0.000 -0.690 -0.055 0.975 -0.000 -0.024 0.222 0.623 0.000 -0.782 -0.024 0.993 0.000 0.105 -0.062 0.637 0.000 -0.767 -0.068 0.995 0.000 0.096 -0.036 
0.734 0.028 0.004 -0.679 0.735 0.000 -0.678 0.001 0.985 0.000 -0.072 0.158 0.722 0.000 -0.690 -0.055 0.975 0.000 -0.024 0.222 0.623 0.000 -0.782 -0.024 0.992 0.000 0.106 -0.062 0.638 0.000 -0.767 -0.068 0.995 -0.000 0.095 -0.036 
0.734 0.028 0.004 -0.678 0.735 -0.000 -0.679 0.001 0.985 0.000 -0.071 0.158 0.722 0.000 -0.689 -0.055 0.975 0.000 -0.024 0.222 0.623 0.000 -0.782 -0.023 0.992 0.000 0.106 -0.063 0.637 0.000 -0.768 -0.068 0.995 0.000 0.095 -0.037 
0.734 0.028 0.004 -0.678 0.735 0.000 -0.679 0.001 0.985 0.000 -0.071 0.158 0.722 0.000 -0.690 -0.055 0.975 0.000 -0.024 0.222 0.623 0.000 -0.782 -0.024 0.992 -0.000 0.106 -0.062 0.637 -0.000 -0.768 -0.068 0.995 0.000 0.095 -0.037 
0.734 0.028 0.004 -0.679 0.735 0.000 -0.678 0.001 0.985 0.000 -0.071 0.158 0.722 0.000 -0.690 -0.055 0.975 0.000 -0.024 0.222 0.623 0.000 -0.782 -0.023 0.993 0.000 0.105 -0.061 0.637 -0.000 -0.768 -0.068 0.995 0.000 0.095 -0.037 
0.734 0.028 0.004 -0.678 0.735 0.000 -0.678 0.002 0.985 0.000 -0.071 0.157 0.722 0.000 -0.689 -0.056 0.975 0.000 -0.024 0.222 0.623 0.000 -0.782 -0.024 0.992 0.000 0.106 -0.062 0.637 0.000 -0.768 -0.068 0.995 0.000 0.096 -0.037 
0.734 0.027 0.004 -0.678 0.735 0.000 -0.679 0.001 0.985 0.000 -0.071 0.158 0.722 0.000 -0.689 -0.056 0.975 0.000 -0.025 0.222 0.623 0.000 -0.782 -0.023 0.993 0.000 0.105 -0.062 0.637 0.000 -0.768 -0.068 0.995 0.000 0.095 -0.037 
0.734 0.028 0.004 -0.678 0.735 -0.000 -0.679 0.002 0.985 0.000 -0.071 0.158 0.722 0.000 -0.689 -0.056 0.975 0.000 -0.025 0.222 0.623 0.000 -0.782 -0.023 0.992 0.000 0.106 -0.063 0.637 0.000 -0.768 -0.068 0.995 -0.000 0.095 -0.037 
0.734 0.028 0.004 -0.678 0.735 0.000 -0.679 0.002 0.985 0.000 -0.071 0.158 0.722 0.000 -0.689 -0.056 0.975 0.000 -0.025 0.222 0.623 0.000 -0.782 -0.023 0.993 0.000 0.105 -0.061 0.637 0.000 -0.768 -0.068 0.995 -0.000 0.096 -0.037 
0.734 0.027 0.004 -0.678 0.735 0.000 -0.679 0.001 0.985 0.000 -0.071 0.158 0.722 0.000 -0.690 -0.056 0.975 0.000 -0.023 0.222 0.623 0.000 -0.782 -0.023 0.993 0.000 0.105 -0.062 0.637 -0.000 -0.768 -0.067 0.995 0.000 0.096 -0.037 
0.734 0.028 0.005 -0.678 0.734 -0.000 -0.679 0.003 0.985 -0.000 -0.070 0.156 0.722 0.000 -0.689 -0.056 0.975 0.000 -0.025 0.222 0.623 0.000 -0.782 -0.024 0.993 0.000 0.105 -0.061 0.637 0.000 -0.768 -0.068 0.995 0.000 0.096 -0.037 
0.734 0.028 0.005 -0.678 0.734 0.000 -0.679 0.003 0.985 0.000 -0.070 0.156 0.722 0.000 -0.690 -0.056 0.975 0.000 -0.024 0.222 0.623 0.000 -0.782 -0.024 0.992 0.000 0.106 -0.062 0.637 0.000 -0.768 -0.068 0.995 0.000 0.096 -0.037 
0.734 0.027 0.004 -0.678 0.735 0.000 -0.678 0.001 0.985 0.000 -0.071 0.158 0.722 0.000 -0.690 -0.056 0.975 0.000 -0.024 0.222 0.623 0.000 -0.782 -0.023 0.992 0.000 0.106 -0.062 0.637 0.000 -0.768 -0.067 0.995 0.000 0.096 -0.037 
0.734 0.027 0.004 -0.678 0.735 -0.000 -0.678 0.002 0.985 0.000 -0.071 0.158 0.722 0.000 -0.689 -0.056 0.975 0.000 -0.025 0.221 0.623 -0.000 -0.782 -0.023 0.993 -0.000 0.105 -0.061 0.637 -0.000 -0.768 -0.067 0.995 0.000 0.095 -0.037 
0.734 0.027 0.004 -0.678 0.735 0.000 -0.678 0.002 0.985 0.000 -0.071 0.157 0.722 0.000 -0.689 -0.056 0.975 0.000 -0.025 0.221 0.623 0.000 -0.782 -0.023 0.992 0.000 0.106 -0.062 0.637 0.000 -0.768 -0.067 0.995 -0.000 0.096 -0.037 
0.734 0.027 0.004 -0.678 0.735 0.000 -0.678 0.002 0.985 0.000 -0.071 0.157 0.722 0.000 -0.690 -0.056 0.975 0.000 -0.024 0.221 0.623 0.000 -0.782 -0.023 0.992 0.000 0.106 -0.062 0.637 0.000 -0.768 -0.067 0.995 -0.000 0.096 -0.037 
0.735 0.028 0.004 -0.678 0.734 0.000 -0.679 0.002 0.985 0.000 -0.070 0.157 0.722 0.000 -0.689 -0.056 0.975 0.000 -0.026 0.221 0.623 0.000 -0.782 -0.023 0.992 0.000 0.106 -0.063 0.637 0.000 -0.768 -0.068 0.995 -0.000 0.096 -0.037 
0.735 0.027 0.004 -0.678 0.735 0.000 -0.678 0.001 0.985 0.000 -0.071 0.157 0.722 0.000 -0.690 -0.056 0.975 0.000 -0.024 0.221 0.623 0.000 -0.782 -0.023 0.992 0.000 0.106 -0.063 0.637 0.000 -0.768 -0.067 0.995 0.000 0.095 -0.037 
0.735 0.027 0.004 -0.678 0.735 -0.000 -0.678 0.001 0.985 -0.000 -0.071 0.158 0.722 0.000 -0.690 -0.056 0.975 0.000 -0.024 0.221 0.623 0.000 -0.782 -0.023 0.993 0.000 0.105 -0.062 0.637 -0.000 -0.768 -0.067 0.995 0.000 0.096 -0.037 
0.735 0.027 0.004 -0.678 0.735 0.000 -0.678 0.001 0.985 -0.000 -0.071 0.157 0.722 0.000 -0.690 -0.056 0.975 0.000 -0.024 0.221 0.623 0.000 -0.782 -0.023 0.992 0.000 0.106 -0.062 0.637 0.000 -0.768 -0.067 0.995 0.000 0.096 -0.037 
0.735 0.027 0.004 -0.678 0.734 0.000 -0.679 0.002 0.985 0.000 -0.070 0.156 0.722 0.000 -0.689 -0.056 0.975 0.000 -0.026 0.221 0.623 0.000 -0.782 -0.023 0.992 -0.000 0.106 -0.062 0.637 0.000 -0.768 -0.067 0.995 -0.000 0.096 -0.037 
0.735 0.027 0.004 -0.678 0.735 -0.000 -0.678 0.001 0.985 -0.000 -0.071 0.157 0.722 0.000 -0.690 -0.056 0.975 -0.000 -0.024 0.221 0.623 0.000 -0.782 -0.022 0.992 0.000 0.106 -0.062 0.637 0.000 -0.768 -0.067 0.995 0.000 0.096 -0.037 
0.734 0.027 0.004 -0.678 0.735 0.000 -0.678 0.001 0.985 -0.000 -0.071 0.157 0.722 0.000 -0.690 -0.056 0.975 0.000 -0.026 0.222 0.623 0.000 -0.782 -0.022 0.992 0.000 0.106 -0.063 0.637 -0.000 -0.768 -0.067 0.995 0.000 0.096 -0.037 
0.734 0.027 0.004 -0.678 0.735 0.000 -0.678 0.001 0.985 0.000 -0.071 0.158 0.722 0.000 -0.690 -0.056 0.975 0.000 -0.025 0.222 0.623 0.000 -0.782 -0.022 0.992 0.000 0.106 -0.063 0.637 0.000 -0.768 -0.067 0.995 0.000 0.096 -0.037 
0.735 0.027 0.004 -0.678 0.734 0.000 -0.679 0.001 0.985 0.000 -0.070 0.157 0.722 0.000 -0.690 -0.056 0.975 0.000 -0.025 0.222 0.623 0.000 -0.782 -0.022 0.992 -0.000 0.106 -0.063 0.637 -0.000 -0.768 -0.067 0.995 0.000 0.096 -0.037 
0.735 0.027 0.004 -0.678 0.734 0.000 -0.679 0.001 0.985 0.000 -0.070 0.157 0.722 0.000 -0.689 -0.056 0.975 0.000 -0.026 0.222 0.623 0.000 -0.782 -0.022 0.993 0.000 0.105 -0.062 0.637 0.000 -0.768 -0.067 0.995 -0.000 0.096 -0.037 
0.735 0.027 0.004 -0.678 0.735 0.000 -0.678 -0.000 0.985 0.000 -0.071 0.158 0.722 0.000 -0.690 -0.056 0.975 -0.000 -0.025 0.222 0.623 0.000 -0.782 -0.022 0.993 -0.000 0.105 -0.062 0.637 -0.000 -0.768 -0.067 0.995 -0.000 0.096 -0.037 
0.734 0.027 0.004 -0.678 0.735 0.000 -0.678 -0.000 0.985 0.000 -0.071 0.158 0.722 0.000 -0.690 -0.056 0.975 0.000 -0.025 0.222 0.623 0.000 -0.782 -0.022 0.992 -0.000 0.106 -0.062 0.637 -0.000 -0.768 -0.067 0.995 0.000 0.096 -0.037 
0.734 0.027 0.004 -0.678 0.735 -0.000 -0.678 -0.001 0.985 -0.000 -0.072 0.158 0.722 0.000 -0.690 -0.055 0.975 0.000 -0.025 0.221 0.623 -0.000 -0.782 -0.022 0.992 -0.000 0.106 -0.063 0.637 0.000 -0.768 -0.066 0.995 -0.000 0.096 -0.037 
0.734 0.027 0.004 -0.678 0.735 -0.000 -0.678 -0.001 0.985 0.000 -0.072 0.158 0.722 0.000 -0.690 -0.056 0.975 -0.000 -0.026 0.222 0.623 0.000 -0.782 -0.022 0.992 0.000 0.106 -0.063 0.637 -0.000 -0.768 -0.067 0.995 -0.000 0.096 -0.037 
0.734 0.027 0.004 -0.678 0.734 0.000 -0.679 0.000 0.985 0.000 -0.070 0.157 0.722 0.000 -0.690 -0.056 0.975 -0.000 -0.026 0.222 0.623 -0.000 -0.782 -0.022 0.993 0.000 0.105 -0.062 0.637 0.000 -0.768 -0.067 0.995 0.000 0.096 -0.037 
0.734 0.027 0.004 -0.678 0.734 0.000 -0.679 0.000 0.985 0.000 -0.070 0.157 0.721 0.000 -0.690 -0.056 0.975 0.000 -0.025 0.222 0.623 -0.000 -0.782 -0.022 0.993 0.000 0.105 -0.062 0.638 -0.000 -0.768 -0.067 0.995 -0.000 0.095 -0.037 
0.734 0.027 0.004 -0.678 0.735 0.000 -0.678 -0.001 0.985 -0.000 -0.072 0.158 0.722 0.000 -0.690 -0.056 0.975 0.000 -0.025 0.222 0.623 0.000 -0.782 -0.022 0.992 0.000 0.106 -0.063 0.638 0.000 -0.768 -0.066 0.995 0.000 0.095 -0.037 
0.734 0.027 0.004 -0.678 0.734 0.000 -0.679 -0.000 0.985 0.000 -0.070 0.157 0.722 0.000 -0.690 -0.056 0.975 0.000 -0.025 0.222 0.623 0.000 -0.782 -0.022 0.992 0.000 0.106 -0.063 0.638 0.000 -0.768 -0.067 0.995 0.000 0.096 -0.037 
0.734 0.027 0.004 -0.678 0.734 0.000 -0.679 -0.000 0.985 -0.000 -0.070 0.157 0.721 0.000 -0.690 -0.056 0.975 -0.000 -0.024 0.222 0.623 0.000 -0.782 -0.022 0.992 0.000 0.106 -0.063 0.637 0.000 -0.768 -0.067 0.995 0.000 0.096 -0.037 
0.734 0.027 0.004 -0.678 0.735 0.000 -0.679 -0.000 0.985 -0.000 -0.070 0.157 0.721 0.000 -0.691 -0.055 0.975 0.000 -0.024 0.222 0.623 0.000 -0.782 -0.022 0.992 0.000 0.105 -0.062 0.637 0.000 -0.768 -0.067 0.995 0.000 0.096 -0.037 
0.734 0.027 0.004 -0.678 0.735 0.000 -0.678 -0.000 0.985 -0.000 -0.070 0.157 0.721 0.000 -0.690 -0.056 0.975 0.000 -0.025 0.222 0.623 0.000 -0.782 -0.022 0.992 0.000 0.106 -0.062 0.637 -0.000 -0.768 -0.067 0.995 0.000 0.096 -0.037 
0.734 0.027 0.004 -0.678 0.735 -0.000 -0.678 -0.000 0.985 -0.000 -0.070 0.157 0.721 -0.000 -0.691 -0.055 0.975 0.000 -0.024 0.222 0.623 -0.000 -0.782 -0.022 0.992 0.000 0.106 -0.063 0.637 0.000 -0.768 -0.067 0.995 0.000 0.096 -0.037 
0.734 0.027 0.004 -0.678 0.735 0.000 -0.678 -0.000 0.985 0.000 -0.070 0.157 0.721 -0.000 -0.691 -0.055 0.975 -0.000 -0.024 0.222 0.623 0.000 -0.782 -0.022 0.992 0.000 0.106 -0.063 0.637 0.000 -0.768 -0.067 0.995 0.000 0.096 -0.037 
0.734 0.027 0.004 -0.678 0.735 0.000 -0.678 -0.000 0.985 0.000 -0.070 0.157 0.721 0.000 -0.691 -0.055 0.975 0.000 -0.024 0.222 0.623 0.000 -0.782 -0.023 0.992 0.000 0.106 -0.062 0.637 0.000 -0.768 -0.067 0.995 0.000 0.096 -0.037 
0.734 0.027 0.004 -0.679 0.735 -0.000 -0.678 -0.002 0.985 0.000 -0.071 0.158 0.721 0.000 -0.691 -0.055 0.975 -0.000 -0.024 0.222 0.623 0.000 -0.782 -0.022 0.992 0.000 0.106 -0.062 0.637 0.000 -0.768 -0.066 0.995 0.000 0.096 -0.037 
0.734 0.027 0.005 -0.679 0.736 0.000 -0.677 -0.002 0.985 -0.000 -0.071 0.158 0.721 0.000 -0.691 -0.056 0.975 0.000 -0.025 0.223 0.623 0.000 -0.782 -0.022 0.992 0.000 0.106 -0.063 0.636 0.000 -0.769 -0.066 0.995 0.000 0.096 -0.037 
0.734 0.027 0.005 -0.679 0.735 -0.000 -0.678 -0.000 0.985 0.000 -0.069 0.157 0.720 0.000 -0.691 -0.056 0.975 0.000 -0.025 0.222 0.623 -0.000 -0.782 -0.023 0.992 0.000 0.106 -0.062 0.636 -0.000 -0.768 -0.067 0.995 -0.000 0.096 -0.037 
0.734 0.027 0.005 -0.679 0.735 0.000 -0.678 -0.000 0.985 0.000 -0.069 0.156 0.720 0.000 -0.692 -0.056 0.975 0.000 -0.024 0.222 0.623 0.000 -0.782 -0.022 0.992 0.000 0.106 -0.062 0.636 -0.000 -0.769 -0.067 0.995 0.000 0.096 -0.037 
0.734 0.027 0.005 -0.679 0.735 0.000 -0.678 -0.000 0.985 0.000 -0.069 0.157 0.720 0.000 -0.691 -0.056 0.975 0.000 -0.025 0.222 0.623 0.000 -0.782 -0.022 0.992 0.000 0.106 -0.062 0.636 0.000 -0.769 -0.067 0.995 0.000 0.096 -0.037 
0.734 0.027 0.005 -0.679 0.735 -0.000 -0.678 -0.000 0.985 0.000 -0.069 0.157 0.720 0.000 -0.691 -0.057 0.975 0.000 -0.026 0.222 0.623 0.000 -0.782 -0.022 0.992 -0.000 0.106 -0.063 0.636 0.000 -0.769 -0.067 0.995 0.000 0.096 -0.037 
0.734 0.027 0.005 -0.679 0.735 0.000 -0.678 -0.000 0.985 -0.000 -0.069 0.157 0.721 0.000 -0.691 -0.057 0.974 0.000 -0.027 0.223 0.623 -0.000 -0.782 -0.022 0.992 -0.000 0.106 -0.063 0.636 0.000 -0.769 -0.067 0.995 0.000 0.096 -0.037 
0.734 0.027 0.005 -0.679 0.735 0.000 -0.678 -0.000 0.985 -0.000 -0.069 0.157 0.720 0.000 -0.691 -0.058 0.974 -0.000 -0.025 0.223 0.623 0.000 -0.782 -0.022 0.992 0.000 0.106 -0.062 0.636 0.000 -0.769 -0.067 0.995 0.000 0.096 -0.037 
0.734 0.027 0.005 -0.679 0.735 0.000 -0.678 -0.000 0.985 -0.000 -0.069 0.157 0.720 0.000 -0.691 -0.057 0.975 -0.000 -0.026 0.223 0.623 0.000 -0.782 -0.022 0.992 0.000 0.106 -0.063 0.636 0.000 -0.769 -0.066 0.995 0.000 0.096 -0.037 
0.734 0.027 0.005 -0.679 0.736 0.000 -0.677 -0.001 0.985 0.000 -0.069 0.158 0.720 0.000 -0.691 -0.058 0.974 0.000 -0.027 0.223 0.623 0.000 -0.782 -0.022 0.992 0.000 0.106 -0.062 0.636 0.000 -0.769 -0.066 0.995 0.000 0.096 -0.037 
0.734 0.027 0.005 -0.679 0.735 0.000 -0.678 -0.001 0.985 0.000 -0.069 0.158 0.720 0.000 -0.691 -0.058 0.974 0.000 -0.027 0.223 0.623 0.000 -0.782 -0.022 0.992 0.000 0.106 -0.064 0.636 -0.000 -0.769 -0.066 0.995 -0.000 0.096 -0.037 
0.734 0.027 0.005 -0.679 0.736 0.000 -0.677 -0.001 0.985 0.000 -0.069 0.159 0.720 -0.000 -0.692 -0.058 0.974 0.000 -0.026 0.223 0.623 0.000 -0.782 -0.022 0.992 0.000 0.106 -0.064 0.636 0.000 -0.769 -0.066 0.995 0.000 0.096 -0.038 
0.734 0.027 0.005 -0.679 0.736 0.000 -0.677 -0.001 0.985 0.000 -0.069 0.159 0.720 -0.000 -0.692 -0.058 0.975 0.000 -0.026 0.222 0.623 0.000 -0.782 -0.022 0.992 0.000 0.106 -0.064 0.636 -0.000 -0.769 -0.066 0.995 -0.000 0.096 -0.037 
0.734 0.027 0.005 -0.679 0.736 0.000 -0.677 -0.001 0.985 0.000 -0.069 0.159 0.720 0.000 -0.692 -0.057 0.975 0.000 -0.025 0.222 0.623 0.000 -0.782 -0.022 0.992 0.000 0.106 -0.063 0.636 0.000 -0.769 -0.066 0.995 0.000 0.096 -0.037 
0.734 0.027 0.005 -0.679 0.736 0.000 -0.677 -0.001 0.985 0.000 -0.069 0.159 0.720 0.000 -0.692 -0.058 0.975 0.000 -0.026 0.222 0.623 0.000 -0.782 -0.021 0.992 0.000 0.106 -0.063 0.636 0.000 -0.769 -0.066 0.995 0.000 0.096 -0.038 
0.734 0.027 0.005 -0.678 0.736 -0.000 -0.677 -0.001 0.985 -0.000 -0.069 0.159 0.720 0.000 -0.692 -0.058 0.975 0.000 -0.026 0.222 0.622 0.000 -0.782 -0.021 0.992 -0.000 0.108 -0.064 0.636 -0.000 -0.769 -0.066 0.995 0.000 0.096 -0.038 
0.734 0.027 0.005 -0.678 0.736 0.000 -0.677 -0.001 0.985 0.000 -0.069 0.159 0.720 0.000 -0.692 -0.058 0.975 -0.000 -0.026 0.222 0.622 0.000 -0.782 -0.021 0.992 0.000 0.107 -0.063 0.636 0.000 -0.769 -0.065 0.995 0.000 0.096 -0.038 
0.734 0.027 0.005 -0.678 0.736 0.000 -0.677 -0.001 0.985 0.000 -0.068 0.160 0.719 0.000 -0.692 -0.058 0.975 0.000 -0.026 0.221 0.622 -0.000 -0.783 -0.021 0.992 0.000 0.107 -0.063 0.636 0.000 -0.769 -0.066 0.995 0.000 0.096 -0.037 
0.734 0.027 0.005 -0.678 0.736 0.000 -0.677 -0.001 0.985 0.000 -0.068 0.159 0.720 0.000 -0.692 -0.058 0.975 0.000 -0.026 0.222 0.622 0.000 -0.783 -0.020 0.992 0.000 0.107 -0.063 0.636 0.000 -0.769 -0.066 0.995 0.000 0.096 -0.038 
0.734 0.027 0.005 -0.678 0.736 0.000 -0.677 -0.001 0.985 0.000 -0.068 0.159 0.720 -0.000 -0.692 -0.058 0.975 0.000 -0.027 0.222 0.622 0.000 -0.783 -0.021 0.992 0.000 0.107 -0.063 0.636 0.000 -0.769 -0.066 0.995 0.000 0.096 -0.037 
0.735 0.027 0.005 -0.678 0.736 0.000 -0.677 -0.001 0.985 0.000 -0.068 0.159 0.719 0.000 -0.692 -0.058 0.975 0.000 -0.026 0.221 0.622 0.000 -0.783 -0.021 0.992 0.000 0.107 -0.064 0.636 0.000 -0.769 -0.066 0.995 0.000 0.096 -0.037 
0.735 0.026 0.005 -0.678 0.736 -0.000 -0.677 -0.003 0.985 0.000 -0.069 0.160 0.719 0.000 -0.692 -0.057 0.975 0.000 -0.026 0.221 0.622 0.000 -0.782 -0.020 0.992 0.000 0.107 -0.064 0.636 0.000 -0.769 -0.065 0.995 0.000 0.096 -0.037 
0.735 0.026 0.005 -0.678 0.736 0.000 -0.677 -0.003 0.985 0.000 -0.069 0.160 0.719 0.000 -0.692 -0.058 0.975 0.000 -0.026 0.221 0.622 0.000 -0.783 -0.020 0.992 0.000 0.107 -0.063 0.636 0.000 -0.769 -0.065 0.995 -0.000 0.096 -0.037 
0.735 0.027 0.005 -0.678 0.736 0.000 -0.677 -0.001 0.985 0.000 -0.068 0.159 0.719 0.000 -0.692 -0.059 0.975 0.000 -0.027 0.222 0.622 -0.000 -0.783 -0.020 0.992 0.000 0.107 -0.063 0.636 -0.000 -0.769 -0.066 0.995 0.000 0.096 -0.037 
0.735 0.027 0.005 -0.678 0.735 0.000 -0.678 -0.001 0.985 -0.000 -0.068 0.159 0.719 0.000 -0.692 -0.059 0.975 0.000 -0.027 0.222 0.622 0.000 -0.783 -0.020 0.992 0.000 0.107 -0.064 0.636 0.000 -0.769 -0.066 0.995 0.000 0.096 -0.037 
0.735 0.027 0.005 -0.678 0.736 0.000 -0.677 -0.002 0.985 0.000 -0.069 0.160 0.719 0.000 -0.692 -0.058 0.975 0.000 -0.027 0.222 0.622 0.000 -0.783 -0.020 0.992 -0.000 0.107 -0.064 0.636 0.000 -0.769 -0.065 0.995 0.000 0.096 -0.037 
0.735 0.027 0.005 -0.677 0.736 0.000 -0.677 -0.002 0.985 0.000 -0.070 0.159 0.719 0.000 -0.693 -0.059 0.975 0.000 -0.027 0.222 0.622 0.000 -0.783 -0.020 0.992 0.000 0.107 -0.063 0.637 -0.000 -0.769 -0.065 0.995 0.000 0.096 -0.038 
0.735 0.027 0.005 -0.677 0.736 0.000 -0.677 -0.003 0.985 0.000 -0.070 0.159 0.719 0.000 -0.693 -0.058 0.975 0.000 -0.027 0.222 0.622 0.000 -0.783 -0.020 0.992 -0.000 0.107 -0.063 0.636 0.000 -0.769 -0.065 0.995 -0.000 0.096 -0.038 
0.735 0.027 0.005 -0.677 0.736 0.000 -0.677 -0.002 0.985 0.000 -0.069 0.159 0.719 0.000 -0.693 -0.059 0.975 0.000 -0.027 0.222 0.622 0.000 -0.783 -0.020 0.992 0.000 0.107 -0.063 0.636 0.000 -0.769 -0.065 0.995 0.000 0.096 -0.038 
0.735 0.027 0.005 -0.677 0.736 -0.000 -0.677 -0.002 0.985 -0.000 -0.069 0.159 0.719 0.000 -0.693 -0.059 0.975 0.000 -0.027 0.222 0.622 -0.000 -0.783 -0.020 0.992 0.000 0.107 -0.063 0.636 0.000 -0.769 -0.065 0.995 0.000 0.096 -0.038 
0.735 0.027 0.005 -0.677 0.736 0.000 -0.677 -0.002 0.985 0.000 -0.069 0.158 0.719 -0.000 -0.693 -0.059 0.975 -0.000 -0.027 0.222 0.622 -0.000 -0.783 -0.020 0.992 0.000 0.107 -0.064 0.636 0.000 -0.769 -0.065 0.995 -0.000 0.096 -0.038 
0.735 0.027 0.005 -0.677 0.736 0.000 -0.677 -0.002 0.985 0.000 -0.069 0.158 0.719 0.000 -0.693 -0.059 0.975 0.000 -0.027 0.222 0.622 0.000 -0.783 -0.020 0.992 0.000 0.107 -0.063 0.636 -0.000 -0.769 -0.065 0.995 0.000 0.096 -0.038 
0.735 0.027 0.005 -0.677 0.736 0.000 -0.677 -0.002 0.985 0.000 -0.069 0.158 0.719 -0.000 -0.693 -0.059 0.975 0.000 -0.027 0.222 0.622 0.000 -0.783 -0.020 0.992 -0.000 0.107 -0.064 0.636 0.000 -0.769 -0.066 0.995 0.000 0.096 -0.038 
0.735 0.027 0.005 -0.677 0.736 0.000 -0.677 -0.003 0.985 0.000 -0.069 0.158 0.719 0.000 -0.693 -0.059 0.975 0.000 -0.027 0.222 0.622 -0.000 -0.783 -0.020 0.992 -0.000 0.107 -0.064 0.636 0.000 -0.769 -0.065 0.995 0.000 0.096 -0.038 
0.735 0.027 0.005 -0.677 0.736 0.000 -0.677 -0.003 0.985 0.000 -0.069 0.158 0.719 0.000 -0.693 -0.059 0.975 0.000 -0.026 0.222 0.622 0.000 -0.783 -0.020 0.992 0.000 0.107 -0.063 0.636 0.000 -0.769 -0.065 0.995 0.000 0.096 -0.038 
0.735 0.027 0.005 -0.677 0.736 0.000 -0.677 -0.003 0.985 0.000 -0.069 0.158 0.719 0.000 -0.693 -0.059 0.975 0.000 -0.027 0.222 0.622 0.000 -0.783 -0.020 0.992 0.000 0.107 -0.064 0.636 -0.000 -0.769 -0.065 0.995 0.000 0.096 -0.038 
0.735 0.027 0.005 -0.677 0.736 0.000 -0.677 -0.003 0.985 0.000 -0.069 0.158 0.719 0.000 -0.693 -0.059 0.975 0.000 -0.027 0.222 0.622 -0.000 -0.782 -0.020 0.992 -0.000 0.107 -0.064 0.636 -0.000 -0.769 -0.066 0.995 0.000 0.096 -0.038 
0.735 0.027 0.005 -0.677 0.736 0.000 -0.677 -0.004 0.985 0.000 -0.069 0.158 0.719 0.000 -0.693 -0.059 0.975 0.000 -0.027 0.222 0.622 0.000 -0.782 -0.020 0.992 0.000 0.107 -0.064 0.636 -0.000 -0.769 -0.065 0.995 0.000 0.096 -0.038 
0.735 0.027 0.006 -0.677 0.735 -0.000 -0.678 -0.003 0.985 0.000 -0.068 0.157 0.719 0.000 -0.693 -0.059 0.975 0.000 -0.027 0.221 0.622 0.000 -0.782 -0.021 0.992 0.000 0.107 -0.064 0.636 0.000 -0.769 -0.066 0.995 0.000 0.096 -0.038 
0.735 0.027 0.006 -0.677 0.735 -0.000 -0.678 -0.003 0.985 0.000 -0.068 0.157 0.719 0.000 -0.693 -0.060 0.975 0.000 -0.027 0.222 0.622 0.000 -0.782 -0.021 0.992 -0.000 0.107 -0.064 0.636 0.000 -0.769 -0.066 0.995 0.000 0.097 -0.039 
0.735 0.027 0.006 -0.678 0.735 0.000 -0.678 -0.003 0.985 0.000 -0.068 0.157 0.719 0.000 -0.693 -0.060 0.975 0.000 -0.027 0.222 0.623 -0.000 -0.782 -0.022 0.992 -0.000 0.106 -0.063 0.636 -0.000 -0.769 -0.066 0.995 0.000 0.096 -0.039 
0.735 0.028 0.006 -0.678 0.735 -0.000 -0.678 -0.003 0.985 -0.000 -0.068 0.157 0.719 0.000 -0.693 -0.060 0.975 -0.000 -0.027 0.221 0.623 0.000 -0.782 -0.023 0.992 0.000 0.106 -0.062 0.636 -0.000 -0.769 -0.067 0.995 0.000 0.097 -0.038 
0.735 0.028 0.006 -0.678 0.735 0.000 -0.678 -0.004 0.985 -0.000 -0.068 0.157 0.719 0.000 -0.693 -0.060 0.975 0.000 -0.027 0.221 0.623 0.000 -0.782 -0.023 0.992 0.000 0.106 -0.063 0.636 -0.000 -0.769 -0.067 0.995 0.000 0.096 -0.039 
0.735 0.028 0.006 -0.678 0.735 0.000 -0.678 -0.004 0.985 0.000 -0.068 0.157 0.719 0.000 -0.693 -0.060 0.975 0.000 -0.027 0.222 0.622 0.000 -0.782 -0.022 0.992 0.000 0.107 -0.063 0.636 0.000 -0.769 -0.066 0.995 0.000 0.096 -0.039 
0.735 0.028 0.006 -0.678 0.735 0.000 -0.678 -0.004 0.985 0.000 -0.067 0.158 0.719 0.000 -0.693 -0.060 0.975 0.000 -0.027 0.222 0.622 0.000 -0.782 -0.022 0.992 -0.000 0.107 -0.063 0.636 0.000 -0.769 -0.066 0.995 0.000 0.096 -0.039 
0.734 0.028 0.007 -0.678 0.735 0.000 -0.678 -0.004 0.985 -0.000 -0.068 0.158 0.719 0.000 -0.693 -0.060 0.975 -0.000 -0.027 0.222 0.623 0.000 -0.782 -0.023 0.992 0.000 0.106 -0.063 0.636 0.000 -0.769 -0.067 0.995 0.000 0.096 -0.039 
0.734 0.028 0.007 -0.678 0.735 -0.000 -0.678 -0.004 0.985 0.000 -0.068 0.158 0.719 0.000 -0.693 -0.060 0.975 -0.000 -0.027 0.222 0.623 0.000 -0.782 -0.023 0.992 0.000 0.106 -0.062 0.636 0.000 -0.769 -0.067 0.995 0.000 0.097 -0.039 
0.734 0.028 0.007 -0.678 0.735 -0.000 -0.678 -0.004 0.985 0.000 -0.068 0.158 0.719 0.000 -0.693 -0.060 0.975 -0.000 -0.027 0.221 0.623 0.000 -0.782 -0.024 0.992 0.000 0.106 -0.063 0.636 0.000 -0.769 -0.068 0.995 0.000 0.097 -0.038 
0.734 0.028 0.007 -0.678 0.735 0.000 -0.678 -0.004 0.985 0.000 -0.068 0.158 0.719 0.000 -0.693 -0.060 0.975 0.000 -0.027 0.222 0.623 0.000 -0.782 -0.024 0.992 0.000 0.106 -0.063 0.636 0.000 -0.768 -0.068 0.995 -0.000 0.096 -0.039 
0.734 0.028 0.007 -0.678 0.735 -0.000 -0.678 -0.004 0.985 0.000 -0.067 0.158 0.719 0.000 -0.693 -0.061 0.975 0.000 -0.027 0.222 0.623 0.000 -0.782 -0.024 0.992 -0.000 0.106 -0.063 0.636 -0.000 -0.769 -0.068 0.995 0.000 0.097 -0.038 
0.734 0.028 0.007 -0.678 0.735 0.000 -0.678 -0.004 0.985 0.000 -0.067 0.158 0.719 0.000 -0.693 -0.061 0.975 -0.000 -0.027 0.222 0.623 0.000 -0.782 -0.025 0.992 0.000 0.106 -0.062 0.636 0.000 -0.768 -0.068 0.995 0.000 0.096 -0.038 
0.734 0.028 0.007 -0.678 0.735 -0.000 -0.679 -0.004 0.985 0.000 -0.067 0.158 0.719 0.000 -0.693 -0.061 0.975 0.000 -0.027 0.222 0.623 0.000 -0.782 -0.025 0.992 0.000 0.106 -0.062 0.636 0.000 -0.769 -0.068 0.995 0.000 0.097 -0.038 
0.734 0.028 0.007 -0.678 0.735 0.000 -0.679 -0.004 0.985 -0.000 -0.067 0.158 0.719 0.000 -0.692 -0.061 0.975 0.000 -0.027 0.222 0.623 -0.000 -0.782 -0.025 0.992 0.000 0.106 -0.062 0.636 0.000 -0.768 -0.068 0.995 0.000 0.097 -0.038 
0.734 0.028 0.007 -0.679 0.734 0.000 -0.679 -0.004 0.985 -0.000 -0.067 0.158 0.719 0.000 -0.692 -0.061 0.975 0.000 -0.027 0.222 0.623 0.000 -0.781 -0.025 0.992 -0.000 0.106 -0.062 0.636 0.000 -0.768 -0.068 0.995 0.000 0.097 -0.038 
0.734 0.029 0.007 -0.679 0.734 0.000 -0.679 -0.003 0.985 0.000 -0.067 0.157 0.719 0.000 -0.692 -0.062 0.975 -0.000 -0.027 0.222 0.623 0.000 -0.782 -0.026 0.992 0.000 0.106 -0.063 0.636 0.000 -0.768 -0.069 0.995 0.000 0.097 -0.038 
0.734 0.029 0.007 -0.679 0.734 -0.000 -0.679 -0.003 0.985 0.000 -0.067 0.157 0.719 0.000 -0.692 -0.062 0.975 0.000 -0.027 0.222 0.623 0.000 -0.782 -0.026 0.992 0.000 0.107 -0.062 0.636 0.000 -0.768 -0.069 0.995 0.000 0.097 -0.038 
0.734 0.029 0.008 -0.679 0.734 0.000 -0.679 -0.003 0.985 -0.000 -0.067 0.157 0.719 0.000 -0.692 -0.062 0.975 0.000 -0.027 0.222 0.623 0.000 -0.782 -0.026 0.992 0.000 0.107 -0.062 0.636 0.000 -0.768 -0.069 0.995 0.000 0.097 -0.038 
0.734 0.029 0.008 -0.679 0.734 0.000 -0.679 -0.003 0.985 -0.000 -0.066 0.157 0.719 0.000 -0.692 -0.062 0.975 0.000 -0.027 0.222 0.623 0.000 -0.782 -0.026 0.992 0.000 0.107 -0.063 0.636 0.000 -0.769 -0.069 0.995 0.000 0.097 -0.038 
0.734 0.029 0.008 -0.679 0.734 -0.000 -0.679 -0.003 0.985 0.000 -0.066 0.157 0.719 0.000 -0.692 -0.062 0.975 0.000 -0.027 0.222 0.623 -0.000 -0.782 -0.026 0.992 0.000 0.107 -0.063 0.636 0.000 -0.768 -0.069 0.995 0.000 0.097 -0.038 
0.734 0.029 0.008 -0.678 0.735 0.000 -0.678 -0.001 0.986 0.000 -0.067 0.156 0.719 0.000 -0.692 -0.062 0.975 0.000 -0.028 0.222 0.623 0.000 -0.781 -0.026 0.992 0.000 0.106 -0.063 0.636 -0.000 -0.768 -0.069 0.995 0.000 0.097 -0.038 
0.734 0.029 0.008 -0.678 0.735 0.000 -0.678 -0.001 0.986 0.000 -0.067 0.156 0.719 0.000 -0.692 -0.062 0.975 0.000 -0.028 0.222 0.623 0.000 -0.782 -0.026 0.992 -0.000 0.106 -0.062 0.636 0.000 -0.769 -0.069 0.995 0.000 0.097 -0.039 
0.734 0.029 0.008 -0.679 0.735 0.000 -0.678 -0.001 0.986 -0.000 -0.067 0.156 0.719 0.000 -0.692 -0.063 0.975 0.000 -0.028 0.222 0.623 0.000 -0.782 -0.026 0.992 0.000 0.106 -0.062 0.636 -0.000 -0.768 -0.069 0.995 -0.000 0.097 -0.039 
0.734 0.029 0.008 -0.678 0.735 -0.000 -0.678 -0.001 0.986 -0.000 -0.067 0.156 0.719 -0.000 -0.692 -0.062 0.975 0.000 -0.028 0.222 0.623 0.000 -0.782 -0.026 0.992 0.000 0.107 -0.063 0.636 0.000 -0.768 -0.069 0.995 0.000 0.097 -0.039 
0.734 0.029 0.008 -0.678 0.735 0.000 -0.678 -0.001 0.986 0.000 -0.067 0.156 0.719 0.000 -0.692 -0.063 0.975 0.000 -0.028 0.222 0.623 -0.000 -0.782 -0.026 0.992 0.000 0.107 -0.063 0.636 -0.000 -0.768 -0.069 0.995 0.000 0.097 -0.039 
0.734 0.029 0.008 -0.678 0.735 0.000 -0.678 -0.001 0.986 0.000 -0.066 0.155 0.719 0.000 -0.692 -0.063 0.975 0.000 -0.028 0.222 0.623 0.000 -0.782 -0.026 0.992 0.000 0.107 -0.063 0.636 0.000 -0.769 -0.069 0.995 0.000 0.097 -0.039 
0.734 0.029 0.008 -0.678 0.735 0.000 -0.678 -0.001 0.986 0.000 -0.066 0.156 0.719 0.000 -0.692 -0.063 0.975 0.000 -0.028 0.222 0.623 0.000 -0.782 -0.026 0.992 0.000 0.107 -0.063 0.636 0.000 -0.769 -0.069 0.995 0.000 0.097 -0.039 
0.734 0.029 0.008 -0.678 0.735 -0.000 -0.678 -0.001 0.986 0.000 -0.066 0.156 0.719 0.000 -0.692 -0.062 0.975 0.000 -0.027 0.222 0.623 0.000 -0.781 -0.026 0.992 0.000 0.107 -0.062 0.636 0.000 -0.769 -0.069 0.995 -0.000 0.097 -0.039 
0.734 0.029 0.008 -0.678 0.735 -0.000 -0.678 -0.001 0.986 0.000 -0.066 0.156 0.719 -0.000 -0.692 -0.063 0.975 0.000 -0.027 0.222 0.623 0.000 -0.781 -0.026 0.992 0.000 0.107 -0.063 0.636 0.000 -0.769 -0.069 0.995 0.000 0.097 -0.039 
0.735 0.029 0.008 -0.678 0.735 -0.000 -0.678 -0.001 0.986 -0.000 -0.066 0.155 0.719 -0.000 -0.692 -0.062 0.975 0.000 -0.027 0.222 0.623 0.000 -0.782 -0.026 0.992 0.000 0.107 -0.063 0.636 0.000 -0.768 -0.069 0.995 0.000 0.097 -0.039 
0.735 0.029 0.008 -0.678 0.735 0.000 -0.678 -0.001 0.986 0.000 -0.066 0.155 0.719 0.000 -0.692 -0.063 0.975 0.000 -0.027 0.222 0.623 0.000 -0.781 -0.026 0.992 0.000 0.107 -0.063 0.636 0.000 -0.768 -0.069 0.995 -0.000 0.097 -0.039 
0.735 0.029 0.008 -0.678 0.735 0.000 -0.678 -0.001 0.986 0.000 -0.066 0.155 0.719 0.000 -0.692 -0.063 0.975 -0.000 -0.027 0.222 0.623 0.000 -0.782 -0.026 0.992 0.000 0.106 -0.063 0.636 0.000 -0.769 -0.069 0.995 0.000 0.097 -0.039 
0.735 0.029 0.008 -0.678 0.735 0.000 -0.678 -0.001 0.986 0.000 -0.066 0.156 0.719 -0.000 -0.692 -0.063 0.975 0.000 -0.027 0.222 0.623 -0.000 -0.781 -0.026 0.992 0.000 0.106 -0.061 0.636 0.000 -0.768 -0.069 0.995 0.000 0.097 -0.039 
0.735 0.029 0.008 -0.678 0.735 0.000 -0.678 -0.001 0.986 0.000 -0.067 0.156 0.719 0.000 -0.693 -0.063 0.975 0.000 -0.027 0.223 0.623 0.000 -0.781 -0.027 0.992 -0.000 0.106 -0.061 0.636 0.000 -0.768 -0.069 0.995 0.000 0.097 -0.039 
0.735 0.029 0.008 -0.677 0.734 0.000 -0.679 -0.003 0.985 0.000 -0.067 0.158 0.719 0.000 -0.693 -0.062 0.975 0.000 -0.026 0.223 0.623 -0.000 -0.781 -0.026 0.992 0.000 0.106 -0.062 0.636 0.000 -0.769 -0.069 0.995 0.000 0.097 -0.039 
0.735 0.029 0.008 -0.677 0.735 0.000 -0.678 -0.001 0.986 0.000 -0.067 0.156 0.719 0.000 -0.693 -0.063 0.975 0.000 -0.026 0.223 0.623 0.000 -0.782 -0.027 0.992 0.000 0.107 -0.062 0.636 0.000 -0.768 -0.070 0.995 0.000 0.097 -0.039 
0.735 0.029 0.008 -0.677 0.735 -0.000 -0.678 -0.001 0.986 0.000 -0.067 0.156 0.719 -0.000 -0.693 -0.063 0.975 0.000 -0.026 0.223 0.623 0.000 -0.781 -0.027 0.992 0.000 0.107 -0.062 0.636 0.000 -0.768 -0.070 0.995 0.000 0.097 -0.039 
0.735 0.029 0.008 -0.677 0.735 0.000 -0.678 -0.001 0.986 -0.000 -0.067 0.156 0.719 -0.000 -0.692 -0.063 0.974 -0.000 -0.027 0.223 0.623 0.000 -0.782 -0.027 0.992 0.000 0.107 -0.062 0.636 0.000 -0.768 -0.070 0.995 -0.000 0.097 -0.039 
0.735 0.029 0.008 -0.677 0.734 0.000 -0.679 -0.003 0.985 0.000 -0.067 0.158 0.719 -0.000 -0.692 -0.062 0.975 0.000 -0.026 0.223 0.623 0.000 -0.781 -0.026 0.992 0.000 0.106 -0.062 0.636 -0.000 -0.768 -0.069 0.995 0.000 0.097 -0.039 
0.735 0.029 0.008 -0.677 0.735 0.000 -0.678 -0.001 0.986 0.000 -0.067 0.156 0.719 0.000 -0.692 -0.063 0.974 0.000 -0.026 0.223 0.623 0.000 -0.782 -0.027 0.993 0.000 0.106 -0.061 0.636 0.000 -0.768 -0.070 0.995 0.000 0.097 -0.039 
0.735 0.029 0.008 -0.677 0.734 0.000 -0.679 -0.003 0.985 0.000 -0.067 0.157 0.719 0.000 -0.692 -0.062 0.974 0.000 -0.027 0.223 0.623 0.000 -0.782 -0.026 0.992 0.000 0.107 -0.062 0.636 0.000 -0.769 -0.069 0.995 0.000 0.097 -0.039 
0.735 0.029 0.008 -0.677 0.734 0.000 -0.679 -0.003 0.985 0.000 -0.067 0.157 0.719 0.000 -0.693 -0.062 0.975 0.000 -0.026 0.223 0.623 0.000 -0.782 -0.026 0.992 0.000 0.107 -0.062 0.636 -0.000 -0.769 -0.069 0.995 -0.000 0.097 -0.039 
0.735 0.030 0.008 -0.677 0.735 0.000 -0.678 -0.001 0.986 0.000 -0.067 0.156 0.719 0.000 -0.692 -0.062 0.975 -0.000 -0.026 0.223 0.623 -0.000 -0.781 -0.027 0.992 0.000 0.107 -0.061 0.636 0.000 -0.768 -0.070 0.995 0.000 0.097 -0.039 
0.735 0.030 0.008 -0.677 0.735 0.000 -0.678 -0.001 0.986 0.000 -0.067 0.156 0.719 0.000 -0.692 -0.062 0.975 0.000 -0.026 0.223 0.623 0.000 -0.782 -0.027 0.992 -0.000 0.107 -0.062 0.636 0.000 -0.768 -0.070 0.995 0.000 0.097 -0.039 
0.735 0.029 0.008 -0.677 0.734 0.000 -0.679 -0.003 0.985 0.000 -0.067 0.158 0.719 0.000 -0.692 -0.061 0.975 -0.000 -0.025 0.223 0.623 0.000 -0.782 -0.026 0.992 -0.000 0.107 -0.062 0.636 0.000 -0.769 -0.069 0.995 0.000 0.097 -0.039 
0.735 0.030 0.008 -0.677 0.735 0.000 -0.678 -0.001 0.986 -0.000 -0.067 0.155 0.719 0.000 -0.692 -0.062 0.975 0.000 -0.026 0.223 0.623 0.000 -0.782 -0.027 0.992 0.000 0.107 -0.062 0.636 0.000 -0.769 -0.070 0.995 0.000 0.097 -0.039 
0.735 0.030 0.008 -0.677 0.735 0.000 -0.678 -0.001 0.986 0.000 -0.067 0.155 0.719 0.000 -0.692 -0.062 0.975 0.000 -0.026 0.223 0.623 0.000 -0.782 -0.027 0.992 0.000 0.107 -0.062 0.636 0.000 -0.768 -0.070 0.995 0.000 0.097 -0.039 
0.736 0.030 0.008 -0.677 0.735 0.000 -0.678 -0.001 0.986 0.000 -0.067 0.156 0.719 0.000 -0.692 -0.062 0.975 0.000 -0.026 0.223 0.623 0.000 -0.782 -0.027 0.992 0.000 0.106 -0.061 0.636 0.000 -0.768 -0.070 0.995 -0.000 0.097 -0.039 
0.736 0.029 0.008 -0.677 0.735 0.000 -0.679 -0.003 0.985 -0.000 -0.067 0.157 0.719 0.000 -0.692 -0.061 0.975 -0.000 -0.025 0.223 0.623 0.000 -0.782 -0.026 0.992 -0.000 0.106 -0.061 0.636 0.000 -0.768 -0.069 0.995 0.000 0.097 -0.039 
0.736 0.030 0.008 -0.677 0.735 0.000 -0.678 -0.001 0.986 0.000 -0.067 0.155 0.719 0.000 -0.692 -0.062 0.975 -0.000 -0.025 0.223 0.622 -0.000 -0.782 -0.026 0.992 0.000 0.108 -0.062 0.636 0.000 -0.769 -0.070 0.995 0.000 0.097 -0.039 
0.735 0.029 0.008 -0.677 0.735 0.000 -0.679 -0.003 0.985 -0.000 -0.067 0.157 0.719 0.000 -0.692 -0.062 0.974 0.000 -0.026 0.224 0.623 0.000 -0.782 -0.026 0.992 0.000 0.107 -0.062 0.636 0.000 -0.769 -0.069 0.995 0.000 0.097 -0.039 
0.735 0.029 0.008 -0.677 0.735 0.000 -0.679 -0.003 0.985 0.000 -0.067 0.157 0.719 0.000 -0.692 -0.062 0.974 0.000 -0.026 0.223 0.623 -0.000 -0.782 -0.026 0.992 0.000 0.107 -0.062 0.636 0.000 -0.768 -0.069 0.995 0.000 0.097 -0.039 
0.735 0.029 0.008 -0.677 0.735 0.000 -0.678 -0.005 0.985 -0.000 -0.069 0.159 0.719 0.000 -0.692 -0.061 0.974 0.000 -0.025 0.224 0.623 0.000 -0.782 -0.025 0.992 0.000 0.107 -0.062 0.636 0.000 -0.769 -0.068 0.995 -0.000 0.097 -0.039 
0.735 0.029 0.008 -0.677 0.735 -0.000 -0.679 -0.003 0.985 0.000 -0.067 0.157 0.719 0.000 -0.692 -0.061 0.975 -0.000 -0.025 0.223 0.623 0.000 -0.782 -0.026 0.992 -0.000 0.107 -0.062 0.636 0.000 -0.769 -0.069 0.995 0.000 0.097 -0.039 
0.735 0.029 0.008 -0.677 0.735 0.000 -0.679 -0.003 0.985 0.000 -0.067 0.158 0.719 0.000 -0.692 -0.062 0.974 0.000 -0.026 0.224 0.623 0.000 -0.782 -0.026 0.992 0.000 0.107 -0.062 0.636 -0.000 -0.769 -0.069 0.994 0.000 0.097 -0.039 
0.735 0.029 0.008 -0.677 0.735 0.000 -0.678 -0.003 0.985 -0.000 -0.067 0.158 0.719 0.000 -0.692 -0.062 0.974 -0.000 -0.025 0.224 0.623 0.000 -0.782 -0.026 0.992 0.000 0.107 -0.062 0.636 0.000 -0.769 -0.069 0.995 0.000 0.097 -0.039 
0.735 0.029 0.008 -0.677 0.734 0.000 -0.679 -0.004 0.985 0.000 -0.067 0.158 0.719 0.000 -0.692 -0.062 0.974 0.000 -0.025 0.224 0.623 -0.000 -0.782 -0.026 0.992 0.000 0.107 -0.062 0.636 -0.000 -0.769 -0.069 0.995 -0.000 0.097 -0.040 
0.735 0.029 0.008 -0.677 0.735 0.000 -0.678 -0.005 0.985 0.000 -0.069 0.159 0.719 0.000 -0.692 -0.062 0.974 -0.000 -0.025 0.224 0.623 0.000 -0.782 -0.025 0.992 0.000 0.107 -0.062 0.636 0.000 -0.769 -0.068 0.994 0.000 0.097 -0.040 
0.735 0.029 0.008 -0.677 0.734 -0.000 -0.679 -0.004 0.985 -0.000 -0.067 0.158 0.719 0.000 -0.692 -0.062 0.974 0.000 -0.025 0.224 0.623 0.000 -0.782 -0.026 0.992 0.000 0.107 -0.062 0.636 0.000 -0.769 -0.069 0.994 0.000 0.097 -0.040 
0.735 0.029 0.008 -0.677 0.734 0.000 -0.679 -0.004 0.985 0.000 -0.067 0.158 0.719 0.000 -0.692 -0.062 0.974 0.000 -0.025 0.224 0.623 -0.000 -0.782 -0.026 0.992 0.000 0.107 -0.062 0.636 0.000 -0.769 -0.069 0.994 0.000 0.097 -0.040 
0.735 0.029 0.008 -0.677 0.734 0.000 -0.679 -0.004 0.985 0.000 -0.067 0.158 0.719 0.000 -0.692 -0.062 0.974 -0.000 -0.025 0.224 0.623 0.000 -0.782 -0.026 0.992 -0.000 0.107 -0.062 0.636 0.000 -0.769 -0.069 0.995 0.000 0.097 -0.040 
0.735 0.029 0.008 -0.677 0.734 0.000 -0.679 -0.004 0.985 0.000 -0.067 0.158 0.719 0.000 -0.692 -0.062 0.974 0.000 -0.025 0.224 0.623 0.000 -0.782 -0.026 0.992 0.000 0.106 -0.061 0.636 0.000 -0.769 -0.069 0.995 0.000 0.097 -0.039 
0.735 0.029 0.008 -0.678 0.735 0.000 -0.679 -0.004 0.985 0.000 -0.067 0.158 0.719 0.000 -0.692 -0.062 0.974 -0.000 -0.025 0.224 0.623 0.000 -0.782 -0.026 0.992 0.000 0.107 -0.062 0.636 0.000 -0.769 -0.068 0.994 0.000 0.097 -0.040 
0.735 0.029 0.008 -0.678 0.735 0.000 -0.679 -0.004 0.985 0.000 -0.067 0.158 0.719 0.000 -0.692 -0.062 0.974 0.000 -0.025 0.224 0.623 0.000 -0.782 -0.026 0.992 0.000 0.107 -0.062 0.636 0.000 -0.769 -0.068 0.994 0.000 0.097 -0.040 
0.734 0.029 0.008 -0.678 0.734 0.000 -0.679 -0.004 0.985 0.000 -0.067 0.158 0.719 0.000 -0.692 -0.062 0.974 0.000 -0.025 0.224 0.623 0.000 -0.782 -0.026 0.992 0.000 0.106 -0.061 0.636 0.000 -0.769 -0.068 0.994 0.000 0.097 -0.040 
0.734 0.029 0.008 -0.678 0.734 0.000 -0.679 -0.004 0.985 0.000 -0.067 0.158 0.719 0.000 -0.692 -0.062 0.975 0.000 -0.025 0.223 0.623 0.000 -0.782 -0.026 0.992 0.000 0.106 -0.061 0.636 -0.000 -0.769 -0.068 0.994 0.000 0.097 -0.040 
0.734 0.029 0.008 -0.678 0.734 0.000 -0.679 -0.004 0.985 0.000 -0.067 0.158 0.719 -0.000 -0.692 -0.062 0.975 0.000 -0.024 0.223 0.623 0.000 -0.782 -0.027 0.992 0.000 0.106 -0.061 0.636 -0.000 -0.769 -0.068 0.994 0.000 0.097 -0.040 
0.734 0.029 0.008 -0.678 0.734 0.000 -0.679 -0.004 0.985 0.000 -0.067 0.158 0.719 0.000 -0.692 -0.062 0.974 -0.000 -0.025 0.224 0.623 -0.000 -0.782 -0.027 0.992 0.000 0.106 -0.061 0.636 0.000 -0.769 -0.068 0.994 -0.000 0.097 -0.040 
0.734 0.029 0.008 -0.678 0.734 0.000 -0.679 -0.004 0.985 0.000 -0.066 0.158 0.719 0.000 -0.692 -0.062 0.975 0.000 -0.024 0.223 0.623 0.000 -0.782 -0.027 0.992 -0.000 0.107 -0.062 0.636 0.000 -0.769 -0.068 0.994 -0.000 0.097 -0.040 
0.734 0.029 0.008 -0.678 0.734 0.000 -0.679 -0.004 0.985 0.000 -0.066 0.158 0.719 0.000 -0.692 -0.061 0.975 -0.000 -0.024 0.223 0.623 0.000 -0.781 -0.026 0.992 0.000 0.107 -0.062 0.636 0.000 -0.769 -0.068 0.994 0.000 0.097 -0.040 
0.734 0.029 0.008 -0.679 0.734 0.000 -0.679 -0.004 0.985 -0.000 -0.066 0.158 0.719 0.000 -0.692 -0.062 0.975 0.000 -0.024 0.223 0.623 0.000 -0.782 -0.027 0.992 0.000 0.107 -0.062 0.636 0.000 -0.769 -0.068 0.994 0.000 0.097 -0.040 
0.734 0.029 0.008 -0.679 0.734 0.000 -0.679 -0.004 0.985 0.000 -0.067 0.158 0.719 0.000 -0.692 -0.062 0.974 0.000 -0.025 0.223 0.623 0.000 -0.782 -0.027 0.992 0.000 0.107 -0.062 0.636 0.000 -0.769 -0.068 0.994 0.000 0.097 -0.040 
0.734 0.029 0.008 -0.679 0.734 0.000 -0.679 -0.004 0.985 0.000 -0.066 0.158 0.719 -0.000 -0.692 -0.062 0.975 0.000 -0.025 0.223 0.623 0.000 -0.782 -0.027 0.992 0.000 0.107 -0.062 0.636 -0.000 -0.769 -0.068 0.994 0.000 0.097 -0.040 
0.734 0.029 0.008 -0.679 0.734 0.000 -0.679 -0.004 0.985 0.000 -0.066 0.158 0.719 0.000 -0.692 -0.062 0.975 0.000 -0.024 0.223 0.623 0.000 -0.782 -0.027 0.992 -0.000 0.107 -0.062 0.636 0.000 -0.769 -0.068 0.994 0.000 0.097 -0.040 
0.734 0.029 0.009 -0.679 0.734 0.000 -0.679 -0.004 0.985 -0.000 -0.067 0.158 0.719 0.000 -0.692 -0.062 0.975 0.000 -0.024 0.223 0.623 0.000 -0.781 -0.027 0.992 0.000 0.107 -0.062 0.636 0.000 -0.769 -0.068 0.994 0.000 0.097 -0.040 
0.734 0.029 0.009 -0.679 0.734 0.000 -0.679 -0.004 0.985 0.000 -0.067 0.158 0.719 0.000 -0.692 -0.062 0.975 0.000 -0.024 0.223 0.623 0.000 -0.781 -0.027 0.992 -0.000 0.106 -0.061 0.636 0.000 -0.769 -0.068 0.994 0.000 0.097 -0.040 
0.734 0.029 0.009 -0.679 0.734 0.000 -0.679 -0.005 0.985 -0.000 -0.067 0.158 0.719 0.000 -0.692 -0.062 0.975 -0.000 -0.024 0.223 0.623 0.000 -0.782 -0.027 0.992 0.000 0.106 -0.061 0.636 0.000 -0.769 -0.068 0.994 0.000 0.097 -0.040 
0.734 0.029 0.009 -0.679 0.734 -0.000 -0.679 -0.004 0.985 0.000 -0.067 0.158 0.720 0.000 -0.692 -0.062 0.975 0.000 -0.024 0.223 0.623 0.000 -0.782 -0.027 0.992 0.000 0.107 -0.062 0.636 0.000 -0.769 -0.068 0.994 0.000 0.097 -0.040 
0.734 0.029 0.009 -0.679 0.734 0.000 -0.679 -0.005 0.985 0.000 -0.066 0.158 0.720 0.000 -0.692 -0.062 0.975 0.000 -0.024 0.223 0.623 0.000 -0.782 -0.027 0.992 -0.000 0.107 -0.062 0.636 0.000 -0.769 -0.068 0.994 0.000 0.097 -0.040 
0.734 0.029 0.009 -0.679 0.734 0.000 -0.679 -0.005 0.985 0.000 -0.067 0.158 0.719 0.000 -0.692 -0.062 0.975 -0.000 -0.024 0.223 0.623 0.000 -0.782 -0.027 0.992 0.000 0.107 -0.062 0.636 0.000 -0.769 -0.068 0.994 -0.000 0.097 -0.040 
0.734 0.029 0.009 -0.679 0.734 0.000 -0.679 -0.005 0.985 -0.000 -0.067 0.158 0.720 0.000 -0.692 -0.062 0.975 0.000 -0.024 0.223 0.623 0.000 -0.782 -0.027 0.992 0.000 0.107 -0.062 0.636 0.000 -0.769 -0.068 0.994 0.000 0.097 -0.040 
0.734 0.029 0.009 -0.679 0.734 -0.000 -0.679 -0.005 0.985 0.000 -0.067 0.158 0.720 0.000 -0.692 -0.062 0.975 0.000 -0.024 0.223 0.623 0.000 -0.782 -0.027 0.992 0.000 0.107 -0.061 0.636 0.000 -0.769 -0.068 0.994 0.000 0.097 -0.040 
0.734 0.029 0.009 -0.679 0.734 0.000 -0.679 -0.005 0.985 0.000 -0.067 0.158 0.720 0.000 -0.692 -0.062 0.975 0.000 -0.024 0.223 0.623 0.000 -0.782 -0.027 0.992 0.000 0.107 -0.061 0.636 -0.000 -0.769 -0.068 0.994 0.000 0.097 -0.040 
0.734 0.029 0.009 -0.679 0.734 0.000 -0.679 -0.005 0.985 -0.000 -0.066 0.158 0.720 0.000 -0.692 -0.062 0.975 0.000 -0.024 0.223 0.623 0.000 -0.781 -0.027 0.992 0.000 0.107 -0.063 0.636 0.000 -0.769 -0.068 0.994 -0.000 0.097 -0.040 
0.734 0.029 0.009 -0.679 0.734 -0.000 -0.679 -0.005 0.985 0.000 -0.067 0.158 0.720 0.000 -0.692 -0.062 0.975 -0.000 -0.024 0.223 0.623 0.000 -0.781 -0.027 0.992 0.000 0.107 -0.062 0.636 0.000 -0.769 -0.068 0.994 0.000 0.097 -0.040 
0.734 0.030 0.009 -0.679 0.734 0.000 -0.680 -0.005 0.985 0.000 -0.067 0.158 0.720 -0.000 -0.691 -0.062 0.975 0.000 -0.024 0.223 0.623 0.000 -0.782 -0.027 0.992 0.000 0.107 -0.063 0.636 0.000 -0.769 -0.068 0.994 0.000 0.097 -0.040 
0.734 0.029 0.009 -0.679 0.734 0.000 -0.680 -0.005 0.985 0.000 -0.067 0.158 0.720 0.000 -0.692 -0.062 0.975 0.000 -0.024 0.223 0.623 0.000 -0.782 -0.027 0.992 0.000 0.107 -0.063 0.636 0.000 -0.769 -0.068 0.994 -0.000 0.097 -0.040 
0.734 0.029 0.009 -0.679 0.734 0.000 -0.680 -0.005 0.985 -0.000 -0.067 0.158 0.720 0.000 -0.691 -0.062 0.975 0.000 -0.024 0.223 0.623 0.000 -0.782 -0.027 0.992 0.000 0.107 -0.063 0.636 0.000 -0.769 -0.068 0.994 0.000 0.097 -0.040 
0.734 0.029 0.009 -0.679 0.734 0.000 -0.680 -0.005 0.985 0.000 -0.066 0.158 0.720 -0.000 -0.691 -0.062 0.975 -0.000 -0.024 0.223 0.623 0.000 -0.781 -0.027 0.992 0.000 0.107 -0.063 0.636 0.000 -0.769 -0.068 0.994 -0.000 0.097 -0.040 
0.734 0.030 0.009 -0.679 0.734 0.000 -0.680 -0.005 0.985 -0.000 -0.067 0.158 0.720 0.000 -0.691 -0.063 0.974 0.000 -0.025 0.223 0.623 0.000 -0.782 -0.027 0.992 0.000 0.107 -0.062 0.636 -0.000 -0.769 -0.068 0.994 0.000 0.097 -0.040 
0.734 0.030 0.009 -0.679 0.733 0.000 -0.680 -0.005 0.985 0.000 -0.067 0.158 0.720 0.000 -0.691 -0.063 0.974 -0.000 -0.025 0.224 0.623 0.000 -0.781 -0.027 0.992 0.000 0.107 -0.062 0.636 0.000 -0.769 -0.068 0.994 0.000 0.097 -0.040 
0.734 0.029 0.009 -0.679 0.733 0.000 -0.680 -0.005 0.985 0.000 -0.067 0.158 0.720 -0.000 -0.691 -0.063 0.975 0.000 -0.024 0.223 0.623 0.000 -0.781 -0.027 0.992 0.000 0.107 -0.062 0.636 -0.000 -0.769 -0.068 0.994 0.000 0.097 -0.040 
0.734 0.029 0.009 -0.679 0.733 0.000 -0.680 -0.005 0.985 0.000 -0.067 0.158 0.720 0.000 -0.691 -0.062 0.975 0.000 -0.024 0.223 0.623 0.000 -0.781 -0.026 0.992 0.000 0.107 -0.062 0.636 0.000 -0.769 -0.068 0.994 -0.000 0.097 -0.040 
0.734 0.029 0.009 -0.679 0.733 0.000 -0.680 -0.005 0.985 0.000 -0.067 0.158 0.720 0.000 -0.691 -0.063 0.974 0.000 -0.025 0.223 0.623 0.000 -0.781 -0.026 0.992 0.000 0.107 -0.062 0.636 0.000 -0.769 -0.068 0.994 0.000 0.097 -0.040 
0.733 0.029 0.009 -0.679 0.733 0.000 -0.680 -0.005 0.985 0.000 -0.067 0.158 0.720 0.000 -0.691 -0.063 0.974 0.000 -0.025 0.223 0.623 -0.000 -0.782 -0.026 0.992 0.000 0.107 -0.063 0.636 -0.000 -0.769 -0.068 0.994 0.000 0.097 -0.040 
0.734 0.029 0.009 -0.679 0.733 0.000 -0.680 -0.005 0.985 0.000 -0.067 0.158 0.720 0.000 -0.691 -0.062 0.975 0.000 -0.024 0.223 0.623 0.000 -0.781 -0.026 0.992 0.000 0.107 -0.063 0.636 0.000 -0.769 -0.068 0.994 -0.000 0.097 -0.040 
0.734 0.029 0.009 -0.679 0.733 0.000 -0.680 -0.005 0.985 0.000 -0.067 0.158 0.720 0.000 -0.691 -0.063 0.974 0.000 -0.025 0.224 0.624 0.000 -0.781 -0.026 0.992 -0.000 0.106 -0.062 0.636 0.000 -0.769 -0.068 0.994 0.000 0.097 -0.040 
0.733 0.029 0.009 -0.679 0.733 0.000 -0.680 -0.005 0.985 0.000 -0.067 0.159 0.720 0.000 -0.691 -0.063 0.974 0.000 -0.025 0.223 0.624 -0.000 -0.781 -0.026 0.992 0.000 0.107 -0.063 0.636 0.000 -0.769 -0.068 0.994 -0.000 0.097 -0.040 
0.734 0.029 0.009 -0.679 0.733 0.000 -0.680 -0.005 0.985 0.000 -0.067 0.159 0.720 -0.000 -0.691 -0.063 0.974 0.000 -0.025 0.223 0.624 0.000 -0.781 -0.026 0.992 0.000 0.106 -0.062 0.636 0.000 -0.769 -0.068 0.994 0.000 0.097 -0.040 
0.734 0.029 0.009 -0.679 0.733 0.000 -0.680 -0.005 0.985 -0.000 -0.067 0.159 0.720 0.000 -0.691 -0.063 0.974 0.000 -0.025 0.223 0.623 0.000 -0.781 -0.026 0.992 0.000 0.107 -0.063 0.636 -0.000 -0.769 -0.068 0.994 -0.000 0.097 -0.040 
0.734 0.029 0.009 -0.679 0.733 0.000 -0.680 -0.005 0.985 0.000 -0.066 0.159 0.720 0.000 -0.691 -0.063 0.975 0.000 -0.024 0.223 0.624 0.000 -0.781 -0.026 0.992 0.000 0.107 -0.063 0.636 0.000 -0.769 -0.068 0.994 0.000 0.097 -0.040 
0.734 0.029 0.009 -0.679 0.733 -0.000 -0.680 -0.004 0.985 0.000 -0.067 0.158 0.720 0.000 -0.691 -0.063 0.974 0.000 -0.025 0.223 0.624 0.000 -0.781 -0.026 0.992 0.000 0.106 -0.062 0.636 0.000 -0.769 -0.068 0.994 -0.000 0.097 -0.040 
0.734 0.029 0.009 -0.679 0.733 0.000 -0.680 -0.004 0.985 0.000 -0.066 0.158 0.720 -0.000 -0.691 -0.063 0.974 0.000 -0.025 0.223 0.624 0.000 -0.781 -0.026 0.992 0.000 0.106 -0.062 0.636 0.000 -0.769 -0.068 0.994 0.000 0.097 -0.040 
0.734 0.029 0.009 -0.679 0.733 0.000 -0.680 -0.004 0.985 0.000 -0.066 0.158 0.720 0.000 -0.691 -0.062 0.975 0.000 -0.024 0.222 0.624 0.000 -0.781 -0.026 0.992 0.000 0.107 -0.062 0.635 0.000 -0.769 -0.068 0.994 0.000 0.097 -0.040 
0.734 0.029 0.009 -0.679 0.733 0.000 -0.680 -0.004 0.985 0.000 -0.066 0.159 0.720 0.000 -0.691 -0.062 0.975 0.000 -0.024 0.223 0.624 0.000 -0.781 -0.026 0.992 0.000 0.107 -0.063 0.636 -0.000 -0.769 -0.068 0.994 0.000 0.097 -0.040 
0.734 0.029 0.009 -0.679 0.733 0.000 -0.680 -0.004 0.985 0.000 -0.067 0.159 0.720 -0.000 -0.691 -0.062 0.975 0.000 -0.024 0.222 0.624 0.000 -0.781 -0.026 0.992 0.000 0.107 -0.062 0.636 0.000 -0.769 -0.068 0.994 0.000 0.097 -0.040 
0.734 0.029 0.009 -0.679 0.733 0.000 -0.680 -0.004 0.985 -0.000 -0.066 0.159 0.720 0.000 -0.691 -0.062 0.975 0.000 -0.024 0.222 0.624 0.000 -0.781 -0.026 0.992 0.000 0.107 -0.062 0.636 0.000 -0.769 -0.068 0.994 -0.000 0.097 -0.040 
0.734 0.029 0.008 -0.679 0.733 0.000 -0.680 -0.004 0.985 0.000 -0.066 0.158 0.720 0.000 -0.691 -0.062 0.975 0.000 -0.024 0.223 0.624 0.000 -0.781 -0.026 0.992 0.000 0.106 -0.062 0.636 0.000 -0.769 -0.067 0.994 0.000 0.097 -0.040 
0.734 0.029 0.008 -0.679 0.733 0.000 -0.680 -0.004 0.985 0.000 -0.067 0.158 0.720 0.000 -0.691 -0.062 0.975 0.000 -0.024 0.223 0.624 0.000 -0.781 -0.026 0.992 0.000 0.106 -0.061 0.636 0.000 -0.769 -0.067 0.994 0.000 0.097 -0.040 
0.734 0.029 0.008 -0.679 0.733 0.000 -0.680 -0.004 0.985 0.000 -0.066 0.158 0.720 0.000 -0.691 -0.062 0.975 0.000 -0.024 0.223 0.624 0.000 -0.781 -0.025 0.992 -0.000 0.107 -0.063 0.636 0.000 -0.769 -0.067 0.994 0.000 0.097 -0.040 
0.734 0.029 0.008 -0.679 0.733 0.000 -0.680 -0.004 0.985 -0.000 -0.067 0.158 0.720 0.000 -0.691 -0.062 0.975 0.000 -0.024 0.223 0.624 0.000 -0.781 -0.025 0.992 -0.000 0.107 -0.063 0.636 0.000 -0.769 -0.067 0.994 0.000 0.097 -0.040 
0.734 0.029 0.008 -0.679 0.733 0.000 -0.680 -0.004 0.985 0.000 -0.066 0.158 0.720 0.000 -0.691 -0.062 0.975 0.000 -0.024 0.223 0.624 0.000 -0.781 -0.025 0.992 0.000 0.106 -0.062 0.636 0.000 -0.769 -0.067 0.994 0.000 0.097 -0.040 
0.734 0.029 0.008 -0.678 0.734 0.000 -0.680 -0.004 0.985 0.000 -0.067 0.158 0.720 0.000 -0.692 -0.062 0.975 0.000 -0.024 0.223 0.624 0.000 -0.781 -0.025 0.992 -0.000 0.106 -0.063 0.636 -0.000 -0.769 -0.067 0.994 0.000 0.097 -0.040 
0.734 0.029 0.008 -0.678 0.734 0.000 -0.680 -0.004 0.985 0.000 -0.067 0.158 0.720 0.000 -0.692 -0.062 0.975 0.000 -0.024 0.223 0.624 0.000 -0.781 -0.025 0.992 0.000 0.107 -0.063 0.636 0.000 -0.769 -0.067 0.994 0.000 0.097 -0.040 
0.734 0.029 0.008 -0.678 0.734 -0.000 -0.680 -0.004 0.985 0.000 -0.067 0.158 0.720 0.000 -0.692 -0.062 0.975 0.000 -0.024 0.223 0.624 -0.000 -0.781 -0.025 0.992 0.000 0.107 -0.063 0.636 -0.000 -0.769 -0.066 0.994 0.000 0.097 -0.040 
0.734 0.029 0.008 -0.678 0.734 -0.000 -0.680 -0.004 0.985 -0.000 -0.066 0.158 0.720 0.000 -0.692 -0.062 0.974 0.000 -0.024 0.223 0.624 0.000 -0.781 -0.025 0.992 -0.000 0.106 -0.062 0.636 0.000 -0.769 -0.066 0.994 -0.000 0.097 -0.041 
0.734 0.029 0.008 -0.678 0.734 0.000 -0.680 -0.004 0.985 0.000 -0.067 0.158 0.720 -0.000 -0.692 -0.062 0.975 0.000 -0.024 0.223 0.624 0.000 -0.781 -0.024 0.992 0.000 0.106 -0.063 0.636 0.000 -0.769 -0.066 0.994 0.000 0.097 -0.041 
0.734 0.029 0.008 -0.678 0.734 0.000 -0.679 -0.004 0.985 -0.000 -0.067 0.158 0.720 0.000 -0.692 -0.062 0.974 0.000 -0.024 0.223 0.624 0.000 -0.781 -0.024 0.992 0.000 0.106 -0.063 0.636 -0.000 -0.769 -0.066 0.994 0.000 0.097 -0.040 
0.734 0.029 0.008 -0.678 0.734 0.000 -0.679 -0.004 0.985 -0.000 -0.067 0.158 0.719 0.000 -0.692 -0.061 0.974 0.000 -0.024 0.223 0.624 0.000 -0.781 -0.024 0.992 0.000 0.106 -0.063 0.636 -0.000 -0.769 -0.066 0.994 -0.000 0.097 -0.040 
0.734 0.029 0.008 -0.678 0.734 0.000 -0.679 -0.004 0.985 -0.000 -0.067 0.158 0.719 0.000 -0.692 -0.061 0.974 0.000 -0.023 0.223 0.624 0.000 -0.781 -0.024 0.992 0.000 0.106 -0.063 0.636 0.000 -0.769 -0.066 0.994 -0.000 0.097 -0.040 
0.734 0.029 0.008 -0.678 0.734 0.000 -0.679 -0.004 0.985 0.000 -0.067 0.158 0.719 0.000 -0.692 -0.061 0.974 0.000 -0.024 0.224 0.624 -0.000 -0.781 -0.024 0.992 -0.000 0.106 -0.062 0.636 0.000 -0.769 -0.066 0.994 0.000 0.097 -0.041 
0.734 0.029 0.008 -0.678 0.734 0.000 -0.679 -0.004 0.985 -0.000 -0.067 0.158 0.719 0.000 -0.692 -0.061 0.974 -0.000 -0.024 0.223 0.624 0.000 -0.781 -0.024 0.992 0.000 0.107 -0.063 0.636 0.000 -0.769 -0.066 0.994 0.000 0.097 -0.041 
0.734 0.029 0.008 -0.678 0.734 0.000 -0.679 -0.004 0.985 0.000 -0.067 0.158 0.719 0.000 -0.692 -0.061 0.974 0.000 -0.024 0.223 0.624 0.000 -0.781 -0.024 0.992 0.000 0.106 -0.063 0.636 0.000 -0.769 -0.066 0.994 0.000 0.097 -0.040 
0.734 0.029 0.008 -0.678 0.734 0.000 -0.679 -0.004 0.985 0.000 -0.067 0.158 0.719 0.000 -0.692 -0.061 0.974 0.000 -0.023 0.223 0.624 -0.000 -0.781 -0.024 0.992 0.000 0.106 -0.062 0.636 0.000 -0.769 -0.066 0.995 0.000 0.097 -0.040 
0.734 0.029 0.008 -0.678 0.734 0.000 -0.679 -0.003 0.985 0.000 -0.067 0.158 0.719 -0.000 -0.692 -0.061 0.974 0.000 -0.023 0.223 0.624 0.000 -0.781 -0.024 0.992 0.000 0.106 -0.063 0.636 0.000 -0.769 -0.066 0.994 0.000 0.097 -0.040 
0.734 0.029 0.008 -0.678 0.734 0.000 -0.679 -0.004 0.985 -0.000 -0.067 0.158 0.719 0.000 -0.692 -0.061 0.974 0.000 -0.023 0.223 0.624 -0.000 -0.781 -0.023 0.992 -0.000 0.106 -0.063 0.636 0.000 -0.769 -0.066 0.995 -0.000 0.097 -0.040 
0.734 0.029 0.008 -0.678 0.734 0.000 -0.679 -0.003 0.985 0.000 -0.067 0.158 0.719 0.000 -0.692 -0.061 0.974 0.000 -0.023 0.223 0.624 -0.000 -0.781 -0.023 0.992 0.000 0.106 -0.063 0.636 0.000 -0.769 -0.066 0.995 0.000 0.097 -0.040 
0.734 0.028 0.008 -0.678 0.734 -0.000 -0.679 -0.003 0.985 0.000 -0.067 0.158 0.719 0.000 -0.692 -0.061 0.974 0.000 -0.024 0.224 0.624 0.000 -0.781 -0.023 0.992 0.000 0.106 -0.063 0.636 0.000 -0.769 -0.066 0.994 0.000 0.097 -0.040 
0.734 0.028 0.008 -0.678 0.734 -0.000 -0.679 -0.003 0.985 0.000 -0.067 0.157 0.719 0.000 -0.692 -0.061 0.974 -0.000 -0.023 0.223 0.624 0.000 -0.781 -0.023 0.992 0.000 0.106 -0.063 0.636 0.000 -0.769 -0.066 0.994 0.000 0.097 -0.040 
0.734 0.028 0.008 -0.678 0.734 0.000 -0.679 -0.003 0.985 0.000 -0.067 0.157 0.719 -0.000 -0.692 -0.061 0.974 0.000 -0.023 0.223 0.624 0.000 -0.781 -0.023 0.992 0.000 0.106 -0.063 0.636 0.000 -0.769 -0.066 0.994 0.000 0.097 -0.040 
0.735 0.028 0.008 -0.678 0.734 0.000 -0.679 -0.003 0.985 -0.000 -0.067 0.158 0.719 0.000 -0.692 -0.061 0.974 0.000 -0.024 0.224 0.623 0.000 -0.781 -0.023 0.992 0.000 0.106 -0.063 0.636 -0.000 -0.769 -0.066 0.994 0.000 0.097 -0.040 
0.735 0.028 0.008 -0.678 0.734 0.000 -0.679 -0.003 0.985 0.000 -0.067 0.158 0.719 0.000 -0.692 -0.061 0.974 0.000 -0.024 0.224 0.624 0.000 -0.781 -0.022 0.992 0.000 0.106 -0.063 0.636 0.000 -0.769 -0.065 0.995 -0.000 0.097 -0.040 
0.735 0.028 0.007 -0.678 0.735 0.000 -0.678 -0.005 0.985 0.000 -0.069 0.159 0.719 0.000 -0.692 -0.061 0.974 0.000 -0.023 0.224 0.623 0.000 -0.782 -0.022 0.992 -0.000 0.106 -0.063 0.636 -0.000 -0.769 -0.065 0.995 0.000 0.097 -0.040 
0.735 0.028 0.007 -0.678 0.735 0.000 -0.678 -0.005 0.985 0.000 -0.069 0.159 0.719 0.000 -0.692 -0.061 0.974 0.000 -0.023 0.224 0.623 0.000 -0.782 -0.021 0.992 0.000 0.106 -0.062 0.636 -0.000 -0.769 -0.065 0.995 -0.000 0.097 -0.040 
0.735 0.028 0.007 -0.678 0.735 0.000 -0.678 -0.004 0.985 0.000 -0.069 0.159 0.719 0.000 -0.692 -0.061 0.974 0.000 -0.023 0.224 0.623 0.000 -0.782 -0.022 0.992 -0.000 0.106 -0.063 0.636 -0.000 -0.769 -0.065 0.994 0.000 0.097 -0.040 
0.735 0.028 0.008 -0.678 0.734 0.000 -0.679 -0.003 0.985 0.000 -0.068 0.158 0.719 0.000 -0.692 -0.061 0.974 -0.000 -0.023 0.224 0.623 0.000 -0.782 -0.022 0.992 -0.000 0.106 -0.063 0.636 0.000 -0.769 -0.065 0.995 0.000 0.097 -0.040 
0.735 0.028 0.007 -0.678 0.735 0.000 -0.678 -0.004 0.985 0.000 -0.069 0.159 0.719 0.000 -0.692 -0.061 0.974 0.000 -0.023 0.224 0.624 0.000 -0.781 -0.021 0.992 0.000 0.106 -0.063 0.636 0.000 -0.769 -0.064 0.995 0.000 0.097 -0.040 
0.735 0.028 0.007 -0.678 0.735 0.000 -0.678 -0.004 0.985 0.000 -0.069 0.159 0.719 0.000 -0.692 -0.061 0.974 -0.000 -0.023 0.225 0.624 0.000 -0.782 -0.021 0.992 -0.000 0.106 -0.063 0.636 0.000 -0.769 -0.064 0.995 0.000 0.097 -0.040 
0.735 0.028 0.007 -0.678 0.735 0.000 -0.678 -0.004 0.985 0.000 -0.069 0.159 0.719 0.000 -0.693 -0.061 0.974 0.000 -0.023 0.225 0.623 0.000 -0.782 -0.021 0.992 0.000 0.106 -0.062 0.636 0.000 -0.769 -0.064 0.994 0.000 0.097 -0.040 
0.735 0.028 0.007 -0.678 0.734 0.000 -0.679 -0.003 0.985 -0.000 -0.068 0.158 0.719 -0.000 -0.692 -0.062 0.974 0.000 -0.023 0.224 0.623 0.000 -0.782 -0.021 0.992 0.000 0.106 -0.063 0.636 0.000 -0.769 -0.065 0.994 -0.000 0.097 -0.040 
0.735 0.028 0.007 -0.678 0.735 0.000 -0.679 -0.003 0.985 0.000 -0.068 0.158 0.719 0.000 -0.692 -0.062 0.974 -0.000 -0.023 0.224 0.623 0.000 -0.782 -0.021 0.992 -0.000 0.106 -0.063 0.636 0.000 -0.769 -0.065 0.994 0.000 0.097 -0.040 
0.735 0.028 0.007 -0.678 0.735 0.000 -0.678 -0.003 0.985 -0.000 -0.068 0.158 0.719 -0.000 -0.692 -0.062 0.974 0.000 -0.023 0.225 0.623 0.000 -0.782 -0.021 0.992 0.000 0.106 -0.062 0.636 0.000 -0.769 -0.064 0.995 0.000 0.097 -0.040 
0.735 0.028 0.007 -0.678 0.735 0.000 -0.678 -0.004 0.985 -0.000 -0.069 0.159 0.719 0.000 -0.692 -0.061 0.974 0.000 -0.023 0.225 0.623 0.000 -0.782 -0.020 0.992 0.000 0.106 -0.062 0.636 0.000 -0.769 -0.064 0.994 -0.000 0.097 -0.040 
0.735 0.028 0.007 -0.677 0.735 -0.000 -0.678 -0.005 0.985 0.000 -0.069 0.160 0.719 0.000 -0.692 -0.062 0.974 0.000 -0.023 0.225 0.623 0.000 -0.782 -0.020 0.992 0.000 0.106 -0.062 0.636 0.000 -0.769 -0.064 0.994 -0.000 0.097 -0.040 
0.735 0.028 0.007 -0.678 0.735 0.000 -0.678 -0.004 0.985 -0.000 -0.069 0.159 0.719 -0.000 -0.692 -0.062 0.974 0.000 -0.023 0.225 0.623 0.000 -0.782 -0.020 0.992 0.000 0.106 -0.063 0.636 0.000 -0.769 -0.063 0.994 -0.000 0.097 -0.040 
0.735 0.028 0.007 -0.678 0.735 -0.000 -0.678 -0.004 0.985 0.000 -0.069 0.160 0.719 0.000 -0.693 -0.062 0.974 0.000 -0.023 0.225 0.623 0.000 -0.782 -0.020 0.992 0.000 0.106 -0.064 0.636 0.000 -0.769 -0.063 0.994 -0.000 0.097 -0.040 
0.735 0.028 0.007 -0.678 0.735 -0.000 -0.678 -0.004 0.985 0.000 -0.070 0.160 0.719 0.000 -0.693 -0.062 0.974 0.000 -0.023 0.225 0.623 0.000 -0.782 -0.020 0.992 0.000 0.106 -0.063 0.636 0.000 -0.769 -0.063 0.994 0.000 0.097 -0.040 
0.735 0.028 0.007 -0.678 0.736 0.000 -0.677 -0.004 0.985 0.000 -0.070 0.159 0.719 0.000 -0.693 -0.062 0.974 0.000 -0.023 0.224 0.623 -0.000 -0.782 -0.020 0.992 0.000 0.106 -0.062 0.635 0.000 -0.770 -0.063 0.994 0.000 0.097 -0.040 
0.735 0.028 0.007 -0.678 0.735 0.000 -0.678 -0.004 0.985 0.000 -0.069 0.159 0.719 0.000 -0.693 -0.062 0.974 0.000 -0.023 0.224 0.623 0.000 -0.782 -0.020 0.992 0.000 0.106 -0.063 0.636 -0.000 -0.769 -0.063 0.994 0.000 0.097 -0.040 
0.735 0.028 0.007 -0.678 0.735 0.000 -0.678 -0.004 0.985 0.000 -0.069 0.159 0.719 -0.000 -0.693 -0.062 0.974 0.000 -0.023 0.224 0.623 0.000 -0.782 -0.020 0.992 -0.000 0.106 -0.063 0.636 0.000 -0.769 -0.063 0.994 0.000 0.097 -0.040 
0.735 0.028 0.007 -0.678 0.736 0.000 -0.677 -0.004 0.985 0.000 -0.070 0.159 0.719 0.000 -0.693 -0.062 0.974 0.000 -0.023 0.224 0.623 -0.000 -0.782 -0.020 0.992 0.000 0.106 -0.063 0.636 0.000 -0.769 -0.063 0.995 0.000 0.097 -0.040 
0.735 0.028 0.007 -0.678 0.735 0.000 -0.678 -0.004 0.985 0.000 -0.069 0.159 0.719 0.000 -0.693 -0.062 0.974 0.000 -0.023 0.224 0.623 0.000 -0.782 -0.020 0.992 0.000 0.106 -0.063 0.636 0.000 -0.769 -0.063 0.994 0.000 0.097 -0.040 
0.735 0.028 0.007 -0.678 0.735 0.000 -0.678 -0.003 0.985 0.000 -0.068 0.158 0.719 0.000 -0.693 -0.062 0.974 0.000 -0.023 0.224 0.623 0.000 -0.782 -0.020 0.992 0.000 0.106 -0.063 0.636 0.000 -0.769 -0.063 0.994 0.000 0.097 -0.040 
0.735 0.028 0.007 -0.678 0.735 0.000 -0.678 -0.003 0.985 0.000 -0.068 0.158 0.719 0.000 -0.693 -0.062 0.974 0.000 -0.023 0.224 0.623 -0.000 -0.782 -0.020 0.992 0.000 0.106 -0.063 0.636 0.000 -0.769 -0.063 0.994 0.000 0.097 -0.040 
0.735 0.027 0.007 -0.678 0.736 0.000 -0.677 -0.004 0.985 0.000 -0.070 0.159 0.719 -0.000 -0.693 -0.062 0.974 0.000 -0.023 0.224 0.623 0.000 -0.782 -0.019 0.992 -0.000 0.106 -0.063 0.636 0.000 -0.769 -0.062 0.994 0.000 0.097 -0.040 
0.735 0.027 0.007 -0.678 0.736 0.000 -0.677 -0.004 0.985 0.000 -0.070 0.159 0.719 0.000 -0.693 -0.062 0.974 0.000 -0.023 0.224 0.623 0.000 -0.782 -0.019 0.992 0.000 0.106 -0.064 0.636 0.000 -0.770 -0.062 0.994 -0.000 0.097 -0.040 
0.735 0.028 0.007 -0.678 0.735 0.000 -0.678 -0.003 0.985 0.000 -0.069 0.158 0.719 0.000 -0.693 -0.063 0.974 0.000 -0.023 0.224 0.623 -0.000 -0.782 -0.020 0.992 0.000 0.106 -0.063 0.636 -0.000 -0.770 -0.063 0.994 0.000 0.097 -0.040 
0.735 0.027 0.007 -0.678 0.736 0.000 -0.677 -0.004 0.985 0.000 -0.070 0.160 0.718 -0.000 -0.693 -0.062 0.974 -0.000 -0.023 0.224 0.623 -0.000 -0.782 -0.019 0.992 0.000 0.106 -0.063 0.635 0.000 -0.770 -0.062 0.994 0.000 0.097 -0.040 
0.734 0.027 0.007 -0.678 0.735 0.000 -0.678 -0.003 0.985 -0.000 -0.069 0.158 0.718 0.000 -0.693 -0.062 0.974 0.000 -0.023 0.224 0.623 0.000 -0.782 -0.019 0.992 0.000 0.106 -0.063 0.636 0.000 -0.770 -0.062 0.994 -0.000 0.097 -0.040 
0.734 0.028 0.007 -0.678 0.735 0.000 -0.678 -0.003 0.985 0.000 -0.069 0.158 0.718 0.000 -0.693 -0.062 0.974 0.000 -0.023 0.224 0.623 0.000 -0.782 -0.019 0.992 0.000 0.106 -0.062 0.635 0.000 -0.770 -0.062 0.994 0.000 0.097 -0.040 
0.734 0.027 0.007 -0.678 0.735 0.000 -0.678 -0.003 0.985 0.000 -0.069 0.158 0.718 -0.000 -0.693 -0.062 0.974 0.000 -0.023 0.224 0.623 -0.000 -0.782 -0.020 0.992 0.000 0.106 -0.063 0.636 0.000 -0.770 -0.062 0.994 0.000 0.097 -0.040 
0.734 0.027 0.007 -0.678 0.736 0.000 -0.677 -0.005 0.985 0.000 -0.070 0.159 0.718 0.000 -0.693 -0.062 0.974 -0.000 -0.023 0.224 0.623 -0.000 -0.782 -0.019 0.992 -0.000 0.106 -0.063 0.635 -0.000 -0.770 -0.061 0.994 -0.000 0.097 -0.040 
0.734 0.027 0.007 -0.678 0.736 0.000 -0.677 -0.005 0.985 0.000 -0.070 0.160 0.718 0.000 -0.693 -0.062 0.974 0.000 -0.023 0.224 0.623 0.000 -0.782 -0.019 0.992 0.000 0.106 -0.063 0.635 0.000 -0.770 -0.061 0.994 0.000 0.097 -0.040 
0.734 0.027 0.007 -0.678 0.735 -0.000 -0.678 -0.003 0.985 0.000 -0.069 0.158 0.718 -0.000 -0.693 -0.062 0.974 0.000 -0.023 0.224 0.623 0.000 -0.782 -0.019 0.992 0.000 0.106 -0.063 0.635 0.000 -0.770 -0.062 0.994 0.000 0.097 -0.040 
0.734 0.027 0.007 -0.678 0.735 0.000 -0.678 -0.004 0.985 0.000 -0.069 0.158 0.718 0.000 -0.693 -0.062 0.974 0.000 -0.023 0.224 0.623 0.000 -0.782 -0.019 0.992 0.000 0.106 -0.063 0.635 0.000 -0.770 -0.062 0.994 -0.000 0.097 -0.040 
0.734 0.027 0.007 -0.678 0.736 0.000 -0.677 -0.005 0.985 0.000 -0.070 0.160 0.718 -0.000 -0.693 -0.062 0.974 0.000 -0.023 0.224 0.623 0.000 -0.782 -0.019 0.992 0.000 0.106 -0.062 0.635 0.000 -0.770 -0.061 0.994 0.000 0.097 -0.040 
0.734 0.027 0.007 -0.678 0.735 0.000 -0.678 -0.004 0.985 0.000 -0.069 0.158 0.718 0.000 -0.693 -0.062 0.974 -0.000 -0.023 0.224 0.623 0.000 -0.782 -0.019 0.992 0.000 0.106 -0.063 0.636 0.000 -0.770 -0.061 0.994 0.000 0.097 -0.041 
0.734 0.027 0.007 -0.678 0.735 -0.000 -0.678 -0.004 0.985 0.000 -0.069 0.158 0.718 0.000 -0.693 -0.062 0.974 0.000 -0.023 0.224 0.623 0.000 -0.782 -0.019 0.992 0.000 0.106 -0.063 0.636 0.000 -0.770 -0.062 0.994 0.000 0.097 -0.040 
0.734 0.027 0.007 -0.679 0.735 -0.000 -0.678 -0.004 0.985 0.000 -0.069 0.158 0.718 0.000 -0.693 -0.062 0.974 0.000 -0.023 0.224 0.623 0.000 -0.782 -0.019 0.992 0.000 0.106 -0.063 0.636 0.000 -0.770 -0.062 0.994 0.000 0.097 -0.040 
0.734 0.028 0.007 -0.679 0.735 0.000 -0.678 -0.004 0.985 0.000 -0.069 0.158 0.718 0.000 -0.693 -0.062 0.974 0.000 -0.023 0.224 0.623 0.000 -0.782 -0.019 0.992 0.000 0.106 -0.063 0.636 0.000 -0.770 -0.062 0.994 0.000 0.097 -0.040 
0.734 0.027 0.007 -0.679 0.735 0.000 -0.678 -0.004 0.985 0.000 -0.069 0.158 0.718 0.000 -0.693 -0.062 0.974 0.000 -0.023 0.224 0.623 0.000 -0.782 -0.019 0.992 0.000 0.106 -0.063 0.635 0.000 -0.770 -0.061 0.994 0.000 0.097 -0.041 
0.734 0.027 0.007 -0.679 0.735 0.000 -0.678 -0.004 0.985 0.000 -0.069 0.158 0.718 0.000 -0.693 -0.062 0.974 0.000 -0.023 0.224 0.623 0.000 -0.782 -0.019 0.992 -0.000 0.106 -0.063 0.636 0.000 -0.770 -0.061 0.994 0.000 0.097 -0.041 
0.734 0.027 0.007 -0.679 0.735 0.000 -0.678 -0.004 0.985 0.000 -0.069 0.158 0.718 0.000 -0.693 -0.062 0.974 -0.000 -0.023 0.224 0.623 -0.000 -0.782 -0.019 0.992 -0.000 0.106 -0.064 0.636 0.000 -0.770 -0.061 0.994 -0.000 0.097 -0.040 
0.734 0.027 0.007 -0.679 0.736 0.000 -0.677 -0.006 0.985 -0.000 -0.070 0.159 0.718 0.000 -0.693 -0.062 0.974 -0.000 -0.023 0.224 0.623 -0.000 -0.782 -0.019 0.992 0.000 0.106 -0.063 0.635 0.000 -0.770 -0.061 0.994 -0.000 0.097 -0.041 
0.734 0.027 0.007 -0.679 0.736 0.000 -0.677 -0.006 0.985 0.000 -0.070 0.159 0.718 0.000 -0.693 -0.061 0.974 0.000 -0.023 0.224 0.623 -0.000 -0.782 -0.018 0.992 -0.000 0.106 -0.063 0.636 0.000 -0.770 -0.061 0.994 -0.000 0.097 -0.041 
0.734 0.027 0.007 -0.679 0.736 0.000 -0.677 -0.006 0.985 0.000 -0.070 0.159 0.718 0.000 -0.693 -0.061 0.974 0.000 -0.023 0.224 0.623 0.000 -0.782 -0.019 0.992 0.000 0.106 -0.064 0.636 0.000 -0.770 -0.061 0.994 -0.000 0.097 -0.041 
0.734 0.028 0.007 -0.679 0.735 0.000 -0.678 -0.005 0.985 0.000 -0.069 0.158 0.718 0.000 -0.693 -0.062 0.974 0.000 -0.023 0.224 0.623 0.000 -0.782 -0.019 0.992 0.000 0.106 -0.064 0.636 0.000 -0.769 -0.061 0.994 0.000 0.097 -0.041 
0.734 0.028 0.007 -0.679 0.735 0.000 -0.678 -0.005 0.985 0.000 -0.069 0.158 0.718 0.000 -0.693 -0.062 0.974 0.000 -0.023 0.224 0.623 -0.000 -0.782 -0.019 0.992 0.000 0.106 -0.063 0.636 0.000 -0.769 -0.061 0.994 0.000 0.097 -0.041 
0.734 0.027 0.007 -0.679 0.736 0.000 -0.677 -0.006 0.985 0.000 -0.070 0.159 0.718 0.000 -0.693 -0.061 0.974 0.000 -0.023 0.224 0.623 0.000 -0.782 -0.019 0.992 -0.000 0.106 -0.064 0.636 0.000 -0.770 -0.061 0.994 0.000 0.097 -0.041 
0.734 0.028 0.007 -0.679 0.735 0.000 -0.678 -0.005 0.985 0.000 -0.069 0.157 0.718 0.000 -0.693 -0.062 0.974 -0.000 -0.023 0.224 0.623 0.000 -0.782 -0.019 0.992 0.000 0.106 -0.063 0.636 0.000 -0.769 -0.061 0.994 -0.000 0.097 -0.041 
0.734 0.027 0.007 -0.679 0.736 0.000 -0.677 -0.006 0.985 0.000 -0.070 0.159 0.719 -0.000 -0.693 -0.062 0.974 0.000 -0.023 0.224 0.623 0.000 -0.782 -0.019 0.992 0.000 0.106 -0.064 0.636 0.000 -0.770 -0.061 0.994 0.000 0.097 -0.041 
