# T   LUA LFA RUA RFA LT  LS  RT  RS  
0.999 0.034 -0.021 0.025 0.758 -0.000 -0.652 -0.028 0.961 -0.000 -0.078 -0.264 0.746 -0.000 -0.660 -0.094 0.988 0.000 -0.037 -0.149 0.650 0.000 -0.753 -0.102 0.985 0.000 0.057 0.164 0.662 0.000 -0.744 -0.095 0.989 0.000 -0.026 0.143 
0.999 0.033 -0.022 0.028 0.758 0.000 -0.652 -0.025 0.961 0.000 -0.076 -0.264 0.746 0.000 -0.660 -0.094 0.988 -0.000 -0.039 -0.150 0.650 0.000 -0.752 -0.110 0.983 0.000 0.052 0.175 0.660 0.000 -0.746 -0.091 0.990 0.000 -0.020 0.139 
0.999 0.033 -0.022 0.031 0.758 -0.000 -0.652 -0.023 0.962 0.000 -0.074 -0.264 0.746 0.000 -0.660 -0.093 0.988 -0.000 -0.041 -0.150 0.651 -0.000 -0.750 -0.118 0.982 0.000 0.045 0.186 0.660 0.000 -0.746 -0.089 0.990 0.000 -0.021 0.138 
0.999 0.032 -0.022 0.034 0.758 0.000 -0.652 -0.021 0.962 0.000 -0.073 -0.262 0.746 0.000 -0.660 -0.093 0.988 0.000 -0.043 -0.150 0.652 -0.000 -0.748 -0.127 0.980 0.000 0.037 0.198 0.660 0.000 -0.747 -0.086 0.991 0.000 -0.017 0.136 
0.999 0.032 -0.023 0.036 0.758 0.000 -0.652 -0.018 0.963 0.000 -0.071 -0.262 0.746 0.000 -0.660 -0.093 0.988 0.000 -0.046 -0.150 0.653 -0.000 -0.745 -0.137 0.977 0.000 0.028 0.211 0.660 0.000 -0.747 -0.084 0.991 0.000 -0.016 0.134 
0.998 0.031 -0.023 0.039 0.757 0.000 -0.653 -0.015 0.963 0.000 -0.069 -0.261 0.746 0.000 -0.659 -0.093 0.988 0.000 -0.048 -0.150 0.654 0.000 -0.742 -0.148 0.974 -0.000 0.018 0.225 0.660 0.000 -0.747 -0.082 0.991 -0.000 -0.015 0.133 
0.998 0.031 -0.024 0.042 0.757 0.000 -0.653 -0.013 0.963 0.000 -0.066 -0.260 0.746 0.000 -0.659 -0.092 0.987 0.000 -0.050 -0.150 0.655 0.000 -0.738 -0.161 0.971 0.000 0.005 0.240 0.660 0.000 -0.747 -0.080 0.991 0.000 -0.014 0.131 
0.998 0.030 -0.025 0.045 0.756 0.000 -0.654 -0.011 0.964 0.000 -0.064 -0.259 0.747 0.000 -0.659 -0.092 0.987 0.000 -0.051 -0.150 0.656 0.000 -0.734 -0.176 0.967 -0.000 -0.009 0.256 0.660 0.000 -0.747 -0.079 0.991 0.000 -0.014 0.130 
0.998 0.030 -0.026 0.048 0.756 0.000 -0.655 -0.009 0.964 0.000 -0.062 -0.258 0.748 0.000 -0.657 -0.092 0.987 0.000 -0.053 -0.150 0.658 0.000 -0.729 -0.191 0.962 -0.000 -0.026 0.272 0.661 -0.000 -0.746 -0.077 0.992 0.000 -0.014 0.129 
0.998 0.030 -0.027 0.050 0.755 0.000 -0.656 -0.007 0.965 0.000 -0.060 -0.256 0.749 0.000 -0.657 -0.091 0.987 0.000 -0.054 -0.149 0.659 0.000 -0.722 -0.208 0.956 -0.000 -0.046 0.288 0.662 0.000 -0.745 -0.075 0.992 0.000 -0.013 0.127 
0.998 0.029 -0.029 0.052 0.753 0.000 -0.658 -0.005 0.965 0.000 -0.057 -0.255 0.750 -0.000 -0.655 -0.091 0.987 0.000 -0.056 -0.149 0.661 0.000 -0.715 -0.228 0.950 0.000 -0.069 0.305 0.664 0.000 -0.744 -0.074 0.992 0.000 -0.013 0.126 
0.998 0.029 -0.031 0.055 0.752 0.000 -0.659 -0.003 0.965 -0.000 -0.054 -0.255 0.751 -0.000 -0.654 -0.091 0.987 0.000 -0.057 -0.149 0.662 0.000 -0.706 -0.249 0.942 0.000 -0.095 0.323 0.665 0.000 -0.743 -0.073 0.992 0.000 -0.014 0.124 
0.997 0.029 -0.033 0.057 0.751 -0.000 -0.661 -0.002 0.966 0.000 -0.051 -0.254 0.752 0.000 -0.652 -0.090 0.987 0.000 -0.058 -0.148 0.664 0.000 -0.697 -0.272 0.932 0.000 -0.124 0.341 0.667 0.000 -0.742 -0.071 0.992 0.000 -0.013 0.123 
0.997 0.029 -0.034 0.059 0.749 0.000 -0.662 0.000 0.966 0.000 -0.049 -0.253 0.754 0.000 -0.651 -0.089 0.987 0.000 -0.060 -0.148 0.665 0.000 -0.686 -0.294 0.922 0.000 -0.153 0.356 0.668 0.000 -0.741 -0.069 0.993 0.000 -0.014 0.121 
0.997 0.028 -0.036 0.061 0.748 0.000 -0.664 0.003 0.966 0.000 -0.047 -0.253 0.755 -0.000 -0.650 -0.088 0.987 0.000 -0.061 -0.148 0.667 0.000 -0.675 -0.316 0.910 -0.000 -0.184 0.371 0.669 0.000 -0.740 -0.067 0.993 0.000 -0.014 0.120 
0.997 0.028 -0.038 0.063 0.746 0.000 -0.666 0.006 0.966 -0.000 -0.043 -0.254 0.756 0.000 -0.648 -0.087 0.987 -0.000 -0.062 -0.148 0.670 0.000 -0.662 -0.337 0.898 0.000 -0.219 0.381 0.671 0.000 -0.738 -0.064 0.993 0.000 -0.014 0.118 
0.997 0.027 -0.040 0.065 0.744 0.000 -0.668 0.008 0.966 0.000 -0.041 -0.254 0.758 0.000 -0.647 -0.085 0.987 0.000 -0.063 -0.147 0.673 0.000 -0.647 -0.358 0.885 0.000 -0.254 0.389 0.674 -0.000 -0.736 -0.063 0.993 0.000 -0.015 0.117 
0.996 0.027 -0.043 0.067 0.743 0.000 -0.670 0.011 0.966 0.000 -0.038 -0.255 0.760 0.000 -0.645 -0.084 0.987 0.000 -0.065 -0.146 0.676 0.000 -0.633 -0.377 0.872 -0.000 -0.290 0.394 0.676 0.000 -0.735 -0.061 0.993 0.000 -0.015 0.116 
0.996 0.026 -0.044 0.069 0.741 0.000 -0.671 0.014 0.966 0.000 -0.036 -0.255 0.761 -0.000 -0.643 -0.083 0.987 0.000 -0.066 -0.145 0.679 -0.000 -0.618 -0.396 0.858 0.000 -0.325 0.397 0.677 0.000 -0.733 -0.059 0.993 0.000 -0.016 0.115 
0.996 0.025 -0.047 0.072 0.739 0.000 -0.674 0.018 0.966 0.000 -0.034 -0.257 0.763 0.000 -0.641 -0.081 0.987 0.000 -0.067 -0.144 0.681 0.000 -0.604 -0.414 0.845 0.000 -0.359 0.397 0.680 0.000 -0.731 -0.056 0.993 0.000 -0.016 0.115 
0.996 0.024 -0.051 0.074 0.736 -0.000 -0.677 0.021 0.966 0.000 -0.031 -0.257 0.766 0.000 -0.638 -0.080 0.987 0.000 -0.068 -0.143 0.681 0.000 -0.592 -0.431 0.832 0.000 -0.390 0.394 0.684 0.000 -0.728 -0.054 0.993 0.000 -0.018 0.115 
0.995 0.022 -0.055 0.077 0.733 -0.000 -0.680 0.024 0.966 0.000 -0.029 -0.257 0.769 0.000 -0.635 -0.079 0.988 0.000 -0.068 -0.141 0.681 0.000 -0.581 -0.446 0.820 0.000 -0.420 0.389 0.687 0.000 -0.724 -0.052 0.993 0.000 -0.018 0.115 
0.995 0.021 -0.059 0.079 0.729 0.000 -0.684 0.027 0.966 0.000 -0.028 -0.257 0.772 0.000 -0.631 -0.077 0.988 0.000 -0.069 -0.139 0.681 0.000 -0.569 -0.461 0.809 0.000 -0.449 0.380 0.692 0.000 -0.720 -0.052 0.993 -0.000 -0.019 0.118 
0.994 0.019 -0.064 0.081 0.726 0.000 -0.687 0.031 0.966 0.000 -0.026 -0.258 0.775 0.000 -0.628 -0.076 0.988 0.000 -0.069 -0.136 0.681 -0.000 -0.558 -0.474 0.797 0.000 -0.477 0.370 0.696 0.000 -0.716 -0.054 0.992 0.000 -0.021 0.123 
0.994 0.018 -0.070 0.083 0.722 0.000 -0.691 0.035 0.966 0.000 -0.025 -0.259 0.778 0.000 -0.624 -0.075 0.989 0.000 -0.068 -0.134 0.681 0.000 -0.546 -0.488 0.786 0.000 -0.504 0.358 0.699 0.000 -0.713 -0.054 0.992 0.000 -0.018 0.126 
0.993 0.015 -0.076 0.085 0.718 0.000 -0.695 0.039 0.965 0.000 -0.025 -0.260 0.782 -0.000 -0.619 -0.073 0.989 0.000 -0.069 -0.132 0.682 0.000 -0.535 -0.499 0.775 0.000 -0.529 0.345 0.702 0.000 -0.711 -0.053 0.991 0.000 -0.013 0.130 
0.993 0.014 -0.081 0.086 0.714 0.000 -0.699 0.043 0.965 0.000 -0.024 -0.261 0.785 0.000 -0.615 -0.071 0.989 0.000 -0.068 -0.130 0.681 0.000 -0.523 -0.512 0.766 0.000 -0.552 0.331 0.703 0.000 -0.709 -0.053 0.991 0.000 -0.007 0.134 
0.992 0.013 -0.087 0.086 0.709 0.000 -0.703 0.046 0.965 0.000 -0.024 -0.262 0.789 0.000 -0.610 -0.070 0.989 0.000 -0.068 -0.129 0.680 0.000 -0.510 -0.526 0.755 0.000 -0.575 0.313 0.704 0.000 -0.708 -0.055 0.990 -0.000 0.001 0.139 
0.992 0.012 -0.093 0.087 0.705 0.000 -0.707 0.050 0.964 -0.000 -0.024 -0.263 0.793 0.000 -0.606 -0.068 0.989 0.000 -0.068 -0.129 0.680 0.000 -0.498 -0.539 0.747 0.000 -0.596 0.295 0.705 0.000 -0.707 -0.056 0.990 0.000 0.012 0.142 
0.991 0.011 -0.099 0.087 0.701 0.000 -0.711 0.053 0.964 -0.000 -0.024 -0.264 0.797 0.000 -0.601 -0.066 0.989 -0.000 -0.068 -0.128 0.678 0.000 -0.484 -0.553 0.738 0.000 -0.616 0.276 0.705 0.000 -0.707 -0.056 0.989 0.000 0.023 0.146 
0.991 0.010 -0.105 0.087 0.697 0.000 -0.715 0.056 0.963 0.000 -0.025 -0.267 0.800 0.000 -0.596 -0.064 0.990 0.000 -0.067 -0.128 0.677 0.000 -0.470 -0.566 0.730 0.000 -0.634 0.255 0.704 0.000 -0.708 -0.055 0.988 0.000 0.038 0.147 
0.990 0.009 -0.110 0.088 0.693 0.000 -0.718 0.060 0.963 -0.000 -0.025 -0.268 0.804 0.000 -0.592 -0.062 0.989 -0.000 -0.068 -0.128 0.676 -0.000 -0.457 -0.578 0.723 0.000 -0.650 0.235 0.702 0.000 -0.710 -0.054 0.987 0.000 0.056 0.149 
0.989 0.008 -0.116 0.087 0.689 -0.000 -0.722 0.064 0.963 0.000 -0.026 -0.269 0.807 0.000 -0.587 -0.060 0.989 -0.000 -0.067 -0.129 0.675 -0.000 -0.444 -0.590 0.717 0.000 -0.663 0.214 0.701 0.000 -0.711 -0.054 0.986 0.000 0.069 0.151 
0.989 0.008 -0.121 0.087 0.685 0.000 -0.725 0.067 0.962 0.000 -0.027 -0.271 0.811 0.000 -0.583 -0.058 0.990 0.000 -0.067 -0.128 0.674 0.000 -0.430 -0.601 0.712 0.000 -0.675 0.193 0.701 -0.000 -0.711 -0.052 0.985 0.000 0.080 0.151 
0.988 0.008 -0.126 0.086 0.682 -0.000 -0.728 0.069 0.962 -0.000 -0.027 -0.271 0.814 0.000 -0.578 -0.056 0.989 -0.000 -0.067 -0.129 0.673 0.000 -0.416 -0.612 0.707 0.000 -0.686 0.172 0.701 0.000 -0.711 -0.050 0.985 0.000 0.091 0.149 
0.988 0.007 -0.132 0.086 0.679 0.000 -0.731 0.071 0.962 0.000 -0.028 -0.272 0.817 -0.000 -0.574 -0.055 0.989 0.000 -0.068 -0.130 0.672 0.000 -0.402 -0.622 0.703 -0.000 -0.695 0.151 0.702 0.000 -0.710 -0.047 0.984 0.000 0.098 0.146 
0.987 0.007 -0.136 0.085 0.676 -0.000 -0.733 0.073 0.961 0.000 -0.028 -0.274 0.820 0.000 -0.570 -0.053 0.989 0.000 -0.069 -0.130 0.671 0.000 -0.387 -0.633 0.699 -0.000 -0.703 0.131 0.704 0.000 -0.709 -0.044 0.984 0.000 0.103 0.143 
0.987 0.007 -0.140 0.083 0.673 0.000 -0.736 0.075 0.961 0.000 -0.029 -0.274 0.823 0.000 -0.566 -0.052 0.989 0.000 -0.069 -0.130 0.670 0.000 -0.374 -0.642 0.696 0.000 -0.709 0.112 0.707 0.000 -0.707 -0.041 0.985 -0.000 0.106 0.138 
0.986 0.007 -0.145 0.083 0.670 0.000 -0.738 0.076 0.961 0.000 -0.029 -0.274 0.826 0.000 -0.562 -0.051 0.989 0.000 -0.069 -0.131 0.669 -0.000 -0.360 -0.650 0.694 0.000 -0.714 0.093 0.709 0.000 -0.704 -0.041 0.985 0.000 0.107 0.138 
0.985 0.007 -0.149 0.082 0.667 0.000 -0.741 0.077 0.961 -0.000 -0.029 -0.275 0.828 0.000 -0.558 -0.050 0.989 0.000 -0.069 -0.132 0.669 0.000 -0.345 -0.658 0.693 0.000 -0.718 0.073 0.713 -0.000 -0.700 -0.041 0.985 0.000 0.107 0.139 
0.985 0.007 -0.153 0.082 0.664 0.000 -0.743 0.079 0.961 0.000 -0.029 -0.275 0.831 -0.000 -0.554 -0.049 0.989 0.000 -0.069 -0.131 0.669 -0.000 -0.334 -0.664 0.693 0.000 -0.719 0.057 0.716 0.000 -0.697 -0.041 0.984 -0.000 0.107 0.140 
0.984 0.007 -0.157 0.080 0.662 0.000 -0.745 0.080 0.961 0.000 -0.030 -0.275 0.833 0.000 -0.551 -0.047 0.989 -0.000 -0.070 -0.132 0.668 0.000 -0.322 -0.671 0.694 0.000 -0.719 0.039 0.719 -0.000 -0.694 -0.039 0.984 0.000 0.108 0.138 
0.984 0.008 -0.161 0.080 0.660 0.000 -0.747 0.082 0.961 0.000 -0.030 -0.274 0.836 0.000 -0.547 -0.047 0.989 0.000 -0.070 -0.132 0.668 0.000 -0.312 -0.676 0.695 -0.000 -0.718 0.026 0.721 0.000 -0.692 -0.039 0.984 0.000 0.110 0.137 
0.983 0.008 -0.164 0.079 0.658 0.000 -0.749 0.082 0.961 0.000 -0.029 -0.275 0.837 -0.000 -0.545 -0.047 0.989 0.000 -0.070 -0.132 0.668 0.000 -0.302 -0.681 0.698 0.000 -0.716 0.012 0.723 0.000 -0.689 -0.039 0.984 0.000 0.110 0.138 
0.983 0.009 -0.167 0.078 0.656 0.000 -0.750 0.083 0.961 0.000 -0.029 -0.274 0.839 0.000 -0.542 -0.046 0.989 0.000 -0.070 -0.132 0.667 0.000 -0.290 -0.686 0.700 -0.000 -0.714 -0.001 0.726 -0.000 -0.687 -0.039 0.984 0.000 0.110 0.137 
0.982 0.009 -0.170 0.077 0.654 0.000 -0.752 0.084 0.961 0.000 -0.028 -0.274 0.841 -0.000 -0.539 -0.046 0.989 -0.000 -0.070 -0.132 0.667 0.000 -0.281 -0.690 0.703 0.000 -0.711 -0.013 0.728 0.000 -0.685 -0.040 0.984 -0.000 0.110 0.138 
0.982 0.010 -0.172 0.076 0.653 0.000 -0.753 0.083 0.962 -0.000 -0.028 -0.272 0.842 0.000 -0.537 -0.046 0.989 0.000 -0.070 -0.132 0.667 -0.000 -0.272 -0.694 0.707 0.000 -0.707 -0.024 0.730 -0.000 -0.683 -0.041 0.984 0.000 0.110 0.139 
0.981 0.010 -0.175 0.078 0.651 0.000 -0.754 0.086 0.962 -0.000 -0.028 -0.272 0.844 0.000 -0.535 -0.045 0.989 -0.000 -0.070 -0.132 0.668 0.000 -0.269 -0.694 0.713 0.000 -0.701 -0.029 0.732 -0.000 -0.680 -0.039 0.984 0.000 0.110 0.138 
0.981 0.011 -0.177 0.076 0.650 0.000 -0.755 0.085 0.962 0.000 -0.028 -0.270 0.845 0.000 -0.533 -0.044 0.989 0.000 -0.070 -0.132 0.667 -0.000 -0.261 -0.698 0.717 0.000 -0.696 -0.037 0.733 0.000 -0.679 -0.041 0.984 -0.000 0.110 0.140 
0.981 0.011 -0.179 0.075 0.649 -0.000 -0.756 0.085 0.963 -0.000 -0.028 -0.269 0.846 0.000 -0.532 -0.045 0.989 0.000 -0.070 -0.132 0.666 0.000 -0.254 -0.701 0.722 -0.000 -0.690 -0.044 0.734 0.000 -0.677 -0.042 0.984 -0.000 0.109 0.140 
0.981 0.013 -0.180 0.074 0.649 0.000 -0.756 0.084 0.963 0.000 -0.028 -0.268 0.847 -0.000 -0.531 -0.045 0.989 0.000 -0.069 -0.132 0.666 0.000 -0.247 -0.704 0.727 0.000 -0.685 -0.050 0.735 0.000 -0.676 -0.042 0.984 0.000 0.109 0.141 
0.981 0.013 -0.181 0.073 0.649 0.000 -0.756 0.083 0.963 0.000 -0.028 -0.267 0.847 -0.000 -0.530 -0.045 0.989 0.000 -0.068 -0.132 0.665 0.000 -0.242 -0.707 0.733 0.000 -0.679 -0.053 0.736 0.000 -0.675 -0.043 0.984 -0.000 0.108 0.142 
0.981 0.014 -0.182 0.072 0.649 0.000 -0.756 0.082 0.964 -0.000 -0.028 -0.265 0.847 0.000 -0.529 -0.045 0.989 0.000 -0.068 -0.132 0.664 -0.000 -0.236 -0.709 0.738 0.000 -0.673 -0.056 0.737 -0.000 -0.674 -0.044 0.984 0.000 0.107 0.143 
0.981 0.015 -0.182 0.071 0.649 0.000 -0.756 0.082 0.964 0.000 -0.028 -0.264 0.848 -0.000 -0.529 -0.045 0.989 0.000 -0.068 -0.131 0.663 0.000 -0.233 -0.711 0.744 0.000 -0.665 -0.055 0.738 0.000 -0.673 -0.045 0.984 0.000 0.107 0.144 
0.981 0.016 -0.182 0.070 0.650 0.000 -0.756 0.081 0.965 -0.000 -0.029 -0.262 0.848 0.000 -0.528 -0.045 0.989 -0.000 -0.067 -0.131 0.663 0.000 -0.229 -0.713 0.750 0.000 -0.659 -0.055 0.738 -0.000 -0.673 -0.045 0.984 0.000 0.107 0.144 
0.981 0.016 -0.183 0.069 0.650 0.000 -0.755 0.081 0.965 0.000 -0.029 -0.261 0.848 0.000 -0.528 -0.046 0.989 0.000 -0.067 -0.131 0.662 0.000 -0.226 -0.715 0.755 0.000 -0.653 -0.057 0.739 0.000 -0.673 -0.045 0.984 -0.000 0.106 0.145 
0.981 0.017 -0.183 0.069 0.650 0.000 -0.756 0.080 0.965 0.000 -0.028 -0.259 0.848 0.000 -0.528 -0.046 0.989 0.000 -0.067 -0.131 0.661 0.000 -0.225 -0.716 0.761 0.000 -0.646 -0.056 0.739 -0.000 -0.672 -0.045 0.984 0.000 0.107 0.146 
0.981 0.018 -0.183 0.068 0.651 0.000 -0.755 0.079 0.966 -0.000 -0.029 -0.258 0.848 -0.000 -0.528 -0.046 0.989 0.000 -0.066 -0.130 0.660 0.000 -0.223 -0.717 0.766 -0.000 -0.640 -0.054 0.739 0.000 -0.672 -0.044 0.984 0.000 0.107 0.146 
0.981 0.018 -0.183 0.067 0.651 0.000 -0.755 0.079 0.966 -0.000 -0.029 -0.257 0.848 -0.000 -0.529 -0.046 0.989 -0.000 -0.066 -0.129 0.659 0.000 -0.223 -0.718 0.772 0.000 -0.634 -0.052 0.739 0.000 -0.672 -0.043 0.984 0.000 0.107 0.145 
0.981 0.019 -0.182 0.067 0.652 0.000 -0.754 0.079 0.966 0.000 -0.030 -0.257 0.847 0.000 -0.529 -0.046 0.989 0.000 -0.066 -0.130 0.658 0.000 -0.222 -0.719 0.777 -0.000 -0.628 -0.049 0.739 0.000 -0.672 -0.042 0.984 -0.000 0.107 0.144 
0.981 0.019 -0.182 0.066 0.653 0.000 -0.754 0.079 0.966 0.000 -0.030 -0.256 0.847 0.000 -0.529 -0.047 0.990 0.000 -0.066 -0.129 0.658 0.000 -0.222 -0.720 0.782 -0.000 -0.621 -0.045 0.739 0.000 -0.672 -0.040 0.984 -0.000 0.107 0.143 
0.981 0.020 -0.181 0.066 0.654 0.000 -0.753 0.079 0.966 0.000 -0.032 -0.256 0.847 0.000 -0.530 -0.047 0.989 0.000 -0.065 -0.129 0.657 0.000 -0.222 -0.721 0.786 0.000 -0.616 -0.043 0.739 0.000 -0.672 -0.039 0.984 0.000 0.107 0.143 
0.981 0.020 -0.181 0.065 0.654 0.000 -0.753 0.079 0.966 0.000 -0.031 -0.256 0.846 0.000 -0.530 -0.047 0.989 0.000 -0.065 -0.129 0.656 0.000 -0.223 -0.721 0.791 0.000 -0.611 -0.039 0.739 0.000 -0.673 -0.038 0.984 0.000 0.107 0.143 
0.981 0.021 -0.180 0.066 0.655 0.000 -0.752 0.079 0.966 0.000 -0.031 -0.256 0.846 0.000 -0.531 -0.048 0.989 0.000 -0.066 -0.129 0.657 -0.000 -0.223 -0.720 0.794 -0.000 -0.607 -0.036 0.738 0.000 -0.674 -0.038 0.984 0.000 0.108 0.143 
0.981 0.021 -0.179 0.066 0.655 0.000 -0.751 0.079 0.966 0.000 -0.031 -0.257 0.845 0.000 -0.532 -0.048 0.989 0.000 -0.066 -0.129 0.656 0.000 -0.225 -0.721 0.797 0.000 -0.602 -0.035 0.737 -0.000 -0.675 -0.035 0.984 0.000 0.109 0.141 
0.982 0.022 -0.178 0.066 0.656 0.000 -0.751 0.079 0.966 -0.000 -0.031 -0.256 0.845 0.000 -0.533 -0.049 0.989 -0.000 -0.066 -0.129 0.656 0.000 -0.226 -0.720 0.801 0.000 -0.598 -0.032 0.737 -0.000 -0.675 -0.034 0.984 -0.000 0.109 0.140 
0.982 0.022 -0.177 0.066 0.657 0.000 -0.750 0.079 0.966 0.000 -0.032 -0.257 0.844 -0.000 -0.534 -0.049 0.989 0.000 -0.067 -0.129 0.656 0.000 -0.228 -0.720 0.803 0.000 -0.595 -0.030 0.736 0.000 -0.676 -0.033 0.984 0.000 0.110 0.140 
0.982 0.022 -0.176 0.067 0.657 0.000 -0.750 0.080 0.966 0.000 -0.031 -0.257 0.844 0.000 -0.534 -0.049 0.989 0.000 -0.066 -0.129 0.656 0.000 -0.230 -0.719 0.805 0.000 -0.592 -0.026 0.736 0.000 -0.676 -0.031 0.984 -0.000 0.110 0.140 
0.982 0.023 -0.175 0.067 0.658 0.000 -0.749 0.080 0.966 0.000 -0.031 -0.257 0.843 0.000 -0.535 -0.050 0.989 -0.000 -0.067 -0.130 0.655 0.000 -0.232 -0.719 0.807 0.000 -0.589 -0.023 0.736 0.000 -0.677 -0.029 0.984 -0.000 0.110 0.140 
0.982 0.023 -0.174 0.067 0.659 0.000 -0.748 0.080 0.966 0.000 -0.032 -0.257 0.842 0.000 -0.536 -0.050 0.989 0.000 -0.067 -0.130 0.655 0.000 -0.234 -0.719 0.809 -0.000 -0.587 -0.020 0.735 0.000 -0.678 -0.027 0.984 0.000 0.111 0.139 
0.982 0.024 -0.172 0.066 0.660 0.000 -0.747 0.079 0.966 -0.000 -0.032 -0.257 0.842 0.000 -0.537 -0.051 0.989 0.000 -0.067 -0.130 0.655 0.000 -0.234 -0.719 0.810 0.000 -0.586 -0.018 0.734 0.000 -0.678 -0.027 0.984 0.000 0.111 0.139 
0.983 0.025 -0.171 0.067 0.661 0.000 -0.746 0.079 0.966 0.000 -0.032 -0.258 0.841 -0.000 -0.538 -0.051 0.989 0.000 -0.067 -0.130 0.654 0.000 -0.236 -0.718 0.811 0.000 -0.585 -0.014 0.734 0.000 -0.679 -0.025 0.984 0.000 0.110 0.138 
0.983 0.025 -0.170 0.067 0.661 0.000 -0.746 0.080 0.966 0.000 -0.032 -0.258 0.840 -0.000 -0.540 -0.052 0.989 -0.000 -0.067 -0.130 0.654 -0.000 -0.239 -0.718 0.812 0.000 -0.583 -0.010 0.733 -0.000 -0.680 -0.023 0.984 0.000 0.111 0.137 
0.983 0.025 -0.168 0.067 0.662 0.000 -0.745 0.080 0.966 0.000 -0.032 -0.258 0.840 -0.000 -0.541 -0.052 0.989 0.000 -0.068 -0.130 0.654 0.000 -0.241 -0.717 0.812 0.000 -0.583 -0.006 0.732 -0.000 -0.680 -0.021 0.984 0.000 0.111 0.137 
0.983 0.025 -0.167 0.067 0.663 0.000 -0.745 0.080 0.966 0.000 -0.031 -0.258 0.839 -0.000 -0.542 -0.052 0.989 0.000 -0.068 -0.131 0.653 0.000 -0.244 -0.717 0.813 0.000 -0.582 -0.001 0.732 0.000 -0.681 -0.019 0.984 0.000 0.111 0.137 
0.983 0.026 -0.166 0.068 0.663 0.000 -0.744 0.080 0.966 0.000 -0.031 -0.258 0.838 -0.000 -0.543 -0.052 0.989 0.000 -0.069 -0.132 0.653 0.000 -0.247 -0.716 0.813 0.000 -0.582 0.002 0.731 0.000 -0.682 -0.017 0.984 0.000 0.112 0.136 
0.984 0.026 -0.165 0.068 0.663 0.000 -0.744 0.081 0.966 -0.000 -0.031 -0.257 0.838 0.000 -0.544 -0.053 0.989 0.000 -0.069 -0.131 0.652 0.000 -0.250 -0.716 0.813 0.000 -0.582 0.006 0.731 0.000 -0.682 -0.015 0.984 0.000 0.112 0.136 
0.984 0.027 -0.163 0.069 0.664 0.000 -0.743 0.081 0.966 0.000 -0.031 -0.257 0.837 0.000 -0.544 -0.053 0.989 0.000 -0.070 -0.131 0.652 0.000 -0.253 -0.715 0.813 0.000 -0.582 0.010 0.730 0.000 -0.683 -0.013 0.984 -0.000 0.112 0.135 
0.984 0.027 -0.162 0.069 0.664 0.000 -0.743 0.081 0.966 0.000 -0.030 -0.257 0.837 0.000 -0.545 -0.053 0.989 0.000 -0.070 -0.132 0.651 0.000 -0.256 -0.714 0.813 0.000 -0.582 0.015 0.730 0.000 -0.683 -0.011 0.984 -0.000 0.113 0.135 
0.984 0.028 -0.161 0.070 0.665 0.000 -0.743 0.081 0.966 0.000 -0.030 -0.257 0.836 0.000 -0.546 -0.053 0.989 0.000 -0.071 -0.133 0.651 -0.000 -0.259 -0.714 0.813 0.000 -0.582 0.019 0.729 0.000 -0.684 -0.010 0.984 0.000 0.113 0.135 
0.984 0.028 -0.160 0.070 0.665 0.000 -0.743 0.081 0.966 0.000 -0.029 -0.257 0.836 0.000 -0.546 -0.053 0.988 0.000 -0.072 -0.134 0.650 0.000 -0.261 -0.713 0.813 0.000 -0.582 0.023 0.729 0.000 -0.685 -0.007 0.984 0.000 0.114 0.135 
0.984 0.028 -0.159 0.071 0.665 0.000 -0.742 0.081 0.966 0.000 -0.030 -0.256 0.835 0.000 -0.547 -0.053 0.988 0.000 -0.072 -0.134 0.650 0.000 -0.263 -0.713 0.812 0.000 -0.582 0.024 0.729 0.000 -0.685 -0.005 0.984 -0.000 0.114 0.135 
0.984 0.029 -0.158 0.072 0.665 0.000 -0.742 0.080 0.966 0.000 -0.029 -0.256 0.835 0.000 -0.547 -0.054 0.988 0.000 -0.072 -0.133 0.651 0.000 -0.262 -0.712 0.811 0.000 -0.585 0.023 0.729 0.000 -0.685 -0.004 0.984 -0.000 0.114 0.135 
0.984 0.030 -0.158 0.072 0.665 0.000 -0.743 0.078 0.966 0.000 -0.028 -0.255 0.835 0.000 -0.547 -0.054 0.988 0.000 -0.073 -0.133 0.652 0.000 -0.260 -0.712 0.809 0.000 -0.588 0.021 0.729 0.000 -0.685 -0.003 0.984 -0.000 0.114 0.135 
0.984 0.030 -0.158 0.072 0.665 -0.000 -0.743 0.077 0.967 -0.000 -0.028 -0.254 0.835 0.000 -0.547 -0.054 0.988 0.000 -0.073 -0.133 0.653 0.000 -0.258 -0.712 0.806 -0.000 -0.591 0.017 0.730 0.000 -0.684 -0.001 0.984 -0.000 0.114 0.136 
0.984 0.031 -0.158 0.073 0.665 0.000 -0.743 0.076 0.967 0.000 -0.028 -0.254 0.836 0.000 -0.546 -0.055 0.988 0.000 -0.073 -0.133 0.653 0.000 -0.256 -0.712 0.804 0.000 -0.595 0.013 0.731 0.000 -0.683 -0.000 0.984 0.000 0.114 0.136 
0.984 0.032 -0.159 0.074 0.663 0.000 -0.745 0.076 0.967 -0.000 -0.027 -0.254 0.836 0.000 -0.545 -0.056 0.988 0.000 -0.074 -0.133 0.655 0.000 -0.255 -0.712 0.801 0.000 -0.598 0.009 0.732 0.000 -0.682 -0.001 0.984 -0.000 0.114 0.137 
0.984 0.033 -0.160 0.074 0.662 0.000 -0.745 0.075 0.967 -0.000 -0.027 -0.254 0.837 0.000 -0.544 -0.056 0.988 -0.000 -0.074 -0.134 0.655 0.000 -0.255 -0.711 0.800 0.000 -0.601 0.005 0.733 0.000 -0.680 0.000 0.984 0.000 0.113 0.138 
0.984 0.033 -0.161 0.075 0.661 0.000 -0.746 0.075 0.967 0.000 -0.027 -0.254 0.838 0.000 -0.543 -0.056 0.988 0.000 -0.074 -0.134 0.655 0.000 -0.257 -0.710 0.799 -0.000 -0.602 0.004 0.734 0.000 -0.679 0.001 0.984 0.000 0.113 0.139 
0.983 0.034 -0.162 0.076 0.660 0.000 -0.748 0.075 0.967 0.000 -0.026 -0.254 0.839 0.000 -0.542 -0.056 0.988 0.000 -0.074 -0.133 0.656 -0.000 -0.260 -0.709 0.798 0.000 -0.603 0.003 0.736 -0.000 -0.677 0.003 0.984 0.000 0.113 0.139 
0.983 0.034 -0.163 0.077 0.659 -0.000 -0.749 0.074 0.967 0.000 -0.025 -0.254 0.839 0.000 -0.541 -0.056 0.988 -0.000 -0.075 -0.133 0.656 0.000 -0.264 -0.707 0.798 0.000 -0.603 0.003 0.737 0.000 -0.676 0.003 0.984 -0.000 0.113 0.141 
0.983 0.035 -0.164 0.078 0.658 0.000 -0.750 0.074 0.967 0.000 -0.024 -0.254 0.840 0.000 -0.540 -0.058 0.988 0.000 -0.075 -0.132 0.657 -0.000 -0.268 -0.705 0.797 -0.000 -0.604 0.002 0.739 0.000 -0.674 0.003 0.983 -0.000 0.113 0.142 
0.982 0.035 -0.165 0.080 0.657 0.000 -0.750 0.073 0.967 0.000 -0.023 -0.253 0.840 0.000 -0.539 -0.058 0.988 0.000 -0.075 -0.132 0.657 0.000 -0.272 -0.703 0.797 0.000 -0.604 0.002 0.740 -0.000 -0.673 0.004 0.983 0.000 0.113 0.143 
0.982 0.036 -0.166 0.081 0.656 0.000 -0.751 0.072 0.967 -0.000 -0.022 -0.253 0.841 0.000 -0.538 -0.060 0.989 0.000 -0.075 -0.130 0.658 0.000 -0.276 -0.700 0.796 0.000 -0.605 0.002 0.741 0.000 -0.671 0.004 0.983 0.000 0.113 0.145 
0.982 0.036 -0.166 0.083 0.655 0.000 -0.752 0.072 0.967 0.000 -0.020 -0.252 0.841 -0.000 -0.538 -0.061 0.989 -0.000 -0.076 -0.129 0.659 0.000 -0.281 -0.698 0.796 0.000 -0.605 0.002 0.742 0.000 -0.670 0.004 0.983 -0.000 0.113 0.146 
0.982 0.037 -0.166 0.085 0.654 0.000 -0.753 0.071 0.968 0.000 -0.019 -0.252 0.841 0.000 -0.537 -0.062 0.989 0.000 -0.076 -0.129 0.660 0.000 -0.284 -0.696 0.796 0.000 -0.605 0.002 0.743 -0.000 -0.669 0.005 0.983 0.000 0.114 0.147 
0.982 0.037 -0.166 0.087 0.654 -0.000 -0.753 0.070 0.968 0.000 -0.018 -0.251 0.842 0.000 -0.536 -0.063 0.989 0.000 -0.077 -0.127 0.660 0.000 -0.290 -0.693 0.796 0.000 -0.605 0.004 0.744 0.000 -0.668 0.004 0.982 0.000 0.114 0.149 
0.981 0.038 -0.167 0.089 0.653 -0.000 -0.754 0.070 0.968 0.000 -0.016 -0.251 0.842 0.000 -0.536 -0.064 0.989 0.000 -0.076 -0.127 0.661 0.000 -0.296 -0.690 0.797 0.000 -0.604 0.006 0.745 0.000 -0.667 0.005 0.982 0.000 0.114 0.149 
0.981 0.038 -0.166 0.090 0.652 -0.000 -0.755 0.069 0.968 0.000 -0.015 -0.249 0.842 0.000 -0.536 -0.066 0.989 0.000 -0.077 -0.126 0.661 0.000 -0.303 -0.687 0.798 0.000 -0.603 0.009 0.746 0.000 -0.666 0.007 0.982 0.000 0.115 0.149 
0.981 0.038 -0.166 0.092 0.651 0.000 -0.756 0.069 0.968 0.000 -0.014 -0.249 0.842 0.000 -0.535 -0.067 0.989 0.000 -0.077 -0.126 0.661 0.000 -0.310 -0.684 0.799 0.000 -0.601 0.013 0.747 0.000 -0.665 0.007 0.982 0.000 0.115 0.151 
0.981 0.039 -0.166 0.093 0.650 0.000 -0.756 0.069 0.969 -0.000 -0.012 -0.249 0.842 0.000 -0.535 -0.067 0.989 0.000 -0.078 -0.126 0.660 0.000 -0.318 -0.680 0.801 0.000 -0.598 0.017 0.748 0.000 -0.664 0.006 0.982 0.000 0.116 0.152 
0.981 0.039 -0.166 0.095 0.649 0.000 -0.757 0.069 0.969 0.000 -0.012 -0.248 0.842 0.000 -0.534 -0.069 0.989 0.000 -0.078 -0.125 0.660 0.000 -0.326 -0.677 0.803 0.000 -0.595 0.022 0.749 0.000 -0.663 0.006 0.981 0.000 0.116 0.153 
0.981 0.040 -0.165 0.096 0.649 0.000 -0.758 0.067 0.969 0.000 -0.011 -0.247 0.842 0.000 -0.535 -0.071 0.989 0.000 -0.078 -0.124 0.659 -0.000 -0.333 -0.674 0.805 -0.000 -0.592 0.026 0.749 0.000 -0.662 0.006 0.981 0.000 0.116 0.153 
0.981 0.041 -0.164 0.097 0.648 0.000 -0.758 0.066 0.969 0.000 -0.009 -0.245 0.842 0.000 -0.534 -0.072 0.989 0.000 -0.078 -0.125 0.658 -0.000 -0.342 -0.671 0.808 0.000 -0.588 0.033 0.750 0.000 -0.662 0.006 0.981 0.000 0.116 0.154 
0.981 0.041 -0.163 0.098 0.648 0.000 -0.759 0.065 0.970 -0.000 -0.008 -0.244 0.842 0.000 -0.534 -0.073 0.989 0.000 -0.079 -0.125 0.657 0.000 -0.351 -0.668 0.811 0.000 -0.583 0.041 0.750 -0.000 -0.661 0.005 0.981 0.000 0.115 0.156 
0.981 0.042 -0.162 0.099 0.648 0.000 -0.759 0.063 0.970 0.000 -0.008 -0.242 0.842 -0.000 -0.535 -0.074 0.989 0.000 -0.079 -0.124 0.655 0.000 -0.360 -0.664 0.815 -0.000 -0.578 0.048 0.750 0.000 -0.661 0.003 0.981 0.000 0.115 0.157 
0.981 0.043 -0.160 0.099 0.648 0.000 -0.759 0.062 0.971 0.000 -0.007 -0.240 0.841 0.000 -0.535 -0.075 0.989 0.000 -0.079 -0.124 0.653 0.000 -0.369 -0.661 0.818 -0.000 -0.572 0.057 0.750 0.000 -0.661 0.002 0.981 0.000 0.114 0.158 
0.981 0.044 -0.158 0.100 0.648 0.000 -0.759 0.060 0.971 0.000 -0.007 -0.239 0.841 -0.000 -0.536 -0.076 0.989 0.000 -0.079 -0.125 0.652 -0.000 -0.378 -0.658 0.822 0.000 -0.565 0.066 0.750 0.000 -0.662 0.000 0.981 0.000 0.114 0.159 
0.982 0.046 -0.156 0.100 0.648 0.000 -0.759 0.058 0.971 0.000 -0.006 -0.238 0.840 0.000 -0.538 -0.077 0.989 0.000 -0.078 -0.126 0.650 0.000 -0.387 -0.655 0.826 0.000 -0.558 0.075 0.749 0.000 -0.663 -0.003 0.981 0.000 0.113 0.160 
0.982 0.047 -0.153 0.100 0.649 0.000 -0.759 0.056 0.972 0.000 -0.007 -0.237 0.839 0.000 -0.539 -0.078 0.989 0.000 -0.078 -0.125 0.648 -0.000 -0.395 -0.652 0.830 -0.000 -0.551 0.085 0.748 0.000 -0.664 -0.006 0.981 -0.000 0.111 0.162 
0.983 0.049 -0.150 0.099 0.650 0.000 -0.758 0.056 0.972 0.000 -0.007 -0.237 0.837 0.000 -0.541 -0.079 0.989 0.000 -0.078 -0.127 0.646 -0.000 -0.402 -0.649 0.834 0.000 -0.544 0.095 0.747 0.000 -0.665 -0.010 0.980 0.000 0.110 0.164 
0.983 0.050 -0.147 0.099 0.651 0.000 -0.757 0.055 0.972 0.000 -0.008 -0.236 0.836 0.000 -0.543 -0.080 0.989 0.000 -0.077 -0.128 0.644 -0.000 -0.410 -0.646 0.837 -0.000 -0.536 0.104 0.746 -0.000 -0.666 -0.013 0.980 0.000 0.108 0.166 
0.983 0.052 -0.143 0.099 0.652 0.000 -0.756 0.055 0.971 0.000 -0.009 -0.238 0.835 0.000 -0.545 -0.081 0.989 0.000 -0.077 -0.129 0.642 0.000 -0.417 -0.643 0.841 0.000 -0.529 0.114 0.744 0.000 -0.668 -0.018 0.980 -0.000 0.107 0.169 
0.984 0.053 -0.140 0.098 0.653 0.000 -0.755 0.054 0.971 0.000 -0.010 -0.238 0.834 0.000 -0.546 -0.081 0.988 0.000 -0.077 -0.131 0.640 -0.000 -0.425 -0.641 0.845 -0.000 -0.520 0.124 0.743 0.000 -0.669 -0.021 0.980 0.000 0.106 0.170 
0.984 0.055 -0.137 0.099 0.654 0.000 -0.754 0.054 0.971 0.000 -0.012 -0.240 0.833 0.000 -0.548 -0.081 0.988 0.000 -0.078 -0.133 0.638 0.000 -0.433 -0.637 0.849 0.000 -0.512 0.134 0.741 0.000 -0.671 -0.026 0.979 -0.000 0.106 0.173 
0.984 0.056 -0.133 0.099 0.656 -0.000 -0.753 0.053 0.970 0.000 -0.013 -0.241 0.832 0.000 -0.549 -0.082 0.988 0.000 -0.079 -0.135 0.636 0.000 -0.441 -0.633 0.852 -0.000 -0.503 0.144 0.740 0.000 -0.672 -0.031 0.979 0.000 0.105 0.176 
0.985 0.057 -0.130 0.100 0.657 -0.000 -0.752 0.054 0.970 -0.000 -0.015 -0.243 0.831 0.000 -0.551 -0.082 0.987 0.000 -0.079 -0.136 0.634 0.000 -0.451 -0.628 0.857 -0.000 -0.492 0.154 0.738 0.000 -0.674 -0.034 0.979 0.000 0.105 0.177 
0.985 0.059 -0.126 0.098 0.660 -0.000 -0.750 0.051 0.969 -0.000 -0.018 -0.245 0.829 0.000 -0.553 -0.083 0.987 0.000 -0.079 -0.138 0.632 0.000 -0.454 -0.628 0.859 0.000 -0.486 0.163 0.735 0.000 -0.677 -0.041 0.978 -0.000 0.105 0.180 
0.986 0.060 -0.123 0.097 0.662 0.000 -0.748 0.050 0.969 0.000 -0.020 -0.246 0.828 0.000 -0.554 -0.083 0.987 0.000 -0.080 -0.140 0.630 0.000 -0.461 -0.624 0.862 0.000 -0.477 0.172 0.733 0.000 -0.679 -0.046 0.977 0.000 0.104 0.184 
0.986 0.061 -0.119 0.097 0.664 0.000 -0.746 0.049 0.969 0.000 -0.022 -0.247 0.827 0.000 -0.556 -0.083 0.987 0.000 -0.081 -0.141 0.629 0.000 -0.470 -0.619 0.865 0.000 -0.468 0.181 0.731 0.000 -0.681 -0.050 0.977 0.000 0.105 0.187 
0.987 0.062 -0.116 0.097 0.665 -0.000 -0.745 0.047 0.969 0.000 -0.024 -0.247 0.826 0.000 -0.558 -0.083 0.986 0.000 -0.081 -0.142 0.628 0.000 -0.477 -0.615 0.868 0.000 -0.458 0.190 0.729 0.000 -0.682 -0.055 0.976 0.000 0.104 0.191 
0.987 0.062 -0.113 0.096 0.667 0.000 -0.743 0.046 0.968 -0.000 -0.025 -0.249 0.825 -0.000 -0.560 -0.083 0.986 0.000 -0.082 -0.144 0.627 0.000 -0.486 -0.610 0.871 0.000 -0.448 0.199 0.727 0.000 -0.684 -0.060 0.975 0.000 0.104 0.196 
0.987 0.062 -0.110 0.095 0.670 0.000 -0.741 0.044 0.968 -0.000 -0.027 -0.249 0.823 -0.000 -0.562 -0.083 0.986 0.000 -0.081 -0.145 0.625 0.000 -0.494 -0.604 0.874 0.000 -0.439 0.207 0.725 0.000 -0.686 -0.064 0.974 0.000 0.103 0.201 
0.988 0.062 -0.106 0.095 0.672 0.000 -0.740 0.042 0.968 0.000 -0.029 -0.249 0.822 0.000 -0.563 -0.083 0.986 0.000 -0.081 -0.146 0.623 0.000 -0.503 -0.599 0.878 0.000 -0.428 0.216 0.723 0.000 -0.687 -0.069 0.973 0.000 0.101 0.208 
0.988 0.062 -0.103 0.093 0.674 -0.000 -0.738 0.040 0.968 0.000 -0.030 -0.251 0.820 0.000 -0.566 -0.084 0.986 -0.000 -0.080 -0.145 0.622 0.000 -0.511 -0.593 0.880 0.000 -0.418 0.224 0.721 -0.000 -0.689 -0.075 0.971 0.000 0.099 0.216 
0.989 0.062 -0.100 0.092 0.675 0.000 -0.736 0.039 0.967 0.000 -0.032 -0.252 0.819 0.000 -0.568 -0.085 0.986 0.000 -0.080 -0.145 0.621 0.000 -0.519 -0.587 0.883 0.000 -0.408 0.232 0.720 0.000 -0.690 -0.079 0.970 -0.000 0.095 0.223 
0.989 0.062 -0.096 0.090 0.678 0.000 -0.734 0.036 0.967 0.000 -0.033 -0.253 0.817 0.000 -0.570 -0.085 0.986 0.000 -0.078 -0.147 0.619 0.000 -0.526 -0.583 0.885 0.000 -0.399 0.239 0.718 0.000 -0.691 -0.086 0.968 -0.000 0.091 0.233 
0.990 0.061 -0.093 0.090 0.680 0.000 -0.733 0.035 0.967 -0.000 -0.035 -0.253 0.815 0.000 -0.573 -0.086 0.986 0.000 -0.077 -0.146 0.619 0.000 -0.535 -0.576 0.888 0.000 -0.388 0.246 0.716 -0.000 -0.692 -0.092 0.966 0.000 0.088 0.243 
0.990 0.060 -0.090 0.089 0.682 0.000 -0.731 0.033 0.967 0.000 -0.035 -0.254 0.814 0.000 -0.575 -0.086 0.986 0.000 -0.076 -0.146 0.618 -0.000 -0.544 -0.568 0.891 0.000 -0.377 0.253 0.714 -0.000 -0.693 -0.097 0.964 -0.000 0.084 0.253 
0.991 0.060 -0.087 0.087 0.684 0.000 -0.729 0.031 0.966 0.000 -0.037 -0.255 0.812 0.000 -0.577 -0.087 0.986 0.000 -0.074 -0.146 0.617 0.000 -0.552 -0.562 0.894 0.000 -0.366 0.259 0.712 0.000 -0.695 -0.102 0.961 0.000 0.080 0.264 
0.991 0.059 -0.084 0.085 0.686 0.000 -0.727 0.030 0.966 0.000 -0.038 -0.257 0.810 0.000 -0.580 -0.087 0.986 0.000 -0.072 -0.147 0.616 0.000 -0.559 -0.555 0.897 -0.000 -0.355 0.265 0.711 -0.000 -0.695 -0.108 0.959 0.000 0.075 0.275 
0.992 0.059 -0.081 0.083 0.688 0.000 -0.725 0.027 0.965 0.000 -0.039 -0.258 0.809 0.000 -0.582 -0.087 0.987 -0.000 -0.070 -0.148 0.615 -0.000 -0.565 -0.550 0.899 0.000 -0.346 0.270 0.709 0.000 -0.696 -0.114 0.955 0.000 0.070 0.288 
0.992 0.058 -0.077 0.081 0.690 0.000 -0.723 0.027 0.965 0.000 -0.040 -0.260 0.807 0.000 -0.584 -0.088 0.987 0.000 -0.069 -0.148 0.615 0.000 -0.573 -0.541 0.901 0.000 -0.335 0.274 0.707 0.000 -0.697 -0.119 0.952 0.000 0.065 0.299 
0.992 0.058 -0.074 0.079 0.692 0.000 -0.722 0.026 0.964 0.000 -0.042 -0.262 0.805 0.000 -0.586 -0.087 0.986 0.000 -0.067 -0.149 0.615 0.000 -0.580 -0.534 0.904 0.000 -0.324 0.278 0.706 -0.000 -0.697 -0.124 0.949 0.000 0.059 0.310 
0.993 0.057 -0.071 0.077 0.694 -0.000 -0.720 0.024 0.964 -0.000 -0.043 -0.263 0.804 0.000 -0.589 -0.088 0.987 -0.000 -0.065 -0.149 0.615 -0.000 -0.587 -0.527 0.907 0.000 -0.314 0.282 0.704 0.000 -0.698 -0.129 0.946 0.000 0.052 0.321 
0.993 0.057 -0.068 0.075 0.696 0.000 -0.718 0.023 0.963 0.000 -0.045 -0.265 0.802 0.000 -0.591 -0.087 0.987 -0.000 -0.064 -0.151 0.615 0.000 -0.594 -0.519 0.909 0.000 -0.303 0.285 0.703 -0.000 -0.698 -0.134 0.942 0.000 0.045 0.332 
0.994 0.057 -0.065 0.073 0.698 0.000 -0.716 0.022 0.962 -0.000 -0.047 -0.268 0.800 -0.000 -0.594 -0.087 0.987 0.000 -0.062 -0.151 0.615 0.000 -0.600 -0.512 0.912 0.000 -0.293 0.287 0.702 0.000 -0.699 -0.139 0.939 0.000 0.037 0.343 
0.994 0.057 -0.062 0.070 0.700 0.000 -0.714 0.019 0.962 0.000 -0.049 -0.269 0.798 0.000 -0.596 -0.087 0.986 0.000 -0.060 -0.153 0.613 0.000 -0.606 -0.507 0.914 0.000 -0.283 0.291 0.701 0.000 -0.698 -0.146 0.935 0.000 0.026 0.354 
0.994 0.056 -0.059 0.068 0.702 0.000 -0.712 0.018 0.961 0.000 -0.050 -0.271 0.797 0.000 -0.598 -0.087 0.986 0.000 -0.059 -0.153 0.613 0.000 -0.611 -0.500 0.916 0.000 -0.273 0.293 0.700 0.000 -0.698 -0.151 0.932 0.000 0.017 0.363 
0.995 0.056 -0.057 0.066 0.704 0.000 -0.710 0.016 0.961 0.000 -0.052 -0.273 0.795 0.000 -0.600 -0.086 0.986 0.000 -0.057 -0.155 0.613 0.000 -0.617 -0.493 0.919 0.000 -0.263 0.294 0.699 0.000 -0.699 -0.152 0.929 -0.000 0.012 0.369 
0.995 0.055 -0.054 0.064 0.706 0.000 -0.708 0.014 0.960 0.000 -0.054 -0.274 0.794 0.000 -0.602 -0.086 0.986 0.000 -0.056 -0.156 0.613 0.000 -0.623 -0.485 0.921 0.000 -0.252 0.296 0.699 0.000 -0.698 -0.156 0.926 0.000 0.003 0.376 
0.995 0.055 -0.051 0.062 0.708 0.000 -0.706 0.012 0.960 0.000 -0.055 -0.276 0.792 0.000 -0.604 -0.085 0.986 0.000 -0.055 -0.157 0.613 0.000 -0.629 -0.479 0.924 0.000 -0.242 0.298 0.698 0.000 -0.698 -0.161 0.924 -0.000 -0.006 0.383 
0.995 0.055 -0.048 0.060 0.710 -0.000 -0.704 0.010 0.959 0.000 -0.057 -0.277 0.790 0.000 -0.607 -0.085 0.986 0.000 -0.054 -0.158 0.612 0.000 -0.634 -0.472 0.926 0.000 -0.231 0.300 0.698 0.000 -0.697 -0.165 0.921 -0.000 -0.016 0.389 
0.996 0.055 -0.046 0.058 0.712 0.000 -0.702 0.008 0.959 0.000 -0.059 -0.279 0.789 0.000 -0.609 -0.085 0.986 0.000 -0.053 -0.158 0.612 0.000 -0.639 -0.466 0.928 -0.000 -0.221 0.301 0.697 0.000 -0.697 -0.168 0.919 0.000 -0.025 0.394 
0.996 0.055 -0.042 0.057 0.715 0.000 -0.700 0.006 0.958 0.000 -0.060 -0.280 0.787 0.000 -0.611 -0.084 0.986 0.000 -0.052 -0.160 0.612 -0.000 -0.644 -0.459 0.930 -0.000 -0.210 0.301 0.697 0.000 -0.696 -0.173 0.916 0.000 -0.034 0.399 
0.996 0.055 -0.040 0.055 0.717 -0.000 -0.697 0.004 0.958 0.000 -0.062 -0.281 0.786 0.000 -0.613 -0.085 0.986 0.000 -0.051 -0.160 0.612 0.000 -0.648 -0.452 0.932 -0.000 -0.200 0.302 0.696 0.000 -0.696 -0.177 0.914 0.000 -0.043 0.403 
0.996 0.055 -0.037 0.054 0.718 0.000 -0.696 0.002 0.957 0.000 -0.064 -0.282 0.784 0.000 -0.615 -0.084 0.986 0.000 -0.050 -0.161 0.612 0.000 -0.654 -0.445 0.934 0.000 -0.189 0.302 0.695 0.000 -0.696 -0.181 0.912 0.000 -0.049 0.406 
0.996 0.055 -0.035 0.052 0.720 0.000 -0.694 0.000 0.957 0.000 -0.065 -0.283 0.782 0.000 -0.617 -0.083 0.985 -0.000 -0.050 -0.162 0.612 0.000 -0.658 -0.438 0.937 0.000 -0.179 0.301 0.694 0.000 -0.695 -0.186 0.910 0.000 -0.057 0.410 
0.997 0.055 -0.033 0.052 0.722 0.000 -0.692 -0.001 0.956 0.000 -0.066 -0.284 0.781 0.000 -0.619 -0.083 0.986 -0.000 -0.049 -0.162 0.612 -0.000 -0.663 -0.431 0.939 0.000 -0.169 0.301 0.693 0.000 -0.695 -0.191 0.909 0.000 -0.063 0.412 
0.997 0.055 -0.030 0.050 0.723 0.000 -0.691 -0.003 0.956 0.000 -0.068 -0.286 0.780 -0.000 -0.621 -0.083 0.986 0.000 -0.048 -0.162 0.612 0.000 -0.668 -0.424 0.941 0.000 -0.158 0.300 0.692 0.000 -0.695 -0.195 0.908 0.000 -0.068 0.414 
0.997 0.055 -0.029 0.049 0.724 0.000 -0.689 -0.004 0.955 0.000 -0.069 -0.287 0.778 0.000 -0.623 -0.082 0.986 0.000 -0.047 -0.163 0.611 -0.000 -0.673 -0.416 0.943 0.000 -0.147 0.298 0.690 0.000 -0.695 -0.201 0.906 0.000 -0.073 0.416 
0.997 0.055 -0.026 0.048 0.726 0.000 -0.688 -0.004 0.955 0.000 -0.070 -0.289 0.777 0.000 -0.624 -0.082 0.986 -0.000 -0.046 -0.163 0.611 0.000 -0.678 -0.408 0.945 -0.000 -0.136 0.296 0.689 0.000 -0.695 -0.207 0.905 0.000 -0.079 0.417 
0.997 0.054 -0.025 0.047 0.727 0.000 -0.687 -0.005 0.954 0.000 -0.072 -0.290 0.776 0.000 -0.626 -0.082 0.986 -0.000 -0.045 -0.163 0.611 0.000 -0.683 -0.401 0.947 0.000 -0.126 0.294 0.688 -0.000 -0.695 -0.212 0.905 0.000 -0.084 0.417 
0.997 0.054 -0.023 0.047 0.728 0.000 -0.685 -0.007 0.954 0.000 -0.074 -0.291 0.774 0.000 -0.628 -0.081 0.985 -0.000 -0.044 -0.164 0.611 0.000 -0.687 -0.394 0.949 0.000 -0.116 0.292 0.687 0.000 -0.694 -0.218 0.905 0.000 -0.089 0.417 
0.997 0.054 -0.021 0.045 0.730 0.000 -0.684 -0.007 0.954 0.000 -0.076 -0.291 0.773 0.000 -0.629 -0.080 0.985 0.000 -0.043 -0.164 0.611 0.000 -0.692 -0.385 0.951 -0.000 -0.105 0.290 0.686 0.000 -0.694 -0.221 0.905 -0.000 -0.092 0.415 
0.997 0.054 -0.019 0.045 0.731 0.000 -0.682 -0.008 0.953 0.000 -0.077 -0.293 0.772 0.000 -0.631 -0.080 0.986 0.000 -0.042 -0.164 0.611 0.000 -0.695 -0.379 0.953 0.000 -0.096 0.287 0.684 0.000 -0.693 -0.227 0.905 0.000 -0.097 0.413 
0.997 0.054 -0.017 0.043 0.733 0.000 -0.680 -0.009 0.953 0.000 -0.080 -0.293 0.770 0.000 -0.633 -0.079 0.986 -0.000 -0.041 -0.164 0.610 0.000 -0.700 -0.371 0.955 0.000 -0.085 0.285 0.684 -0.000 -0.693 -0.230 0.907 0.000 -0.100 0.410 
0.998 0.054 -0.015 0.042 0.734 0.000 -0.679 -0.010 0.953 0.000 -0.081 -0.293 0.769 0.000 -0.634 -0.079 0.985 0.000 -0.040 -0.165 0.611 0.000 -0.703 -0.364 0.956 0.000 -0.077 0.282 0.683 0.000 -0.692 -0.234 0.908 -0.000 -0.103 0.406 
0.998 0.053 -0.014 0.041 0.735 0.000 -0.678 -0.010 0.952 0.000 -0.083 -0.293 0.768 0.000 -0.636 -0.079 0.986 0.000 -0.039 -0.165 0.611 0.000 -0.707 -0.357 0.958 0.000 -0.068 0.279 0.682 -0.000 -0.692 -0.238 0.910 -0.000 -0.106 0.402 
0.998 0.053 -0.012 0.041 0.736 0.000 -0.677 -0.010 0.952 0.000 -0.084 -0.294 0.767 -0.000 -0.637 -0.078 0.986 -0.000 -0.038 -0.165 0.611 0.000 -0.710 -0.350 0.959 -0.000 -0.060 0.276 0.681 -0.000 -0.691 -0.242 0.911 0.000 -0.108 0.398 
0.998 0.053 -0.010 0.040 0.736 0.000 -0.677 -0.012 0.952 -0.000 -0.083 -0.295 0.766 0.000 -0.639 -0.078 0.986 0.000 -0.037 -0.165 0.611 0.000 -0.713 -0.343 0.961 0.000 -0.053 0.272 0.681 -0.000 -0.690 -0.245 0.913 0.000 -0.110 0.392 
0.998 0.053 -0.009 0.039 0.738 0.000 -0.675 -0.012 0.952 0.000 -0.087 -0.294 0.764 0.000 -0.640 -0.078 0.986 -0.000 -0.036 -0.165 0.612 0.000 -0.716 -0.337 0.962 0.000 -0.046 0.268 0.680 0.000 -0.690 -0.247 0.916 0.000 -0.111 0.385 
0.998 0.053 -0.008 0.038 0.739 0.000 -0.674 -0.012 0.952 0.000 -0.088 -0.294 0.763 0.000 -0.641 -0.077 0.986 0.000 -0.035 -0.166 0.612 0.000 -0.719 -0.329 0.964 0.000 -0.040 0.264 0.680 0.000 -0.690 -0.249 0.919 0.000 -0.111 0.379 
0.998 0.052 -0.006 0.037 0.739 0.000 -0.673 -0.013 0.952 0.000 -0.089 -0.294 0.763 0.000 -0.642 -0.076 0.985 0.000 -0.034 -0.166 0.613 -0.000 -0.721 -0.323 0.965 0.000 -0.035 0.260 0.679 0.000 -0.690 -0.251 0.921 0.000 -0.110 0.373 
0.998 0.052 -0.005 0.036 0.741 0.000 -0.672 -0.012 0.951 -0.000 -0.091 -0.294 0.762 0.000 -0.643 -0.076 0.985 0.000 -0.033 -0.166 0.614 0.000 -0.723 -0.317 0.966 0.000 -0.030 0.255 0.678 0.000 -0.690 -0.252 0.925 0.000 -0.108 0.365 
0.998 0.052 -0.004 0.036 0.741 0.000 -0.671 -0.013 0.952 -0.000 -0.092 -0.293 0.761 0.000 -0.644 -0.076 0.986 0.000 -0.033 -0.166 0.615 0.000 -0.725 -0.310 0.968 0.000 -0.026 0.251 0.678 0.000 -0.690 -0.254 0.928 0.000 -0.107 0.358 
0.998 0.052 -0.003 0.034 0.742 0.000 -0.671 -0.013 0.952 0.000 -0.093 -0.293 0.760 0.000 -0.645 -0.076 0.986 0.000 -0.031 -0.165 0.616 0.000 -0.726 -0.304 0.969 0.000 -0.022 0.247 0.677 -0.000 -0.691 -0.254 0.931 0.000 -0.103 0.349 
0.998 0.052 -0.002 0.033 0.742 0.000 -0.670 -0.013 0.952 0.000 -0.095 -0.290 0.760 0.000 -0.646 -0.076 0.986 0.000 -0.031 -0.165 0.617 0.000 -0.728 -0.299 0.970 0.000 -0.019 0.243 0.676 0.000 -0.691 -0.255 0.934 0.000 -0.102 0.341 
0.998 0.051 -0.001 0.033 0.743 0.000 -0.669 -0.014 0.952 0.000 -0.095 -0.291 0.759 0.000 -0.647 -0.076 0.986 -0.000 -0.030 -0.166 0.618 0.000 -0.729 -0.294 0.971 0.000 -0.016 0.240 0.676 -0.000 -0.692 -0.255 0.938 0.000 -0.100 0.332 
0.998 0.051 0.000 0.031 0.744 0.000 -0.668 -0.014 0.952 -0.000 -0.097 -0.290 0.758 -0.000 -0.647 -0.075 0.986 0.000 -0.028 -0.166 0.619 -0.000 -0.730 -0.289 0.971 0.000 -0.013 0.237 0.675 0.000 -0.692 -0.256 0.941 0.000 -0.097 0.323 
0.998 0.051 0.001 0.031 0.745 -0.000 -0.667 -0.014 0.952 0.000 -0.098 -0.289 0.758 -0.000 -0.648 -0.076 0.986 0.000 -0.027 -0.166 0.620 0.000 -0.731 -0.285 0.972 0.000 -0.010 0.234 0.675 0.000 -0.692 -0.258 0.944 0.000 -0.095 0.316 
0.998 0.051 0.002 0.030 0.746 0.000 -0.666 -0.016 0.953 0.000 -0.099 -0.286 0.757 0.000 -0.649 -0.075 0.986 0.000 -0.026 -0.166 0.620 0.000 -0.733 -0.280 0.973 0.000 -0.007 0.231 0.674 -0.000 -0.692 -0.257 0.947 -0.000 -0.093 0.306 
0.998 0.050 0.002 0.029 0.746 0.000 -0.665 -0.015 0.953 -0.000 -0.100 -0.285 0.757 -0.000 -0.650 -0.075 0.986 -0.000 -0.025 -0.165 0.621 -0.000 -0.734 -0.276 0.973 0.000 -0.004 0.229 0.674 -0.000 -0.692 -0.258 0.950 0.000 -0.087 0.300 
0.998 0.050 0.003 0.029 0.747 0.000 -0.665 -0.015 0.954 0.000 -0.100 -0.284 0.756 0.000 -0.650 -0.075 0.986 0.000 -0.024 -0.164 0.621 0.000 -0.735 -0.273 0.974 0.000 -0.002 0.227 0.673 0.000 -0.692 -0.259 0.952 0.000 -0.087 0.293 
0.998 0.050 0.004 0.029 0.747 0.000 -0.665 -0.016 0.955 -0.000 -0.099 -0.280 0.755 0.000 -0.651 -0.075 0.986 0.000 -0.024 -0.164 0.621 0.000 -0.736 -0.269 0.975 -0.000 0.001 0.224 0.673 0.000 -0.693 -0.259 0.954 0.000 -0.084 0.286 
0.998 0.050 0.004 0.029 0.748 0.000 -0.664 -0.015 0.955 0.000 -0.100 -0.279 0.755 0.000 -0.652 -0.076 0.986 0.000 -0.023 -0.163 0.622 0.000 -0.737 -0.266 0.975 0.000 0.003 0.223 0.673 0.000 -0.692 -0.261 0.956 0.000 -0.083 0.280 
0.998 0.049 0.005 0.028 0.748 0.000 -0.664 -0.016 0.956 -0.000 -0.099 -0.276 0.754 0.000 -0.652 -0.075 0.987 0.000 -0.022 -0.162 0.622 0.000 -0.738 -0.263 0.975 -0.000 0.005 0.221 0.672 0.000 -0.692 -0.261 0.959 -0.000 -0.080 0.273 
0.998 0.049 0.005 0.029 0.748 0.000 -0.663 -0.016 0.957 0.000 -0.098 -0.274 0.754 0.000 -0.653 -0.075 0.987 0.000 -0.022 -0.162 0.623 0.000 -0.738 -0.260 0.975 0.000 0.006 0.220 0.672 -0.000 -0.693 -0.262 0.960 0.000 -0.078 0.268 
0.998 0.049 0.005 0.029 0.749 0.000 -0.663 -0.015 0.957 0.000 -0.099 -0.273 0.753 0.000 -0.653 -0.075 0.987 -0.000 -0.021 -0.161 0.623 0.000 -0.739 -0.258 0.976 0.000 0.008 0.219 0.672 0.000 -0.693 -0.263 0.962 0.000 -0.076 0.262 
0.998 0.049 0.006 0.029 0.748 0.000 -0.663 -0.016 0.958 0.000 -0.096 -0.270 0.753 -0.000 -0.654 -0.075 0.987 0.000 -0.020 -0.161 0.623 -0.000 -0.739 -0.256 0.976 0.000 0.008 0.218 0.671 0.000 -0.693 -0.264 0.964 0.000 -0.073 0.257 
0.998 0.048 0.006 0.029 0.749 0.000 -0.663 -0.016 0.959 0.000 -0.095 -0.268 0.752 -0.000 -0.655 -0.075 0.987 0.000 -0.020 -0.160 0.623 0.000 -0.740 -0.254 0.976 -0.000 0.010 0.218 0.671 0.000 -0.693 -0.263 0.965 0.000 -0.071 0.253 
0.998 0.048 0.006 0.029 0.749 0.000 -0.663 -0.015 0.959 0.000 -0.094 -0.266 0.752 0.000 -0.655 -0.075 0.987 0.000 -0.020 -0.159 0.623 0.000 -0.740 -0.253 0.976 0.000 0.010 0.218 0.670 0.000 -0.694 -0.263 0.966 0.000 -0.069 0.250 
0.998 0.048 0.006 0.030 0.749 0.000 -0.663 -0.015 0.960 -0.000 -0.092 -0.263 0.752 0.000 -0.655 -0.075 0.987 -0.000 -0.020 -0.157 0.623 0.000 -0.740 -0.251 0.976 0.000 0.011 0.217 0.670 0.000 -0.694 -0.263 0.966 0.000 -0.068 0.248 
0.998 0.048 0.005 0.030 0.748 0.000 -0.663 -0.015 0.961 -0.000 -0.091 -0.261 0.751 0.000 -0.656 -0.074 0.987 0.000 -0.019 -0.157 0.623 0.000 -0.741 -0.250 0.976 -0.000 0.012 0.216 0.670 0.000 -0.695 -0.262 0.966 0.000 -0.067 0.248 
0.998 0.048 0.005 0.030 0.748 0.000 -0.663 -0.014 0.962 0.000 -0.091 -0.258 0.751 -0.000 -0.656 -0.073 0.988 -0.000 -0.019 -0.156 0.623 0.000 -0.742 -0.248 0.976 -0.000 0.013 0.216 0.671 -0.000 -0.695 -0.260 0.967 0.000 -0.068 0.247 
0.998 0.048 0.005 0.030 0.748 0.000 -0.664 -0.014 0.963 0.000 -0.090 -0.254 0.751 0.000 -0.656 -0.073 0.988 -0.000 -0.019 -0.156 0.623 0.000 -0.743 -0.245 0.977 0.000 0.014 0.214 0.671 0.000 -0.695 -0.258 0.967 -0.000 -0.067 0.246 
0.998 0.047 0.004 0.029 0.748 0.000 -0.664 -0.013 0.964 0.000 -0.089 -0.251 0.751 -0.000 -0.656 -0.072 0.988 0.000 -0.019 -0.154 0.622 -0.000 -0.744 -0.242 0.977 -0.000 0.016 0.213 0.672 0.000 -0.696 -0.254 0.967 -0.000 -0.066 0.244 
0.998 0.047 0.003 0.030 0.747 0.000 -0.664 -0.012 0.964 0.000 -0.087 -0.251 0.751 0.000 -0.656 -0.072 0.988 -0.000 -0.019 -0.154 0.622 -0.000 -0.746 -0.239 0.977 0.000 0.017 0.210 0.672 0.000 -0.697 -0.250 0.968 0.000 -0.063 0.241 
0.998 0.047 0.002 0.030 0.747 0.000 -0.665 -0.011 0.965 0.000 -0.087 -0.248 0.751 0.000 -0.656 -0.071 0.988 -0.000 -0.020 -0.152 0.622 0.000 -0.747 -0.236 0.978 0.000 0.019 0.208 0.672 0.000 -0.698 -0.246 0.969 0.000 -0.061 0.238 
0.998 0.047 0.002 0.030 0.747 0.000 -0.665 -0.010 0.966 0.000 -0.085 -0.245 0.751 0.000 -0.656 -0.071 0.988 -0.000 -0.020 -0.151 0.621 -0.000 -0.748 -0.234 0.978 0.000 0.020 0.207 0.672 0.000 -0.700 -0.242 0.970 0.000 -0.058 0.234 
0.998 0.046 0.001 0.031 0.747 0.000 -0.665 -0.010 0.967 0.000 -0.084 -0.242 0.751 -0.000 -0.656 -0.071 0.988 0.000 -0.020 -0.150 0.621 0.000 -0.749 -0.231 0.979 -0.000 0.021 0.205 0.672 0.000 -0.701 -0.237 0.972 -0.000 -0.054 0.230 
0.998 0.046 0.001 0.032 0.746 0.000 -0.666 -0.010 0.968 0.000 -0.082 -0.238 0.751 0.000 -0.656 -0.071 0.989 0.000 -0.021 -0.149 0.621 0.000 -0.750 -0.228 0.979 0.000 0.022 0.203 0.672 0.000 -0.703 -0.232 0.973 -0.000 -0.051 0.226 
0.998 0.046 0.001 0.033 0.746 0.000 -0.666 -0.008 0.969 0.000 -0.080 -0.236 0.751 0.000 -0.656 -0.071 0.989 0.000 -0.021 -0.146 0.621 0.000 -0.751 -0.225 0.979 0.000 0.024 0.201 0.673 0.000 -0.704 -0.228 0.974 0.000 -0.049 0.223 
0.998 0.046 0.000 0.034 0.746 0.000 -0.666 -0.008 0.970 0.000 -0.079 -0.232 0.751 0.000 -0.657 -0.071 0.989 -0.000 -0.022 -0.146 0.621 0.000 -0.752 -0.224 0.979 0.000 0.024 0.200 0.673 0.000 -0.705 -0.224 0.975 0.000 -0.047 0.219 
0.998 0.046 0.000 0.034 0.746 0.000 -0.666 -0.008 0.970 0.000 -0.079 -0.229 0.751 -0.000 -0.657 -0.070 0.989 0.000 -0.022 -0.145 0.621 0.000 -0.752 -0.221 0.980 0.000 0.026 0.198 0.673 0.000 -0.706 -0.220 0.975 0.000 -0.045 0.216 
0.998 0.046 -0.000 0.035 0.745 -0.000 -0.667 -0.006 0.971 -0.000 -0.076 -0.226 0.750 0.000 -0.657 -0.070 0.989 0.000 -0.023 -0.144 0.621 0.000 -0.753 -0.218 0.980 0.000 0.027 0.196 0.673 -0.000 -0.707 -0.217 0.976 0.000 -0.043 0.213 
0.998 0.046 0.000 0.036 0.745 0.000 -0.667 -0.005 0.972 0.000 -0.074 -0.225 0.750 0.000 -0.658 -0.070 0.989 0.000 -0.024 -0.143 0.621 0.000 -0.754 -0.214 0.981 0.000 0.029 0.193 0.673 0.000 -0.708 -0.214 0.977 -0.000 -0.041 0.210 
0.998 0.046 0.000 0.037 0.745 0.000 -0.667 -0.004 0.972 0.000 -0.072 -0.224 0.750 0.000 -0.658 -0.070 0.989 -0.000 -0.025 -0.142 0.622 0.000 -0.754 -0.211 0.981 0.000 0.030 0.191 0.673 0.000 -0.709 -0.212 0.977 0.000 -0.039 0.208 
0.998 0.046 0.000 0.038 0.746 0.000 -0.666 -0.003 0.973 0.000 -0.071 -0.221 0.749 0.000 -0.659 -0.070 0.990 0.000 -0.025 -0.141 0.622 0.000 -0.755 -0.208 0.982 0.000 0.032 0.188 0.673 0.000 -0.709 -0.211 0.978 0.000 -0.038 0.206 
0.998 0.046 0.001 0.038 0.746 0.000 -0.666 -0.002 0.973 0.000 -0.071 -0.218 0.748 -0.000 -0.659 -0.070 0.990 0.000 -0.026 -0.141 0.622 -0.000 -0.755 -0.205 0.982 0.000 0.034 0.185 0.672 0.000 -0.710 -0.210 0.978 0.000 -0.038 0.204 
0.998 0.047 0.001 0.039 0.747 -0.000 -0.665 -0.001 0.974 0.000 -0.071 -0.216 0.748 0.000 -0.660 -0.069 0.990 0.000 -0.027 -0.141 0.622 0.000 -0.756 -0.203 0.983 -0.000 0.037 0.182 0.672 0.000 -0.710 -0.209 0.979 -0.000 -0.038 0.203 
0.998 0.047 0.002 0.040 0.747 0.000 -0.665 0.001 0.974 0.000 -0.070 -0.214 0.748 0.000 -0.661 -0.069 0.990 0.000 -0.027 -0.141 0.623 0.000 -0.757 -0.199 0.983 0.000 0.039 0.178 0.672 0.000 -0.711 -0.208 0.979 0.000 -0.037 0.201 
0.998 0.047 0.002 0.040 0.747 0.000 -0.665 0.002 0.975 -0.000 -0.068 -0.212 0.747 0.000 -0.661 -0.069 0.990 -0.000 -0.027 -0.140 0.623 0.000 -0.757 -0.196 0.984 0.000 0.041 0.175 0.672 -0.000 -0.711 -0.206 0.979 -0.000 -0.036 0.200 
0.998 0.048 0.002 0.040 0.747 -0.000 -0.665 0.002 0.975 -0.000 -0.067 -0.210 0.747 0.000 -0.661 -0.069 0.990 0.000 -0.027 -0.140 0.623 0.000 -0.758 -0.193 0.984 0.000 0.043 0.172 0.672 0.000 -0.712 -0.205 0.980 -0.000 -0.036 0.198 
0.998 0.048 0.002 0.040 0.747 0.000 -0.665 0.004 0.976 -0.000 -0.067 -0.209 0.747 0.000 -0.662 -0.068 0.990 0.000 -0.028 -0.140 0.624 0.000 -0.758 -0.190 0.985 0.000 0.044 0.169 0.671 0.000 -0.713 -0.203 0.980 0.000 -0.035 0.196 
0.998 0.048 0.003 0.040 0.747 0.000 -0.665 0.005 0.976 0.000 -0.066 -0.208 0.746 0.000 -0.662 -0.068 0.990 0.000 -0.028 -0.140 0.624 0.000 -0.759 -0.188 0.985 0.000 0.046 0.166 0.671 0.000 -0.714 -0.201 0.981 -0.000 -0.033 0.193 
0.998 0.048 0.003 0.040 0.747 0.000 -0.665 0.006 0.976 -0.000 -0.065 -0.207 0.746 0.000 -0.662 -0.068 0.990 0.000 -0.028 -0.139 0.624 0.000 -0.759 -0.185 0.985 -0.000 0.047 0.163 0.671 0.000 -0.714 -0.199 0.981 -0.000 -0.032 0.191 
0.998 0.049 0.003 0.040 0.748 0.000 -0.664 0.006 0.977 0.000 -0.067 -0.204 0.746 0.000 -0.662 -0.068 0.990 -0.000 -0.027 -0.138 0.622 0.000 -0.762 -0.180 0.986 0.000 0.056 0.159 0.671 0.000 -0.715 -0.197 0.981 0.000 -0.030 0.189 
0.998 0.049 0.003 0.040 0.748 0.000 -0.664 0.007 0.977 0.000 -0.067 -0.203 0.746 0.000 -0.662 -0.069 0.990 -0.000 -0.027 -0.137 0.622 0.000 -0.763 -0.177 0.986 0.000 0.057 0.156 0.670 0.000 -0.716 -0.195 0.982 0.000 -0.029 0.187 
0.998 0.049 0.004 0.039 0.748 -0.000 -0.664 0.007 0.977 0.000 -0.067 -0.203 0.746 0.000 -0.662 -0.069 0.990 0.000 -0.027 -0.137 0.623 0.000 -0.763 -0.174 0.986 0.000 0.059 0.153 0.670 0.000 -0.717 -0.193 0.982 0.000 -0.027 0.186 
0.998 0.048 0.004 0.038 0.748 0.000 -0.664 0.008 0.977 0.000 -0.067 -0.201 0.746 0.000 -0.662 -0.069 0.990 0.000 -0.027 -0.137 0.623 0.000 -0.764 -0.171 0.987 0.000 0.061 0.151 0.670 0.000 -0.718 -0.190 0.983 0.000 -0.025 0.184 
0.998 0.048 0.004 0.038 0.748 0.000 -0.664 0.008 0.978 0.000 -0.068 -0.199 0.746 0.000 -0.662 -0.069 0.990 0.000 -0.026 -0.136 0.623 0.000 -0.764 -0.169 0.987 0.000 0.062 0.149 0.669 -0.000 -0.719 -0.188 0.983 0.000 -0.024 0.183 
0.998 0.048 0.004 0.037 0.748 0.000 -0.664 0.008 0.978 0.000 -0.068 -0.197 0.746 0.000 -0.662 -0.068 0.990 0.000 -0.025 -0.136 0.623 -0.000 -0.765 -0.167 0.987 -0.000 0.063 0.147 0.669 0.000 -0.720 -0.186 0.983 -0.000 -0.022 0.182 
0.998 0.048 0.004 0.036 0.748 0.000 -0.664 0.009 0.978 0.000 -0.068 -0.197 0.746 0.000 -0.662 -0.068 0.990 0.000 -0.025 -0.136 0.622 0.000 -0.765 -0.165 0.987 0.000 0.063 0.147 0.668 0.000 -0.721 -0.184 0.983 0.000 -0.020 0.182 
0.998 0.047 0.005 0.035 0.748 0.000 -0.663 0.009 0.978 -0.000 -0.068 -0.195 0.746 0.000 -0.663 -0.069 0.991 0.000 -0.024 -0.135 0.622 0.000 -0.765 -0.164 0.987 0.000 0.064 0.147 0.667 -0.000 -0.723 -0.182 0.983 0.000 -0.018 0.181 
