# T   LUA LFA RUA RFA LT  LS  RT  RS  
0.975 -0.046 -0.032 0.214 0.761 0.000 -0.645 0.073 0.966 0.000 -0.169 -0.198 0.763 0.000 -0.644 0.063 0.989 0.000 -0.048 -0.139 0.648 0.000 -0.762 -0.012 0.986 0.000 0.018 0.164 0.693 0.000 -0.721 0.005 0.987 0.000 0.014 0.162 
0.975 -0.045 -0.032 0.213 0.761 0.000 -0.644 0.073 0.966 0.000 -0.169 -0.198 0.763 0.000 -0.643 0.064 0.989 0.000 -0.050 -0.139 0.648 0.000 -0.761 -0.014 0.986 0.000 0.018 0.165 0.693 0.000 -0.721 0.003 0.987 0.000 0.013 0.163 
0.975 -0.044 -0.033 0.213 0.761 -0.000 -0.644 0.073 0.966 0.000 -0.168 -0.198 0.763 0.000 -0.644 0.064 0.989 0.000 -0.049 -0.139 0.648 -0.000 -0.761 -0.017 0.986 0.000 0.017 0.167 0.693 0.000 -0.721 0.001 0.986 0.000 0.013 0.164 
0.976 -0.044 -0.033 0.213 0.762 -0.000 -0.644 0.073 0.966 0.000 -0.168 -0.197 0.762 0.000 -0.644 0.065 0.989 0.000 -0.049 -0.140 0.648 0.000 -0.761 -0.021 0.985 0.000 0.017 0.169 0.693 0.000 -0.721 -0.001 0.986 -0.000 0.012 0.164 
0.976 -0.043 -0.033 0.212 0.762 0.000 -0.644 0.075 0.966 0.000 -0.168 -0.198 0.762 -0.000 -0.644 0.065 0.989 0.000 -0.049 -0.139 0.648 0.000 -0.761 -0.024 0.985 0.000 0.016 0.172 0.693 -0.000 -0.721 -0.002 0.986 0.000 0.011 0.165 
0.976 -0.042 -0.034 0.212 0.762 0.000 -0.643 0.075 0.966 -0.000 -0.168 -0.198 0.762 0.000 -0.644 0.065 0.989 0.000 -0.049 -0.139 0.648 0.000 -0.761 -0.028 0.985 0.000 0.015 0.174 0.693 0.000 -0.721 -0.004 0.986 0.000 0.011 0.165 
0.976 -0.041 -0.035 0.212 0.762 0.000 -0.643 0.075 0.966 0.000 -0.168 -0.198 0.762 -0.000 -0.644 0.065 0.989 0.000 -0.049 -0.139 0.648 0.000 -0.761 -0.032 0.984 0.000 0.014 0.177 0.693 -0.000 -0.721 -0.007 0.986 0.000 0.010 0.166 
0.976 -0.041 -0.035 0.212 0.762 -0.000 -0.643 0.075 0.966 0.000 -0.167 -0.198 0.762 -0.000 -0.645 0.064 0.989 0.000 -0.049 -0.139 0.648 0.000 -0.761 -0.036 0.984 -0.000 0.013 0.180 0.693 0.000 -0.721 -0.009 0.986 0.000 0.009 0.167 
0.976 -0.040 -0.036 0.211 0.763 -0.000 -0.643 0.076 0.966 0.000 -0.167 -0.198 0.762 0.000 -0.645 0.065 0.989 0.000 -0.049 -0.139 0.648 0.000 -0.761 -0.041 0.983 -0.000 0.013 0.184 0.692 0.000 -0.721 -0.011 0.986 -0.000 0.009 0.167 
0.976 -0.039 -0.036 0.211 0.763 0.000 -0.642 0.076 0.966 0.000 -0.166 -0.198 0.762 0.000 -0.645 0.065 0.989 0.000 -0.049 -0.139 0.647 0.000 -0.761 -0.047 0.982 0.000 0.011 0.188 0.692 0.000 -0.721 -0.014 0.986 0.000 0.008 0.168 
0.976 -0.038 -0.037 0.211 0.763 0.000 -0.642 0.077 0.966 0.000 -0.166 -0.198 0.762 0.000 -0.645 0.065 0.989 -0.000 -0.049 -0.139 0.648 0.000 -0.760 -0.051 0.981 0.000 0.009 0.191 0.692 0.000 -0.721 -0.015 0.986 -0.000 0.008 0.168 
0.976 -0.037 -0.037 0.212 0.763 0.000 -0.642 0.078 0.966 0.000 -0.165 -0.199 0.762 -0.000 -0.645 0.065 0.989 0.000 -0.050 -0.139 0.648 0.000 -0.760 -0.057 0.981 0.000 0.007 0.196 0.692 0.000 -0.721 -0.018 0.986 0.000 0.007 0.169 
0.976 -0.036 -0.038 0.211 0.763 0.000 -0.641 0.078 0.966 0.000 -0.165 -0.199 0.762 0.000 -0.645 0.065 0.989 0.000 -0.050 -0.139 0.648 0.000 -0.759 -0.063 0.980 0.000 0.006 0.201 0.692 0.000 -0.721 -0.020 0.986 0.000 0.006 0.169 
0.976 -0.035 -0.038 0.212 0.763 0.000 -0.641 0.079 0.966 0.000 -0.165 -0.198 0.762 0.000 -0.645 0.065 0.989 0.000 -0.050 -0.139 0.648 -0.000 -0.759 -0.068 0.979 0.000 0.003 0.205 0.692 0.000 -0.722 -0.022 0.986 0.000 0.006 0.169 
0.976 -0.034 -0.039 0.211 0.764 0.000 -0.641 0.079 0.966 0.000 -0.164 -0.199 0.761 0.000 -0.645 0.065 0.989 0.000 -0.051 -0.139 0.648 0.000 -0.758 -0.076 0.978 0.000 0.001 0.211 0.692 0.000 -0.721 -0.025 0.986 0.000 0.005 0.169 
0.976 -0.033 -0.039 0.211 0.764 0.000 -0.641 0.079 0.966 0.000 -0.163 -0.199 0.762 0.000 -0.645 0.064 0.989 0.000 -0.051 -0.139 0.648 0.000 -0.757 -0.083 0.976 0.000 -0.002 0.216 0.692 0.000 -0.721 -0.028 0.986 0.000 0.004 0.170 
0.976 -0.032 -0.040 0.211 0.764 0.000 -0.641 0.080 0.966 0.000 -0.163 -0.200 0.761 0.000 -0.645 0.064 0.989 0.000 -0.050 -0.138 0.648 0.000 -0.756 -0.090 0.975 0.000 -0.005 0.222 0.693 0.000 -0.721 -0.029 0.986 0.000 0.003 0.169 
0.976 -0.031 -0.041 0.211 0.764 0.000 -0.641 0.080 0.966 0.000 -0.162 -0.199 0.762 0.000 -0.644 0.063 0.989 0.000 -0.051 -0.138 0.648 0.000 -0.755 -0.097 0.974 0.000 -0.009 0.227 0.693 -0.000 -0.720 -0.032 0.986 -0.000 0.001 0.169 
0.976 -0.030 -0.042 0.211 0.764 -0.000 -0.641 0.080 0.966 0.000 -0.162 -0.200 0.762 -0.000 -0.644 0.063 0.989 0.000 -0.051 -0.138 0.649 0.000 -0.754 -0.104 0.973 0.000 -0.013 0.232 0.693 0.000 -0.720 -0.034 0.985 -0.000 0.001 0.170 
0.976 -0.029 -0.043 0.211 0.763 0.000 -0.641 0.081 0.966 -0.000 -0.161 -0.200 0.762 0.000 -0.644 0.063 0.989 0.000 -0.051 -0.138 0.649 0.000 -0.753 -0.111 0.971 0.000 -0.017 0.238 0.693 0.000 -0.720 -0.036 0.986 0.000 0.000 0.169 
0.976 -0.028 -0.044 0.211 0.763 -0.000 -0.641 0.081 0.967 0.000 -0.161 -0.200 0.763 -0.000 -0.643 0.063 0.989 -0.000 -0.052 -0.138 0.649 0.000 -0.751 -0.119 0.969 0.000 -0.022 0.245 0.693 0.000 -0.720 -0.038 0.986 0.000 -0.000 0.169 
0.976 -0.028 -0.045 0.210 0.763 0.000 -0.642 0.081 0.967 0.000 -0.160 -0.200 0.764 -0.000 -0.642 0.063 0.989 0.000 -0.052 -0.138 0.649 0.000 -0.750 -0.127 0.968 0.000 -0.028 0.251 0.694 0.000 -0.719 -0.039 0.986 0.000 -0.001 0.169 
0.976 -0.027 -0.046 0.210 0.762 -0.000 -0.642 0.081 0.967 0.000 -0.159 -0.200 0.764 0.000 -0.642 0.062 0.989 0.000 -0.052 -0.137 0.650 0.000 -0.748 -0.136 0.965 0.000 -0.034 0.259 0.694 0.000 -0.719 -0.041 0.986 0.000 -0.002 0.169 
0.976 -0.026 -0.047 0.210 0.761 0.000 -0.643 0.080 0.967 -0.000 -0.158 -0.200 0.765 0.000 -0.641 0.061 0.989 0.000 -0.053 -0.136 0.650 0.000 -0.746 -0.146 0.963 0.000 -0.042 0.267 0.695 0.000 -0.718 -0.043 0.986 0.000 -0.003 0.169 
0.976 -0.026 -0.048 0.210 0.761 0.000 -0.644 0.081 0.967 0.000 -0.158 -0.200 0.766 0.000 -0.640 0.060 0.989 0.000 -0.053 -0.135 0.651 0.000 -0.743 -0.155 0.960 0.000 -0.049 0.275 0.695 0.000 -0.718 -0.044 0.986 0.000 -0.003 0.168 
0.976 -0.025 -0.049 0.209 0.761 0.000 -0.644 0.081 0.967 0.000 -0.158 -0.200 0.766 0.000 -0.640 0.059 0.989 0.000 -0.053 -0.136 0.651 0.000 -0.741 -0.165 0.957 -0.000 -0.057 0.283 0.695 0.000 -0.717 -0.046 0.986 0.000 -0.004 0.168 
0.976 -0.025 -0.050 0.209 0.760 0.000 -0.644 0.082 0.967 0.000 -0.157 -0.201 0.767 0.000 -0.639 0.059 0.989 0.000 -0.054 -0.136 0.652 0.000 -0.738 -0.176 0.954 0.000 -0.065 0.292 0.696 0.000 -0.717 -0.048 0.986 0.000 -0.005 0.168 
0.976 -0.024 -0.051 0.209 0.760 0.000 -0.645 0.082 0.967 0.000 -0.156 -0.201 0.768 0.000 -0.638 0.059 0.989 0.000 -0.054 -0.135 0.652 -0.000 -0.735 -0.187 0.951 0.000 -0.075 0.301 0.696 0.000 -0.716 -0.049 0.986 0.000 -0.006 0.168 
0.976 -0.024 -0.051 0.209 0.760 -0.000 -0.645 0.082 0.967 -0.000 -0.156 -0.201 0.769 0.000 -0.637 0.058 0.989 0.000 -0.055 -0.134 0.653 0.000 -0.731 -0.198 0.947 0.000 -0.084 0.311 0.696 0.000 -0.716 -0.050 0.986 -0.000 -0.006 0.168 
0.976 -0.024 -0.052 0.208 0.759 0.000 -0.646 0.083 0.967 -0.000 -0.155 -0.202 0.769 0.000 -0.636 0.058 0.989 0.000 -0.055 -0.134 0.653 0.000 -0.728 -0.209 0.943 0.000 -0.094 0.321 0.696 0.000 -0.716 -0.050 0.986 0.000 -0.006 0.168 
0.976 -0.024 -0.053 0.208 0.759 0.000 -0.646 0.084 0.967 0.000 -0.155 -0.203 0.770 0.000 -0.636 0.058 0.989 0.000 -0.055 -0.134 0.654 0.000 -0.724 -0.220 0.938 0.000 -0.104 0.330 0.697 0.000 -0.716 -0.051 0.986 0.000 -0.007 0.167 
0.976 -0.024 -0.054 0.208 0.758 0.000 -0.646 0.084 0.967 0.000 -0.154 -0.203 0.771 0.000 -0.634 0.058 0.989 0.000 -0.057 -0.134 0.654 -0.000 -0.720 -0.231 0.933 0.000 -0.116 0.341 0.697 0.000 -0.715 -0.051 0.986 0.000 -0.007 0.167 
0.976 -0.024 -0.055 0.208 0.758 0.000 -0.647 0.085 0.967 0.000 -0.154 -0.204 0.771 0.000 -0.634 0.058 0.989 0.000 -0.058 -0.134 0.655 0.000 -0.716 -0.243 0.928 0.000 -0.128 0.351 0.697 0.000 -0.715 -0.052 0.986 0.000 -0.008 0.167 
0.976 -0.024 -0.055 0.208 0.757 0.000 -0.647 0.086 0.967 -0.000 -0.153 -0.205 0.772 0.000 -0.633 0.059 0.989 0.000 -0.058 -0.134 0.655 0.000 -0.712 -0.254 0.922 0.000 -0.140 0.362 0.697 0.000 -0.715 -0.052 0.986 0.000 -0.008 0.167 
0.976 -0.024 -0.056 0.209 0.757 0.000 -0.648 0.087 0.967 0.000 -0.153 -0.206 0.773 0.000 -0.631 0.059 0.989 -0.000 -0.060 -0.134 0.655 0.000 -0.707 -0.265 0.915 0.000 -0.154 0.373 0.698 0.000 -0.714 -0.052 0.986 0.000 -0.009 0.167 
0.976 -0.024 -0.057 0.209 0.756 0.000 -0.649 0.089 0.967 -0.000 -0.152 -0.206 0.774 0.000 -0.630 0.059 0.989 0.000 -0.061 -0.133 0.655 0.000 -0.703 -0.276 0.908 -0.000 -0.168 0.384 0.699 0.000 -0.713 -0.052 0.986 0.000 -0.010 0.167 
0.976 -0.025 -0.058 0.210 0.755 0.000 -0.649 0.090 0.967 0.000 -0.151 -0.207 0.775 0.000 -0.629 0.059 0.989 0.000 -0.062 -0.133 0.655 0.000 -0.699 -0.288 0.900 0.000 -0.183 0.396 0.699 0.000 -0.713 -0.051 0.986 0.000 -0.010 0.167 
0.975 -0.025 -0.059 0.211 0.754 0.000 -0.650 0.091 0.967 0.000 -0.149 -0.208 0.776 0.000 -0.627 0.059 0.989 0.000 -0.064 -0.133 0.655 0.000 -0.694 -0.299 0.892 0.000 -0.198 0.407 0.700 0.000 -0.712 -0.051 0.986 0.000 -0.010 0.168 
0.975 -0.026 -0.060 0.212 0.754 0.000 -0.651 0.093 0.966 -0.000 -0.149 -0.210 0.777 -0.000 -0.626 0.059 0.989 0.000 -0.065 -0.132 0.654 0.000 -0.690 -0.310 0.883 0.000 -0.213 0.418 0.701 0.000 -0.712 -0.051 0.986 0.000 -0.010 0.168 
0.975 -0.027 -0.061 0.213 0.753 0.000 -0.652 0.095 0.966 -0.000 -0.147 -0.211 0.779 0.000 -0.624 0.058 0.989 0.000 -0.069 -0.130 0.653 0.000 -0.685 -0.322 0.874 0.000 -0.230 0.429 0.701 0.000 -0.711 -0.050 0.985 0.000 -0.010 0.169 
0.974 -0.028 -0.062 0.215 0.752 0.000 -0.652 0.097 0.966 0.000 -0.147 -0.212 0.780 0.000 -0.622 0.058 0.989 0.000 -0.070 -0.130 0.653 0.000 -0.680 -0.333 0.864 0.000 -0.249 0.438 0.702 0.000 -0.711 -0.050 0.985 0.000 -0.009 0.171 
0.974 -0.029 -0.063 0.216 0.750 0.000 -0.654 0.099 0.966 -0.000 -0.146 -0.214 0.782 -0.000 -0.621 0.058 0.989 0.000 -0.071 -0.129 0.652 0.000 -0.675 -0.344 0.854 0.000 -0.267 0.447 0.703 0.000 -0.710 -0.051 0.985 0.000 -0.009 0.173 
0.973 -0.030 -0.065 0.217 0.749 0.000 -0.655 0.100 0.966 0.000 -0.145 -0.215 0.783 0.000 -0.619 0.058 0.989 0.000 -0.072 -0.129 0.651 -0.000 -0.670 -0.357 0.843 0.000 -0.287 0.455 0.704 0.000 -0.709 -0.052 0.985 0.000 -0.009 0.175 
0.973 -0.031 -0.066 0.219 0.748 0.000 -0.656 0.102 0.966 0.000 -0.144 -0.217 0.785 0.000 -0.617 0.058 0.989 0.000 -0.074 -0.128 0.650 0.000 -0.665 -0.369 0.832 0.000 -0.306 0.463 0.705 0.000 -0.708 -0.052 0.984 0.000 -0.008 0.176 
0.972 -0.032 -0.068 0.221 0.746 0.000 -0.657 0.104 0.965 -0.000 -0.143 -0.218 0.786 0.000 -0.615 0.058 0.989 -0.000 -0.075 -0.128 0.648 0.000 -0.660 -0.380 0.821 0.000 -0.325 0.469 0.706 0.000 -0.707 -0.052 0.984 0.000 -0.007 0.178 
0.972 -0.033 -0.070 0.222 0.745 0.000 -0.659 0.107 0.965 -0.000 -0.142 -0.220 0.787 0.000 -0.614 0.058 0.989 0.000 -0.076 -0.127 0.647 -0.000 -0.654 -0.392 0.809 0.000 -0.346 0.474 0.707 0.000 -0.705 -0.052 0.984 0.000 -0.006 0.179 
0.971 -0.034 -0.072 0.224 0.743 0.000 -0.660 0.109 0.965 -0.000 -0.142 -0.222 0.789 -0.000 -0.612 0.059 0.989 -0.000 -0.077 -0.127 0.647 0.000 -0.647 -0.404 0.797 0.000 -0.370 0.477 0.708 -0.000 -0.704 -0.051 0.984 0.000 -0.005 0.180 
0.971 -0.035 -0.074 0.225 0.742 0.000 -0.662 0.112 0.964 0.000 -0.143 -0.224 0.790 0.000 -0.610 0.059 0.989 0.000 -0.079 -0.126 0.646 0.000 -0.640 -0.416 0.785 0.000 -0.393 0.479 0.710 0.000 -0.703 -0.050 0.984 0.000 -0.005 0.180 
0.970 -0.036 -0.077 0.226 0.740 0.000 -0.663 0.114 0.963 -0.000 -0.143 -0.227 0.792 0.000 -0.608 0.059 0.989 -0.000 -0.080 -0.125 0.645 0.000 -0.632 -0.429 0.772 -0.000 -0.417 0.479 0.711 0.000 -0.701 -0.050 0.984 0.000 -0.004 0.181 
0.970 -0.037 -0.079 0.228 0.738 0.000 -0.664 0.117 0.963 0.000 -0.144 -0.229 0.793 0.000 -0.606 0.059 0.989 0.000 -0.082 -0.124 0.645 0.000 -0.625 -0.441 0.760 0.000 -0.441 0.478 0.713 0.000 -0.700 -0.050 0.983 0.000 -0.003 0.181 
0.969 -0.038 -0.081 0.230 0.736 -0.000 -0.666 0.120 0.962 0.000 -0.145 -0.231 0.795 0.000 -0.604 0.058 0.989 -0.000 -0.082 -0.123 0.644 0.000 -0.617 -0.453 0.747 0.000 -0.465 0.474 0.715 0.000 -0.698 -0.048 0.984 -0.000 -0.002 0.180 
0.969 -0.039 -0.085 0.231 0.734 0.000 -0.668 0.122 0.961 0.000 -0.145 -0.234 0.797 0.000 -0.601 0.058 0.989 0.000 -0.083 -0.122 0.643 0.000 -0.608 -0.465 0.735 0.000 -0.491 0.469 0.716 -0.000 -0.696 -0.049 0.984 0.000 -0.001 0.181 
0.968 -0.040 -0.088 0.232 0.732 0.000 -0.670 0.124 0.961 0.000 -0.146 -0.236 0.798 -0.000 -0.599 0.057 0.989 0.000 -0.085 -0.121 0.643 0.000 -0.599 -0.477 0.722 0.000 -0.515 0.462 0.718 0.000 -0.694 -0.049 0.983 0.000 0.000 0.181 
0.967 -0.041 -0.090 0.234 0.730 0.000 -0.672 0.127 0.960 -0.000 -0.146 -0.239 0.799 0.000 -0.598 0.057 0.989 0.000 -0.085 -0.120 0.643 -0.000 -0.590 -0.488 0.710 0.000 -0.539 0.454 0.720 0.000 -0.693 -0.049 0.983 0.000 0.002 0.182 
0.966 -0.042 -0.092 0.236 0.728 0.000 -0.673 0.129 0.959 0.000 -0.145 -0.241 0.801 -0.000 -0.596 0.057 0.989 0.000 -0.087 -0.120 0.643 0.000 -0.581 -0.499 0.698 0.000 -0.562 0.444 0.721 -0.000 -0.692 -0.049 0.983 0.000 0.004 0.182 
0.966 -0.043 -0.095 0.237 0.726 0.000 -0.675 0.131 0.959 0.000 -0.146 -0.243 0.802 0.000 -0.594 0.056 0.989 0.000 -0.088 -0.119 0.642 0.000 -0.571 -0.511 0.686 0.000 -0.585 0.433 0.722 0.000 -0.690 -0.050 0.983 0.000 0.005 0.184 
0.965 -0.044 -0.098 0.239 0.723 -0.000 -0.677 0.134 0.958 0.000 -0.146 -0.246 0.804 -0.000 -0.592 0.055 0.989 0.000 -0.089 -0.118 0.642 0.000 -0.561 -0.522 0.675 0.000 -0.607 0.419 0.724 0.000 -0.688 -0.051 0.983 0.000 0.006 0.184 
0.964 -0.045 -0.101 0.241 0.721 -0.000 -0.680 0.136 0.957 0.000 -0.146 -0.249 0.806 0.000 -0.589 0.054 0.989 0.000 -0.089 -0.117 0.643 -0.000 -0.552 -0.532 0.665 0.000 -0.627 0.405 0.726 -0.000 -0.685 -0.051 0.983 0.000 0.006 0.184 
0.962 -0.048 -0.104 0.248 0.717 -0.000 -0.682 0.142 0.957 0.000 -0.146 -0.251 0.808 0.000 -0.587 0.055 0.989 0.000 -0.091 -0.115 0.646 0.000 -0.546 -0.534 0.658 0.000 -0.644 0.391 0.729 0.000 -0.683 -0.048 0.983 0.000 0.010 0.185 
0.961 -0.048 -0.108 0.248 0.715 0.000 -0.684 0.144 0.956 0.000 -0.146 -0.254 0.809 0.000 -0.585 0.054 0.989 -0.000 -0.092 -0.114 0.646 0.000 -0.535 -0.545 0.648 0.000 -0.663 0.373 0.731 0.000 -0.681 -0.050 0.983 0.000 0.009 0.186 
0.961 -0.048 -0.111 0.249 0.712 0.000 -0.687 0.145 0.956 0.000 -0.146 -0.256 0.811 0.000 -0.583 0.052 0.990 0.000 -0.091 -0.112 0.646 0.000 -0.524 -0.556 0.640 0.000 -0.682 0.355 0.733 0.000 -0.678 -0.053 0.982 0.000 0.009 0.188 
0.960 -0.049 -0.115 0.250 0.709 0.000 -0.690 0.146 0.955 0.000 -0.146 -0.257 0.813 -0.000 -0.580 0.051 0.990 0.000 -0.091 -0.111 0.646 -0.000 -0.513 -0.566 0.632 0.000 -0.698 0.336 0.735 0.000 -0.675 -0.054 0.982 0.000 0.009 0.189 
0.959 -0.050 -0.119 0.251 0.707 0.000 -0.692 0.147 0.955 0.000 -0.146 -0.259 0.815 -0.000 -0.578 0.051 0.990 0.000 -0.092 -0.111 0.646 0.000 -0.503 -0.575 0.625 0.000 -0.713 0.316 0.738 0.000 -0.673 -0.054 0.982 0.000 0.010 0.189 
0.959 -0.050 -0.122 0.251 0.704 0.000 -0.695 0.147 0.955 0.000 -0.145 -0.260 0.816 -0.000 -0.575 0.050 0.990 0.000 -0.092 -0.111 0.646 0.000 -0.492 -0.583 0.619 -0.000 -0.726 0.298 0.740 0.000 -0.670 -0.054 0.982 0.000 0.010 0.188 
0.958 -0.051 -0.126 0.252 0.701 0.000 -0.698 0.148 0.954 0.000 -0.145 -0.261 0.818 0.000 -0.573 0.049 0.990 0.000 -0.093 -0.110 0.647 0.000 -0.481 -0.592 0.615 0.000 -0.738 0.278 0.743 0.000 -0.667 -0.055 0.982 0.000 0.011 0.188 
0.957 -0.051 -0.130 0.254 0.698 0.000 -0.701 0.149 0.954 0.000 -0.144 -0.262 0.820 0.000 -0.571 0.047 0.990 0.000 -0.093 -0.110 0.648 0.000 -0.470 -0.600 0.610 0.000 -0.750 0.256 0.745 0.000 -0.665 -0.056 0.982 0.000 0.012 0.187 
0.956 -0.052 -0.133 0.255 0.696 0.000 -0.703 0.149 0.954 0.000 -0.143 -0.262 0.821 0.000 -0.568 0.047 0.990 -0.000 -0.093 -0.110 0.649 0.000 -0.459 -0.608 0.607 0.000 -0.759 0.236 0.747 -0.000 -0.662 -0.057 0.982 0.000 0.011 0.187 
0.956 -0.052 -0.136 0.256 0.693 0.000 -0.706 0.149 0.954 0.000 -0.142 -0.263 0.823 -0.000 -0.566 0.045 0.990 0.000 -0.093 -0.109 0.650 -0.000 -0.448 -0.615 0.604 0.000 -0.767 0.216 0.750 0.000 -0.659 -0.058 0.982 0.000 0.010 0.188 
0.955 -0.053 -0.139 0.256 0.690 -0.000 -0.708 0.149 0.954 -0.000 -0.142 -0.263 0.825 0.000 -0.564 0.044 0.990 0.000 -0.093 -0.109 0.651 -0.000 -0.436 -0.622 0.602 0.000 -0.774 0.195 0.752 0.000 -0.657 -0.060 0.982 0.000 0.010 0.189 
0.954 -0.053 -0.142 0.257 0.688 -0.000 -0.710 0.149 0.954 -0.000 -0.142 -0.263 0.826 0.000 -0.562 0.043 0.990 0.000 -0.094 -0.108 0.653 0.000 -0.424 -0.628 0.600 0.000 -0.781 0.174 0.754 0.000 -0.654 -0.060 0.982 0.000 0.009 0.187 
0.954 -0.053 -0.145 0.257 0.686 0.000 -0.712 0.149 0.954 0.000 -0.142 -0.264 0.828 0.000 -0.559 0.042 0.990 -0.000 -0.094 -0.108 0.654 0.000 -0.413 -0.634 0.600 0.000 -0.785 0.154 0.757 0.000 -0.651 -0.061 0.982 0.000 0.008 0.187 
0.953 -0.053 -0.148 0.257 0.684 0.000 -0.714 0.149 0.954 -0.000 -0.141 -0.264 0.829 0.000 -0.557 0.042 0.990 0.000 -0.095 -0.108 0.655 0.000 -0.402 -0.640 0.599 -0.000 -0.789 0.135 0.759 0.000 -0.648 -0.062 0.982 -0.000 0.007 0.187 
0.953 -0.053 -0.151 0.258 0.682 -0.000 -0.716 0.149 0.954 0.000 -0.141 -0.264 0.831 0.000 -0.555 0.041 0.990 -0.000 -0.095 -0.108 0.656 0.000 -0.390 -0.646 0.600 0.000 -0.791 0.117 0.761 -0.000 -0.646 -0.064 0.982 0.000 0.006 0.188 
0.953 -0.053 -0.153 0.258 0.680 -0.000 -0.718 0.149 0.954 0.000 -0.141 -0.265 0.832 0.000 -0.554 0.040 0.990 0.000 -0.095 -0.107 0.657 0.000 -0.380 -0.652 0.601 -0.000 -0.793 0.099 0.762 0.000 -0.644 -0.065 0.982 0.000 0.005 0.188 
0.952 -0.053 -0.156 0.257 0.678 0.000 -0.720 0.148 0.954 0.000 -0.140 -0.264 0.833 0.000 -0.552 0.038 0.990 0.000 -0.095 -0.108 0.658 0.000 -0.368 -0.657 0.603 0.000 -0.793 0.082 0.764 -0.000 -0.642 -0.067 0.982 -0.000 0.004 0.189 
0.952 -0.052 -0.158 0.257 0.676 0.000 -0.722 0.147 0.955 0.000 -0.140 -0.263 0.834 0.000 -0.550 0.038 0.989 0.000 -0.096 -0.108 0.659 0.000 -0.358 -0.661 0.607 -0.000 -0.792 0.065 0.766 0.000 -0.639 -0.068 0.982 0.000 0.003 0.189 
0.952 -0.052 -0.160 0.257 0.675 0.000 -0.723 0.147 0.955 -0.000 -0.140 -0.263 0.836 0.000 -0.548 0.037 0.989 -0.000 -0.096 -0.108 0.660 0.000 -0.348 -0.665 0.610 0.000 -0.791 0.050 0.767 0.000 -0.637 -0.069 0.982 0.000 0.002 0.189 
0.951 -0.052 -0.162 0.257 0.673 0.000 -0.725 0.146 0.955 0.000 -0.139 -0.263 0.837 -0.000 -0.546 0.036 0.989 0.000 -0.096 -0.109 0.661 0.000 -0.338 -0.670 0.614 0.000 -0.789 0.036 0.769 -0.000 -0.636 -0.070 0.982 -0.000 0.001 0.189 
0.951 -0.052 -0.164 0.256 0.671 0.000 -0.727 0.145 0.955 0.000 -0.139 -0.262 0.838 -0.000 -0.544 0.035 0.989 0.000 -0.097 -0.108 0.662 0.000 -0.329 -0.674 0.618 -0.000 -0.786 0.023 0.770 0.000 -0.634 -0.071 0.982 0.000 0.001 0.189 
0.951 -0.051 -0.166 0.256 0.670 -0.000 -0.728 0.144 0.955 0.000 -0.138 -0.262 0.839 0.000 -0.543 0.034 0.989 0.000 -0.097 -0.110 0.662 0.000 -0.320 -0.677 0.623 0.000 -0.782 0.010 0.771 -0.000 -0.632 -0.072 0.982 0.000 0.000 0.190 
0.951 -0.051 -0.168 0.255 0.668 0.000 -0.730 0.144 0.955 0.000 -0.138 -0.261 0.840 -0.000 -0.541 0.034 0.989 -0.000 -0.097 -0.110 0.662 -0.000 -0.313 -0.681 0.628 -0.000 -0.778 -0.000 0.773 0.000 -0.631 -0.072 0.982 0.000 -0.000 0.190 
0.951 -0.051 -0.170 0.254 0.667 0.000 -0.731 0.143 0.956 0.000 -0.138 -0.260 0.841 -0.000 -0.540 0.034 0.989 0.000 -0.097 -0.111 0.663 0.000 -0.306 -0.683 0.633 0.000 -0.774 -0.009 0.774 0.000 -0.629 -0.073 0.982 -0.000 -0.001 0.190 
0.950 -0.051 -0.172 0.254 0.666 0.000 -0.732 0.143 0.956 -0.000 -0.138 -0.259 0.842 0.000 -0.538 0.034 0.989 0.000 -0.097 -0.112 0.663 0.000 -0.300 -0.686 0.640 -0.000 -0.769 -0.017 0.775 0.000 -0.628 -0.073 0.982 0.000 -0.000 0.190 
0.950 -0.050 -0.173 0.253 0.665 0.000 -0.734 0.142 0.956 -0.000 -0.138 -0.259 0.843 0.000 -0.536 0.033 0.989 0.000 -0.098 -0.112 0.663 0.000 -0.295 -0.688 0.646 0.000 -0.763 -0.024 0.776 0.000 -0.627 -0.074 0.982 -0.000 -0.000 0.190 
0.950 -0.050 -0.175 0.253 0.663 0.000 -0.735 0.142 0.956 0.000 -0.138 -0.258 0.844 -0.000 -0.535 0.033 0.989 0.000 -0.098 -0.112 0.662 0.000 -0.291 -0.691 0.652 0.000 -0.758 -0.027 0.777 0.000 -0.626 -0.073 0.982 0.000 0.000 0.191 
0.950 -0.050 -0.176 0.253 0.662 0.000 -0.736 0.141 0.956 -0.000 -0.138 -0.258 0.845 0.000 -0.534 0.033 0.989 0.000 -0.098 -0.112 0.662 -0.000 -0.288 -0.692 0.660 0.000 -0.751 -0.031 0.777 0.000 -0.625 -0.074 0.981 0.000 0.000 0.192 
0.950 -0.050 -0.177 0.253 0.661 0.000 -0.737 0.141 0.956 -0.000 -0.138 -0.257 0.846 0.000 -0.532 0.033 0.989 0.000 -0.099 -0.113 0.661 0.000 -0.286 -0.694 0.667 0.000 -0.744 -0.033 0.778 0.000 -0.623 -0.074 0.981 0.000 0.000 0.192 
0.950 -0.050 -0.178 0.252 0.660 0.000 -0.738 0.141 0.957 0.000 -0.138 -0.257 0.847 -0.000 -0.531 0.032 0.989 0.000 -0.100 -0.113 0.661 0.000 -0.284 -0.695 0.674 0.000 -0.738 -0.034 0.779 0.000 -0.623 -0.073 0.981 0.000 0.000 0.192 
0.950 -0.050 -0.179 0.252 0.659 0.000 -0.739 0.140 0.957 0.000 -0.137 -0.256 0.847 -0.000 -0.530 0.032 0.989 0.000 -0.100 -0.113 0.661 0.000 -0.283 -0.695 0.681 0.000 -0.731 -0.034 0.779 0.000 -0.622 -0.074 0.981 0.000 0.000 0.192 
0.950 -0.049 -0.179 0.252 0.659 0.000 -0.739 0.140 0.957 0.000 -0.137 -0.256 0.848 0.000 -0.529 0.032 0.988 -0.000 -0.100 -0.113 0.660 0.000 -0.282 -0.696 0.689 -0.000 -0.724 -0.033 0.780 0.000 -0.622 -0.074 0.981 0.000 0.000 0.193 
0.950 -0.049 -0.180 0.252 0.658 -0.000 -0.740 0.140 0.957 0.000 -0.137 -0.256 0.848 -0.000 -0.529 0.032 0.988 0.000 -0.100 -0.114 0.659 0.000 -0.282 -0.697 0.695 0.000 -0.718 -0.032 0.780 0.000 -0.622 -0.073 0.981 0.000 -0.000 0.192 
0.949 -0.049 -0.180 0.253 0.658 0.000 -0.740 0.139 0.957 0.000 -0.136 -0.255 0.848 0.000 -0.529 0.032 0.988 0.000 -0.101 -0.113 0.659 0.000 -0.283 -0.696 0.702 0.000 -0.711 -0.029 0.780 0.000 -0.622 -0.073 0.981 0.000 -0.000 0.192 
0.949 -0.048 -0.179 0.253 0.658 0.000 -0.740 0.139 0.957 0.000 -0.136 -0.255 0.849 0.000 -0.528 0.032 0.988 0.000 -0.102 -0.114 0.659 0.000 -0.284 -0.696 0.709 -0.000 -0.705 -0.026 0.780 0.000 -0.622 -0.072 0.981 0.000 -0.000 0.193 
0.950 -0.048 -0.179 0.253 0.658 0.000 -0.741 0.139 0.957 0.000 -0.136 -0.255 0.848 0.000 -0.528 0.032 0.988 0.000 -0.102 -0.114 0.658 0.000 -0.286 -0.697 0.714 0.000 -0.699 -0.022 0.780 0.000 -0.622 -0.072 0.981 0.000 -0.000 0.192 
0.950 -0.048 -0.179 0.253 0.657 0.000 -0.741 0.139 0.957 -0.000 -0.135 -0.255 0.849 0.000 -0.528 0.032 0.988 0.000 -0.103 -0.114 0.657 0.000 -0.288 -0.696 0.720 -0.000 -0.693 -0.017 0.780 0.000 -0.622 -0.071 0.981 0.000 -0.000 0.192 
0.950 -0.047 -0.178 0.253 0.657 0.000 -0.741 0.139 0.958 -0.000 -0.135 -0.255 0.849 0.000 -0.528 0.033 0.988 0.000 -0.103 -0.114 0.657 0.000 -0.290 -0.696 0.726 0.000 -0.688 -0.013 0.780 0.000 -0.622 -0.070 0.981 0.000 -0.000 0.193 
0.949 -0.047 -0.178 0.255 0.657 0.000 -0.741 0.140 0.958 0.000 -0.134 -0.255 0.848 0.000 -0.528 0.033 0.988 0.000 -0.103 -0.115 0.656 0.000 -0.294 -0.695 0.731 -0.000 -0.683 -0.007 0.779 0.000 -0.623 -0.069 0.981 0.000 -0.000 0.193 
0.949 -0.047 -0.177 0.255 0.657 0.000 -0.741 0.141 0.958 0.000 -0.134 -0.255 0.849 0.000 -0.528 0.033 0.988 0.000 -0.103 -0.114 0.656 0.000 -0.297 -0.694 0.736 -0.000 -0.678 -0.003 0.779 0.000 -0.623 -0.069 0.981 -0.000 0.000 0.194 
0.949 -0.047 -0.177 0.255 0.656 0.000 -0.741 0.141 0.958 0.000 -0.133 -0.255 0.848 -0.000 -0.528 0.033 0.988 0.000 -0.104 -0.115 0.654 -0.000 -0.300 -0.694 0.740 0.000 -0.673 0.002 0.779 0.000 -0.623 -0.068 0.981 0.000 0.000 0.195 
0.949 -0.046 -0.176 0.256 0.656 -0.000 -0.741 0.141 0.958 0.000 -0.132 -0.255 0.848 0.000 -0.529 0.033 0.988 0.000 -0.104 -0.114 0.654 0.000 -0.303 -0.693 0.743 0.000 -0.669 0.007 0.778 0.000 -0.624 -0.067 0.981 0.000 0.001 0.195 
0.950 -0.046 -0.176 0.255 0.656 0.000 -0.741 0.141 0.958 -0.000 -0.132 -0.255 0.848 0.000 -0.529 0.034 0.988 0.000 -0.104 -0.115 0.652 -0.000 -0.306 -0.693 0.747 0.000 -0.665 0.012 0.778 0.000 -0.625 -0.067 0.981 0.000 0.001 0.195 
0.950 -0.045 -0.175 0.256 0.656 0.000 -0.742 0.141 0.958 0.000 -0.131 -0.255 0.848 -0.000 -0.529 0.034 0.988 0.000 -0.104 -0.115 0.651 0.000 -0.309 -0.693 0.750 0.000 -0.661 0.017 0.777 0.000 -0.625 -0.068 0.980 0.000 0.001 0.197 
0.950 -0.045 -0.175 0.255 0.656 -0.000 -0.742 0.141 0.958 0.000 -0.132 -0.254 0.848 0.000 -0.529 0.034 0.988 0.000 -0.104 -0.114 0.650 -0.000 -0.313 -0.693 0.753 0.000 -0.658 0.022 0.777 0.000 -0.626 -0.066 0.980 -0.000 0.001 0.197 
0.950 -0.045 -0.174 0.255 0.656 0.000 -0.742 0.142 0.958 0.000 -0.132 -0.255 0.848 0.000 -0.529 0.034 0.988 0.000 -0.104 -0.113 0.648 -0.000 -0.317 -0.692 0.755 0.000 -0.655 0.027 0.777 0.000 -0.626 -0.064 0.980 0.000 0.001 0.198 
0.950 -0.045 -0.174 0.255 0.655 0.000 -0.742 0.142 0.958 0.000 -0.131 -0.254 0.848 0.000 -0.529 0.034 0.988 -0.000 -0.103 -0.113 0.647 0.000 -0.320 -0.692 0.757 0.000 -0.652 0.031 0.777 -0.000 -0.626 -0.065 0.980 0.000 0.001 0.199 
0.950 -0.044 -0.173 0.255 0.656 0.000 -0.742 0.142 0.958 0.000 -0.131 -0.254 0.847 0.000 -0.530 0.034 0.988 -0.000 -0.103 -0.113 0.646 0.000 -0.324 -0.691 0.759 0.000 -0.650 0.036 0.776 0.000 -0.627 -0.064 0.980 0.000 0.002 0.200 
0.950 -0.044 -0.173 0.255 0.656 0.000 -0.742 0.143 0.958 0.000 -0.131 -0.255 0.847 -0.000 -0.530 0.035 0.988 0.000 -0.103 -0.114 0.645 0.000 -0.327 -0.691 0.761 0.000 -0.647 0.040 0.776 0.000 -0.628 -0.064 0.979 0.000 0.002 0.202 
0.951 -0.043 -0.172 0.255 0.656 0.000 -0.741 0.143 0.958 0.000 -0.130 -0.254 0.847 0.000 -0.531 0.035 0.988 0.000 -0.102 -0.113 0.643 -0.000 -0.331 -0.690 0.763 0.000 -0.644 0.045 0.775 0.000 -0.628 -0.063 0.979 -0.000 0.002 0.203 
0.951 -0.042 -0.171 0.255 0.656 -0.000 -0.741 0.142 0.958 0.000 -0.130 -0.254 0.846 0.000 -0.532 0.035 0.988 0.000 -0.102 -0.113 0.642 0.000 -0.334 -0.690 0.765 0.000 -0.643 0.050 0.775 0.000 -0.629 -0.063 0.979 0.000 0.003 0.203 
0.951 -0.041 -0.170 0.255 0.656 0.000 -0.741 0.142 0.958 0.000 -0.130 -0.254 0.846 -0.000 -0.532 0.036 0.988 0.000 -0.102 -0.114 0.642 0.000 -0.337 -0.689 0.765 0.000 -0.641 0.053 0.774 0.000 -0.630 -0.063 0.979 -0.000 0.002 0.204 
0.951 -0.041 -0.170 0.255 0.656 0.000 -0.741 0.142 0.959 0.000 -0.129 -0.254 0.845 0.000 -0.533 0.035 0.988 0.000 -0.102 -0.113 0.641 0.000 -0.340 -0.688 0.767 0.000 -0.640 0.058 0.774 0.000 -0.630 -0.062 0.979 -0.000 0.002 0.205 
0.951 -0.040 -0.169 0.255 0.657 0.000 -0.741 0.142 0.959 0.000 -0.129 -0.254 0.845 0.000 -0.534 0.035 0.988 0.000 -0.101 -0.113 0.640 0.000 -0.343 -0.688 0.767 0.000 -0.638 0.062 0.773 0.000 -0.631 -0.062 0.978 -0.000 0.002 0.207 
0.951 -0.039 -0.167 0.256 0.657 0.000 -0.740 0.142 0.959 0.000 -0.127 -0.254 0.844 0.000 -0.535 0.036 0.988 0.000 -0.102 -0.114 0.639 0.000 -0.346 -0.687 0.769 -0.000 -0.636 0.065 0.772 0.000 -0.632 -0.062 0.978 0.000 0.002 0.208 
0.952 -0.038 -0.166 0.256 0.658 0.000 -0.740 0.141 0.959 0.000 -0.127 -0.254 0.843 0.000 -0.536 0.035 0.988 -0.000 -0.101 -0.113 0.639 0.000 -0.349 -0.686 0.770 0.000 -0.634 0.069 0.772 0.000 -0.633 -0.063 0.978 0.000 0.001 0.210 
0.952 -0.036 -0.166 0.256 0.658 0.000 -0.740 0.141 0.959 0.000 -0.126 -0.254 0.843 0.000 -0.537 0.035 0.988 0.000 -0.101 -0.113 0.639 0.000 -0.351 -0.685 0.771 -0.000 -0.633 0.072 0.771 -0.000 -0.633 -0.064 0.977 0.000 0.000 0.212 
0.952 -0.035 -0.165 0.257 0.659 0.000 -0.739 0.141 0.959 0.000 -0.125 -0.254 0.842 -0.000 -0.538 0.035 0.988 0.000 -0.101 -0.113 0.638 0.000 -0.354 -0.684 0.772 -0.000 -0.631 0.077 0.771 0.000 -0.634 -0.064 0.977 -0.000 -0.000 0.213 
0.952 -0.034 -0.164 0.257 0.659 0.000 -0.739 0.140 0.959 -0.000 -0.125 -0.255 0.842 -0.000 -0.539 0.035 0.988 0.000 -0.101 -0.114 0.638 0.000 -0.356 -0.683 0.772 -0.000 -0.631 0.080 0.770 0.000 -0.635 -0.065 0.977 0.000 -0.001 0.214 
0.952 -0.032 -0.163 0.257 0.660 0.000 -0.738 0.140 0.959 0.000 -0.124 -0.255 0.841 0.000 -0.540 0.035 0.988 0.000 -0.101 -0.113 0.638 0.000 -0.357 -0.683 0.771 0.000 -0.632 0.081 0.769 0.000 -0.635 -0.065 0.976 0.000 -0.002 0.216 
0.952 -0.031 -0.162 0.258 0.660 0.000 -0.738 0.140 0.959 -0.000 -0.124 -0.256 0.841 0.000 -0.541 0.034 0.988 0.000 -0.101 -0.114 0.637 0.000 -0.358 -0.683 0.771 0.000 -0.632 0.084 0.769 0.000 -0.636 -0.067 0.976 0.000 -0.002 0.218 
0.952 -0.029 -0.161 0.258 0.661 0.000 -0.737 0.139 0.959 0.000 -0.123 -0.256 0.840 0.000 -0.542 0.034 0.988 -0.000 -0.102 -0.114 0.637 0.000 -0.357 -0.683 0.769 0.000 -0.633 0.084 0.768 0.000 -0.637 -0.067 0.976 0.000 -0.002 0.219 
0.952 -0.027 -0.160 0.258 0.662 0.000 -0.736 0.140 0.959 0.000 -0.123 -0.257 0.839 0.000 -0.543 0.033 0.988 -0.000 -0.101 -0.114 0.637 0.000 -0.355 -0.684 0.767 0.000 -0.636 0.084 0.767 -0.000 -0.638 -0.069 0.975 0.000 -0.003 0.221 
0.952 -0.026 -0.159 0.258 0.662 0.000 -0.736 0.139 0.959 0.000 -0.123 -0.257 0.839 0.000 -0.543 0.033 0.988 0.000 -0.102 -0.114 0.637 0.000 -0.352 -0.686 0.765 0.000 -0.638 0.082 0.767 0.000 -0.638 -0.070 0.975 0.000 -0.004 0.224 
0.953 -0.024 -0.159 0.258 0.663 0.000 -0.736 0.139 0.958 0.000 -0.123 -0.257 0.838 0.000 -0.544 0.033 0.988 0.000 -0.102 -0.115 0.638 0.000 -0.347 -0.688 0.763 0.000 -0.642 0.078 0.766 -0.000 -0.639 -0.072 0.974 0.000 -0.005 0.227 
0.953 -0.022 -0.159 0.258 0.664 0.000 -0.735 0.138 0.958 0.000 -0.123 -0.257 0.838 0.000 -0.544 0.032 0.988 0.000 -0.102 -0.115 0.637 0.000 -0.345 -0.690 0.761 -0.000 -0.644 0.078 0.766 0.000 -0.639 -0.075 0.973 0.000 -0.006 0.230 
0.953 -0.020 -0.159 0.258 0.663 -0.000 -0.735 0.138 0.958 -0.000 -0.123 -0.258 0.839 0.000 -0.544 0.031 0.988 0.000 -0.103 -0.115 0.637 0.000 -0.341 -0.691 0.759 0.000 -0.647 0.074 0.766 0.000 -0.639 -0.077 0.972 0.000 -0.007 0.234 
0.954 -0.016 -0.160 0.253 0.665 0.000 -0.735 0.133 0.958 -0.000 -0.124 -0.258 0.838 0.000 -0.544 0.030 0.988 -0.000 -0.102 -0.118 0.634 0.000 -0.332 -0.699 0.755 0.000 -0.652 0.069 0.766 0.000 -0.637 -0.084 0.971 0.000 -0.013 0.237 
0.954 -0.014 -0.161 0.253 0.664 0.000 -0.736 0.132 0.958 0.000 -0.124 -0.258 0.839 0.000 -0.544 0.029 0.988 -0.000 -0.102 -0.118 0.634 0.000 -0.328 -0.700 0.753 0.000 -0.655 0.065 0.766 -0.000 -0.636 -0.087 0.971 0.000 -0.013 0.240 
0.954 -0.012 -0.162 0.253 0.664 0.000 -0.736 0.131 0.958 0.000 -0.124 -0.258 0.839 0.000 -0.543 0.029 0.988 0.000 -0.103 -0.119 0.634 0.000 -0.327 -0.701 0.752 0.000 -0.657 0.063 0.767 0.000 -0.635 -0.091 0.970 -0.000 -0.015 0.245 
0.952 -0.012 -0.162 0.258 0.663 0.000 -0.736 0.134 0.958 0.000 -0.123 -0.259 0.841 0.000 -0.541 0.030 0.987 0.000 -0.105 -0.119 0.636 0.000 -0.331 -0.697 0.752 0.000 -0.656 0.065 0.767 0.000 -0.635 -0.090 0.969 0.000 -0.013 0.246 
0.952 -0.010 -0.163 0.259 0.663 0.000 -0.737 0.133 0.958 0.000 -0.124 -0.260 0.841 0.000 -0.540 0.029 0.987 -0.000 -0.106 -0.119 0.637 0.000 -0.329 -0.697 0.751 0.000 -0.658 0.062 0.768 0.000 -0.634 -0.093 0.968 0.000 -0.014 0.250 
0.952 -0.009 -0.164 0.260 0.663 0.000 -0.737 0.133 0.957 0.000 -0.124 -0.261 0.841 -0.000 -0.540 0.027 0.987 -0.000 -0.107 -0.119 0.638 0.000 -0.329 -0.697 0.750 -0.000 -0.659 0.060 0.768 0.000 -0.633 -0.096 0.968 -0.000 -0.015 0.251 
0.951 -0.007 -0.164 0.261 0.663 0.000 -0.736 0.133 0.957 0.000 -0.124 -0.262 0.841 0.000 -0.540 0.026 0.987 0.000 -0.106 -0.120 0.638 0.000 -0.329 -0.696 0.749 0.000 -0.660 0.060 0.768 0.000 -0.633 -0.097 0.968 0.000 -0.015 0.252 
0.951 -0.005 -0.164 0.262 0.664 0.000 -0.736 0.132 0.957 0.000 -0.123 -0.262 0.842 0.000 -0.539 0.025 0.987 0.000 -0.108 -0.120 0.638 0.000 -0.329 -0.696 0.748 0.000 -0.661 0.059 0.768 0.000 -0.632 -0.098 0.967 0.000 -0.016 0.253 
0.950 -0.002 -0.164 0.264 0.664 0.000 -0.736 0.131 0.957 -0.000 -0.123 -0.263 0.842 0.000 -0.539 0.022 0.987 -0.000 -0.110 -0.121 0.639 0.000 -0.330 -0.695 0.748 0.000 -0.661 0.058 0.768 0.000 -0.632 -0.102 0.967 0.000 -0.017 0.255 
0.950 -0.001 -0.165 0.265 0.664 0.000 -0.736 0.131 0.957 0.000 -0.122 -0.264 0.842 0.000 -0.539 0.020 0.987 0.000 -0.110 -0.121 0.640 0.000 -0.330 -0.694 0.747 -0.000 -0.662 0.057 0.768 0.000 -0.632 -0.101 0.967 0.000 -0.015 0.253 
0.950 0.001 -0.165 0.266 0.664 0.000 -0.736 0.131 0.957 0.000 -0.122 -0.264 0.843 0.000 -0.538 0.020 0.986 -0.000 -0.111 -0.122 0.639 0.000 -0.331 -0.694 0.747 0.000 -0.663 0.057 0.769 0.000 -0.632 -0.101 0.968 0.000 -0.015 0.252 
0.949 0.003 -0.165 0.267 0.664 0.000 -0.736 0.131 0.957 -0.000 -0.121 -0.264 0.843 0.000 -0.537 0.018 0.986 0.000 -0.112 -0.122 0.639 0.000 -0.332 -0.693 0.747 0.000 -0.663 0.057 0.769 0.000 -0.631 -0.101 0.968 0.000 -0.014 0.250 
0.949 0.005 -0.166 0.268 0.664 0.000 -0.737 0.130 0.957 0.000 -0.121 -0.264 0.843 0.000 -0.537 0.017 0.986 0.000 -0.112 -0.122 0.639 0.000 -0.334 -0.693 0.747 0.000 -0.663 0.057 0.769 0.000 -0.631 -0.101 0.968 0.000 -0.014 0.250 
0.949 0.007 -0.166 0.269 0.663 0.000 -0.737 0.130 0.957 -0.000 -0.120 -0.263 0.844 0.000 -0.536 0.016 0.986 0.000 -0.113 -0.123 0.639 0.000 -0.336 -0.692 0.747 0.000 -0.662 0.058 0.770 0.000 -0.631 -0.100 0.969 0.000 -0.012 0.247 
0.948 0.009 -0.167 0.270 0.663 -0.000 -0.738 0.130 0.958 -0.000 -0.119 -0.263 0.845 -0.000 -0.535 0.015 0.986 0.000 -0.114 -0.123 0.639 0.000 -0.339 -0.690 0.749 0.000 -0.660 0.059 0.770 -0.000 -0.630 -0.099 0.969 0.000 -0.011 0.245 
0.948 0.011 -0.167 0.271 0.662 0.000 -0.738 0.129 0.958 0.000 -0.118 -0.262 0.845 0.000 -0.535 0.014 0.986 0.000 -0.114 -0.123 0.639 0.000 -0.342 -0.689 0.750 0.000 -0.659 0.061 0.771 0.000 -0.630 -0.098 0.970 -0.000 -0.010 0.242 
0.947 0.012 -0.167 0.273 0.662 0.000 -0.739 0.128 0.958 -0.000 -0.116 -0.261 0.845 0.000 -0.534 0.014 0.986 -0.000 -0.114 -0.124 0.639 0.000 -0.346 -0.687 0.752 0.000 -0.656 0.064 0.771 0.000 -0.629 -0.097 0.971 0.000 -0.008 0.239 
0.947 0.014 -0.168 0.274 0.661 -0.000 -0.740 0.128 0.959 -0.000 -0.114 -0.260 0.846 0.000 -0.533 0.013 0.986 0.000 -0.114 -0.125 0.638 0.000 -0.351 -0.685 0.754 0.000 -0.653 0.068 0.771 -0.000 -0.629 -0.095 0.972 0.000 -0.005 0.233 
0.946 0.016 -0.168 0.276 0.660 0.000 -0.740 0.127 0.959 0.000 -0.112 -0.259 0.847 0.000 -0.532 0.012 0.986 0.000 -0.114 -0.125 0.638 0.000 -0.357 -0.682 0.757 0.000 -0.650 0.072 0.772 0.000 -0.628 -0.093 0.973 0.000 -0.004 0.229 
0.946 0.018 -0.168 0.278 0.660 0.000 -0.741 0.126 0.960 -0.000 -0.110 -0.257 0.847 0.000 -0.532 0.012 0.985 0.000 -0.114 -0.126 0.637 0.000 -0.363 -0.679 0.760 0.000 -0.645 0.078 0.773 -0.000 -0.628 -0.092 0.975 0.000 -0.002 0.224 
0.945 0.019 -0.168 0.280 0.659 0.000 -0.742 0.125 0.961 0.000 -0.107 -0.256 0.847 0.000 -0.531 0.012 0.985 -0.000 -0.115 -0.126 0.637 0.000 -0.371 -0.676 0.764 0.000 -0.640 0.084 0.773 -0.000 -0.628 -0.090 0.976 -0.000 -0.000 0.219 
0.945 0.021 -0.167 0.281 0.658 0.000 -0.742 0.125 0.961 0.000 -0.105 -0.254 0.847 0.000 -0.531 0.011 0.985 0.000 -0.113 -0.127 0.636 0.000 -0.378 -0.673 0.768 0.000 -0.635 0.090 0.774 0.000 -0.627 -0.088 0.977 0.000 0.001 0.214 
0.944 0.023 -0.167 0.284 0.658 0.000 -0.743 0.125 0.962 0.000 -0.103 -0.253 0.847 0.000 -0.531 0.010 0.985 0.000 -0.114 -0.126 0.635 0.000 -0.387 -0.669 0.772 0.000 -0.628 0.099 0.775 0.000 -0.627 -0.086 0.978 0.000 0.002 0.210 
0.944 0.025 -0.166 0.286 0.657 0.000 -0.743 0.124 0.963 0.000 -0.101 -0.251 0.847 0.000 -0.531 0.010 0.985 0.000 -0.114 -0.127 0.634 -0.000 -0.395 -0.665 0.776 0.000 -0.621 0.107 0.775 -0.000 -0.626 -0.086 0.979 -0.000 0.003 0.205 
0.943 0.027 -0.164 0.288 0.657 0.000 -0.743 0.123 0.963 0.000 -0.099 -0.249 0.847 0.000 -0.532 0.009 0.985 0.000 -0.113 -0.127 0.634 0.000 -0.403 -0.660 0.781 0.000 -0.614 0.115 0.775 0.000 -0.626 -0.087 0.979 0.000 0.004 0.202 
0.943 0.029 -0.163 0.290 0.658 0.000 -0.743 0.123 0.964 0.000 -0.097 -0.248 0.846 -0.000 -0.532 0.009 0.985 0.000 -0.114 -0.127 0.632 0.000 -0.412 -0.656 0.786 0.000 -0.606 0.124 0.775 0.000 -0.626 -0.086 0.980 0.000 0.004 0.198 
0.942 0.031 -0.161 0.291 0.658 0.000 -0.743 0.122 0.964 0.000 -0.097 -0.246 0.846 0.000 -0.533 0.009 0.985 0.000 -0.113 -0.129 0.631 0.000 -0.420 -0.652 0.791 0.000 -0.597 0.134 0.775 -0.000 -0.626 -0.086 0.981 0.000 0.004 0.196 
0.942 0.033 -0.160 0.293 0.659 0.000 -0.742 0.122 0.965 0.000 -0.096 -0.246 0.846 -0.000 -0.533 0.008 0.985 0.000 -0.114 -0.129 0.631 0.000 -0.429 -0.647 0.796 -0.000 -0.588 0.142 0.775 0.000 -0.625 -0.087 0.981 0.000 0.004 0.192 
0.942 0.035 -0.158 0.294 0.660 0.000 -0.742 0.123 0.965 0.000 -0.096 -0.245 0.846 0.000 -0.534 0.008 0.985 0.000 -0.114 -0.129 0.628 0.000 -0.438 -0.643 0.801 0.000 -0.578 0.153 0.776 -0.000 -0.625 -0.088 0.982 0.000 0.004 0.190 
0.942 0.037 -0.157 0.294 0.661 0.000 -0.741 0.122 0.965 0.000 -0.096 -0.244 0.845 0.000 -0.534 0.008 0.985 0.000 -0.115 -0.131 0.627 0.000 -0.447 -0.638 0.806 0.000 -0.569 0.162 0.776 -0.000 -0.625 -0.089 0.982 0.000 0.004 0.187 
0.942 0.039 -0.155 0.296 0.662 0.000 -0.740 0.122 0.965 0.000 -0.097 -0.244 0.845 -0.000 -0.535 0.008 0.985 0.000 -0.116 -0.132 0.625 0.000 -0.456 -0.634 0.812 0.000 -0.558 0.171 0.776 0.000 -0.624 -0.091 0.983 0.000 0.003 0.186 
0.942 0.041 -0.152 0.296 0.664 0.000 -0.737 0.121 0.965 0.000 -0.098 -0.243 0.844 0.000 -0.536 0.007 0.984 -0.000 -0.116 -0.132 0.624 0.000 -0.464 -0.629 0.817 0.000 -0.548 0.181 0.775 0.000 -0.625 -0.093 0.983 0.000 0.002 0.183 
0.942 0.043 -0.150 0.296 0.666 0.000 -0.736 0.122 0.965 -0.000 -0.100 -0.243 0.843 0.000 -0.538 0.006 0.984 0.000 -0.116 -0.133 0.623 0.000 -0.473 -0.623 0.822 0.000 -0.537 0.189 0.774 0.000 -0.625 -0.095 0.983 0.000 0.001 0.182 
0.943 0.044 -0.147 0.296 0.669 0.000 -0.734 0.120 0.965 0.000 -0.100 -0.241 0.843 -0.000 -0.539 0.006 0.984 0.000 -0.116 -0.133 0.622 0.000 -0.482 -0.617 0.827 0.000 -0.526 0.198 0.774 0.000 -0.626 -0.098 0.983 0.000 -0.000 0.185 
0.943 0.046 -0.144 0.296 0.672 0.000 -0.731 0.119 0.966 0.000 -0.101 -0.240 0.842 0.000 -0.540 0.006 0.984 0.000 -0.117 -0.134 0.621 0.000 -0.490 -0.612 0.832 0.000 -0.515 0.207 0.773 0.000 -0.626 -0.103 0.982 -0.000 -0.003 0.189 
0.943 0.047 -0.141 0.296 0.674 0.000 -0.729 0.117 0.966 -0.000 -0.102 -0.239 0.840 0.000 -0.542 0.005 0.984 0.000 -0.116 -0.134 0.620 0.000 -0.499 -0.605 0.837 0.000 -0.503 0.216 0.771 0.000 -0.628 -0.108 0.981 0.000 -0.004 0.195 
0.944 0.049 -0.138 0.296 0.677 0.000 -0.727 0.116 0.966 0.000 -0.103 -0.238 0.839 0.000 -0.543 0.004 0.984 0.000 -0.116 -0.134 0.620 0.000 -0.507 -0.599 0.841 0.000 -0.493 0.223 0.769 -0.000 -0.629 -0.115 0.979 0.000 -0.006 0.204 
0.944 0.050 -0.135 0.296 0.679 0.000 -0.725 0.116 0.966 0.000 -0.104 -0.238 0.838 0.000 -0.545 0.004 0.984 0.000 -0.115 -0.135 0.620 0.000 -0.515 -0.592 0.846 0.000 -0.481 0.231 0.767 0.000 -0.630 -0.123 0.977 0.000 -0.009 0.215 
0.945 0.051 -0.132 0.295 0.682 0.000 -0.722 0.115 0.966 0.000 -0.105 -0.237 0.837 0.000 -0.547 0.004 0.984 0.000 -0.114 -0.136 0.620 0.000 -0.523 -0.585 0.850 -0.000 -0.471 0.237 0.765 0.000 -0.630 -0.131 0.974 0.000 -0.015 0.228 
0.945 0.052 -0.130 0.295 0.684 0.000 -0.720 0.115 0.966 0.000 -0.106 -0.237 0.836 0.000 -0.549 0.004 0.984 0.000 -0.113 -0.136 0.621 0.000 -0.531 -0.577 0.855 0.000 -0.459 0.243 0.764 -0.000 -0.630 -0.140 0.969 0.000 -0.022 0.245 
0.946 0.053 -0.127 0.294 0.686 0.000 -0.718 0.115 0.965 0.000 -0.107 -0.238 0.834 0.000 -0.551 0.004 0.985 0.000 -0.110 -0.136 0.621 0.000 -0.540 -0.568 0.859 0.000 -0.447 0.249 0.762 0.000 -0.630 -0.149 0.965 0.000 -0.030 0.259 
0.948 0.057 -0.123 0.287 0.691 0.000 -0.714 0.110 0.965 0.000 -0.110 -0.237 0.832 0.000 -0.555 0.003 0.985 0.000 -0.107 -0.139 0.620 0.000 -0.540 -0.569 0.861 -0.000 -0.441 0.253 0.761 0.000 -0.629 -0.161 0.961 0.000 -0.045 0.274 
0.949 0.058 -0.120 0.284 0.694 0.000 -0.711 0.109 0.965 0.000 -0.112 -0.236 0.830 0.000 -0.558 0.004 0.985 -0.000 -0.104 -0.140 0.620 0.000 -0.547 -0.562 0.865 0.000 -0.431 0.258 0.760 0.000 -0.627 -0.171 0.955 0.000 -0.059 0.290 
0.950 0.058 -0.117 0.282 0.697 0.000 -0.709 0.108 0.965 0.000 -0.114 -0.236 0.828 0.000 -0.561 0.004 0.985 -0.000 -0.101 -0.140 0.621 0.000 -0.554 -0.554 0.869 -0.000 -0.420 0.263 0.758 0.000 -0.627 -0.180 0.949 0.000 -0.072 0.306 
0.952 0.059 -0.114 0.279 0.700 -0.000 -0.706 0.106 0.965 0.000 -0.115 -0.235 0.827 0.000 -0.563 0.005 0.985 0.000 -0.099 -0.141 0.621 -0.000 -0.562 -0.547 0.873 0.000 -0.408 0.268 0.757 0.000 -0.625 -0.188 0.943 0.000 -0.085 0.320 
0.953 0.059 -0.111 0.275 0.703 0.000 -0.704 0.105 0.965 -0.000 -0.116 -0.235 0.825 0.000 -0.566 0.007 0.985 0.000 -0.097 -0.142 0.621 0.000 -0.570 -0.539 0.876 0.000 -0.397 0.273 0.756 0.000 -0.625 -0.195 0.937 0.000 -0.099 0.334 
0.955 0.060 -0.109 0.271 0.706 0.000 -0.701 0.102 0.965 0.000 -0.118 -0.233 0.823 0.000 -0.568 0.008 0.985 -0.000 -0.094 -0.143 0.620 0.000 -0.577 -0.532 0.880 0.000 -0.386 0.277 0.755 0.000 -0.624 -0.202 0.931 0.000 -0.113 0.347 
0.956 0.060 -0.105 0.268 0.709 0.000 -0.698 0.100 0.965 0.000 -0.119 -0.232 0.821 0.000 -0.571 0.010 0.985 -0.000 -0.092 -0.144 0.620 -0.000 -0.584 -0.524 0.884 -0.000 -0.374 0.281 0.754 0.000 -0.623 -0.208 0.925 -0.000 -0.125 0.358 
0.957 0.060 -0.102 0.265 0.712 0.000 -0.695 0.098 0.966 -0.000 -0.119 -0.231 0.819 0.000 -0.574 0.011 0.986 -0.000 -0.090 -0.144 0.621 0.000 -0.591 -0.515 0.887 0.000 -0.363 0.285 0.752 0.000 -0.623 -0.214 0.919 0.000 -0.138 0.370 
0.958 0.060 -0.098 0.262 0.715 -0.000 -0.693 0.096 0.966 0.000 -0.120 -0.230 0.817 0.000 -0.576 0.014 0.986 0.000 -0.088 -0.144 0.622 0.000 -0.598 -0.506 0.891 0.000 -0.351 0.288 0.750 0.000 -0.624 -0.221 0.912 0.000 -0.150 0.381 
0.959 0.059 -0.095 0.259 0.718 0.000 -0.690 0.094 0.966 -0.000 -0.121 -0.229 0.815 0.000 -0.579 0.015 0.986 0.000 -0.086 -0.143 0.622 0.000 -0.604 -0.497 0.894 0.000 -0.340 0.291 0.748 0.000 -0.624 -0.227 0.906 0.000 -0.162 0.392 
0.960 0.059 -0.092 0.256 0.720 0.000 -0.687 0.093 0.966 0.000 -0.123 -0.229 0.814 0.000 -0.581 0.018 0.986 0.000 -0.085 -0.144 0.623 0.000 -0.611 -0.489 0.897 0.000 -0.329 0.294 0.746 0.000 -0.624 -0.233 0.899 0.000 -0.173 0.403 
0.961 0.059 -0.089 0.254 0.723 -0.000 -0.685 0.091 0.966 0.000 -0.124 -0.229 0.812 0.000 -0.583 0.020 0.986 0.000 -0.084 -0.145 0.624 0.000 -0.617 -0.480 0.901 0.000 -0.318 0.296 0.744 0.000 -0.624 -0.240 0.892 0.000 -0.183 0.412 
0.962 0.058 -0.086 0.252 0.725 0.000 -0.683 0.090 0.965 0.000 -0.125 -0.228 0.810 0.000 -0.585 0.023 0.986 -0.000 -0.083 -0.144 0.623 0.000 -0.624 -0.471 0.904 -0.000 -0.305 0.299 0.742 0.000 -0.624 -0.244 0.886 0.000 -0.193 0.421 
0.963 0.057 -0.083 0.250 0.727 0.000 -0.681 0.090 0.965 -0.000 -0.126 -0.229 0.809 0.000 -0.587 0.025 0.986 0.000 -0.082 -0.145 0.624 0.000 -0.631 -0.461 0.907 0.000 -0.294 0.300 0.740 0.000 -0.624 -0.249 0.880 0.000 -0.202 0.430 
0.963 0.057 -0.081 0.250 0.729 -0.000 -0.679 0.089 0.965 0.000 -0.126 -0.229 0.808 0.000 -0.589 0.027 0.986 -0.000 -0.082 -0.145 0.625 0.000 -0.636 -0.452 0.911 0.000 -0.283 0.301 0.738 0.000 -0.624 -0.255 0.874 0.000 -0.210 0.438 
0.964 0.056 -0.078 0.249 0.731 -0.000 -0.676 0.088 0.965 0.000 -0.127 -0.229 0.806 0.000 -0.591 0.029 0.986 -0.000 -0.081 -0.144 0.625 0.000 -0.643 -0.442 0.914 0.000 -0.271 0.302 0.737 0.000 -0.624 -0.261 0.869 -0.000 -0.218 0.445 
0.964 0.055 -0.075 0.249 0.733 0.000 -0.675 0.087 0.965 0.000 -0.128 -0.229 0.805 0.000 -0.592 0.031 0.986 0.000 -0.081 -0.144 0.626 0.000 -0.649 -0.432 0.917 0.000 -0.260 0.302 0.735 0.000 -0.624 -0.267 0.863 0.000 -0.226 0.452 
0.964 0.054 -0.073 0.249 0.735 0.000 -0.673 0.087 0.965 -0.000 -0.128 -0.230 0.804 0.000 -0.593 0.033 0.986 -0.000 -0.081 -0.144 0.626 -0.000 -0.655 -0.422 0.920 0.000 -0.249 0.302 0.733 0.000 -0.623 -0.272 0.858 0.000 -0.233 0.457 
0.964 0.053 -0.071 0.249 0.736 0.000 -0.672 0.086 0.965 0.000 -0.128 -0.229 0.803 0.000 -0.594 0.035 0.986 0.000 -0.082 -0.143 0.627 0.000 -0.662 -0.411 0.923 0.000 -0.237 0.302 0.732 0.000 -0.623 -0.276 0.854 0.000 -0.239 0.462 
0.965 0.052 -0.068 0.250 0.737 0.000 -0.670 0.086 0.965 0.000 -0.128 -0.230 0.803 0.000 -0.595 0.037 0.986 -0.000 -0.082 -0.143 0.627 0.000 -0.667 -0.401 0.927 0.000 -0.226 0.301 0.730 -0.000 -0.623 -0.281 0.850 0.000 -0.244 0.467 
0.965 0.051 -0.066 0.250 0.739 0.000 -0.669 0.085 0.965 0.000 -0.128 -0.230 0.802 0.000 -0.597 0.038 0.986 0.000 -0.082 -0.142 0.628 0.000 -0.673 -0.391 0.929 0.000 -0.215 0.300 0.729 0.000 -0.622 -0.284 0.846 0.000 -0.249 0.471 
0.965 0.050 -0.064 0.250 0.739 0.000 -0.668 0.085 0.965 -0.000 -0.128 -0.230 0.801 -0.000 -0.598 0.040 0.987 -0.000 -0.081 -0.141 0.628 -0.000 -0.679 -0.381 0.932 0.000 -0.205 0.299 0.728 0.000 -0.622 -0.288 0.844 0.000 -0.253 0.474 
0.965 0.048 -0.062 0.251 0.740 0.000 -0.667 0.085 0.965 0.000 -0.128 -0.231 0.800 0.000 -0.599 0.042 0.987 0.000 -0.082 -0.140 0.629 -0.000 -0.684 -0.370 0.935 0.000 -0.195 0.297 0.727 0.000 -0.622 -0.291 0.841 0.000 -0.256 0.476 
0.965 0.047 -0.060 0.251 0.742 -0.000 -0.665 0.084 0.964 0.000 -0.129 -0.231 0.799 0.000 -0.600 0.044 0.987 0.000 -0.082 -0.140 0.629 0.000 -0.689 -0.360 0.937 0.000 -0.185 0.295 0.726 0.000 -0.622 -0.293 0.839 0.000 -0.258 0.478 
0.965 0.046 -0.058 0.251 0.743 0.000 -0.664 0.084 0.964 0.000 -0.129 -0.231 0.798 0.000 -0.600 0.046 0.987 0.000 -0.082 -0.140 0.629 0.000 -0.694 -0.350 0.940 0.000 -0.175 0.293 0.725 -0.000 -0.622 -0.295 0.838 0.000 -0.260 0.479 
0.965 0.044 -0.056 0.252 0.744 0.000 -0.663 0.084 0.964 0.000 -0.130 -0.231 0.798 0.000 -0.601 0.046 0.987 0.000 -0.083 -0.139 0.630 0.000 -0.699 -0.339 0.942 0.000 -0.166 0.291 0.724 -0.000 -0.623 -0.297 0.838 0.000 -0.260 0.480 
0.966 0.042 -0.054 0.251 0.745 0.000 -0.661 0.084 0.964 0.000 -0.131 -0.231 0.795 0.000 -0.604 0.050 0.987 0.000 -0.079 -0.142 0.630 0.000 -0.704 -0.328 0.945 0.000 -0.155 0.288 0.723 0.000 -0.624 -0.296 0.839 0.000 -0.259 0.479 
0.966 0.041 -0.052 0.251 0.746 0.000 -0.660 0.085 0.964 0.000 -0.132 -0.232 0.794 -0.000 -0.606 0.052 0.987 0.000 -0.079 -0.141 0.631 0.000 -0.708 -0.318 0.947 0.000 -0.147 0.285 0.722 0.000 -0.625 -0.297 0.840 0.000 -0.259 0.477 
0.966 0.040 -0.050 0.251 0.747 0.000 -0.659 0.085 0.964 -0.000 -0.132 -0.232 0.793 -0.000 -0.607 0.053 0.987 0.000 -0.077 -0.141 0.632 -0.000 -0.711 -0.308 0.949 0.000 -0.139 0.282 0.721 0.000 -0.626 -0.297 0.841 0.000 -0.257 0.476 
0.966 0.038 -0.049 0.251 0.749 0.000 -0.657 0.084 0.964 0.000 -0.134 -0.232 0.792 0.000 -0.608 0.055 0.987 0.000 -0.077 -0.141 0.632 0.000 -0.715 -0.298 0.951 0.000 -0.132 0.279 0.720 0.000 -0.627 -0.296 0.843 0.000 -0.254 0.474 
0.966 0.037 -0.047 0.250 0.750 0.000 -0.656 0.084 0.963 0.000 -0.135 -0.232 0.791 0.000 -0.609 0.056 0.987 0.000 -0.076 -0.141 0.633 0.000 -0.718 -0.289 0.953 0.000 -0.125 0.275 0.720 -0.000 -0.628 -0.295 0.846 -0.000 -0.250 0.471 
0.967 0.036 -0.045 0.250 0.751 0.000 -0.655 0.085 0.963 0.000 -0.136 -0.233 0.790 0.000 -0.610 0.057 0.987 0.000 -0.076 -0.141 0.634 -0.000 -0.721 -0.280 0.955 0.000 -0.117 0.272 0.719 -0.000 -0.630 -0.294 0.849 -0.000 -0.246 0.468 
0.967 0.035 -0.043 0.250 0.752 0.000 -0.654 0.085 0.963 0.000 -0.137 -0.232 0.789 0.000 -0.611 0.057 0.987 0.000 -0.076 -0.140 0.634 -0.000 -0.724 -0.271 0.957 0.000 -0.111 0.268 0.718 0.000 -0.632 -0.293 0.853 0.000 -0.241 0.464 
0.967 0.033 -0.042 0.248 0.753 0.000 -0.652 0.085 0.963 0.000 -0.138 -0.232 0.788 -0.000 -0.612 0.059 0.987 0.000 -0.076 -0.141 0.635 0.000 -0.727 -0.261 0.959 0.000 -0.104 0.264 0.717 0.000 -0.634 -0.289 0.857 -0.000 -0.236 0.459 
0.967 0.032 -0.040 0.248 0.754 0.000 -0.651 0.085 0.963 0.000 -0.139 -0.232 0.787 0.000 -0.613 0.060 0.987 0.000 -0.075 -0.142 0.635 0.000 -0.730 -0.253 0.960 0.000 -0.098 0.261 0.717 0.000 -0.636 -0.287 0.861 0.000 -0.229 0.454 
0.968 0.031 -0.039 0.247 0.755 -0.000 -0.650 0.084 0.963 0.000 -0.140 -0.230 0.786 0.000 -0.615 0.060 0.987 -0.000 -0.074 -0.142 0.636 0.000 -0.732 -0.244 0.962 -0.000 -0.093 0.257 0.716 0.000 -0.638 -0.283 0.866 0.000 -0.223 0.447 
0.968 0.029 -0.037 0.246 0.756 0.000 -0.649 0.083 0.963 0.000 -0.141 -0.229 0.786 0.000 -0.615 0.061 0.987 0.000 -0.074 -0.142 0.637 0.000 -0.734 -0.236 0.963 0.000 -0.087 0.254 0.716 -0.000 -0.640 -0.279 0.871 0.000 -0.215 0.441 
0.969 0.028 -0.036 0.245 0.756 0.000 -0.649 0.083 0.963 0.000 -0.142 -0.229 0.785 0.000 -0.616 0.062 0.987 0.000 -0.074 -0.143 0.637 0.000 -0.736 -0.228 0.965 0.000 -0.083 0.249 0.715 0.000 -0.642 -0.275 0.877 0.000 -0.207 0.434 
0.969 0.027 -0.035 0.244 0.757 0.000 -0.648 0.082 0.963 0.000 -0.143 -0.228 0.784 0.000 -0.617 0.062 0.987 0.000 -0.073 -0.143 0.638 0.000 -0.738 -0.220 0.966 0.000 -0.078 0.245 0.715 0.000 -0.644 -0.271 0.882 0.000 -0.199 0.426 
0.969 0.025 -0.034 0.243 0.758 0.000 -0.648 0.082 0.963 -0.000 -0.144 -0.227 0.784 -0.000 -0.618 0.063 0.987 0.000 -0.072 -0.143 0.638 0.000 -0.740 -0.212 0.968 0.000 -0.073 0.242 0.715 0.000 -0.647 -0.266 0.888 0.000 -0.191 0.418 
0.969 0.024 -0.033 0.242 0.758 0.000 -0.647 0.081 0.963 0.000 -0.144 -0.226 0.783 0.000 -0.619 0.063 0.987 0.000 -0.072 -0.143 0.638 0.000 -0.742 -0.205 0.969 0.000 -0.069 0.238 0.714 0.000 -0.649 -0.261 0.894 0.000 -0.182 0.409 
0.970 0.023 -0.032 0.241 0.758 0.000 -0.647 0.081 0.963 0.000 -0.145 -0.225 0.783 0.000 -0.619 0.064 0.987 0.000 -0.071 -0.143 0.639 0.000 -0.744 -0.197 0.970 0.000 -0.065 0.235 0.714 -0.000 -0.652 -0.254 0.900 0.000 -0.172 0.400 
0.970 0.021 -0.031 0.240 0.759 0.000 -0.647 0.080 0.964 0.000 -0.146 -0.225 0.782 0.000 -0.620 0.064 0.987 0.000 -0.071 -0.144 0.639 0.000 -0.745 -0.192 0.970 0.000 -0.062 0.233 0.714 0.000 -0.655 -0.249 0.906 0.000 -0.162 0.390 
0.970 0.020 -0.031 0.239 0.759 0.000 -0.646 0.079 0.963 0.000 -0.146 -0.224 0.782 0.000 -0.620 0.065 0.987 -0.000 -0.070 -0.144 0.639 0.000 -0.746 -0.185 0.971 0.000 -0.057 0.230 0.713 0.000 -0.658 -0.242 0.912 0.000 -0.152 0.380 
0.971 0.019 -0.030 0.238 0.759 0.000 -0.646 0.078 0.964 0.000 -0.147 -0.223 0.781 -0.000 -0.621 0.065 0.987 0.000 -0.070 -0.145 0.640 0.000 -0.748 -0.177 0.973 0.000 -0.053 0.225 0.712 0.000 -0.661 -0.236 0.918 -0.000 -0.142 0.370 
0.971 0.017 -0.029 0.237 0.760 0.000 -0.646 0.078 0.964 0.000 -0.148 -0.223 0.781 0.000 -0.621 0.066 0.987 0.000 -0.070 -0.145 0.640 0.000 -0.749 -0.170 0.974 0.000 -0.050 0.222 0.712 0.000 -0.664 -0.229 0.924 -0.000 -0.131 0.359 
0.971 0.016 -0.028 0.236 0.760 0.000 -0.646 0.077 0.964 0.000 -0.148 -0.222 0.780 0.000 -0.622 0.066 0.987 0.000 -0.070 -0.145 0.641 0.000 -0.750 -0.163 0.975 0.000 -0.046 0.219 0.711 -0.000 -0.667 -0.222 0.929 -0.000 -0.121 0.349 
0.971 0.015 -0.028 0.235 0.760 0.000 -0.646 0.076 0.964 0.000 -0.149 -0.221 0.780 -0.000 -0.622 0.066 0.987 -0.000 -0.069 -0.145 0.641 0.000 -0.751 -0.158 0.975 0.000 -0.043 0.217 0.710 0.000 -0.671 -0.215 0.935 0.000 -0.110 0.338 
0.972 0.014 -0.027 0.234 0.760 0.000 -0.646 0.076 0.964 0.000 -0.149 -0.221 0.779 0.000 -0.623 0.066 0.987 0.000 -0.069 -0.146 0.641 0.000 -0.752 -0.151 0.976 0.000 -0.041 0.213 0.709 0.000 -0.674 -0.208 0.940 0.000 -0.100 0.327 
0.972 0.012 -0.027 0.234 0.760 0.000 -0.646 0.075 0.964 -0.000 -0.149 -0.221 0.779 0.000 -0.623 0.066 0.987 0.000 -0.069 -0.146 0.641 0.000 -0.753 -0.145 0.977 0.000 -0.038 0.210 0.708 0.000 -0.677 -0.201 0.944 0.000 -0.090 0.317 
0.972 0.011 -0.027 0.233 0.760 0.000 -0.646 0.075 0.964 0.000 -0.150 -0.220 0.779 0.000 -0.623 0.066 0.987 0.000 -0.069 -0.145 0.641 -0.000 -0.755 -0.138 0.978 -0.000 -0.035 0.206 0.707 0.000 -0.680 -0.193 0.948 0.000 -0.080 0.307 
0.972 0.010 -0.026 0.233 0.759 0.000 -0.646 0.074 0.964 0.000 -0.150 -0.219 0.779 -0.000 -0.624 0.066 0.987 0.000 -0.068 -0.145 0.642 -0.000 -0.756 -0.131 0.979 0.000 -0.032 0.203 0.706 -0.000 -0.683 -0.187 0.952 0.000 -0.071 0.297 
0.972 0.008 -0.026 0.232 0.759 0.000 -0.647 0.075 0.964 0.000 -0.149 -0.220 0.779 -0.000 -0.624 0.065 0.987 0.000 -0.068 -0.145 0.642 -0.000 -0.757 -0.125 0.979 0.000 -0.029 0.199 0.706 0.000 -0.686 -0.179 0.956 0.000 -0.063 0.288 
0.972 0.007 -0.026 0.232 0.759 0.000 -0.647 0.074 0.964 -0.000 -0.149 -0.220 0.778 0.000 -0.624 0.065 0.987 0.000 -0.068 -0.144 0.642 0.000 -0.758 -0.118 0.980 0.000 -0.026 0.196 0.705 0.000 -0.688 -0.172 0.959 0.000 -0.056 0.278 
0.973 0.005 -0.026 0.231 0.758 0.000 -0.648 0.074 0.964 0.000 -0.151 -0.219 0.779 0.000 -0.624 0.065 0.987 0.000 -0.069 -0.145 0.641 0.000 -0.759 -0.111 0.981 0.000 -0.023 0.192 0.704 0.000 -0.691 -0.165 0.962 0.000 -0.049 0.269 
0.973 0.003 -0.026 0.231 0.758 0.000 -0.648 0.074 0.964 0.000 -0.150 -0.220 0.779 0.000 -0.624 0.065 0.987 0.000 -0.068 -0.144 0.641 0.000 -0.760 -0.104 0.982 0.000 -0.020 0.189 0.704 0.000 -0.693 -0.157 0.964 0.000 -0.044 0.261 
0.973 0.001 -0.026 0.231 0.758 -0.000 -0.649 0.074 0.964 0.000 -0.151 -0.219 0.779 0.000 -0.624 0.065 0.987 -0.000 -0.069 -0.143 0.641 0.000 -0.761 -0.097 0.983 -0.000 -0.018 0.185 0.703 0.000 -0.695 -0.149 0.966 0.000 -0.040 0.254 
0.973 -0.000 -0.026 0.231 0.757 0.000 -0.649 0.074 0.964 0.000 -0.150 -0.219 0.779 0.000 -0.624 0.064 0.987 0.000 -0.069 -0.144 0.641 0.000 -0.762 -0.090 0.984 0.000 -0.016 0.180 0.703 -0.000 -0.697 -0.143 0.968 -0.000 -0.036 0.249 
0.973 -0.002 -0.027 0.230 0.756 -0.000 -0.650 0.074 0.964 0.000 -0.150 -0.219 0.779 -0.000 -0.624 0.064 0.987 0.000 -0.069 -0.143 0.641 0.000 -0.763 -0.083 0.984 0.000 -0.014 0.176 0.703 0.000 -0.698 -0.136 0.969 0.000 -0.033 0.245 
0.973 -0.004 -0.027 0.230 0.756 -0.000 -0.651 0.075 0.964 0.000 -0.151 -0.218 0.779 -0.000 -0.623 0.064 0.987 0.000 -0.070 -0.144 0.641 0.000 -0.764 -0.075 0.985 0.000 -0.011 0.171 0.702 -0.000 -0.700 -0.128 0.970 0.000 -0.029 0.240 
0.973 -0.006 -0.027 0.231 0.755 0.000 -0.651 0.075 0.964 0.000 -0.150 -0.219 0.780 -0.000 -0.623 0.063 0.987 0.000 -0.070 -0.143 0.641 -0.000 -0.765 -0.067 0.986 0.000 -0.008 0.166 0.702 -0.000 -0.702 -0.122 0.971 0.000 -0.025 0.236 
0.973 -0.007 -0.027 0.231 0.755 0.000 -0.652 0.075 0.964 0.000 -0.149 -0.219 0.780 0.000 -0.623 0.062 0.987 0.000 -0.070 -0.142 0.641 0.000 -0.766 -0.059 0.987 0.000 -0.006 0.161 0.702 0.000 -0.703 -0.114 0.973 0.000 -0.021 0.231 
0.973 -0.009 -0.027 0.231 0.755 0.000 -0.652 0.075 0.964 0.000 -0.150 -0.218 0.780 0.000 -0.622 0.062 0.987 0.000 -0.071 -0.141 0.640 0.000 -0.766 -0.050 0.988 0.000 -0.004 0.155 0.701 0.000 -0.705 -0.105 0.974 0.000 -0.016 0.225 
0.973 -0.011 -0.027 0.231 0.754 0.000 -0.653 0.076 0.964 0.000 -0.149 -0.219 0.780 0.000 -0.622 0.061 0.987 0.000 -0.071 -0.141 0.640 0.000 -0.767 -0.042 0.989 0.000 -0.002 0.150 0.701 0.000 -0.707 -0.097 0.976 0.000 -0.010 0.219 
0.973 -0.013 -0.027 0.231 0.753 0.000 -0.653 0.077 0.965 0.000 -0.148 -0.218 0.780 -0.000 -0.622 0.060 0.987 0.000 -0.071 -0.141 0.640 0.000 -0.767 -0.035 0.989 -0.000 -0.001 0.145 0.701 0.000 -0.708 -0.088 0.977 0.000 -0.006 0.213 
0.973 -0.015 -0.027 0.230 0.753 0.000 -0.654 0.077 0.965 0.000 -0.148 -0.217 0.781 0.000 -0.622 0.060 0.988 -0.000 -0.071 -0.140 0.640 0.000 -0.768 -0.027 0.990 0.000 0.001 0.141 0.701 -0.000 -0.709 -0.080 0.978 0.000 -0.003 0.207 
0.973 -0.017 -0.027 0.230 0.753 0.000 -0.654 0.079 0.965 0.000 -0.149 -0.217 0.781 -0.000 -0.622 0.059 0.988 0.000 -0.071 -0.140 0.640 0.000 -0.768 -0.021 0.990 0.000 0.002 0.138 0.701 0.000 -0.710 -0.072 0.980 0.000 0.001 0.201 
0.973 -0.018 -0.026 0.230 0.753 0.000 -0.654 0.079 0.965 0.000 -0.148 -0.217 0.781 0.000 -0.622 0.059 0.988 0.000 -0.072 -0.140 0.641 -0.000 -0.768 -0.016 0.991 0.000 0.003 0.136 0.700 0.000 -0.711 -0.066 0.980 0.000 0.004 0.197 
0.973 -0.020 -0.026 0.229 0.753 0.000 -0.654 0.079 0.965 0.000 -0.148 -0.216 0.781 0.000 -0.622 0.058 0.988 0.000 -0.072 -0.140 0.641 0.000 -0.768 -0.012 0.991 0.000 0.005 0.135 0.699 0.000 -0.712 -0.059 0.981 0.000 0.007 0.193 
0.973 -0.021 -0.025 0.228 0.752 0.000 -0.654 0.079 0.965 0.000 -0.147 -0.215 0.781 0.000 -0.622 0.057 0.988 -0.000 -0.072 -0.140 0.641 0.000 -0.768 -0.009 0.991 -0.000 0.006 0.135 0.699 0.000 -0.713 -0.053 0.982 0.000 0.010 0.189 
0.973 -0.023 -0.025 0.226 0.752 0.000 -0.654 0.080 0.966 0.000 -0.146 -0.215 0.780 0.000 -0.623 0.057 0.987 0.000 -0.071 -0.141 0.641 0.000 -0.767 -0.007 0.991 0.000 0.007 0.136 0.698 0.000 -0.714 -0.047 0.983 0.000 0.012 0.184 
0.974 -0.024 -0.024 0.225 0.752 0.000 -0.654 0.080 0.966 0.000 -0.146 -0.214 0.780 0.000 -0.623 0.057 0.987 0.000 -0.071 -0.141 0.641 -0.000 -0.767 -0.005 0.991 0.000 0.008 0.137 0.698 0.000 -0.715 -0.040 0.984 0.000 0.014 0.179 
0.974 -0.025 -0.024 0.224 0.752 0.000 -0.654 0.080 0.966 0.000 -0.145 -0.213 0.780 0.000 -0.623 0.057 0.987 0.000 -0.070 -0.141 0.642 0.000 -0.767 -0.002 0.991 -0.000 0.009 0.137 0.697 -0.000 -0.716 -0.034 0.984 0.000 0.016 0.175 
0.974 -0.027 -0.023 0.223 0.752 0.000 -0.654 0.081 0.966 0.000 -0.145 -0.213 0.780 0.000 -0.623 0.057 0.987 0.000 -0.070 -0.142 0.642 0.000 -0.767 0.000 0.990 0.000 0.010 0.137 0.697 0.000 -0.717 -0.027 0.985 0.000 0.017 0.169 
0.975 -0.028 -0.022 0.221 0.752 0.000 -0.655 0.081 0.967 -0.000 -0.144 -0.212 0.780 0.000 -0.623 0.057 0.987 -0.000 -0.069 -0.143 0.642 0.000 -0.766 0.003 0.990 0.000 0.012 0.137 0.696 0.000 -0.718 -0.021 0.986 0.000 0.018 0.164 
0.975 -0.029 -0.022 0.220 0.751 0.000 -0.655 0.081 0.967 0.000 -0.143 -0.210 0.780 -0.000 -0.624 0.058 0.987 0.000 -0.069 -0.144 0.643 0.000 -0.766 0.005 0.991 0.000 0.012 0.137 0.695 0.000 -0.718 -0.016 0.987 0.000 0.020 0.160 
0.975 -0.030 -0.022 0.219 0.751 0.000 -0.656 0.082 0.967 0.000 -0.142 -0.210 0.780 0.000 -0.624 0.057 0.987 0.000 -0.068 -0.144 0.643 0.000 -0.766 0.008 0.991 0.000 0.013 0.136 0.695 0.000 -0.719 -0.010 0.988 0.000 0.021 0.156 
0.975 -0.031 -0.021 0.218 0.751 0.000 -0.656 0.082 0.968 0.000 -0.142 -0.208 0.780 0.000 -0.624 0.057 0.987 0.000 -0.068 -0.144 0.643 -0.000 -0.765 0.010 0.991 0.000 0.014 0.136 0.695 0.000 -0.719 -0.004 0.988 0.000 0.022 0.151 
0.975 -0.032 -0.021 0.217 0.750 0.000 -0.656 0.082 0.968 0.000 -0.142 -0.208 0.779 0.000 -0.624 0.056 0.987 0.000 -0.067 -0.144 0.644 0.000 -0.765 0.012 0.991 0.000 0.014 0.135 0.694 0.000 -0.720 0.000 0.989 0.000 0.023 0.147 
0.976 -0.032 -0.021 0.216 0.750 0.000 -0.656 0.083 0.968 -0.000 -0.142 -0.208 0.779 0.000 -0.624 0.056 0.987 0.000 -0.065 -0.144 0.644 0.000 -0.765 0.015 0.991 -0.000 0.015 0.134 0.694 0.000 -0.720 0.005 0.989 0.000 0.024 0.143 
0.976 -0.033 -0.021 0.216 0.750 0.000 -0.656 0.083 0.968 -0.000 -0.143 -0.206 0.779 0.000 -0.624 0.055 0.988 0.000 -0.065 -0.143 0.644 0.000 -0.765 0.017 0.991 0.000 0.016 0.134 0.694 -0.000 -0.720 0.010 0.990 0.000 0.024 0.139 
0.976 -0.034 -0.021 0.215 0.750 -0.000 -0.656 0.084 0.968 0.000 -0.143 -0.206 0.779 0.000 -0.625 0.055 0.988 -0.000 -0.064 -0.144 0.644 0.000 -0.765 0.018 0.991 0.000 0.017 0.134 0.694 0.000 -0.720 0.014 0.991 0.000 0.024 0.135 
0.976 -0.035 -0.021 0.214 0.750 -0.000 -0.656 0.085 0.968 0.000 -0.144 -0.206 0.779 0.000 -0.624 0.053 0.988 -0.000 -0.064 -0.144 0.644 0.000 -0.765 0.019 0.991 0.000 0.017 0.134 0.694 0.000 -0.719 0.018 0.991 0.000 0.024 0.132 
0.976 -0.035 -0.020 0.214 0.750 0.000 -0.656 0.086 0.968 0.000 -0.145 -0.206 0.779 0.000 -0.624 0.052 0.988 0.000 -0.064 -0.143 0.644 0.000 -0.764 0.020 0.991 0.000 0.018 0.134 0.693 0.000 -0.721 0.024 0.992 0.000 0.029 0.125 
0.976 -0.036 -0.020 0.213 0.750 -0.000 -0.656 0.086 0.968 0.000 -0.146 -0.204 0.779 0.000 -0.624 0.052 0.988 0.000 -0.063 -0.144 0.644 0.000 -0.764 0.021 0.991 0.000 0.018 0.134 0.693 0.000 -0.721 0.027 0.992 0.000 0.029 0.123 
0.976 -0.036 -0.021 0.213 0.750 0.000 -0.656 0.086 0.968 -0.000 -0.146 -0.203 0.780 0.000 -0.624 0.052 0.988 0.000 -0.062 -0.144 0.644 0.000 -0.764 0.022 0.991 0.000 0.019 0.134 0.693 0.000 -0.721 0.030 0.992 0.000 0.029 0.120 
0.976 -0.037 -0.021 0.213 0.750 0.000 -0.656 0.086 0.968 0.000 -0.147 -0.203 0.780 0.000 -0.624 0.051 0.988 0.000 -0.062 -0.144 0.644 0.000 -0.764 0.023 0.991 0.000 0.019 0.134 0.693 0.000 -0.721 0.031 0.992 -0.000 0.030 0.119 
0.976 -0.037 -0.021 0.213 0.749 0.000 -0.656 0.086 0.968 0.000 -0.147 -0.203 0.780 0.000 -0.623 0.051 0.988 0.000 -0.063 -0.144 0.644 0.000 -0.764 0.023 0.991 0.000 0.019 0.134 0.693 0.000 -0.721 0.032 0.993 0.000 0.030 0.118 
0.976 -0.037 -0.021 0.213 0.749 0.000 -0.657 0.085 0.968 0.000 -0.147 -0.202 0.781 0.000 -0.623 0.049 0.988 0.000 -0.063 -0.144 0.644 0.000 -0.764 0.024 0.991 0.000 0.019 0.134 0.692 0.000 -0.721 0.033 0.993 0.000 0.030 0.118 
0.976 -0.038 -0.022 0.213 0.749 0.000 -0.657 0.085 0.968 0.000 -0.147 -0.202 0.781 0.000 -0.623 0.048 0.988 0.000 -0.062 -0.143 0.644 0.000 -0.764 0.024 0.991 0.000 0.019 0.134 0.693 0.000 -0.721 0.033 0.993 -0.000 0.030 0.118 
0.976 -0.038 -0.022 0.213 0.749 0.000 -0.657 0.085 0.968 0.000 -0.147 -0.201 0.781 0.000 -0.623 0.047 0.988 0.000 -0.061 -0.143 0.644 0.000 -0.764 0.025 0.991 0.000 0.019 0.134 0.693 0.000 -0.720 0.034 0.993 0.000 0.030 0.117 
0.976 -0.038 -0.022 0.213 0.749 0.000 -0.657 0.085 0.969 0.000 -0.147 -0.201 0.781 0.000 -0.623 0.047 0.988 0.000 -0.061 -0.143 0.644 0.000 -0.764 0.025 0.991 0.000 0.019 0.134 0.693 0.000 -0.720 0.035 0.993 -0.000 0.030 0.117 
0.976 -0.038 -0.022 0.214 0.748 0.000 -0.658 0.084 0.969 -0.000 -0.147 -0.201 0.781 0.000 -0.623 0.046 0.988 0.000 -0.060 -0.142 0.644 0.000 -0.764 0.025 0.991 -0.000 0.019 0.134 0.693 0.000 -0.721 0.033 0.993 0.000 0.030 0.118 
0.976 -0.039 -0.022 0.213 0.748 0.000 -0.658 0.084 0.969 0.000 -0.147 -0.200 0.781 0.000 -0.623 0.045 0.988 0.000 -0.060 -0.141 0.644 0.000 -0.764 0.025 0.991 0.000 0.019 0.134 0.692 0.000 -0.721 0.034 0.993 0.000 0.030 0.117 
0.976 -0.039 -0.023 0.213 0.748 0.000 -0.658 0.084 0.969 0.000 -0.146 -0.200 0.781 0.000 -0.623 0.044 0.988 -0.000 -0.060 -0.141 0.644 0.000 -0.765 0.024 0.991 0.000 0.019 0.134 0.693 0.000 -0.721 0.034 0.993 0.000 0.030 0.117 
0.976 -0.039 -0.023 0.213 0.748 0.000 -0.659 0.084 0.969 0.000 -0.146 -0.200 0.781 0.000 -0.623 0.043 0.988 0.000 -0.059 -0.141 0.644 0.000 -0.764 0.024 0.991 -0.000 0.020 0.134 0.693 0.000 -0.721 0.034 0.993 0.000 0.030 0.117 
0.976 -0.039 -0.023 0.213 0.748 0.000 -0.659 0.084 0.969 0.000 -0.146 -0.200 0.781 0.000 -0.623 0.043 0.988 0.000 -0.059 -0.141 0.644 0.000 -0.765 0.024 0.991 0.000 0.020 0.134 0.692 0.000 -0.721 0.034 0.993 0.000 0.030 0.117 
0.976 -0.039 -0.023 0.212 0.748 0.000 -0.659 0.084 0.969 0.000 -0.146 -0.200 0.781 0.000 -0.623 0.043 0.988 0.000 -0.059 -0.142 0.644 0.000 -0.765 0.023 0.991 0.000 0.020 0.135 0.693 0.000 -0.721 0.034 0.993 0.000 0.030 0.116 
0.976 -0.039 -0.023 0.212 0.748 0.000 -0.659 0.084 0.969 0.000 -0.146 -0.201 0.781 0.000 -0.623 0.043 0.988 0.000 -0.059 -0.142 0.644 0.000 -0.764 0.023 0.991 0.000 0.020 0.135 0.693 -0.000 -0.721 0.035 0.993 0.000 0.030 0.116 
0.976 -0.039 -0.023 0.212 0.748 0.000 -0.659 0.085 0.969 0.000 -0.146 -0.201 0.781 0.000 -0.623 0.042 0.988 0.000 -0.059 -0.142 0.644 0.000 -0.764 0.023 0.991 0.000 0.020 0.135 0.692 0.000 -0.721 0.035 0.993 0.000 0.030 0.115 
0.976 -0.039 -0.024 0.211 0.747 0.000 -0.659 0.085 0.969 0.000 -0.145 -0.200 0.781 0.000 -0.623 0.042 0.988 -0.000 -0.060 -0.143 0.644 0.000 -0.764 0.022 0.991 0.000 0.020 0.135 0.693 0.000 -0.721 0.035 0.993 0.000 0.030 0.115 
0.976 -0.039 -0.024 0.211 0.747 0.000 -0.659 0.084 0.969 0.000 -0.145 -0.200 0.781 -0.000 -0.622 0.043 0.988 0.000 -0.060 -0.144 0.644 0.000 -0.764 0.021 0.991 0.000 0.020 0.136 0.692 0.000 -0.721 0.036 0.993 -0.000 0.030 0.113 
0.976 -0.039 -0.024 0.211 0.747 0.000 -0.659 0.085 0.969 -0.000 -0.146 -0.199 0.781 0.000 -0.623 0.043 0.988 0.000 -0.060 -0.144 0.644 0.000 -0.764 0.020 0.990 0.000 0.019 0.136 0.692 -0.000 -0.721 0.036 0.993 0.000 0.029 0.113 
0.977 -0.038 -0.024 0.211 0.747 -0.000 -0.659 0.085 0.969 0.000 -0.146 -0.200 0.782 0.000 -0.622 0.042 0.988 0.000 -0.061 -0.144 0.645 0.000 -0.764 0.019 0.990 0.000 0.019 0.137 0.692 0.000 -0.721 0.035 0.993 0.000 0.029 0.112 
0.977 -0.038 -0.024 0.211 0.747 -0.000 -0.659 0.085 0.969 0.000 -0.145 -0.201 0.782 0.000 -0.622 0.042 0.988 0.000 -0.061 -0.144 0.645 0.000 -0.764 0.018 0.990 0.000 0.019 0.137 0.692 0.000 -0.721 0.035 0.993 0.000 0.030 0.112 
0.977 -0.038 -0.024 0.210 0.747 0.000 -0.659 0.085 0.969 0.000 -0.145 -0.200 0.782 0.000 -0.622 0.042 0.988 0.000 -0.062 -0.145 0.645 -0.000 -0.764 0.017 0.990 0.000 0.019 0.138 0.692 -0.000 -0.721 0.035 0.993 0.000 0.029 0.112 
0.977 -0.038 -0.024 0.210 0.748 0.000 -0.659 0.085 0.969 0.000 -0.145 -0.201 0.782 0.000 -0.621 0.042 0.988 -0.000 -0.062 -0.144 0.645 0.000 -0.764 0.017 0.990 0.000 0.019 0.138 0.692 0.000 -0.721 0.035 0.993 0.000 0.029 0.112 
0.977 -0.038 -0.024 0.210 0.748 0.000 -0.659 0.085 0.969 -0.000 -0.146 -0.200 0.783 0.000 -0.621 0.042 0.987 0.000 -0.063 -0.145 0.645 -0.000 -0.764 0.016 0.990 -0.000 0.019 0.139 0.692 0.000 -0.721 0.035 0.993 0.000 0.029 0.112 
0.977 -0.038 -0.024 0.210 0.748 0.000 -0.658 0.085 0.969 0.000 -0.146 -0.201 0.783 0.000 -0.621 0.042 0.988 0.000 -0.063 -0.144 0.645 0.000 -0.764 0.016 0.990 0.000 0.019 0.138 0.692 0.000 -0.721 0.035 0.993 0.000 0.029 0.111 
0.977 -0.038 -0.025 0.210 0.748 0.000 -0.659 0.085 0.969 0.000 -0.146 -0.201 0.783 0.000 -0.620 0.042 0.988 -0.000 -0.063 -0.144 0.645 0.000 -0.764 0.015 0.990 0.000 0.019 0.138 0.692 0.000 -0.721 0.034 0.993 0.000 0.029 0.111 
0.977 -0.038 -0.025 0.210 0.747 0.000 -0.659 0.086 0.968 0.000 -0.146 -0.202 0.783 0.000 -0.620 0.042 0.988 0.000 -0.063 -0.144 0.645 0.000 -0.764 0.015 0.990 0.000 0.019 0.138 0.692 0.000 -0.721 0.034 0.993 0.000 0.029 0.111 
0.977 -0.038 -0.025 0.210 0.747 0.000 -0.659 0.086 0.969 0.000 -0.146 -0.201 0.783 0.000 -0.620 0.042 0.988 -0.000 -0.063 -0.144 0.645 -0.000 -0.764 0.015 0.990 0.000 0.019 0.137 0.692 0.000 -0.721 0.034 0.993 0.000 0.029 0.110 
0.977 -0.037 -0.025 0.210 0.747 0.000 -0.659 0.086 0.969 0.000 -0.147 -0.201 0.783 0.000 -0.620 0.043 0.988 0.000 -0.063 -0.144 0.645 0.000 -0.764 0.015 0.990 0.000 0.019 0.137 0.692 0.000 -0.721 0.033 0.993 0.000 0.030 0.110 
0.977 -0.037 -0.026 0.210 0.747 -0.000 -0.659 0.086 0.969 0.000 -0.146 -0.200 0.784 0.000 -0.620 0.043 0.987 0.000 -0.064 -0.144 0.645 0.000 -0.764 0.014 0.990 0.000 0.019 0.137 0.692 0.000 -0.721 0.033 0.994 0.000 0.029 0.110 
0.977 -0.037 -0.026 0.210 0.747 -0.000 -0.659 0.086 0.969 0.000 -0.147 -0.200 0.784 0.000 -0.619 0.043 0.988 0.000 -0.064 -0.144 0.645 0.000 -0.764 0.014 0.990 0.000 0.019 0.138 0.692 0.000 -0.721 0.033 0.993 0.000 0.029 0.110 
0.977 -0.037 -0.026 0.210 0.747 0.000 -0.659 0.086 0.969 -0.000 -0.147 -0.200 0.784 -0.000 -0.619 0.043 0.988 -0.000 -0.064 -0.143 0.645 0.000 -0.764 0.013 0.990 -0.000 0.019 0.138 0.692 -0.000 -0.721 0.032 0.993 0.000 0.029 0.111 
0.977 -0.037 -0.026 0.210 0.747 0.000 -0.659 0.086 0.969 0.000 -0.147 -0.200 0.784 0.000 -0.619 0.043 0.988 -0.000 -0.064 -0.142 0.645 0.000 -0.764 0.012 0.990 0.000 0.018 0.139 0.692 -0.000 -0.721 0.032 0.993 0.000 0.029 0.111 
0.977 -0.037 -0.026 0.210 0.748 0.000 -0.659 0.086 0.969 -0.000 -0.148 -0.199 0.784 -0.000 -0.619 0.044 0.988 0.000 -0.064 -0.142 0.645 0.000 -0.764 0.012 0.990 0.000 0.018 0.139 0.692 0.000 -0.721 0.031 0.993 -0.000 0.029 0.112 
0.977 -0.037 -0.026 0.210 0.748 0.000 -0.659 0.086 0.969 0.000 -0.147 -0.199 0.784 0.000 -0.619 0.045 0.988 0.000 -0.065 -0.143 0.645 -0.000 -0.764 0.011 0.990 0.000 0.018 0.139 0.692 0.000 -0.722 0.030 0.993 0.000 0.029 0.113 
0.977 -0.038 -0.026 0.209 0.748 0.000 -0.658 0.086 0.969 -0.000 -0.147 -0.198 0.784 -0.000 -0.619 0.045 0.988 0.000 -0.064 -0.143 0.645 0.000 -0.764 0.011 0.990 0.000 0.019 0.140 0.692 0.000 -0.722 0.030 0.993 0.000 0.028 0.113 
0.977 -0.038 -0.026 0.209 0.748 0.000 -0.658 0.087 0.969 -0.000 -0.148 -0.199 0.784 0.000 -0.619 0.046 0.988 -0.000 -0.065 -0.143 0.645 0.000 -0.764 0.011 0.990 0.000 0.019 0.140 0.692 0.000 -0.722 0.029 0.993 0.000 0.028 0.114 
0.977 -0.038 -0.026 0.208 0.748 0.000 -0.658 0.087 0.969 0.000 -0.147 -0.199 0.784 -0.000 -0.619 0.047 0.988 -0.000 -0.065 -0.143 0.645 0.000 -0.764 0.010 0.990 0.000 0.018 0.140 0.692 0.000 -0.722 0.029 0.993 0.000 0.028 0.115 
0.977 -0.037 -0.026 0.208 0.748 -0.000 -0.658 0.087 0.969 -0.000 -0.147 -0.199 0.784 0.000 -0.619 0.047 0.988 0.000 -0.065 -0.142 0.645 0.000 -0.764 0.010 0.990 0.000 0.018 0.140 0.691 -0.000 -0.722 0.027 0.993 0.000 0.028 0.116 
0.977 -0.038 -0.026 0.208 0.748 0.000 -0.658 0.087 0.969 0.000 -0.148 -0.199 0.784 0.000 -0.619 0.048 0.988 0.000 -0.065 -0.142 0.646 0.000 -0.764 0.010 0.990 -0.000 0.018 0.140 0.691 -0.000 -0.722 0.026 0.993 0.000 0.028 0.117 
0.977 -0.038 -0.026 0.208 0.748 0.000 -0.658 0.087 0.969 -0.000 -0.148 -0.198 0.784 -0.000 -0.619 0.049 0.988 0.000 -0.065 -0.142 0.646 0.000 -0.764 0.009 0.990 0.000 0.018 0.139 0.691 0.000 -0.722 0.026 0.993 0.000 0.028 0.117 
0.977 -0.038 -0.026 0.208 0.748 0.000 -0.658 0.088 0.969 0.000 -0.148 -0.198 0.784 0.000 -0.619 0.049 0.988 0.000 -0.065 -0.142 0.646 0.000 -0.764 0.009 0.990 0.000 0.017 0.139 0.691 0.000 -0.722 0.025 0.993 -0.000 0.028 0.118 
0.977 -0.038 -0.026 0.208 0.748 0.000 -0.658 0.088 0.969 0.000 -0.149 -0.198 0.784 0.000 -0.618 0.050 0.988 -0.000 -0.065 -0.142 0.646 0.000 -0.763 0.009 0.990 -0.000 0.017 0.139 0.691 0.000 -0.722 0.024 0.992 0.000 0.027 0.119 
0.977 -0.038 -0.027 0.207 0.748 0.000 -0.658 0.089 0.969 -0.000 -0.149 -0.199 0.784 0.000 -0.618 0.050 0.988 0.000 -0.065 -0.142 0.646 -0.000 -0.763 0.009 0.990 0.000 0.016 0.140 0.691 0.000 -0.722 0.023 0.992 0.000 0.027 0.120 
0.977 -0.038 -0.027 0.207 0.748 -0.000 -0.657 0.089 0.969 0.000 -0.150 -0.199 0.784 0.000 -0.618 0.051 0.988 0.000 -0.065 -0.142 0.646 0.000 -0.763 0.008 0.990 0.000 0.016 0.140 0.691 0.000 -0.722 0.022 0.992 -0.000 0.027 0.121 
0.977 -0.038 -0.027 0.206 0.748 0.000 -0.657 0.089 0.969 -0.000 -0.150 -0.198 0.784 0.000 -0.618 0.052 0.988 0.000 -0.065 -0.142 0.646 0.000 -0.763 0.007 0.990 0.000 0.015 0.140 0.692 0.000 -0.722 0.021 0.992 0.000 0.027 0.123 
0.977 -0.038 -0.027 0.206 0.749 0.000 -0.657 0.088 0.969 0.000 -0.150 -0.198 0.785 -0.000 -0.618 0.052 0.988 0.000 -0.066 -0.142 0.646 0.000 -0.763 0.006 0.990 0.000 0.015 0.141 0.691 0.000 -0.722 0.020 0.992 0.000 0.027 0.124 
0.977 -0.038 -0.027 0.206 0.749 0.000 -0.657 0.089 0.968 0.000 -0.150 -0.198 0.785 0.000 -0.618 0.053 0.988 0.000 -0.066 -0.142 0.647 0.000 -0.763 0.006 0.990 -0.000 0.015 0.141 0.691 0.000 -0.722 0.018 0.992 0.000 0.027 0.125 
