# T   LUA LFA RUA RFA LT  LS  RT  RS  
0.987 -0.149 0.003 -0.058 0.900 0.000 -0.436 -0.013 0.718 0.000 -0.098 -0.689 0.905 0.000 -0.424 0.031 0.779 0.000 -0.035 -0.625 0.709 -0.000 -0.271 -0.651 0.774 0.000 -0.603 0.196 0.762 0.000 -0.266 -0.590 0.775 0.000 -0.585 0.239 
0.987 -0.149 0.003 -0.058 0.900 0.000 -0.436 -0.013 0.718 0.000 -0.098 -0.690 0.905 0.000 -0.424 0.031 0.779 0.000 -0.034 -0.625 0.709 -0.000 -0.271 -0.651 0.774 0.000 -0.603 0.196 0.762 0.000 -0.267 -0.590 0.775 0.000 -0.585 0.239 
0.987 -0.149 0.003 -0.058 0.900 0.000 -0.436 -0.013 0.717 0.000 -0.098 -0.690 0.905 0.000 -0.424 0.031 0.779 0.000 -0.034 -0.626 0.709 0.000 -0.271 -0.651 0.774 -0.000 -0.603 0.196 0.762 0.000 -0.266 -0.590 0.775 0.000 -0.585 0.239 
0.987 -0.149 0.003 -0.058 0.900 0.000 -0.436 -0.013 0.718 0.000 -0.098 -0.690 0.905 0.000 -0.424 0.031 0.780 0.000 -0.034 -0.625 0.709 -0.000 -0.271 -0.651 0.774 0.000 -0.602 0.196 0.762 -0.000 -0.267 -0.590 0.775 0.000 -0.585 0.239 
0.987 -0.149 0.003 -0.058 0.900 0.000 -0.436 -0.013 0.718 0.000 -0.098 -0.690 0.905 0.000 -0.424 0.031 0.779 0.000 -0.034 -0.626 0.709 0.000 -0.271 -0.651 0.774 0.000 -0.603 0.196 0.762 0.000 -0.267 -0.590 0.775 -0.000 -0.584 0.239 
0.987 -0.149 0.003 -0.058 0.900 0.000 -0.436 -0.013 0.718 0.000 -0.098 -0.690 0.905 0.000 -0.424 0.031 0.780 -0.000 -0.034 -0.625 0.709 0.000 -0.271 -0.651 0.774 0.000 -0.603 0.196 0.762 0.000 -0.267 -0.590 0.776 0.000 -0.584 0.239 
0.987 -0.149 0.003 -0.058 0.900 0.000 -0.436 -0.013 0.718 0.000 -0.098 -0.689 0.905 0.000 -0.424 0.031 0.779 0.000 -0.034 -0.626 0.709 0.000 -0.271 -0.651 0.774 0.000 -0.603 0.196 0.762 0.000 -0.267 -0.590 0.776 0.000 -0.584 0.239 
0.987 -0.149 0.003 -0.058 0.900 0.000 -0.435 -0.013 0.718 0.000 -0.098 -0.690 0.905 -0.000 -0.424 0.031 0.780 0.000 -0.034 -0.625 0.709 0.000 -0.271 -0.651 0.774 0.000 -0.603 0.196 0.762 -0.000 -0.267 -0.590 0.776 0.000 -0.584 0.239 
0.987 -0.149 0.003 -0.058 0.900 0.000 -0.436 -0.013 0.718 0.000 -0.098 -0.690 0.905 0.000 -0.424 0.031 0.780 -0.000 -0.034 -0.625 0.709 0.000 -0.271 -0.651 0.774 0.000 -0.603 0.196 0.762 -0.000 -0.267 -0.590 0.776 0.000 -0.584 0.239 
0.987 -0.149 0.003 -0.058 0.900 0.000 -0.436 -0.013 0.718 -0.000 -0.098 -0.690 0.905 0.000 -0.424 0.031 0.779 0.000 -0.034 -0.626 0.709 0.000 -0.271 -0.651 0.774 -0.000 -0.603 0.196 0.762 0.000 -0.267 -0.590 0.775 0.000 -0.584 0.239 
0.987 -0.149 0.003 -0.058 0.900 -0.000 -0.436 -0.013 0.718 0.000 -0.098 -0.690 0.905 0.000 -0.424 0.031 0.779 -0.000 -0.034 -0.626 0.709 -0.000 -0.271 -0.651 0.774 -0.000 -0.603 0.196 0.762 0.000 -0.267 -0.590 0.776 0.000 -0.584 0.239 
0.987 -0.149 0.003 -0.058 0.900 -0.000 -0.436 -0.013 0.718 0.000 -0.098 -0.690 0.905 0.000 -0.424 0.031 0.780 0.000 -0.034 -0.625 0.709 0.000 -0.271 -0.651 0.774 0.000 -0.603 0.196 0.762 0.000 -0.267 -0.590 0.776 0.000 -0.584 0.239 
0.987 -0.149 0.003 -0.058 0.900 0.000 -0.436 -0.013 0.718 0.000 -0.098 -0.690 0.905 0.000 -0.424 0.031 0.779 0.000 -0.034 -0.626 0.709 -0.000 -0.271 -0.651 0.774 0.000 -0.603 0.196 0.762 0.000 -0.266 -0.590 0.775 0.000 -0.585 0.239 
0.987 -0.149 0.003 -0.058 0.900 0.000 -0.435 -0.013 0.718 0.000 -0.098 -0.689 0.905 0.000 -0.424 0.031 0.779 -0.000 -0.034 -0.626 0.709 0.000 -0.271 -0.651 0.774 0.000 -0.603 0.196 0.762 0.000 -0.267 -0.590 0.775 0.000 -0.584 0.239 
0.987 -0.149 0.003 -0.058 0.900 0.000 -0.436 -0.013 0.718 0.000 -0.098 -0.690 0.905 0.000 -0.424 0.031 0.779 0.000 -0.034 -0.626 0.709 0.000 -0.271 -0.651 0.774 0.000 -0.603 0.196 0.762 -0.000 -0.267 -0.590 0.775 0.000 -0.585 0.239 
0.987 -0.149 0.003 -0.058 0.900 0.000 -0.436 -0.013 0.718 0.000 -0.098 -0.690 0.905 0.000 -0.424 0.031 0.779 -0.000 -0.034 -0.626 0.709 0.000 -0.271 -0.651 0.774 0.000 -0.603 0.196 0.762 -0.000 -0.267 -0.590 0.775 -0.000 -0.584 0.239 
0.987 -0.149 0.003 -0.058 0.900 0.000 -0.436 -0.013 0.718 0.000 -0.098 -0.690 0.905 0.000 -0.424 0.031 0.779 0.000 -0.034 -0.626 0.709 -0.000 -0.271 -0.651 0.774 0.000 -0.603 0.196 0.762 0.000 -0.267 -0.590 0.775 0.000 -0.584 0.239 
0.987 -0.149 0.003 -0.058 0.900 0.000 -0.436 -0.013 0.717 0.000 -0.097 -0.690 0.905 0.000 -0.424 0.031 0.779 0.000 -0.034 -0.626 0.709 0.000 -0.271 -0.651 0.774 0.000 -0.603 0.195 0.762 0.000 -0.266 -0.590 0.775 0.000 -0.584 0.239 
0.987 -0.149 0.003 -0.058 0.900 0.000 -0.435 -0.013 0.718 0.000 -0.098 -0.690 0.905 0.000 -0.424 0.031 0.779 0.000 -0.034 -0.626 0.709 0.000 -0.271 -0.651 0.774 -0.000 -0.603 0.196 0.762 0.000 -0.266 -0.590 0.775 0.000 -0.585 0.239 
0.987 -0.149 0.003 -0.058 0.900 0.000 -0.436 -0.013 0.718 0.000 -0.097 -0.690 0.905 0.000 -0.424 0.031 0.779 0.000 -0.034 -0.626 0.709 0.000 -0.271 -0.651 0.774 -0.000 -0.603 0.196 0.762 0.000 -0.266 -0.590 0.775 -0.000 -0.585 0.239 
0.987 -0.149 0.003 -0.058 0.900 0.000 -0.435 -0.013 0.718 0.000 -0.097 -0.690 0.905 0.000 -0.424 0.031 0.779 0.000 -0.034 -0.626 0.709 0.000 -0.271 -0.651 0.774 0.000 -0.603 0.196 0.762 0.000 -0.267 -0.590 0.775 0.000 -0.584 0.239 
0.987 -0.149 0.003 -0.058 0.900 0.000 -0.435 -0.013 0.718 0.000 -0.098 -0.689 0.905 0.000 -0.424 0.031 0.779 0.000 -0.034 -0.626 0.709 0.000 -0.271 -0.651 0.774 0.000 -0.603 0.196 0.762 -0.000 -0.267 -0.590 0.775 0.000 -0.584 0.239 
0.987 -0.149 0.003 -0.058 0.900 0.000 -0.435 -0.013 0.718 0.000 -0.098 -0.689 0.905 0.000 -0.424 0.031 0.779 0.000 -0.034 -0.626 0.709 0.000 -0.271 -0.651 0.774 0.000 -0.603 0.196 0.762 0.000 -0.266 -0.590 0.775 0.000 -0.585 0.239 
0.987 -0.148 0.003 -0.058 0.900 0.000 -0.435 -0.013 0.718 0.000 -0.097 -0.690 0.905 0.000 -0.424 0.031 0.779 0.000 -0.034 -0.626 0.710 0.000 -0.271 -0.651 0.774 0.000 -0.603 0.195 0.762 -0.000 -0.266 -0.590 0.775 0.000 -0.584 0.239 
0.987 -0.149 0.003 -0.058 0.900 0.000 -0.435 -0.013 0.718 0.000 -0.097 -0.689 0.905 0.000 -0.424 0.032 0.780 0.000 -0.034 -0.625 0.709 0.000 -0.271 -0.651 0.774 0.000 -0.602 0.196 0.762 -0.000 -0.266 -0.590 0.775 0.000 -0.585 0.239 
0.987 -0.149 0.003 -0.058 0.900 0.000 -0.435 -0.013 0.718 -0.000 -0.097 -0.689 0.905 0.000 -0.424 0.032 0.780 0.000 -0.034 -0.625 0.709 0.000 -0.271 -0.651 0.774 0.000 -0.603 0.196 0.762 0.000 -0.267 -0.590 0.775 0.000 -0.584 0.239 
0.987 -0.149 0.003 -0.058 0.900 0.000 -0.435 -0.013 0.718 0.000 -0.098 -0.689 0.905 0.000 -0.424 0.031 0.780 -0.000 -0.034 -0.625 0.709 0.000 -0.271 -0.651 0.774 0.000 -0.603 0.196 0.762 -0.000 -0.266 -0.590 0.775 0.000 -0.585 0.239 
0.987 -0.149 0.003 -0.058 0.900 0.000 -0.435 -0.013 0.718 0.000 -0.097 -0.689 0.905 0.000 -0.424 0.031 0.780 0.000 -0.035 -0.625 0.709 0.000 -0.271 -0.651 0.774 0.000 -0.602 0.196 0.762 0.000 -0.267 -0.590 0.776 0.000 -0.584 0.239 
0.987 -0.149 0.003 -0.058 0.900 -0.000 -0.435 -0.013 0.718 0.000 -0.097 -0.689 0.905 0.000 -0.424 0.031 0.780 0.000 -0.035 -0.625 0.709 0.000 -0.271 -0.651 0.774 0.000 -0.603 0.196 0.762 0.000 -0.267 -0.590 0.776 0.000 -0.584 0.239 
0.987 -0.149 0.003 -0.058 0.900 0.000 -0.435 -0.014 0.718 0.000 -0.097 -0.689 0.905 0.000 -0.424 0.031 0.780 0.000 -0.035 -0.625 0.709 0.000 -0.271 -0.651 0.774 0.000 -0.603 0.196 0.762 0.000 -0.267 -0.590 0.776 -0.000 -0.584 0.239 
0.987 -0.149 0.003 -0.058 0.900 0.000 -0.435 -0.014 0.718 0.000 -0.097 -0.689 0.905 0.000 -0.424 0.031 0.780 0.000 -0.035 -0.625 0.709 0.000 -0.271 -0.651 0.774 0.000 -0.603 0.196 0.762 0.000 -0.267 -0.590 0.775 -0.000 -0.584 0.239 
0.987 -0.149 0.003 -0.058 0.900 0.000 -0.435 -0.014 0.718 0.000 -0.098 -0.689 0.905 0.000 -0.424 0.031 0.780 -0.000 -0.036 -0.625 0.709 0.000 -0.271 -0.651 0.774 0.000 -0.603 0.196 0.762 0.000 -0.267 -0.590 0.776 0.000 -0.584 0.239 
0.987 -0.149 0.003 -0.058 0.900 0.000 -0.435 -0.014 0.718 0.000 -0.098 -0.689 0.905 0.000 -0.424 0.031 0.780 0.000 -0.036 -0.625 0.709 0.000 -0.271 -0.651 0.774 -0.000 -0.603 0.196 0.762 0.000 -0.266 -0.590 0.775 0.000 -0.585 0.239 
0.987 -0.148 0.003 -0.058 0.900 -0.000 -0.435 -0.014 0.718 -0.000 -0.097 -0.689 0.905 0.000 -0.424 0.031 0.780 0.000 -0.036 -0.625 0.709 0.000 -0.271 -0.651 0.774 0.000 -0.603 0.195 0.762 0.000 -0.266 -0.590 0.775 0.000 -0.585 0.239 
0.987 -0.149 0.003 -0.058 0.900 -0.000 -0.435 -0.014 0.718 0.000 -0.098 -0.689 0.905 -0.000 -0.423 0.031 0.780 0.000 -0.036 -0.625 0.709 0.000 -0.271 -0.651 0.774 0.000 -0.603 0.196 0.762 0.000 -0.267 -0.590 0.775 0.000 -0.584 0.239 
0.987 -0.148 0.003 -0.058 0.901 0.000 -0.435 -0.014 0.718 0.000 -0.097 -0.690 0.905 0.000 -0.423 0.031 0.780 0.000 -0.036 -0.625 0.709 0.000 -0.271 -0.651 0.774 0.000 -0.603 0.196 0.762 0.000 -0.267 -0.590 0.776 0.000 -0.584 0.239 
0.987 -0.148 0.003 -0.058 0.901 0.000 -0.434 -0.014 0.718 0.000 -0.097 -0.689 0.905 0.000 -0.423 0.031 0.780 -0.000 -0.036 -0.625 0.709 0.000 -0.271 -0.651 0.774 0.000 -0.603 0.196 0.762 0.000 -0.266 -0.590 0.775 0.000 -0.585 0.239 
0.987 -0.148 0.003 -0.058 0.901 0.000 -0.434 -0.014 0.718 0.000 -0.097 -0.689 0.905 0.000 -0.424 0.031 0.780 0.000 -0.036 -0.625 0.709 0.000 -0.270 -0.651 0.774 0.000 -0.603 0.195 0.762 0.000 -0.266 -0.590 0.775 0.000 -0.585 0.239 
0.987 -0.148 0.003 -0.058 0.901 -0.000 -0.434 -0.014 0.718 -0.000 -0.097 -0.689 0.905 0.000 -0.423 0.031 0.780 -0.000 -0.036 -0.625 0.709 0.000 -0.271 -0.651 0.774 0.000 -0.603 0.195 0.762 0.000 -0.266 -0.590 0.775 -0.000 -0.585 0.239 
0.987 -0.148 0.003 -0.058 0.901 0.000 -0.434 -0.015 0.718 0.000 -0.097 -0.689 0.905 0.000 -0.423 0.031 0.780 -0.000 -0.036 -0.625 0.709 -0.000 -0.271 -0.651 0.774 0.000 -0.603 0.195 0.762 0.000 -0.266 -0.590 0.776 0.000 -0.584 0.239 
0.987 -0.148 0.003 -0.058 0.901 0.000 -0.434 -0.015 0.718 0.000 -0.097 -0.689 0.905 0.000 -0.423 0.031 0.780 -0.000 -0.036 -0.625 0.709 0.000 -0.271 -0.651 0.774 0.000 -0.603 0.195 0.762 0.000 -0.266 -0.590 0.775 0.000 -0.585 0.239 
0.987 -0.148 0.003 -0.058 0.901 0.000 -0.434 -0.015 0.718 0.000 -0.097 -0.689 0.905 0.000 -0.423 0.031 0.780 0.000 -0.036 -0.625 0.709 0.000 -0.271 -0.651 0.774 0.000 -0.603 0.195 0.762 0.000 -0.266 -0.590 0.776 0.000 -0.584 0.239 
0.987 -0.148 0.003 -0.058 0.901 0.000 -0.434 -0.015 0.718 -0.000 -0.097 -0.689 0.905 0.000 -0.423 0.031 0.780 0.000 -0.036 -0.625 0.709 -0.000 -0.271 -0.651 0.774 0.000 -0.603 0.195 0.762 0.000 -0.266 -0.590 0.775 0.000 -0.585 0.239 
0.987 -0.148 0.003 -0.058 0.901 0.000 -0.434 -0.015 0.718 0.000 -0.097 -0.690 0.905 0.000 -0.423 0.031 0.780 -0.000 -0.036 -0.625 0.709 0.000 -0.271 -0.651 0.774 0.000 -0.603 0.195 0.762 0.000 -0.266 -0.590 0.775 0.000 -0.585 0.239 
0.987 -0.148 0.003 -0.058 0.901 0.000 -0.434 -0.015 0.718 0.000 -0.097 -0.689 0.905 0.000 -0.423 0.030 0.780 0.000 -0.036 -0.625 0.709 -0.000 -0.271 -0.651 0.774 -0.000 -0.603 0.195 0.762 0.000 -0.266 -0.590 0.775 0.000 -0.584 0.239 
0.987 -0.148 0.003 -0.058 0.901 0.000 -0.434 -0.015 0.718 0.000 -0.097 -0.689 0.905 0.000 -0.423 0.030 0.780 0.000 -0.035 -0.625 0.709 0.000 -0.270 -0.651 0.774 0.000 -0.603 0.195 0.762 -0.000 -0.266 -0.590 0.776 0.000 -0.584 0.239 
0.987 -0.148 0.003 -0.058 0.901 -0.000 -0.434 -0.015 0.718 0.000 -0.097 -0.689 0.906 0.000 -0.423 0.030 0.780 0.000 -0.036 -0.625 0.709 0.000 -0.270 -0.651 0.774 0.000 -0.603 0.195 0.762 0.000 -0.266 -0.590 0.776 0.000 -0.584 0.239 
0.987 -0.148 0.003 -0.058 0.901 0.000 -0.434 -0.015 0.718 0.000 -0.097 -0.689 0.905 0.000 -0.424 0.030 0.780 -0.000 -0.035 -0.625 0.709 0.000 -0.270 -0.651 0.774 0.000 -0.603 0.195 0.762 0.000 -0.266 -0.590 0.775 0.000 -0.585 0.239 
0.987 -0.148 0.003 -0.058 0.901 -0.000 -0.434 -0.015 0.718 0.000 -0.096 -0.690 0.905 0.000 -0.424 0.029 0.780 0.000 -0.035 -0.625 0.709 -0.000 -0.270 -0.651 0.774 0.000 -0.603 0.195 0.762 -0.000 -0.266 -0.590 0.776 0.000 -0.585 0.238 
0.987 -0.148 0.003 -0.058 0.901 -0.000 -0.434 -0.015 0.718 0.000 -0.097 -0.690 0.905 0.000 -0.424 0.030 0.780 -0.000 -0.035 -0.625 0.709 0.000 -0.270 -0.651 0.774 0.000 -0.603 0.195 0.762 0.000 -0.266 -0.590 0.776 0.000 -0.584 0.238 
0.987 -0.148 0.003 -0.058 0.901 0.000 -0.434 -0.015 0.718 0.000 -0.097 -0.690 0.905 0.000 -0.424 0.029 0.780 0.000 -0.035 -0.625 0.709 0.000 -0.270 -0.651 0.774 -0.000 -0.603 0.195 0.762 -0.000 -0.266 -0.590 0.775 0.000 -0.585 0.239 
0.987 -0.148 0.003 -0.058 0.901 0.000 -0.434 -0.015 0.718 0.000 -0.096 -0.689 0.905 0.000 -0.424 0.029 0.780 0.000 -0.035 -0.625 0.710 0.000 -0.270 -0.651 0.774 0.000 -0.603 0.195 0.762 -0.000 -0.266 -0.590 0.776 0.000 -0.585 0.238 
0.987 -0.148 0.003 -0.058 0.901 -0.000 -0.434 -0.015 0.718 0.000 -0.096 -0.690 0.905 0.000 -0.424 0.029 0.780 0.000 -0.035 -0.625 0.710 0.000 -0.270 -0.651 0.774 0.000 -0.603 0.195 0.762 0.000 -0.266 -0.591 0.775 0.000 -0.585 0.238 
0.987 -0.148 0.003 -0.058 0.901 -0.000 -0.434 -0.015 0.718 0.000 -0.097 -0.689 0.905 0.000 -0.423 0.029 0.780 0.000 -0.035 -0.625 0.709 -0.000 -0.270 -0.651 0.774 0.000 -0.603 0.195 0.762 -0.000 -0.266 -0.590 0.776 0.000 -0.585 0.239 
0.987 -0.148 0.003 -0.058 0.901 0.000 -0.434 -0.015 0.718 -0.000 -0.097 -0.689 0.905 0.000 -0.423 0.029 0.780 -0.000 -0.035 -0.625 0.709 0.000 -0.270 -0.651 0.774 0.000 -0.603 0.195 0.762 0.000 -0.266 -0.590 0.776 0.000 -0.584 0.238 
0.987 -0.148 0.003 -0.058 0.901 0.000 -0.434 -0.015 0.718 0.000 -0.097 -0.689 0.905 0.000 -0.424 0.029 0.780 -0.000 -0.035 -0.625 0.709 0.000 -0.270 -0.651 0.774 -0.000 -0.603 0.195 0.762 0.000 -0.266 -0.590 0.775 0.000 -0.585 0.238 
0.987 -0.148 0.003 -0.058 0.901 0.000 -0.434 -0.015 0.718 0.000 -0.097 -0.689 0.905 0.000 -0.424 0.029 0.780 -0.000 -0.035 -0.625 0.709 0.000 -0.270 -0.651 0.774 -0.000 -0.603 0.195 0.762 0.000 -0.266 -0.590 0.776 0.000 -0.584 0.238 
0.987 -0.148 0.003 -0.058 0.901 0.000 -0.434 -0.015 0.718 0.000 -0.097 -0.689 0.905 0.000 -0.424 0.029 0.780 0.000 -0.035 -0.625 0.709 0.000 -0.270 -0.651 0.774 0.000 -0.603 0.195 0.762 0.000 -0.266 -0.590 0.775 0.000 -0.585 0.238 
0.987 -0.148 0.003 -0.058 0.901 0.000 -0.434 -0.015 0.718 -0.000 -0.097 -0.690 0.905 0.000 -0.424 0.029 0.780 0.000 -0.035 -0.625 0.709 0.000 -0.270 -0.651 0.774 0.000 -0.603 0.195 0.762 0.000 -0.266 -0.590 0.776 0.000 -0.585 0.238 
0.987 -0.148 0.003 -0.058 0.901 0.000 -0.434 -0.015 0.718 0.000 -0.097 -0.689 0.905 0.000 -0.424 0.029 0.780 0.000 -0.035 -0.625 0.709 0.000 -0.270 -0.651 0.774 0.000 -0.603 0.195 0.762 0.000 -0.266 -0.590 0.775 0.000 -0.585 0.238 
0.987 -0.148 0.003 -0.058 0.901 -0.000 -0.434 -0.015 0.718 0.000 -0.097 -0.689 0.905 -0.000 -0.424 0.029 0.780 0.000 -0.035 -0.625 0.709 0.000 -0.270 -0.651 0.774 0.000 -0.603 0.195 0.762 0.000 -0.266 -0.590 0.775 0.000 -0.585 0.238 
0.987 -0.148 0.003 -0.058 0.901 0.000 -0.434 -0.015 0.718 -0.000 -0.097 -0.689 0.905 0.000 -0.424 0.029 0.780 0.000 -0.035 -0.625 0.709 0.000 -0.270 -0.651 0.774 0.000 -0.603 0.195 0.762 0.000 -0.266 -0.590 0.776 0.000 -0.585 0.238 
0.987 -0.148 0.003 -0.058 0.901 0.000 -0.434 -0.015 0.718 -0.000 -0.097 -0.689 0.905 0.000 -0.424 0.028 0.780 0.000 -0.035 -0.625 0.709 0.000 -0.270 -0.651 0.774 0.000 -0.603 0.195 0.762 -0.000 -0.266 -0.590 0.775 0.000 -0.585 0.238 
0.987 -0.148 0.003 -0.058 0.901 0.000 -0.434 -0.015 0.718 -0.000 -0.097 -0.689 0.905 0.000 -0.424 0.028 0.780 0.000 -0.035 -0.625 0.709 0.000 -0.270 -0.651 0.774 0.000 -0.603 0.195 0.762 0.000 -0.266 -0.590 0.775 0.000 -0.585 0.238 
0.987 -0.148 0.003 -0.058 0.901 0.000 -0.434 -0.015 0.718 0.000 -0.097 -0.689 0.905 0.000 -0.424 0.028 0.780 0.000 -0.035 -0.625 0.709 0.000 -0.270 -0.651 0.774 0.000 -0.603 0.195 0.762 0.000 -0.266 -0.590 0.775 -0.000 -0.585 0.238 
0.987 -0.148 0.003 -0.058 0.901 0.000 -0.434 -0.015 0.718 0.000 -0.097 -0.689 0.905 0.000 -0.424 0.028 0.780 0.000 -0.035 -0.625 0.709 0.000 -0.270 -0.651 0.774 0.000 -0.603 0.195 0.762 0.000 -0.266 -0.590 0.775 -0.000 -0.585 0.238 
0.987 -0.148 0.003 -0.058 0.901 -0.000 -0.434 -0.015 0.718 0.000 -0.097 -0.689 0.905 -0.000 -0.424 0.028 0.780 0.000 -0.035 -0.625 0.709 0.000 -0.270 -0.651 0.774 0.000 -0.603 0.195 0.762 0.000 -0.266 -0.590 0.776 -0.000 -0.585 0.238 
0.987 -0.148 0.003 -0.058 0.901 0.000 -0.434 -0.015 0.718 0.000 -0.097 -0.689 0.905 0.000 -0.424 0.028 0.780 -0.000 -0.035 -0.625 0.709 0.000 -0.270 -0.651 0.774 0.000 -0.603 0.194 0.762 0.000 -0.265 -0.591 0.775 0.000 -0.585 0.238 
0.987 -0.148 0.003 -0.058 0.901 -0.000 -0.434 -0.015 0.718 -0.000 -0.097 -0.689 0.905 0.000 -0.424 0.028 0.780 0.000 -0.035 -0.625 0.709 0.000 -0.270 -0.651 0.774 0.000 -0.603 0.195 0.762 -0.000 -0.266 -0.590 0.775 0.000 -0.585 0.238 
0.987 -0.148 0.003 -0.058 0.901 0.000 -0.434 -0.015 0.718 0.000 -0.097 -0.689 0.905 0.000 -0.424 0.028 0.780 0.000 -0.035 -0.625 0.709 0.000 -0.270 -0.651 0.774 0.000 -0.603 0.195 0.762 -0.000 -0.266 -0.590 0.775 -0.000 -0.585 0.238 
0.987 -0.148 0.003 -0.058 0.901 0.000 -0.434 -0.015 0.718 -0.000 -0.097 -0.689 0.905 0.000 -0.424 0.028 0.780 0.000 -0.035 -0.625 0.709 -0.000 -0.270 -0.651 0.774 0.000 -0.603 0.195 0.762 0.000 -0.266 -0.590 0.776 0.000 -0.585 0.238 
0.987 -0.148 0.003 -0.058 0.901 0.000 -0.434 -0.015 0.718 0.000 -0.097 -0.689 0.905 -0.000 -0.424 0.028 0.780 0.000 -0.035 -0.625 0.709 0.000 -0.270 -0.651 0.774 -0.000 -0.603 0.195 0.762 0.000 -0.266 -0.590 0.775 0.000 -0.585 0.238 
0.987 -0.148 0.003 -0.058 0.901 0.000 -0.434 -0.015 0.718 0.000 -0.097 -0.689 0.905 -0.000 -0.424 0.028 0.780 0.000 -0.035 -0.625 0.709 0.000 -0.270 -0.651 0.774 0.000 -0.603 0.195 0.762 0.000 -0.266 -0.590 0.775 0.000 -0.585 0.238 
0.987 -0.148 0.003 -0.058 0.901 0.000 -0.434 -0.015 0.718 0.000 -0.097 -0.690 0.905 0.000 -0.424 0.029 0.780 0.000 -0.035 -0.625 0.709 0.000 -0.270 -0.651 0.774 0.000 -0.603 0.195 0.762 0.000 -0.265 -0.590 0.775 0.000 -0.585 0.238 
0.987 -0.148 0.003 -0.058 0.901 0.000 -0.434 -0.015 0.718 0.000 -0.097 -0.689 0.905 0.000 -0.424 0.029 0.780 0.000 -0.035 -0.625 0.709 -0.000 -0.270 -0.651 0.774 0.000 -0.603 0.195 0.762 0.000 -0.266 -0.590 0.775 0.000 -0.585 0.238 
0.987 -0.148 0.003 -0.058 0.901 0.000 -0.434 -0.015 0.718 0.000 -0.097 -0.689 0.905 -0.000 -0.424 0.028 0.780 0.000 -0.035 -0.625 0.709 0.000 -0.270 -0.651 0.774 0.000 -0.603 0.195 0.762 0.000 -0.266 -0.590 0.776 -0.000 -0.585 0.238 
0.987 -0.148 0.003 -0.058 0.901 -0.000 -0.434 -0.015 0.718 0.000 -0.097 -0.689 0.905 0.000 -0.424 0.028 0.780 0.000 -0.035 -0.625 0.709 -0.000 -0.270 -0.651 0.774 0.000 -0.603 0.195 0.762 -0.000 -0.266 -0.590 0.776 0.000 -0.585 0.238 
0.987 -0.148 0.003 -0.058 0.901 0.000 -0.434 -0.015 0.718 0.000 -0.097 -0.689 0.905 0.000 -0.424 0.028 0.780 0.000 -0.035 -0.625 0.709 0.000 -0.270 -0.651 0.774 0.000 -0.603 0.195 0.762 -0.000 -0.266 -0.590 0.776 0.000 -0.585 0.238 
0.987 -0.148 0.003 -0.058 0.901 0.000 -0.434 -0.015 0.718 -0.000 -0.097 -0.690 0.905 0.000 -0.424 0.029 0.780 0.000 -0.035 -0.625 0.709 0.000 -0.270 -0.651 0.774 0.000 -0.603 0.195 0.762 -0.000 -0.266 -0.590 0.775 0.000 -0.585 0.238 
0.987 -0.148 0.003 -0.058 0.901 0.000 -0.434 -0.015 0.718 0.000 -0.097 -0.690 0.905 -0.000 -0.424 0.028 0.780 0.000 -0.035 -0.625 0.709 0.000 -0.270 -0.651 0.774 0.000 -0.603 0.195 0.762 0.000 -0.266 -0.590 0.776 0.000 -0.585 0.238 
0.987 -0.148 0.003 -0.058 0.901 0.000 -0.434 -0.015 0.718 0.000 -0.097 -0.690 0.905 0.000 -0.424 0.028 0.780 0.000 -0.035 -0.625 0.709 -0.000 -0.270 -0.651 0.774 0.000 -0.603 0.195 0.762 0.000 -0.266 -0.590 0.776 0.000 -0.584 0.238 
0.987 -0.148 0.003 -0.058 0.901 0.000 -0.434 -0.015 0.718 0.000 -0.097 -0.690 0.905 0.000 -0.424 0.028 0.780 -0.000 -0.035 -0.625 0.709 0.000 -0.270 -0.651 0.774 0.000 -0.603 0.195 0.762 0.000 -0.266 -0.590 0.775 0.000 -0.585 0.238 
0.987 -0.148 0.003 -0.058 0.901 0.000 -0.434 -0.015 0.718 0.000 -0.097 -0.690 0.905 0.000 -0.424 0.028 0.780 0.000 -0.035 -0.625 0.709 0.000 -0.270 -0.651 0.774 0.000 -0.603 0.195 0.762 -0.000 -0.266 -0.590 0.776 0.000 -0.585 0.238 
0.987 -0.148 0.003 -0.058 0.901 0.000 -0.434 -0.015 0.718 0.000 -0.097 -0.690 0.905 0.000 -0.424 0.028 0.780 -0.000 -0.035 -0.625 0.709 0.000 -0.270 -0.651 0.774 0.000 -0.603 0.195 0.762 0.000 -0.266 -0.590 0.775 0.000 -0.585 0.238 
0.987 -0.148 0.003 -0.058 0.901 -0.000 -0.434 -0.015 0.718 0.000 -0.097 -0.690 0.905 0.000 -0.424 0.028 0.780 0.000 -0.035 -0.625 0.709 0.000 -0.270 -0.651 0.774 0.000 -0.603 0.195 0.762 0.000 -0.266 -0.590 0.775 0.000 -0.585 0.238 
0.987 -0.148 0.003 -0.058 0.901 0.000 -0.434 -0.014 0.718 0.000 -0.097 -0.690 0.905 0.000 -0.424 0.028 0.780 -0.000 -0.035 -0.625 0.709 0.000 -0.270 -0.651 0.774 0.000 -0.603 0.195 0.762 0.000 -0.266 -0.590 0.775 0.000 -0.585 0.238 
0.987 -0.148 0.003 -0.058 0.901 0.000 -0.434 -0.014 0.718 0.000 -0.097 -0.690 0.905 0.000 -0.424 0.028 0.780 0.000 -0.035 -0.625 0.709 0.000 -0.270 -0.651 0.774 0.000 -0.603 0.195 0.762 0.000 -0.266 -0.590 0.775 -0.000 -0.585 0.238 
0.987 -0.148 0.003 -0.058 0.901 0.000 -0.434 -0.014 0.718 0.000 -0.097 -0.690 0.905 0.000 -0.424 0.028 0.780 0.000 -0.035 -0.625 0.709 0.000 -0.270 -0.651 0.774 0.000 -0.603 0.195 0.762 0.000 -0.266 -0.590 0.775 0.000 -0.585 0.238 
0.987 -0.148 0.003 -0.058 0.901 0.000 -0.434 -0.014 0.718 0.000 -0.098 -0.690 0.905 0.000 -0.424 0.028 0.780 0.000 -0.035 -0.625 0.709 0.000 -0.270 -0.651 0.774 -0.000 -0.603 0.195 0.762 0.000 -0.266 -0.590 0.775 0.000 -0.585 0.238 
0.987 -0.148 0.003 -0.058 0.901 0.000 -0.434 -0.014 0.718 0.000 -0.097 -0.690 0.905 0.000 -0.424 0.028 0.780 0.000 -0.035 -0.625 0.709 0.000 -0.270 -0.651 0.774 0.000 -0.603 0.195 0.762 0.000 -0.266 -0.590 0.775 0.000 -0.585 0.238 
0.987 -0.148 0.003 -0.058 0.901 0.000 -0.434 -0.014 0.718 0.000 -0.097 -0.690 0.905 0.000 -0.424 0.028 0.780 0.000 -0.035 -0.625 0.709 -0.000 -0.270 -0.651 0.774 0.000 -0.603 0.195 0.762 -0.000 -0.266 -0.590 0.775 0.000 -0.585 0.238 
0.987 -0.148 0.003 -0.058 0.901 0.000 -0.434 -0.014 0.718 0.000 -0.098 -0.690 0.905 0.000 -0.424 0.028 0.780 0.000 -0.035 -0.625 0.709 0.000 -0.270 -0.651 0.774 0.000 -0.603 0.195 0.762 0.000 -0.266 -0.590 0.775 0.000 -0.585 0.238 
0.987 -0.148 0.003 -0.058 0.901 0.000 -0.434 -0.014 0.718 0.000 -0.097 -0.690 0.905 0.000 -0.424 0.028 0.780 0.000 -0.035 -0.625 0.709 0.000 -0.270 -0.651 0.774 0.000 -0.603 0.195 0.762 0.000 -0.266 -0.590 0.776 0.000 -0.585 0.238 
0.987 -0.148 0.003 -0.058 0.901 0.000 -0.434 -0.014 0.717 0.000 -0.098 -0.690 0.905 0.000 -0.423 0.028 0.780 0.000 -0.035 -0.625 0.709 0.000 -0.270 -0.651 0.774 -0.000 -0.603 0.195 0.762 0.000 -0.266 -0.590 0.775 0.000 -0.585 0.238 
0.987 -0.148 0.003 -0.058 0.901 0.000 -0.434 -0.014 0.718 0.000 -0.097 -0.689 0.905 0.000 -0.423 0.028 0.780 0.000 -0.035 -0.625 0.709 -0.000 -0.270 -0.651 0.774 0.000 -0.603 0.195 0.762 -0.000 -0.266 -0.590 0.776 0.000 -0.585 0.238 
0.987 -0.148 0.003 -0.058 0.901 0.000 -0.435 -0.014 0.718 0.000 -0.097 -0.690 0.906 0.000 -0.423 0.028 0.780 0.000 -0.035 -0.625 0.709 -0.000 -0.270 -0.651 0.774 -0.000 -0.603 0.195 0.762 -0.000 -0.266 -0.590 0.775 0.000 -0.585 0.238 
0.987 -0.148 0.003 -0.058 0.901 0.000 -0.434 -0.014 0.718 0.000 -0.097 -0.690 0.906 0.000 -0.423 0.028 0.780 0.000 -0.035 -0.625 0.709 0.000 -0.270 -0.651 0.774 0.000 -0.603 0.195 0.762 0.000 -0.266 -0.590 0.775 0.000 -0.585 0.238 
0.987 -0.148 0.004 -0.058 0.901 0.000 -0.435 -0.014 0.717 0.000 -0.098 -0.690 0.906 0.000 -0.423 0.029 0.780 0.000 -0.035 -0.625 0.709 0.000 -0.270 -0.651 0.774 0.000 -0.603 0.195 0.762 0.000 -0.266 -0.590 0.775 0.000 -0.585 0.238 
0.987 -0.148 0.003 -0.058 0.901 0.000 -0.435 -0.014 0.717 0.000 -0.098 -0.690 0.906 0.000 -0.423 0.028 0.780 0.000 -0.035 -0.625 0.709 0.000 -0.270 -0.651 0.774 0.000 -0.603 0.195 0.762 -0.000 -0.266 -0.590 0.775 0.000 -0.585 0.238 
0.987 -0.148 0.003 -0.058 0.900 -0.000 -0.435 -0.014 0.717 0.000 -0.098 -0.690 0.906 -0.000 -0.423 0.028 0.780 -0.000 -0.035 -0.625 0.709 0.000 -0.270 -0.651 0.774 0.000 -0.603 0.195 0.762 0.000 -0.266 -0.590 0.775 0.000 -0.585 0.238 
0.987 -0.148 0.003 -0.058 0.900 0.000 -0.435 -0.014 0.717 0.000 -0.098 -0.690 0.906 0.000 -0.423 0.028 0.780 0.000 -0.035 -0.625 0.709 0.000 -0.270 -0.651 0.774 0.000 -0.603 0.195 0.762 0.000 -0.266 -0.590 0.775 0.000 -0.585 0.238 
0.987 -0.148 0.003 -0.058 0.901 0.000 -0.435 -0.014 0.717 0.000 -0.098 -0.690 0.906 0.000 -0.423 0.028 0.780 0.000 -0.035 -0.625 0.709 0.000 -0.270 -0.651 0.774 -0.000 -0.603 0.195 0.762 -0.000 -0.266 -0.590 0.776 0.000 -0.585 0.238 
0.987 -0.148 0.004 -0.058 0.900 -0.000 -0.435 -0.014 0.717 0.000 -0.098 -0.690 0.906 0.000 -0.423 0.028 0.780 0.000 -0.035 -0.625 0.709 -0.000 -0.270 -0.651 0.774 0.000 -0.603 0.195 0.762 0.000 -0.266 -0.590 0.775 0.000 -0.585 0.238 
0.987 -0.148 0.004 -0.058 0.900 0.000 -0.435 -0.014 0.717 0.000 -0.098 -0.690 0.906 0.000 -0.423 0.028 0.780 -0.000 -0.035 -0.625 0.709 0.000 -0.270 -0.651 0.774 0.000 -0.603 0.195 0.762 0.000 -0.266 -0.590 0.776 -0.000 -0.585 0.238 
0.987 -0.148 0.004 -0.058 0.900 0.000 -0.435 -0.013 0.717 0.000 -0.098 -0.690 0.906 0.000 -0.423 0.029 0.780 0.000 -0.034 -0.625 0.709 0.000 -0.270 -0.651 0.774 0.000 -0.603 0.195 0.762 0.000 -0.265 -0.590 0.775 0.000 -0.585 0.238 
0.987 -0.148 0.003 -0.058 0.900 0.000 -0.435 -0.013 0.718 0.000 -0.098 -0.690 0.906 -0.000 -0.423 0.028 0.780 0.000 -0.035 -0.625 0.709 -0.000 -0.270 -0.651 0.774 -0.000 -0.603 0.194 0.762 -0.000 -0.265 -0.591 0.775 0.000 -0.585 0.238 
0.987 -0.148 0.003 -0.058 0.900 0.000 -0.435 -0.013 0.717 0.000 -0.098 -0.690 0.906 0.000 -0.423 0.028 0.780 0.000 -0.034 -0.625 0.709 -0.000 -0.270 -0.651 0.774 0.000 -0.603 0.195 0.762 0.000 -0.265 -0.590 0.775 0.000 -0.585 0.238 
0.987 -0.148 0.004 -0.058 0.900 0.000 -0.435 -0.013 0.718 0.000 -0.098 -0.690 0.906 0.000 -0.423 0.028 0.780 0.000 -0.034 -0.625 0.709 0.000 -0.270 -0.651 0.774 0.000 -0.603 0.195 0.762 0.000 -0.266 -0.590 0.775 0.000 -0.585 0.238 
0.987 -0.148 0.003 -0.058 0.900 0.000 -0.435 -0.014 0.718 0.000 -0.098 -0.689 0.906 0.000 -0.423 0.028 0.780 0.000 -0.034 -0.625 0.709 0.000 -0.270 -0.651 0.774 0.000 -0.603 0.195 0.762 0.000 -0.266 -0.590 0.776 0.000 -0.585 0.238 
0.987 -0.148 0.003 -0.058 0.900 0.000 -0.435 -0.013 0.718 0.000 -0.098 -0.689 0.906 0.000 -0.423 0.029 0.780 0.000 -0.034 -0.625 0.709 -0.000 -0.270 -0.651 0.774 0.000 -0.603 0.195 0.762 -0.000 -0.265 -0.590 0.775 0.000 -0.585 0.238 
0.987 -0.148 0.003 -0.058 0.900 0.000 -0.435 -0.013 0.718 0.000 -0.098 -0.690 0.906 0.000 -0.423 0.028 0.780 -0.000 -0.034 -0.625 0.709 0.000 -0.269 -0.651 0.774 0.000 -0.603 0.194 0.762 0.000 -0.265 -0.591 0.775 0.000 -0.585 0.238 
0.987 -0.148 0.003 -0.058 0.900 0.000 -0.435 -0.013 0.718 0.000 -0.098 -0.690 0.906 0.000 -0.423 0.028 0.780 0.000 -0.035 -0.625 0.709 -0.000 -0.269 -0.651 0.774 0.000 -0.603 0.194 0.762 -0.000 -0.265 -0.591 0.776 0.000 -0.585 0.238 
0.987 -0.148 0.004 -0.058 0.900 0.000 -0.435 -0.013 0.718 0.000 -0.099 -0.689 0.906 -0.000 -0.423 0.028 0.780 -0.000 -0.034 -0.625 0.709 0.000 -0.270 -0.651 0.774 -0.000 -0.603 0.195 0.762 -0.000 -0.266 -0.590 0.776 0.000 -0.585 0.238 
0.987 -0.148 0.004 -0.058 0.900 0.000 -0.435 -0.013 0.718 -0.000 -0.099 -0.689 0.906 0.000 -0.423 0.028 0.780 0.000 -0.034 -0.625 0.709 0.000 -0.270 -0.651 0.774 -0.000 -0.603 0.195 0.762 0.000 -0.266 -0.590 0.776 0.000 -0.585 0.238 
0.987 -0.148 0.004 -0.058 0.900 0.000 -0.435 -0.013 0.717 -0.000 -0.099 -0.690 0.906 0.000 -0.423 0.029 0.780 0.000 -0.035 -0.625 0.709 0.000 -0.270 -0.652 0.774 0.000 -0.603 0.195 0.762 0.000 -0.266 -0.590 0.776 0.000 -0.585 0.238 
0.987 -0.148 0.004 -0.058 0.900 0.000 -0.435 -0.013 0.718 0.000 -0.099 -0.689 0.906 0.000 -0.423 0.028 0.780 0.000 -0.035 -0.625 0.709 0.000 -0.270 -0.651 0.774 0.000 -0.603 0.195 0.762 0.000 -0.266 -0.590 0.775 0.000 -0.585 0.238 
0.987 -0.148 0.003 -0.058 0.900 0.000 -0.435 -0.013 0.717 -0.000 -0.099 -0.690 0.906 0.000 -0.423 0.028 0.780 0.000 -0.035 -0.625 0.709 0.000 -0.270 -0.651 0.774 0.000 -0.603 0.195 0.762 0.000 -0.266 -0.590 0.775 0.000 -0.585 0.238 
0.987 -0.148 0.004 -0.058 0.901 0.000 -0.435 -0.013 0.717 0.000 -0.099 -0.689 0.906 0.000 -0.423 0.029 0.780 -0.000 -0.034 -0.625 0.709 0.000 -0.270 -0.651 0.774 0.000 -0.603 0.195 0.762 0.000 -0.266 -0.590 0.776 -0.000 -0.585 0.238 
0.987 -0.148 0.004 -0.058 0.900 0.000 -0.435 -0.013 0.717 -0.000 -0.099 -0.690 0.906 0.000 -0.423 0.029 0.780 0.000 -0.035 -0.625 0.709 0.000 -0.270 -0.651 0.774 0.000 -0.603 0.195 0.762 -0.000 -0.266 -0.590 0.775 -0.000 -0.585 0.238 
0.987 -0.148 0.004 -0.058 0.900 0.000 -0.435 -0.013 0.717 0.000 -0.099 -0.690 0.906 0.000 -0.423 0.029 0.780 -0.000 -0.035 -0.625 0.709 -0.000 -0.270 -0.651 0.774 0.000 -0.603 0.195 0.762 0.000 -0.266 -0.590 0.775 0.000 -0.585 0.238 
0.987 -0.148 0.003 -0.058 0.900 -0.000 -0.435 -0.013 0.717 0.000 -0.099 -0.690 0.906 0.000 -0.423 0.028 0.780 0.000 -0.035 -0.625 0.709 -0.000 -0.270 -0.651 0.774 0.000 -0.603 0.194 0.762 0.000 -0.266 -0.591 0.775 0.000 -0.585 0.238 
0.987 -0.148 0.004 -0.058 0.900 0.000 -0.435 -0.013 0.717 0.000 -0.099 -0.690 0.906 0.000 -0.423 0.029 0.780 0.000 -0.034 -0.625 0.709 0.000 -0.270 -0.651 0.774 0.000 -0.603 0.195 0.762 0.000 -0.266 -0.590 0.775 0.000 -0.585 0.238 
0.987 -0.148 0.004 -0.058 0.901 0.000 -0.435 -0.013 0.717 0.000 -0.099 -0.690 0.906 0.000 -0.423 0.029 0.780 -0.000 -0.034 -0.625 0.709 0.000 -0.270 -0.651 0.774 0.000 -0.603 0.195 0.762 0.000 -0.266 -0.590 0.775 -0.000 -0.585 0.238 
0.987 -0.148 0.004 -0.058 0.901 0.000 -0.435 -0.013 0.717 0.000 -0.099 -0.690 0.906 0.000 -0.423 0.029 0.780 0.000 -0.034 -0.625 0.709 0.000 -0.270 -0.651 0.774 0.000 -0.603 0.195 0.762 0.000 -0.266 -0.590 0.775 0.000 -0.585 0.238 
0.987 -0.148 0.004 -0.058 0.900 0.000 -0.435 -0.013 0.717 0.000 -0.099 -0.690 0.906 0.000 -0.423 0.028 0.780 0.000 -0.034 -0.625 0.709 0.000 -0.270 -0.651 0.773 0.000 -0.603 0.195 0.762 -0.000 -0.266 -0.590 0.775 0.000 -0.585 0.238 
0.987 -0.148 0.003 -0.058 0.901 0.000 -0.435 -0.013 0.717 0.000 -0.098 -0.690 0.906 0.000 -0.423 0.028 0.780 0.000 -0.034 -0.625 0.709 0.000 -0.270 -0.651 0.774 0.000 -0.603 0.194 0.762 0.000 -0.266 -0.591 0.775 0.000 -0.585 0.238 
0.987 -0.148 0.004 -0.058 0.901 0.000 -0.435 -0.013 0.717 0.000 -0.099 -0.690 0.906 0.000 -0.423 0.029 0.780 0.000 -0.034 -0.625 0.709 0.000 -0.270 -0.651 0.774 0.000 -0.603 0.195 0.762 0.000 -0.266 -0.590 0.776 0.000 -0.585 0.238 
0.987 -0.148 0.004 -0.058 0.901 0.000 -0.434 -0.013 0.718 0.000 -0.099 -0.690 0.906 0.000 -0.423 0.028 0.780 0.000 -0.034 -0.625 0.709 0.000 -0.270 -0.651 0.774 0.000 -0.603 0.195 0.762 0.000 -0.266 -0.590 0.775 0.000 -0.585 0.238 
0.987 -0.148 0.003 -0.058 0.901 0.000 -0.434 -0.012 0.717 0.000 -0.098 -0.690 0.906 0.000 -0.423 0.028 0.780 0.000 -0.034 -0.625 0.709 0.000 -0.270 -0.651 0.774 -0.000 -0.603 0.194 0.762 0.000 -0.266 -0.591 0.775 0.000 -0.585 0.238 
0.987 -0.148 0.004 -0.058 0.901 0.000 -0.434 -0.012 0.717 0.000 -0.098 -0.690 0.905 -0.000 -0.423 0.028 0.780 0.000 -0.034 -0.625 0.709 0.000 -0.270 -0.651 0.774 0.000 -0.603 0.194 0.762 0.000 -0.266 -0.590 0.775 0.000 -0.585 0.238 
0.987 -0.148 0.004 -0.058 0.901 0.000 -0.434 -0.013 0.717 0.000 -0.099 -0.690 0.905 0.000 -0.423 0.029 0.780 0.000 -0.034 -0.625 0.709 0.000 -0.270 -0.651 0.774 0.000 -0.603 0.195 0.762 0.000 -0.266 -0.590 0.775 0.000 -0.585 0.238 
0.987 -0.148 0.004 -0.058 0.901 -0.000 -0.434 -0.013 0.717 0.000 -0.099 -0.690 0.905 0.000 -0.424 0.029 0.780 0.000 -0.034 -0.625 0.709 0.000 -0.270 -0.651 0.773 -0.000 -0.603 0.195 0.762 0.000 -0.266 -0.590 0.775 0.000 -0.585 0.238 
0.987 -0.148 0.004 -0.058 0.901 0.000 -0.434 -0.012 0.717 0.000 -0.099 -0.690 0.905 0.000 -0.424 0.029 0.780 -0.000 -0.034 -0.625 0.709 0.000 -0.270 -0.651 0.774 0.000 -0.603 0.195 0.762 0.000 -0.266 -0.590 0.776 0.000 -0.585 0.238 
0.987 -0.148 0.004 -0.058 0.901 0.000 -0.434 -0.013 0.717 0.000 -0.099 -0.690 0.905 0.000 -0.424 0.029 0.780 -0.000 -0.034 -0.625 0.709 0.000 -0.270 -0.651 0.773 0.000 -0.603 0.195 0.762 0.000 -0.266 -0.590 0.776 -0.000 -0.585 0.238 
0.987 -0.148 0.004 -0.058 0.901 0.000 -0.434 -0.012 0.717 0.000 -0.099 -0.690 0.905 0.000 -0.424 0.029 0.780 0.000 -0.034 -0.625 0.709 0.000 -0.270 -0.651 0.774 0.000 -0.603 0.195 0.762 -0.000 -0.266 -0.590 0.775 0.000 -0.585 0.238 
0.987 -0.148 0.003 -0.058 0.901 0.000 -0.434 -0.012 0.717 0.000 -0.099 -0.690 0.905 0.000 -0.424 0.029 0.780 0.000 -0.034 -0.625 0.709 0.000 -0.270 -0.651 0.774 0.000 -0.603 0.195 0.762 0.000 -0.266 -0.590 0.775 0.000 -0.585 0.238 
0.987 -0.148 0.003 -0.058 0.901 0.000 -0.434 -0.012 0.717 0.000 -0.098 -0.690 0.905 0.000 -0.424 0.028 0.780 0.000 -0.034 -0.625 0.709 0.000 -0.270 -0.651 0.774 0.000 -0.603 0.194 0.762 -0.000 -0.266 -0.590 0.775 0.000 -0.585 0.238 
0.987 -0.148 0.004 -0.058 0.901 0.000 -0.434 -0.012 0.717 -0.000 -0.099 -0.690 0.905 0.000 -0.424 0.029 0.780 0.000 -0.034 -0.625 0.709 0.000 -0.270 -0.651 0.774 0.000 -0.603 0.195 0.762 0.000 -0.266 -0.590 0.776 0.000 -0.585 0.238 
0.987 -0.148 0.004 -0.058 0.901 0.000 -0.434 -0.012 0.717 0.000 -0.099 -0.690 0.905 0.000 -0.424 0.029 0.780 0.000 -0.034 -0.625 0.709 0.000 -0.270 -0.651 0.774 0.000 -0.603 0.195 0.762 0.000 -0.266 -0.590 0.775 0.000 -0.585 0.238 
0.987 -0.148 0.004 -0.058 0.901 0.000 -0.434 -0.012 0.717 0.000 -0.099 -0.690 0.905 -0.000 -0.424 0.029 0.780 0.000 -0.034 -0.625 0.709 0.000 -0.270 -0.651 0.774 -0.000 -0.603 0.195 0.762 0.000 -0.266 -0.590 0.776 0.000 -0.585 0.238 
0.987 -0.148 0.004 -0.058 0.901 0.000 -0.434 -0.012 0.717 0.000 -0.099 -0.690 0.905 0.000 -0.424 0.029 0.780 0.000 -0.034 -0.625 0.709 -0.000 -0.270 -0.651 0.773 0.000 -0.603 0.195 0.762 -0.000 -0.266 -0.590 0.776 -0.000 -0.585 0.238 
0.987 -0.148 0.004 -0.058 0.901 0.000 -0.434 -0.012 0.717 0.000 -0.099 -0.690 0.905 0.000 -0.424 0.029 0.780 0.000 -0.033 -0.625 0.709 0.000 -0.270 -0.651 0.774 0.000 -0.603 0.195 0.762 -0.000 -0.266 -0.590 0.775 0.000 -0.585 0.238 
0.987 -0.148 0.004 -0.058 0.901 0.000 -0.434 -0.012 0.717 0.000 -0.099 -0.690 0.905 -0.000 -0.424 0.029 0.780 0.000 -0.033 -0.625 0.709 0.000 -0.270 -0.651 0.774 0.000 -0.603 0.195 0.762 0.000 -0.266 -0.590 0.776 0.000 -0.585 0.238 
0.987 -0.148 0.003 -0.058 0.901 0.000 -0.434 -0.012 0.717 0.000 -0.099 -0.690 0.905 -0.000 -0.424 0.029 0.780 0.000 -0.033 -0.625 0.709 -0.000 -0.270 -0.651 0.774 0.000 -0.603 0.195 0.762 -0.000 -0.266 -0.590 0.775 0.000 -0.585 0.238 
0.987 -0.148 0.004 -0.058 0.901 0.000 -0.434 -0.012 0.717 0.000 -0.099 -0.690 0.905 0.000 -0.424 0.029 0.780 0.000 -0.033 -0.625 0.709 0.000 -0.270 -0.651 0.773 0.000 -0.603 0.195 0.762 0.000 -0.266 -0.590 0.775 -0.000 -0.585 0.238 
0.987 -0.148 0.003 -0.058 0.901 0.000 -0.434 -0.012 0.717 0.000 -0.099 -0.690 0.905 0.000 -0.424 0.029 0.780 0.000 -0.033 -0.625 0.709 0.000 -0.270 -0.651 0.774 0.000 -0.603 0.195 0.762 0.000 -0.266 -0.590 0.775 -0.000 -0.585 0.238 
0.987 -0.148 0.004 -0.058 0.901 0.000 -0.434 -0.012 0.717 0.000 -0.099 -0.690 0.905 0.000 -0.424 0.029 0.780 0.000 -0.033 -0.625 0.709 0.000 -0.270 -0.651 0.774 0.000 -0.603 0.195 0.762 0.000 -0.266 -0.590 0.775 0.000 -0.585 0.238 
0.987 -0.148 0.004 -0.058 0.901 0.000 -0.434 -0.012 0.717 0.000 -0.099 -0.690 0.905 0.000 -0.424 0.029 0.780 0.000 -0.033 -0.625 0.709 0.000 -0.270 -0.651 0.774 -0.000 -0.603 0.195 0.762 0.000 -0.266 -0.590 0.776 0.000 -0.584 0.238 
0.987 -0.148 0.003 -0.058 0.901 -0.000 -0.434 -0.012 0.717 0.000 -0.099 -0.690 0.905 0.000 -0.424 0.029 0.780 0.000 -0.033 -0.625 0.709 -0.000 -0.270 -0.651 0.774 0.000 -0.603 0.195 0.762 0.000 -0.266 -0.590 0.775 0.000 -0.585 0.238 
0.987 -0.148 0.003 -0.058 0.901 0.000 -0.434 -0.012 0.717 -0.000 -0.098 -0.690 0.905 0.000 -0.424 0.029 0.780 0.000 -0.033 -0.626 0.709 0.000 -0.270 -0.651 0.774 0.000 -0.603 0.195 0.762 0.000 -0.266 -0.590 0.775 0.000 -0.585 0.238 
0.987 -0.148 0.003 -0.058 0.901 -0.000 -0.434 -0.012 0.717 0.000 -0.099 -0.690 0.905 0.000 -0.424 0.029 0.780 0.000 -0.033 -0.626 0.709 0.000 -0.270 -0.651 0.774 0.000 -0.603 0.195 0.762 0.000 -0.266 -0.590 0.775 0.000 -0.585 0.239 
0.987 -0.148 0.004 -0.058 0.901 0.000 -0.434 -0.012 0.717 0.000 -0.099 -0.690 0.905 0.000 -0.424 0.029 0.780 0.000 -0.033 -0.625 0.709 0.000 -0.271 -0.651 0.774 0.000 -0.603 0.195 0.762 0.000 -0.266 -0.590 0.775 0.000 -0.585 0.238 
0.987 -0.148 0.004 -0.058 0.901 0.000 -0.434 -0.012 0.717 0.000 -0.099 -0.690 0.905 0.000 -0.424 0.029 0.780 0.000 -0.032 -0.625 0.709 0.000 -0.270 -0.651 0.774 0.000 -0.603 0.195 0.762 0.000 -0.266 -0.590 0.775 0.000 -0.585 0.239 
0.987 -0.148 0.003 -0.058 0.901 0.000 -0.434 -0.012 0.717 0.000 -0.099 -0.690 0.905 0.000 -0.424 0.029 0.779 0.000 -0.033 -0.626 0.709 -0.000 -0.270 -0.651 0.774 0.000 -0.603 0.195 0.762 0.000 -0.266 -0.590 0.775 0.000 -0.585 0.238 
0.987 -0.148 0.004 -0.058 0.901 0.000 -0.434 -0.012 0.717 0.000 -0.099 -0.690 0.905 0.000 -0.424 0.029 0.780 0.000 -0.032 -0.625 0.709 0.000 -0.271 -0.651 0.774 0.000 -0.603 0.195 0.762 0.000 -0.267 -0.590 0.776 0.000 -0.584 0.239 
0.987 -0.148 0.004 -0.058 0.901 0.000 -0.434 -0.012 0.717 0.000 -0.099 -0.690 0.905 0.000 -0.424 0.029 0.780 0.000 -0.032 -0.625 0.709 0.000 -0.270 -0.651 0.774 0.000 -0.603 0.195 0.762 0.000 -0.266 -0.590 0.775 0.000 -0.585 0.239 
0.987 -0.148 0.004 -0.058 0.901 -0.000 -0.434 -0.012 0.717 0.000 -0.099 -0.690 0.905 0.000 -0.424 0.029 0.780 0.000 -0.032 -0.626 0.709 0.000 -0.270 -0.651 0.774 0.000 -0.603 0.195 0.762 0.000 -0.266 -0.590 0.775 0.000 -0.585 0.238 
0.987 -0.148 0.004 -0.058 0.901 0.000 -0.434 -0.012 0.717 0.000 -0.099 -0.690 0.905 0.000 -0.424 0.029 0.780 0.000 -0.032 -0.625 0.709 0.000 -0.270 -0.651 0.774 0.000 -0.603 0.195 0.762 0.000 -0.266 -0.590 0.775 0.000 -0.585 0.238 
0.987 -0.148 0.003 -0.058 0.901 -0.000 -0.434 -0.012 0.717 -0.000 -0.099 -0.690 0.905 0.000 -0.424 0.029 0.780 -0.000 -0.032 -0.626 0.709 0.000 -0.270 -0.651 0.774 0.000 -0.603 0.195 0.762 -0.000 -0.266 -0.590 0.775 0.000 -0.585 0.238 
0.987 -0.148 0.003 -0.058 0.901 0.000 -0.434 -0.012 0.717 0.000 -0.099 -0.690 0.905 0.000 -0.424 0.029 0.780 0.000 -0.032 -0.626 0.709 0.000 -0.270 -0.651 0.774 0.000 -0.603 0.195 0.762 -0.000 -0.266 -0.590 0.775 0.000 -0.585 0.239 
0.987 -0.148 0.004 -0.058 0.901 0.000 -0.434 -0.012 0.717 0.000 -0.099 -0.690 0.905 0.000 -0.424 0.029 0.780 0.000 -0.032 -0.626 0.709 0.000 -0.270 -0.651 0.773 0.000 -0.603 0.195 0.762 0.000 -0.266 -0.590 0.775 0.000 -0.585 0.239 
0.987 -0.148 0.004 -0.058 0.901 0.000 -0.435 -0.012 0.717 0.000 -0.099 -0.690 0.905 0.000 -0.424 0.029 0.779 0.000 -0.032 -0.626 0.709 0.000 -0.270 -0.651 0.774 0.000 -0.603 0.195 0.762 0.000 -0.266 -0.590 0.776 0.000 -0.585 0.238 
0.987 -0.148 0.003 -0.058 0.901 0.000 -0.435 -0.012 0.717 0.000 -0.099 -0.690 0.905 0.000 -0.424 0.029 0.779 0.000 -0.032 -0.626 0.709 -0.000 -0.270 -0.651 0.774 0.000 -0.603 0.195 0.762 0.000 -0.266 -0.590 0.775 0.000 -0.585 0.238 
0.987 -0.148 0.003 -0.058 0.901 0.000 -0.435 -0.012 0.717 0.000 -0.098 -0.690 0.905 0.000 -0.424 0.029 0.779 0.000 -0.032 -0.626 0.709 0.000 -0.270 -0.651 0.774 0.000 -0.603 0.195 0.762 0.000 -0.266 -0.590 0.775 -0.000 -0.585 0.238 
0.987 -0.148 0.003 -0.058 0.900 0.000 -0.435 -0.012 0.717 0.000 -0.099 -0.690 0.905 0.000 -0.424 0.029 0.780 0.000 -0.032 -0.626 0.709 -0.000 -0.270 -0.651 0.774 0.000 -0.603 0.195 0.762 0.000 -0.266 -0.590 0.775 0.000 -0.585 0.239 
0.987 -0.148 0.003 -0.058 0.900 0.000 -0.435 -0.012 0.717 0.000 -0.099 -0.690 0.905 0.000 -0.424 0.029 0.779 0.000 -0.031 -0.626 0.709 -0.000 -0.270 -0.651 0.773 0.000 -0.603 0.195 0.762 -0.000 -0.266 -0.590 0.776 -0.000 -0.584 0.239 
0.987 -0.148 0.003 -0.058 0.900 0.000 -0.435 -0.012 0.717 0.000 -0.098 -0.690 0.905 0.000 -0.424 0.029 0.779 -0.000 -0.031 -0.626 0.709 0.000 -0.270 -0.651 0.774 0.000 -0.603 0.195 0.762 -0.000 -0.266 -0.590 0.776 0.000 -0.585 0.239 
0.987 -0.148 0.004 -0.058 0.900 0.000 -0.435 -0.012 0.717 0.000 -0.098 -0.690 0.905 0.000 -0.424 0.030 0.779 0.000 -0.031 -0.626 0.709 0.000 -0.271 -0.651 0.774 0.000 -0.603 0.195 0.762 -0.000 -0.266 -0.590 0.776 0.000 -0.585 0.239 
0.987 -0.148 0.004 -0.058 0.900 0.000 -0.435 -0.012 0.717 0.000 -0.098 -0.690 0.905 0.000 -0.425 0.030 0.779 0.000 -0.031 -0.626 0.709 -0.000 -0.270 -0.651 0.774 0.000 -0.603 0.195 0.762 0.000 -0.266 -0.590 0.775 0.000 -0.585 0.239 
0.987 -0.148 0.003 -0.058 0.900 0.000 -0.435 -0.011 0.717 0.000 -0.098 -0.690 0.905 0.000 -0.425 0.029 0.779 0.000 -0.031 -0.626 0.709 0.000 -0.270 -0.651 0.773 -0.000 -0.603 0.195 0.762 0.000 -0.266 -0.590 0.775 0.000 -0.585 0.238 
0.987 -0.148 0.003 -0.058 0.900 0.000 -0.435 -0.012 0.717 0.000 -0.098 -0.690 0.905 0.000 -0.425 0.030 0.779 0.000 -0.031 -0.626 0.709 0.000 -0.270 -0.651 0.774 0.000 -0.603 0.195 0.762 0.000 -0.266 -0.590 0.776 0.000 -0.585 0.238 
0.987 -0.148 0.003 -0.058 0.900 0.000 -0.436 -0.012 0.717 -0.000 -0.098 -0.690 0.905 0.000 -0.425 0.030 0.779 0.000 -0.031 -0.626 0.709 0.000 -0.270 -0.651 0.774 0.000 -0.603 0.195 0.762 -0.000 -0.266 -0.590 0.775 -0.000 -0.585 0.238 
0.987 -0.148 0.003 -0.058 0.900 -0.000 -0.436 -0.012 0.717 0.000 -0.098 -0.690 0.905 0.000 -0.425 0.030 0.779 0.000 -0.031 -0.626 0.709 0.000 -0.270 -0.651 0.773 0.000 -0.603 0.195 0.762 0.000 -0.266 -0.590 0.775 -0.000 -0.585 0.239 
0.987 -0.148 0.003 -0.058 0.900 0.000 -0.436 -0.012 0.717 0.000 -0.097 -0.690 0.905 0.000 -0.425 0.030 0.779 0.000 -0.030 -0.626 0.709 0.000 -0.270 -0.651 0.774 0.000 -0.603 0.195 0.762 0.000 -0.266 -0.590 0.775 0.000 -0.585 0.238 
0.987 -0.148 0.003 -0.058 0.900 0.000 -0.436 -0.012 0.717 0.000 -0.097 -0.690 0.905 0.000 -0.425 0.030 0.779 0.000 -0.030 -0.626 0.709 0.000 -0.270 -0.651 0.774 -0.000 -0.603 0.195 0.762 0.000 -0.266 -0.590 0.775 0.000 -0.585 0.238 
0.987 -0.148 0.003 -0.058 0.900 0.000 -0.436 -0.012 0.717 0.000 -0.097 -0.690 0.905 -0.000 -0.425 0.030 0.779 0.000 -0.030 -0.626 0.709 0.000 -0.270 -0.651 0.773 0.000 -0.603 0.195 0.762 0.000 -0.266 -0.590 0.775 -0.000 -0.585 0.238 
0.987 -0.148 0.003 -0.058 0.900 0.000 -0.436 -0.012 0.717 0.000 -0.097 -0.690 0.905 0.000 -0.425 0.030 0.779 -0.000 -0.030 -0.626 0.709 -0.000 -0.270 -0.651 0.774 0.000 -0.603 0.195 0.762 -0.000 -0.266 -0.590 0.776 0.000 -0.585 0.238 
0.987 -0.148 0.003 -0.058 0.900 0.000 -0.436 -0.012 0.717 0.000 -0.097 -0.690 0.905 0.000 -0.425 0.030 0.779 0.000 -0.030 -0.626 0.709 -0.000 -0.270 -0.651 0.774 0.000 -0.603 0.195 0.762 0.000 -0.266 -0.590 0.775 -0.000 -0.585 0.239 
0.987 -0.148 0.004 -0.058 0.900 0.000 -0.436 -0.012 0.717 0.000 -0.097 -0.691 0.905 0.000 -0.425 0.030 0.779 0.000 -0.030 -0.626 0.709 0.000 -0.270 -0.651 0.774 0.000 -0.603 0.195 0.762 0.000 -0.266 -0.590 0.775 0.000 -0.585 0.238 
0.987 -0.148 0.004 -0.058 0.900 0.000 -0.436 -0.012 0.717 0.000 -0.097 -0.691 0.905 0.000 -0.425 0.030 0.779 0.000 -0.030 -0.626 0.709 0.000 -0.270 -0.651 0.774 0.000 -0.603 0.195 0.762 0.000 -0.266 -0.590 0.775 -0.000 -0.585 0.238 
0.987 -0.148 0.003 -0.058 0.900 0.000 -0.436 -0.012 0.717 0.000 -0.097 -0.691 0.905 0.000 -0.425 0.030 0.779 0.000 -0.030 -0.626 0.709 -0.000 -0.270 -0.651 0.774 0.000 -0.603 0.195 0.762 0.000 -0.266 -0.590 0.776 0.000 -0.585 0.238 
0.987 -0.148 0.003 -0.058 0.900 -0.000 -0.436 -0.012 0.717 0.000 -0.096 -0.691 0.905 0.000 -0.425 0.030 0.779 0.000 -0.030 -0.626 0.709 -0.000 -0.270 -0.651 0.774 0.000 -0.603 0.195 0.762 0.000 -0.266 -0.590 0.775 0.000 -0.585 0.238 
0.987 -0.148 0.003 -0.058 0.900 0.000 -0.436 -0.012 0.717 0.000 -0.096 -0.691 0.905 0.000 -0.425 0.030 0.779 0.000 -0.030 -0.626 0.709 0.000 -0.270 -0.651 0.774 0.000 -0.603 0.195 0.762 0.000 -0.266 -0.590 0.775 0.000 -0.585 0.238 
0.987 -0.148 0.003 -0.058 0.900 0.000 -0.436 -0.013 0.717 0.000 -0.096 -0.691 0.905 -0.000 -0.425 0.030 0.779 -0.000 -0.030 -0.626 0.709 0.000 -0.270 -0.651 0.774 0.000 -0.603 0.195 0.762 0.000 -0.266 -0.590 0.776 0.000 -0.585 0.238 
0.987 -0.148 0.003 -0.058 0.900 0.000 -0.436 -0.013 0.717 0.000 -0.096 -0.691 0.905 0.000 -0.425 0.030 0.779 0.000 -0.030 -0.626 0.709 0.000 -0.270 -0.651 0.774 0.000 -0.603 0.195 0.762 0.000 -0.266 -0.590 0.775 0.000 -0.585 0.238 
0.987 -0.148 0.004 -0.058 0.900 0.000 -0.436 -0.013 0.717 0.000 -0.095 -0.691 0.905 0.000 -0.425 0.030 0.779 0.000 -0.030 -0.626 0.709 -0.000 -0.270 -0.651 0.774 0.000 -0.603 0.195 0.762 -0.000 -0.266 -0.590 0.775 0.000 -0.585 0.238 
0.987 -0.148 0.003 -0.058 0.900 0.000 -0.436 -0.013 0.717 0.000 -0.095 -0.691 0.905 0.000 -0.425 0.030 0.779 0.000 -0.030 -0.626 0.709 -0.000 -0.270 -0.651 0.773 0.000 -0.603 0.195 0.762 0.000 -0.266 -0.590 0.775 0.000 -0.585 0.238 
0.987 -0.148 0.003 -0.058 0.900 0.000 -0.436 -0.013 0.717 0.000 -0.095 -0.691 0.905 0.000 -0.425 0.030 0.779 -0.000 -0.030 -0.626 0.709 0.000 -0.270 -0.651 0.774 0.000 -0.603 0.194 0.762 0.000 -0.266 -0.591 0.775 0.000 -0.585 0.238 
0.987 -0.148 0.004 -0.058 0.900 0.000 -0.436 -0.013 0.717 -0.000 -0.096 -0.691 0.905 0.000 -0.425 0.031 0.779 0.000 -0.030 -0.626 0.709 -0.000 -0.270 -0.651 0.774 0.000 -0.603 0.195 0.762 0.000 -0.266 -0.590 0.775 0.000 -0.585 0.238 
0.987 -0.148 0.004 -0.058 0.900 0.000 -0.436 -0.013 0.716 0.000 -0.096 -0.691 0.905 0.000 -0.425 0.031 0.779 0.000 -0.030 -0.626 0.709 -0.000 -0.270 -0.651 0.774 0.000 -0.603 0.195 0.762 0.000 -0.266 -0.590 0.775 0.000 -0.585 0.238 
0.987 -0.148 0.004 -0.058 0.900 0.000 -0.435 -0.013 0.716 0.000 -0.096 -0.691 0.905 0.000 -0.425 0.031 0.779 0.000 -0.030 -0.626 0.709 0.000 -0.270 -0.651 0.774 0.000 -0.603 0.195 0.762 -0.000 -0.266 -0.590 0.775 0.000 -0.585 0.238 
0.987 -0.148 0.003 -0.058 0.900 0.000 -0.436 -0.013 0.716 0.000 -0.095 -0.691 0.905 0.000 -0.425 0.031 0.779 -0.000 -0.030 -0.627 0.709 -0.000 -0.270 -0.651 0.774 0.000 -0.603 0.194 0.762 0.000 -0.266 -0.591 0.775 0.000 -0.585 0.238 
0.987 -0.148 0.004 -0.058 0.900 0.000 -0.435 -0.014 0.717 0.000 -0.096 -0.691 0.905 0.000 -0.425 0.031 0.779 0.000 -0.030 -0.626 0.709 0.000 -0.270 -0.651 0.774 0.000 -0.603 0.195 0.762 0.000 -0.266 -0.590 0.776 0.000 -0.585 0.238 
0.987 -0.148 0.004 -0.058 0.900 0.000 -0.435 -0.014 0.716 -0.000 -0.095 -0.691 0.905 0.000 -0.425 0.031 0.779 0.000 -0.030 -0.626 0.709 0.000 -0.270 -0.651 0.773 0.000 -0.603 0.195 0.762 -0.000 -0.266 -0.590 0.776 -0.000 -0.585 0.238 
0.987 -0.148 0.004 -0.058 0.900 0.000 -0.436 -0.014 0.716 0.000 -0.095 -0.691 0.905 0.000 -0.425 0.031 0.779 0.000 -0.030 -0.626 0.709 -0.000 -0.270 -0.651 0.774 0.000 -0.603 0.195 0.762 0.000 -0.266 -0.590 0.776 0.000 -0.585 0.238 
0.987 -0.148 0.003 -0.058 0.900 0.000 -0.435 -0.014 0.716 0.000 -0.095 -0.691 0.905 0.000 -0.425 0.030 0.779 0.000 -0.030 -0.626 0.709 -0.000 -0.270 -0.651 0.774 0.000 -0.603 0.195 0.762 0.000 -0.266 -0.590 0.775 0.000 -0.585 0.238 
0.987 -0.148 0.004 -0.058 0.900 0.000 -0.435 -0.014 0.716 0.000 -0.095 -0.691 0.905 0.000 -0.425 0.031 0.779 0.000 -0.030 -0.626 0.709 0.000 -0.270 -0.651 0.773 0.000 -0.603 0.195 0.762 -0.000 -0.266 -0.590 0.775 -0.000 -0.585 0.238 
0.987 -0.148 0.004 -0.058 0.900 0.000 -0.435 -0.014 0.716 0.000 -0.095 -0.691 0.905 0.000 -0.425 0.030 0.779 0.000 -0.030 -0.626 0.709 -0.000 -0.270 -0.651 0.774 0.000 -0.603 0.195 0.762 -0.000 -0.266 -0.590 0.775 0.000 -0.585 0.238 
0.987 -0.148 0.004 -0.058 0.900 0.000 -0.435 -0.014 0.716 0.000 -0.095 -0.691 0.905 -0.000 -0.425 0.031 0.779 0.000 -0.030 -0.626 0.709 0.000 -0.270 -0.651 0.774 0.000 -0.603 0.195 0.762 -0.000 -0.266 -0.590 0.775 0.000 -0.585 0.238 
0.987 -0.148 0.004 -0.058 0.900 0.000 -0.435 -0.014 0.716 0.000 -0.095 -0.691 0.905 0.000 -0.425 0.031 0.779 0.000 -0.030 -0.626 0.709 0.000 -0.270 -0.651 0.774 0.000 -0.603 0.195 0.762 0.000 -0.266 -0.590 0.776 0.000 -0.585 0.238 
0.987 -0.148 0.004 -0.058 0.900 -0.000 -0.435 -0.014 0.716 -0.000 -0.095 -0.691 0.905 0.000 -0.425 0.031 0.779 0.000 -0.030 -0.626 0.709 -0.000 -0.270 -0.651 0.774 0.000 -0.603 0.195 0.762 0.000 -0.266 -0.590 0.776 0.000 -0.585 0.238 
0.987 -0.148 0.004 -0.058 0.900 0.000 -0.435 -0.014 0.716 0.000 -0.094 -0.691 0.905 0.000 -0.425 0.030 0.779 0.000 -0.030 -0.626 0.709 0.000 -0.270 -0.651 0.774 0.000 -0.603 0.195 0.762 0.000 -0.266 -0.590 0.775 0.000 -0.585 0.238 
0.987 -0.148 0.004 -0.058 0.900 -0.000 -0.435 -0.014 0.716 0.000 -0.095 -0.691 0.905 0.000 -0.425 0.031 0.779 0.000 -0.030 -0.626 0.709 0.000 -0.270 -0.651 0.774 0.000 -0.603 0.195 0.762 0.000 -0.266 -0.590 0.775 -0.000 -0.585 0.238 
0.987 -0.148 0.004 -0.058 0.900 0.000 -0.435 -0.014 0.716 0.000 -0.094 -0.691 0.905 0.000 -0.425 0.031 0.779 0.000 -0.030 -0.626 0.709 0.000 -0.270 -0.651 0.774 0.000 -0.603 0.195 0.762 0.000 -0.266 -0.590 0.775 0.000 -0.585 0.238 
0.987 -0.148 0.004 -0.058 0.900 0.000 -0.435 -0.014 0.716 0.000 -0.095 -0.692 0.905 0.000 -0.425 0.031 0.779 0.000 -0.030 -0.626 0.709 0.000 -0.270 -0.651 0.774 0.000 -0.603 0.195 0.762 0.000 -0.266 -0.590 0.775 -0.000 -0.585 0.238 
0.987 -0.148 0.004 -0.058 0.900 0.000 -0.435 -0.014 0.716 0.000 -0.094 -0.691 0.905 0.000 -0.425 0.031 0.779 -0.000 -0.030 -0.626 0.709 0.000 -0.270 -0.651 0.774 -0.000 -0.603 0.195 0.762 0.000 -0.266 -0.590 0.776 -0.000 -0.584 0.238 
0.987 -0.148 0.004 -0.058 0.900 0.000 -0.435 -0.014 0.716 0.000 -0.094 -0.692 0.905 0.000 -0.425 0.030 0.779 0.000 -0.030 -0.626 0.709 0.000 -0.270 -0.651 0.774 -0.000 -0.603 0.195 0.762 0.000 -0.266 -0.590 0.775 0.000 -0.585 0.238 
0.987 -0.148 0.004 -0.058 0.900 0.000 -0.435 -0.014 0.716 0.000 -0.094 -0.692 0.905 0.000 -0.425 0.031 0.779 0.000 -0.030 -0.626 0.709 0.000 -0.270 -0.651 0.773 0.000 -0.603 0.195 0.762 -0.000 -0.266 -0.590 0.775 0.000 -0.585 0.238 
0.987 -0.148 0.004 -0.058 0.900 0.000 -0.435 -0.015 0.716 0.000 -0.094 -0.692 0.905 0.000 -0.425 0.031 0.779 0.000 -0.030 -0.626 0.709 0.000 -0.270 -0.651 0.773 0.000 -0.603 0.195 0.762 0.000 -0.266 -0.590 0.776 -0.000 -0.584 0.238 
0.987 -0.148 0.003 -0.058 0.900 0.000 -0.435 -0.014 0.716 0.000 -0.093 -0.692 0.905 0.000 -0.425 0.031 0.779 0.000 -0.030 -0.627 0.709 0.000 -0.270 -0.651 0.774 0.000 -0.603 0.195 0.762 -0.000 -0.266 -0.590 0.775 0.000 -0.585 0.238 
0.987 -0.148 0.004 -0.058 0.900 0.000 -0.435 -0.014 0.716 0.000 -0.094 -0.692 0.905 0.000 -0.425 0.031 0.779 0.000 -0.030 -0.627 0.709 0.000 -0.270 -0.651 0.773 0.000 -0.603 0.195 0.762 0.000 -0.266 -0.590 0.776 0.000 -0.584 0.239 
0.987 -0.148 0.004 -0.058 0.900 0.000 -0.435 -0.014 0.716 0.000 -0.094 -0.692 0.905 0.000 -0.425 0.031 0.779 -0.000 -0.030 -0.626 0.709 0.000 -0.271 -0.651 0.774 0.000 -0.603 0.195 0.762 0.000 -0.267 -0.590 0.776 0.000 -0.584 0.239 
0.987 -0.148 0.004 -0.058 0.900 0.000 -0.435 -0.014 0.716 0.000 -0.094 -0.692 0.905 0.000 -0.425 0.031 0.779 0.000 -0.030 -0.627 0.709 0.000 -0.270 -0.651 0.774 0.000 -0.603 0.195 0.762 0.000 -0.266 -0.590 0.775 0.000 -0.585 0.238 
0.987 -0.148 0.004 -0.058 0.900 0.000 -0.435 -0.014 0.716 0.000 -0.094 -0.692 0.905 0.000 -0.425 0.031 0.779 0.000 -0.030 -0.627 0.709 0.000 -0.270 -0.651 0.774 0.000 -0.603 0.195 0.762 0.000 -0.266 -0.590 0.775 0.000 -0.585 0.239 
0.987 -0.148 0.004 -0.058 0.900 -0.000 -0.435 -0.014 0.716 0.000 -0.093 -0.692 0.905 0.000 -0.425 0.031 0.779 0.000 -0.030 -0.626 0.709 0.000 -0.270 -0.651 0.774 0.000 -0.603 0.195 0.762 0.000 -0.266 -0.590 0.776 0.000 -0.585 0.239 
0.987 -0.148 0.003 -0.058 0.900 0.000 -0.435 -0.014 0.716 0.000 -0.093 -0.692 0.905 0.000 -0.425 0.031 0.779 0.000 -0.030 -0.626 0.709 0.000 -0.270 -0.651 0.774 0.000 -0.603 0.195 0.762 0.000 -0.266 -0.590 0.775 0.000 -0.585 0.239 
0.987 -0.148 0.004 -0.058 0.900 0.000 -0.435 -0.014 0.716 0.000 -0.093 -0.692 0.905 0.000 -0.425 0.031 0.779 0.000 -0.029 -0.626 0.709 -0.000 -0.271 -0.651 0.774 0.000 -0.603 0.195 0.762 0.000 -0.266 -0.590 0.775 0.000 -0.585 0.239 
0.987 -0.149 0.004 -0.058 0.900 0.000 -0.435 -0.014 0.716 0.000 -0.093 -0.692 0.905 0.000 -0.425 0.031 0.779 0.000 -0.029 -0.626 0.709 0.000 -0.271 -0.651 0.773 0.000 -0.603 0.195 0.762 -0.000 -0.266 -0.590 0.775 0.000 -0.585 0.238 
0.987 -0.148 0.003 -0.058 0.900 0.000 -0.435 -0.013 0.716 0.000 -0.093 -0.692 0.905 0.000 -0.425 0.030 0.779 0.000 -0.029 -0.626 0.709 0.000 -0.270 -0.651 0.774 0.000 -0.603 0.195 0.762 0.000 -0.266 -0.590 0.775 0.000 -0.585 0.239 
0.987 -0.148 0.003 -0.058 0.900 0.000 -0.435 -0.014 0.716 0.000 -0.093 -0.692 0.905 0.000 -0.425 0.031 0.779 0.000 -0.029 -0.626 0.709 0.000 -0.271 -0.651 0.774 0.000 -0.603 0.195 0.762 0.000 -0.266 -0.590 0.775 0.000 -0.585 0.239 
0.987 -0.149 0.003 -0.058 0.900 0.000 -0.435 -0.014 0.716 0.000 -0.093 -0.692 0.905 -0.000 -0.425 0.031 0.779 0.000 -0.029 -0.626 0.709 0.000 -0.271 -0.651 0.774 0.000 -0.603 0.196 0.762 -0.000 -0.266 -0.590 0.775 0.000 -0.585 0.239 
0.987 -0.149 0.003 -0.058 0.900 0.000 -0.435 -0.013 0.716 0.000 -0.093 -0.692 0.905 0.000 -0.425 0.031 0.779 0.000 -0.029 -0.626 0.709 0.000 -0.271 -0.651 0.774 0.000 -0.603 0.195 0.762 -0.000 -0.266 -0.590 0.775 0.000 -0.585 0.239 
0.987 -0.149 0.003 -0.058 0.900 -0.000 -0.435 -0.014 0.716 0.000 -0.093 -0.692 0.905 0.000 -0.425 0.031 0.779 0.000 -0.029 -0.626 0.709 0.000 -0.271 -0.651 0.774 0.000 -0.603 0.196 0.762 -0.000 -0.267 -0.590 0.776 0.000 -0.584 0.239 
0.987 -0.149 0.003 -0.058 0.900 0.000 -0.435 -0.013 0.716 -0.000 -0.093 -0.692 0.905 0.000 -0.425 0.031 0.779 0.000 -0.029 -0.626 0.709 0.000 -0.271 -0.651 0.774 -0.000 -0.603 0.196 0.762 0.000 -0.267 -0.590 0.776 0.000 -0.584 0.239 
0.987 -0.149 0.003 -0.058 0.900 0.000 -0.436 -0.013 0.716 -0.000 -0.093 -0.692 0.905 0.000 -0.425 0.031 0.779 0.000 -0.030 -0.626 0.709 0.000 -0.271 -0.651 0.774 0.000 -0.603 0.196 0.762 -0.000 -0.267 -0.590 0.775 0.000 -0.585 0.239 
0.987 -0.149 0.003 -0.058 0.900 0.000 -0.436 -0.013 0.716 0.000 -0.093 -0.692 0.905 0.000 -0.425 0.031 0.779 0.000 -0.030 -0.626 0.709 0.000 -0.271 -0.651 0.774 0.000 -0.603 0.196 0.762 0.000 -0.266 -0.590 0.775 0.000 -0.585 0.239 
0.987 -0.149 0.003 -0.058 0.900 0.000 -0.435 -0.013 0.716 0.000 -0.093 -0.692 0.905 0.000 -0.425 0.030 0.779 0.000 -0.030 -0.626 0.709 0.000 -0.271 -0.651 0.774 0.000 -0.603 0.196 0.762 0.000 -0.267 -0.590 0.776 0.000 -0.584 0.239 
0.987 -0.149 0.003 -0.058 0.900 0.000 -0.436 -0.013 0.716 0.000 -0.093 -0.692 0.905 0.000 -0.425 0.031 0.779 0.000 -0.030 -0.626 0.709 0.000 -0.271 -0.651 0.774 0.000 -0.603 0.196 0.762 0.000 -0.266 -0.590 0.775 0.000 -0.585 0.239 
0.987 -0.149 0.003 -0.058 0.900 0.000 -0.436 -0.013 0.716 0.000 -0.093 -0.692 0.905 0.000 -0.425 0.031 0.779 0.000 -0.030 -0.626 0.709 -0.000 -0.271 -0.651 0.774 0.000 -0.603 0.196 0.762 0.000 -0.267 -0.590 0.776 0.000 -0.584 0.239 
0.987 -0.149 0.003 -0.058 0.900 0.000 -0.435 -0.013 0.716 -0.000 -0.093 -0.692 0.905 0.000 -0.425 0.030 0.779 0.000 -0.030 -0.626 0.709 0.000 -0.271 -0.651 0.774 0.000 -0.603 0.196 0.762 0.000 -0.267 -0.590 0.775 0.000 -0.584 0.239 
0.987 -0.149 0.003 -0.058 0.900 0.000 -0.435 -0.013 0.716 0.000 -0.093 -0.692 0.904 0.000 -0.425 0.031 0.779 0.000 -0.030 -0.626 0.709 0.000 -0.271 -0.651 0.774 0.000 -0.603 0.196 0.762 0.000 -0.266 -0.590 0.775 -0.000 -0.585 0.239 
0.987 -0.149 0.003 -0.058 0.900 0.000 -0.435 -0.013 0.716 0.000 -0.094 -0.692 0.905 0.000 -0.425 0.030 0.779 0.000 -0.031 -0.626 0.709 0.000 -0.271 -0.651 0.774 0.000 -0.603 0.196 0.762 0.000 -0.266 -0.590 0.775 0.000 -0.585 0.239 
0.987 -0.149 0.003 -0.058 0.900 0.000 -0.436 -0.013 0.716 0.000 -0.094 -0.692 0.904 0.000 -0.425 0.031 0.779 0.000 -0.030 -0.626 0.709 0.000 -0.271 -0.651 0.774 0.000 -0.603 0.196 0.762 0.000 -0.266 -0.590 0.775 -0.000 -0.585 0.239 
0.987 -0.148 0.003 -0.058 0.900 0.000 -0.435 -0.013 0.716 0.000 -0.093 -0.692 0.904 0.000 -0.425 0.030 0.779 0.000 -0.030 -0.626 0.710 0.000 -0.270 -0.651 0.774 -0.000 -0.603 0.195 0.762 0.000 -0.266 -0.590 0.775 -0.000 -0.585 0.239 
0.987 -0.149 0.003 -0.058 0.900 0.000 -0.435 -0.013 0.716 0.000 -0.094 -0.692 0.904 0.000 -0.425 0.031 0.779 0.000 -0.030 -0.626 0.709 0.000 -0.271 -0.651 0.774 0.000 -0.603 0.196 0.762 0.000 -0.266 -0.590 0.775 0.000 -0.585 0.239 
0.987 -0.148 0.003 -0.058 0.900 0.000 -0.435 -0.013 0.716 -0.000 -0.093 -0.691 0.904 0.000 -0.426 0.030 0.779 0.000 -0.030 -0.626 0.709 -0.000 -0.271 -0.651 0.774 0.000 -0.603 0.195 0.762 0.000 -0.266 -0.590 0.775 0.000 -0.585 0.239 
0.987 -0.149 0.003 -0.058 0.900 0.000 -0.436 -0.013 0.716 0.000 -0.094 -0.691 0.904 0.000 -0.426 0.031 0.779 0.000 -0.030 -0.626 0.709 0.000 -0.271 -0.651 0.774 0.000 -0.603 0.196 0.762 0.000 -0.267 -0.590 0.775 0.000 -0.584 0.239 
0.987 -0.149 0.003 -0.058 0.900 0.000 -0.435 -0.013 0.716 0.000 -0.094 -0.692 0.904 0.000 -0.426 0.031 0.779 0.000 -0.030 -0.626 0.709 0.000 -0.271 -0.651 0.774 0.000 -0.603 0.196 0.762 0.000 -0.267 -0.590 0.775 0.000 -0.584 0.239 
0.987 -0.149 0.003 -0.058 0.900 0.000 -0.435 -0.013 0.716 0.000 -0.094 -0.692 0.904 0.000 -0.426 0.031 0.779 0.000 -0.030 -0.626 0.709 0.000 -0.271 -0.651 0.774 -0.000 -0.603 0.196 0.762 0.000 -0.266 -0.590 0.775 0.000 -0.585 0.239 
0.987 -0.149 0.003 -0.058 0.900 0.000 -0.435 -0.013 0.716 0.000 -0.094 -0.691 0.904 -0.000 -0.426 0.031 0.779 -0.000 -0.030 -0.626 0.709 0.000 -0.271 -0.651 0.774 0.000 -0.603 0.196 0.762 0.000 -0.267 -0.590 0.775 -0.000 -0.584 0.239 
0.987 -0.149 0.003 -0.058 0.900 0.000 -0.435 -0.013 0.716 0.000 -0.094 -0.692 0.904 0.000 -0.426 0.031 0.779 0.000 -0.030 -0.626 0.709 0.000 -0.271 -0.651 0.774 0.000 -0.603 0.195 0.762 0.000 -0.267 -0.590 0.776 0.000 -0.584 0.239 
0.987 -0.148 0.003 -0.058 0.900 0.000 -0.435 -0.013 0.716 0.000 -0.094 -0.692 0.904 0.000 -0.426 0.031 0.779 0.000 -0.030 -0.626 0.709 -0.000 -0.270 -0.651 0.774 0.000 -0.603 0.195 0.762 -0.000 -0.266 -0.590 0.775 0.000 -0.585 0.239 
0.987 -0.148 0.003 -0.058 0.900 0.000 -0.435 -0.013 0.716 0.000 -0.094 -0.692 0.904 0.000 -0.426 0.030 0.779 0.000 -0.030 -0.626 0.710 0.000 -0.270 -0.651 0.773 0.000 -0.603 0.195 0.762 -0.000 -0.266 -0.590 0.775 0.000 -0.585 0.239 
0.987 -0.149 0.003 -0.058 0.900 0.000 -0.435 -0.013 0.716 0.000 -0.094 -0.692 0.904 0.000 -0.426 0.031 0.779 0.000 -0.030 -0.626 0.709 0.000 -0.271 -0.651 0.774 0.000 -0.603 0.196 0.762 -0.000 -0.266 -0.590 0.775 0.000 -0.585 0.239 
0.987 -0.149 0.003 -0.058 0.900 0.000 -0.435 -0.013 0.716 0.000 -0.094 -0.691 0.904 0.000 -0.426 0.031 0.779 0.000 -0.030 -0.626 0.709 0.000 -0.271 -0.651 0.774 -0.000 -0.603 0.196 0.762 -0.000 -0.266 -0.590 0.775 0.000 -0.585 0.239 
0.987 -0.149 0.003 -0.058 0.900 -0.000 -0.435 -0.013 0.716 0.000 -0.095 -0.692 0.904 0.000 -0.426 0.031 0.779 0.000 -0.030 -0.626 0.709 -0.000 -0.271 -0.651 0.774 -0.000 -0.603 0.196 0.762 0.000 -0.266 -0.590 0.775 -0.000 -0.585 0.239 
0.987 -0.149 0.003 -0.058 0.900 0.000 -0.435 -0.013 0.716 0.000 -0.095 -0.692 0.904 0.000 -0.426 0.031 0.779 0.000 -0.030 -0.626 0.709 0.000 -0.271 -0.651 0.773 -0.000 -0.603 0.196 0.762 0.000 -0.267 -0.590 0.776 0.000 -0.584 0.239 
0.987 -0.149 0.003 -0.058 0.900 0.000 -0.435 -0.013 0.716 0.000 -0.095 -0.692 0.904 0.000 -0.426 0.031 0.779 0.000 -0.029 -0.626 0.709 0.000 -0.271 -0.651 0.774 -0.000 -0.603 0.195 0.762 0.000 -0.266 -0.590 0.776 0.000 -0.584 0.239 
0.987 -0.149 0.004 -0.058 0.900 0.000 -0.435 -0.014 0.716 0.000 -0.095 -0.691 0.905 0.000 -0.425 0.031 0.779 0.000 -0.030 -0.626 0.709 0.000 -0.271 -0.651 0.774 0.000 -0.603 0.196 0.762 -0.000 -0.267 -0.590 0.776 0.000 -0.584 0.239 
0.987 -0.149 0.003 -0.058 0.900 0.000 -0.435 -0.013 0.716 0.000 -0.095 -0.691 0.904 0.000 -0.426 0.031 0.779 -0.000 -0.029 -0.626 0.709 0.000 -0.271 -0.651 0.774 0.000 -0.603 0.195 0.762 0.000 -0.266 -0.590 0.776 0.000 -0.584 0.239 
0.987 -0.148 0.003 -0.058 0.900 -0.000 -0.435 -0.013 0.716 0.000 -0.094 -0.692 0.904 0.000 -0.426 0.031 0.779 0.000 -0.030 -0.626 0.709 -0.000 -0.270 -0.651 0.774 0.000 -0.603 0.195 0.762 0.000 -0.266 -0.590 0.775 0.000 -0.585 0.239 
0.987 -0.149 0.003 -0.058 0.900 0.000 -0.435 -0.014 0.716 -0.000 -0.095 -0.692 0.904 0.000 -0.426 0.031 0.779 -0.000 -0.029 -0.626 0.709 0.000 -0.271 -0.651 0.774 0.000 -0.603 0.196 0.762 0.000 -0.267 -0.590 0.776 0.000 -0.584 0.239 
0.987 -0.148 0.003 -0.058 0.900 0.000 -0.435 -0.014 0.716 -0.000 -0.095 -0.692 0.904 -0.000 -0.426 0.031 0.779 0.000 -0.029 -0.626 0.709 -0.000 -0.271 -0.651 0.774 0.000 -0.603 0.196 0.762 0.000 -0.266 -0.590 0.775 0.000 -0.585 0.239 
0.987 -0.148 0.003 -0.058 0.900 0.000 -0.435 -0.014 0.716 0.000 -0.095 -0.692 0.904 0.000 -0.426 0.031 0.779 0.000 -0.030 -0.626 0.709 -0.000 -0.270 -0.651 0.774 0.000 -0.603 0.195 0.762 0.000 -0.266 -0.590 0.775 -0.000 -0.585 0.239 
0.987 -0.148 0.003 -0.058 0.900 0.000 -0.435 -0.014 0.716 -0.000 -0.095 -0.691 0.904 0.000 -0.426 0.031 0.779 0.000 -0.030 -0.626 0.709 0.000 -0.270 -0.651 0.774 0.000 -0.603 0.195 0.762 0.000 -0.266 -0.590 0.775 0.000 -0.585 0.239 
0.987 -0.148 0.003 -0.058 0.900 0.000 -0.435 -0.014 0.716 0.000 -0.095 -0.691 0.904 0.000 -0.426 0.031 0.779 0.000 -0.030 -0.626 0.709 -0.000 -0.270 -0.651 0.774 0.000 -0.603 0.195 0.762 0.000 -0.266 -0.590 0.775 0.000 -0.585 0.238 
0.987 -0.148 0.003 -0.058 0.900 0.000 -0.435 -0.014 0.716 0.000 -0.096 -0.691 0.904 -0.000 -0.426 0.031 0.779 0.000 -0.030 -0.626 0.709 0.000 -0.271 -0.651 0.774 0.000 -0.603 0.195 0.762 0.000 -0.266 -0.590 0.776 0.000 -0.584 0.239 
0.987 -0.149 0.003 -0.058 0.901 0.000 -0.435 -0.014 0.716 0.000 -0.096 -0.691 0.904 0.000 -0.426 0.031 0.779 0.000 -0.030 -0.626 0.709 0.000 -0.271 -0.651 0.774 -0.000 -0.603 0.195 0.762 0.000 -0.266 -0.590 0.775 0.000 -0.585 0.239 
0.987 -0.149 0.004 -0.058 0.901 0.000 -0.435 -0.014 0.716 0.000 -0.096 -0.691 0.904 0.000 -0.426 0.031 0.779 0.000 -0.030 -0.626 0.709 -0.000 -0.271 -0.651 0.774 -0.000 -0.603 0.196 0.762 -0.000 -0.266 -0.590 0.775 0.000 -0.585 0.239 
0.987 -0.149 0.004 -0.058 0.901 0.000 -0.434 -0.015 0.716 0.000 -0.097 -0.691 0.904 0.000 -0.426 0.031 0.779 0.000 -0.030 -0.626 0.709 0.000 -0.271 -0.651 0.774 0.000 -0.603 0.196 0.762 -0.000 -0.266 -0.590 0.775 0.000 -0.585 0.239 
0.987 -0.149 0.003 -0.058 0.901 0.000 -0.434 -0.015 0.716 0.000 -0.097 -0.691 0.904 0.000 -0.426 0.031 0.779 0.000 -0.030 -0.626 0.709 0.000 -0.271 -0.651 0.774 0.000 -0.603 0.195 0.762 0.000 -0.266 -0.590 0.775 -0.000 -0.585 0.239 
0.987 -0.148 0.003 -0.058 0.901 0.000 -0.434 -0.015 0.716 -0.000 -0.097 -0.691 0.904 0.000 -0.426 0.031 0.779 0.000 -0.030 -0.626 0.709 0.000 -0.271 -0.651 0.774 -0.000 -0.603 0.195 0.762 0.000 -0.266 -0.590 0.775 0.000 -0.585 0.239 
0.987 -0.148 0.003 -0.058 0.901 0.000 -0.434 -0.015 0.716 -0.000 -0.097 -0.691 0.904 0.000 -0.426 0.031 0.779 0.000 -0.030 -0.626 0.709 0.000 -0.271 -0.651 0.774 0.000 -0.603 0.195 0.762 -0.000 -0.266 -0.590 0.776 0.000 -0.584 0.239 
0.987 -0.148 0.003 -0.058 0.901 0.000 -0.434 -0.015 0.716 0.000 -0.097 -0.691 0.904 0.000 -0.426 0.030 0.779 0.000 -0.030 -0.626 0.709 0.000 -0.270 -0.651 0.774 0.000 -0.603 0.195 0.762 -0.000 -0.266 -0.590 0.775 0.000 -0.585 0.239 
0.987 -0.148 0.003 -0.058 0.901 0.000 -0.434 -0.015 0.716 0.000 -0.097 -0.691 0.904 0.000 -0.425 0.030 0.779 0.000 -0.030 -0.626 0.709 0.000 -0.270 -0.651 0.774 0.000 -0.603 0.195 0.762 0.000 -0.266 -0.590 0.775 0.000 -0.585 0.238 
0.987 -0.149 0.003 -0.058 0.901 0.000 -0.434 -0.015 0.717 0.000 -0.098 -0.691 0.904 0.000 -0.426 0.031 0.779 0.000 -0.030 -0.626 0.709 -0.000 -0.271 -0.651 0.774 0.000 -0.603 0.196 0.762 0.000 -0.266 -0.590 0.775 -0.000 -0.585 0.239 
0.987 -0.148 0.003 -0.058 0.901 0.000 -0.434 -0.015 0.717 0.000 -0.097 -0.691 0.904 0.000 -0.425 0.030 0.779 -0.000 -0.030 -0.626 0.709 0.000 -0.270 -0.651 0.774 0.000 -0.603 0.195 0.762 0.000 -0.266 -0.590 0.776 0.000 -0.585 0.238 
0.987 -0.148 0.003 -0.058 0.901 0.000 -0.434 -0.015 0.716 0.000 -0.098 -0.691 0.904 -0.000 -0.426 0.031 0.779 0.000 -0.030 -0.626 0.709 0.000 -0.271 -0.651 0.774 0.000 -0.603 0.195 0.762 -0.000 -0.267 -0.590 0.776 0.000 -0.584 0.239 
0.987 -0.148 0.003 -0.058 0.901 0.000 -0.434 -0.015 0.716 -0.000 -0.098 -0.691 0.904 0.000 -0.425 0.031 0.779 0.000 -0.030 -0.626 0.709 0.000 -0.270 -0.651 0.774 0.000 -0.603 0.195 0.762 0.000 -0.266 -0.590 0.776 -0.000 -0.584 0.239 
0.987 -0.149 0.004 -0.058 0.901 -0.000 -0.434 -0.015 0.717 0.000 -0.098 -0.691 0.904 0.000 -0.425 0.031 0.779 0.000 -0.030 -0.626 0.709 0.000 -0.271 -0.651 0.773 0.000 -0.603 0.196 0.762 -0.000 -0.267 -0.590 0.776 0.000 -0.584 0.239 
0.987 -0.148 0.003 -0.058 0.901 0.000 -0.434 -0.015 0.717 0.000 -0.097 -0.691 0.905 0.000 -0.425 0.030 0.779 0.000 -0.030 -0.626 0.709 0.000 -0.270 -0.651 0.774 0.000 -0.603 0.195 0.762 0.000 -0.266 -0.590 0.775 0.000 -0.585 0.238 
0.987 -0.148 0.003 -0.058 0.901 0.000 -0.434 -0.015 0.716 0.000 -0.098 -0.691 0.905 0.000 -0.425 0.030 0.779 -0.000 -0.030 -0.626 0.709 -0.000 -0.270 -0.651 0.774 0.000 -0.603 0.195 0.762 0.000 -0.266 -0.590 0.775 0.000 -0.585 0.238 
0.987 -0.149 0.003 -0.058 0.901 0.000 -0.434 -0.015 0.716 0.000 -0.098 -0.691 0.905 0.000 -0.425 0.031 0.779 0.000 -0.030 -0.626 0.709 0.000 -0.271 -0.651 0.774 0.000 -0.603 0.195 0.762 0.000 -0.266 -0.590 0.775 0.000 -0.585 0.239 
0.987 -0.148 0.003 -0.058 0.901 0.000 -0.434 -0.015 0.716 0.000 -0.097 -0.691 0.905 0.000 -0.425 0.030 0.779 0.000 -0.030 -0.626 0.709 0.000 -0.270 -0.651 0.774 0.000 -0.603 0.195 0.762 -0.000 -0.266 -0.590 0.775 0.000 -0.585 0.239 
0.987 -0.148 0.003 -0.058 0.901 0.000 -0.434 -0.015 0.717 0.000 -0.097 -0.691 0.905 0.000 -0.425 0.030 0.779 0.000 -0.030 -0.626 0.709 0.000 -0.270 -0.651 0.774 0.000 -0.603 0.195 0.762 -0.000 -0.266 -0.590 0.775 -0.000 -0.585 0.238 
0.987 -0.149 0.003 -0.058 0.901 0.000 -0.434 -0.016 0.716 0.000 -0.098 -0.691 0.905 0.000 -0.425 0.030 0.779 0.000 -0.030 -0.626 0.709 0.000 -0.271 -0.651 0.774 0.000 -0.603 0.195 0.762 0.000 -0.266 -0.590 0.775 -0.000 -0.585 0.239 
0.987 -0.149 0.003 -0.058 0.901 0.000 -0.434 -0.016 0.716 0.000 -0.098 -0.691 0.905 0.000 -0.425 0.031 0.779 0.000 -0.030 -0.626 0.709 -0.000 -0.271 -0.651 0.774 -0.000 -0.603 0.196 0.762 -0.000 -0.267 -0.590 0.776 0.000 -0.584 0.239 
0.987 -0.148 0.003 -0.058 0.901 0.000 -0.434 -0.016 0.716 0.000 -0.097 -0.691 0.905 0.000 -0.425 0.030 0.779 -0.000 -0.030 -0.626 0.709 0.000 -0.270 -0.651 0.774 0.000 -0.603 0.195 0.762 0.000 -0.266 -0.590 0.775 0.000 -0.585 0.239 
0.987 -0.148 0.003 -0.058 0.901 0.000 -0.434 -0.016 0.716 0.000 -0.097 -0.691 0.905 0.000 -0.425 0.030 0.779 0.000 -0.030 -0.626 0.709 0.000 -0.270 -0.651 0.774 0.000 -0.603 0.195 0.762 0.000 -0.266 -0.590 0.775 0.000 -0.585 0.238 
0.987 -0.149 0.003 -0.058 0.901 -0.000 -0.434 -0.016 0.716 0.000 -0.098 -0.691 0.905 0.000 -0.425 0.030 0.779 0.000 -0.030 -0.626 0.709 -0.000 -0.271 -0.651 0.774 0.000 -0.603 0.196 0.762 0.000 -0.266 -0.590 0.775 0.000 -0.585 0.239 
0.987 -0.148 0.003 -0.058 0.901 0.000 -0.434 -0.016 0.716 0.000 -0.097 -0.691 0.905 -0.000 -0.425 0.030 0.779 0.000 -0.030 -0.626 0.709 0.000 -0.270 -0.651 0.774 -0.000 -0.603 0.195 0.762 0.000 -0.266 -0.590 0.775 -0.000 -0.585 0.239 
0.987 -0.149 0.003 -0.058 0.901 0.000 -0.434 -0.016 0.716 -0.000 -0.097 -0.691 0.905 0.000 -0.425 0.030 0.779 0.000 -0.030 -0.626 0.709 0.000 -0.270 -0.651 0.773 0.000 -0.603 0.195 0.762 0.000 -0.266 -0.590 0.775 0.000 -0.585 0.239 
0.987 -0.148 0.003 -0.058 0.901 0.000 -0.434 -0.016 0.716 0.000 -0.097 -0.691 0.905 0.000 -0.425 0.030 0.779 0.000 -0.030 -0.626 0.709 0.000 -0.270 -0.651 0.774 0.000 -0.603 0.195 0.762 0.000 -0.266 -0.590 0.775 -0.000 -0.585 0.239 
0.987 -0.149 0.004 -0.058 0.901 0.000 -0.434 -0.016 0.716 0.000 -0.097 -0.691 0.905 0.000 -0.425 0.031 0.779 0.000 -0.030 -0.626 0.709 -0.000 -0.271 -0.651 0.774 0.000 -0.603 0.195 0.762 -0.000 -0.267 -0.590 0.776 0.000 -0.584 0.239 
0.987 -0.148 0.003 -0.058 0.901 0.000 -0.434 -0.016 0.716 0.000 -0.097 -0.691 0.905 0.000 -0.425 0.030 0.779 -0.000 -0.030 -0.626 0.709 0.000 -0.270 -0.651 0.773 0.000 -0.603 0.195 0.762 -0.000 -0.266 -0.590 0.775 -0.000 -0.585 0.238 
0.987 -0.148 0.004 -0.058 0.901 0.000 -0.434 -0.016 0.716 0.000 -0.097 -0.691 0.905 0.000 -0.425 0.030 0.779 0.000 -0.030 -0.626 0.709 -0.000 -0.270 -0.651 0.773 0.000 -0.603 0.195 0.762 0.000 -0.266 -0.590 0.775 -0.000 -0.585 0.238 
0.987 -0.148 0.004 -0.058 0.901 0.000 -0.434 -0.016 0.716 0.000 -0.097 -0.691 0.905 0.000 -0.425 0.030 0.780 0.000 -0.030 -0.626 0.709 0.000 -0.270 -0.651 0.774 0.000 -0.603 0.195 0.762 0.000 -0.266 -0.590 0.776 0.000 -0.585 0.238 
0.987 -0.148 0.003 -0.058 0.901 0.000 -0.434 -0.016 0.716 0.000 -0.097 -0.691 0.905 0.000 -0.425 0.030 0.779 0.000 -0.030 -0.626 0.710 0.000 -0.270 -0.651 0.774 -0.000 -0.603 0.195 0.762 0.000 -0.266 -0.590 0.775 0.000 -0.585 0.238 
0.987 -0.148 0.004 -0.058 0.901 0.000 -0.434 -0.016 0.716 -0.000 -0.097 -0.691 0.905 0.000 -0.425 0.031 0.779 0.000 -0.030 -0.626 0.709 0.000 -0.270 -0.651 0.774 0.000 -0.603 0.195 0.762 0.000 -0.267 -0.590 0.776 0.000 -0.584 0.239 
0.987 -0.148 0.003 -0.058 0.901 0.000 -0.434 -0.016 0.717 -0.000 -0.097 -0.691 0.905 0.000 -0.425 0.030 0.780 0.000 -0.031 -0.626 0.709 0.000 -0.270 -0.651 0.774 0.000 -0.603 0.195 0.762 0.000 -0.266 -0.590 0.775 0.000 -0.585 0.238 
0.987 -0.148 0.004 -0.058 0.901 0.000 -0.434 -0.016 0.717 0.000 -0.097 -0.691 0.904 0.000 -0.425 0.030 0.779 0.000 -0.030 -0.626 0.709 -0.000 -0.271 -0.651 0.774 0.000 -0.603 0.195 0.762 0.000 -0.267 -0.590 0.775 0.000 -0.585 0.239 
0.987 -0.149 0.003 -0.058 0.901 0.000 -0.434 -0.016 0.717 0.000 -0.097 -0.691 0.905 0.000 -0.425 0.030 0.780 0.000 -0.030 -0.625 0.709 0.000 -0.271 -0.651 0.774 0.000 -0.603 0.195 0.762 0.000 -0.266 -0.590 0.775 0.000 -0.585 0.239 
0.987 -0.148 0.003 -0.058 0.901 -0.000 -0.434 -0.016 0.717 -0.000 -0.097 -0.691 0.905 0.000 -0.425 0.030 0.780 0.000 -0.031 -0.625 0.709 0.000 -0.270 -0.651 0.774 0.000 -0.603 0.195 0.762 0.000 -0.266 -0.590 0.775 0.000 -0.585 0.238 
0.987 -0.148 0.003 -0.058 0.901 0.000 -0.434 -0.016 0.717 0.000 -0.097 -0.691 0.905 0.000 -0.425 0.031 0.780 -0.000 -0.030 -0.626 0.709 0.000 -0.271 -0.651 0.774 -0.000 -0.603 0.195 0.762 0.000 -0.266 -0.590 0.776 -0.000 -0.585 0.239 
0.987 -0.148 0.004 -0.058 0.901 -0.000 -0.434 -0.016 0.717 -0.000 -0.097 -0.691 0.905 -0.000 -0.425 0.030 0.780 0.000 -0.030 -0.625 0.709 0.000 -0.270 -0.651 0.773 0.000 -0.603 0.195 0.762 0.000 -0.266 -0.590 0.775 0.000 -0.585 0.238 
0.987 -0.148 0.004 -0.058 0.901 0.000 -0.434 -0.016 0.717 0.000 -0.097 -0.691 0.905 0.000 -0.425 0.031 0.780 -0.000 -0.030 -0.626 0.709 0.000 -0.271 -0.651 0.773 0.000 -0.603 0.195 0.762 0.000 -0.266 -0.590 0.775 0.000 -0.585 0.239 
0.987 -0.148 0.004 -0.058 0.901 0.000 -0.434 -0.016 0.717 -0.000 -0.097 -0.691 0.905 0.000 -0.425 0.030 0.780 0.000 -0.030 -0.625 0.709 0.000 -0.270 -0.651 0.773 0.000 -0.603 0.195 0.762 0.000 -0.266 -0.590 0.775 0.000 -0.585 0.238 
0.987 -0.148 0.003 -0.058 0.901 0.000 -0.434 -0.016 0.717 -0.000 -0.097 -0.691 0.905 0.000 -0.425 0.030 0.780 0.000 -0.030 -0.626 0.709 0.000 -0.270 -0.651 0.773 0.000 -0.603 0.195 0.762 0.000 -0.266 -0.590 0.775 0.000 -0.585 0.238 
0.987 -0.148 0.004 -0.058 0.901 0.000 -0.434 -0.016 0.716 0.000 -0.097 -0.691 0.905 0.000 -0.425 0.030 0.780 0.000 -0.030 -0.625 0.709 0.000 -0.270 -0.651 0.774 0.000 -0.603 0.195 0.762 0.000 -0.266 -0.590 0.775 0.000 -0.585 0.238 
0.987 -0.148 0.004 -0.058 0.901 0.000 -0.434 -0.016 0.716 0.000 -0.097 -0.691 0.905 0.000 -0.425 0.030 0.780 0.000 -0.031 -0.625 0.709 -0.000 -0.270 -0.651 0.773 0.000 -0.603 0.195 0.762 0.000 -0.266 -0.590 0.776 -0.000 -0.584 0.239 
0.987 -0.148 0.004 -0.058 0.901 0.000 -0.434 -0.016 0.716 0.000 -0.097 -0.691 0.904 0.000 -0.426 0.030 0.780 0.000 -0.030 -0.625 0.709 0.000 -0.270 -0.651 0.774 0.000 -0.603 0.195 0.762 -0.000 -0.266 -0.590 0.776 0.000 -0.585 0.239 
0.987 -0.148 0.004 -0.058 0.901 0.000 -0.434 -0.016 0.716 0.000 -0.097 -0.691 0.904 0.000 -0.426 0.030 0.780 -0.000 -0.030 -0.625 0.709 0.000 -0.270 -0.651 0.773 0.000 -0.603 0.195 0.762 0.000 -0.266 -0.590 0.775 0.000 -0.585 0.239 
0.987 -0.148 0.004 -0.058 0.901 0.000 -0.434 -0.016 0.716 -0.000 -0.097 -0.691 0.904 0.000 -0.426 0.030 0.780 0.000 -0.030 -0.625 0.709 0.000 -0.270 -0.651 0.773 0.000 -0.603 0.195 0.762 0.000 -0.266 -0.590 0.775 0.000 -0.585 0.238 
0.987 -0.148 0.004 -0.058 0.901 0.000 -0.434 -0.016 0.717 0.000 -0.097 -0.691 0.905 0.000 -0.425 0.030 0.780 0.000 -0.031 -0.625 0.709 -0.000 -0.270 -0.651 0.773 -0.000 -0.603 0.195 0.762 -0.000 -0.266 -0.590 0.775 0.000 -0.585 0.238 
0.987 -0.148 0.004 -0.058 0.901 0.000 -0.434 -0.016 0.717 0.000 -0.097 -0.691 0.904 0.000 -0.426 0.030 0.780 0.000 -0.030 -0.625 0.709 0.000 -0.270 -0.651 0.773 0.000 -0.603 0.195 0.762 0.000 -0.266 -0.590 0.775 0.000 -0.585 0.238 
0.987 -0.148 0.004 -0.058 0.901 0.000 -0.434 -0.016 0.717 0.000 -0.097 -0.691 0.904 0.000 -0.426 0.030 0.780 0.000 -0.030 -0.625 0.709 -0.000 -0.270 -0.651 0.773 0.000 -0.603 0.195 0.762 0.000 -0.266 -0.590 0.775 0.000 -0.585 0.238 
0.987 -0.148 0.004 -0.058 0.901 0.000 -0.434 -0.016 0.716 -0.000 -0.097 -0.691 0.904 0.000 -0.426 0.030 0.780 0.000 -0.030 -0.625 0.709 0.000 -0.270 -0.651 0.773 -0.000 -0.603 0.195 0.762 0.000 -0.266 -0.590 0.775 0.000 -0.585 0.238 
0.987 -0.148 0.004 -0.058 0.901 0.000 -0.434 -0.016 0.717 0.000 -0.097 -0.691 0.904 0.000 -0.426 0.031 0.780 0.000 -0.030 -0.626 0.709 0.000 -0.270 -0.651 0.773 0.000 -0.603 0.195 0.762 0.000 -0.266 -0.590 0.775 -0.000 -0.585 0.238 
0.987 -0.148 0.004 -0.058 0.901 0.000 -0.434 -0.016 0.717 0.000 -0.097 -0.691 0.904 0.000 -0.426 0.031 0.780 0.000 -0.030 -0.625 0.709 0.000 -0.270 -0.651 0.774 0.000 -0.603 0.195 0.762 0.000 -0.266 -0.590 0.775 0.000 -0.585 0.238 
0.987 -0.148 0.004 -0.058 0.901 0.000 -0.434 -0.016 0.717 0.000 -0.097 -0.691 0.904 0.000 -0.426 0.031 0.780 0.000 -0.030 -0.626 0.709 0.000 -0.270 -0.651 0.774 0.000 -0.603 0.195 0.762 0.000 -0.266 -0.590 0.775 0.000 -0.585 0.238 
0.987 -0.148 0.003 -0.058 0.901 -0.000 -0.435 -0.016 0.717 -0.000 -0.097 -0.691 0.905 0.000 -0.425 0.030 0.780 -0.000 -0.031 -0.625 0.709 -0.000 -0.270 -0.651 0.773 0.000 -0.603 0.195 0.762 0.000 -0.266 -0.590 0.775 0.000 -0.585 0.238 
0.987 -0.148 0.004 -0.058 0.900 0.000 -0.435 -0.016 0.717 0.000 -0.096 -0.691 0.904 0.000 -0.426 0.030 0.780 0.000 -0.031 -0.626 0.709 0.000 -0.270 -0.651 0.774 0.000 -0.603 0.195 0.762 0.000 -0.266 -0.590 0.775 -0.000 -0.585 0.238 
0.987 -0.148 0.004 -0.058 0.900 0.000 -0.435 -0.016 0.717 -0.000 -0.097 -0.691 0.904 0.000 -0.426 0.031 0.780 -0.000 -0.031 -0.625 0.709 0.000 -0.270 -0.651 0.774 0.000 -0.603 0.195 0.762 0.000 -0.266 -0.590 0.775 0.000 -0.585 0.238 
0.987 -0.148 0.003 -0.058 0.900 0.000 -0.435 -0.016 0.716 0.000 -0.097 -0.691 0.904 0.000 -0.426 0.031 0.780 0.000 -0.030 -0.625 0.709 0.000 -0.270 -0.651 0.773 0.000 -0.603 0.195 0.762 0.000 -0.266 -0.590 0.776 -0.000 -0.585 0.238 
0.987 -0.148 0.003 -0.058 0.900 0.000 -0.435 -0.016 0.717 0.000 -0.097 -0.691 0.904 -0.000 -0.426 0.030 0.780 0.000 -0.031 -0.626 0.709 0.000 -0.270 -0.651 0.773 0.000 -0.603 0.195 0.762 0.000 -0.266 -0.590 0.775 0.000 -0.585 0.238 
0.987 -0.148 0.003 -0.058 0.900 0.000 -0.435 -0.016 0.717 0.000 -0.097 -0.691 0.905 0.000 -0.425 0.030 0.780 -0.000 -0.032 -0.625 0.709 0.000 -0.270 -0.651 0.773 0.000 -0.603 0.195 0.762 -0.000 -0.266 -0.590 0.775 0.000 -0.585 0.238 
0.987 -0.148 0.004 -0.058 0.900 -0.000 -0.435 -0.016 0.717 -0.000 -0.097 -0.691 0.904 0.000 -0.426 0.031 0.779 0.000 -0.031 -0.626 0.709 -0.000 -0.270 -0.651 0.773 0.000 -0.603 0.195 0.762 0.000 -0.266 -0.590 0.776 0.000 -0.585 0.238 
0.987 -0.148 0.003 -0.058 0.900 0.000 -0.435 -0.015 0.717 0.000 -0.097 -0.691 0.904 0.000 -0.426 0.030 0.780 0.000 -0.031 -0.625 0.709 -0.000 -0.270 -0.651 0.773 0.000 -0.603 0.195 0.762 -0.000 -0.266 -0.590 0.775 0.000 -0.585 0.238 
0.987 -0.148 0.003 -0.058 0.900 0.000 -0.435 -0.015 0.717 0.000 -0.096 -0.691 0.904 0.000 -0.426 0.030 0.780 0.000 -0.031 -0.626 0.709 0.000 -0.270 -0.651 0.774 -0.000 -0.603 0.195 0.762 -0.000 -0.265 -0.591 0.775 0.000 -0.585 0.238 
0.987 -0.148 0.003 -0.058 0.900 0.000 -0.435 -0.015 0.716 0.000 -0.097 -0.691 0.904 0.000 -0.426 0.030 0.779 -0.000 -0.031 -0.626 0.709 0.000 -0.270 -0.651 0.774 0.000 -0.603 0.195 0.762 -0.000 -0.266 -0.590 0.775 -0.000 -0.585 0.238 
0.987 -0.148 0.004 -0.058 0.900 0.000 -0.435 -0.015 0.717 0.000 -0.097 -0.691 0.904 0.000 -0.426 0.031 0.780 0.000 -0.031 -0.625 0.709 0.000 -0.270 -0.651 0.774 -0.000 -0.603 0.195 0.762 0.000 -0.266 -0.590 0.776 -0.000 -0.585 0.238 
0.987 -0.148 0.003 -0.058 0.900 0.000 -0.435 -0.015 0.717 0.000 -0.097 -0.691 0.904 0.000 -0.426 0.030 0.780 0.000 -0.030 -0.625 0.709 0.000 -0.270 -0.651 0.774 0.000 -0.603 0.195 0.762 0.000 -0.266 -0.590 0.775 0.000 -0.585 0.238 
0.987 -0.148 0.003 -0.058 0.900 0.000 -0.435 -0.015 0.717 -0.000 -0.097 -0.690 0.904 0.000 -0.426 0.031 0.780 0.000 -0.030 -0.626 0.709 -0.000 -0.270 -0.651 0.773 0.000 -0.603 0.195 0.762 0.000 -0.266 -0.590 0.775 0.000 -0.585 0.238 
0.987 -0.148 0.003 -0.058 0.900 0.000 -0.435 -0.015 0.717 -0.000 -0.097 -0.691 0.904 0.000 -0.426 0.031 0.779 0.000 -0.030 -0.626 0.709 0.000 -0.270 -0.651 0.774 0.000 -0.603 0.195 0.762 0.000 -0.266 -0.590 0.775 0.000 -0.585 0.238 
0.987 -0.148 0.004 -0.058 0.900 0.000 -0.435 -0.015 0.717 0.000 -0.097 -0.691 0.904 0.000 -0.426 0.030 0.780 0.000 -0.031 -0.625 0.709 0.000 -0.270 -0.651 0.773 0.000 -0.603 0.195 0.762 0.000 -0.266 -0.590 0.776 0.000 -0.585 0.238 
0.987 -0.148 0.004 -0.058 0.900 -0.000 -0.435 -0.015 0.717 0.000 -0.098 -0.691 0.904 0.000 -0.426 0.031 0.780 0.000 -0.030 -0.626 0.709 0.000 -0.270 -0.651 0.774 0.000 -0.603 0.195 0.762 0.000 -0.266 -0.590 0.776 -0.000 -0.585 0.238 
0.987 -0.148 0.004 -0.058 0.900 0.000 -0.435 -0.015 0.717 -0.000 -0.097 -0.691 0.904 0.000 -0.427 0.030 0.780 0.000 -0.030 -0.626 0.709 0.000 -0.270 -0.651 0.773 0.000 -0.603 0.195 0.762 -0.000 -0.265 -0.590 0.775 -0.000 -0.585 0.238 
0.987 -0.148 0.004 -0.058 0.900 0.000 -0.435 -0.015 0.717 0.000 -0.097 -0.691 0.904 0.000 -0.426 0.031 0.780 0.000 -0.030 -0.626 0.709 0.000 -0.270 -0.651 0.774 0.000 -0.603 0.195 0.762 0.000 -0.266 -0.590 0.776 0.000 -0.585 0.238 
0.987 -0.148 0.003 -0.058 0.900 -0.000 -0.435 -0.015 0.717 0.000 -0.097 -0.691 0.904 0.000 -0.426 0.030 0.780 0.000 -0.030 -0.626 0.709 0.000 -0.270 -0.651 0.774 0.000 -0.603 0.194 0.762 0.000 -0.266 -0.591 0.775 -0.000 -0.585 0.238 
0.987 -0.148 0.004 -0.058 0.900 0.000 -0.435 -0.015 0.717 0.000 -0.097 -0.691 0.904 0.000 -0.427 0.031 0.779 0.000 -0.030 -0.626 0.709 0.000 -0.270 -0.651 0.773 0.000 -0.603 0.195 0.762 -0.000 -0.266 -0.590 0.775 -0.000 -0.585 0.238 
0.987 -0.148 0.004 -0.058 0.900 -0.000 -0.435 -0.015 0.717 0.000 -0.097 -0.691 0.904 -0.000 -0.427 0.031 0.780 0.000 -0.030 -0.625 0.709 0.000 -0.270 -0.651 0.773 0.000 -0.603 0.195 0.762 0.000 -0.266 -0.590 0.775 0.000 -0.585 0.238 
0.987 -0.148 0.004 -0.058 0.900 0.000 -0.435 -0.015 0.717 0.000 -0.097 -0.690 0.904 0.000 -0.427 0.031 0.780 -0.000 -0.030 -0.626 0.709 0.000 -0.270 -0.651 0.774 -0.000 -0.603 0.195 0.762 0.000 -0.266 -0.590 0.775 -0.000 -0.585 0.238 
0.987 -0.148 0.004 -0.058 0.900 0.000 -0.435 -0.015 0.717 0.000 -0.097 -0.690 0.904 0.000 -0.427 0.031 0.780 -0.000 -0.030 -0.626 0.709 0.000 -0.270 -0.651 0.773 0.000 -0.603 0.195 0.762 0.000 -0.266 -0.590 0.775 0.000 -0.585 0.238 
0.987 -0.148 0.004 -0.058 0.900 -0.000 -0.435 -0.015 0.717 0.000 -0.097 -0.691 0.904 0.000 -0.427 0.031 0.780 0.000 -0.030 -0.626 0.709 -0.000 -0.270 -0.651 0.773 0.000 -0.603 0.195 0.762 0.000 -0.266 -0.590 0.776 -0.000 -0.585 0.238 
0.987 -0.148 0.004 -0.058 0.900 0.000 -0.435 -0.015 0.717 -0.000 -0.097 -0.690 0.904 0.000 -0.427 0.031 0.780 0.000 -0.030 -0.625 0.709 -0.000 -0.270 -0.651 0.773 -0.000 -0.603 0.195 0.762 0.000 -0.266 -0.590 0.775 0.000 -0.585 0.238 
0.987 -0.148 0.004 -0.058 0.900 0.000 -0.435 -0.015 0.717 0.000 -0.097 -0.691 0.904 0.000 -0.427 0.031 0.780 0.000 -0.030 -0.625 0.709 0.000 -0.270 -0.651 0.773 0.000 -0.603 0.195 0.762 0.000 -0.266 -0.590 0.775 0.000 -0.585 0.238 
0.987 -0.148 0.004 -0.058 0.900 -0.000 -0.435 -0.015 0.717 0.000 -0.097 -0.691 0.904 0.000 -0.427 0.031 0.780 0.000 -0.030 -0.625 0.709 0.000 -0.270 -0.651 0.773 0.000 -0.603 0.195 0.762 0.000 -0.266 -0.590 0.776 0.000 -0.585 0.238 
0.987 -0.148 0.003 -0.058 0.900 -0.000 -0.435 -0.014 0.717 0.000 -0.096 -0.691 0.904 0.000 -0.427 0.030 0.780 0.000 -0.029 -0.625 0.709 0.000 -0.270 -0.651 0.774 0.000 -0.603 0.195 0.762 0.000 -0.265 -0.590 0.775 -0.000 -0.585 0.238 
0.987 -0.148 0.004 -0.058 0.900 0.000 -0.435 -0.014 0.717 0.000 -0.097 -0.691 0.904 0.000 -0.427 0.031 0.780 -0.000 -0.029 -0.625 0.709 0.000 -0.270 -0.651 0.773 0.000 -0.603 0.195 0.762 0.000 -0.266 -0.590 0.775 0.000 -0.585 0.238 
0.987 -0.148 0.004 -0.058 0.900 0.000 -0.435 -0.014 0.717 0.000 -0.096 -0.691 0.903 0.000 -0.428 0.031 0.780 0.000 -0.029 -0.625 0.709 0.000 -0.270 -0.651 0.773 0.000 -0.603 0.195 0.762 0.000 -0.266 -0.590 0.776 0.000 -0.585 0.238 
0.987 -0.148 0.004 -0.058 0.900 0.000 -0.435 -0.014 0.717 0.000 -0.097 -0.691 0.903 0.000 -0.428 0.031 0.780 0.000 -0.029 -0.625 0.709 0.000 -0.270 -0.651 0.773 0.000 -0.603 0.195 0.762 0.000 -0.266 -0.590 0.776 0.000 -0.585 0.238 
0.987 -0.148 0.004 -0.058 0.900 0.000 -0.435 -0.015 0.717 -0.000 -0.097 -0.691 0.903 0.000 -0.428 0.031 0.780 -0.000 -0.029 -0.625 0.709 0.000 -0.270 -0.651 0.774 -0.000 -0.603 0.195 0.762 -0.000 -0.266 -0.590 0.775 0.000 -0.585 0.238 
0.987 -0.148 0.004 -0.058 0.900 0.000 -0.435 -0.014 0.717 0.000 -0.097 -0.691 0.903 0.000 -0.428 0.031 0.780 -0.000 -0.029 -0.625 0.709 0.000 -0.270 -0.651 0.773 0.000 -0.603 0.195 0.762 0.000 -0.266 -0.590 0.775 0.000 -0.585 0.238 
0.987 -0.148 0.003 -0.058 0.900 0.000 -0.435 -0.014 0.717 0.000 -0.096 -0.691 0.903 0.000 -0.428 0.031 0.780 0.000 -0.029 -0.626 0.709 -0.000 -0.270 -0.651 0.773 0.000 -0.603 0.195 0.762 -0.000 -0.266 -0.590 0.775 0.000 -0.585 0.238 
0.987 -0.148 0.004 -0.058 0.900 0.000 -0.435 -0.014 0.717 0.000 -0.096 -0.691 0.903 0.000 -0.428 0.031 0.780 0.000 -0.028 -0.625 0.709 0.000 -0.270 -0.651 0.773 0.000 -0.603 0.195 0.762 -0.000 -0.266 -0.590 0.775 0.000 -0.585 0.238 
0.987 -0.148 0.004 -0.058 0.900 0.000 -0.435 -0.014 0.717 0.000 -0.096 -0.691 0.903 0.000 -0.428 0.031 0.780 0.000 -0.028 -0.625 0.709 0.000 -0.270 -0.651 0.773 0.000 -0.603 0.195 0.762 0.000 -0.266 -0.590 0.776 0.000 -0.585 0.238 
0.987 -0.148 0.003 -0.058 0.900 0.000 -0.435 -0.014 0.717 -0.000 -0.096 -0.690 0.903 0.000 -0.428 0.031 0.780 0.000 -0.028 -0.625 0.709 -0.000 -0.270 -0.651 0.774 -0.000 -0.603 0.195 0.762 0.000 -0.266 -0.590 0.776 0.000 -0.584 0.238 
0.987 -0.148 0.003 -0.058 0.900 0.000 -0.435 -0.014 0.717 0.000 -0.096 -0.691 0.903 0.000 -0.428 0.031 0.780 0.000 -0.028 -0.625 0.709 0.000 -0.270 -0.651 0.773 0.000 -0.603 0.195 0.762 -0.000 -0.266 -0.590 0.775 0.000 -0.585 0.238 
0.987 -0.148 0.003 -0.058 0.900 0.000 -0.436 -0.014 0.717 0.000 -0.095 -0.690 0.903 0.000 -0.428 0.031 0.780 0.000 -0.028 -0.625 0.709 0.000 -0.270 -0.651 0.774 0.000 -0.603 0.195 0.762 -0.000 -0.266 -0.590 0.775 0.000 -0.585 0.238 
0.987 -0.148 0.003 -0.058 0.900 0.000 -0.435 -0.014 0.717 0.000 -0.095 -0.690 0.903 0.000 -0.428 0.031 0.780 0.000 -0.028 -0.625 0.709 0.000 -0.270 -0.651 0.773 0.000 -0.603 0.195 0.762 -0.000 -0.266 -0.590 0.775 0.000 -0.585 0.238 
0.987 -0.148 0.004 -0.058 0.900 0.000 -0.435 -0.014 0.717 -0.000 -0.096 -0.690 0.903 0.000 -0.429 0.032 0.780 -0.000 -0.028 -0.626 0.709 0.000 -0.270 -0.651 0.773 0.000 -0.603 0.195 0.762 -0.000 -0.266 -0.590 0.775 0.000 -0.585 0.238 
0.987 -0.148 0.003 -0.058 0.900 0.000 -0.436 -0.014 0.717 0.000 -0.096 -0.691 0.903 0.000 -0.428 0.031 0.780 0.000 -0.028 -0.625 0.709 0.000 -0.270 -0.651 0.774 0.000 -0.603 0.195 0.762 0.000 -0.266 -0.590 0.776 0.000 -0.585 0.238 
0.987 -0.148 0.003 -0.058 0.900 0.000 -0.436 -0.014 0.717 0.000 -0.096 -0.691 0.903 0.000 -0.429 0.031 0.780 0.000 -0.028 -0.625 0.709 0.000 -0.270 -0.651 0.774 0.000 -0.603 0.195 0.762 0.000 -0.266 -0.590 0.776 -0.000 -0.585 0.238 
0.987 -0.148 0.004 -0.058 0.900 0.000 -0.436 -0.014 0.717 0.000 -0.095 -0.691 0.903 0.000 -0.429 0.031 0.780 -0.000 -0.028 -0.625 0.709 0.000 -0.270 -0.651 0.773 0.000 -0.603 0.195 0.762 0.000 -0.266 -0.590 0.775 0.000 -0.585 0.238 
0.987 -0.148 0.003 -0.058 0.900 0.000 -0.436 -0.014 0.717 0.000 -0.096 -0.691 0.903 0.000 -0.429 0.031 0.780 0.000 -0.028 -0.625 0.709 0.000 -0.270 -0.651 0.774 0.000 -0.603 0.195 0.762 -0.000 -0.266 -0.590 0.775 0.000 -0.585 0.238 
0.987 -0.148 0.004 -0.058 0.900 0.000 -0.436 -0.014 0.717 0.000 -0.096 -0.691 0.903 0.000 -0.429 0.031 0.780 0.000 -0.028 -0.625 0.709 0.000 -0.270 -0.651 0.774 0.000 -0.603 0.195 0.762 0.000 -0.266 -0.590 0.775 0.000 -0.585 0.238 
0.987 -0.148 0.004 -0.058 0.900 0.000 -0.436 -0.014 0.717 -0.000 -0.096 -0.691 0.903 0.000 -0.429 0.031 0.780 -0.000 -0.027 -0.625 0.709 -0.000 -0.270 -0.651 0.773 0.000 -0.603 0.195 0.762 -0.000 -0.266 -0.590 0.776 0.000 -0.585 0.238 
0.987 -0.148 0.004 -0.058 0.900 0.000 -0.436 -0.014 0.717 0.000 -0.095 -0.691 0.903 0.000 -0.429 0.031 0.780 0.000 -0.028 -0.625 0.709 -0.000 -0.270 -0.651 0.773 0.000 -0.603 0.195 0.762 0.000 -0.266 -0.590 0.775 -0.000 -0.585 0.238 
0.987 -0.148 0.003 -0.058 0.900 0.000 -0.436 -0.014 0.717 0.000 -0.095 -0.691 0.903 0.000 -0.429 0.031 0.780 0.000 -0.027 -0.625 0.709 0.000 -0.270 -0.651 0.773 0.000 -0.603 0.195 0.762 -0.000 -0.266 -0.590 0.775 0.000 -0.585 0.238 
0.987 -0.148 0.004 -0.058 0.900 0.000 -0.436 -0.014 0.717 -0.000 -0.095 -0.690 0.903 -0.000 -0.429 0.031 0.780 -0.000 -0.027 -0.625 0.709 0.000 -0.270 -0.651 0.774 0.000 -0.603 0.195 0.762 0.000 -0.266 -0.590 0.775 0.000 -0.585 0.238 
0.987 -0.148 0.004 -0.058 0.900 0.000 -0.436 -0.014 0.717 0.000 -0.095 -0.690 0.903 0.000 -0.429 0.031 0.780 -0.000 -0.027 -0.625 0.709 0.000 -0.270 -0.651 0.774 0.000 -0.603 0.195 0.762 0.000 -0.266 -0.590 0.776 -0.000 -0.585 0.238 
0.987 -0.148 0.004 -0.058 0.900 0.000 -0.436 -0.014 0.717 0.000 -0.095 -0.690 0.903 0.000 -0.429 0.031 0.780 -0.000 -0.027 -0.625 0.709 0.000 -0.270 -0.651 0.773 0.000 -0.603 0.195 0.762 -0.000 -0.266 -0.590 0.776 0.000 -0.585 0.238 
0.987 -0.148 0.003 -0.058 0.900 0.000 -0.436 -0.014 0.717 0.000 -0.095 -0.691 0.903 0.000 -0.429 0.031 0.780 0.000 -0.027 -0.625 0.709 0.000 -0.270 -0.651 0.774 -0.000 -0.603 0.195 0.762 0.000 -0.265 -0.590 0.775 0.000 -0.585 0.238 
