# T   LUA LFA RUA RFA LT  LS  RT  RS  
0.998 -0.050 -0.037 0.011 0.728 0.000 -0.672 0.131 0.969 0.000 -0.043 -0.244 0.780 -0.000 -0.617 0.106 0.985 0.000 -0.046 -0.168 0.698 0.000 -0.709 0.104 0.998 0.000 0.013 0.054 0.755 0.000 -0.650 0.084 0.994 0.000 0.045 0.097 
0.998 -0.050 -0.037 0.011 0.728 0.000 -0.673 0.130 0.969 0.000 -0.042 -0.244 0.780 -0.000 -0.617 0.106 0.985 0.000 -0.046 -0.169 0.698 -0.000 -0.709 0.104 0.998 0.000 0.013 0.054 0.756 0.000 -0.650 0.084 0.994 0.000 0.045 0.097 
0.998 -0.050 -0.037 0.011 0.729 0.000 -0.673 0.129 0.969 0.000 -0.042 -0.244 0.780 0.000 -0.617 0.106 0.984 0.000 -0.046 -0.169 0.698 0.000 -0.709 0.104 0.998 0.000 0.013 0.054 0.756 0.000 -0.650 0.084 0.994 0.000 0.045 0.097 
0.998 -0.050 -0.037 0.011 0.729 0.000 -0.673 0.129 0.969 0.000 -0.042 -0.244 0.780 0.000 -0.617 0.106 0.984 0.000 -0.046 -0.170 0.698 -0.000 -0.709 0.104 0.998 0.000 0.013 0.054 0.755 0.000 -0.650 0.085 0.994 0.000 0.045 0.097 
0.998 -0.050 -0.037 0.011 0.729 0.000 -0.673 0.128 0.969 0.000 -0.042 -0.245 0.780 0.000 -0.617 0.106 0.984 0.000 -0.046 -0.171 0.698 0.000 -0.709 0.105 0.998 0.000 0.013 0.054 0.755 0.000 -0.650 0.085 0.994 0.000 0.045 0.097 
0.998 -0.051 -0.037 0.012 0.729 0.000 -0.673 0.127 0.969 0.000 -0.042 -0.245 0.779 0.000 -0.617 0.106 0.984 0.000 -0.045 -0.171 0.698 0.000 -0.709 0.105 0.998 0.000 0.013 0.054 0.755 0.000 -0.650 0.085 0.994 0.000 0.045 0.097 
0.998 -0.051 -0.037 0.012 0.729 -0.000 -0.673 0.127 0.969 0.000 -0.042 -0.245 0.779 0.000 -0.617 0.106 0.984 0.000 -0.045 -0.171 0.698 0.000 -0.709 0.106 0.998 -0.000 0.013 0.054 0.756 0.000 -0.650 0.085 0.994 0.000 0.045 0.097 
0.998 -0.051 -0.037 0.012 0.729 0.000 -0.673 0.126 0.968 -0.000 -0.042 -0.246 0.779 -0.000 -0.617 0.106 0.984 0.000 -0.045 -0.172 0.697 0.000 -0.709 0.106 0.998 0.000 0.013 0.054 0.756 0.000 -0.649 0.086 0.994 0.000 0.045 0.097 
0.998 -0.051 -0.037 0.012 0.729 0.000 -0.673 0.126 0.968 0.000 -0.043 -0.246 0.779 -0.000 -0.618 0.105 0.984 0.000 -0.045 -0.172 0.697 0.000 -0.709 0.106 0.998 0.000 0.013 0.054 0.756 0.000 -0.649 0.086 0.994 0.000 0.045 0.097 
0.998 -0.051 -0.037 0.012 0.729 0.000 -0.673 0.125 0.968 0.000 -0.042 -0.247 0.780 0.000 -0.617 0.105 0.984 -0.000 -0.046 -0.172 0.697 0.000 -0.709 0.107 0.998 0.000 0.013 0.053 0.756 0.000 -0.649 0.086 0.994 0.000 0.045 0.097 
0.998 -0.052 -0.037 0.012 0.729 0.000 -0.673 0.125 0.968 0.000 -0.043 -0.247 0.780 0.000 -0.617 0.105 0.984 0.000 -0.046 -0.172 0.697 0.000 -0.709 0.107 0.998 0.000 0.013 0.053 0.756 0.000 -0.649 0.087 0.994 0.000 0.045 0.097 
0.998 -0.052 -0.037 0.013 0.729 0.000 -0.673 0.125 0.968 0.000 -0.043 -0.248 0.780 -0.000 -0.618 0.104 0.984 0.000 -0.046 -0.172 0.697 0.000 -0.709 0.108 0.998 0.000 0.013 0.053 0.756 0.000 -0.649 0.087 0.994 0.000 0.045 0.097 
0.998 -0.052 -0.037 0.013 0.729 -0.000 -0.673 0.124 0.968 0.000 -0.043 -0.248 0.779 0.000 -0.618 0.104 0.984 0.000 -0.046 -0.172 0.697 0.000 -0.709 0.109 0.999 0.000 0.014 0.053 0.756 -0.000 -0.649 0.087 0.994 0.000 0.046 0.097 
0.998 -0.052 -0.037 0.013 0.729 0.000 -0.673 0.124 0.968 0.000 -0.043 -0.249 0.779 0.000 -0.618 0.104 0.984 0.000 -0.046 -0.172 0.697 0.000 -0.708 0.109 0.999 0.000 0.013 0.053 0.756 0.000 -0.649 0.087 0.994 0.000 0.046 0.097 
0.998 -0.052 -0.036 0.012 0.730 0.000 -0.673 0.122 0.967 0.000 -0.043 -0.249 0.778 0.000 -0.619 0.103 0.984 -0.000 -0.045 -0.173 0.698 0.000 -0.708 0.107 0.998 0.000 0.014 0.054 0.755 0.000 -0.650 0.087 0.994 -0.000 0.046 0.097 
0.998 -0.052 -0.036 0.012 0.730 0.000 -0.673 0.122 0.967 0.000 -0.043 -0.250 0.778 0.000 -0.620 0.103 0.984 0.000 -0.045 -0.172 0.698 0.000 -0.708 0.107 0.998 0.000 0.014 0.054 0.755 0.000 -0.650 0.088 0.994 0.000 0.045 0.097 
0.998 -0.052 -0.036 0.012 0.730 0.000 -0.673 0.121 0.967 -0.000 -0.043 -0.250 0.778 0.000 -0.620 0.102 0.984 0.000 -0.045 -0.172 0.698 -0.000 -0.708 0.107 0.998 0.000 0.014 0.054 0.755 0.000 -0.650 0.088 0.994 -0.000 0.045 0.097 
0.998 -0.052 -0.036 0.012 0.730 0.000 -0.673 0.121 0.967 0.000 -0.043 -0.250 0.778 0.000 -0.620 0.102 0.984 0.000 -0.045 -0.172 0.698 -0.000 -0.708 0.108 0.998 0.000 0.014 0.054 0.755 0.000 -0.650 0.088 0.994 0.000 0.046 0.096 
0.998 -0.053 -0.036 0.012 0.730 0.000 -0.673 0.120 0.967 0.000 -0.043 -0.250 0.778 0.000 -0.620 0.102 0.984 0.000 -0.046 -0.172 0.698 -0.000 -0.708 0.108 0.998 0.000 0.014 0.054 0.755 0.000 -0.650 0.089 0.994 0.000 0.046 0.097 
0.998 -0.053 -0.036 0.012 0.729 0.000 -0.674 0.119 0.967 0.000 -0.043 -0.250 0.778 0.000 -0.620 0.102 0.984 0.000 -0.046 -0.171 0.698 0.000 -0.708 0.109 0.998 0.000 0.014 0.054 0.755 -0.000 -0.650 0.089 0.994 0.000 0.046 0.097 
0.998 -0.053 -0.036 0.012 0.729 0.000 -0.674 0.119 0.967 0.000 -0.043 -0.250 0.778 0.000 -0.621 0.101 0.984 0.000 -0.046 -0.171 0.698 0.000 -0.708 0.109 0.998 0.000 0.014 0.054 0.755 -0.000 -0.650 0.089 0.994 0.000 0.046 0.097 
0.998 -0.053 -0.036 0.012 0.729 0.000 -0.674 0.118 0.967 0.000 -0.042 -0.250 0.777 0.000 -0.621 0.101 0.984 0.000 -0.046 -0.171 0.698 0.000 -0.708 0.109 0.998 0.000 0.014 0.054 0.755 0.000 -0.650 0.089 0.994 0.000 0.046 0.097 
0.998 -0.054 -0.036 0.012 0.729 0.000 -0.675 0.117 0.967 0.000 -0.042 -0.250 0.777 0.000 -0.621 0.101 0.984 -0.000 -0.046 -0.171 0.698 0.000 -0.708 0.110 0.998 0.000 0.014 0.054 0.755 0.000 -0.650 0.090 0.994 0.000 0.046 0.097 
0.998 -0.054 -0.036 0.012 0.729 0.000 -0.675 0.116 0.967 0.000 -0.041 -0.250 0.777 -0.000 -0.621 0.101 0.984 0.000 -0.046 -0.171 0.698 0.000 -0.708 0.110 0.998 0.000 0.014 0.054 0.755 -0.000 -0.650 0.090 0.994 0.000 0.046 0.097 
0.998 -0.054 -0.036 0.012 0.729 0.000 -0.675 0.115 0.967 0.000 -0.041 -0.250 0.777 0.000 -0.622 0.101 0.984 0.000 -0.046 -0.171 0.698 0.000 -0.708 0.111 0.998 0.000 0.014 0.054 0.755 0.000 -0.650 0.090 0.994 -0.000 0.046 0.097 
0.998 -0.054 -0.036 0.012 0.728 0.000 -0.675 0.115 0.967 0.000 -0.041 -0.250 0.777 -0.000 -0.622 0.101 0.984 0.000 -0.046 -0.171 0.698 0.000 -0.708 0.111 0.998 0.000 0.014 0.054 0.755 0.000 -0.650 0.090 0.994 0.000 0.046 0.097 
0.998 -0.055 -0.036 0.012 0.729 0.000 -0.675 0.115 0.967 0.000 -0.041 -0.250 0.777 0.000 -0.622 0.101 0.984 0.000 -0.046 -0.170 0.698 0.000 -0.708 0.111 0.998 0.000 0.015 0.054 0.755 0.000 -0.650 0.090 0.994 -0.000 0.046 0.097 
0.998 -0.055 -0.036 0.013 0.728 0.000 -0.676 0.114 0.967 0.000 -0.041 -0.250 0.776 0.000 -0.622 0.101 0.984 0.000 -0.047 -0.170 0.697 0.000 -0.708 0.112 0.998 0.000 0.015 0.054 0.755 0.000 -0.649 0.091 0.994 0.000 0.046 0.097 
0.998 -0.055 -0.036 0.013 0.728 0.000 -0.676 0.114 0.967 0.000 -0.041 -0.250 0.776 -0.000 -0.622 0.101 0.984 0.000 -0.047 -0.170 0.698 0.000 -0.708 0.112 0.998 0.000 0.015 0.054 0.755 0.000 -0.650 0.091 0.994 0.000 0.046 0.097 
0.998 -0.055 -0.036 0.013 0.728 0.000 -0.676 0.114 0.967 0.000 -0.041 -0.250 0.776 0.000 -0.623 0.101 0.984 0.000 -0.047 -0.170 0.697 0.000 -0.708 0.112 0.998 0.000 0.015 0.054 0.755 0.000 -0.650 0.091 0.994 -0.000 0.047 0.097 
0.998 -0.055 -0.036 0.013 0.728 0.000 -0.676 0.113 0.967 0.000 -0.041 -0.250 0.776 0.000 -0.623 0.101 0.984 0.000 -0.047 -0.170 0.697 0.000 -0.708 0.113 0.998 -0.000 0.015 0.054 0.755 0.000 -0.650 0.091 0.994 0.000 0.047 0.098 
0.998 -0.056 -0.036 0.013 0.728 0.000 -0.677 0.113 0.967 0.000 -0.041 -0.250 0.776 0.000 -0.623 0.101 0.984 0.000 -0.047 -0.169 0.697 0.000 -0.708 0.113 0.998 0.000 0.015 0.054 0.755 0.000 -0.650 0.092 0.994 0.000 0.047 0.097 
0.998 -0.056 -0.036 0.013 0.727 0.000 -0.677 0.113 0.967 -0.000 -0.040 -0.250 0.776 -0.000 -0.623 0.101 0.984 0.000 -0.048 -0.169 0.697 0.000 -0.708 0.113 0.998 -0.000 0.015 0.054 0.755 0.000 -0.650 0.092 0.994 -0.000 0.047 0.098 
0.998 -0.056 -0.036 0.013 0.727 0.000 -0.677 0.113 0.967 0.000 -0.040 -0.250 0.775 0.000 -0.624 0.101 0.984 -0.000 -0.048 -0.169 0.697 0.000 -0.708 0.114 0.998 0.000 0.016 0.054 0.755 -0.000 -0.650 0.092 0.994 0.000 0.047 0.098 
0.998 -0.056 -0.036 0.013 0.727 0.000 -0.677 0.113 0.967 -0.000 -0.040 -0.250 0.775 0.000 -0.624 0.101 0.984 -0.000 -0.048 -0.169 0.697 0.000 -0.708 0.114 0.998 0.000 0.016 0.054 0.755 0.000 -0.649 0.092 0.994 0.000 0.047 0.098 
0.998 -0.056 -0.036 0.013 0.727 0.000 -0.678 0.112 0.967 0.000 -0.040 -0.250 0.775 0.000 -0.624 0.101 0.985 0.000 -0.048 -0.169 0.697 0.000 -0.708 0.115 0.998 0.000 0.016 0.054 0.755 0.000 -0.650 0.092 0.994 0.000 0.047 0.098 
0.998 -0.057 -0.036 0.013 0.727 0.000 -0.678 0.112 0.967 -0.000 -0.040 -0.250 0.775 0.000 -0.624 0.101 0.985 0.000 -0.048 -0.168 0.697 0.000 -0.708 0.115 0.998 0.000 0.016 0.054 0.755 0.000 -0.650 0.092 0.994 0.000 0.047 0.098 
0.998 -0.057 -0.036 0.013 0.726 0.000 -0.678 0.112 0.967 0.000 -0.041 -0.250 0.775 -0.000 -0.624 0.101 0.985 0.000 -0.048 -0.168 0.697 0.000 -0.708 0.115 0.998 -0.000 0.016 0.053 0.755 0.000 -0.650 0.093 0.994 -0.000 0.047 0.098 
0.998 -0.057 -0.036 0.013 0.726 0.000 -0.679 0.112 0.967 0.000 -0.040 -0.250 0.774 0.000 -0.625 0.100 0.985 0.000 -0.048 -0.168 0.697 0.000 -0.708 0.115 0.998 -0.000 0.016 0.053 0.755 -0.000 -0.650 0.093 0.994 -0.000 0.047 0.098 
0.998 -0.057 -0.036 0.013 0.726 0.000 -0.679 0.112 0.967 0.000 -0.040 -0.250 0.774 0.000 -0.625 0.101 0.985 0.000 -0.049 -0.168 0.697 0.000 -0.708 0.116 0.998 -0.000 0.016 0.053 0.755 0.000 -0.650 0.093 0.994 0.000 0.047 0.098 
0.998 -0.057 -0.036 0.013 0.726 0.000 -0.679 0.112 0.967 0.000 -0.040 -0.250 0.774 0.000 -0.625 0.100 0.985 0.000 -0.048 -0.167 0.697 0.000 -0.708 0.116 0.998 0.000 0.017 0.053 0.754 0.000 -0.650 0.093 0.994 0.000 0.047 0.098 
0.998 -0.057 -0.036 0.013 0.725 0.000 -0.679 0.112 0.967 0.000 -0.040 -0.250 0.774 0.000 -0.625 0.100 0.985 0.000 -0.049 -0.167 0.697 0.000 -0.708 0.116 0.998 0.000 0.017 0.053 0.754 0.000 -0.650 0.093 0.994 0.000 0.047 0.098 
0.998 -0.057 -0.035 0.013 0.725 0.000 -0.679 0.112 0.967 0.000 -0.040 -0.250 0.774 0.000 -0.625 0.101 0.985 0.000 -0.049 -0.167 0.697 0.000 -0.708 0.116 0.998 0.000 0.017 0.053 0.754 0.000 -0.650 0.093 0.994 0.000 0.047 0.098 
0.998 -0.057 -0.035 0.013 0.725 0.000 -0.680 0.112 0.968 0.000 -0.040 -0.249 0.774 0.000 -0.626 0.101 0.985 0.000 -0.049 -0.167 0.697 0.000 -0.708 0.116 0.998 0.000 0.017 0.052 0.754 0.000 -0.650 0.093 0.994 0.000 0.047 0.098 
0.998 -0.057 -0.035 0.013 0.725 0.000 -0.680 0.112 0.968 0.000 -0.040 -0.249 0.774 -0.000 -0.626 0.101 0.985 0.000 -0.049 -0.167 0.697 0.000 -0.708 0.116 0.998 0.000 0.017 0.052 0.754 0.000 -0.650 0.093 0.994 0.000 0.047 0.098 
0.998 -0.057 -0.035 0.013 0.724 -0.000 -0.680 0.112 0.968 0.000 -0.041 -0.249 0.774 0.000 -0.626 0.101 0.985 0.000 -0.049 -0.167 0.697 0.000 -0.708 0.116 0.999 0.000 0.017 0.052 0.754 0.000 -0.650 0.093 0.994 0.000 0.047 0.098 
0.998 -0.057 -0.035 0.013 0.724 0.000 -0.680 0.112 0.968 0.000 -0.041 -0.248 0.773 0.000 -0.626 0.101 0.985 0.000 -0.050 -0.167 0.697 0.000 -0.708 0.116 0.998 0.000 0.017 0.052 0.754 0.000 -0.650 0.092 0.994 0.000 0.047 0.098 
0.998 -0.057 -0.035 0.013 0.724 0.000 -0.681 0.112 0.968 -0.000 -0.040 -0.248 0.773 0.000 -0.626 0.101 0.985 0.000 -0.050 -0.167 0.697 0.000 -0.708 0.116 0.998 -0.000 0.018 0.052 0.754 -0.000 -0.650 0.092 0.994 0.000 0.047 0.098 
0.998 -0.056 -0.035 0.013 0.724 -0.000 -0.681 0.112 0.968 0.000 -0.041 -0.247 0.773 0.000 -0.626 0.102 0.985 0.000 -0.050 -0.167 0.697 0.000 -0.708 0.116 0.999 0.000 0.017 0.052 0.754 -0.000 -0.650 0.092 0.994 0.000 0.047 0.098 
0.998 -0.056 -0.035 0.013 0.723 0.000 -0.681 0.112 0.968 0.000 -0.041 -0.246 0.773 0.000 -0.626 0.102 0.985 0.000 -0.050 -0.167 0.697 0.000 -0.708 0.115 0.999 0.000 0.017 0.052 0.754 0.000 -0.650 0.092 0.994 -0.000 0.047 0.098 
0.998 -0.056 -0.035 0.013 0.723 -0.000 -0.682 0.111 0.968 0.000 -0.040 -0.246 0.773 0.000 -0.626 0.102 0.985 0.000 -0.050 -0.167 0.697 0.000 -0.708 0.115 0.999 0.000 0.018 0.052 0.754 -0.000 -0.650 0.092 0.994 0.000 0.047 0.098 
0.998 -0.056 -0.035 0.013 0.723 0.000 -0.682 0.111 0.969 0.000 -0.041 -0.245 0.773 0.000 -0.626 0.102 0.985 0.000 -0.050 -0.167 0.697 -0.000 -0.708 0.115 0.999 0.000 0.017 0.052 0.754 -0.000 -0.650 0.092 0.994 0.000 0.047 0.097 
0.998 -0.056 -0.035 0.013 0.723 0.000 -0.682 0.111 0.969 -0.000 -0.040 -0.245 0.773 0.000 -0.626 0.102 0.985 0.000 -0.050 -0.167 0.697 -0.000 -0.708 0.114 0.999 0.000 0.018 0.052 0.754 0.000 -0.650 0.091 0.994 0.000 0.047 0.098 
0.998 -0.056 -0.035 0.013 0.722 -0.000 -0.683 0.111 0.969 0.000 -0.040 -0.244 0.773 0.000 -0.626 0.102 0.985 0.000 -0.051 -0.167 0.697 0.000 -0.708 0.114 0.999 -0.000 0.017 0.052 0.754 -0.000 -0.650 0.091 0.994 0.000 0.047 0.097 
0.998 -0.056 -0.035 0.012 0.722 0.000 -0.683 0.111 0.969 0.000 -0.039 -0.243 0.773 0.000 -0.626 0.102 0.985 0.000 -0.051 -0.166 0.697 0.000 -0.708 0.114 0.999 0.000 0.018 0.052 0.754 0.000 -0.650 0.091 0.994 0.000 0.047 0.097 
0.998 -0.056 -0.035 0.012 0.722 0.000 -0.683 0.111 0.969 -0.000 -0.039 -0.242 0.773 0.000 -0.626 0.103 0.985 0.000 -0.051 -0.166 0.697 0.000 -0.708 0.113 0.999 -0.000 0.017 0.052 0.754 0.000 -0.650 0.091 0.994 -0.000 0.047 0.097 
0.998 -0.056 -0.035 0.012 0.721 -0.000 -0.684 0.111 0.970 0.000 -0.038 -0.242 0.773 -0.000 -0.626 0.103 0.985 0.000 -0.051 -0.166 0.697 -0.000 -0.708 0.113 0.999 0.000 0.017 0.052 0.754 0.000 -0.650 0.091 0.994 -0.000 0.047 0.098 
0.998 -0.055 -0.035 0.012 0.721 0.000 -0.684 0.111 0.970 0.000 -0.038 -0.241 0.773 0.000 -0.626 0.103 0.985 -0.000 -0.051 -0.166 0.697 0.000 -0.708 0.113 0.998 0.000 0.017 0.052 0.754 0.000 -0.650 0.090 0.994 0.000 0.047 0.098 
0.998 -0.055 -0.035 0.012 0.720 0.000 -0.685 0.111 0.970 0.000 -0.037 -0.241 0.773 -0.000 -0.626 0.103 0.985 0.000 -0.051 -0.166 0.697 -0.000 -0.708 0.113 0.998 0.000 0.017 0.052 0.754 0.000 -0.650 0.090 0.994 0.000 0.047 0.097 
0.998 -0.055 -0.035 0.012 0.720 0.000 -0.685 0.111 0.970 0.000 -0.037 -0.240 0.773 0.000 -0.626 0.103 0.985 0.000 -0.051 -0.166 0.697 0.000 -0.708 0.112 0.998 -0.000 0.018 0.053 0.754 0.000 -0.650 0.090 0.994 0.000 0.047 0.097 
0.998 -0.055 -0.035 0.012 0.719 0.000 -0.686 0.111 0.970 0.000 -0.036 -0.240 0.773 -0.000 -0.626 0.103 0.985 -0.000 -0.051 -0.165 0.697 0.000 -0.708 0.112 0.998 -0.000 0.017 0.052 0.754 0.000 -0.650 0.090 0.994 0.000 0.046 0.097 
0.998 -0.055 -0.035 0.012 0.719 0.000 -0.686 0.112 0.970 0.000 -0.035 -0.239 0.773 -0.000 -0.625 0.103 0.985 0.000 -0.051 -0.165 0.697 0.000 -0.708 0.112 0.998 0.000 0.017 0.052 0.754 -0.000 -0.650 0.090 0.994 -0.000 0.047 0.098 
0.998 -0.055 -0.035 0.012 0.719 0.000 -0.686 0.112 0.970 0.000 -0.035 -0.239 0.773 0.000 -0.625 0.103 0.985 0.000 -0.051 -0.165 0.697 0.000 -0.708 0.112 0.999 -0.000 0.017 0.052 0.754 0.000 -0.650 0.090 0.994 0.000 0.046 0.097 
0.998 -0.055 -0.035 0.012 0.718 -0.000 -0.687 0.112 0.971 0.000 -0.035 -0.239 0.773 0.000 -0.625 0.103 0.985 0.000 -0.051 -0.165 0.697 0.000 -0.708 0.112 0.998 -0.000 0.017 0.052 0.754 0.000 -0.650 0.090 0.994 0.000 0.046 0.097 
0.998 -0.055 -0.035 0.012 0.718 0.000 -0.687 0.112 0.971 0.000 -0.034 -0.238 0.774 0.000 -0.625 0.103 0.985 0.000 -0.051 -0.165 0.697 0.000 -0.708 0.112 0.998 0.000 0.017 0.052 0.754 0.000 -0.650 0.090 0.994 -0.000 0.046 0.098 
0.998 -0.055 -0.035 0.012 0.718 0.000 -0.687 0.113 0.971 0.000 -0.034 -0.238 0.774 -0.000 -0.625 0.103 0.985 0.000 -0.051 -0.164 0.697 0.000 -0.708 0.112 0.999 0.000 0.017 0.052 0.754 0.000 -0.650 0.090 0.994 0.000 0.046 0.098 
0.998 -0.055 -0.035 0.012 0.718 0.000 -0.687 0.113 0.971 0.000 -0.034 -0.238 0.774 0.000 -0.625 0.104 0.985 0.000 -0.051 -0.164 0.697 -0.000 -0.708 0.112 0.998 -0.000 0.017 0.052 0.754 -0.000 -0.650 0.090 0.994 0.000 0.046 0.098 
0.998 -0.055 -0.035 0.012 0.718 0.000 -0.687 0.113 0.971 -0.000 -0.034 -0.237 0.774 0.000 -0.625 0.104 0.985 0.000 -0.051 -0.164 0.697 0.000 -0.708 0.112 0.999 0.000 0.017 0.052 0.754 0.000 -0.650 0.090 0.994 0.000 0.046 0.097 
0.998 -0.056 -0.035 0.012 0.717 0.000 -0.688 0.114 0.971 0.000 -0.033 -0.237 0.774 0.000 -0.625 0.104 0.985 -0.000 -0.051 -0.164 0.697 0.000 -0.708 0.113 0.999 0.000 0.017 0.052 0.754 -0.000 -0.650 0.090 0.994 0.000 0.046 0.097 
0.998 -0.056 -0.035 0.012 0.717 0.000 -0.688 0.114 0.971 -0.000 -0.033 -0.237 0.774 0.000 -0.625 0.104 0.985 0.000 -0.051 -0.164 0.697 -0.000 -0.708 0.113 0.999 0.000 0.017 0.052 0.754 0.000 -0.650 0.090 0.994 0.000 0.046 0.097 
0.998 -0.056 -0.035 0.012 0.717 0.000 -0.688 0.115 0.971 0.000 -0.033 -0.237 0.774 0.000 -0.625 0.104 0.985 0.000 -0.050 -0.164 0.697 0.000 -0.708 0.113 0.999 0.000 0.017 0.052 0.754 -0.000 -0.650 0.091 0.994 0.000 0.046 0.097 
0.998 -0.056 -0.035 0.012 0.717 0.000 -0.688 0.115 0.971 0.000 -0.033 -0.237 0.774 0.000 -0.624 0.104 0.985 -0.000 -0.051 -0.163 0.697 0.000 -0.708 0.113 0.999 0.000 0.017 0.052 0.754 0.000 -0.650 0.091 0.994 0.000 0.046 0.097 
0.998 -0.056 -0.035 0.012 0.717 0.000 -0.688 0.115 0.971 0.000 -0.033 -0.236 0.774 0.000 -0.625 0.104 0.985 -0.000 -0.050 -0.164 0.697 -0.000 -0.708 0.113 0.998 0.000 0.017 0.052 0.754 0.000 -0.650 0.091 0.994 0.000 0.046 0.097 
0.998 -0.057 -0.035 0.012 0.717 0.000 -0.688 0.115 0.971 0.000 -0.033 -0.236 0.774 -0.000 -0.625 0.104 0.985 -0.000 -0.050 -0.164 0.697 0.000 -0.708 0.114 0.998 0.000 0.017 0.052 0.754 0.000 -0.650 0.091 0.994 0.000 0.046 0.097 
0.998 -0.057 -0.035 0.012 0.716 0.000 -0.688 0.116 0.971 0.000 -0.034 -0.236 0.774 0.000 -0.624 0.104 0.985 0.000 -0.050 -0.163 0.697 0.000 -0.708 0.114 0.999 0.000 0.017 0.052 0.754 0.000 -0.650 0.092 0.994 0.000 0.047 0.097 
0.998 -0.057 -0.035 0.012 0.716 0.000 -0.688 0.116 0.971 -0.000 -0.033 -0.236 0.774 -0.000 -0.624 0.104 0.985 0.000 -0.050 -0.163 0.697 0.000 -0.708 0.115 0.999 0.000 0.017 0.052 0.754 0.000 -0.650 0.092 0.994 0.000 0.046 0.097 
0.998 -0.058 -0.035 0.013 0.716 0.000 -0.688 0.117 0.971 -0.000 -0.033 -0.236 0.774 0.000 -0.624 0.104 0.985 0.000 -0.050 -0.162 0.697 0.000 -0.708 0.116 0.999 -0.000 0.017 0.052 0.754 0.000 -0.650 0.093 0.994 0.000 0.047 0.097 
0.998 -0.058 -0.035 0.012 0.716 0.000 -0.688 0.117 0.971 0.000 -0.033 -0.235 0.774 0.000 -0.624 0.103 0.986 0.000 -0.049 -0.162 0.697 0.000 -0.707 0.116 0.999 0.000 0.017 0.052 0.754 -0.000 -0.650 0.093 0.994 0.000 0.047 0.097 
0.998 -0.059 -0.035 0.013 0.716 0.000 -0.688 0.117 0.972 0.000 -0.032 -0.234 0.774 0.000 -0.624 0.103 0.986 0.000 -0.049 -0.162 0.697 0.000 -0.707 0.117 0.999 0.000 0.017 0.052 0.754 0.000 -0.650 0.094 0.994 0.000 0.047 0.097 
0.998 -0.059 -0.035 0.013 0.716 0.000 -0.688 0.117 0.972 0.000 -0.032 -0.234 0.774 -0.000 -0.624 0.104 0.986 0.000 -0.049 -0.162 0.697 0.000 -0.707 0.118 0.999 0.000 0.017 0.052 0.754 0.000 -0.650 0.095 0.994 0.000 0.047 0.097 
0.998 -0.060 -0.035 0.013 0.716 0.000 -0.688 0.117 0.972 0.000 -0.032 -0.234 0.774 -0.000 -0.624 0.104 0.986 0.000 -0.049 -0.162 0.697 0.000 -0.707 0.119 0.999 -0.000 0.017 0.052 0.754 0.000 -0.650 0.095 0.994 0.000 0.047 0.097 
0.997 -0.061 -0.035 0.013 0.716 0.000 -0.688 0.117 0.972 -0.000 -0.031 -0.233 0.774 -0.000 -0.624 0.104 0.986 0.000 -0.049 -0.162 0.697 0.000 -0.707 0.119 0.999 0.000 0.017 0.052 0.754 -0.000 -0.649 0.096 0.994 0.000 0.047 0.097 
0.997 -0.061 -0.035 0.013 0.716 0.000 -0.688 0.117 0.972 0.000 -0.031 -0.233 0.775 0.000 -0.624 0.104 0.986 0.000 -0.049 -0.162 0.697 -0.000 -0.707 0.120 0.999 0.000 0.018 0.052 0.754 0.000 -0.649 0.097 0.994 0.000 0.047 0.097 
0.997 -0.062 -0.035 0.013 0.716 0.000 -0.688 0.117 0.972 0.000 -0.031 -0.232 0.775 0.000 -0.624 0.103 0.986 0.000 -0.049 -0.161 0.697 0.000 -0.707 0.121 0.999 0.000 0.018 0.052 0.754 0.000 -0.649 0.098 0.994 0.000 0.048 0.097 
0.997 -0.063 -0.036 0.015 0.715 -0.000 -0.689 0.118 0.972 0.000 -0.030 -0.232 0.775 0.000 -0.623 0.104 0.986 0.000 -0.049 -0.161 0.696 -0.000 -0.707 0.125 0.999 0.000 0.017 0.050 0.755 0.000 -0.648 0.099 0.994 0.000 0.048 0.097 
0.997 -0.064 -0.036 0.015 0.715 0.000 -0.689 0.118 0.972 0.000 -0.030 -0.232 0.775 0.000 -0.623 0.104 0.986 0.000 -0.049 -0.162 0.696 0.000 -0.707 0.126 0.999 0.000 0.018 0.051 0.755 0.000 -0.648 0.100 0.994 -0.000 0.048 0.097 
0.997 -0.065 -0.036 0.015 0.715 0.000 -0.689 0.118 0.972 -0.000 -0.030 -0.232 0.776 0.000 -0.623 0.104 0.986 -0.000 -0.049 -0.161 0.696 0.000 -0.706 0.127 0.999 0.000 0.018 0.051 0.755 -0.000 -0.648 0.101 0.994 0.000 0.049 0.097 
0.997 -0.066 -0.036 0.015 0.715 0.000 -0.689 0.118 0.972 0.000 -0.029 -0.231 0.776 -0.000 -0.623 0.104 0.986 0.000 -0.049 -0.161 0.696 -0.000 -0.706 0.129 0.999 -0.000 0.018 0.051 0.755 0.000 -0.648 0.102 0.994 0.000 0.049 0.097 
0.997 -0.067 -0.036 0.015 0.715 0.000 -0.689 0.119 0.973 0.000 -0.029 -0.231 0.776 0.000 -0.623 0.104 0.986 0.000 -0.049 -0.161 0.696 -0.000 -0.706 0.130 0.999 0.000 0.018 0.051 0.755 0.000 -0.647 0.103 0.994 0.000 0.049 0.097 
0.997 -0.068 -0.036 0.015 0.715 0.000 -0.689 0.119 0.973 0.000 -0.028 -0.231 0.776 0.000 -0.623 0.104 0.986 0.000 -0.049 -0.161 0.696 0.000 -0.706 0.131 0.999 -0.000 0.018 0.051 0.755 0.000 -0.647 0.104 0.994 -0.000 0.049 0.097 
0.997 -0.068 -0.036 0.015 0.715 -0.000 -0.689 0.119 0.973 0.000 -0.028 -0.230 0.776 0.000 -0.622 0.104 0.986 0.000 -0.049 -0.162 0.696 -0.000 -0.706 0.132 0.999 0.000 0.018 0.051 0.755 0.000 -0.647 0.105 0.994 0.000 0.049 0.097 
0.997 -0.069 -0.036 0.015 0.716 0.000 -0.688 0.118 0.973 0.000 -0.028 -0.230 0.776 0.000 -0.623 0.105 0.986 0.000 -0.049 -0.162 0.696 0.000 -0.705 0.133 0.999 -0.000 0.018 0.051 0.755 0.000 -0.647 0.106 0.994 0.000 0.050 0.097 
0.997 -0.070 -0.035 0.015 0.716 0.000 -0.688 0.119 0.973 -0.000 -0.028 -0.230 0.775 0.000 -0.623 0.105 0.985 0.000 -0.048 -0.163 0.696 0.000 -0.705 0.134 0.999 0.000 0.019 0.051 0.755 -0.000 -0.647 0.107 0.994 0.000 0.050 0.097 
0.997 -0.071 -0.035 0.015 0.716 0.000 -0.688 0.119 0.973 0.000 -0.028 -0.231 0.775 -0.000 -0.623 0.105 0.985 -0.000 -0.048 -0.163 0.696 0.000 -0.705 0.135 0.999 0.000 0.019 0.051 0.755 -0.000 -0.647 0.108 0.994 0.000 0.050 0.097 
0.997 -0.072 -0.036 0.015 0.716 0.000 -0.687 0.120 0.972 0.000 -0.028 -0.232 0.775 0.000 -0.623 0.106 0.985 0.000 -0.048 -0.164 0.696 -0.000 -0.705 0.136 0.999 0.000 0.019 0.051 0.755 0.000 -0.647 0.109 0.994 0.000 0.050 0.097 
0.997 -0.073 -0.035 0.015 0.716 0.000 -0.687 0.120 0.972 0.000 -0.029 -0.232 0.775 0.000 -0.622 0.106 0.985 0.000 -0.049 -0.164 0.696 0.000 -0.705 0.137 0.998 0.000 0.020 0.052 0.755 0.000 -0.647 0.110 0.994 0.000 0.050 0.097 
0.997 -0.073 -0.035 0.015 0.716 0.000 -0.687 0.120 0.972 0.000 -0.028 -0.232 0.775 0.000 -0.622 0.106 0.985 0.000 -0.049 -0.164 0.696 0.000 -0.705 0.138 0.998 0.000 0.020 0.051 0.755 0.000 -0.647 0.111 0.994 0.000 0.051 0.097 
0.997 -0.074 -0.035 0.015 0.717 0.000 -0.687 0.121 0.972 0.000 -0.029 -0.233 0.776 0.000 -0.622 0.107 0.985 0.000 -0.050 -0.165 0.696 0.000 -0.704 0.139 0.998 0.000 0.020 0.051 0.755 0.000 -0.646 0.112 0.994 -0.000 0.051 0.098 
0.996 -0.074 -0.035 0.015 0.717 0.000 -0.687 0.122 0.972 0.000 -0.029 -0.234 0.775 0.000 -0.622 0.107 0.985 0.000 -0.049 -0.166 0.696 0.000 -0.704 0.140 0.998 0.000 0.020 0.051 0.755 0.000 -0.647 0.112 0.994 0.000 0.051 0.097 
0.996 -0.075 -0.035 0.015 0.717 0.000 -0.686 0.122 0.972 0.000 -0.029 -0.235 0.775 0.000 -0.622 0.108 0.985 -0.000 -0.050 -0.166 0.696 -0.000 -0.704 0.140 0.998 0.000 0.020 0.052 0.755 0.000 -0.646 0.112 0.994 -0.000 0.051 0.097 
0.996 -0.075 -0.035 0.015 0.717 0.000 -0.686 0.123 0.971 0.000 -0.030 -0.236 0.775 0.000 -0.622 0.109 0.985 0.000 -0.050 -0.167 0.696 0.000 -0.704 0.140 0.998 -0.000 0.020 0.052 0.755 0.000 -0.647 0.113 0.994 0.000 0.051 0.098 
0.996 -0.075 -0.035 0.016 0.717 0.000 -0.686 0.123 0.971 0.000 -0.029 -0.236 0.775 0.000 -0.622 0.110 0.984 0.000 -0.051 -0.168 0.696 0.000 -0.704 0.141 0.998 0.000 0.021 0.052 0.755 0.000 -0.646 0.113 0.994 0.000 0.051 0.098 
0.996 -0.075 -0.035 0.015 0.717 0.000 -0.686 0.124 0.971 0.000 -0.030 -0.237 0.775 0.000 -0.622 0.110 0.984 0.000 -0.051 -0.169 0.696 0.000 -0.704 0.140 0.998 0.000 0.021 0.052 0.754 0.000 -0.647 0.112 0.994 0.000 0.051 0.098 
0.996 -0.076 -0.035 0.016 0.718 0.000 -0.685 0.125 0.971 0.000 -0.031 -0.239 0.775 -0.000 -0.622 0.111 0.984 0.000 -0.051 -0.169 0.696 -0.000 -0.704 0.140 0.998 0.000 0.021 0.052 0.755 0.000 -0.647 0.112 0.994 0.000 0.051 0.098 
0.996 -0.076 -0.035 0.016 0.718 0.000 -0.685 0.125 0.970 -0.000 -0.031 -0.239 0.775 0.000 -0.622 0.112 0.984 0.000 -0.051 -0.170 0.696 0.000 -0.704 0.140 0.998 0.000 0.021 0.052 0.754 0.000 -0.647 0.112 0.994 0.000 0.051 0.099 
0.996 -0.076 -0.035 0.016 0.718 0.000 -0.685 0.126 0.970 -0.000 -0.032 -0.241 0.775 0.000 -0.622 0.112 0.984 0.000 -0.052 -0.171 0.696 0.000 -0.704 0.140 0.998 0.000 0.021 0.052 0.754 0.000 -0.647 0.112 0.994 0.000 0.051 0.099 
0.996 -0.076 -0.035 0.016 0.718 0.000 -0.684 0.127 0.970 0.000 -0.032 -0.241 0.775 0.000 -0.622 0.113 0.984 0.000 -0.052 -0.171 0.696 0.000 -0.704 0.140 0.998 0.000 0.021 0.053 0.754 0.000 -0.647 0.112 0.994 -0.000 0.051 0.099 
0.996 -0.076 -0.035 0.016 0.718 0.000 -0.684 0.128 0.970 0.000 -0.033 -0.242 0.775 0.000 -0.622 0.114 0.984 -0.000 -0.052 -0.172 0.696 0.000 -0.704 0.140 0.998 0.000 0.022 0.052 0.754 -0.000 -0.647 0.112 0.994 0.000 0.051 0.099 
0.996 -0.076 -0.035 0.016 0.718 -0.000 -0.684 0.129 0.969 0.000 -0.033 -0.243 0.775 0.000 -0.621 0.114 0.984 -0.000 -0.053 -0.173 0.696 0.000 -0.704 0.140 0.998 0.000 0.022 0.053 0.754 0.000 -0.647 0.112 0.994 0.000 0.051 0.099 
0.996 -0.076 -0.035 0.016 0.718 0.000 -0.683 0.130 0.969 -0.000 -0.033 -0.244 0.775 0.000 -0.621 0.115 0.983 0.000 -0.053 -0.173 0.696 0.000 -0.704 0.140 0.998 0.000 0.022 0.052 0.754 0.000 -0.647 0.112 0.994 0.000 0.051 0.099 
0.996 -0.076 -0.035 0.016 0.719 0.000 -0.683 0.131 0.969 0.000 -0.034 -0.245 0.775 -0.000 -0.621 0.116 0.983 -0.000 -0.053 -0.174 0.696 0.000 -0.705 0.139 0.998 0.000 0.022 0.053 0.754 0.000 -0.647 0.111 0.994 -0.000 0.051 0.099 
0.996 -0.076 -0.035 0.015 0.719 0.000 -0.683 0.132 0.969 0.000 -0.035 -0.246 0.775 0.000 -0.621 0.117 0.983 0.000 -0.054 -0.174 0.696 0.000 -0.705 0.138 0.998 0.000 0.022 0.053 0.754 0.000 -0.647 0.111 0.994 0.000 0.051 0.099 
0.996 -0.075 -0.035 0.015 0.719 0.000 -0.682 0.133 0.968 0.000 -0.036 -0.247 0.775 -0.000 -0.621 0.118 0.983 -0.000 -0.054 -0.175 0.696 0.000 -0.705 0.138 0.998 0.000 0.022 0.053 0.754 0.000 -0.647 0.110 0.994 0.000 0.051 0.099 
0.996 -0.075 -0.035 0.015 0.719 0.000 -0.682 0.134 0.968 0.000 -0.037 -0.248 0.775 -0.000 -0.621 0.119 0.983 0.000 -0.054 -0.176 0.696 0.000 -0.705 0.137 0.998 0.000 0.022 0.052 0.754 0.000 -0.648 0.110 0.994 0.000 0.051 0.099 
0.997 -0.075 -0.035 0.015 0.719 0.000 -0.682 0.135 0.968 0.000 -0.037 -0.248 0.775 0.000 -0.621 0.120 0.983 0.000 -0.054 -0.176 0.696 0.000 -0.705 0.136 0.998 -0.000 0.022 0.052 0.754 0.000 -0.648 0.109 0.994 0.000 0.051 0.098 
0.997 -0.074 -0.035 0.015 0.719 0.000 -0.681 0.136 0.968 0.000 -0.038 -0.249 0.775 0.000 -0.621 0.120 0.983 -0.000 -0.054 -0.176 0.696 0.000 -0.705 0.136 0.998 0.000 0.022 0.052 0.754 0.000 -0.648 0.108 0.994 0.000 0.050 0.098 
0.997 -0.074 -0.035 0.015 0.719 0.000 -0.681 0.137 0.968 0.000 -0.037 -0.249 0.775 0.000 -0.621 0.121 0.983 0.000 -0.054 -0.176 0.696 -0.000 -0.705 0.135 0.998 -0.000 0.022 0.052 0.754 0.000 -0.648 0.108 0.994 0.000 0.050 0.098 
0.997 -0.073 -0.034 0.015 0.719 -0.000 -0.681 0.138 0.968 -0.000 -0.037 -0.249 0.774 -0.000 -0.621 0.122 0.982 -0.000 -0.056 -0.178 0.696 -0.000 -0.705 0.134 0.998 -0.000 0.021 0.052 0.754 0.000 -0.648 0.107 0.994 0.000 0.050 0.098 
0.997 -0.072 -0.035 0.015 0.719 0.000 -0.681 0.138 0.968 0.000 -0.038 -0.249 0.774 0.000 -0.621 0.122 0.982 0.000 -0.056 -0.178 0.696 0.000 -0.705 0.133 0.998 0.000 0.021 0.052 0.754 0.000 -0.648 0.106 0.994 0.000 0.050 0.098 
0.997 -0.072 -0.034 0.015 0.719 0.000 -0.681 0.139 0.968 0.000 -0.038 -0.249 0.774 0.000 -0.621 0.123 0.982 0.000 -0.056 -0.178 0.696 0.000 -0.706 0.132 0.998 -0.000 0.021 0.052 0.754 0.000 -0.648 0.105 0.994 0.000 0.050 0.098 
0.997 -0.071 -0.034 0.015 0.719 0.000 -0.681 0.139 0.968 -0.000 -0.038 -0.248 0.774 0.000 -0.621 0.124 0.983 0.000 -0.056 -0.177 0.696 0.000 -0.706 0.131 0.998 0.000 0.021 0.052 0.754 0.000 -0.648 0.105 0.994 0.000 0.049 0.098 
0.997 -0.071 -0.034 0.013 0.720 0.000 -0.680 0.140 0.968 0.000 -0.039 -0.247 0.774 0.000 -0.621 0.125 0.983 0.000 -0.056 -0.177 0.697 0.000 -0.705 0.130 0.998 0.000 0.021 0.052 0.754 -0.000 -0.648 0.107 0.994 -0.000 0.049 0.096 
0.997 -0.071 -0.034 0.013 0.720 0.000 -0.680 0.140 0.968 0.000 -0.039 -0.246 0.774 0.000 -0.621 0.126 0.983 0.000 -0.056 -0.176 0.697 -0.000 -0.705 0.129 0.998 -0.000 0.021 0.052 0.754 0.000 -0.648 0.106 0.994 0.000 0.049 0.096 
0.997 -0.071 -0.034 0.014 0.719 0.000 -0.680 0.142 0.969 0.000 -0.039 -0.246 0.774 0.000 -0.620 0.126 0.983 0.000 -0.056 -0.175 0.697 0.000 -0.705 0.130 0.998 0.000 0.021 0.052 0.754 -0.000 -0.648 0.105 0.994 0.000 0.049 0.096 
0.997 -0.070 -0.034 0.014 0.719 0.000 -0.680 0.142 0.969 0.000 -0.039 -0.245 0.774 0.000 -0.620 0.127 0.983 0.000 -0.056 -0.175 0.697 -0.000 -0.706 0.129 0.998 -0.000 0.020 0.051 0.754 -0.000 -0.648 0.104 0.994 0.000 0.048 0.096 
0.997 -0.069 -0.034 0.014 0.720 -0.000 -0.680 0.143 0.969 0.000 -0.040 -0.244 0.774 0.000 -0.620 0.127 0.983 0.000 -0.056 -0.174 0.697 0.000 -0.706 0.128 0.998 0.000 0.020 0.051 0.754 0.000 -0.649 0.103 0.994 0.000 0.048 0.096 
0.997 -0.069 -0.034 0.014 0.719 0.000 -0.680 0.143 0.969 0.000 -0.039 -0.243 0.774 0.000 -0.620 0.128 0.983 0.000 -0.056 -0.173 0.697 -0.000 -0.706 0.127 0.998 0.000 0.020 0.052 0.754 0.000 -0.649 0.102 0.994 0.000 0.048 0.096 
0.997 -0.068 -0.034 0.015 0.719 0.000 -0.680 0.143 0.970 0.000 -0.039 -0.242 0.774 0.000 -0.619 0.128 0.983 0.000 -0.057 -0.172 0.697 0.000 -0.706 0.126 0.998 0.000 0.020 0.052 0.754 0.000 -0.649 0.101 0.994 0.000 0.048 0.096 
0.997 -0.068 -0.034 0.015 0.719 0.000 -0.680 0.144 0.970 0.000 -0.039 -0.241 0.774 0.000 -0.620 0.129 0.984 0.000 -0.056 -0.172 0.697 -0.000 -0.706 0.125 0.998 0.000 0.019 0.052 0.754 0.000 -0.649 0.100 0.994 0.000 0.048 0.096 
0.997 -0.067 -0.034 0.015 0.719 0.000 -0.680 0.144 0.970 0.000 -0.038 -0.240 0.774 0.000 -0.620 0.129 0.984 0.000 -0.056 -0.171 0.697 -0.000 -0.706 0.124 0.998 0.000 0.019 0.051 0.754 -0.000 -0.649 0.099 0.994 0.000 0.048 0.096 
0.997 -0.067 -0.034 0.015 0.719 0.000 -0.680 0.145 0.970 0.000 -0.038 -0.239 0.774 0.000 -0.619 0.130 0.984 0.000 -0.056 -0.170 0.697 0.000 -0.706 0.123 0.998 -0.000 0.019 0.051 0.754 0.000 -0.649 0.098 0.994 0.000 0.047 0.096 
0.997 -0.066 -0.034 0.015 0.719 0.000 -0.679 0.145 0.971 0.000 -0.038 -0.237 0.774 0.000 -0.619 0.131 0.984 -0.000 -0.056 -0.169 0.697 0.000 -0.706 0.122 0.998 0.000 0.019 0.052 0.754 0.000 -0.650 0.098 0.994 0.000 0.047 0.096 
0.997 -0.066 -0.034 0.015 0.719 -0.000 -0.679 0.146 0.971 -0.000 -0.038 -0.237 0.774 0.000 -0.619 0.131 0.984 0.000 -0.056 -0.168 0.697 0.000 -0.706 0.122 0.998 0.000 0.019 0.051 0.754 0.000 -0.650 0.097 0.994 0.000 0.047 0.096 
0.997 -0.065 -0.034 0.015 0.719 0.000 -0.679 0.146 0.971 0.000 -0.037 -0.235 0.774 -0.000 -0.619 0.131 0.984 0.000 -0.056 -0.167 0.697 0.000 -0.706 0.121 0.998 0.000 0.019 0.051 0.754 0.000 -0.650 0.097 0.994 0.000 0.047 0.096 
0.997 -0.065 -0.034 0.015 0.719 0.000 -0.679 0.147 0.971 0.000 -0.037 -0.235 0.774 0.000 -0.619 0.132 0.984 0.000 -0.056 -0.167 0.697 0.000 -0.707 0.121 0.998 0.000 0.019 0.051 0.754 0.000 -0.650 0.096 0.994 0.000 0.046 0.096 
0.997 -0.065 -0.034 0.015 0.719 0.000 -0.679 0.147 0.972 0.000 -0.037 -0.234 0.774 0.000 -0.619 0.133 0.985 0.000 -0.056 -0.166 0.697 0.000 -0.707 0.120 0.998 0.000 0.019 0.051 0.754 0.000 -0.650 0.095 0.994 -0.000 0.046 0.096 
0.997 -0.064 -0.034 0.015 0.719 0.000 -0.679 0.148 0.972 0.000 -0.037 -0.233 0.775 0.000 -0.618 0.133 0.985 0.000 -0.056 -0.166 0.697 0.000 -0.707 0.119 0.998 0.000 0.019 0.052 0.754 0.000 -0.650 0.095 0.994 0.000 0.046 0.096 
0.997 -0.064 -0.034 0.015 0.719 -0.000 -0.679 0.148 0.972 0.000 -0.036 -0.233 0.775 -0.000 -0.618 0.134 0.985 0.000 -0.056 -0.165 0.697 0.000 -0.707 0.119 0.998 0.000 0.019 0.052 0.754 0.000 -0.650 0.094 0.994 0.000 0.046 0.096 
0.997 -0.064 -0.034 0.015 0.719 0.000 -0.679 0.148 0.972 0.000 -0.036 -0.232 0.775 0.000 -0.618 0.134 0.985 0.000 -0.056 -0.164 0.697 0.000 -0.707 0.118 0.998 0.000 0.019 0.052 0.754 0.000 -0.650 0.093 0.994 0.000 0.046 0.096 
0.997 -0.064 -0.034 0.016 0.718 0.000 -0.679 0.149 0.972 0.000 -0.036 -0.231 0.775 0.000 -0.618 0.135 0.985 0.000 -0.056 -0.164 0.697 0.000 -0.707 0.118 0.998 -0.000 0.019 0.052 0.754 0.000 -0.650 0.093 0.994 -0.000 0.046 0.096 
0.997 -0.063 -0.034 0.016 0.718 0.000 -0.679 0.150 0.972 0.000 -0.036 -0.231 0.775 0.000 -0.618 0.136 0.985 0.000 -0.056 -0.164 0.697 0.000 -0.707 0.118 0.998 0.000 0.019 0.052 0.754 0.000 -0.650 0.092 0.994 0.000 0.046 0.096 
0.997 -0.063 -0.034 0.016 0.718 0.000 -0.679 0.150 0.972 -0.000 -0.036 -0.231 0.775 0.000 -0.617 0.136 0.985 0.000 -0.055 -0.163 0.697 0.000 -0.707 0.117 0.998 0.000 0.019 0.052 0.754 0.000 -0.650 0.092 0.994 0.000 0.045 0.096 
0.997 -0.063 -0.034 0.016 0.718 0.000 -0.679 0.151 0.973 0.000 -0.036 -0.230 0.775 0.000 -0.617 0.137 0.985 0.000 -0.055 -0.163 0.697 0.000 -0.707 0.117 0.998 0.000 0.019 0.052 0.754 -0.000 -0.650 0.092 0.994 0.000 0.046 0.096 
0.997 -0.063 -0.034 0.017 0.718 0.000 -0.679 0.152 0.972 -0.000 -0.036 -0.230 0.775 0.000 -0.617 0.137 0.985 0.000 -0.056 -0.163 0.697 0.000 -0.707 0.117 0.998 0.000 0.019 0.052 0.754 0.000 -0.650 0.092 0.994 0.000 0.045 0.096 
0.997 -0.063 -0.034 0.017 0.718 0.000 -0.679 0.153 0.972 0.000 -0.036 -0.230 0.775 0.000 -0.617 0.138 0.985 0.000 -0.056 -0.163 0.697 0.000 -0.707 0.117 0.998 0.000 0.019 0.052 0.754 0.000 -0.650 0.091 0.994 0.000 0.045 0.097 
0.997 -0.063 -0.034 0.017 0.718 -0.000 -0.679 0.153 0.973 0.000 -0.036 -0.230 0.775 0.000 -0.616 0.139 0.985 0.000 -0.056 -0.163 0.697 0.000 -0.707 0.117 0.998 0.000 0.019 0.052 0.754 0.000 -0.650 0.091 0.994 0.000 0.045 0.096 
0.997 -0.063 -0.034 0.017 0.718 0.000 -0.679 0.154 0.972 0.000 -0.036 -0.230 0.775 -0.000 -0.616 0.139 0.985 0.000 -0.056 -0.162 0.697 0.000 -0.707 0.117 0.998 0.000 0.019 0.052 0.754 0.000 -0.650 0.091 0.994 0.000 0.045 0.096 
0.997 -0.063 -0.034 0.018 0.718 0.000 -0.679 0.155 0.972 0.000 -0.037 -0.231 0.775 0.000 -0.616 0.140 0.985 0.000 -0.056 -0.163 0.697 0.000 -0.707 0.117 0.998 0.000 0.019 0.052 0.754 0.000 -0.650 0.091 0.994 0.000 0.046 0.097 
0.997 -0.063 -0.034 0.018 0.718 0.000 -0.679 0.156 0.972 0.000 -0.037 -0.231 0.775 0.000 -0.616 0.140 0.985 -0.000 -0.056 -0.162 0.697 -0.000 -0.707 0.117 0.998 0.000 0.019 0.052 0.754 0.000 -0.650 0.091 0.994 -0.000 0.045 0.096 
0.997 -0.063 -0.034 0.018 0.718 0.000 -0.679 0.156 0.972 0.000 -0.037 -0.231 0.776 0.000 -0.615 0.141 0.985 0.000 -0.056 -0.162 0.697 -0.000 -0.707 0.117 0.998 0.000 0.019 0.052 0.754 -0.000 -0.650 0.090 0.994 0.000 0.045 0.097 
0.997 -0.063 -0.034 0.018 0.718 0.000 -0.679 0.157 0.972 0.000 -0.037 -0.231 0.775 0.000 -0.615 0.141 0.985 0.000 -0.056 -0.162 0.697 -0.000 -0.707 0.117 0.998 0.000 0.019 0.052 0.754 0.000 -0.650 0.090 0.994 0.000 0.045 0.097 
0.997 -0.063 -0.034 0.018 0.718 0.000 -0.678 0.157 0.972 0.000 -0.037 -0.232 0.776 0.000 -0.615 0.142 0.985 -0.000 -0.057 -0.162 0.697 0.000 -0.708 0.117 0.998 0.000 0.019 0.052 0.754 0.000 -0.650 0.090 0.994 0.000 0.045 0.097 
0.997 -0.063 -0.034 0.019 0.718 0.000 -0.678 0.158 0.972 0.000 -0.037 -0.232 0.776 0.000 -0.615 0.142 0.985 0.000 -0.057 -0.163 0.697 0.000 -0.708 0.117 0.998 -0.000 0.019 0.052 0.754 0.000 -0.650 0.090 0.994 0.000 0.045 0.096 
0.997 -0.063 -0.034 0.019 0.717 0.000 -0.678 0.158 0.972 0.000 -0.038 -0.232 0.776 0.000 -0.615 0.143 0.985 0.000 -0.057 -0.163 0.697 0.000 -0.708 0.117 0.998 -0.000 0.019 0.052 0.755 0.000 -0.650 0.090 0.994 0.000 0.045 0.097 
0.997 -0.063 -0.034 0.019 0.717 0.000 -0.678 0.159 0.972 0.000 -0.037 -0.233 0.776 0.000 -0.615 0.143 0.985 0.000 -0.057 -0.163 0.697 0.000 -0.708 0.117 0.998 0.000 0.019 0.052 0.754 0.000 -0.650 0.090 0.994 0.000 0.045 0.097 
0.997 -0.063 -0.034 0.019 0.717 0.000 -0.678 0.159 0.972 -0.000 -0.038 -0.233 0.776 -0.000 -0.615 0.143 0.985 0.000 -0.057 -0.163 0.697 0.000 -0.708 0.117 0.998 0.000 0.019 0.052 0.754 0.000 -0.650 0.090 0.994 0.000 0.045 0.097 
0.997 -0.063 -0.034 0.019 0.717 0.000 -0.678 0.159 0.972 -0.000 -0.037 -0.233 0.776 0.000 -0.615 0.144 0.985 0.000 -0.057 -0.163 0.697 -0.000 -0.708 0.117 0.998 0.000 0.019 0.052 0.754 0.000 -0.650 0.090 0.994 -0.000 0.045 0.097 
0.997 -0.063 -0.034 0.019 0.717 0.000 -0.678 0.159 0.972 0.000 -0.037 -0.233 0.775 0.000 -0.615 0.144 0.985 0.000 -0.057 -0.163 0.697 0.000 -0.708 0.117 0.998 0.000 0.020 0.052 0.754 0.000 -0.650 0.090 0.994 -0.000 0.045 0.097 
0.997 -0.063 -0.034 0.019 0.717 0.000 -0.679 0.159 0.972 0.000 -0.037 -0.234 0.776 -0.000 -0.615 0.144 0.985 0.000 -0.057 -0.163 0.697 0.000 -0.708 0.117 0.998 -0.000 0.020 0.052 0.754 0.000 -0.650 0.090 0.994 -0.000 0.045 0.096 
0.997 -0.063 -0.033 0.019 0.717 0.000 -0.679 0.159 0.972 0.000 -0.037 -0.234 0.775 0.000 -0.615 0.144 0.985 0.000 -0.057 -0.163 0.697 -0.000 -0.708 0.117 0.998 0.000 0.020 0.052 0.754 0.000 -0.650 0.090 0.994 0.000 0.045 0.097 
0.997 -0.063 -0.033 0.019 0.717 0.000 -0.679 0.159 0.972 0.000 -0.037 -0.234 0.775 0.000 -0.615 0.144 0.985 -0.000 -0.057 -0.164 0.697 0.000 -0.708 0.117 0.998 -0.000 0.020 0.052 0.754 0.000 -0.650 0.090 0.994 0.000 0.045 0.097 
0.997 -0.063 -0.034 0.019 0.717 0.000 -0.679 0.160 0.971 -0.000 -0.037 -0.235 0.776 0.000 -0.614 0.144 0.985 0.000 -0.057 -0.163 0.697 -0.000 -0.707 0.118 0.998 -0.000 0.020 0.052 0.754 0.000 -0.650 0.090 0.994 0.000 0.045 0.097 
0.997 -0.063 -0.034 0.019 0.717 0.000 -0.679 0.159 0.971 -0.000 -0.037 -0.235 0.776 0.000 -0.615 0.144 0.985 0.000 -0.057 -0.164 0.697 0.000 -0.708 0.117 0.998 0.000 0.020 0.052 0.755 0.000 -0.650 0.090 0.994 0.000 0.045 0.097 
0.997 -0.063 -0.034 0.019 0.716 0.000 -0.679 0.159 0.971 0.000 -0.036 -0.235 0.776 0.000 -0.614 0.144 0.985 0.000 -0.057 -0.163 0.697 0.000 -0.708 0.117 0.998 -0.000 0.020 0.052 0.754 0.000 -0.650 0.090 0.994 0.000 0.045 0.097 
0.997 -0.063 -0.034 0.019 0.716 0.000 -0.679 0.159 0.971 0.000 -0.036 -0.236 0.776 0.000 -0.615 0.144 0.985 0.000 -0.057 -0.164 0.697 0.000 -0.708 0.118 0.998 0.000 0.020 0.052 0.754 0.000 -0.650 0.089 0.994 -0.000 0.045 0.098 
0.997 -0.063 -0.034 0.019 0.716 0.000 -0.680 0.159 0.971 0.000 -0.036 -0.236 0.775 -0.000 -0.615 0.144 0.985 0.000 -0.057 -0.165 0.697 0.000 -0.708 0.117 0.998 0.000 0.020 0.052 0.754 0.000 -0.650 0.089 0.994 0.000 0.045 0.097 
0.997 -0.063 -0.034 0.020 0.716 0.000 -0.680 0.159 0.971 0.000 -0.035 -0.237 0.776 0.000 -0.615 0.144 0.985 0.000 -0.057 -0.165 0.697 0.000 -0.708 0.117 0.998 0.000 0.020 0.052 0.754 0.000 -0.650 0.089 0.994 0.000 0.045 0.098 
0.997 -0.063 -0.034 0.020 0.716 0.000 -0.680 0.159 0.971 0.000 -0.035 -0.237 0.776 0.000 -0.615 0.144 0.985 0.000 -0.057 -0.165 0.697 0.000 -0.708 0.117 0.998 0.000 0.020 0.052 0.755 0.000 -0.650 0.089 0.994 0.000 0.045 0.097 
0.997 -0.062 -0.034 0.020 0.716 0.000 -0.680 0.158 0.971 0.000 -0.035 -0.238 0.776 0.000 -0.614 0.144 0.985 0.000 -0.057 -0.166 0.697 -0.000 -0.708 0.117 0.998 0.000 0.019 0.052 0.755 0.000 -0.650 0.089 0.994 0.000 0.045 0.098 
0.997 -0.062 -0.034 0.020 0.716 -0.000 -0.680 0.158 0.971 0.000 -0.034 -0.238 0.776 0.000 -0.615 0.144 0.984 0.000 -0.057 -0.166 0.697 0.000 -0.708 0.116 0.998 0.000 0.020 0.052 0.754 0.000 -0.650 0.088 0.994 0.000 0.045 0.098 
0.997 -0.062 -0.033 0.020 0.716 0.000 -0.680 0.158 0.970 0.000 -0.035 -0.239 0.775 0.000 -0.615 0.144 0.984 0.000 -0.057 -0.167 0.697 0.000 -0.708 0.116 0.998 -0.000 0.019 0.052 0.754 0.000 -0.650 0.088 0.994 0.000 0.045 0.098 
0.997 -0.062 -0.033 0.020 0.716 0.000 -0.680 0.158 0.970 0.000 -0.035 -0.240 0.775 0.000 -0.615 0.143 0.984 0.000 -0.057 -0.167 0.697 0.000 -0.708 0.116 0.998 0.000 0.020 0.052 0.754 -0.000 -0.651 0.088 0.994 -0.000 0.045 0.098 
0.997 -0.061 -0.033 0.020 0.715 0.000 -0.681 0.158 0.970 0.000 -0.035 -0.241 0.775 0.000 -0.615 0.143 0.984 -0.000 -0.057 -0.167 0.697 0.000 -0.708 0.115 0.998 0.000 0.019 0.052 0.754 -0.000 -0.651 0.087 0.994 0.000 0.044 0.098 
0.997 -0.061 -0.034 0.020 0.715 0.000 -0.681 0.157 0.970 0.000 -0.035 -0.241 0.775 0.000 -0.615 0.143 0.984 0.000 -0.057 -0.167 0.697 0.000 -0.708 0.115 0.998 0.000 0.020 0.051 0.754 0.000 -0.651 0.087 0.994 0.000 0.044 0.098 
0.997 -0.061 -0.033 0.020 0.715 0.000 -0.681 0.156 0.970 0.000 -0.034 -0.241 0.775 0.000 -0.616 0.142 0.984 0.000 -0.057 -0.167 0.697 -0.000 -0.708 0.114 0.998 -0.000 0.019 0.052 0.754 0.000 -0.651 0.087 0.994 0.000 0.044 0.097 
0.997 -0.060 -0.034 0.020 0.715 0.000 -0.681 0.156 0.970 0.000 -0.034 -0.241 0.775 0.000 -0.616 0.142 0.984 0.000 -0.057 -0.168 0.697 0.000 -0.708 0.114 0.998 0.000 0.019 0.051 0.754 0.000 -0.651 0.086 0.994 0.000 0.044 0.097 
0.997 -0.060 -0.034 0.020 0.715 0.000 -0.681 0.156 0.970 -0.000 -0.034 -0.242 0.775 0.000 -0.616 0.141 0.984 0.000 -0.056 -0.167 0.697 0.000 -0.708 0.114 0.999 0.000 0.019 0.051 0.754 -0.000 -0.651 0.086 0.994 0.000 0.044 0.097 
0.997 -0.060 -0.034 0.020 0.715 0.000 -0.682 0.155 0.970 0.000 -0.034 -0.242 0.775 -0.000 -0.616 0.141 0.984 0.000 -0.057 -0.168 0.697 0.000 -0.708 0.114 0.999 -0.000 0.019 0.051 0.755 0.000 -0.651 0.086 0.994 0.000 0.044 0.097 
0.997 -0.059 -0.034 0.020 0.715 -0.000 -0.682 0.154 0.970 0.000 -0.034 -0.242 0.775 0.000 -0.616 0.141 0.984 0.000 -0.057 -0.168 0.697 0.000 -0.708 0.113 0.999 0.000 0.019 0.051 0.754 0.000 -0.651 0.085 0.994 0.000 0.044 0.097 
0.998 -0.059 -0.034 0.020 0.716 0.000 -0.681 0.154 0.970 0.000 -0.035 -0.242 0.775 0.000 -0.617 0.140 0.984 0.000 -0.057 -0.169 0.697 0.000 -0.708 0.113 0.999 0.000 0.019 0.051 0.755 0.000 -0.651 0.084 0.994 0.000 0.044 0.097 
0.998 -0.058 -0.034 0.020 0.716 -0.000 -0.682 0.153 0.969 0.000 -0.035 -0.243 0.774 0.000 -0.617 0.141 0.984 0.000 -0.056 -0.170 0.697 0.000 -0.708 0.112 0.999 0.000 0.019 0.051 0.755 0.000 -0.651 0.084 0.994 0.000 0.044 0.097 
0.998 -0.058 -0.034 0.020 0.716 0.000 -0.682 0.151 0.970 0.000 -0.035 -0.242 0.774 0.000 -0.617 0.140 0.984 0.000 -0.056 -0.170 0.697 0.000 -0.708 0.111 0.999 -0.000 0.019 0.051 0.755 0.000 -0.651 0.083 0.994 -0.000 0.043 0.097 
0.998 -0.057 -0.034 0.020 0.716 0.000 -0.682 0.151 0.970 0.000 -0.035 -0.242 0.774 0.000 -0.617 0.139 0.984 0.000 -0.056 -0.170 0.697 0.000 -0.708 0.111 0.999 0.000 0.019 0.051 0.755 0.000 -0.651 0.083 0.994 0.000 0.043 0.097 
0.998 -0.057 -0.034 0.020 0.716 0.000 -0.682 0.150 0.970 0.000 -0.036 -0.242 0.775 0.000 -0.617 0.138 0.984 0.000 -0.056 -0.170 0.697 -0.000 -0.708 0.111 0.999 0.000 0.018 0.050 0.755 -0.000 -0.651 0.082 0.994 0.000 0.043 0.097 
0.998 -0.056 -0.034 0.020 0.716 0.000 -0.682 0.149 0.970 0.000 -0.036 -0.242 0.775 0.000 -0.617 0.137 0.984 0.000 -0.057 -0.169 0.697 0.000 -0.708 0.110 0.999 -0.000 0.018 0.050 0.755 0.000 -0.651 0.081 0.994 -0.000 0.043 0.097 
0.998 -0.056 -0.034 0.020 0.716 -0.000 -0.682 0.148 0.970 0.000 -0.036 -0.242 0.775 0.000 -0.617 0.137 0.984 -0.000 -0.057 -0.170 0.697 -0.000 -0.709 0.109 0.999 0.000 0.018 0.051 0.755 -0.000 -0.651 0.080 0.994 0.000 0.043 0.097 
0.998 -0.055 -0.034 0.020 0.716 -0.000 -0.683 0.147 0.970 0.000 -0.035 -0.242 0.775 0.000 -0.617 0.136 0.984 0.000 -0.057 -0.170 0.697 0.000 -0.709 0.108 0.999 -0.000 0.018 0.051 0.755 0.000 -0.651 0.080 0.994 0.000 0.041 0.097 
0.998 -0.054 -0.034 0.020 0.716 0.000 -0.683 0.146 0.970 0.000 -0.035 -0.241 0.775 0.000 -0.618 0.135 0.984 0.000 -0.057 -0.170 0.697 0.000 -0.709 0.107 0.999 0.000 0.018 0.051 0.755 0.000 -0.651 0.079 0.994 -0.000 0.042 0.097 
0.998 -0.053 -0.034 0.019 0.716 0.000 -0.683 0.144 0.970 -0.000 -0.035 -0.241 0.774 0.000 -0.618 0.134 0.984 0.000 -0.056 -0.170 0.697 0.000 -0.709 0.104 0.999 0.000 0.019 0.052 0.755 0.000 -0.652 0.078 0.994 0.000 0.042 0.097 
0.998 -0.053 -0.034 0.019 0.716 0.000 -0.683 0.143 0.970 0.000 -0.035 -0.242 0.774 0.000 -0.619 0.133 0.984 0.000 -0.056 -0.170 0.698 0.000 -0.709 0.104 0.999 0.000 0.018 0.052 0.755 -0.000 -0.652 0.077 0.994 0.000 0.042 0.097 
0.998 -0.052 -0.033 0.019 0.716 0.000 -0.683 0.142 0.970 0.000 -0.035 -0.242 0.774 0.000 -0.619 0.133 0.984 0.000 -0.056 -0.171 0.698 0.000 -0.709 0.103 0.998 0.000 0.018 0.052 0.754 0.000 -0.652 0.077 0.994 -0.000 0.042 0.097 
0.998 -0.052 -0.033 0.019 0.717 0.000 -0.683 0.140 0.970 0.000 -0.034 -0.241 0.774 0.000 -0.620 0.133 0.984 0.000 -0.056 -0.171 0.698 0.000 -0.709 0.102 0.999 0.000 0.019 0.051 0.755 -0.000 -0.652 0.076 0.994 0.000 0.041 0.097 
0.998 -0.051 -0.034 0.019 0.717 0.000 -0.683 0.140 0.970 0.000 -0.035 -0.241 0.774 0.000 -0.619 0.131 0.984 0.000 -0.056 -0.171 0.698 0.000 -0.709 0.101 0.998 0.000 0.018 0.052 0.754 0.000 -0.652 0.075 0.994 0.000 0.042 0.097 
0.998 -0.051 -0.034 0.019 0.717 0.000 -0.683 0.139 0.970 0.000 -0.035 -0.241 0.774 0.000 -0.620 0.130 0.984 0.000 -0.056 -0.170 0.698 0.000 -0.709 0.101 0.999 0.000 0.018 0.052 0.754 0.000 -0.652 0.075 0.994 0.000 0.042 0.097 
0.998 -0.050 -0.034 0.019 0.717 0.000 -0.683 0.138 0.970 -0.000 -0.035 -0.242 0.774 -0.000 -0.620 0.129 0.984 0.000 -0.055 -0.170 0.698 0.000 -0.709 0.100 0.998 0.000 0.018 0.052 0.755 0.000 -0.652 0.074 0.994 0.000 0.042 0.097 
0.998 -0.050 -0.034 0.019 0.717 0.000 -0.684 0.137 0.970 0.000 -0.034 -0.241 0.774 0.000 -0.620 0.128 0.984 -0.000 -0.055 -0.170 0.697 0.000 -0.710 0.100 0.999 0.000 0.018 0.052 0.755 0.000 -0.652 0.074 0.994 0.000 0.042 0.097 
0.998 -0.050 -0.034 0.019 0.717 0.000 -0.684 0.135 0.970 0.000 -0.033 -0.240 0.774 0.000 -0.620 0.127 0.984 0.000 -0.055 -0.170 0.697 0.000 -0.710 0.100 0.999 0.000 0.018 0.052 0.755 0.000 -0.652 0.074 0.994 0.000 0.041 0.097 
0.998 -0.050 -0.034 0.020 0.717 0.000 -0.684 0.134 0.970 0.000 -0.032 -0.241 0.774 0.000 -0.620 0.127 0.984 0.000 -0.055 -0.170 0.697 0.000 -0.710 0.100 0.999 0.000 0.018 0.051 0.755 0.000 -0.652 0.074 0.994 0.000 0.041 0.097 
0.998 -0.050 -0.034 0.020 0.717 0.000 -0.685 0.134 0.970 0.000 -0.032 -0.241 0.774 0.000 -0.620 0.126 0.984 0.000 -0.055 -0.170 0.697 0.000 -0.710 0.101 0.999 0.000 0.018 0.051 0.755 0.000 -0.652 0.074 0.994 -0.000 0.042 0.097 
0.998 -0.049 -0.034 0.020 0.717 -0.000 -0.685 0.133 0.970 0.000 -0.032 -0.241 0.774 0.000 -0.620 0.125 0.984 0.000 -0.055 -0.170 0.697 0.000 -0.710 0.100 0.999 0.000 0.018 0.051 0.755 0.000 -0.652 0.073 0.994 0.000 0.042 0.097 
0.998 -0.049 -0.034 0.020 0.717 -0.000 -0.685 0.131 0.970 0.000 -0.032 -0.241 0.775 0.000 -0.620 0.125 0.984 0.000 -0.055 -0.170 0.697 0.000 -0.710 0.100 0.999 0.000 0.018 0.051 0.755 0.000 -0.652 0.073 0.994 -0.000 0.042 0.097 
0.998 -0.049 -0.034 0.021 0.717 -0.000 -0.685 0.131 0.970 0.000 -0.032 -0.241 0.775 -0.000 -0.620 0.124 0.984 0.000 -0.055 -0.170 0.697 0.000 -0.710 0.101 0.999 0.000 0.018 0.051 0.755 0.000 -0.652 0.073 0.994 0.000 0.042 0.097 
0.998 -0.049 -0.034 0.021 0.717 0.000 -0.685 0.130 0.970 0.000 -0.032 -0.242 0.775 0.000 -0.620 0.123 0.984 0.000 -0.055 -0.170 0.697 0.000 -0.710 0.102 0.999 0.000 0.018 0.051 0.755 0.000 -0.652 0.074 0.994 0.000 0.042 0.097 
0.998 -0.049 -0.034 0.021 0.717 0.000 -0.685 0.129 0.970 0.000 -0.032 -0.242 0.775 -0.000 -0.620 0.123 0.984 0.000 -0.055 -0.171 0.697 0.000 -0.710 0.102 0.999 0.000 0.018 0.051 0.755 0.000 -0.652 0.074 0.994 0.000 0.042 0.097 
0.998 -0.049 -0.034 0.021 0.717 0.000 -0.685 0.129 0.970 -0.000 -0.032 -0.242 0.775 0.000 -0.620 0.122 0.984 0.000 -0.055 -0.171 0.697 0.000 -0.710 0.102 0.999 0.000 0.018 0.051 0.755 0.000 -0.652 0.074 0.994 0.000 0.042 0.097 
0.998 -0.049 -0.034 0.021 0.718 0.000 -0.685 0.128 0.970 0.000 -0.032 -0.242 0.775 0.000 -0.620 0.121 0.984 0.000 -0.054 -0.171 0.697 0.000 -0.710 0.103 0.999 0.000 0.018 0.050 0.755 -0.000 -0.652 0.075 0.994 0.000 0.042 0.097 
0.998 -0.049 -0.034 0.021 0.718 -0.000 -0.685 0.127 0.970 0.000 -0.032 -0.242 0.775 0.000 -0.621 0.121 0.984 0.000 -0.054 -0.172 0.697 0.000 -0.709 0.103 0.999 0.000 0.018 0.050 0.755 -0.000 -0.652 0.075 0.994 0.000 0.042 0.097 
0.998 -0.049 -0.033 0.019 0.719 0.000 -0.684 0.124 0.970 0.000 -0.031 -0.242 0.774 0.000 -0.622 0.120 0.984 -0.000 -0.054 -0.172 0.698 0.000 -0.709 0.100 0.998 0.000 0.018 0.052 0.754 -0.000 -0.653 0.074 0.994 0.000 0.041 0.097 
0.998 -0.049 -0.033 0.019 0.719 0.000 -0.684 0.123 0.970 0.000 -0.031 -0.242 0.774 0.000 -0.622 0.119 0.984 0.000 -0.053 -0.172 0.698 -0.000 -0.709 0.100 0.998 -0.000 0.018 0.052 0.754 0.000 -0.653 0.075 0.994 -0.000 0.042 0.097 
0.998 -0.049 -0.033 0.019 0.719 0.000 -0.684 0.122 0.970 0.000 -0.032 -0.243 0.774 -0.000 -0.622 0.119 0.984 0.000 -0.053 -0.172 0.698 -0.000 -0.709 0.101 0.998 -0.000 0.019 0.052 0.754 0.000 -0.653 0.075 0.994 0.000 0.042 0.096 
0.998 -0.049 -0.033 0.019 0.719 0.000 -0.684 0.122 0.970 0.000 -0.031 -0.243 0.774 0.000 -0.622 0.118 0.984 0.000 -0.053 -0.172 0.698 0.000 -0.709 0.101 0.998 0.000 0.019 0.052 0.754 0.000 -0.653 0.075 0.994 0.000 0.042 0.098 
0.998 -0.049 -0.034 0.020 0.719 0.000 -0.685 0.120 0.969 0.000 -0.031 -0.243 0.775 0.000 -0.621 0.116 0.984 0.000 -0.054 -0.172 0.697 0.000 -0.710 0.101 0.998 0.000 0.018 0.052 0.754 -0.000 -0.653 0.073 0.994 0.000 0.042 0.099 
0.998 -0.049 -0.034 0.020 0.719 0.000 -0.685 0.119 0.969 0.000 -0.030 -0.243 0.775 0.000 -0.621 0.115 0.984 0.000 -0.054 -0.173 0.697 0.000 -0.710 0.101 0.998 0.000 0.019 0.052 0.754 0.000 -0.653 0.073 0.994 0.000 0.043 0.098 
0.998 -0.049 -0.034 0.020 0.719 0.000 -0.685 0.118 0.969 0.000 -0.030 -0.243 0.775 0.000 -0.621 0.115 0.983 0.000 -0.054 -0.173 0.697 -0.000 -0.710 0.101 0.998 -0.000 0.019 0.052 0.754 0.000 -0.653 0.073 0.994 0.000 0.043 0.099 
0.998 -0.049 -0.034 0.020 0.719 0.000 -0.685 0.117 0.969 0.000 -0.030 -0.244 0.775 0.000 -0.621 0.115 0.983 0.000 -0.054 -0.173 0.697 0.000 -0.710 0.102 0.998 -0.000 0.019 0.052 0.754 0.000 -0.653 0.074 0.994 0.000 0.043 0.099 
0.998 -0.049 -0.034 0.020 0.719 0.000 -0.685 0.116 0.969 -0.000 -0.030 -0.244 0.775 -0.000 -0.621 0.115 0.984 0.000 -0.053 -0.173 0.697 0.000 -0.709 0.102 0.998 0.000 0.019 0.052 0.754 0.000 -0.653 0.074 0.994 0.000 0.043 0.099 
0.998 -0.049 -0.034 0.020 0.719 0.000 -0.685 0.116 0.969 0.000 -0.030 -0.244 0.775 -0.000 -0.621 0.114 0.984 0.000 -0.053 -0.173 0.697 0.000 -0.710 0.102 0.998 0.000 0.019 0.052 0.754 0.000 -0.653 0.074 0.994 0.000 0.043 0.099 
0.998 -0.049 -0.034 0.020 0.719 0.000 -0.685 0.115 0.969 0.000 -0.031 -0.244 0.775 0.000 -0.621 0.113 0.984 0.000 -0.052 -0.173 0.697 0.000 -0.710 0.102 0.998 0.000 0.019 0.052 0.754 0.000 -0.653 0.074 0.994 -0.000 0.043 0.099 
0.998 -0.050 -0.034 0.020 0.719 0.000 -0.685 0.114 0.969 0.000 -0.031 -0.244 0.775 0.000 -0.621 0.113 0.984 -0.000 -0.052 -0.173 0.697 0.000 -0.709 0.103 0.998 0.000 0.020 0.053 0.754 -0.000 -0.653 0.075 0.994 0.000 0.043 0.099 
0.998 -0.050 -0.034 0.020 0.719 0.000 -0.685 0.113 0.969 -0.000 -0.031 -0.245 0.775 0.000 -0.621 0.112 0.984 0.000 -0.052 -0.173 0.697 0.000 -0.709 0.103 0.998 0.000 0.020 0.052 0.754 0.000 -0.653 0.075 0.994 -0.000 0.043 0.099 
0.998 -0.050 -0.034 0.020 0.719 0.000 -0.686 0.113 0.969 0.000 -0.031 -0.244 0.776 0.000 -0.621 0.111 0.984 0.000 -0.053 -0.172 0.697 0.000 -0.709 0.103 0.998 0.000 0.020 0.053 0.754 0.000 -0.653 0.076 0.994 -0.000 0.043 0.099 
0.998 -0.050 -0.034 0.020 0.719 0.000 -0.686 0.111 0.969 -0.000 -0.030 -0.244 0.776 -0.000 -0.621 0.111 0.984 0.000 -0.053 -0.172 0.697 0.000 -0.709 0.104 0.998 -0.000 0.020 0.052 0.754 0.000 -0.653 0.076 0.994 0.000 0.043 0.099 
0.998 -0.050 -0.034 0.020 0.719 0.000 -0.686 0.110 0.969 -0.000 -0.030 -0.244 0.776 0.000 -0.621 0.110 0.984 0.000 -0.053 -0.173 0.697 0.000 -0.709 0.104 0.998 0.000 0.020 0.053 0.754 0.000 -0.653 0.076 0.994 0.000 0.043 0.099 
0.998 -0.050 -0.034 0.020 0.719 0.000 -0.686 0.110 0.969 0.000 -0.030 -0.244 0.776 -0.000 -0.621 0.110 0.984 -0.000 -0.053 -0.173 0.697 0.000 -0.709 0.105 0.998 0.000 0.020 0.052 0.754 -0.000 -0.653 0.076 0.994 0.000 0.044 0.099 
0.998 -0.051 -0.034 0.020 0.719 0.000 -0.686 0.109 0.969 0.000 -0.030 -0.243 0.776 0.000 -0.621 0.109 0.983 0.000 -0.053 -0.173 0.697 0.000 -0.709 0.105 0.998 -0.000 0.020 0.052 0.754 0.000 -0.653 0.077 0.994 -0.000 0.044 0.099 
0.998 -0.051 -0.034 0.020 0.719 0.000 -0.686 0.108 0.969 0.000 -0.030 -0.243 0.776 0.000 -0.621 0.109 0.983 0.000 -0.053 -0.173 0.697 0.000 -0.709 0.105 0.998 0.000 0.020 0.052 0.754 0.000 -0.653 0.077 0.994 0.000 0.044 0.099 
0.998 -0.051 -0.034 0.020 0.719 -0.000 -0.686 0.107 0.969 0.000 -0.031 -0.244 0.776 0.000 -0.621 0.108 0.984 0.000 -0.052 -0.173 0.697 0.000 -0.709 0.106 0.998 0.000 0.020 0.052 0.753 0.000 -0.653 0.077 0.994 0.000 0.044 0.099 
0.998 -0.051 -0.034 0.020 0.719 -0.000 -0.686 0.107 0.969 0.000 -0.032 -0.244 0.776 -0.000 -0.621 0.108 0.984 0.000 -0.052 -0.173 0.697 0.000 -0.709 0.106 0.998 0.000 0.020 0.052 0.753 0.000 -0.653 0.077 0.994 -0.000 0.044 0.099 
0.998 -0.051 -0.034 0.020 0.719 0.000 -0.687 0.106 0.969 -0.000 -0.031 -0.243 0.776 -0.000 -0.621 0.107 0.983 0.000 -0.052 -0.173 0.697 0.000 -0.709 0.106 0.998 0.000 0.020 0.052 0.753 0.000 -0.653 0.078 0.994 0.000 0.044 0.099 
0.998 -0.051 -0.034 0.020 0.719 0.000 -0.687 0.105 0.969 0.000 -0.031 -0.243 0.776 0.000 -0.622 0.107 0.984 0.000 -0.052 -0.173 0.697 -0.000 -0.709 0.107 0.998 0.000 0.021 0.052 0.753 0.000 -0.653 0.078 0.994 -0.000 0.044 0.099 
0.998 -0.051 -0.034 0.020 0.719 0.000 -0.687 0.104 0.970 0.000 -0.031 -0.243 0.776 0.000 -0.622 0.106 0.984 0.000 -0.052 -0.173 0.697 0.000 -0.709 0.107 0.998 0.000 0.021 0.052 0.753 -0.000 -0.653 0.078 0.994 0.000 0.044 0.099 
0.998 -0.051 -0.034 0.020 0.719 0.000 -0.687 0.103 0.970 0.000 -0.031 -0.242 0.776 0.000 -0.622 0.106 0.984 0.000 -0.052 -0.173 0.697 0.000 -0.709 0.107 0.998 0.000 0.021 0.052 0.753 0.000 -0.653 0.078 0.994 0.000 0.044 0.099 
0.998 -0.051 -0.034 0.020 0.719 0.000 -0.687 0.103 0.970 0.000 -0.031 -0.242 0.776 -0.000 -0.622 0.105 0.984 0.000 -0.052 -0.172 0.697 0.000 -0.709 0.107 0.998 0.000 0.021 0.052 0.753 -0.000 -0.653 0.079 0.994 0.000 0.044 0.099 
0.998 -0.051 -0.034 0.019 0.719 -0.000 -0.687 0.102 0.970 0.000 -0.031 -0.241 0.776 -0.000 -0.622 0.104 0.984 0.000 -0.052 -0.172 0.697 0.000 -0.709 0.107 0.998 0.000 0.020 0.052 0.753 -0.000 -0.653 0.079 0.994 0.000 0.045 0.099 
0.998 -0.052 -0.034 0.019 0.719 0.000 -0.688 0.101 0.970 0.000 -0.031 -0.241 0.776 0.000 -0.622 0.104 0.984 0.000 -0.052 -0.172 0.697 0.000 -0.709 0.107 0.998 0.000 0.020 0.052 0.753 -0.000 -0.653 0.079 0.994 0.000 0.044 0.099 
0.998 -0.052 -0.034 0.019 0.719 0.000 -0.688 0.100 0.970 0.000 -0.031 -0.240 0.776 0.000 -0.623 0.103 0.984 0.000 -0.051 -0.172 0.697 0.000 -0.709 0.108 0.998 0.000 0.020 0.052 0.753 -0.000 -0.653 0.080 0.994 0.000 0.045 0.099 
0.998 -0.052 -0.034 0.019 0.719 -0.000 -0.688 0.100 0.970 0.000 -0.030 -0.240 0.776 0.000 -0.623 0.103 0.984 0.000 -0.051 -0.172 0.697 0.000 -0.709 0.108 0.998 -0.000 0.020 0.052 0.753 0.000 -0.653 0.080 0.994 0.000 0.045 0.099 
0.998 -0.052 -0.034 0.019 0.719 0.000 -0.688 0.099 0.970 -0.000 -0.030 -0.240 0.775 0.000 -0.623 0.102 0.984 0.000 -0.051 -0.172 0.697 0.000 -0.709 0.108 0.998 0.000 0.020 0.051 0.753 -0.000 -0.653 0.080 0.994 0.000 0.045 0.099 
0.998 -0.052 -0.034 0.018 0.718 0.000 -0.689 0.099 0.970 0.000 -0.030 -0.240 0.775 -0.000 -0.623 0.102 0.984 -0.000 -0.051 -0.172 0.697 0.000 -0.709 0.108 0.998 0.000 0.020 0.051 0.753 0.000 -0.653 0.080 0.994 0.000 0.045 0.099 
0.998 -0.051 -0.034 0.018 0.718 0.000 -0.689 0.098 0.971 0.000 -0.030 -0.239 0.775 0.000 -0.623 0.102 0.984 0.000 -0.051 -0.173 0.697 0.000 -0.709 0.108 0.998 0.000 0.020 0.051 0.753 0.000 -0.653 0.080 0.994 0.000 0.045 0.099 
0.998 -0.051 -0.034 0.018 0.718 0.000 -0.689 0.098 0.971 0.000 -0.030 -0.239 0.775 0.000 -0.624 0.102 0.984 0.000 -0.051 -0.173 0.697 0.000 -0.709 0.108 0.999 0.000 0.020 0.051 0.753 0.000 -0.653 0.080 0.994 0.000 0.045 0.099 
0.998 -0.051 -0.034 0.018 0.718 0.000 -0.689 0.098 0.971 0.000 -0.031 -0.239 0.775 0.000 -0.624 0.101 0.984 0.000 -0.051 -0.173 0.697 0.000 -0.709 0.107 0.998 -0.000 0.019 0.051 0.753 -0.000 -0.653 0.080 0.994 -0.000 0.045 0.099 
0.998 -0.051 -0.034 0.018 0.718 0.000 -0.689 0.097 0.971 0.000 -0.030 -0.238 0.775 0.000 -0.624 0.101 0.984 0.000 -0.051 -0.174 0.697 0.000 -0.709 0.107 0.999 0.000 0.019 0.051 0.753 0.000 -0.653 0.080 0.994 0.000 0.045 0.099 
0.998 -0.051 -0.034 0.018 0.718 0.000 -0.689 0.097 0.971 0.000 -0.031 -0.239 0.775 0.000 -0.624 0.101 0.983 0.000 -0.051 -0.174 0.697 -0.000 -0.709 0.107 0.999 -0.000 0.019 0.051 0.753 0.000 -0.653 0.080 0.994 0.000 0.045 0.099 
0.998 -0.051 -0.034 0.018 0.718 0.000 -0.689 0.097 0.971 0.000 -0.031 -0.239 0.775 0.000 -0.624 0.100 0.984 0.000 -0.051 -0.173 0.697 0.000 -0.709 0.107 0.999 0.000 0.019 0.051 0.753 0.000 -0.653 0.080 0.994 0.000 0.045 0.099 
0.998 -0.051 -0.034 0.018 0.718 0.000 -0.690 0.097 0.971 -0.000 -0.031 -0.238 0.775 0.000 -0.624 0.100 0.984 0.000 -0.051 -0.174 0.697 0.000 -0.709 0.107 0.999 0.000 0.019 0.051 0.754 0.000 -0.653 0.079 0.994 0.000 0.045 0.099 
0.998 -0.050 -0.034 0.018 0.718 0.000 -0.690 0.097 0.971 0.000 -0.031 -0.238 0.775 -0.000 -0.625 0.100 0.983 0.000 -0.051 -0.174 0.697 0.000 -0.709 0.106 0.999 -0.000 0.019 0.051 0.754 0.000 -0.653 0.079 0.994 0.000 0.045 0.099 
0.998 -0.050 -0.034 0.018 0.717 0.000 -0.690 0.096 0.971 0.000 -0.031 -0.238 0.774 -0.000 -0.625 0.100 0.983 0.000 -0.052 -0.174 0.697 0.000 -0.709 0.106 0.999 0.000 0.019 0.051 0.754 0.000 -0.653 0.079 0.994 0.000 0.045 0.099 
0.998 -0.050 -0.034 0.018 0.717 -0.000 -0.690 0.096 0.971 0.000 -0.031 -0.238 0.774 0.000 -0.625 0.100 0.983 0.000 -0.052 -0.174 0.697 0.000 -0.709 0.106 0.999 0.000 0.019 0.051 0.754 0.000 -0.653 0.079 0.994 0.000 0.045 0.099 
0.998 -0.050 -0.034 0.018 0.717 0.000 -0.690 0.096 0.971 0.000 -0.031 -0.238 0.774 0.000 -0.625 0.100 0.983 0.000 -0.052 -0.174 0.697 0.000 -0.709 0.106 0.999 0.000 0.019 0.051 0.754 0.000 -0.653 0.078 0.994 0.000 0.045 0.099 
0.998 -0.049 -0.034 0.018 0.717 0.000 -0.690 0.096 0.971 0.000 -0.032 -0.238 0.774 -0.000 -0.625 0.100 0.983 0.000 -0.052 -0.175 0.697 0.000 -0.709 0.105 0.999 0.000 0.019 0.051 0.754 -0.000 -0.653 0.078 0.994 -0.000 0.045 0.099 
0.998 -0.049 -0.034 0.018 0.717 0.000 -0.690 0.096 0.971 0.000 -0.032 -0.238 0.774 0.000 -0.625 0.100 0.983 0.000 -0.053 -0.175 0.697 0.000 -0.709 0.105 0.999 0.000 0.018 0.051 0.754 0.000 -0.653 0.078 0.994 0.000 0.045 0.099 
0.998 -0.049 -0.034 0.018 0.717 0.000 -0.690 0.096 0.971 0.000 -0.032 -0.238 0.774 0.000 -0.625 0.100 0.983 -0.000 -0.053 -0.175 0.697 0.000 -0.710 0.104 0.999 0.000 0.018 0.052 0.754 -0.000 -0.653 0.077 0.994 -0.000 0.045 0.099 
0.998 -0.049 -0.034 0.018 0.717 0.000 -0.690 0.096 0.971 0.000 -0.032 -0.238 0.774 0.000 -0.625 0.100 0.983 0.000 -0.053 -0.175 0.697 0.000 -0.710 0.104 0.998 0.000 0.018 0.052 0.754 0.000 -0.653 0.077 0.994 0.000 0.045 0.099 
0.998 -0.048 -0.034 0.018 0.717 0.000 -0.690 0.096 0.971 0.000 -0.032 -0.238 0.774 0.000 -0.626 0.100 0.983 0.000 -0.053 -0.176 0.697 0.000 -0.710 0.103 0.999 0.000 0.018 0.052 0.754 0.000 -0.653 0.076 0.994 0.000 0.044 0.099 
0.998 -0.048 -0.034 0.018 0.717 0.000 -0.690 0.096 0.971 0.000 -0.032 -0.238 0.774 -0.000 -0.626 0.100 0.983 0.000 -0.053 -0.176 0.697 0.000 -0.710 0.103 0.998 0.000 0.019 0.052 0.754 0.000 -0.653 0.076 0.994 0.000 0.044 0.099 
0.998 -0.048 -0.034 0.018 0.717 0.000 -0.690 0.096 0.971 -0.000 -0.033 -0.239 0.774 0.000 -0.626 0.100 0.983 -0.000 -0.054 -0.176 0.697 0.000 -0.710 0.103 0.999 0.000 0.018 0.051 0.754 0.000 -0.653 0.076 0.994 -0.000 0.044 0.099 
0.998 -0.047 -0.034 0.018 0.717 -0.000 -0.690 0.096 0.971 0.000 -0.033 -0.239 0.774 -0.000 -0.626 0.100 0.983 0.000 -0.054 -0.176 0.697 0.000 -0.710 0.102 0.999 0.000 0.019 0.051 0.754 0.000 -0.653 0.075 0.994 0.000 0.044 0.099 
0.998 -0.047 -0.034 0.018 0.717 0.000 -0.690 0.097 0.971 0.000 -0.033 -0.239 0.774 0.000 -0.626 0.101 0.983 0.000 -0.054 -0.176 0.697 0.000 -0.710 0.102 0.999 0.000 0.018 0.052 0.754 -0.000 -0.653 0.074 0.994 -0.000 0.044 0.099 
0.998 -0.047 -0.034 0.018 0.717 -0.000 -0.690 0.097 0.971 0.000 -0.033 -0.239 0.774 0.000 -0.626 0.100 0.983 0.000 -0.054 -0.176 0.697 0.000 -0.710 0.101 0.999 0.000 0.018 0.051 0.754 0.000 -0.653 0.074 0.994 0.000 0.044 0.099 
0.998 -0.047 -0.034 0.018 0.717 0.000 -0.690 0.097 0.970 0.000 -0.033 -0.239 0.773 0.000 -0.626 0.101 0.983 0.000 -0.054 -0.176 0.697 0.000 -0.710 0.101 0.999 0.000 0.018 0.051 0.754 0.000 -0.653 0.074 0.994 0.000 0.044 0.099 
0.998 -0.046 -0.034 0.018 0.717 0.000 -0.690 0.097 0.971 -0.000 -0.033 -0.239 0.773 0.000 -0.626 0.101 0.983 0.000 -0.054 -0.176 0.697 0.000 -0.710 0.100 0.998 0.000 0.018 0.052 0.754 0.000 -0.653 0.073 0.994 0.000 0.044 0.099 
0.998 -0.046 -0.034 0.018 0.717 -0.000 -0.690 0.098 0.970 0.000 -0.033 -0.239 0.773 0.000 -0.626 0.101 0.983 0.000 -0.054 -0.176 0.697 0.000 -0.710 0.099 0.998 -0.000 0.018 0.052 0.754 0.000 -0.653 0.072 0.994 0.000 0.044 0.099 
0.998 -0.046 -0.034 0.018 0.717 0.000 -0.690 0.098 0.971 0.000 -0.033 -0.239 0.773 -0.000 -0.626 0.101 0.983 0.000 -0.055 -0.175 0.697 0.000 -0.710 0.099 0.999 0.000 0.018 0.052 0.754 -0.000 -0.653 0.072 0.994 0.000 0.044 0.099 
0.998 -0.045 -0.034 0.018 0.717 0.000 -0.690 0.098 0.971 0.000 -0.033 -0.238 0.773 0.000 -0.626 0.101 0.983 0.000 -0.055 -0.175 0.697 0.000 -0.710 0.099 0.999 0.000 0.018 0.051 0.754 -0.000 -0.653 0.072 0.994 0.000 0.044 0.099 
0.998 -0.045 -0.034 0.018 0.717 0.000 -0.690 0.098 0.971 -0.000 -0.033 -0.238 0.773 0.000 -0.626 0.101 0.983 0.000 -0.054 -0.174 0.697 0.000 -0.710 0.099 0.999 0.000 0.018 0.051 0.754 0.000 -0.653 0.071 0.994 -0.000 0.044 0.099 
0.998 -0.045 -0.034 0.018 0.717 0.000 -0.690 0.098 0.971 0.000 -0.033 -0.238 0.773 0.000 -0.626 0.101 0.983 0.000 -0.054 -0.174 0.697 0.000 -0.710 0.098 0.999 0.000 0.018 0.051 0.754 0.000 -0.653 0.071 0.994 0.000 0.044 0.099 
0.998 -0.044 -0.034 0.018 0.717 0.000 -0.690 0.099 0.971 -0.000 -0.033 -0.238 0.773 0.000 -0.626 0.101 0.983 0.000 -0.055 -0.173 0.697 0.000 -0.710 0.098 0.999 0.000 0.018 0.051 0.754 0.000 -0.653 0.071 0.994 0.000 0.043 0.099 
0.998 -0.044 -0.034 0.019 0.717 0.000 -0.690 0.099 0.971 0.000 -0.033 -0.237 0.773 0.000 -0.626 0.101 0.983 0.000 -0.054 -0.173 0.697 0.000 -0.711 0.098 0.999 0.000 0.018 0.051 0.754 0.000 -0.653 0.070 0.994 0.000 0.043 0.099 
0.998 -0.044 -0.034 0.019 0.717 0.000 -0.690 0.099 0.971 0.000 -0.033 -0.237 0.773 0.000 -0.626 0.101 0.984 0.000 -0.054 -0.172 0.697 0.000 -0.711 0.097 0.999 0.000 0.018 0.051 0.754 0.000 -0.653 0.070 0.994 0.000 0.043 0.099 
0.998 -0.044 -0.034 0.018 0.717 -0.000 -0.690 0.099 0.971 -0.000 -0.033 -0.237 0.773 0.000 -0.626 0.101 0.984 0.000 -0.054 -0.172 0.697 0.000 -0.711 0.097 0.999 -0.000 0.018 0.051 0.754 -0.000 -0.653 0.070 0.994 0.000 0.043 0.099 
0.998 -0.043 -0.034 0.018 0.717 0.000 -0.690 0.099 0.971 -0.000 -0.033 -0.236 0.773 0.000 -0.626 0.101 0.984 0.000 -0.054 -0.171 0.697 0.000 -0.711 0.097 0.999 0.000 0.018 0.051 0.754 -0.000 -0.654 0.070 0.994 0.000 0.043 0.099 
0.998 -0.043 -0.034 0.018 0.717 0.000 -0.690 0.099 0.971 -0.000 -0.033 -0.236 0.773 0.000 -0.626 0.101 0.984 0.000 -0.054 -0.171 0.697 0.000 -0.711 0.096 0.999 0.000 0.018 0.051 0.754 0.000 -0.654 0.069 0.994 0.000 0.043 0.099 
0.998 -0.043 -0.034 0.018 0.717 0.000 -0.690 0.099 0.971 0.000 -0.033 -0.235 0.773 0.000 -0.626 0.101 0.984 0.000 -0.054 -0.170 0.697 0.000 -0.711 0.096 0.999 0.000 0.018 0.051 0.754 -0.000 -0.654 0.069 0.994 -0.000 0.043 0.099 
0.998 -0.043 -0.034 0.018 0.717 0.000 -0.690 0.100 0.971 0.000 -0.033 -0.235 0.773 0.000 -0.626 0.101 0.984 0.000 -0.054 -0.170 0.697 0.000 -0.711 0.096 0.999 0.000 0.018 0.051 0.754 -0.000 -0.654 0.069 0.994 0.000 0.043 0.098 
0.998 -0.042 -0.034 0.018 0.717 0.000 -0.690 0.100 0.971 -0.000 -0.033 -0.235 0.774 0.000 -0.626 0.102 0.984 0.000 -0.054 -0.170 0.697 0.000 -0.711 0.095 0.999 -0.000 0.018 0.051 0.754 0.000 -0.654 0.068 0.994 0.000 0.043 0.099 
0.998 -0.042 -0.034 0.018 0.717 0.000 -0.690 0.100 0.972 -0.000 -0.033 -0.234 0.774 0.000 -0.625 0.102 0.984 0.000 -0.054 -0.169 0.697 0.000 -0.711 0.095 0.999 0.000 0.018 0.050 0.754 0.000 -0.654 0.068 0.994 0.000 0.043 0.098 
0.998 -0.042 -0.034 0.018 0.717 0.000 -0.690 0.099 0.972 0.000 -0.033 -0.233 0.774 0.000 -0.625 0.102 0.984 0.000 -0.053 -0.169 0.697 0.000 -0.711 0.095 0.999 0.000 0.018 0.050 0.754 0.000 -0.654 0.068 0.994 0.000 0.043 0.098 
0.998 -0.042 -0.034 0.018 0.717 0.000 -0.690 0.099 0.972 0.000 -0.033 -0.233 0.774 0.000 -0.625 0.102 0.984 0.000 -0.054 -0.169 0.697 0.000 -0.711 0.094 0.999 0.000 0.018 0.050 0.754 -0.000 -0.654 0.068 0.994 -0.000 0.043 0.098 
0.998 -0.042 -0.034 0.018 0.717 0.000 -0.690 0.099 0.972 -0.000 -0.033 -0.232 0.774 -0.000 -0.625 0.102 0.984 0.000 -0.054 -0.169 0.697 0.000 -0.711 0.094 0.999 -0.000 0.018 0.051 0.754 -0.000 -0.654 0.068 0.994 0.000 0.043 0.098 
0.998 -0.042 -0.034 0.018 0.717 0.000 -0.690 0.100 0.972 0.000 -0.033 -0.232 0.774 0.000 -0.625 0.103 0.984 0.000 -0.054 -0.168 0.697 0.000 -0.711 0.094 0.999 0.000 0.018 0.051 0.754 0.000 -0.654 0.068 0.994 -0.000 0.043 0.098 
0.998 -0.041 -0.034 0.018 0.717 0.000 -0.690 0.099 0.972 0.000 -0.033 -0.231 0.774 0.000 -0.625 0.103 0.984 0.000 -0.053 -0.168 0.697 0.000 -0.711 0.094 0.999 0.000 0.018 0.051 0.754 0.000 -0.654 0.068 0.994 0.000 0.043 0.098 
0.998 -0.041 -0.034 0.018 0.717 0.000 -0.690 0.099 0.973 0.000 -0.033 -0.230 0.774 0.000 -0.624 0.103 0.984 0.000 -0.054 -0.168 0.697 0.000 -0.711 0.094 0.999 -0.000 0.018 0.051 0.754 -0.000 -0.654 0.068 0.994 0.000 0.043 0.098 
0.998 -0.041 -0.034 0.018 0.717 0.000 -0.690 0.099 0.973 0.000 -0.033 -0.230 0.774 0.000 -0.624 0.104 0.984 0.000 -0.054 -0.168 0.697 0.000 -0.711 0.094 0.999 0.000 0.018 0.051 0.754 0.000 -0.654 0.068 0.994 0.000 0.043 0.098 
0.998 -0.041 -0.034 0.018 0.717 0.000 -0.690 0.098 0.973 0.000 -0.033 -0.229 0.774 -0.000 -0.624 0.104 0.984 0.000 -0.054 -0.168 0.697 0.000 -0.711 0.094 0.999 0.000 0.018 0.051 0.753 0.000 -0.654 0.068 0.994 0.000 0.043 0.097 
0.998 -0.041 -0.034 0.018 0.717 -0.000 -0.690 0.098 0.973 -0.000 -0.033 -0.228 0.775 0.000 -0.624 0.104 0.984 -0.000 -0.054 -0.168 0.697 0.000 -0.711 0.093 0.999 -0.000 0.018 0.051 0.754 0.000 -0.654 0.068 0.994 -0.000 0.043 0.097 
0.998 -0.041 -0.034 0.018 0.717 0.000 -0.690 0.098 0.973 0.000 -0.033 -0.227 0.775 0.000 -0.623 0.104 0.984 0.000 -0.054 -0.168 0.697 0.000 -0.711 0.094 0.999 0.000 0.018 0.051 0.754 0.000 -0.654 0.068 0.994 0.000 0.043 0.097 
0.998 -0.041 -0.034 0.018 0.717 0.000 -0.690 0.097 0.974 0.000 -0.033 -0.226 0.775 -0.000 -0.623 0.105 0.984 0.000 -0.054 -0.168 0.697 -0.000 -0.711 0.094 0.999 0.000 0.018 0.051 0.753 0.000 -0.654 0.068 0.994 -0.000 0.043 0.097 
0.998 -0.041 -0.034 0.018 0.717 -0.000 -0.690 0.097 0.974 0.000 -0.033 -0.225 0.775 -0.000 -0.623 0.105 0.984 0.000 -0.054 -0.168 0.697 0.000 -0.711 0.094 0.999 0.000 0.018 0.051 0.753 0.000 -0.654 0.068 0.994 -0.000 0.043 0.097 
0.998 -0.042 -0.034 0.018 0.717 0.000 -0.690 0.096 0.974 0.000 -0.033 -0.225 0.775 -0.000 -0.623 0.105 0.984 0.000 -0.054 -0.168 0.697 -0.000 -0.711 0.094 0.999 0.000 0.018 0.051 0.753 -0.000 -0.654 0.068 0.994 0.000 0.043 0.097 
0.998 -0.042 -0.034 0.018 0.717 0.000 -0.690 0.096 0.974 -0.000 -0.033 -0.225 0.775 0.000 -0.623 0.105 0.984 0.000 -0.054 -0.168 0.697 0.000 -0.711 0.094 0.999 0.000 0.018 0.051 0.753 -0.000 -0.654 0.068 0.994 0.000 0.043 0.098 
0.998 -0.042 -0.034 0.018 0.717 0.000 -0.690 0.096 0.974 -0.000 -0.033 -0.224 0.775 0.000 -0.623 0.105 0.984 0.000 -0.054 -0.168 0.697 0.000 -0.711 0.095 0.999 0.000 0.018 0.051 0.754 0.000 -0.654 0.068 0.994 0.000 0.043 0.097 
0.998 -0.042 -0.034 0.018 0.717 0.000 -0.690 0.096 0.974 0.000 -0.033 -0.224 0.775 0.000 -0.623 0.105 0.984 0.000 -0.053 -0.168 0.697 0.000 -0.711 0.095 0.999 -0.000 0.018 0.051 0.753 -0.000 -0.654 0.069 0.994 0.000 0.043 0.097 
0.998 -0.042 -0.034 0.018 0.717 0.000 -0.690 0.096 0.974 0.000 -0.033 -0.224 0.775 0.000 -0.623 0.105 0.984 0.000 -0.053 -0.168 0.697 -0.000 -0.711 0.095 0.999 -0.000 0.018 0.051 0.753 -0.000 -0.654 0.069 0.994 0.000 0.043 0.097 
0.998 -0.042 -0.034 0.018 0.717 0.000 -0.691 0.096 0.974 -0.000 -0.033 -0.224 0.776 0.000 -0.622 0.105 0.984 0.000 -0.053 -0.167 0.697 0.000 -0.711 0.095 0.999 0.000 0.018 0.051 0.753 -0.000 -0.654 0.069 0.994 -0.000 0.043 0.097 
0.998 -0.042 -0.034 0.018 0.717 0.000 -0.691 0.096 0.974 0.000 -0.034 -0.224 0.776 -0.000 -0.622 0.105 0.985 0.000 -0.052 -0.167 0.697 0.000 -0.711 0.095 0.999 -0.000 0.018 0.051 0.753 -0.000 -0.654 0.069 0.994 0.000 0.043 0.097 
0.998 -0.042 -0.034 0.019 0.716 0.000 -0.691 0.096 0.974 0.000 -0.033 -0.224 0.776 0.000 -0.622 0.105 0.985 0.000 -0.052 -0.167 0.697 0.000 -0.711 0.096 0.999 0.000 0.018 0.051 0.753 0.000 -0.654 0.069 0.994 0.000 0.043 0.097 
0.998 -0.042 -0.034 0.019 0.716 -0.000 -0.691 0.095 0.974 0.000 -0.034 -0.224 0.776 0.000 -0.622 0.105 0.985 -0.000 -0.053 -0.167 0.697 0.000 -0.711 0.096 0.999 0.000 0.018 0.051 0.753 0.000 -0.654 0.070 0.994 0.000 0.043 0.097 
0.998 -0.042 -0.034 0.019 0.716 -0.000 -0.691 0.095 0.974 0.000 -0.034 -0.224 0.776 0.000 -0.622 0.105 0.984 0.000 -0.052 -0.168 0.697 0.000 -0.711 0.096 0.999 0.000 0.019 0.051 0.753 0.000 -0.654 0.069 0.994 0.000 0.043 0.097 
0.998 -0.043 -0.034 0.019 0.716 0.000 -0.691 0.095 0.974 0.000 -0.034 -0.224 0.776 0.000 -0.622 0.105 0.985 0.000 -0.052 -0.167 0.697 -0.000 -0.711 0.096 0.999 0.000 0.019 0.051 0.753 -0.000 -0.654 0.070 0.994 0.000 0.043 0.097 
0.998 -0.043 -0.034 0.019 0.716 0.000 -0.692 0.094 0.974 0.000 -0.034 -0.224 0.776 0.000 -0.622 0.105 0.984 0.000 -0.052 -0.168 0.697 0.000 -0.711 0.096 0.999 0.000 0.019 0.051 0.753 -0.000 -0.654 0.070 0.994 0.000 0.043 0.098 
0.998 -0.043 -0.034 0.019 0.716 0.000 -0.692 0.094 0.974 -0.000 -0.034 -0.224 0.776 0.000 -0.622 0.106 0.984 0.000 -0.052 -0.168 0.697 0.000 -0.711 0.097 0.999 0.000 0.019 0.051 0.753 0.000 -0.654 0.070 0.994 0.000 0.043 0.097 
0.998 -0.043 -0.034 0.019 0.716 -0.000 -0.692 0.094 0.974 0.000 -0.035 -0.224 0.776 0.000 -0.622 0.106 0.984 0.000 -0.052 -0.168 0.697 0.000 -0.711 0.097 0.999 0.000 0.019 0.051 0.753 0.000 -0.654 0.070 0.994 0.000 0.044 0.097 
0.998 -0.043 -0.034 0.019 0.716 0.000 -0.692 0.094 0.974 0.000 -0.036 -0.225 0.776 0.000 -0.622 0.106 0.984 0.000 -0.052 -0.168 0.697 0.000 -0.711 0.097 0.999 0.000 0.019 0.051 0.753 0.000 -0.654 0.070 0.994 0.000 0.044 0.098 
0.998 -0.043 -0.034 0.019 0.716 0.000 -0.692 0.093 0.974 0.000 -0.036 -0.225 0.776 0.000 -0.621 0.106 0.984 0.000 -0.052 -0.168 0.697 0.000 -0.711 0.097 0.999 -0.000 0.019 0.051 0.753 0.000 -0.654 0.070 0.994 0.000 0.043 0.098 
0.998 -0.043 -0.034 0.019 0.716 0.000 -0.692 0.093 0.974 0.000 -0.036 -0.226 0.776 -0.000 -0.622 0.106 0.984 0.000 -0.052 -0.169 0.697 0.000 -0.711 0.097 0.999 0.000 0.019 0.051 0.753 -0.000 -0.654 0.070 0.994 -0.000 0.043 0.098 
0.998 -0.043 -0.034 0.019 0.716 0.000 -0.692 0.093 0.974 -0.000 -0.037 -0.226 0.776 -0.000 -0.621 0.106 0.984 0.000 -0.052 -0.169 0.697 -0.000 -0.710 0.097 0.999 0.000 0.019 0.051 0.753 0.000 -0.654 0.070 0.994 0.000 0.044 0.098 
0.998 -0.043 -0.034 0.019 0.716 0.000 -0.692 0.092 0.973 0.000 -0.037 -0.226 0.776 0.000 -0.621 0.106 0.984 0.000 -0.053 -0.169 0.697 -0.000 -0.711 0.098 0.999 0.000 0.019 0.051 0.753 -0.000 -0.654 0.070 0.994 0.000 0.044 0.098 
0.998 -0.043 -0.034 0.019 0.716 0.000 -0.692 0.092 0.973 0.000 -0.037 -0.226 0.776 0.000 -0.621 0.106 0.984 -0.000 -0.052 -0.170 0.697 0.000 -0.710 0.098 0.999 0.000 0.019 0.051 0.753 0.000 -0.654 0.071 0.994 0.000 0.044 0.098 
0.998 -0.043 -0.034 0.019 0.716 0.000 -0.692 0.092 0.973 0.000 -0.038 -0.227 0.776 0.000 -0.621 0.106 0.984 0.000 -0.052 -0.170 0.697 0.000 -0.710 0.098 0.999 0.000 0.019 0.051 0.753 0.000 -0.654 0.071 0.994 0.000 0.044 0.098 
0.998 -0.043 -0.034 0.019 0.716 -0.000 -0.692 0.091 0.973 0.000 -0.038 -0.227 0.776 0.000 -0.621 0.106 0.984 0.000 -0.052 -0.170 0.697 0.000 -0.710 0.098 0.999 0.000 0.019 0.051 0.753 0.000 -0.654 0.071 0.994 0.000 0.044 0.098 
0.998 -0.043 -0.034 0.019 0.716 0.000 -0.693 0.090 0.973 0.000 -0.038 -0.227 0.776 0.000 -0.621 0.106 0.984 0.000 -0.052 -0.170 0.697 -0.000 -0.710 0.098 0.999 0.000 0.019 0.051 0.753 -0.000 -0.654 0.071 0.994 -0.000 0.044 0.098 
0.998 -0.044 -0.034 0.019 0.716 -0.000 -0.693 0.090 0.973 0.000 -0.038 -0.228 0.776 0.000 -0.621 0.106 0.984 0.000 -0.052 -0.170 0.697 0.000 -0.710 0.098 0.999 -0.000 0.019 0.051 0.753 0.000 -0.654 0.071 0.994 0.000 0.044 0.098 
0.998 -0.044 -0.034 0.019 0.715 0.000 -0.693 0.089 0.973 0.000 -0.037 -0.227 0.776 -0.000 -0.621 0.106 0.984 0.000 -0.052 -0.171 0.697 0.000 -0.710 0.098 0.999 -0.000 0.019 0.051 0.753 0.000 -0.654 0.071 0.994 0.000 0.044 0.098 
0.998 -0.044 -0.034 0.019 0.715 -0.000 -0.693 0.089 0.973 -0.000 -0.038 -0.228 0.776 -0.000 -0.621 0.106 0.984 0.000 -0.052 -0.171 0.697 -0.000 -0.710 0.098 0.999 0.000 0.019 0.051 0.753 -0.000 -0.654 0.071 0.994 0.000 0.044 0.098 
0.998 -0.044 -0.034 0.019 0.715 0.000 -0.693 0.088 0.973 -0.000 -0.038 -0.228 0.777 0.000 -0.621 0.107 0.984 0.000 -0.052 -0.171 0.697 0.000 -0.710 0.098 0.999 0.000 0.019 0.051 0.753 0.000 -0.654 0.071 0.994 0.000 0.044 0.098 
0.998 -0.043 -0.034 0.019 0.715 0.000 -0.694 0.088 0.973 0.000 -0.038 -0.228 0.777 0.000 -0.621 0.107 0.984 0.000 -0.053 -0.172 0.697 0.000 -0.710 0.098 0.999 0.000 0.019 0.051 0.753 0.000 -0.654 0.071 0.994 0.000 0.044 0.098 
0.998 -0.044 -0.034 0.019 0.715 0.000 -0.694 0.087 0.973 -0.000 -0.038 -0.229 0.776 0.000 -0.621 0.107 0.984 0.000 -0.052 -0.172 0.697 0.000 -0.710 0.098 0.999 0.000 0.019 0.051 0.753 0.000 -0.654 0.071 0.994 -0.000 0.044 0.098 
0.998 -0.043 -0.034 0.019 0.715 0.000 -0.694 0.087 0.973 0.000 -0.038 -0.229 0.776 0.000 -0.621 0.107 0.984 0.000 -0.052 -0.172 0.697 0.000 -0.710 0.098 0.999 0.000 0.019 0.051 0.753 0.000 -0.654 0.071 0.994 0.000 0.043 0.097 
0.998 -0.043 -0.034 0.019 0.715 0.000 -0.694 0.087 0.973 -0.000 -0.039 -0.229 0.777 -0.000 -0.621 0.107 0.984 -0.000 -0.053 -0.172 0.697 0.000 -0.710 0.098 0.999 0.000 0.019 0.051 0.753 0.000 -0.654 0.071 0.994 0.000 0.044 0.097 
0.998 -0.043 -0.034 0.019 0.715 0.000 -0.694 0.086 0.972 0.000 -0.039 -0.230 0.777 0.000 -0.621 0.107 0.984 -0.000 -0.053 -0.173 0.697 0.000 -0.710 0.098 0.999 0.000 0.019 0.051 0.753 0.000 -0.654 0.071 0.994 0.000 0.044 0.097 
0.998 -0.043 -0.034 0.019 0.715 0.000 -0.694 0.086 0.972 -0.000 -0.039 -0.230 0.777 0.000 -0.621 0.107 0.984 0.000 -0.053 -0.173 0.697 0.000 -0.710 0.098 0.999 0.000 0.019 0.051 0.753 0.000 -0.654 0.071 0.994 0.000 0.043 0.098 
0.998 -0.043 -0.034 0.019 0.715 0.000 -0.694 0.085 0.972 0.000 -0.039 -0.231 0.777 0.000 -0.621 0.107 0.983 0.000 -0.053 -0.173 0.697 0.000 -0.710 0.098 0.999 0.000 0.019 0.051 0.753 0.000 -0.654 0.071 0.994 0.000 0.043 0.098 
0.998 -0.043 -0.034 0.019 0.715 0.000 -0.694 0.085 0.972 0.000 -0.040 -0.231 0.777 0.000 -0.621 0.107 0.983 0.000 -0.053 -0.173 0.697 0.000 -0.710 0.097 0.999 -0.000 0.019 0.051 0.753 0.000 -0.654 0.071 0.994 0.000 0.044 0.098 
0.998 -0.043 -0.034 0.019 0.715 0.000 -0.694 0.085 0.972 0.000 -0.040 -0.231 0.777 0.000 -0.621 0.107 0.983 0.000 -0.053 -0.173 0.697 0.000 -0.710 0.097 0.999 0.000 0.019 0.051 0.753 0.000 -0.654 0.071 0.994 0.000 0.044 0.098 
0.998 -0.043 -0.034 0.019 0.715 0.000 -0.694 0.084 0.972 0.000 -0.040 -0.231 0.777 0.000 -0.620 0.107 0.983 -0.000 -0.053 -0.173 0.697 0.000 -0.711 0.097 0.999 0.000 0.019 0.051 0.753 0.000 -0.654 0.071 0.994 0.000 0.044 0.098 
0.998 -0.043 -0.034 0.019 0.715 0.000 -0.694 0.084 0.972 0.000 -0.040 -0.232 0.777 0.000 -0.620 0.107 0.983 0.000 -0.053 -0.173 0.697 0.000 -0.711 0.097 0.999 -0.000 0.019 0.051 0.753 0.000 -0.654 0.070 0.994 0.000 0.044 0.098 
0.998 -0.043 -0.034 0.019 0.715 0.000 -0.694 0.084 0.972 0.000 -0.041 -0.232 0.777 0.000 -0.620 0.107 0.983 -0.000 -0.053 -0.173 0.697 0.000 -0.710 0.097 0.999 0.000 0.019 0.051 0.753 0.000 -0.654 0.070 0.994 -0.000 0.044 0.098 
0.998 -0.043 -0.034 0.019 0.715 0.000 -0.694 0.084 0.972 0.000 -0.041 -0.233 0.777 0.000 -0.620 0.107 0.983 0.000 -0.053 -0.173 0.697 0.000 -0.710 0.097 0.999 0.000 0.019 0.051 0.753 0.000 -0.654 0.070 0.994 0.000 0.044 0.098 
0.998 -0.043 -0.034 0.019 0.715 0.000 -0.694 0.083 0.972 0.000 -0.041 -0.233 0.777 0.000 -0.620 0.107 0.983 0.000 -0.053 -0.173 0.697 0.000 -0.711 0.096 0.999 0.000 0.019 0.051 0.753 0.000 -0.654 0.070 0.994 0.000 0.044 0.098 
0.998 -0.042 -0.034 0.019 0.715 -0.000 -0.694 0.083 0.972 0.000 -0.041 -0.233 0.777 0.000 -0.620 0.107 0.984 0.000 -0.053 -0.173 0.697 0.000 -0.711 0.096 0.999 0.000 0.019 0.051 0.753 -0.000 -0.654 0.070 0.994 0.000 0.043 0.098 
0.998 -0.042 -0.034 0.019 0.715 0.000 -0.694 0.083 0.971 0.000 -0.041 -0.234 0.777 -0.000 -0.620 0.107 0.984 0.000 -0.053 -0.173 0.697 0.000 -0.711 0.096 0.999 0.000 0.019 0.051 0.753 0.000 -0.654 0.070 0.994 0.000 0.043 0.098 
0.998 -0.042 -0.034 0.019 0.715 0.000 -0.694 0.083 0.971 0.000 -0.041 -0.234 0.777 0.000 -0.620 0.106 0.984 0.000 -0.053 -0.173 0.697 -0.000 -0.711 0.096 0.999 0.000 0.019 0.051 0.753 0.000 -0.654 0.070 0.994 0.000 0.043 0.098 
0.998 -0.042 -0.034 0.019 0.715 0.000 -0.694 0.083 0.971 0.000 -0.041 -0.234 0.777 0.000 -0.620 0.107 0.984 0.000 -0.053 -0.173 0.697 0.000 -0.711 0.096 0.999 -0.000 0.019 0.051 0.753 0.000 -0.654 0.070 0.994 0.000 0.043 0.098 
0.998 -0.042 -0.034 0.019 0.715 -0.000 -0.694 0.083 0.971 0.000 -0.041 -0.234 0.777 0.000 -0.620 0.106 0.984 0.000 -0.053 -0.172 0.697 0.000 -0.711 0.096 0.999 0.000 0.019 0.051 0.753 0.000 -0.654 0.070 0.994 0.000 0.043 0.097 
0.998 -0.042 -0.034 0.019 0.715 0.000 -0.694 0.083 0.971 0.000 -0.041 -0.234 0.777 0.000 -0.620 0.106 0.984 0.000 -0.053 -0.172 0.697 0.000 -0.711 0.096 0.999 0.000 0.019 0.051 0.753 -0.000 -0.654 0.069 0.994 0.000 0.043 0.097 
0.998 -0.042 -0.034 0.019 0.715 -0.000 -0.694 0.083 0.971 0.000 -0.041 -0.234 0.777 0.000 -0.620 0.106 0.984 0.000 -0.053 -0.172 0.697 0.000 -0.711 0.096 0.999 0.000 0.019 0.051 0.753 0.000 -0.654 0.069 0.994 0.000 0.043 0.097 
0.998 -0.042 -0.034 0.019 0.715 -0.000 -0.694 0.082 0.971 0.000 -0.041 -0.234 0.777 0.000 -0.620 0.106 0.984 0.000 -0.053 -0.172 0.697 0.000 -0.711 0.096 0.999 0.000 0.019 0.051 0.753 0.000 -0.654 0.070 0.994 0.000 0.043 0.097 
0.998 -0.042 -0.034 0.019 0.715 0.000 -0.694 0.082 0.971 0.000 -0.041 -0.234 0.777 -0.000 -0.620 0.107 0.984 0.000 -0.053 -0.172 0.697 0.000 -0.711 0.096 0.999 0.000 0.019 0.051 0.753 0.000 -0.654 0.070 0.994 0.000 0.043 0.097 
0.998 -0.042 -0.034 0.019 0.715 0.000 -0.694 0.082 0.971 -0.000 -0.041 -0.234 0.777 0.000 -0.620 0.106 0.984 0.000 -0.054 -0.172 0.697 -0.000 -0.711 0.096 0.999 -0.000 0.019 0.051 0.753 -0.000 -0.654 0.070 0.994 0.000 0.043 0.097 
0.998 -0.042 -0.034 0.019 0.715 0.000 -0.694 0.082 0.971 0.000 -0.041 -0.234 0.778 0.000 -0.620 0.106 0.984 0.000 -0.054 -0.171 0.697 -0.000 -0.711 0.096 0.999 0.000 0.019 0.051 0.753 0.000 -0.654 0.070 0.994 0.000 0.043 0.097 
0.998 -0.042 -0.034 0.019 0.715 0.000 -0.694 0.082 0.971 -0.000 -0.041 -0.234 0.777 0.000 -0.620 0.106 0.984 0.000 -0.053 -0.172 0.697 0.000 -0.711 0.096 0.999 -0.000 0.019 0.051 0.753 0.000 -0.654 0.070 0.994 0.000 0.043 0.097 
0.998 -0.042 -0.034 0.020 0.715 0.000 -0.694 0.082 0.971 0.000 -0.041 -0.234 0.777 0.000 -0.620 0.107 0.984 0.000 -0.054 -0.172 0.697 0.000 -0.711 0.096 0.999 0.000 0.019 0.051 0.753 0.000 -0.654 0.070 0.994 -0.000 0.043 0.097 
0.998 -0.042 -0.034 0.020 0.715 0.000 -0.694 0.082 0.971 -0.000 -0.041 -0.234 0.778 -0.000 -0.620 0.106 0.984 0.000 -0.054 -0.172 0.697 0.000 -0.711 0.097 0.999 0.000 0.019 0.051 0.753 0.000 -0.654 0.070 0.994 -0.000 0.043 0.097 
0.998 -0.042 -0.034 0.020 0.715 0.000 -0.694 0.082 0.971 0.000 -0.041 -0.235 0.778 -0.000 -0.620 0.107 0.984 0.000 -0.054 -0.172 0.697 0.000 -0.711 0.097 0.999 -0.000 0.019 0.051 0.753 0.000 -0.654 0.070 0.994 0.000 0.043 0.097 
0.998 -0.043 -0.034 0.020 0.715 0.000 -0.694 0.082 0.971 0.000 -0.041 -0.234 0.778 -0.000 -0.620 0.107 0.984 0.000 -0.053 -0.172 0.697 0.000 -0.711 0.097 0.999 0.000 0.019 0.051 0.753 0.000 -0.654 0.070 0.994 0.000 0.043 0.097 
0.998 -0.043 -0.034 0.020 0.715 0.000 -0.694 0.083 0.971 0.000 -0.041 -0.234 0.778 0.000 -0.620 0.107 0.984 0.000 -0.053 -0.172 0.697 0.000 -0.710 0.097 0.999 0.000 0.019 0.051 0.753 0.000 -0.654 0.070 0.994 -0.000 0.043 0.097 
0.998 -0.043 -0.034 0.020 0.715 0.000 -0.694 0.083 0.971 0.000 -0.041 -0.234 0.778 0.000 -0.619 0.107 0.984 0.000 -0.054 -0.172 0.697 0.000 -0.711 0.097 0.999 0.000 0.020 0.051 0.753 0.000 -0.654 0.070 0.994 0.000 0.043 0.097 
0.998 -0.043 -0.034 0.020 0.715 0.000 -0.695 0.082 0.971 0.000 -0.040 -0.234 0.778 -0.000 -0.620 0.107 0.984 0.000 -0.053 -0.172 0.697 0.000 -0.711 0.097 0.999 0.000 0.020 0.051 0.753 -0.000 -0.654 0.070 0.994 0.000 0.043 0.097 
0.998 -0.043 -0.034 0.020 0.715 0.000 -0.694 0.083 0.971 0.000 -0.041 -0.234 0.777 0.000 -0.620 0.107 0.984 0.000 -0.053 -0.172 0.697 -0.000 -0.710 0.098 0.999 0.000 0.020 0.051 0.753 -0.000 -0.654 0.071 0.994 0.000 0.043 0.097 
0.998 -0.043 -0.034 0.020 0.715 0.000 -0.694 0.083 0.971 0.000 -0.041 -0.234 0.778 -0.000 -0.620 0.107 0.984 0.000 -0.053 -0.172 0.697 0.000 -0.710 0.098 0.999 0.000 0.020 0.051 0.753 0.000 -0.654 0.071 0.994 0.000 0.043 0.097 
0.998 -0.043 -0.034 0.020 0.715 -0.000 -0.694 0.084 0.972 -0.000 -0.040 -0.234 0.777 -0.000 -0.620 0.107 0.984 -0.000 -0.053 -0.172 0.697 0.000 -0.710 0.098 0.999 0.000 0.020 0.051 0.753 0.000 -0.654 0.071 0.994 0.000 0.043 0.097 
0.998 -0.044 -0.034 0.020 0.715 0.000 -0.694 0.084 0.972 0.000 -0.041 -0.233 0.778 0.000 -0.620 0.107 0.984 0.000 -0.053 -0.172 0.697 0.000 -0.710 0.099 0.999 -0.000 0.020 0.051 0.753 0.000 -0.654 0.071 0.994 -0.000 0.044 0.097 
0.998 -0.044 -0.034 0.020 0.715 0.000 -0.694 0.084 0.972 -0.000 -0.040 -0.233 0.777 -0.000 -0.620 0.107 0.984 0.000 -0.052 -0.172 0.697 0.000 -0.710 0.099 0.999 0.000 0.020 0.051 0.753 0.000 -0.654 0.071 0.994 0.000 0.044 0.097 
0.998 -0.044 -0.034 0.020 0.715 0.000 -0.694 0.084 0.972 0.000 -0.040 -0.233 0.777 0.000 -0.620 0.107 0.984 0.000 -0.052 -0.172 0.697 0.000 -0.710 0.099 0.999 0.000 0.020 0.051 0.753 0.000 -0.654 0.072 0.994 -0.000 0.043 0.097 
0.998 -0.044 -0.034 0.020 0.715 0.000 -0.694 0.084 0.972 0.000 -0.040 -0.232 0.778 0.000 -0.620 0.107 0.984 0.000 -0.053 -0.172 0.697 0.000 -0.710 0.099 0.999 0.000 0.020 0.051 0.753 -0.000 -0.654 0.072 0.994 0.000 0.044 0.097 
0.998 -0.044 -0.034 0.020 0.715 0.000 -0.694 0.085 0.972 0.000 -0.040 -0.232 0.778 0.000 -0.620 0.107 0.984 0.000 -0.053 -0.172 0.697 0.000 -0.710 0.100 0.999 0.000 0.020 0.051 0.753 -0.000 -0.654 0.072 0.994 -0.000 0.044 0.097 
0.998 -0.044 -0.034 0.020 0.715 0.000 -0.694 0.085 0.972 0.000 -0.039 -0.231 0.777 0.000 -0.620 0.107 0.984 -0.000 -0.052 -0.172 0.697 0.000 -0.710 0.100 0.999 0.000 0.020 0.051 0.753 0.000 -0.654 0.072 0.994 0.000 0.044 0.097 
0.998 -0.045 -0.034 0.020 0.715 0.000 -0.694 0.084 0.972 0.000 -0.039 -0.231 0.777 0.000 -0.620 0.108 0.984 0.000 -0.052 -0.172 0.697 0.000 -0.710 0.100 0.999 -0.000 0.020 0.051 0.753 0.000 -0.654 0.073 0.994 0.000 0.044 0.097 
0.998 -0.045 -0.034 0.020 0.715 0.000 -0.693 0.085 0.972 0.000 -0.039 -0.231 0.778 0.000 -0.620 0.108 0.984 0.000 -0.052 -0.172 0.697 0.000 -0.710 0.100 0.999 0.000 0.020 0.051 0.753 0.000 -0.654 0.073 0.994 0.000 0.044 0.097 
0.998 -0.045 -0.034 0.020 0.716 0.000 -0.693 0.085 0.972 0.000 -0.039 -0.230 0.777 0.000 -0.620 0.108 0.984 0.000 -0.053 -0.172 0.697 0.000 -0.710 0.101 0.999 -0.000 0.020 0.051 0.753 0.000 -0.654 0.073 0.994 -0.000 0.044 0.097 
0.998 -0.045 -0.034 0.020 0.716 0.000 -0.693 0.085 0.973 -0.000 -0.039 -0.229 0.777 0.000 -0.620 0.108 0.984 0.000 -0.052 -0.172 0.697 -0.000 -0.710 0.101 0.999 0.000 0.020 0.051 0.753 -0.000 -0.654 0.073 0.994 -0.000 0.044 0.097 
0.998 -0.045 -0.034 0.020 0.716 -0.000 -0.693 0.085 0.973 0.000 -0.039 -0.229 0.777 0.000 -0.620 0.108 0.984 0.000 -0.053 -0.172 0.697 0.000 -0.710 0.101 0.999 -0.000 0.020 0.051 0.753 0.000 -0.654 0.073 0.994 0.000 0.044 0.097 
0.998 -0.045 -0.034 0.020 0.716 0.000 -0.693 0.085 0.973 0.000 -0.038 -0.229 0.777 0.000 -0.620 0.108 0.984 0.000 -0.052 -0.172 0.697 -0.000 -0.710 0.102 0.999 0.000 0.020 0.051 0.753 -0.000 -0.654 0.074 0.994 0.000 0.044 0.097 
0.998 -0.045 -0.034 0.020 0.716 -0.000 -0.693 0.085 0.973 0.000 -0.038 -0.228 0.777 0.000 -0.620 0.109 0.984 0.000 -0.052 -0.172 0.697 -0.000 -0.710 0.102 0.999 0.000 0.020 0.051 0.753 -0.000 -0.654 0.074 0.994 -0.000 0.044 0.097 
0.998 -0.045 -0.034 0.020 0.716 0.000 -0.693 0.085 0.973 0.000 -0.038 -0.228 0.777 0.000 -0.620 0.109 0.984 0.000 -0.052 -0.172 0.697 0.000 -0.710 0.101 0.999 0.000 0.020 0.051 0.753 0.000 -0.654 0.074 0.994 0.000 0.044 0.097 
0.998 -0.046 -0.034 0.020 0.716 0.000 -0.693 0.085 0.973 0.000 -0.038 -0.228 0.777 0.000 -0.620 0.109 0.984 0.000 -0.052 -0.172 0.697 0.000 -0.710 0.102 0.999 0.000 0.020 0.051 0.753 0.000 -0.654 0.074 0.994 -0.000 0.044 0.097 
0.998 -0.046 -0.034 0.020 0.716 -0.000 -0.692 0.086 0.973 0.000 -0.038 -0.228 0.777 -0.000 -0.620 0.109 0.984 0.000 -0.052 -0.172 0.697 0.000 -0.710 0.102 0.999 0.000 0.020 0.050 0.753 0.000 -0.654 0.074 0.994 0.000 0.044 0.097 
0.998 -0.046 -0.034 0.020 0.716 -0.000 -0.693 0.086 0.973 0.000 -0.037 -0.227 0.777 0.000 -0.620 0.109 0.984 0.000 -0.052 -0.172 0.697 -0.000 -0.710 0.102 0.999 0.000 0.020 0.050 0.753 -0.000 -0.654 0.074 0.994 0.000 0.044 0.098 
0.998 -0.046 -0.034 0.020 0.716 0.000 -0.692 0.086 0.973 0.000 -0.037 -0.227 0.777 0.000 -0.620 0.110 0.984 0.000 -0.052 -0.172 0.697 -0.000 -0.710 0.102 0.999 0.000 0.020 0.050 0.753 0.000 -0.654 0.074 0.994 0.000 0.044 0.097 
0.998 -0.046 -0.034 0.020 0.716 -0.000 -0.692 0.086 0.973 0.000 -0.037 -0.227 0.777 0.000 -0.620 0.110 0.984 -0.000 -0.052 -0.172 0.697 0.000 -0.710 0.103 0.999 0.000 0.020 0.050 0.753 -0.000 -0.654 0.074 0.994 -0.000 0.044 0.098 
0.998 -0.046 -0.034 0.020 0.716 0.000 -0.692 0.087 0.973 -0.000 -0.037 -0.227 0.777 -0.000 -0.620 0.110 0.984 0.000 -0.052 -0.172 0.697 0.000 -0.710 0.103 0.999 0.000 0.021 0.050 0.753 0.000 -0.654 0.075 0.994 -0.000 0.044 0.098 
0.998 -0.046 -0.034 0.020 0.716 0.000 -0.692 0.087 0.973 0.000 -0.037 -0.227 0.777 0.000 -0.620 0.110 0.984 0.000 -0.052 -0.172 0.697 0.000 -0.710 0.103 0.999 0.000 0.021 0.050 0.753 0.000 -0.654 0.075 0.994 0.000 0.044 0.098 
0.998 -0.046 -0.034 0.020 0.716 0.000 -0.692 0.087 0.973 0.000 -0.037 -0.227 0.777 0.000 -0.620 0.110 0.984 0.000 -0.052 -0.172 0.697 0.000 -0.710 0.103 0.999 0.000 0.021 0.050 0.753 0.000 -0.654 0.075 0.994 0.000 0.044 0.098 
0.998 -0.046 -0.034 0.020 0.717 0.000 -0.692 0.087 0.973 0.000 -0.037 -0.226 0.777 0.000 -0.620 0.110 0.984 -0.000 -0.052 -0.172 0.697 0.000 -0.710 0.103 0.999 0.000 0.021 0.050 0.753 -0.000 -0.654 0.075 0.994 0.000 0.044 0.098 
0.998 -0.046 -0.034 0.020 0.717 0.000 -0.692 0.087 0.973 0.000 -0.037 -0.226 0.777 -0.000 -0.620 0.110 0.984 -0.000 -0.052 -0.172 0.697 0.000 -0.710 0.103 0.999 0.000 0.021 0.050 0.753 0.000 -0.654 0.075 0.994 0.000 0.044 0.098 
0.998 -0.046 -0.034 0.020 0.716 0.000 -0.692 0.088 0.973 0.000 -0.037 -0.226 0.777 0.000 -0.620 0.110 0.984 0.000 -0.053 -0.172 0.697 0.000 -0.710 0.103 0.999 0.000 0.020 0.050 0.753 -0.000 -0.654 0.075 0.994 0.000 0.045 0.098 
0.998 -0.046 -0.034 0.020 0.717 -0.000 -0.692 0.088 0.973 -0.000 -0.037 -0.226 0.777 0.000 -0.620 0.111 0.984 0.000 -0.052 -0.173 0.697 0.000 -0.710 0.103 0.999 -0.000 0.020 0.050 0.753 -0.000 -0.654 0.075 0.994 0.000 0.044 0.098 
0.998 -0.047 -0.034 0.020 0.717 0.000 -0.692 0.088 0.973 0.000 -0.037 -0.226 0.777 -0.000 -0.619 0.110 0.984 0.000 -0.053 -0.172 0.697 0.000 -0.710 0.103 0.999 -0.000 0.020 0.050 0.753 0.000 -0.654 0.075 0.994 0.000 0.045 0.098 
0.998 -0.047 -0.034 0.020 0.717 0.000 -0.692 0.088 0.973 0.000 -0.037 -0.226 0.777 -0.000 -0.620 0.111 0.984 0.000 -0.052 -0.173 0.697 -0.000 -0.710 0.103 0.999 0.000 0.021 0.051 0.753 0.000 -0.654 0.075 0.994 0.000 0.045 0.098 
0.998 -0.047 -0.034 0.020 0.717 -0.000 -0.692 0.089 0.973 0.000 -0.038 -0.226 0.777 -0.000 -0.619 0.110 0.984 0.000 -0.053 -0.172 0.697 -0.000 -0.710 0.103 0.998 0.000 0.021 0.051 0.753 -0.000 -0.654 0.075 0.994 0.000 0.045 0.098 
0.998 -0.047 -0.034 0.020 0.717 0.000 -0.692 0.089 0.973 0.000 -0.038 -0.226 0.777 0.000 -0.619 0.110 0.984 0.000 -0.053 -0.172 0.697 0.000 -0.710 0.103 0.999 -0.000 0.021 0.051 0.753 0.000 -0.654 0.075 0.994 0.000 0.044 0.098 
0.998 -0.047 -0.034 0.020 0.717 0.000 -0.692 0.089 0.973 0.000 -0.038 -0.227 0.777 0.000 -0.619 0.111 0.984 0.000 -0.053 -0.173 0.697 0.000 -0.710 0.103 0.999 0.000 0.021 0.051 0.753 0.000 -0.654 0.075 0.994 0.000 0.045 0.098 
0.998 -0.046 -0.034 0.020 0.717 -0.000 -0.692 0.090 0.973 0.000 -0.039 -0.226 0.777 0.000 -0.619 0.111 0.984 0.000 -0.053 -0.173 0.697 0.000 -0.710 0.103 0.998 0.000 0.021 0.051 0.753 0.000 -0.654 0.074 0.994 0.000 0.044 0.098 
0.998 -0.046 -0.034 0.020 0.717 -0.000 -0.691 0.090 0.973 0.000 -0.039 -0.226 0.777 -0.000 -0.619 0.111 0.984 0.000 -0.053 -0.173 0.697 0.000 -0.710 0.102 0.998 0.000 0.021 0.051 0.753 0.000 -0.654 0.074 0.994 -0.000 0.044 0.098 
0.998 -0.046 -0.034 0.020 0.717 -0.000 -0.692 0.090 0.973 0.000 -0.039 -0.226 0.777 0.000 -0.619 0.111 0.984 0.000 -0.053 -0.173 0.697 0.000 -0.710 0.102 0.998 0.000 0.021 0.051 0.753 -0.000 -0.654 0.074 0.994 0.000 0.044 0.098 
0.998 -0.046 -0.034 0.020 0.717 0.000 -0.692 0.090 0.973 0.000 -0.039 -0.226 0.777 0.000 -0.619 0.111 0.984 0.000 -0.053 -0.173 0.697 -0.000 -0.710 0.102 0.999 0.000 0.020 0.051 0.753 -0.000 -0.654 0.074 0.994 0.000 0.044 0.098 
0.998 -0.046 -0.034 0.020 0.717 0.000 -0.692 0.090 0.973 0.000 -0.039 -0.226 0.777 -0.000 -0.619 0.111 0.984 -0.000 -0.053 -0.172 0.697 0.000 -0.710 0.102 0.999 0.000 0.021 0.051 0.753 0.000 -0.654 0.074 0.994 0.000 0.044 0.098 
0.998 -0.046 -0.034 0.020 0.717 0.000 -0.692 0.090 0.973 0.000 -0.040 -0.226 0.777 -0.000 -0.619 0.111 0.984 0.000 -0.053 -0.172 0.697 -0.000 -0.710 0.101 0.998 0.000 0.021 0.051 0.753 0.000 -0.654 0.073 0.994 0.000 0.044 0.098 
0.998 -0.046 -0.034 0.020 0.717 0.000 -0.692 0.090 0.973 -0.000 -0.040 -0.226 0.777 0.000 -0.620 0.110 0.984 0.000 -0.053 -0.172 0.697 0.000 -0.710 0.101 0.999 0.000 0.020 0.051 0.753 0.000 -0.654 0.073 0.994 -0.000 0.044 0.098 
0.998 -0.046 -0.034 0.020 0.717 -0.000 -0.692 0.090 0.973 -0.000 -0.040 -0.226 0.777 0.000 -0.620 0.110 0.984 0.000 -0.052 -0.172 0.697 0.000 -0.710 0.101 0.999 0.000 0.021 0.051 0.753 0.000 -0.654 0.073 0.994 0.000 0.044 0.098 
0.998 -0.046 -0.034 0.020 0.716 0.000 -0.692 0.090 0.973 0.000 -0.040 -0.226 0.777 -0.000 -0.620 0.110 0.984 0.000 -0.053 -0.171 0.696 0.000 -0.710 0.101 0.999 0.000 0.021 0.050 0.753 0.000 -0.654 0.073 0.994 0.000 0.044 0.098 
0.998 -0.046 -0.034 0.020 0.716 0.000 -0.692 0.090 0.973 0.000 -0.040 -0.226 0.777 0.000 -0.620 0.110 0.984 0.000 -0.052 -0.171 0.697 0.000 -0.710 0.101 0.999 0.000 0.021 0.050 0.753 -0.000 -0.654 0.073 0.994 0.000 0.044 0.098 
0.998 -0.046 -0.034 0.020 0.716 0.000 -0.692 0.090 0.973 0.000 -0.041 -0.226 0.777 0.000 -0.620 0.110 0.984 -0.000 -0.052 -0.171 0.697 0.000 -0.710 0.101 0.999 -0.000 0.021 0.050 0.753 0.000 -0.654 0.073 0.994 0.000 0.044 0.098 
0.998 -0.046 -0.033 0.020 0.716 0.000 -0.692 0.090 0.973 0.000 -0.041 -0.226 0.777 0.000 -0.620 0.110 0.984 0.000 -0.052 -0.171 0.697 0.000 -0.710 0.101 0.999 -0.000 0.021 0.050 0.753 0.000 -0.654 0.073 0.994 0.000 0.044 0.098 
0.998 -0.046 -0.033 0.020 0.716 -0.000 -0.692 0.090 0.973 -0.000 -0.041 -0.226 0.777 0.000 -0.620 0.110 0.984 0.000 -0.052 -0.171 0.697 0.000 -0.710 0.101 0.999 0.000 0.021 0.050 0.753 0.000 -0.654 0.073 0.994 0.000 0.044 0.098 
0.998 -0.046 -0.033 0.020 0.716 0.000 -0.692 0.090 0.973 0.000 -0.041 -0.226 0.777 0.000 -0.620 0.110 0.984 0.000 -0.052 -0.171 0.697 0.000 -0.710 0.101 0.999 0.000 0.021 0.051 0.753 0.000 -0.654 0.072 0.994 -0.000 0.044 0.098 
0.998 -0.046 -0.033 0.020 0.716 0.000 -0.692 0.090 0.973 0.000 -0.041 -0.226 0.777 0.000 -0.620 0.110 0.984 0.000 -0.052 -0.171 0.697 0.000 -0.710 0.101 0.999 -0.000 0.021 0.050 0.753 0.000 -0.654 0.073 0.994 -0.000 0.044 0.098 
0.998 -0.046 -0.033 0.020 0.716 0.000 -0.693 0.090 0.973 0.000 -0.041 -0.226 0.777 0.000 -0.620 0.110 0.984 -0.000 -0.052 -0.172 0.697 0.000 -0.710 0.101 0.999 0.000 0.020 0.051 0.753 0.000 -0.654 0.073 0.994 0.000 0.044 0.098 
0.998 -0.046 -0.033 0.020 0.716 0.000 -0.693 0.090 0.973 0.000 -0.041 -0.226 0.777 0.000 -0.620 0.110 0.984 0.000 -0.052 -0.172 0.697 0.000 -0.710 0.101 0.999 0.000 0.020 0.050 0.753 -0.000 -0.654 0.073 0.994 0.000 0.044 0.098 
0.998 -0.046 -0.033 0.019 0.715 0.000 -0.693 0.090 0.973 0.000 -0.041 -0.226 0.777 0.000 -0.620 0.110 0.984 0.000 -0.052 -0.172 0.697 0.000 -0.710 0.101 0.999 -0.000 0.020 0.051 0.753 0.000 -0.654 0.073 0.994 -0.000 0.044 0.098 
0.998 -0.046 -0.033 0.020 0.715 -0.000 -0.693 0.090 0.973 -0.000 -0.041 -0.226 0.777 -0.000 -0.620 0.111 0.984 0.000 -0.052 -0.173 0.697 0.000 -0.710 0.101 0.999 0.000 0.020 0.050 0.753 0.000 -0.654 0.072 0.994 0.000 0.044 0.098 
0.998 -0.046 -0.033 0.020 0.715 0.000 -0.693 0.090 0.973 0.000 -0.041 -0.226 0.776 0.000 -0.620 0.111 0.984 0.000 -0.052 -0.173 0.697 -0.000 -0.710 0.101 0.999 0.000 0.020 0.050 0.753 0.000 -0.654 0.072 0.994 0.000 0.044 0.098 
0.998 -0.046 -0.033 0.020 0.715 0.000 -0.693 0.091 0.973 -0.000 -0.042 -0.226 0.776 0.000 -0.621 0.111 0.984 0.000 -0.051 -0.173 0.697 0.000 -0.710 0.100 0.999 -0.000 0.020 0.050 0.753 0.000 -0.654 0.072 0.994 0.000 0.044 0.098 
0.998 -0.046 -0.033 0.020 0.715 0.000 -0.693 0.090 0.973 0.000 -0.042 -0.226 0.776 0.000 -0.621 0.111 0.983 -0.000 -0.051 -0.174 0.697 0.000 -0.710 0.100 0.999 0.000 0.020 0.050 0.753 0.000 -0.654 0.072 0.994 0.000 0.044 0.098 
