# T   LUA LFA RUA RFA LT  LS  RT  RS  
0.738 0.011 0.024 -0.675 0.747 0.000 -0.664 0.043 0.980 0.000 -0.070 -0.184 0.775 -0.000 -0.628 -0.073 0.984 0.000 -0.043 -0.176 0.663 -0.000 -0.747 -0.056 0.983 0.000 0.055 0.174 0.647 0.000 -0.754 -0.112 0.982 0.000 0.024 0.185 
0.738 0.012 0.024 -0.675 0.747 0.000 -0.664 0.042 0.980 0.000 -0.070 -0.186 0.775 0.000 -0.628 -0.074 0.984 0.000 -0.042 -0.175 0.663 0.000 -0.746 -0.056 0.983 0.000 0.054 0.175 0.646 0.000 -0.755 -0.112 0.982 0.000 0.024 0.185 
0.738 0.013 0.024 -0.675 0.746 -0.000 -0.664 0.040 0.980 0.000 -0.071 -0.187 0.775 0.000 -0.627 -0.074 0.984 0.000 -0.042 -0.175 0.663 0.000 -0.746 -0.055 0.983 0.000 0.054 0.174 0.646 0.000 -0.755 -0.111 0.982 0.000 0.024 0.185 
0.738 0.013 0.024 -0.674 0.746 0.000 -0.665 0.039 0.979 0.000 -0.072 -0.188 0.775 0.000 -0.627 -0.075 0.984 0.000 -0.042 -0.175 0.662 -0.000 -0.747 -0.055 0.983 0.000 0.057 0.174 0.646 -0.000 -0.755 -0.110 0.982 0.000 0.025 0.185 
0.738 0.014 0.024 -0.674 0.746 0.000 -0.665 0.037 0.980 0.000 -0.074 -0.187 0.775 0.000 -0.627 -0.076 0.984 -0.000 -0.042 -0.174 0.663 0.000 -0.747 -0.056 0.983 0.000 0.056 0.176 0.646 0.000 -0.755 -0.110 0.983 0.000 0.024 0.185 
0.738 0.014 0.024 -0.674 0.746 0.000 -0.665 0.035 0.979 0.000 -0.074 -0.188 0.775 0.000 -0.627 -0.076 0.984 -0.000 -0.042 -0.175 0.663 0.000 -0.747 -0.056 0.983 0.000 0.056 0.177 0.646 0.000 -0.755 -0.110 0.983 0.000 0.024 0.184 
0.738 0.015 0.025 -0.674 0.745 0.000 -0.666 0.033 0.979 -0.000 -0.075 -0.189 0.775 -0.000 -0.627 -0.076 0.984 0.000 -0.042 -0.174 0.663 0.000 -0.747 -0.055 0.983 0.000 0.056 0.176 0.646 0.000 -0.756 -0.109 0.983 0.000 0.024 0.184 
0.738 0.017 0.025 -0.674 0.745 0.000 -0.667 0.030 0.979 0.000 -0.073 -0.191 0.775 -0.000 -0.627 -0.073 0.983 0.000 -0.042 -0.178 0.663 0.000 -0.746 -0.058 0.983 -0.000 0.056 0.177 0.646 0.000 -0.756 -0.110 0.983 0.000 0.023 0.183 
0.738 0.017 0.025 -0.674 0.745 0.000 -0.667 0.027 0.979 -0.000 -0.074 -0.191 0.776 0.000 -0.627 -0.073 0.983 -0.000 -0.042 -0.177 0.663 0.000 -0.746 -0.058 0.983 0.000 0.055 0.178 0.646 0.000 -0.756 -0.109 0.983 -0.000 0.022 0.183 
0.738 0.018 0.026 -0.674 0.745 -0.000 -0.667 0.025 0.978 0.000 -0.074 -0.193 0.776 0.000 -0.627 -0.074 0.983 0.000 -0.043 -0.177 0.664 0.000 -0.746 -0.058 0.983 0.000 0.055 0.178 0.646 -0.000 -0.756 -0.108 0.983 0.000 0.022 0.183 
0.738 0.019 0.026 -0.674 0.744 0.000 -0.668 0.023 0.978 0.000 -0.074 -0.194 0.775 0.000 -0.627 -0.074 0.983 0.000 -0.042 -0.177 0.664 -0.000 -0.745 -0.060 0.982 0.000 0.053 0.180 0.645 -0.000 -0.756 -0.108 0.983 0.000 0.022 0.183 
0.739 0.019 0.026 -0.673 0.744 0.000 -0.668 0.021 0.978 0.000 -0.075 -0.196 0.775 0.000 -0.627 -0.075 0.983 0.000 -0.042 -0.176 0.665 0.000 -0.745 -0.059 0.982 -0.000 0.052 0.181 0.645 0.000 -0.757 -0.107 0.983 0.000 0.021 0.182 
0.739 0.020 0.026 -0.673 0.744 0.000 -0.668 0.018 0.977 0.000 -0.075 -0.197 0.775 0.000 -0.627 -0.073 0.983 0.000 -0.042 -0.177 0.665 0.000 -0.745 -0.059 0.982 0.000 0.053 0.181 0.645 0.000 -0.757 -0.106 0.983 0.000 0.021 0.182 
0.739 0.020 0.026 -0.673 0.743 0.000 -0.669 0.016 0.977 0.000 -0.075 -0.199 0.775 0.000 -0.627 -0.074 0.983 0.000 -0.042 -0.176 0.665 0.000 -0.745 -0.060 0.982 0.000 0.053 0.181 0.645 0.000 -0.757 -0.106 0.983 0.000 0.020 0.183 
0.739 0.021 0.026 -0.673 0.743 0.000 -0.669 0.014 0.977 0.000 -0.076 -0.201 0.776 -0.000 -0.627 -0.074 0.983 -0.000 -0.042 -0.176 0.665 0.000 -0.745 -0.059 0.982 0.000 0.052 0.181 0.645 0.000 -0.757 -0.105 0.983 0.000 0.019 0.183 
0.739 0.022 0.026 -0.673 0.743 -0.000 -0.669 0.012 0.976 0.000 -0.076 -0.202 0.776 0.000 -0.627 -0.074 0.984 0.000 -0.042 -0.176 0.665 0.000 -0.744 -0.061 0.982 0.000 0.050 0.184 0.645 0.000 -0.757 -0.104 0.983 0.000 0.019 0.184 
0.739 0.022 0.026 -0.673 0.743 0.000 -0.669 0.010 0.976 -0.000 -0.077 -0.205 0.776 0.000 -0.627 -0.074 0.984 0.000 -0.043 -0.175 0.665 0.000 -0.744 -0.061 0.982 0.000 0.050 0.184 0.644 0.000 -0.758 -0.104 0.983 0.000 0.019 0.184 
0.739 0.023 0.026 -0.672 0.742 -0.000 -0.670 0.007 0.976 0.000 -0.077 -0.205 0.776 0.000 -0.627 -0.074 0.984 0.000 -0.042 -0.175 0.665 0.000 -0.744 -0.060 0.982 -0.000 0.051 0.183 0.645 0.000 -0.758 -0.103 0.983 0.000 0.018 0.185 
0.739 0.024 0.026 -0.672 0.742 0.000 -0.670 0.004 0.975 0.000 -0.077 -0.207 0.776 0.000 -0.627 -0.073 0.984 0.000 -0.042 -0.176 0.665 0.000 -0.744 -0.061 0.982 -0.000 0.051 0.184 0.645 -0.000 -0.757 -0.102 0.982 0.000 0.017 0.186 
0.739 0.025 0.026 -0.672 0.742 0.000 -0.671 0.001 0.975 0.000 -0.078 -0.209 0.776 0.000 -0.627 -0.073 0.984 0.000 -0.042 -0.175 0.666 0.000 -0.744 -0.061 0.982 0.000 0.051 0.184 0.645 0.000 -0.757 -0.102 0.982 0.000 0.016 0.186 
0.739 0.025 0.026 -0.672 0.742 -0.000 -0.671 -0.001 0.974 0.000 -0.078 -0.211 0.776 0.000 -0.626 -0.073 0.984 0.000 -0.042 -0.174 0.666 0.000 -0.743 -0.062 0.981 0.000 0.049 0.186 0.645 0.000 -0.758 -0.102 0.982 -0.000 0.015 0.188 
0.739 0.026 0.026 -0.672 0.741 0.000 -0.671 -0.003 0.974 0.000 -0.079 -0.213 0.776 0.000 -0.627 -0.072 0.984 0.000 -0.042 -0.174 0.667 0.000 -0.743 -0.062 0.981 0.000 0.048 0.187 0.645 0.000 -0.758 -0.101 0.982 -0.000 0.015 0.189 
0.739 0.027 0.026 -0.673 0.741 0.000 -0.671 -0.005 0.973 0.000 -0.080 -0.215 0.776 0.000 -0.626 -0.073 0.984 -0.000 -0.041 -0.173 0.667 0.000 -0.742 -0.063 0.981 0.000 0.048 0.188 0.645 0.000 -0.758 -0.100 0.982 0.000 0.014 0.189 
0.739 0.028 0.026 -0.672 0.741 0.000 -0.671 -0.008 0.973 0.000 -0.081 -0.218 0.776 -0.000 -0.626 -0.072 0.984 0.000 -0.041 -0.173 0.667 0.000 -0.742 -0.063 0.981 0.000 0.048 0.187 0.645 0.000 -0.758 -0.100 0.982 0.000 0.014 0.190 
0.740 0.027 0.027 -0.672 0.742 0.000 -0.671 -0.008 0.972 0.000 -0.081 -0.221 0.775 0.000 -0.628 -0.072 0.984 0.000 -0.040 -0.173 0.669 0.000 -0.741 -0.062 0.981 0.000 0.046 0.187 0.643 0.000 -0.759 -0.099 0.981 0.000 0.013 0.191 
0.740 0.028 0.026 -0.672 0.742 0.000 -0.670 -0.011 0.971 0.000 -0.083 -0.223 0.775 0.000 -0.627 -0.073 0.984 -0.000 -0.040 -0.172 0.669 0.000 -0.741 -0.063 0.981 0.000 0.045 0.189 0.644 0.000 -0.759 -0.098 0.981 0.000 0.012 0.192 
0.740 0.028 0.026 -0.672 0.742 -0.000 -0.670 -0.011 0.971 0.000 -0.084 -0.226 0.775 -0.000 -0.627 -0.075 0.985 0.000 -0.040 -0.170 0.669 0.000 -0.741 -0.062 0.981 0.000 0.045 0.190 0.644 0.000 -0.759 -0.097 0.981 -0.000 0.012 0.193 
0.740 0.029 0.026 -0.672 0.742 0.000 -0.670 -0.013 0.970 0.000 -0.085 -0.229 0.775 0.000 -0.628 -0.074 0.985 0.000 -0.039 -0.170 0.669 0.000 -0.740 -0.063 0.981 0.000 0.045 0.191 0.643 0.000 -0.760 -0.096 0.981 0.000 0.011 0.194 
0.740 0.030 0.026 -0.672 0.743 0.000 -0.670 -0.013 0.969 0.000 -0.087 -0.232 0.775 0.000 -0.628 -0.075 0.985 -0.000 -0.039 -0.169 0.669 0.000 -0.740 -0.063 0.981 0.000 0.044 0.191 0.643 0.000 -0.760 -0.095 0.981 0.000 0.010 0.195 
0.740 0.030 0.026 -0.671 0.742 -0.000 -0.670 -0.015 0.968 0.000 -0.087 -0.235 0.775 0.000 -0.627 -0.074 0.985 0.000 -0.039 -0.169 0.670 0.000 -0.740 -0.064 0.980 0.000 0.042 0.193 0.643 0.000 -0.760 -0.095 0.980 0.000 0.009 0.196 
0.741 0.031 0.026 -0.671 0.743 -0.000 -0.669 -0.016 0.967 -0.000 -0.089 -0.237 0.775 0.000 -0.628 -0.074 0.985 -0.000 -0.039 -0.168 0.670 0.000 -0.739 -0.065 0.980 0.000 0.043 0.195 0.643 0.000 -0.760 -0.094 0.980 0.000 0.009 0.197 
0.741 0.031 0.026 -0.670 0.743 0.000 -0.669 -0.018 0.967 0.000 -0.090 -0.240 0.775 0.000 -0.628 -0.074 0.985 -0.000 -0.038 -0.169 0.670 0.000 -0.739 -0.065 0.980 0.000 0.040 0.196 0.644 0.000 -0.760 -0.093 0.980 0.000 0.008 0.198 
0.741 0.032 0.025 -0.670 0.744 0.000 -0.668 -0.019 0.966 0.000 -0.091 -0.243 0.775 -0.000 -0.628 -0.074 0.985 0.000 -0.038 -0.168 0.671 0.000 -0.738 -0.067 0.979 0.000 0.040 0.199 0.643 0.000 -0.760 -0.092 0.980 0.000 0.008 0.199 
0.742 0.032 0.025 -0.669 0.744 0.000 -0.668 -0.019 0.965 -0.000 -0.092 -0.247 0.775 0.000 -0.628 -0.074 0.985 0.000 -0.038 -0.168 0.671 0.000 -0.738 -0.066 0.979 -0.000 0.039 0.200 0.643 0.000 -0.760 -0.091 0.980 0.000 0.008 0.200 
0.742 0.033 0.025 -0.669 0.744 0.000 -0.667 -0.020 0.964 0.000 -0.093 -0.249 0.775 0.000 -0.628 -0.073 0.985 0.000 -0.038 -0.168 0.672 0.000 -0.737 -0.069 0.978 -0.000 0.034 0.204 0.643 0.000 -0.761 -0.090 0.980 0.000 0.008 0.201 
0.743 0.033 0.025 -0.668 0.744 0.000 -0.667 -0.020 0.963 0.000 -0.094 -0.253 0.775 0.000 -0.628 -0.073 0.985 -0.000 -0.038 -0.168 0.672 0.000 -0.737 -0.068 0.978 -0.000 0.035 0.205 0.643 0.000 -0.761 -0.088 0.979 0.000 0.009 0.202 
0.744 0.034 0.024 -0.667 0.745 0.000 -0.667 -0.022 0.962 -0.000 -0.095 -0.255 0.775 -0.000 -0.628 -0.072 0.985 0.000 -0.038 -0.167 0.673 -0.000 -0.737 -0.071 0.977 0.000 0.029 0.210 0.643 -0.000 -0.761 -0.087 0.979 0.000 0.009 0.202 
0.744 0.034 0.023 -0.666 0.746 0.000 -0.666 -0.022 0.961 0.000 -0.096 -0.258 0.775 0.000 -0.628 -0.072 0.985 0.000 -0.038 -0.167 0.673 0.000 -0.737 -0.070 0.977 -0.000 0.028 0.211 0.643 0.000 -0.761 -0.085 0.979 0.000 0.010 0.203 
0.745 0.035 0.023 -0.666 0.746 0.000 -0.666 -0.022 0.960 0.000 -0.097 -0.262 0.775 0.000 -0.628 -0.071 0.985 0.000 -0.038 -0.166 0.673 0.000 -0.736 -0.073 0.976 0.000 0.025 0.215 0.643 0.000 -0.761 -0.083 0.979 0.000 0.010 0.204 
0.746 0.035 0.022 -0.665 0.746 0.000 -0.666 -0.023 0.959 0.000 -0.097 -0.265 0.775 0.000 -0.627 -0.072 0.986 0.000 -0.038 -0.165 0.673 0.000 -0.736 -0.074 0.976 0.000 0.022 0.219 0.643 0.000 -0.761 -0.081 0.979 -0.000 0.011 0.204 
0.746 0.035 0.021 -0.664 0.746 -0.000 -0.665 -0.023 0.959 0.000 -0.098 -0.268 0.775 0.000 -0.627 -0.071 0.986 0.000 -0.038 -0.164 0.674 0.000 -0.735 -0.076 0.975 0.000 0.019 0.223 0.643 -0.000 -0.761 -0.080 0.979 0.000 0.012 0.205 
0.747 0.036 0.021 -0.664 0.746 0.000 -0.666 -0.024 0.958 0.000 -0.097 -0.270 0.775 0.000 -0.627 -0.071 0.986 0.000 -0.038 -0.163 0.674 0.000 -0.734 -0.079 0.974 0.000 0.014 0.228 0.643 0.000 -0.762 -0.078 0.979 0.000 0.012 0.205 
0.747 0.036 0.020 -0.663 0.746 -0.000 -0.665 -0.024 0.957 0.000 -0.098 -0.273 0.776 0.000 -0.627 -0.070 0.986 -0.000 -0.038 -0.163 0.675 0.000 -0.733 -0.081 0.973 0.000 0.010 0.232 0.644 0.000 -0.762 -0.076 0.979 0.000 0.013 0.206 
0.748 0.037 0.019 -0.663 0.746 0.000 -0.665 -0.024 0.956 0.000 -0.098 -0.276 0.776 0.000 -0.627 -0.069 0.986 0.000 -0.038 -0.162 0.676 0.000 -0.732 -0.086 0.971 0.000 0.005 0.239 0.644 0.000 -0.761 -0.075 0.979 0.000 0.013 0.206 
0.749 0.037 0.018 -0.662 0.747 0.000 -0.665 -0.024 0.955 0.000 -0.097 -0.279 0.776 0.000 -0.627 -0.068 0.986 -0.000 -0.038 -0.161 0.676 0.000 -0.731 -0.089 0.970 -0.000 0.000 0.245 0.644 0.000 -0.762 -0.073 0.978 0.000 0.015 0.206 
0.749 0.038 0.018 -0.661 0.747 -0.000 -0.665 -0.024 0.955 0.000 -0.097 -0.281 0.776 0.000 -0.627 -0.067 0.986 0.000 -0.039 -0.160 0.676 -0.000 -0.731 -0.095 0.968 0.000 -0.002 0.253 0.644 0.000 -0.761 -0.071 0.979 0.000 0.015 0.206 
0.750 0.038 0.017 -0.660 0.747 0.000 -0.664 -0.024 0.954 0.000 -0.096 -0.283 0.776 0.000 -0.628 -0.066 0.986 0.000 -0.039 -0.159 0.673 0.000 -0.732 -0.101 0.965 0.000 -0.003 0.262 0.645 0.000 -0.761 -0.068 0.979 0.000 0.016 0.205 
0.751 0.037 0.017 -0.659 0.748 0.000 -0.664 -0.023 0.953 0.000 -0.096 -0.287 0.775 0.000 -0.629 -0.065 0.987 0.000 -0.039 -0.159 0.671 -0.000 -0.733 -0.108 0.962 0.000 -0.002 0.273 0.644 0.000 -0.762 -0.066 0.979 0.000 0.018 0.205 
0.752 0.037 0.016 -0.658 0.748 -0.000 -0.663 -0.022 0.952 0.000 -0.095 -0.289 0.775 0.000 -0.629 -0.064 0.987 0.000 -0.040 -0.158 0.668 0.000 -0.735 -0.115 0.959 0.000 0.001 0.284 0.644 0.000 -0.763 -0.062 0.979 0.000 0.020 0.204 
0.753 0.037 0.016 -0.657 0.749 -0.000 -0.662 -0.021 0.952 0.000 -0.094 -0.292 0.774 0.000 -0.630 -0.062 0.987 -0.000 -0.041 -0.157 0.666 0.000 -0.735 -0.126 0.954 -0.000 -0.002 0.299 0.644 -0.000 -0.763 -0.059 0.979 0.000 0.021 0.203 
0.754 0.037 0.015 -0.656 0.749 0.000 -0.662 -0.020 0.951 -0.000 -0.094 -0.294 0.774 0.000 -0.630 -0.061 0.987 0.000 -0.042 -0.156 0.665 0.000 -0.734 -0.138 0.949 0.000 -0.009 0.314 0.645 0.000 -0.762 -0.057 0.979 0.000 0.022 0.202 
0.754 0.038 0.015 -0.655 0.749 0.000 -0.662 -0.019 0.950 0.000 -0.093 -0.297 0.774 0.000 -0.630 -0.060 0.987 0.000 -0.042 -0.155 0.666 0.000 -0.730 -0.152 0.945 0.000 -0.023 0.328 0.645 0.000 -0.763 -0.054 0.979 -0.000 0.023 0.201 
0.755 0.038 0.014 -0.655 0.750 0.000 -0.662 -0.019 0.950 0.000 -0.092 -0.298 0.774 0.000 -0.631 -0.058 0.987 0.000 -0.043 -0.154 0.669 -0.000 -0.725 -0.166 0.939 -0.000 -0.040 0.341 0.645 0.000 -0.762 -0.051 0.980 0.000 0.024 0.199 
0.755 0.038 0.014 -0.654 0.750 0.000 -0.661 -0.018 0.949 0.000 -0.091 -0.301 0.774 0.000 -0.631 -0.057 0.987 0.000 -0.044 -0.153 0.671 -0.000 -0.719 -0.181 0.934 -0.000 -0.056 0.352 0.645 0.000 -0.762 -0.048 0.980 0.000 0.025 0.198 
0.756 0.039 0.013 -0.654 0.750 0.000 -0.661 -0.016 0.949 0.000 -0.090 -0.303 0.774 0.000 -0.631 -0.056 0.987 0.000 -0.045 -0.152 0.673 0.000 -0.714 -0.195 0.929 0.000 -0.072 0.362 0.646 0.000 -0.762 -0.045 0.980 0.000 0.026 0.196 
0.756 0.039 0.013 -0.653 0.750 0.000 -0.662 -0.015 0.948 -0.000 -0.089 -0.305 0.774 0.000 -0.631 -0.054 0.988 -0.000 -0.046 -0.150 0.675 0.000 -0.708 -0.207 0.926 -0.000 -0.087 0.369 0.647 0.000 -0.762 -0.041 0.980 -0.000 0.027 0.195 
0.757 0.040 0.012 -0.652 0.749 0.000 -0.662 -0.013 0.948 0.000 -0.087 -0.307 0.774 0.000 -0.630 -0.053 0.988 0.000 -0.047 -0.149 0.676 0.000 -0.704 -0.218 0.923 0.000 -0.099 0.372 0.648 0.000 -0.761 -0.038 0.981 0.000 0.027 0.193 
0.758 0.040 0.011 -0.651 0.749 0.000 -0.662 -0.012 0.948 0.000 -0.085 -0.307 0.775 0.000 -0.630 -0.052 0.988 0.000 -0.048 -0.147 0.677 0.000 -0.700 -0.227 0.921 -0.000 -0.109 0.374 0.649 0.000 -0.760 -0.034 0.981 0.000 0.029 0.192 
0.759 0.041 0.010 -0.650 0.749 0.000 -0.663 -0.010 0.947 0.000 -0.084 -0.309 0.775 0.000 -0.630 -0.051 0.988 0.000 -0.049 -0.145 0.678 0.000 -0.696 -0.237 0.920 0.000 -0.119 0.374 0.650 0.000 -0.760 -0.031 0.981 0.000 0.030 0.190 
0.760 0.041 0.009 -0.649 0.748 0.000 -0.663 -0.008 0.947 -0.000 -0.081 -0.310 0.775 0.000 -0.629 -0.049 0.988 -0.000 -0.049 -0.143 0.678 -0.000 -0.693 -0.246 0.919 -0.000 -0.127 0.373 0.651 0.000 -0.759 -0.027 0.982 -0.000 0.032 0.188 
0.761 0.042 0.008 -0.648 0.748 0.000 -0.664 -0.007 0.947 0.000 -0.079 -0.310 0.776 -0.000 -0.629 -0.049 0.989 -0.000 -0.050 -0.141 0.679 0.000 -0.689 -0.254 0.919 0.000 -0.134 0.369 0.651 0.000 -0.758 -0.024 0.982 0.000 0.034 0.187 
0.761 0.044 0.007 -0.647 0.746 0.000 -0.666 -0.006 0.947 -0.000 -0.078 -0.310 0.777 0.000 -0.628 -0.048 0.989 -0.000 -0.050 -0.139 0.679 0.000 -0.685 -0.264 0.920 -0.000 -0.142 0.365 0.653 0.000 -0.757 -0.022 0.982 0.000 0.035 0.186 
0.762 0.045 0.006 -0.647 0.746 0.000 -0.666 -0.003 0.947 -0.000 -0.076 -0.311 0.777 0.000 -0.627 -0.048 0.989 0.000 -0.051 -0.136 0.679 0.000 -0.681 -0.273 0.921 0.000 -0.150 0.360 0.654 0.000 -0.756 -0.019 0.982 0.000 0.037 0.185 
0.763 0.046 0.005 -0.645 0.745 -0.000 -0.667 -0.000 0.947 -0.000 -0.075 -0.311 0.778 0.000 -0.627 -0.048 0.990 0.000 -0.051 -0.134 0.680 0.000 -0.678 -0.280 0.923 0.000 -0.154 0.353 0.655 0.000 -0.756 -0.017 0.982 0.000 0.039 0.185 
0.763 0.046 0.004 -0.645 0.744 0.000 -0.668 0.002 0.948 0.000 -0.073 -0.311 0.778 0.000 -0.627 -0.047 0.990 0.000 -0.051 -0.131 0.680 -0.000 -0.675 -0.288 0.925 0.000 -0.156 0.346 0.655 -0.000 -0.755 -0.015 0.982 0.000 0.040 0.184 
0.764 0.047 0.004 -0.644 0.744 -0.000 -0.668 0.005 0.948 -0.000 -0.072 -0.310 0.778 -0.000 -0.627 -0.047 0.990 0.000 -0.051 -0.129 0.680 0.000 -0.671 -0.295 0.928 0.000 -0.157 0.339 0.656 -0.000 -0.755 -0.013 0.982 0.000 0.042 0.184 
0.764 0.048 0.003 -0.643 0.744 0.000 -0.669 0.007 0.948 0.000 -0.071 -0.309 0.778 0.000 -0.627 -0.047 0.991 0.000 -0.051 -0.127 0.678 0.000 -0.671 -0.301 0.931 0.000 -0.153 0.331 0.656 0.000 -0.755 -0.011 0.982 -0.000 0.045 0.184 
0.765 0.049 0.003 -0.642 0.743 0.000 -0.670 0.011 0.949 0.000 -0.069 -0.308 0.778 0.000 -0.626 -0.047 0.991 0.000 -0.050 -0.124 0.678 0.000 -0.667 -0.309 0.934 0.000 -0.153 0.324 0.656 0.000 -0.754 -0.009 0.982 0.000 0.047 0.184 
0.766 0.049 0.002 -0.641 0.742 0.000 -0.670 0.013 0.949 0.000 -0.068 -0.307 0.778 0.000 -0.626 -0.047 0.991 0.000 -0.050 -0.122 0.678 0.000 -0.665 -0.314 0.937 0.000 -0.148 0.315 0.656 0.000 -0.754 -0.006 0.982 0.000 0.049 0.183 
0.766 0.050 0.002 -0.641 0.742 -0.000 -0.670 0.017 0.950 0.000 -0.068 -0.306 0.778 -0.000 -0.627 -0.048 0.992 0.000 -0.049 -0.120 0.677 0.000 -0.663 -0.319 0.941 0.000 -0.144 0.307 0.656 0.000 -0.754 -0.004 0.982 0.000 0.052 0.183 
0.767 0.051 0.001 -0.640 0.742 -0.000 -0.670 0.021 0.950 0.000 -0.067 -0.305 0.778 -0.000 -0.627 -0.048 0.992 -0.000 -0.049 -0.118 0.675 0.000 -0.662 -0.325 0.945 0.000 -0.135 0.299 0.657 0.000 -0.754 -0.001 0.982 0.000 0.054 0.182 
0.768 0.051 0.001 -0.639 0.742 0.000 -0.670 0.024 0.951 0.000 -0.066 -0.302 0.777 0.000 -0.627 -0.048 0.992 0.000 -0.048 -0.117 0.674 0.000 -0.661 -0.330 0.948 0.000 -0.128 0.290 0.657 0.000 -0.753 0.001 0.982 0.000 0.055 0.182 
0.768 0.052 0.001 -0.638 0.742 0.000 -0.670 0.027 0.952 -0.000 -0.065 -0.300 0.777 0.000 -0.627 -0.049 0.992 0.000 -0.048 -0.115 0.674 0.000 -0.658 -0.335 0.952 -0.000 -0.123 0.282 0.658 0.000 -0.753 0.004 0.982 -0.000 0.056 0.181 
0.769 0.052 0.001 -0.637 0.742 0.000 -0.670 0.031 0.953 0.000 -0.064 -0.297 0.777 0.000 -0.628 -0.049 0.992 0.000 -0.047 -0.113 0.673 0.000 -0.656 -0.340 0.955 0.000 -0.115 0.273 0.658 0.000 -0.753 0.007 0.982 0.000 0.058 0.181 
0.770 0.052 0.001 -0.636 0.742 0.000 -0.670 0.034 0.953 -0.000 -0.064 -0.295 0.776 -0.000 -0.628 -0.050 0.993 0.000 -0.048 -0.112 0.673 -0.000 -0.654 -0.345 0.958 0.000 -0.106 0.265 0.659 -0.000 -0.752 0.009 0.982 0.000 0.058 0.181 
0.771 0.052 0.001 -0.635 0.742 -0.000 -0.670 0.037 0.954 0.000 -0.062 -0.292 0.776 0.000 -0.629 -0.050 0.993 0.000 -0.047 -0.111 0.673 -0.000 -0.652 -0.349 0.961 0.000 -0.099 0.257 0.660 0.000 -0.751 0.013 0.982 0.000 0.058 0.180 
0.772 0.052 0.001 -0.634 0.743 0.000 -0.669 0.040 0.955 0.000 -0.063 -0.289 0.775 0.000 -0.630 -0.051 0.993 -0.000 -0.048 -0.110 0.674 -0.000 -0.648 -0.354 0.964 0.000 -0.094 0.248 0.661 0.000 -0.750 0.017 0.982 0.000 0.058 0.179 
0.773 0.052 0.001 -0.632 0.742 0.000 -0.669 0.045 0.956 0.000 -0.061 -0.287 0.775 0.000 -0.630 -0.052 0.993 -0.000 -0.048 -0.109 0.674 0.000 -0.646 -0.358 0.967 0.000 -0.081 0.241 0.662 0.000 -0.750 0.019 0.982 0.000 0.059 0.178 
0.774 0.052 0.001 -0.631 0.742 -0.000 -0.668 0.048 0.957 0.000 -0.059 -0.284 0.775 0.000 -0.630 -0.053 0.993 0.000 -0.049 -0.109 0.674 0.000 -0.644 -0.362 0.970 0.000 -0.072 0.233 0.662 -0.000 -0.749 0.023 0.982 0.000 0.060 0.177 
0.775 0.051 0.002 -0.630 0.743 0.000 -0.668 0.051 0.958 0.000 -0.058 -0.281 0.774 0.000 -0.631 -0.054 0.993 0.000 -0.049 -0.108 0.673 0.000 -0.643 -0.365 0.972 0.000 -0.062 0.225 0.662 0.000 -0.749 0.026 0.983 0.000 0.060 0.176 
0.777 0.052 0.002 -0.628 0.742 -0.000 -0.668 0.055 0.959 0.000 -0.056 -0.279 0.774 -0.000 -0.631 -0.056 0.993 0.000 -0.050 -0.108 0.673 -0.000 -0.641 -0.368 0.975 0.000 -0.052 0.217 0.665 0.000 -0.746 0.028 0.983 0.000 0.059 0.176 
0.778 0.051 0.002 -0.626 0.742 0.000 -0.667 0.058 0.960 0.000 -0.054 -0.275 0.773 0.000 -0.632 -0.057 0.993 0.000 -0.051 -0.107 0.673 0.000 -0.640 -0.371 0.977 -0.000 -0.040 0.211 0.665 0.000 -0.746 0.032 0.983 0.000 0.062 0.175 
0.780 0.051 0.002 -0.624 0.742 0.000 -0.667 0.061 0.961 0.000 -0.052 -0.273 0.772 0.000 -0.632 -0.058 0.993 0.000 -0.051 -0.107 0.673 0.000 -0.637 -0.374 0.979 0.000 -0.033 0.203 0.666 0.000 -0.745 0.036 0.983 -0.000 0.062 0.174 
0.781 0.050 0.003 -0.623 0.742 0.000 -0.667 0.065 0.962 0.000 -0.051 -0.268 0.772 0.000 -0.633 -0.059 0.993 0.000 -0.052 -0.107 0.675 -0.000 -0.634 -0.378 0.980 0.000 -0.026 0.197 0.666 -0.000 -0.745 0.039 0.983 0.000 0.064 0.173 
0.782 0.050 0.003 -0.621 0.742 0.000 -0.666 0.068 0.963 0.000 -0.049 -0.266 0.772 0.000 -0.633 -0.060 0.993 0.000 -0.054 -0.108 0.676 0.000 -0.631 -0.381 0.982 0.000 -0.019 0.190 0.664 0.000 -0.746 0.043 0.983 0.000 0.069 0.172 
0.784 0.050 0.004 -0.619 0.742 0.000 -0.666 0.071 0.964 0.000 -0.047 -0.262 0.771 0.000 -0.634 -0.061 0.993 -0.000 -0.055 -0.109 0.676 -0.000 -0.628 -0.385 0.983 0.000 -0.012 0.184 0.664 0.000 -0.746 0.046 0.983 -0.000 0.070 0.172 
0.786 0.049 0.004 -0.617 0.742 0.000 -0.666 0.076 0.965 0.000 -0.045 -0.260 0.771 0.000 -0.634 -0.062 0.992 0.000 -0.059 -0.109 0.677 0.000 -0.625 -0.387 0.984 0.000 -0.005 0.179 0.664 0.000 -0.746 0.050 0.982 0.000 0.073 0.172 
0.787 0.048 0.005 -0.615 0.742 0.000 -0.665 0.078 0.966 0.000 -0.042 -0.257 0.770 0.000 -0.635 -0.063 0.992 0.000 -0.060 -0.110 0.678 0.000 -0.622 -0.391 0.984 0.000 0.002 0.176 0.664 0.000 -0.746 0.053 0.982 0.000 0.075 0.171 
0.788 0.048 0.005 -0.613 0.742 0.000 -0.665 0.081 0.966 -0.000 -0.040 -0.254 0.770 0.000 -0.635 -0.065 0.992 0.000 -0.062 -0.110 0.679 0.000 -0.619 -0.396 0.985 0.000 0.007 0.173 0.665 0.000 -0.745 0.056 0.982 -0.000 0.074 0.171 
0.791 0.047 0.006 -0.611 0.742 0.000 -0.665 0.084 0.967 -0.000 -0.037 -0.251 0.769 0.000 -0.636 -0.066 0.992 0.000 -0.064 -0.111 0.680 0.000 -0.616 -0.397 0.986 0.000 0.014 0.168 0.665 0.000 -0.745 0.060 0.982 0.000 0.078 0.171 
0.792 0.046 0.006 -0.608 0.742 0.000 -0.664 0.087 0.968 0.000 -0.035 -0.247 0.769 0.000 -0.636 -0.067 0.992 0.000 -0.066 -0.112 0.681 0.000 -0.614 -0.399 0.986 0.000 0.020 0.163 0.665 0.000 -0.744 0.063 0.982 -0.000 0.079 0.171 
0.794 0.046 0.007 -0.606 0.742 0.000 -0.664 0.090 0.969 0.000 -0.033 -0.244 0.768 -0.000 -0.637 -0.068 0.991 0.000 -0.067 -0.112 0.683 0.000 -0.611 -0.401 0.987 0.000 0.024 0.159 0.666 0.000 -0.743 0.066 0.982 0.000 0.081 0.171 
0.796 0.045 0.008 -0.604 0.742 0.000 -0.663 0.094 0.970 0.000 -0.030 -0.242 0.767 -0.000 -0.637 -0.070 0.991 0.000 -0.069 -0.114 0.684 0.000 -0.609 -0.402 0.988 0.000 0.028 0.155 0.666 -0.000 -0.743 0.069 0.982 0.000 0.082 0.171 
0.798 0.045 0.008 -0.601 0.742 0.000 -0.663 0.097 0.971 0.000 -0.028 -0.239 0.767 0.000 -0.638 -0.071 0.991 0.000 -0.071 -0.114 0.686 0.000 -0.607 -0.403 0.988 0.000 0.032 0.151 0.668 -0.000 -0.741 0.072 0.982 0.000 0.083 0.170 
0.800 0.044 0.008 -0.599 0.742 0.000 -0.663 0.099 0.971 0.000 -0.026 -0.236 0.765 0.000 -0.640 -0.072 0.991 0.000 -0.069 -0.116 0.687 0.000 -0.605 -0.403 0.988 0.000 0.036 0.147 0.668 0.000 -0.740 0.076 0.982 0.000 0.086 0.170 
0.801 0.044 0.009 -0.596 0.742 0.000 -0.663 0.102 0.972 0.000 -0.025 -0.234 0.766 0.000 -0.639 -0.073 0.990 0.000 -0.074 -0.116 0.688 0.000 -0.603 -0.404 0.989 0.000 0.038 0.144 0.669 0.000 -0.739 0.079 0.982 0.000 0.088 0.168 
0.804 0.043 0.009 -0.594 0.742 0.000 -0.662 0.105 0.972 0.000 -0.023 -0.232 0.766 0.000 -0.639 -0.074 0.990 -0.000 -0.075 -0.117 0.689 0.000 -0.602 -0.404 0.989 0.000 0.040 0.141 0.670 0.000 -0.738 0.083 0.982 0.000 0.092 0.167 
0.805 0.043 0.009 -0.591 0.741 0.000 -0.662 0.108 0.973 0.000 -0.021 -0.231 0.765 0.000 -0.639 -0.076 0.990 0.000 -0.076 -0.118 0.690 0.000 -0.600 -0.405 0.989 0.000 0.043 0.140 0.671 0.000 -0.737 0.087 0.982 0.000 0.095 0.165 
0.807 0.043 0.009 -0.589 0.742 0.000 -0.661 0.110 0.973 -0.000 -0.021 -0.229 0.764 0.000 -0.641 -0.077 0.990 0.000 -0.076 -0.119 0.691 0.000 -0.598 -0.405 0.989 0.000 0.043 0.139 0.671 0.000 -0.736 0.090 0.982 0.000 0.099 0.162 
0.809 0.042 0.009 -0.586 0.742 0.000 -0.661 0.113 0.973 0.000 -0.021 -0.228 0.765 0.000 -0.640 -0.078 0.990 0.000 -0.080 -0.120 0.692 0.000 -0.598 -0.405 0.989 0.000 0.044 0.139 0.672 0.000 -0.734 0.094 0.982 0.000 0.102 0.159 
0.811 0.042 0.010 -0.583 0.742 0.000 -0.660 0.116 0.974 0.000 -0.019 -0.227 0.764 0.000 -0.640 -0.080 0.989 0.000 -0.081 -0.120 0.692 0.000 -0.597 -0.406 0.989 0.000 0.044 0.139 0.673 0.000 -0.733 0.098 0.982 0.000 0.106 0.156 
0.813 0.041 0.010 -0.580 0.742 0.000 -0.660 0.119 0.974 0.000 -0.018 -0.225 0.763 0.000 -0.642 -0.080 0.989 0.000 -0.080 -0.120 0.693 0.000 -0.597 -0.404 0.989 0.000 0.044 0.138 0.673 0.000 -0.732 0.103 0.982 -0.000 0.110 0.151 
0.815 0.041 0.011 -0.578 0.742 0.000 -0.659 0.120 0.975 0.000 -0.018 -0.222 0.762 0.000 -0.643 -0.082 0.989 0.000 -0.081 -0.121 0.694 0.000 -0.595 -0.405 0.989 -0.000 0.042 0.140 0.673 0.000 -0.732 0.106 0.982 0.000 0.114 0.148 
0.817 0.041 0.011 -0.575 0.742 0.000 -0.659 0.123 0.975 0.000 -0.017 -0.222 0.761 -0.000 -0.643 -0.084 0.989 0.000 -0.082 -0.121 0.694 0.000 -0.596 -0.404 0.989 0.000 0.041 0.140 0.674 0.000 -0.730 0.111 0.982 0.000 0.119 0.144 
0.818 0.040 0.012 -0.574 0.743 -0.000 -0.658 0.125 0.975 0.000 -0.016 -0.220 0.760 0.000 -0.644 -0.085 0.989 0.000 -0.083 -0.122 0.695 0.000 -0.594 -0.404 0.989 -0.000 0.038 0.142 0.674 0.000 -0.730 0.114 0.982 -0.000 0.122 0.141 
0.820 0.040 0.012 -0.571 0.743 0.000 -0.657 0.126 0.976 0.000 -0.015 -0.218 0.760 0.000 -0.644 -0.087 0.989 0.000 -0.087 -0.121 0.696 -0.000 -0.595 -0.403 0.989 0.000 0.036 0.143 0.675 0.000 -0.729 0.119 0.983 0.000 0.126 0.137 
0.821 0.039 0.013 -0.569 0.744 -0.000 -0.656 0.127 0.976 0.000 -0.014 -0.216 0.760 0.000 -0.644 -0.089 0.989 0.000 -0.089 -0.122 0.697 -0.000 -0.594 -0.402 0.989 0.000 0.032 0.145 0.675 0.000 -0.728 0.122 0.983 0.000 0.129 0.133 
0.823 0.038 0.014 -0.567 0.744 0.000 -0.656 0.128 0.977 0.000 -0.013 -0.214 0.758 0.000 -0.647 -0.089 0.989 0.000 -0.086 -0.124 0.697 0.000 -0.594 -0.401 0.989 0.000 0.029 0.147 0.675 0.000 -0.727 0.127 0.983 0.000 0.133 0.130 
0.824 0.038 0.015 -0.565 0.744 0.000 -0.655 0.128 0.977 0.000 -0.011 -0.212 0.757 0.000 -0.647 -0.091 0.988 0.000 -0.088 -0.123 0.698 0.000 -0.595 -0.399 0.989 0.000 0.026 0.149 0.676 -0.000 -0.725 0.131 0.983 0.000 0.136 0.126 
0.826 0.037 0.016 -0.563 0.745 0.000 -0.654 0.129 0.978 0.000 -0.011 -0.210 0.757 0.000 -0.647 -0.092 0.988 0.000 -0.092 -0.123 0.698 0.000 -0.597 -0.396 0.988 0.000 0.023 0.150 0.676 0.000 -0.725 0.135 0.983 -0.000 0.140 0.123 
0.827 0.036 0.017 -0.561 0.746 -0.000 -0.653 0.130 0.978 0.000 -0.010 -0.209 0.755 0.000 -0.649 -0.093 0.988 0.000 -0.090 -0.124 0.699 -0.000 -0.598 -0.392 0.988 0.000 0.024 0.151 0.675 0.000 -0.724 0.140 0.982 0.000 0.143 0.120 
0.828 0.035 0.018 -0.559 0.746 0.000 -0.653 0.130 0.978 0.000 -0.008 -0.207 0.754 0.000 -0.651 -0.093 0.988 -0.000 -0.091 -0.124 0.699 -0.000 -0.602 -0.386 0.988 0.000 0.026 0.151 0.676 0.000 -0.723 0.145 0.982 0.000 0.147 0.118 
0.830 0.033 0.019 -0.557 0.747 0.000 -0.652 0.131 0.979 0.000 -0.006 -0.206 0.753 0.000 -0.652 -0.094 0.988 0.000 -0.093 -0.125 0.699 0.000 -0.605 -0.381 0.988 0.000 0.029 0.150 0.680 0.000 -0.718 0.149 0.983 0.000 0.141 0.117 
0.830 0.032 0.021 -0.556 0.748 -0.000 -0.651 0.130 0.979 0.000 -0.004 -0.204 0.751 0.000 -0.653 -0.094 0.988 0.000 -0.094 -0.126 0.699 -0.000 -0.608 -0.376 0.988 0.000 0.033 0.149 0.679 0.000 -0.718 0.153 0.983 0.000 0.143 0.116 
0.832 0.030 0.023 -0.554 0.749 0.000 -0.650 0.131 0.979 0.000 -0.004 -0.204 0.750 -0.000 -0.654 -0.093 0.987 0.000 -0.095 -0.126 0.699 0.000 -0.613 -0.369 0.988 0.000 0.038 0.147 0.680 0.000 -0.716 0.157 0.982 0.000 0.145 0.117 
0.832 0.029 0.024 -0.553 0.749 0.000 -0.649 0.131 0.979 0.000 -0.003 -0.203 0.750 0.000 -0.655 -0.094 0.987 -0.000 -0.097 -0.127 0.698 0.000 -0.617 -0.363 0.988 0.000 0.042 0.146 0.681 0.000 -0.715 0.160 0.983 0.000 0.142 0.117 
0.833 0.028 0.024 -0.552 0.750 0.000 -0.649 0.130 0.979 0.000 -0.002 -0.202 0.750 0.000 -0.655 -0.093 0.987 -0.000 -0.098 -0.127 0.697 0.000 -0.621 -0.358 0.988 0.000 0.045 0.145 0.682 0.000 -0.713 0.163 0.981 0.000 0.148 0.122 
0.833 0.027 0.025 -0.552 0.750 0.000 -0.648 0.130 0.980 -0.000 -0.001 -0.201 0.749 0.000 -0.656 -0.093 0.987 0.000 -0.098 -0.127 0.696 0.000 -0.624 -0.354 0.988 0.000 0.045 0.145 0.683 -0.000 -0.711 0.165 0.981 -0.000 0.149 0.125 
0.833 0.027 0.026 -0.553 0.751 0.000 -0.648 0.129 0.980 0.000 -0.001 -0.199 0.752 0.000 -0.653 -0.090 0.985 -0.000 -0.107 -0.133 0.695 0.000 -0.627 -0.352 0.988 0.000 0.045 0.146 0.685 0.000 -0.710 0.166 0.980 0.000 0.150 0.130 
0.833 0.027 0.025 -0.552 0.750 0.000 -0.649 0.129 0.980 0.000 -0.001 -0.198 0.753 0.000 -0.652 -0.088 0.986 0.000 -0.102 -0.132 0.692 0.000 -0.633 -0.346 0.988 0.000 0.047 0.145 0.687 -0.000 -0.707 0.168 0.979 0.000 0.152 0.134 
0.832 0.027 0.024 -0.554 0.750 0.000 -0.650 0.127 0.980 0.000 -0.001 -0.198 0.754 0.000 -0.651 -0.088 0.986 -0.000 -0.100 -0.133 0.689 -0.000 -0.637 -0.345 0.988 -0.000 0.047 0.146 0.689 0.000 -0.705 0.167 0.978 0.000 0.153 0.141 
0.831 0.027 0.023 -0.555 0.749 0.000 -0.651 0.125 0.980 0.000 -0.001 -0.197 0.755 0.000 -0.650 -0.086 0.986 0.000 -0.100 -0.134 0.687 0.000 -0.642 -0.341 0.988 0.000 0.047 0.145 0.691 0.000 -0.703 0.167 0.977 0.000 0.155 0.149 
0.829 0.028 0.022 -0.557 0.749 0.000 -0.651 0.123 0.981 0.000 -0.002 -0.196 0.757 0.000 -0.648 -0.085 0.986 0.000 -0.100 -0.135 0.684 0.000 -0.646 -0.339 0.988 0.000 0.045 0.146 0.693 0.000 -0.701 0.167 0.975 0.000 0.157 0.157 
0.828 0.028 0.021 -0.560 0.748 0.000 -0.652 0.120 0.981 0.000 -0.002 -0.196 0.757 0.000 -0.648 -0.082 0.986 0.000 -0.098 -0.137 0.682 -0.000 -0.650 -0.336 0.988 0.000 0.042 0.146 0.696 0.000 -0.698 0.165 0.973 0.000 0.157 0.167 
0.826 0.029 0.020 -0.562 0.749 0.000 -0.653 0.116 0.981 0.000 -0.003 -0.195 0.759 0.000 -0.646 -0.084 0.986 0.000 -0.100 -0.133 0.680 0.000 -0.652 -0.334 0.989 0.000 0.037 0.146 0.699 0.000 -0.697 0.163 0.972 0.000 0.155 0.175 
0.825 0.029 0.021 -0.564 0.750 0.000 -0.652 0.112 0.981 0.000 -0.004 -0.195 0.759 0.000 -0.645 -0.083 0.986 0.000 -0.099 -0.134 0.680 0.000 -0.654 -0.333 0.989 -0.000 0.032 0.147 0.699 0.000 -0.697 0.157 0.969 -0.000 0.156 0.192 
0.823 0.028 0.020 -0.567 0.750 0.000 -0.652 0.108 0.981 0.000 -0.004 -0.195 0.759 0.000 -0.646 -0.082 0.986 0.000 -0.096 -0.134 0.677 0.000 -0.657 -0.330 0.989 -0.000 0.030 0.148 0.702 0.000 -0.696 0.154 0.967 0.000 0.152 0.206 
0.820 0.028 0.020 -0.571 0.751 0.000 -0.652 0.104 0.981 0.000 -0.005 -0.196 0.760 -0.000 -0.645 -0.080 0.986 0.000 -0.095 -0.134 0.676 -0.000 -0.660 -0.327 0.989 0.000 0.026 0.148 0.704 0.000 -0.695 0.150 0.964 0.000 0.146 0.220 
0.818 0.028 0.019 -0.574 0.752 0.000 -0.652 0.099 0.981 0.000 -0.006 -0.196 0.760 0.000 -0.645 -0.078 0.987 0.000 -0.093 -0.135 0.674 0.000 -0.664 -0.323 0.989 0.000 0.024 0.148 0.706 0.000 -0.694 0.145 0.961 0.000 0.143 0.234 
0.815 0.028 0.019 -0.579 0.753 0.000 -0.652 0.093 0.981 0.000 -0.007 -0.196 0.761 -0.000 -0.645 -0.077 0.987 0.000 -0.090 -0.135 0.671 -0.000 -0.667 -0.323 0.988 0.000 0.021 0.151 0.707 -0.000 -0.694 0.139 0.958 -0.000 0.139 0.251 
0.813 0.027 0.018 -0.581 0.754 0.000 -0.651 0.088 0.980 0.000 -0.008 -0.197 0.761 -0.000 -0.645 -0.076 0.987 0.000 -0.088 -0.134 0.670 0.000 -0.671 -0.317 0.989 -0.000 0.019 0.150 0.708 0.000 -0.693 0.133 0.954 0.000 0.136 0.267 
0.810 0.027 0.017 -0.585 0.754 0.000 -0.651 0.084 0.980 0.000 -0.010 -0.199 0.761 0.000 -0.644 -0.075 0.987 0.000 -0.086 -0.134 0.668 0.000 -0.676 -0.312 0.989 0.000 0.017 0.149 0.709 0.000 -0.694 0.126 0.950 0.000 0.133 0.284 
0.808 0.025 0.017 -0.589 0.756 0.000 -0.650 0.078 0.980 0.000 -0.011 -0.201 0.761 0.000 -0.645 -0.073 0.988 0.000 -0.084 -0.133 0.667 0.000 -0.680 -0.305 0.989 0.000 0.016 0.147 0.705 0.000 -0.699 0.119 0.944 0.000 0.135 0.301 
0.805 0.025 0.016 -0.592 0.757 0.000 -0.650 0.073 0.979 0.000 -0.012 -0.203 0.761 0.000 -0.645 -0.073 0.988 0.000 -0.081 -0.133 0.665 0.000 -0.684 -0.300 0.989 0.000 0.014 0.147 0.704 0.000 -0.702 0.112 0.938 0.000 0.137 0.319 
0.803 0.025 0.015 -0.595 0.757 0.000 -0.650 0.068 0.979 0.000 -0.013 -0.205 0.762 -0.000 -0.644 -0.073 0.988 0.000 -0.080 -0.131 0.663 0.000 -0.689 -0.294 0.989 0.000 0.012 0.146 0.703 0.000 -0.704 0.103 0.932 -0.000 0.135 0.337 
0.801 0.024 0.013 -0.598 0.758 0.000 -0.649 0.064 0.978 0.000 -0.015 -0.210 0.762 0.000 -0.644 -0.072 0.988 0.000 -0.080 -0.129 0.661 0.000 -0.693 -0.288 0.989 0.000 0.012 0.145 0.703 0.000 -0.705 0.094 0.925 0.000 0.132 0.355 
0.799 0.024 0.012 -0.601 0.758 -0.000 -0.649 0.060 0.977 0.000 -0.016 -0.214 0.762 0.000 -0.643 -0.072 0.989 0.000 -0.075 -0.130 0.658 -0.000 -0.697 -0.283 0.989 -0.000 0.010 0.146 0.704 0.000 -0.705 0.084 0.919 0.000 0.123 0.373 
0.797 0.023 0.011 -0.604 0.760 0.000 -0.648 0.056 0.976 0.000 -0.018 -0.218 0.762 -0.000 -0.643 -0.072 0.989 0.000 -0.077 -0.128 0.656 0.000 -0.702 -0.276 0.989 0.000 0.009 0.145 0.703 0.000 -0.707 0.075 0.913 0.000 0.120 0.389 
0.795 0.022 0.011 -0.606 0.761 0.000 -0.647 0.052 0.975 0.000 -0.018 -0.223 0.762 0.000 -0.643 -0.072 0.989 -0.000 -0.075 -0.128 0.654 0.000 -0.706 -0.272 0.989 0.000 0.009 0.146 0.702 -0.000 -0.709 0.066 0.907 0.000 0.115 0.405 
0.793 0.021 0.010 -0.609 0.762 0.000 -0.646 0.048 0.973 0.000 -0.019 -0.228 0.763 0.000 -0.643 -0.072 0.989 0.000 -0.074 -0.128 0.652 0.000 -0.710 -0.266 0.989 -0.000 0.010 0.147 0.702 0.000 -0.710 0.056 0.901 0.000 0.109 0.419 
0.791 0.020 0.010 -0.612 0.763 0.000 -0.645 0.043 0.972 0.000 -0.021 -0.233 0.762 0.000 -0.643 -0.072 0.989 0.000 -0.073 -0.128 0.651 0.000 -0.713 -0.261 0.989 0.000 0.010 0.149 0.701 0.000 -0.712 0.046 0.896 0.000 0.101 0.432 
0.789 0.019 0.009 -0.614 0.764 0.000 -0.644 0.040 0.971 0.000 -0.022 -0.239 0.762 0.000 -0.643 -0.072 0.989 0.000 -0.072 -0.129 0.649 0.000 -0.717 -0.255 0.989 -0.000 0.011 0.149 0.696 0.000 -0.717 0.039 0.892 0.000 0.103 0.441 
0.787 0.019 0.009 -0.616 0.765 0.000 -0.643 0.037 0.969 0.000 -0.024 -0.246 0.762 0.000 -0.643 -0.073 0.989 -0.000 -0.071 -0.129 0.648 0.000 -0.720 -0.249 0.989 -0.000 0.012 0.150 0.695 0.000 -0.719 0.029 0.887 -0.000 0.096 0.451 
0.786 0.018 0.008 -0.618 0.766 0.000 -0.642 0.033 0.968 0.000 -0.025 -0.251 0.763 0.000 -0.643 -0.073 0.989 0.000 -0.070 -0.130 0.647 0.000 -0.723 -0.242 0.989 0.000 0.012 0.150 0.693 0.000 -0.720 0.019 0.884 0.000 0.090 0.459 
0.784 0.017 0.007 -0.620 0.767 0.000 -0.641 0.029 0.966 0.000 -0.026 -0.256 0.763 0.000 -0.642 -0.074 0.989 0.000 -0.069 -0.130 0.646 0.000 -0.726 -0.236 0.989 -0.000 0.011 0.149 0.692 0.000 -0.722 0.009 0.881 0.000 0.083 0.466 
0.783 0.016 0.007 -0.622 0.768 0.000 -0.640 0.026 0.965 -0.000 -0.027 -0.262 0.763 -0.000 -0.642 -0.076 0.989 0.000 -0.068 -0.130 0.646 -0.000 -0.728 -0.228 0.989 0.000 0.010 0.148 0.690 0.000 -0.724 -0.001 0.878 0.000 0.077 0.472 
0.782 0.016 0.007 -0.623 0.769 0.000 -0.639 0.022 0.963 0.000 -0.027 -0.267 0.763 0.000 -0.642 -0.077 0.989 -0.000 -0.067 -0.131 0.646 0.000 -0.731 -0.222 0.989 0.000 0.009 0.147 0.688 -0.000 -0.725 -0.012 0.877 0.000 0.070 0.476 
0.781 0.015 0.007 -0.625 0.770 0.000 -0.638 0.018 0.961 -0.000 -0.028 -0.275 0.763 0.000 -0.642 -0.079 0.989 -0.000 -0.066 -0.132 0.646 0.000 -0.732 -0.216 0.989 0.000 0.008 0.145 0.691 0.000 -0.723 -0.026 0.875 -0.000 0.052 0.481 
0.779 0.014 0.007 -0.626 0.771 0.000 -0.637 0.014 0.959 0.000 -0.029 -0.281 0.763 -0.000 -0.642 -0.080 0.989 0.000 -0.064 -0.133 0.646 0.000 -0.734 -0.210 0.990 0.000 0.006 0.144 0.689 0.000 -0.724 -0.038 0.874 0.000 0.044 0.483 
0.778 0.014 0.006 -0.628 0.772 0.000 -0.636 0.010 0.958 0.000 -0.030 -0.286 0.763 0.000 -0.642 -0.082 0.989 0.000 -0.063 -0.133 0.646 -0.000 -0.736 -0.201 0.990 0.000 0.007 0.141 0.688 0.000 -0.724 -0.049 0.874 0.000 0.036 0.484 
0.777 0.013 0.007 -0.629 0.773 -0.000 -0.635 0.006 0.956 -0.000 -0.030 -0.291 0.762 -0.000 -0.642 -0.083 0.989 0.000 -0.062 -0.134 0.646 0.000 -0.738 -0.195 0.990 -0.000 0.006 0.139 0.687 0.000 -0.724 -0.060 0.875 -0.000 0.027 0.484 
0.775 0.012 0.007 -0.631 0.774 0.000 -0.634 0.002 0.955 -0.000 -0.031 -0.296 0.762 0.000 -0.642 -0.085 0.989 0.000 -0.060 -0.136 0.647 0.000 -0.739 -0.188 0.991 0.000 0.006 0.136 0.686 0.000 -0.724 -0.071 0.876 0.000 0.019 0.482 
0.773 0.012 0.007 -0.634 0.774 0.000 -0.633 -0.001 0.953 -0.000 -0.032 -0.302 0.762 0.000 -0.642 -0.086 0.989 0.000 -0.059 -0.137 0.646 0.000 -0.741 -0.182 0.991 -0.000 0.007 0.135 0.683 0.000 -0.726 -0.078 0.879 -0.000 0.016 0.477 
0.772 0.011 0.008 -0.636 0.775 0.000 -0.632 -0.004 0.951 -0.000 -0.033 -0.308 0.762 0.000 -0.642 -0.087 0.989 0.000 -0.058 -0.139 0.646 0.000 -0.743 -0.176 0.991 0.000 0.009 0.133 0.680 0.000 -0.728 -0.088 0.881 -0.000 0.012 0.473 
0.770 0.010 0.009 -0.638 0.776 0.000 -0.630 -0.008 0.949 0.000 -0.035 -0.313 0.762 0.000 -0.642 -0.088 0.988 0.000 -0.057 -0.141 0.646 -0.000 -0.744 -0.170 0.991 0.000 0.011 0.132 0.679 0.000 -0.727 -0.098 0.883 0.000 0.005 0.470 
0.768 0.009 0.009 -0.640 0.777 0.000 -0.629 -0.012 0.947 -0.000 -0.037 -0.319 0.761 0.000 -0.642 -0.089 0.988 -0.000 -0.056 -0.142 0.646 0.000 -0.746 -0.164 0.991 0.000 0.012 0.130 0.678 0.000 -0.727 -0.107 0.886 0.000 -0.002 0.464 
0.766 0.009 0.010 -0.642 0.778 0.000 -0.628 -0.015 0.945 0.000 -0.038 -0.324 0.761 0.000 -0.642 -0.090 0.988 -0.000 -0.055 -0.145 0.645 0.000 -0.747 -0.159 0.992 0.000 0.015 0.129 0.677 -0.000 -0.727 -0.117 0.890 -0.000 -0.009 0.457 
0.765 0.008 0.011 -0.644 0.779 0.000 -0.626 -0.017 0.943 0.000 -0.040 -0.330 0.761 -0.000 -0.643 -0.091 0.988 0.000 -0.054 -0.147 0.646 0.000 -0.748 -0.154 0.992 0.000 0.016 0.128 0.676 0.000 -0.726 -0.127 0.893 0.000 -0.017 0.449 
0.763 0.007 0.012 -0.646 0.780 0.000 -0.625 -0.021 0.941 -0.000 -0.042 -0.335 0.760 -0.000 -0.643 -0.092 0.987 0.000 -0.053 -0.151 0.646 -0.000 -0.749 -0.149 0.992 0.000 0.019 0.127 0.675 0.000 -0.725 -0.136 0.897 0.000 -0.023 0.441 
0.762 0.006 0.014 -0.648 0.782 0.000 -0.623 -0.023 0.939 0.000 -0.044 -0.340 0.760 0.000 -0.643 -0.093 0.987 0.000 -0.052 -0.153 0.646 0.000 -0.750 -0.144 0.992 0.000 0.020 0.126 0.674 0.000 -0.725 -0.145 0.901 0.000 -0.026 0.434 
0.760 0.006 0.015 -0.650 0.783 0.000 -0.622 -0.026 0.938 0.000 -0.046 -0.345 0.760 0.000 -0.643 -0.094 0.987 0.000 -0.053 -0.155 0.646 0.000 -0.750 -0.140 0.992 0.000 0.022 0.124 0.673 0.000 -0.724 -0.155 0.905 0.000 -0.032 0.425 
0.759 0.005 0.016 -0.651 0.784 0.000 -0.620 -0.028 0.936 -0.000 -0.048 -0.349 0.759 -0.000 -0.644 -0.095 0.986 0.000 -0.051 -0.157 0.647 -0.000 -0.751 -0.135 0.992 -0.000 0.023 0.123 0.671 0.000 -0.723 -0.164 0.908 0.000 -0.037 0.417 
0.758 0.005 0.018 -0.652 0.785 0.000 -0.619 -0.030 0.934 0.000 -0.051 -0.353 0.759 -0.000 -0.644 -0.096 0.986 0.000 -0.051 -0.160 0.648 0.000 -0.751 -0.131 0.992 0.000 0.024 0.122 0.671 0.000 -0.721 -0.173 0.912 0.000 -0.040 0.409 
0.757 0.004 0.019 -0.654 0.786 0.000 -0.618 -0.032 0.933 0.000 -0.052 -0.357 0.759 0.000 -0.644 -0.097 0.985 0.000 -0.051 -0.162 0.648 0.000 -0.751 -0.126 0.992 0.000 0.026 0.121 0.670 0.000 -0.720 -0.182 0.916 0.000 -0.045 0.400 
0.755 0.004 0.019 -0.655 0.786 0.000 -0.618 -0.035 0.932 0.000 -0.054 -0.360 0.759 -0.000 -0.643 -0.098 0.985 0.000 -0.051 -0.165 0.648 0.000 -0.752 -0.122 0.992 0.000 0.026 0.120 0.675 0.000 -0.714 -0.189 0.920 0.000 -0.051 0.389 
0.755 0.002 0.022 -0.656 0.787 0.000 -0.615 -0.036 0.930 0.000 -0.056 -0.363 0.758 0.000 -0.644 -0.099 0.984 -0.000 -0.052 -0.168 0.650 0.000 -0.750 -0.117 0.993 0.000 0.026 0.118 0.670 0.000 -0.715 -0.198 0.923 0.000 -0.052 0.380 
0.754 0.002 0.023 -0.657 0.788 -0.000 -0.614 -0.038 0.929 0.000 -0.059 -0.366 0.758 0.000 -0.645 -0.100 0.984 0.000 -0.051 -0.170 0.651 0.000 -0.750 -0.113 0.993 -0.000 0.027 0.118 0.669 0.000 -0.714 -0.205 0.927 0.000 -0.064 0.369 
0.753 0.001 0.024 -0.658 0.789 0.000 -0.613 -0.040 0.928 0.000 -0.060 -0.368 0.757 0.000 -0.645 -0.101 0.984 0.000 -0.051 -0.173 0.653 0.000 -0.750 -0.109 0.993 0.000 0.027 0.117 0.668 0.000 -0.713 -0.213 0.931 -0.000 -0.066 0.359 
0.752 0.001 0.025 -0.658 0.789 0.000 -0.612 -0.042 0.927 0.000 -0.061 -0.370 0.757 -0.000 -0.645 -0.102 0.983 0.000 -0.051 -0.175 0.654 0.000 -0.749 -0.106 0.993 0.000 0.027 0.116 0.668 0.000 -0.711 -0.220 0.935 0.000 -0.069 0.349 
0.752 0.000 0.026 -0.659 0.790 0.000 -0.612 -0.042 0.926 0.000 -0.064 -0.372 0.757 0.000 -0.646 -0.103 0.983 -0.000 -0.051 -0.178 0.655 0.000 -0.748 -0.103 0.993 0.000 0.027 0.117 0.667 0.000 -0.710 -0.226 0.939 -0.000 -0.068 0.338 
0.751 0.000 0.027 -0.660 0.791 0.000 -0.611 -0.044 0.925 0.000 -0.067 -0.373 0.756 0.000 -0.646 -0.104 0.982 0.000 -0.051 -0.181 0.656 0.000 -0.748 -0.100 0.993 0.000 0.026 0.116 0.666 0.000 -0.709 -0.232 0.942 -0.000 -0.068 0.329 
0.750 -0.000 0.028 -0.660 0.791 0.000 -0.611 -0.045 0.925 -0.000 -0.068 -0.373 0.756 0.000 -0.646 -0.104 0.982 0.000 -0.051 -0.183 0.656 0.000 -0.749 -0.096 0.993 0.000 0.029 0.117 0.666 0.000 -0.708 -0.237 0.945 0.000 -0.066 0.319 
0.750 -0.001 0.029 -0.661 0.790 0.000 -0.611 -0.047 0.925 -0.000 -0.070 -0.373 0.756 0.000 -0.646 -0.105 0.981 0.000 -0.051 -0.185 0.656 0.000 -0.749 -0.094 0.993 0.000 0.029 0.117 0.665 0.000 -0.707 -0.242 0.948 0.000 -0.064 0.310 
0.749 -0.001 0.030 -0.662 0.791 0.000 -0.610 -0.047 0.925 0.000 -0.072 -0.373 0.756 -0.000 -0.646 -0.105 0.981 -0.000 -0.051 -0.187 0.657 0.000 -0.749 -0.091 0.993 0.000 0.030 0.118 0.664 0.000 -0.706 -0.247 0.951 0.000 -0.062 0.302 
0.748 -0.001 0.030 -0.663 0.791 0.000 -0.610 -0.048 0.925 0.000 -0.074 -0.373 0.756 0.000 -0.645 -0.106 0.981 0.000 -0.052 -0.189 0.657 -0.000 -0.748 -0.089 0.992 0.000 0.030 0.120 0.663 0.000 -0.705 -0.252 0.954 0.000 -0.059 0.294 
0.747 -0.001 0.031 -0.664 0.790 0.000 -0.611 -0.049 0.925 0.000 -0.076 -0.372 0.755 0.000 -0.647 -0.106 0.980 0.000 -0.051 -0.191 0.658 -0.000 -0.748 -0.087 0.992 0.000 0.031 0.121 0.662 0.000 -0.705 -0.256 0.957 0.000 -0.057 0.286 
0.746 -0.002 0.032 -0.665 0.790 0.000 -0.611 -0.049 0.926 0.000 -0.079 -0.370 0.756 0.000 -0.646 -0.106 0.980 0.000 -0.051 -0.193 0.658 0.000 -0.748 -0.085 0.992 -0.000 0.032 0.123 0.660 0.000 -0.705 -0.260 0.959 -0.000 -0.053 0.279 
0.745 -0.002 0.032 -0.666 0.790 0.000 -0.611 -0.049 0.926 -0.000 -0.081 -0.369 0.755 0.000 -0.647 -0.106 0.980 0.000 -0.049 -0.195 0.658 0.000 -0.748 -0.084 0.992 0.000 0.031 0.125 0.658 0.000 -0.705 -0.264 0.961 -0.000 -0.048 0.274 
0.744 -0.002 0.033 -0.668 0.790 0.000 -0.611 -0.049 0.927 0.000 -0.083 -0.367 0.755 0.000 -0.647 -0.106 0.979 0.000 -0.048 -0.196 0.658 0.000 -0.748 -0.082 0.991 0.000 0.034 0.127 0.658 0.000 -0.705 -0.266 0.963 0.000 -0.045 0.266 
0.743 -0.003 0.033 -0.669 0.789 0.000 -0.612 -0.049 0.927 0.000 -0.086 -0.365 0.755 -0.000 -0.648 -0.106 0.979 0.000 -0.048 -0.197 0.658 -0.000 -0.748 -0.081 0.991 0.000 0.036 0.130 0.656 0.000 -0.706 -0.269 0.964 0.000 -0.040 0.262 
0.741 -0.003 0.033 -0.670 0.789 0.000 -0.612 -0.048 0.928 0.000 -0.089 -0.363 0.753 0.000 -0.650 -0.103 0.979 0.000 -0.043 -0.201 0.658 0.000 -0.749 -0.079 0.991 -0.000 0.036 0.131 0.655 0.000 -0.706 -0.270 0.966 0.000 -0.036 0.256 
0.741 -0.003 0.034 -0.671 0.788 -0.000 -0.614 -0.047 0.928 0.000 -0.090 -0.361 0.753 0.000 -0.649 -0.105 0.979 0.000 -0.043 -0.201 0.658 0.000 -0.749 -0.078 0.990 0.000 0.039 0.134 0.655 0.000 -0.704 -0.273 0.967 0.000 -0.036 0.252 
0.740 -0.003 0.034 -0.672 0.788 0.000 -0.615 -0.046 0.929 0.000 -0.092 -0.358 0.754 0.000 -0.649 -0.105 0.979 0.000 -0.043 -0.201 0.657 0.000 -0.750 -0.077 0.990 0.000 0.041 0.137 0.653 0.000 -0.706 -0.275 0.968 0.000 -0.030 0.251 
0.738 -0.004 0.034 -0.674 0.787 0.000 -0.615 -0.046 0.931 0.000 -0.094 -0.353 0.753 0.000 -0.650 -0.104 0.979 0.000 -0.042 -0.201 0.657 0.000 -0.750 -0.075 0.989 0.000 0.043 0.139 0.652 0.000 -0.706 -0.277 0.968 -0.000 -0.028 0.248 
0.737 -0.004 0.034 -0.675 0.787 -0.000 -0.616 -0.045 0.932 0.000 -0.097 -0.350 0.754 -0.000 -0.649 -0.104 0.979 0.000 -0.043 -0.201 0.657 0.000 -0.750 -0.073 0.989 0.000 0.045 0.140 0.650 0.000 -0.707 -0.276 0.969 0.000 -0.025 0.246 
0.735 -0.004 0.034 -0.677 0.785 0.000 -0.617 -0.044 0.933 0.000 -0.098 -0.346 0.754 0.000 -0.649 -0.104 0.979 0.000 -0.042 -0.202 0.656 0.000 -0.751 -0.072 0.989 0.000 0.047 0.143 0.651 0.000 -0.707 -0.277 0.969 0.000 -0.024 0.244 
0.733 -0.005 0.034 -0.679 0.785 -0.000 -0.618 -0.044 0.935 0.000 -0.101 -0.341 0.753 0.000 -0.649 -0.103 0.979 -0.000 -0.041 -0.201 0.656 -0.000 -0.751 -0.070 0.988 0.000 0.048 0.145 0.650 0.000 -0.709 -0.275 0.970 0.000 -0.022 0.243 
0.732 -0.005 0.033 -0.681 0.784 0.000 -0.620 -0.044 0.936 0.000 -0.103 -0.335 0.754 0.000 -0.649 -0.102 0.979 0.000 -0.041 -0.201 0.656 0.000 -0.752 -0.068 0.988 -0.000 0.050 0.147 0.650 0.000 -0.709 -0.273 0.970 -0.000 -0.021 0.242 
0.730 -0.005 0.033 -0.682 0.782 0.000 -0.621 -0.043 0.938 0.000 -0.104 -0.331 0.754 0.000 -0.649 -0.101 0.979 0.000 -0.041 -0.201 0.656 0.000 -0.752 -0.066 0.988 0.000 0.051 0.148 0.649 0.000 -0.711 -0.272 0.970 0.000 -0.020 0.242 
0.729 -0.005 0.033 -0.684 0.782 0.000 -0.622 -0.043 0.940 0.000 -0.106 -0.326 0.754 -0.000 -0.650 -0.100 0.979 0.000 -0.040 -0.201 0.655 0.000 -0.753 -0.064 0.987 0.000 0.054 0.150 0.650 0.000 -0.711 -0.269 0.970 0.000 -0.020 0.243 
0.727 -0.004 0.032 -0.686 0.780 0.000 -0.624 -0.043 0.942 -0.000 -0.107 -0.319 0.754 0.000 -0.649 -0.098 0.979 0.000 -0.039 -0.200 0.655 0.000 -0.753 -0.061 0.987 -0.000 0.055 0.150 0.651 0.000 -0.712 -0.265 0.970 -0.000 -0.020 0.243 
0.725 -0.004 0.031 -0.688 0.779 0.000 -0.626 -0.042 0.943 0.000 -0.108 -0.314 0.755 -0.000 -0.649 -0.097 0.979 0.000 -0.039 -0.200 0.654 0.000 -0.754 -0.059 0.987 0.000 0.058 0.151 0.651 0.000 -0.713 -0.261 0.970 0.000 -0.020 0.244 
0.724 -0.004 0.031 -0.689 0.777 0.000 -0.628 -0.042 0.945 0.000 -0.107 -0.308 0.755 0.000 -0.648 -0.096 0.979 0.000 -0.040 -0.199 0.654 0.000 -0.754 -0.056 0.987 -0.000 0.059 0.151 0.651 0.000 -0.714 -0.257 0.969 0.000 -0.020 0.245 
0.723 -0.003 0.030 -0.690 0.775 -0.000 -0.630 -0.042 0.947 -0.000 -0.107 -0.302 0.756 0.000 -0.648 -0.095 0.979 0.000 -0.040 -0.198 0.653 0.000 -0.755 -0.053 0.987 -0.000 0.061 0.151 0.651 0.000 -0.716 -0.253 0.969 0.000 -0.019 0.245 
0.721 -0.003 0.029 -0.692 0.774 0.000 -0.632 -0.042 0.949 0.000 -0.107 -0.296 0.756 0.000 -0.648 -0.093 0.979 0.000 -0.040 -0.198 0.653 0.000 -0.755 -0.050 0.987 0.000 0.062 0.151 0.651 0.000 -0.717 -0.249 0.969 -0.000 -0.019 0.245 
0.720 -0.003 0.029 -0.693 0.772 0.000 -0.634 -0.041 0.951 0.000 -0.106 -0.290 0.757 0.000 -0.647 -0.092 0.980 0.000 -0.040 -0.197 0.653 0.000 -0.755 -0.048 0.986 0.000 0.062 0.152 0.652 0.000 -0.718 -0.244 0.970 0.000 -0.018 0.244 
0.718 -0.002 0.028 -0.696 0.771 0.000 -0.636 -0.042 0.953 0.000 -0.106 -0.283 0.757 0.000 -0.647 -0.089 0.980 0.000 -0.038 -0.195 0.654 0.000 -0.756 -0.044 0.986 0.000 0.063 0.151 0.651 0.000 -0.721 -0.236 0.970 -0.000 -0.014 0.241 
0.717 -0.002 0.027 -0.697 0.769 -0.000 -0.638 -0.040 0.954 -0.000 -0.105 -0.279 0.758 0.000 -0.646 -0.088 0.980 -0.000 -0.039 -0.193 0.653 -0.000 -0.756 -0.042 0.986 0.000 0.065 0.151 0.651 0.000 -0.723 -0.231 0.971 -0.000 -0.012 0.239 
0.716 -0.001 0.026 -0.698 0.767 0.000 -0.640 -0.040 0.957 0.000 -0.105 -0.271 0.759 0.000 -0.646 -0.087 0.981 0.000 -0.040 -0.192 0.654 0.000 -0.756 -0.040 0.986 0.000 0.065 0.152 0.651 -0.000 -0.725 -0.225 0.971 0.000 -0.010 0.237 
0.716 -0.000 0.026 -0.698 0.766 0.000 -0.642 -0.039 0.959 0.000 -0.103 -0.265 0.759 0.000 -0.645 -0.087 0.981 0.000 -0.041 -0.190 0.654 0.000 -0.755 -0.038 0.986 -0.000 0.064 0.152 0.653 0.000 -0.724 -0.222 0.972 0.000 -0.011 0.236 
0.715 -0.000 0.026 -0.699 0.764 0.000 -0.644 -0.038 0.960 -0.000 -0.101 -0.260 0.759 0.000 -0.645 -0.085 0.981 -0.000 -0.041 -0.189 0.655 0.000 -0.755 -0.036 0.986 -0.000 0.064 0.153 0.655 0.000 -0.724 -0.216 0.973 0.000 -0.013 0.231 
0.714 0.000 0.026 -0.699 0.763 0.000 -0.645 -0.038 0.962 0.000 -0.098 -0.254 0.759 0.000 -0.645 -0.084 0.981 0.000 -0.042 -0.187 0.655 -0.000 -0.754 -0.035 0.986 0.000 0.063 0.153 0.655 0.000 -0.726 -0.212 0.973 0.000 -0.012 0.229 
0.714 0.001 0.025 -0.700 0.762 0.000 -0.647 -0.036 0.964 0.000 -0.096 -0.249 0.759 0.000 -0.645 -0.083 0.982 0.000 -0.045 -0.186 0.656 -0.000 -0.754 -0.034 0.986 0.000 0.063 0.154 0.654 0.000 -0.727 -0.208 0.974 0.000 -0.010 0.228 
0.713 0.001 0.025 -0.700 0.760 0.000 -0.648 -0.036 0.965 0.000 -0.094 -0.243 0.760 0.000 -0.645 -0.083 0.982 0.000 -0.046 -0.183 0.657 0.000 -0.753 -0.033 0.986 0.000 0.063 0.155 0.654 0.000 -0.729 -0.204 0.974 0.000 -0.009 0.227 
