# T   LUA LFA RUA RFA LT  LS  RT  RS  
0.998 -0.044 -0.038 0.003 0.736 0.000 -0.676 0.025 1.000 0.000 0.000 0.000 0.992 0.000 -0.054 -0.111 0.766 -0.000 -0.156 -0.623 0.704 0.000 -0.702 0.104 0.999 -0.000 0.001 0.039 0.762 0.000 -0.644 0.071 0.995 0.000 0.032 0.092 
0.998 -0.044 -0.038 0.003 0.736 0.000 -0.676 0.026 1.000 0.000 -0.000 -0.000 0.992 0.000 -0.053 -0.111 0.767 0.000 -0.155 -0.623 0.704 0.000 -0.702 0.104 0.999 0.000 0.001 0.040 0.762 -0.000 -0.644 0.071 0.995 0.000 0.033 0.092 
0.998 -0.044 -0.038 0.002 0.736 0.000 -0.676 0.027 1.000 0.000 0.000 -0.000 0.992 0.000 -0.053 -0.111 0.767 0.000 -0.154 -0.623 0.704 0.000 -0.702 0.104 0.999 0.000 0.000 0.040 0.762 0.000 -0.644 0.071 0.995 -0.000 0.033 0.092 
0.998 -0.044 -0.038 0.002 0.736 0.000 -0.676 0.027 1.000 -0.000 0.000 -0.000 0.992 0.000 -0.053 -0.111 0.767 -0.000 -0.153 -0.623 0.704 0.000 -0.702 0.105 0.999 0.000 0.001 0.039 0.762 0.000 -0.644 0.072 0.995 0.000 0.033 0.092 
0.998 -0.044 -0.038 0.002 0.736 -0.000 -0.677 0.028 1.000 0.000 0.000 -0.000 0.992 -0.000 -0.053 -0.111 0.768 0.000 -0.152 -0.623 0.704 0.000 -0.702 0.105 0.999 -0.000 0.000 0.039 0.762 0.000 -0.644 0.072 0.995 0.000 0.033 0.092 
0.998 -0.044 -0.038 0.001 0.736 -0.000 -0.677 0.028 1.000 -0.000 -0.000 0.000 0.992 0.000 -0.053 -0.110 0.768 0.000 -0.151 -0.622 0.704 0.000 -0.702 0.105 0.999 0.000 0.000 0.040 0.762 0.000 -0.644 0.072 0.995 0.000 0.033 0.092 
0.998 -0.044 -0.039 0.001 0.736 0.000 -0.677 0.028 1.000 0.000 0.000 -0.000 0.993 0.000 -0.052 -0.110 0.768 0.000 -0.150 -0.622 0.704 0.000 -0.702 0.104 0.999 -0.000 -0.000 0.040 0.762 0.000 -0.644 0.073 0.995 0.000 0.034 0.092 
0.998 -0.044 -0.039 0.001 0.736 0.000 -0.677 0.028 1.000 0.000 0.000 -0.000 0.993 0.000 -0.052 -0.109 0.768 -0.000 -0.149 -0.622 0.704 0.000 -0.702 0.105 0.999 0.000 -0.000 0.040 0.762 0.000 -0.644 0.073 0.995 0.000 0.034 0.092 
0.998 -0.045 -0.039 0.001 0.735 0.000 -0.677 0.028 1.000 0.000 -0.000 -0.000 0.993 0.000 -0.052 -0.109 0.769 0.000 -0.149 -0.622 0.704 0.000 -0.702 0.105 0.999 0.000 -0.000 0.040 0.762 -0.000 -0.644 0.073 0.995 0.000 0.034 0.092 
0.998 -0.045 -0.039 0.000 0.735 0.000 -0.677 0.029 1.000 0.000 -0.000 0.000 0.993 0.000 -0.052 -0.109 0.769 0.000 -0.148 -0.621 0.704 0.000 -0.702 0.105 0.999 0.000 -0.000 0.040 0.762 0.000 -0.644 0.074 0.995 0.000 0.034 0.092 
0.998 -0.045 -0.039 0.000 0.735 0.000 -0.677 0.029 1.000 0.000 0.000 -0.000 0.993 0.000 -0.052 -0.108 0.770 0.000 -0.147 -0.621 0.704 0.000 -0.702 0.105 0.999 0.000 -0.001 0.040 0.762 -0.000 -0.643 0.074 0.995 0.000 0.034 0.092 
0.998 -0.045 -0.039 -0.000 0.735 0.000 -0.678 0.029 1.000 -0.000 -0.000 0.000 0.993 0.000 -0.052 -0.108 0.770 0.000 -0.147 -0.621 0.704 0.000 -0.702 0.105 0.999 0.000 -0.001 0.040 0.762 -0.000 -0.643 0.074 0.995 0.000 0.034 0.092 
0.998 -0.045 -0.039 -0.000 0.735 0.000 -0.678 0.029 1.000 0.000 0.000 0.000 0.993 0.000 -0.052 -0.107 0.770 0.000 -0.146 -0.621 0.704 0.000 -0.702 0.105 0.999 0.000 -0.001 0.039 0.762 0.000 -0.643 0.075 0.995 0.000 0.034 0.092 
0.998 -0.045 -0.039 -0.001 0.734 0.000 -0.678 0.029 1.000 0.000 0.000 0.000 0.993 0.000 -0.052 -0.107 0.771 -0.000 -0.146 -0.620 0.705 -0.000 -0.702 0.105 0.999 0.000 -0.001 0.040 0.762 -0.000 -0.643 0.075 0.995 0.000 0.034 0.092 
0.998 -0.045 -0.039 -0.001 0.734 0.000 -0.678 0.029 1.000 -0.000 0.000 0.000 0.993 0.000 -0.053 -0.106 0.771 0.000 -0.146 -0.620 0.705 0.000 -0.702 0.105 0.999 0.000 -0.001 0.040 0.762 -0.000 -0.643 0.075 0.995 0.000 0.034 0.092 
0.998 -0.045 -0.039 -0.001 0.734 -0.000 -0.679 0.029 1.000 0.000 0.000 0.000 0.993 0.000 -0.053 -0.106 0.771 0.000 -0.146 -0.620 0.705 0.000 -0.702 0.105 0.999 0.000 -0.001 0.040 0.762 0.000 -0.643 0.076 0.995 0.000 0.034 0.092 
0.998 -0.045 -0.039 -0.001 0.734 0.000 -0.679 0.029 1.000 0.000 -0.000 0.000 0.993 -0.000 -0.053 -0.105 0.771 -0.000 -0.146 -0.620 0.705 0.000 -0.702 0.105 0.999 0.000 -0.001 0.040 0.762 0.000 -0.643 0.076 0.995 0.000 0.034 0.092 
0.998 -0.045 -0.039 -0.002 0.734 -0.000 -0.679 0.029 1.000 0.000 -0.000 0.000 0.993 0.000 -0.053 -0.105 0.771 0.000 -0.146 -0.620 0.705 -0.000 -0.702 0.106 0.999 0.000 -0.001 0.040 0.762 0.000 -0.643 0.076 0.995 0.000 0.035 0.091 
0.998 -0.046 -0.039 -0.002 0.733 0.000 -0.679 0.029 1.000 0.000 -0.000 -0.000 0.993 0.000 -0.053 -0.104 0.771 0.000 -0.146 -0.619 0.705 0.000 -0.702 0.106 0.999 0.000 -0.001 0.040 0.762 0.000 -0.643 0.077 0.995 -0.000 0.035 0.091 
0.998 -0.046 -0.039 -0.002 0.733 0.000 -0.680 0.029 1.000 0.000 -0.000 0.000 0.993 0.000 -0.053 -0.104 0.771 0.000 -0.146 -0.619 0.705 0.000 -0.702 0.106 0.999 -0.000 -0.001 0.040 0.762 0.000 -0.643 0.077 0.995 0.000 0.035 0.091 
0.998 -0.046 -0.039 -0.002 0.733 0.000 -0.680 0.028 1.000 0.000 0.000 0.000 0.993 0.000 -0.053 -0.103 0.771 0.000 -0.146 -0.619 0.705 0.000 -0.701 0.106 0.999 -0.000 -0.001 0.040 0.762 0.000 -0.643 0.077 0.995 -0.000 0.035 0.092 
0.998 -0.046 -0.039 -0.002 0.732 0.000 -0.680 0.028 1.000 0.000 0.000 0.000 0.993 0.000 -0.054 -0.103 0.772 0.000 -0.147 -0.619 0.705 -0.000 -0.701 0.106 0.999 0.000 -0.002 0.040 0.762 0.000 -0.643 0.078 0.995 -0.000 0.035 0.091 
0.998 -0.046 -0.039 -0.002 0.732 0.000 -0.680 0.028 1.000 0.000 0.000 0.000 0.993 0.000 -0.054 -0.103 0.772 -0.000 -0.147 -0.619 0.705 0.000 -0.701 0.106 0.999 0.000 -0.002 0.040 0.762 0.000 -0.643 0.078 0.995 0.000 0.035 0.091 
0.998 -0.046 -0.039 -0.003 0.732 0.000 -0.681 0.028 1.000 -0.000 0.000 0.000 0.993 0.000 -0.054 -0.103 0.772 0.000 -0.148 -0.619 0.705 0.000 -0.701 0.107 0.999 0.000 -0.002 0.040 0.762 0.000 -0.643 0.078 0.995 0.000 0.035 0.091 
0.998 -0.046 -0.039 -0.003 0.732 -0.000 -0.681 0.027 1.000 0.000 -0.000 -0.000 0.993 -0.000 -0.054 -0.103 0.772 0.000 -0.148 -0.618 0.705 0.000 -0.701 0.107 0.999 0.000 -0.002 0.040 0.762 0.000 -0.643 0.078 0.995 -0.000 0.035 0.091 
0.998 -0.046 -0.039 -0.003 0.731 0.000 -0.681 0.027 1.000 0.000 0.000 -0.000 0.993 0.000 -0.054 -0.103 0.772 0.000 -0.148 -0.618 0.705 0.000 -0.701 0.107 0.999 0.000 -0.002 0.040 0.762 0.000 -0.643 0.079 0.995 0.000 0.035 0.091 
0.998 -0.047 -0.039 -0.003 0.731 0.000 -0.682 0.027 1.000 -0.000 0.000 0.000 0.993 0.000 -0.054 -0.103 0.772 0.000 -0.149 -0.618 0.705 0.000 -0.701 0.107 0.999 -0.000 -0.002 0.041 0.762 0.000 -0.643 0.079 0.995 0.000 0.035 0.091 
0.998 -0.047 -0.039 -0.003 0.731 0.000 -0.682 0.027 1.000 -0.000 0.000 -0.000 0.993 0.000 -0.054 -0.102 0.771 0.000 -0.150 -0.618 0.705 0.000 -0.701 0.107 0.999 0.000 -0.002 0.040 0.762 0.000 -0.643 0.079 0.995 0.000 0.035 0.091 
0.998 -0.047 -0.039 -0.002 0.731 -0.000 -0.682 0.027 1.000 0.000 0.000 0.000 0.993 0.000 -0.054 -0.102 0.771 -0.000 -0.150 -0.619 0.705 0.000 -0.701 0.108 0.999 0.000 -0.002 0.041 0.762 -0.000 -0.643 0.079 0.995 -0.000 0.035 0.091 
0.998 -0.047 -0.039 -0.002 0.731 -0.000 -0.682 0.026 1.000 0.000 0.000 0.000 0.993 0.000 -0.054 -0.102 0.770 0.000 -0.151 -0.619 0.705 0.000 -0.701 0.108 0.999 0.000 -0.002 0.040 0.762 0.000 -0.643 0.079 0.995 0.000 0.036 0.091 
0.998 -0.047 -0.039 -0.002 0.730 -0.000 -0.683 0.026 1.000 0.000 0.000 0.000 0.993 0.000 -0.053 -0.101 0.770 -0.000 -0.151 -0.620 0.705 -0.000 -0.701 0.108 0.999 0.000 -0.002 0.041 0.762 0.000 -0.643 0.079 0.995 0.000 0.035 0.091 
0.998 -0.047 -0.039 -0.002 0.730 0.000 -0.683 0.026 1.000 0.000 -0.000 -0.000 0.993 0.000 -0.053 -0.101 0.770 0.000 -0.151 -0.621 0.705 0.000 -0.701 0.108 0.999 0.000 -0.002 0.041 0.762 -0.000 -0.643 0.079 0.995 -0.000 0.036 0.091 
0.998 -0.047 -0.039 -0.002 0.730 0.000 -0.683 0.025 1.000 -0.000 0.000 0.000 0.993 0.000 -0.053 -0.101 0.769 0.000 -0.151 -0.621 0.705 0.000 -0.701 0.108 0.999 0.000 -0.002 0.041 0.762 0.000 -0.643 0.080 0.995 0.000 0.036 0.091 
0.998 -0.047 -0.039 -0.002 0.730 0.000 -0.683 0.025 1.000 -0.000 -0.000 -0.000 0.994 0.000 -0.053 -0.101 0.768 0.000 -0.151 -0.622 0.705 0.000 -0.701 0.108 0.999 -0.000 -0.001 0.041 0.762 0.000 -0.643 0.080 0.995 0.000 0.036 0.091 
0.998 -0.047 -0.039 -0.002 0.730 0.000 -0.683 0.025 1.000 0.000 -0.000 0.000 0.994 0.000 -0.053 -0.101 0.768 0.000 -0.150 -0.623 0.705 -0.000 -0.701 0.109 0.999 0.000 -0.001 0.041 0.762 -0.000 -0.643 0.080 0.995 -0.000 0.036 0.091 
0.998 -0.047 -0.039 -0.001 0.730 0.000 -0.684 0.024 1.000 0.000 0.000 0.000 0.994 0.000 -0.052 -0.101 0.767 0.000 -0.149 -0.624 0.705 0.000 -0.701 0.109 0.999 0.000 -0.001 0.041 0.762 0.000 -0.643 0.080 0.995 0.000 0.036 0.091 
0.998 -0.047 -0.039 -0.001 0.729 0.000 -0.684 0.024 1.000 0.000 0.000 0.000 0.994 0.000 -0.052 -0.100 0.766 0.000 -0.148 -0.625 0.705 0.000 -0.701 0.109 0.999 -0.000 -0.001 0.041 0.762 0.000 -0.643 0.080 0.995 0.000 0.036 0.091 
0.998 -0.048 -0.039 -0.001 0.729 0.000 -0.684 0.024 1.000 -0.000 -0.000 -0.000 0.994 -0.000 -0.051 -0.101 0.766 0.000 -0.146 -0.626 0.705 0.000 -0.701 0.109 0.999 -0.000 -0.001 0.041 0.762 -0.000 -0.643 0.080 0.995 0.000 0.036 0.091 
0.998 -0.048 -0.039 -0.001 0.729 0.000 -0.684 0.023 1.000 -0.000 -0.000 0.000 0.994 0.000 -0.051 -0.100 0.765 0.000 -0.144 -0.627 0.705 0.000 -0.701 0.109 0.999 0.000 -0.001 0.041 0.762 -0.000 -0.643 0.080 0.995 -0.000 0.035 0.091 
0.998 -0.048 -0.039 -0.001 0.729 0.000 -0.684 0.023 1.000 0.000 0.000 0.000 0.994 0.000 -0.050 -0.100 0.765 0.000 -0.142 -0.629 0.705 0.000 -0.701 0.110 0.999 -0.000 -0.001 0.041 0.762 0.000 -0.643 0.080 0.995 -0.000 0.035 0.091 
0.998 -0.048 -0.039 -0.001 0.729 -0.000 -0.684 0.023 1.000 0.000 -0.000 0.000 0.994 0.000 -0.050 -0.100 0.764 -0.000 -0.139 -0.630 0.704 0.000 -0.701 0.110 0.999 0.000 -0.000 0.041 0.762 0.000 -0.643 0.080 0.995 0.000 0.035 0.091 
0.998 -0.048 -0.039 -0.000 0.729 0.000 -0.684 0.023 1.000 0.000 -0.000 -0.000 0.994 0.000 -0.049 -0.100 0.763 0.000 -0.135 -0.632 0.704 -0.000 -0.701 0.110 0.999 -0.000 -0.000 0.041 0.762 -0.000 -0.643 0.080 0.995 -0.000 0.035 0.091 
0.998 -0.048 -0.039 0.000 0.729 0.000 -0.684 0.023 1.000 0.000 0.000 0.000 0.994 0.000 -0.048 -0.100 0.763 0.000 -0.131 -0.633 0.704 0.000 -0.701 0.110 0.999 0.000 -0.000 0.041 0.762 0.000 -0.643 0.080 0.995 0.000 0.035 0.091 
0.998 -0.048 -0.039 0.000 0.729 0.000 -0.684 0.023 1.000 0.000 -0.000 0.000 0.994 0.000 -0.047 -0.100 0.762 0.000 -0.126 -0.635 0.704 0.000 -0.701 0.111 0.999 0.000 -0.000 0.041 0.762 0.000 -0.643 0.080 0.995 0.000 0.035 0.091 
0.998 -0.048 -0.038 0.000 0.729 0.000 -0.684 0.022 1.000 0.000 0.000 -0.000 0.994 0.000 -0.046 -0.099 0.761 0.000 -0.121 -0.638 0.704 0.000 -0.701 0.111 0.999 0.000 -0.000 0.041 0.762 0.000 -0.643 0.080 0.995 0.000 0.035 0.091 
0.998 -0.048 -0.039 0.001 0.729 0.000 -0.684 0.022 1.000 0.000 0.000 -0.000 0.994 0.000 -0.045 -0.098 0.759 -0.000 -0.115 -0.641 0.704 0.000 -0.701 0.111 0.999 0.000 -0.000 0.041 0.762 0.000 -0.643 0.080 0.995 0.000 0.035 0.091 
0.998 -0.049 -0.038 0.001 0.729 0.000 -0.684 0.022 1.000 0.000 -0.000 -0.000 0.994 -0.000 -0.043 -0.098 0.758 0.000 -0.108 -0.643 0.704 0.000 -0.701 0.111 0.999 0.000 0.000 0.041 0.762 -0.000 -0.643 0.080 0.995 -0.000 0.035 0.091 
0.998 -0.049 -0.038 0.001 0.729 0.000 -0.684 0.022 1.000 0.000 -0.000 0.000 0.994 0.000 -0.042 -0.097 0.757 -0.000 -0.101 -0.646 0.704 0.000 -0.701 0.111 0.999 0.000 0.000 0.041 0.762 -0.000 -0.643 0.080 0.995 0.000 0.035 0.091 
0.998 -0.049 -0.038 0.001 0.729 0.000 -0.684 0.022 1.000 0.000 -0.000 -0.000 0.995 0.000 -0.040 -0.096 0.756 0.000 -0.093 -0.648 0.704 0.000 -0.701 0.112 0.999 0.000 0.000 0.041 0.762 0.000 -0.643 0.080 0.995 0.000 0.035 0.091 
0.998 -0.049 -0.038 0.001 0.730 0.000 -0.684 0.022 1.000 0.000 -0.000 0.000 0.995 0.000 -0.039 -0.095 0.754 0.000 -0.084 -0.651 0.704 0.000 -0.701 0.112 0.999 0.000 0.000 0.041 0.762 0.000 -0.643 0.080 0.995 0.000 0.035 0.092 
0.998 -0.049 -0.038 0.002 0.730 -0.000 -0.683 0.022 1.000 0.000 -0.000 0.000 0.995 0.000 -0.036 -0.094 0.752 -0.000 -0.077 -0.654 0.704 0.000 -0.701 0.112 0.999 0.000 0.000 0.040 0.762 0.000 -0.643 0.080 0.995 0.000 0.035 0.091 
0.998 -0.049 -0.038 0.002 0.730 -0.000 -0.683 0.022 1.000 -0.000 -0.000 0.000 0.995 -0.000 -0.035 -0.093 0.751 0.000 -0.066 -0.657 0.704 0.000 -0.701 0.113 0.999 -0.000 0.001 0.040 0.762 0.000 -0.643 0.080 0.995 0.000 0.035 0.091 
0.998 -0.049 -0.038 0.002 0.730 0.000 -0.683 0.022 1.000 -0.000 -0.000 -0.000 0.995 0.000 -0.033 -0.091 0.749 -0.000 -0.055 -0.660 0.704 0.000 -0.701 0.113 0.999 0.000 0.001 0.040 0.762 -0.000 -0.642 0.080 0.995 0.000 0.035 0.092 
0.998 -0.049 -0.038 0.002 0.730 0.000 -0.683 0.022 1.000 -0.000 0.000 0.000 0.995 0.000 -0.032 -0.090 0.748 0.000 -0.043 -0.663 0.704 0.000 -0.702 0.113 0.999 0.000 0.001 0.040 0.762 0.000 -0.642 0.080 0.995 0.000 0.035 0.092 
0.998 -0.050 -0.038 0.002 0.730 0.000 -0.683 0.021 1.000 0.000 0.000 0.000 0.996 -0.000 -0.030 -0.088 0.746 0.000 -0.031 -0.665 0.704 0.000 -0.702 0.113 0.999 0.000 0.001 0.040 0.762 -0.000 -0.642 0.080 0.995 0.000 0.035 0.092 
0.998 -0.050 -0.038 0.002 0.731 0.000 -0.682 0.021 1.000 0.000 0.000 -0.000 0.996 0.000 -0.029 -0.085 0.744 -0.000 -0.018 -0.668 0.704 0.000 -0.702 0.113 0.999 0.000 0.001 0.040 0.762 0.000 -0.642 0.081 0.995 0.000 0.035 0.091 
0.998 -0.050 -0.038 0.002 0.731 0.000 -0.682 0.021 1.000 0.000 0.000 0.000 0.996 0.000 -0.028 -0.084 0.743 0.000 -0.004 -0.669 0.704 0.000 -0.702 0.114 0.999 0.000 0.001 0.040 0.762 0.000 -0.642 0.081 0.995 0.000 0.035 0.092 
0.998 -0.050 -0.038 0.002 0.731 0.000 -0.682 0.021 1.000 0.000 0.000 0.000 0.996 0.000 -0.027 -0.081 0.741 -0.000 0.011 -0.671 0.703 0.000 -0.702 0.114 0.999 -0.000 0.001 0.040 0.762 0.000 -0.642 0.081 0.995 0.000 0.035 0.092 
0.998 -0.050 -0.038 0.002 0.731 0.000 -0.682 0.021 1.000 -0.000 0.000 0.000 0.997 0.000 -0.025 -0.080 0.740 0.000 0.026 -0.672 0.703 0.000 -0.702 0.114 0.999 0.000 0.001 0.040 0.762 0.000 -0.642 0.081 0.995 0.000 0.035 0.092 
0.998 -0.050 -0.038 0.001 0.731 0.000 -0.682 0.021 1.000 0.000 -0.000 -0.000 0.997 -0.000 -0.024 -0.077 0.738 0.000 0.042 -0.674 0.703 0.000 -0.702 0.114 0.999 0.000 0.001 0.040 0.762 0.000 -0.642 0.081 0.995 -0.000 0.035 0.092 
0.998 -0.050 -0.039 0.001 0.732 0.000 -0.681 0.021 1.000 0.000 0.000 0.000 0.997 0.000 -0.022 -0.074 0.736 0.000 0.058 -0.675 0.703 0.000 -0.702 0.114 0.999 0.000 0.001 0.040 0.762 0.000 -0.642 0.082 0.995 0.000 0.036 0.091 
0.998 -0.050 -0.039 0.001 0.732 0.000 -0.681 0.020 1.000 0.000 0.000 0.000 0.997 -0.000 -0.021 -0.071 0.734 0.000 0.075 -0.675 0.703 0.000 -0.702 0.114 0.999 -0.000 0.001 0.040 0.762 0.000 -0.642 0.082 0.995 -0.000 0.036 0.091 
0.998 -0.050 -0.039 0.001 0.732 -0.000 -0.681 0.020 1.000 0.000 0.000 0.000 0.998 0.000 -0.020 -0.068 0.732 0.000 0.092 -0.675 0.703 0.000 -0.702 0.114 0.999 0.000 0.000 0.040 0.762 0.000 -0.642 0.082 0.995 0.000 0.036 0.091 
0.998 -0.050 -0.039 0.000 0.732 0.000 -0.680 0.020 1.000 0.000 0.000 -0.000 0.998 0.000 -0.018 -0.065 0.730 -0.000 0.110 -0.674 0.703 0.000 -0.702 0.114 0.999 0.000 0.000 0.040 0.762 0.000 -0.642 0.082 0.995 0.000 0.036 0.091 
0.998 -0.051 -0.039 0.000 0.733 0.000 -0.680 0.019 1.000 0.000 -0.000 -0.000 0.998 -0.000 -0.016 -0.062 0.728 0.000 0.127 -0.674 0.703 0.000 -0.702 0.115 0.999 0.000 0.000 0.040 0.762 -0.000 -0.642 0.082 0.995 0.000 0.036 0.091 
0.998 -0.051 -0.039 -0.000 0.733 -0.000 -0.680 0.019 1.000 -0.000 -0.000 0.000 0.998 0.000 -0.013 -0.058 0.726 -0.000 0.143 -0.673 0.703 -0.000 -0.701 0.115 0.999 0.000 -0.000 0.040 0.762 0.000 -0.642 0.083 0.995 -0.000 0.036 0.091 
0.998 -0.051 -0.039 -0.001 0.733 0.000 -0.680 0.019 1.000 -0.000 0.000 0.000 0.998 0.000 -0.014 -0.055 0.725 0.000 0.164 -0.669 0.703 0.000 -0.701 0.115 0.999 0.000 -0.001 0.040 0.762 0.000 -0.642 0.083 0.995 0.000 0.036 0.091 
0.998 -0.051 -0.039 -0.001 0.733 0.000 -0.680 0.019 1.000 0.000 0.000 -0.000 0.999 -0.000 -0.011 -0.052 0.725 0.000 0.182 -0.665 0.704 0.000 -0.701 0.115 0.999 0.000 -0.001 0.040 0.762 0.000 -0.642 0.084 0.995 0.000 0.037 0.091 
0.998 -0.051 -0.039 -0.002 0.733 0.000 -0.680 0.019 1.000 0.000 0.000 -0.000 0.999 0.000 -0.008 -0.049 0.723 0.000 0.196 -0.662 0.704 -0.000 -0.701 0.115 0.999 0.000 -0.001 0.040 0.762 0.000 -0.642 0.084 0.995 0.000 0.037 0.091 
0.998 -0.051 -0.039 -0.002 0.734 -0.000 -0.679 0.018 1.000 -0.000 0.000 0.000 0.999 0.000 -0.007 -0.045 0.721 0.000 0.213 -0.659 0.704 0.000 -0.701 0.115 0.999 0.000 -0.001 0.040 0.762 0.000 -0.642 0.084 0.995 0.000 0.037 0.091 
0.998 -0.051 -0.039 -0.002 0.734 0.000 -0.679 0.018 1.000 0.000 0.000 -0.000 0.999 0.000 -0.006 -0.041 0.719 0.000 0.232 -0.655 0.703 0.000 -0.701 0.115 0.999 0.000 -0.002 0.039 0.762 0.000 -0.641 0.085 0.995 0.000 0.037 0.091 
0.998 -0.051 -0.039 -0.003 0.734 0.000 -0.679 0.018 1.000 0.000 -0.000 0.000 0.999 0.000 -0.007 -0.037 0.717 0.000 0.253 -0.649 0.703 0.000 -0.701 0.115 0.999 0.000 -0.001 0.040 0.763 -0.000 -0.641 0.085 0.995 0.000 0.037 0.091 
0.998 -0.051 -0.040 -0.003 0.734 0.000 -0.679 0.017 1.000 0.000 0.000 0.000 0.999 0.000 -0.006 -0.034 0.716 0.000 0.271 -0.644 0.703 0.000 -0.701 0.115 0.999 0.000 -0.002 0.040 0.763 0.000 -0.641 0.085 0.995 0.000 0.037 0.091 
0.998 -0.051 -0.040 -0.004 0.734 0.000 -0.679 0.017 1.000 0.000 -0.000 -0.000 1.000 0.000 -0.006 -0.030 0.713 0.000 0.291 -0.638 0.703 0.000 -0.701 0.115 0.999 0.000 -0.002 0.040 0.763 0.000 -0.641 0.086 0.995 -0.000 0.037 0.091 
0.998 -0.052 -0.040 -0.005 0.734 0.000 -0.679 0.017 1.000 0.000 -0.000 0.000 1.000 0.000 -0.006 -0.028 0.713 0.000 0.309 -0.630 0.703 0.000 -0.702 0.115 0.999 0.000 -0.002 0.040 0.763 0.000 -0.641 0.086 0.995 -0.000 0.038 0.091 
0.998 -0.052 -0.040 -0.005 0.734 0.000 -0.679 0.016 1.000 0.000 0.000 -0.000 1.000 -0.000 -0.005 -0.023 0.711 0.000 0.328 -0.622 0.703 0.000 -0.702 0.115 0.999 0.000 -0.002 0.040 0.763 0.000 -0.641 0.087 0.995 0.000 0.038 0.091 
0.998 -0.052 -0.040 -0.006 0.734 0.000 -0.679 0.016 1.000 0.000 -0.000 -0.000 1.000 0.000 -0.005 -0.019 0.709 0.000 0.346 -0.614 0.703 0.000 -0.702 0.115 0.999 0.000 -0.002 0.040 0.763 0.000 -0.641 0.087 0.995 0.000 0.038 0.091 
0.998 -0.052 -0.040 -0.007 0.734 0.000 -0.678 0.016 1.000 0.000 -0.000 -0.000 1.000 0.000 -0.004 -0.014 0.707 0.000 0.364 -0.606 0.703 0.000 -0.702 0.115 0.999 0.000 -0.002 0.040 0.763 0.000 -0.641 0.087 0.995 0.000 0.038 0.092 
0.998 -0.052 -0.041 -0.007 0.734 0.000 -0.679 0.015 1.000 0.000 0.000 0.000 1.000 0.000 -0.004 -0.010 0.706 0.000 0.382 -0.597 0.703 0.000 -0.702 0.115 0.999 0.000 -0.003 0.040 0.763 -0.000 -0.641 0.088 0.995 0.000 0.039 0.092 
0.998 -0.052 -0.041 -0.008 0.734 -0.000 -0.679 0.015 1.000 0.000 -0.000 0.000 1.000 0.000 -0.004 -0.006 0.704 -0.000 0.399 -0.587 0.703 0.000 -0.702 0.115 0.999 0.000 -0.003 0.040 0.763 0.000 -0.641 0.088 0.995 0.000 0.039 0.092 
0.998 -0.052 -0.041 -0.009 0.734 -0.000 -0.679 0.015 1.000 0.000 0.000 0.000 1.000 0.000 -0.004 -0.002 0.702 0.000 0.417 -0.577 0.703 0.000 -0.702 0.115 0.999 -0.000 -0.003 0.040 0.763 0.000 -0.641 0.089 0.995 0.000 0.039 0.092 
0.998 -0.052 -0.041 -0.009 0.734 0.000 -0.679 0.014 1.000 0.000 -0.000 0.000 1.000 0.000 -0.005 0.003 0.701 0.000 0.435 -0.566 0.704 0.000 -0.701 0.115 0.999 0.000 -0.004 0.040 0.763 -0.000 -0.641 0.089 0.995 -0.000 0.039 0.091 
0.998 -0.052 -0.041 -0.010 0.734 0.000 -0.679 0.014 1.000 0.000 -0.000 0.000 1.000 0.000 -0.005 0.008 0.699 0.000 0.452 -0.554 0.704 0.000 -0.701 0.114 0.999 -0.000 -0.005 0.040 0.763 0.000 -0.641 0.089 0.995 0.000 0.040 0.091 
0.998 -0.052 -0.041 -0.011 0.734 0.000 -0.679 0.014 1.000 0.000 0.000 0.000 1.000 0.000 -0.006 0.012 0.698 0.000 0.469 -0.542 0.704 0.000 -0.701 0.114 0.999 0.000 -0.005 0.040 0.763 0.000 -0.641 0.090 0.995 0.000 0.040 0.091 
0.998 -0.052 -0.041 -0.011 0.734 0.000 -0.679 0.014 1.000 0.000 0.000 -0.000 1.000 -0.000 -0.008 0.017 0.696 0.000 0.486 -0.529 0.704 0.000 -0.701 0.114 0.999 0.000 -0.005 0.040 0.763 0.000 -0.641 0.090 0.995 0.000 0.040 0.091 
0.998 -0.052 -0.042 -0.012 0.734 0.000 -0.679 0.013 1.000 0.000 0.000 -0.000 1.000 -0.000 -0.009 0.021 0.695 0.000 0.502 -0.515 0.704 0.000 -0.701 0.114 0.999 0.000 -0.005 0.040 0.763 -0.000 -0.641 0.090 0.995 0.000 0.040 0.091 
0.998 -0.052 -0.042 -0.013 0.734 0.000 -0.679 0.013 1.000 0.000 -0.000 -0.000 1.000 0.000 -0.011 0.026 0.692 0.000 0.520 -0.501 0.704 0.000 -0.701 0.114 0.999 0.000 -0.006 0.040 0.762 0.000 -0.641 0.091 0.995 0.000 0.041 0.091 
0.998 -0.052 -0.042 -0.014 0.734 0.000 -0.679 0.013 1.000 0.000 0.000 0.000 0.999 0.000 -0.013 0.031 0.691 -0.000 0.536 -0.485 0.704 0.000 -0.701 0.113 0.999 0.000 -0.006 0.040 0.762 -0.000 -0.641 0.091 0.995 0.000 0.041 0.091 
0.998 -0.051 -0.042 -0.014 0.734 0.000 -0.679 0.012 1.000 0.000 0.000 0.000 0.999 0.000 -0.015 0.035 0.691 0.000 0.550 -0.469 0.704 0.000 -0.701 0.113 0.999 0.000 -0.006 0.040 0.762 -0.000 -0.641 0.091 0.995 0.000 0.041 0.091 
0.998 -0.051 -0.042 -0.015 0.734 0.000 -0.679 0.012 1.000 -0.000 0.000 0.000 0.999 0.000 -0.017 0.039 0.689 -0.000 0.565 -0.454 0.704 0.000 -0.701 0.112 0.999 0.000 -0.006 0.040 0.762 0.000 -0.641 0.091 0.995 0.000 0.041 0.091 
0.998 -0.051 -0.042 -0.016 0.733 0.000 -0.680 0.012 1.000 0.000 -0.000 -0.000 0.999 -0.000 -0.020 0.043 0.687 0.000 0.580 -0.437 0.704 0.000 -0.701 0.112 0.999 0.000 -0.007 0.040 0.762 0.000 -0.641 0.092 0.995 -0.000 0.041 0.091 
0.998 -0.051 -0.042 -0.017 0.733 0.000 -0.680 0.012 1.000 -0.000 -0.000 -0.000 0.999 0.000 -0.023 0.047 0.686 0.000 0.593 -0.421 0.704 0.000 -0.701 0.112 0.999 -0.000 -0.007 0.040 0.762 0.000 -0.641 0.092 0.995 -0.000 0.042 0.091 
0.998 -0.051 -0.042 -0.017 0.733 0.000 -0.680 0.012 1.000 0.000 0.000 -0.000 0.998 0.000 -0.025 0.051 0.686 0.000 0.607 -0.402 0.704 0.000 -0.701 0.112 0.999 0.000 -0.007 0.040 0.762 -0.000 -0.641 0.093 0.995 0.000 0.042 0.091 
0.998 -0.051 -0.042 -0.018 0.733 0.000 -0.680 0.012 1.000 0.000 0.000 0.000 0.998 0.000 -0.028 0.054 0.684 0.000 0.620 -0.384 0.704 0.000 -0.701 0.111 0.999 0.000 -0.007 0.040 0.762 0.000 -0.641 0.093 0.995 -0.000 0.042 0.090 
0.998 -0.051 -0.042 -0.019 0.733 0.000 -0.680 0.012 1.000 0.000 -0.000 0.000 0.998 0.000 -0.032 0.058 0.683 0.000 0.631 -0.366 0.704 0.000 -0.701 0.111 0.999 -0.000 -0.007 0.040 0.762 0.000 -0.641 0.093 0.995 0.000 0.042 0.090 
0.998 -0.051 -0.042 -0.019 0.733 0.000 -0.681 0.012 1.000 0.000 0.000 -0.000 0.998 0.000 -0.035 0.061 0.683 0.000 0.643 -0.346 0.704 0.000 -0.701 0.111 0.999 -0.000 -0.007 0.040 0.762 0.000 -0.641 0.094 0.995 -0.000 0.042 0.090 
0.998 -0.051 -0.042 -0.020 0.732 0.000 -0.681 0.012 1.000 0.000 0.000 0.000 0.997 0.000 -0.038 0.064 0.682 0.000 0.654 -0.327 0.704 0.000 -0.701 0.111 0.999 0.000 -0.007 0.040 0.762 0.000 -0.641 0.094 0.995 -0.000 0.043 0.090 
0.998 -0.051 -0.043 -0.021 0.732 0.000 -0.681 0.012 1.000 -0.000 0.000 -0.000 0.997 0.000 -0.042 0.067 0.681 -0.000 0.664 -0.308 0.704 0.000 -0.701 0.111 0.999 -0.000 -0.007 0.040 0.762 0.000 -0.641 0.095 0.995 0.000 0.043 0.089 
0.998 -0.051 -0.042 -0.021 0.732 0.000 -0.682 0.012 1.000 0.000 -0.000 0.000 0.996 -0.000 -0.046 0.070 0.681 -0.000 0.674 -0.288 0.704 -0.000 -0.701 0.111 0.999 0.000 -0.007 0.040 0.762 0.000 -0.641 0.095 0.995 0.000 0.043 0.089 
0.998 -0.051 -0.042 -0.022 0.731 0.000 -0.682 0.012 1.000 -0.000 0.000 0.000 0.996 0.000 -0.050 0.073 0.680 0.000 0.683 -0.268 0.704 0.000 -0.701 0.111 0.999 0.000 -0.007 0.040 0.761 0.000 -0.641 0.096 0.995 -0.000 0.043 0.089 
0.998 -0.051 -0.043 -0.023 0.731 -0.000 -0.682 0.013 1.000 0.000 0.000 0.000 0.996 0.000 -0.054 0.075 0.680 0.000 0.691 -0.247 0.704 0.000 -0.701 0.110 0.999 0.000 -0.007 0.039 0.761 0.000 -0.641 0.096 0.995 0.000 0.043 0.088 
0.998 -0.051 -0.043 -0.023 0.731 0.000 -0.683 0.013 1.000 -0.000 -0.000 -0.000 0.995 0.000 -0.059 0.078 0.678 0.000 0.699 -0.227 0.704 0.000 -0.701 0.110 0.999 0.000 -0.007 0.039 0.761 0.000 -0.641 0.097 0.995 0.000 0.043 0.088 
0.998 -0.050 -0.043 -0.024 0.730 0.000 -0.683 0.013 1.000 0.000 0.000 -0.000 0.995 0.000 -0.063 0.081 0.678 0.000 0.706 -0.206 0.704 0.000 -0.701 0.109 0.999 0.000 -0.007 0.039 0.761 0.000 -0.641 0.097 0.995 0.000 0.043 0.088 
0.998 -0.050 -0.043 -0.025 0.730 0.000 -0.683 0.013 1.000 0.000 -0.000 0.000 0.994 0.000 -0.068 0.083 0.677 -0.000 0.712 -0.185 0.704 0.000 -0.701 0.109 0.999 0.000 -0.007 0.040 0.761 0.000 -0.641 0.098 0.995 0.000 0.043 0.087 
0.998 -0.050 -0.043 -0.026 0.730 0.000 -0.684 0.013 1.000 0.000 0.000 -0.000 0.994 -0.000 -0.072 0.085 0.677 0.000 0.718 -0.164 0.704 0.000 -0.701 0.108 0.999 0.000 -0.007 0.040 0.761 0.000 -0.641 0.098 0.995 0.000 0.043 0.087 
0.997 -0.050 -0.043 -0.026 0.730 0.000 -0.684 0.013 1.000 0.000 -0.000 0.000 0.993 0.000 -0.077 0.086 0.676 0.000 0.722 -0.143 0.705 0.000 -0.701 0.108 0.999 0.000 -0.007 0.040 0.761 0.000 -0.641 0.098 0.995 0.000 0.043 0.087 
0.997 -0.050 -0.043 -0.027 0.729 0.000 -0.684 0.014 1.000 0.000 0.000 -0.000 0.993 0.000 -0.082 0.087 0.677 -0.000 0.726 -0.122 0.705 0.000 -0.702 0.107 0.999 0.000 -0.006 0.040 0.761 0.000 -0.641 0.099 0.995 0.000 0.043 0.086 
0.997 -0.050 -0.043 -0.028 0.729 0.000 -0.684 0.014 1.000 0.000 0.000 0.000 0.992 0.000 -0.086 0.088 0.677 0.000 0.729 -0.101 0.705 0.000 -0.701 0.106 0.999 -0.000 -0.007 0.040 0.761 0.000 -0.641 0.099 0.995 0.000 0.043 0.086 
0.997 -0.049 -0.043 -0.028 0.729 0.000 -0.685 0.015 1.000 0.000 0.000 -0.000 0.992 0.000 -0.090 0.090 0.678 0.000 0.731 -0.082 0.705 0.000 -0.701 0.106 0.999 0.000 -0.007 0.039 0.761 -0.000 -0.641 0.099 0.995 0.000 0.043 0.086 
0.997 -0.049 -0.043 -0.029 0.728 0.000 -0.685 0.015 1.000 0.000 0.000 -0.000 0.991 0.000 -0.095 0.091 0.678 0.000 0.732 -0.062 0.705 0.000 -0.701 0.106 0.999 0.000 -0.007 0.039 0.761 0.000 -0.641 0.099 0.995 0.000 0.042 0.086 
0.997 -0.049 -0.043 -0.030 0.728 -0.000 -0.685 0.015 1.000 0.000 0.000 -0.000 0.991 -0.000 -0.099 0.092 0.678 0.000 0.733 -0.043 0.705 0.000 -0.701 0.105 0.999 0.000 -0.007 0.039 0.761 0.000 -0.641 0.099 0.995 0.000 0.042 0.086 
0.997 -0.049 -0.043 -0.031 0.728 -0.000 -0.686 0.015 1.000 0.000 -0.000 -0.000 0.990 0.000 -0.103 0.093 0.679 0.000 0.734 -0.025 0.705 0.000 -0.701 0.105 0.999 0.000 -0.008 0.039 0.761 -0.000 -0.641 0.100 0.995 0.000 0.043 0.086 
0.997 -0.049 -0.043 -0.032 0.728 -0.000 -0.686 0.016 1.000 -0.000 -0.000 0.000 0.990 0.000 -0.108 0.095 0.680 0.000 0.733 -0.008 0.705 0.000 -0.701 0.104 0.999 0.000 -0.008 0.039 0.761 0.000 -0.641 0.100 0.995 0.000 0.042 0.086 
0.997 -0.049 -0.043 -0.032 0.727 0.000 -0.686 0.016 1.000 -0.000 0.000 -0.000 0.989 0.000 -0.111 0.096 0.681 0.000 0.732 0.009 0.705 0.000 -0.701 0.104 0.999 -0.000 -0.008 0.039 0.761 0.000 -0.641 0.100 0.995 0.000 0.043 0.085 
0.997 -0.048 -0.043 -0.033 0.727 0.000 -0.686 0.016 1.000 0.000 0.000 -0.000 0.989 0.000 -0.115 0.097 0.682 0.000 0.731 0.025 0.706 -0.000 -0.701 0.104 0.999 0.000 -0.008 0.039 0.760 0.000 -0.642 0.101 0.995 -0.000 0.043 0.085 
0.997 -0.048 -0.043 -0.034 0.727 0.000 -0.686 0.017 1.000 0.000 0.000 -0.000 0.988 0.000 -0.118 0.098 0.684 0.000 0.729 0.038 0.706 0.000 -0.701 0.104 0.999 0.000 -0.008 0.039 0.760 0.000 -0.642 0.101 0.995 0.000 0.044 0.085 
0.997 -0.048 -0.043 -0.034 0.727 0.000 -0.687 0.017 1.000 0.000 -0.000 0.000 0.988 0.000 -0.121 0.099 0.685 0.000 0.726 0.051 0.706 0.000 -0.701 0.103 0.999 0.000 -0.008 0.039 0.760 0.000 -0.642 0.101 0.995 0.000 0.044 0.085 
0.997 -0.048 -0.043 -0.035 0.727 0.000 -0.687 0.018 1.000 0.000 0.000 -0.000 0.987 0.000 -0.125 0.100 0.686 -0.000 0.725 0.065 0.706 -0.000 -0.701 0.103 0.999 0.000 -0.008 0.040 0.760 0.000 -0.642 0.102 0.995 0.000 0.044 0.085 
0.997 -0.048 -0.043 -0.035 0.727 0.000 -0.687 0.018 1.000 0.000 0.000 0.000 0.987 0.000 -0.127 0.101 0.688 -0.000 0.722 0.075 0.706 -0.000 -0.701 0.102 0.999 -0.000 -0.008 0.040 0.760 0.000 -0.642 0.101 0.995 0.000 0.043 0.085 
0.997 -0.048 -0.043 -0.036 0.727 0.000 -0.687 0.019 1.000 0.000 0.000 0.000 0.986 0.000 -0.130 0.101 0.688 -0.000 0.720 0.085 0.706 0.000 -0.701 0.102 0.999 -0.000 -0.008 0.040 0.760 0.000 -0.642 0.102 0.995 0.000 0.044 0.085 
0.997 -0.048 -0.043 -0.036 0.727 0.000 -0.687 0.019 1.000 0.000 -0.000 -0.000 0.986 0.000 -0.132 0.102 0.690 0.000 0.718 0.093 0.706 0.000 -0.701 0.102 0.999 -0.000 -0.009 0.040 0.760 0.000 -0.642 0.101 0.995 0.000 0.043 0.086 
0.997 -0.048 -0.043 -0.037 0.726 0.000 -0.687 0.020 1.000 0.000 0.000 0.000 0.986 0.000 -0.133 0.103 0.692 0.000 0.715 0.099 0.706 0.000 -0.701 0.102 0.999 0.000 -0.009 0.040 0.760 0.000 -0.642 0.102 0.995 0.000 0.043 0.086 
0.997 -0.048 -0.043 -0.038 0.726 0.000 -0.687 0.021 1.000 0.000 0.000 -0.000 0.985 0.000 -0.136 0.104 0.693 0.000 0.713 0.106 0.706 -0.000 -0.701 0.101 0.999 0.000 -0.009 0.040 0.760 0.000 -0.642 0.102 0.995 0.000 0.043 0.086 
0.997 -0.048 -0.043 -0.039 0.727 -0.000 -0.687 0.021 1.000 0.000 0.000 -0.000 0.985 0.000 -0.137 0.106 0.693 0.000 0.712 0.110 0.707 -0.000 -0.700 0.101 0.999 0.000 -0.009 0.040 0.760 0.000 -0.642 0.102 0.995 0.000 0.043 0.086 
0.997 -0.048 -0.043 -0.039 0.727 0.000 -0.687 0.022 1.000 -0.000 -0.000 0.000 0.984 0.000 -0.138 0.108 0.695 0.000 0.710 0.114 0.707 0.000 -0.700 0.100 0.999 -0.000 -0.009 0.041 0.760 -0.000 -0.642 0.102 0.995 0.000 0.043 0.086 
0.997 -0.048 -0.043 -0.040 0.727 -0.000 -0.687 0.022 1.000 0.000 0.000 0.000 0.984 -0.000 -0.139 0.110 0.696 0.000 0.709 0.115 0.707 0.000 -0.701 0.100 0.999 0.000 -0.009 0.040 0.760 -0.000 -0.642 0.103 0.995 -0.000 0.043 0.086 
0.997 -0.048 -0.043 -0.041 0.727 0.000 -0.687 0.023 1.000 0.000 0.000 0.000 0.984 0.000 -0.139 0.111 0.697 0.000 0.707 0.116 0.707 0.000 -0.700 0.100 0.999 0.000 -0.009 0.040 0.760 0.000 -0.642 0.103 0.995 0.000 0.043 0.086 
0.997 -0.048 -0.043 -0.042 0.727 -0.000 -0.687 0.024 1.000 -0.000 -0.000 0.000 0.984 -0.000 -0.139 0.114 0.698 0.000 0.706 0.115 0.707 0.000 -0.701 0.100 0.999 -0.000 -0.009 0.040 0.760 -0.000 -0.642 0.104 0.995 0.000 0.043 0.086 
0.997 -0.048 -0.043 -0.042 0.727 0.000 -0.687 0.024 1.000 0.000 -0.000 0.000 0.983 0.000 -0.140 0.115 0.700 0.000 0.705 0.113 0.706 0.000 -0.701 0.100 0.999 0.000 -0.009 0.040 0.759 -0.000 -0.642 0.104 0.995 0.000 0.044 0.086 
0.997 -0.048 -0.043 -0.043 0.727 0.000 -0.686 0.025 1.000 0.000 0.000 -0.000 0.983 0.000 -0.139 0.117 0.701 0.000 0.705 0.111 0.706 0.000 -0.701 0.100 0.999 0.000 -0.009 0.040 0.760 0.000 -0.642 0.105 0.995 0.000 0.044 0.086 
0.997 -0.048 -0.043 -0.043 0.727 0.000 -0.686 0.026 1.000 0.000 0.000 -0.000 0.983 -0.000 -0.139 0.119 0.702 -0.000 0.704 0.108 0.706 0.000 -0.701 0.101 0.999 0.000 -0.009 0.040 0.759 -0.000 -0.642 0.105 0.995 0.000 0.044 0.086 
0.997 -0.048 -0.043 -0.044 0.727 0.000 -0.686 0.026 1.000 0.000 0.000 -0.000 0.983 0.000 -0.138 0.121 0.702 -0.000 0.704 0.104 0.706 0.000 -0.701 0.101 0.999 0.000 -0.008 0.040 0.759 0.000 -0.642 0.106 0.995 0.000 0.045 0.085 
0.997 -0.049 -0.043 -0.045 0.727 0.000 -0.686 0.027 1.000 0.000 0.000 -0.000 0.983 0.000 -0.137 0.123 0.703 0.000 0.704 0.101 0.706 0.000 -0.701 0.101 0.999 -0.000 -0.008 0.039 0.759 0.000 -0.642 0.107 0.995 -0.000 0.045 0.085 
0.997 -0.049 -0.043 -0.045 0.727 0.000 -0.686 0.028 1.000 -0.000 0.000 0.000 0.983 0.000 -0.136 0.124 0.704 0.000 0.703 0.097 0.706 0.000 -0.701 0.101 0.999 0.000 -0.008 0.039 0.759 0.000 -0.642 0.107 0.995 0.000 0.046 0.085 
0.997 -0.049 -0.043 -0.046 0.727 -0.000 -0.686 0.028 1.000 -0.000 -0.000 0.000 0.983 0.000 -0.135 0.126 0.705 0.000 0.703 0.092 0.706 0.000 -0.701 0.102 0.999 0.000 -0.008 0.039 0.759 0.000 -0.642 0.108 0.995 0.000 0.046 0.084 
0.997 -0.049 -0.043 -0.046 0.728 -0.000 -0.685 0.029 1.000 0.000 0.000 -0.000 0.983 0.000 -0.134 0.127 0.706 0.000 0.703 0.088 0.706 0.000 -0.701 0.102 0.999 0.000 -0.008 0.038 0.759 0.000 -0.642 0.108 0.995 0.000 0.046 0.085 
0.997 -0.049 -0.044 -0.047 0.728 0.000 -0.685 0.029 1.000 0.000 0.000 0.000 0.983 -0.000 -0.133 0.129 0.706 0.000 0.703 0.084 0.706 0.000 -0.701 0.102 0.999 0.000 -0.008 0.038 0.759 0.000 -0.642 0.108 0.995 0.000 0.046 0.084 
0.997 -0.049 -0.044 -0.047 0.728 0.000 -0.685 0.030 1.000 0.000 0.000 0.000 0.983 0.000 -0.132 0.130 0.707 -0.000 0.703 0.079 0.706 -0.000 -0.701 0.102 0.999 0.000 -0.008 0.038 0.759 0.000 -0.642 0.109 0.995 0.000 0.046 0.084 
0.997 -0.049 -0.044 -0.047 0.728 0.000 -0.685 0.030 1.000 -0.000 0.000 0.000 0.983 -0.000 -0.131 0.131 0.707 0.000 0.703 0.075 0.706 0.000 -0.701 0.102 0.999 0.000 -0.008 0.038 0.759 0.000 -0.642 0.108 0.995 0.000 0.047 0.084 
0.997 -0.049 -0.044 -0.047 0.728 0.000 -0.685 0.031 1.000 0.000 -0.000 -0.000 0.983 0.000 -0.130 0.131 0.708 0.000 0.702 0.071 0.706 0.000 -0.701 0.102 0.999 0.000 -0.008 0.038 0.759 0.000 -0.642 0.109 0.995 0.000 0.047 0.084 
0.997 -0.049 -0.044 -0.047 0.728 0.000 -0.684 0.031 1.000 0.000 0.000 -0.000 0.983 0.000 -0.129 0.132 0.709 0.000 0.702 0.068 0.706 0.000 -0.701 0.102 0.999 -0.000 -0.009 0.038 0.759 0.000 -0.642 0.109 0.995 -0.000 0.046 0.084 
0.997 -0.049 -0.044 -0.047 0.729 0.000 -0.684 0.031 1.000 0.000 -0.000 0.000 0.983 0.000 -0.128 0.132 0.709 0.000 0.702 0.065 0.706 0.000 -0.701 0.102 0.999 0.000 -0.009 0.038 0.759 0.000 -0.642 0.109 0.995 0.000 0.046 0.084 
0.997 -0.049 -0.044 -0.048 0.729 -0.000 -0.684 0.031 1.000 0.000 0.000 -0.000 0.983 0.000 -0.127 0.132 0.709 0.000 0.703 0.063 0.706 0.000 -0.701 0.102 0.999 0.000 -0.009 0.038 0.759 0.000 -0.642 0.108 0.995 0.000 0.046 0.084 
0.997 -0.049 -0.044 -0.048 0.729 0.000 -0.684 0.031 1.000 0.000 0.000 -0.000 0.983 0.000 -0.126 0.132 0.709 -0.000 0.703 0.061 0.706 0.000 -0.701 0.102 0.999 0.000 -0.009 0.038 0.759 0.000 -0.642 0.109 0.995 -0.000 0.047 0.084 
0.997 -0.049 -0.044 -0.047 0.729 0.000 -0.684 0.031 1.000 0.000 -0.000 0.000 0.983 -0.000 -0.126 0.132 0.709 0.000 0.703 0.058 0.706 0.000 -0.701 0.102 0.999 0.000 -0.009 0.039 0.759 -0.000 -0.642 0.109 0.995 -0.000 0.047 0.084 
0.997 -0.049 -0.044 -0.047 0.729 0.000 -0.683 0.031 1.000 0.000 -0.000 0.000 0.983 0.000 -0.125 0.131 0.709 0.000 0.703 0.056 0.706 0.000 -0.701 0.102 0.999 0.000 -0.009 0.039 0.759 0.000 -0.642 0.109 0.995 0.000 0.047 0.084 
0.997 -0.049 -0.044 -0.047 0.730 0.000 -0.683 0.031 1.000 0.000 0.000 -0.000 0.984 0.000 -0.125 0.130 0.709 -0.000 0.703 0.055 0.706 0.000 -0.701 0.102 0.999 -0.000 -0.009 0.039 0.759 0.000 -0.642 0.108 0.995 0.000 0.047 0.084 
0.997 -0.048 -0.044 -0.047 0.730 0.000 -0.683 0.031 1.000 -0.000 0.000 -0.000 0.984 0.000 -0.124 0.129 0.709 0.000 0.703 0.054 0.706 -0.000 -0.701 0.102 0.999 0.000 -0.010 0.039 0.759 0.000 -0.642 0.107 0.995 -0.000 0.047 0.085 
0.997 -0.048 -0.044 -0.047 0.730 0.000 -0.683 0.031 1.000 -0.000 -0.000 0.000 0.984 0.000 -0.124 0.129 0.709 0.000 0.703 0.054 0.706 0.000 -0.701 0.101 0.999 0.000 -0.010 0.039 0.759 0.000 -0.642 0.107 0.995 0.000 0.047 0.085 
0.997 -0.048 -0.044 -0.046 0.730 0.000 -0.683 0.031 1.000 0.000 0.000 -0.000 0.984 -0.000 -0.124 0.128 0.709 0.000 0.704 0.053 0.706 0.000 -0.701 0.102 0.999 0.000 -0.010 0.039 0.759 0.000 -0.642 0.107 0.995 -0.000 0.047 0.085 
0.997 -0.048 -0.044 -0.046 0.730 0.000 -0.682 0.030 1.000 0.000 0.000 -0.000 0.984 0.000 -0.124 0.127 0.709 0.000 0.704 0.052 0.706 0.000 -0.701 0.101 0.999 -0.000 -0.010 0.039 0.759 0.000 -0.642 0.107 0.995 0.000 0.047 0.084 
0.997 -0.048 -0.044 -0.046 0.731 0.000 -0.682 0.030 1.000 0.000 -0.000 0.000 0.984 0.000 -0.123 0.126 0.709 -0.000 0.704 0.051 0.706 0.000 -0.701 0.101 0.999 -0.000 -0.010 0.039 0.760 0.000 -0.642 0.107 0.995 0.000 0.047 0.085 
0.997 -0.048 -0.044 -0.045 0.731 0.000 -0.682 0.029 1.000 0.000 -0.000 -0.000 0.984 0.000 -0.123 0.125 0.709 0.000 0.704 0.051 0.705 0.000 -0.701 0.101 0.999 0.000 -0.010 0.039 0.759 0.000 -0.642 0.107 0.995 0.000 0.047 0.084 
0.997 -0.048 -0.044 -0.045 0.731 0.000 -0.682 0.029 1.000 0.000 0.000 -0.000 0.985 0.000 -0.123 0.124 0.708 0.000 0.704 0.050 0.705 0.000 -0.701 0.101 0.999 0.000 -0.010 0.039 0.760 0.000 -0.642 0.106 0.995 0.000 0.047 0.085 
0.997 -0.048 -0.044 -0.045 0.731 0.000 -0.682 0.028 1.000 0.000 -0.000 0.000 0.985 0.000 -0.123 0.123 0.708 -0.000 0.704 0.050 0.705 0.000 -0.702 0.101 0.999 -0.000 -0.009 0.039 0.760 0.000 -0.642 0.106 0.995 0.000 0.046 0.085 
0.997 -0.048 -0.044 -0.045 0.731 0.000 -0.682 0.027 1.000 0.000 -0.000 -0.000 0.985 0.000 -0.123 0.122 0.708 0.000 0.704 0.050 0.705 0.000 -0.702 0.101 0.999 0.000 -0.009 0.039 0.760 0.000 -0.642 0.106 0.995 0.000 0.047 0.084 
0.997 -0.048 -0.044 -0.045 0.731 0.000 -0.682 0.027 1.000 0.000 -0.000 0.000 0.985 0.000 -0.123 0.122 0.708 0.000 0.705 0.049 0.705 0.000 -0.702 0.101 0.999 0.000 -0.009 0.039 0.760 0.000 -0.642 0.106 0.995 0.000 0.047 0.084 
0.997 -0.048 -0.044 -0.045 0.731 0.000 -0.681 0.026 1.000 0.000 0.000 0.000 0.985 0.000 -0.123 0.121 0.708 0.000 0.705 0.048 0.705 0.000 -0.702 0.101 0.999 -0.000 -0.009 0.039 0.760 0.000 -0.642 0.105 0.995 0.000 0.046 0.085 
0.997 -0.048 -0.044 -0.045 0.732 0.000 -0.681 0.025 1.000 0.000 0.000 -0.000 0.985 0.000 -0.122 0.120 0.708 0.000 0.705 0.048 0.705 0.000 -0.702 0.101 0.999 -0.000 -0.009 0.039 0.760 -0.000 -0.642 0.105 0.995 -0.000 0.046 0.085 
0.997 -0.048 -0.044 -0.045 0.732 0.000 -0.681 0.024 1.000 0.000 0.000 -0.000 0.985 0.000 -0.122 0.120 0.708 0.000 0.705 0.046 0.705 -0.000 -0.702 0.101 0.999 0.000 -0.008 0.039 0.760 -0.000 -0.642 0.105 0.995 0.000 0.046 0.085 
0.997 -0.048 -0.044 -0.045 0.732 0.000 -0.681 0.023 1.000 0.000 0.000 0.000 0.985 0.000 -0.122 0.119 0.708 0.000 0.705 0.046 0.705 0.000 -0.702 0.100 0.999 0.000 -0.008 0.038 0.760 0.000 -0.642 0.105 0.995 0.000 0.046 0.085 
0.997 -0.047 -0.044 -0.045 0.732 0.000 -0.681 0.022 1.000 0.000 -0.000 0.000 0.985 0.000 -0.122 0.119 0.708 0.000 0.705 0.044 0.705 0.000 -0.702 0.100 0.999 0.000 -0.008 0.038 0.760 0.000 -0.642 0.105 0.995 0.000 0.046 0.085 
0.997 -0.047 -0.044 -0.045 0.732 0.000 -0.681 0.022 1.000 -0.000 -0.000 -0.000 0.985 0.000 -0.121 0.119 0.708 0.000 0.705 0.042 0.705 -0.000 -0.702 0.100 0.999 0.000 -0.008 0.038 0.760 0.000 -0.642 0.105 0.995 0.000 0.046 0.085 
0.997 -0.047 -0.044 -0.045 0.732 -0.000 -0.681 0.021 1.000 0.000 0.000 0.000 0.985 0.000 -0.121 0.119 0.708 0.000 0.705 0.040 0.705 0.000 -0.702 0.100 0.999 0.000 -0.008 0.038 0.760 0.000 -0.642 0.104 0.995 0.000 0.046 0.085 
0.997 -0.047 -0.044 -0.045 0.732 0.000 -0.681 0.020 1.000 0.000 0.000 -0.000 0.985 0.000 -0.121 0.120 0.708 0.000 0.705 0.038 0.705 -0.000 -0.702 0.099 0.999 0.000 -0.008 0.038 0.760 0.000 -0.642 0.104 0.995 0.000 0.046 0.085 
0.997 -0.047 -0.044 -0.046 0.732 0.000 -0.682 0.019 1.000 0.000 0.000 0.000 0.985 0.000 -0.120 0.120 0.708 0.000 0.705 0.034 0.705 0.000 -0.702 0.099 0.999 -0.000 -0.008 0.038 0.760 0.000 -0.642 0.104 0.995 0.000 0.046 0.085 
0.997 -0.047 -0.044 -0.046 0.731 0.000 -0.682 0.018 1.000 0.000 -0.000 0.000 0.985 0.000 -0.120 0.121 0.708 -0.000 0.705 0.032 0.705 0.000 -0.702 0.099 0.999 0.000 -0.008 0.038 0.760 0.000 -0.642 0.104 0.995 0.000 0.046 0.085 
0.997 -0.046 -0.044 -0.046 0.731 -0.000 -0.682 0.017 1.000 0.000 -0.000 0.000 0.985 -0.000 -0.119 0.122 0.709 0.000 0.705 0.028 0.705 0.000 -0.702 0.099 0.999 -0.000 -0.008 0.037 0.760 -0.000 -0.642 0.104 0.995 0.000 0.045 0.085 
0.997 -0.046 -0.044 -0.047 0.731 -0.000 -0.682 0.016 1.000 0.000 0.000 0.000 0.985 0.000 -0.119 0.123 0.709 0.000 0.705 0.024 0.705 0.000 -0.702 0.098 0.999 0.000 -0.008 0.037 0.759 -0.000 -0.642 0.104 0.995 0.000 0.046 0.084 
0.997 -0.046 -0.044 -0.047 0.731 0.000 -0.682 0.015 1.000 0.000 0.000 0.000 0.985 0.000 -0.118 0.123 0.709 0.000 0.705 0.021 0.705 -0.000 -0.702 0.098 0.999 -0.000 -0.008 0.037 0.760 -0.000 -0.642 0.104 0.995 -0.000 0.046 0.085 
0.997 -0.046 -0.044 -0.047 0.731 0.000 -0.682 0.014 1.000 0.000 -0.000 -0.000 0.985 0.000 -0.118 0.124 0.709 0.000 0.705 0.017 0.705 0.000 -0.703 0.098 0.999 0.000 -0.008 0.037 0.759 0.000 -0.642 0.104 0.995 0.000 0.046 0.084 
0.997 -0.046 -0.045 -0.048 0.731 0.000 -0.683 0.014 1.000 0.000 -0.000 0.000 0.985 0.000 -0.117 0.124 0.709 0.000 0.705 0.013 0.705 -0.000 -0.703 0.098 0.999 0.000 -0.008 0.037 0.760 0.000 -0.642 0.104 0.995 0.000 0.045 0.085 
0.997 -0.046 -0.045 -0.048 0.731 0.000 -0.683 0.013 1.000 0.000 0.000 0.000 0.985 -0.000 -0.117 0.125 0.710 0.000 0.705 0.010 0.705 0.000 -0.703 0.097 0.999 -0.000 -0.008 0.037 0.760 -0.000 -0.642 0.103 0.995 0.000 0.045 0.085 
0.997 -0.046 -0.045 -0.048 0.730 0.000 -0.683 0.012 1.000 -0.000 0.000 -0.000 0.985 0.000 -0.116 0.126 0.710 0.000 0.704 0.006 0.705 0.000 -0.703 0.097 0.999 0.000 -0.008 0.037 0.759 0.000 -0.642 0.104 0.995 0.000 0.046 0.084 
0.997 -0.046 -0.045 -0.049 0.730 0.000 -0.683 0.012 1.000 0.000 0.000 0.000 0.985 -0.000 -0.115 0.126 0.711 0.000 0.703 0.001 0.705 -0.000 -0.702 0.097 0.999 0.000 -0.008 0.036 0.760 0.000 -0.642 0.104 0.995 0.000 0.045 0.085 
0.997 -0.045 -0.045 -0.049 0.730 0.000 -0.683 0.012 1.000 0.000 -0.000 0.000 0.985 -0.000 -0.114 0.126 0.712 0.000 0.703 -0.003 0.705 0.000 -0.702 0.097 0.999 0.000 -0.008 0.036 0.760 0.000 -0.642 0.104 0.995 0.000 0.045 0.085 
0.997 -0.045 -0.045 -0.049 0.730 0.000 -0.684 0.011 1.000 0.000 0.000 -0.000 0.986 0.000 -0.113 0.127 0.712 0.000 0.702 -0.007 0.705 0.000 -0.702 0.097 0.999 0.000 -0.008 0.036 0.760 0.000 -0.642 0.104 0.995 0.000 0.045 0.085 
0.997 -0.045 -0.045 -0.049 0.730 0.000 -0.684 0.011 1.000 0.000 0.000 -0.000 0.986 0.000 -0.112 0.127 0.713 0.000 0.701 -0.011 0.705 0.000 -0.702 0.096 0.999 0.000 -0.008 0.036 0.760 0.000 -0.642 0.103 0.995 0.000 0.045 0.085 
0.997 -0.045 -0.045 -0.050 0.729 0.000 -0.684 0.010 1.000 0.000 -0.000 0.000 0.986 -0.000 -0.110 0.127 0.714 0.000 0.700 -0.016 0.705 0.000 -0.702 0.096 0.999 0.000 -0.008 0.036 0.760 0.000 -0.642 0.103 0.995 0.000 0.045 0.085 
0.997 -0.045 -0.045 -0.050 0.729 0.000 -0.684 0.010 1.000 0.000 0.000 -0.000 0.986 0.000 -0.109 0.127 0.715 0.000 0.699 -0.021 0.705 -0.000 -0.702 0.096 0.999 0.000 -0.008 0.036 0.760 0.000 -0.642 0.103 0.995 0.000 0.044 0.085 
0.997 -0.045 -0.045 -0.050 0.729 0.000 -0.685 0.010 1.000 -0.000 -0.000 0.000 0.986 -0.000 -0.108 0.127 0.716 0.000 0.698 -0.026 0.705 0.000 -0.702 0.096 0.999 0.000 -0.008 0.036 0.760 0.000 -0.642 0.103 0.995 0.000 0.044 0.085 
0.997 -0.045 -0.045 -0.050 0.729 0.000 -0.685 0.010 1.000 -0.000 0.000 -0.000 0.986 0.000 -0.106 0.127 0.717 0.000 0.697 -0.032 0.705 0.000 -0.702 0.095 0.999 0.000 -0.008 0.036 0.760 0.000 -0.642 0.103 0.995 0.000 0.044 0.085 
0.997 -0.045 -0.045 -0.050 0.728 0.000 -0.685 0.009 1.000 0.000 0.000 0.000 0.986 0.000 -0.105 0.127 0.718 0.000 0.695 -0.038 0.705 0.000 -0.702 0.095 0.999 0.000 -0.008 0.036 0.760 0.000 -0.642 0.103 0.995 0.000 0.044 0.085 
0.997 -0.045 -0.045 -0.050 0.728 0.000 -0.685 0.009 1.000 0.000 0.000 -0.000 0.987 0.000 -0.103 0.127 0.718 0.000 0.694 -0.044 0.705 0.000 -0.702 0.095 0.999 -0.000 -0.008 0.036 0.760 0.000 -0.642 0.103 0.995 0.000 0.044 0.085 
0.997 -0.045 -0.045 -0.051 0.728 0.000 -0.685 0.009 1.000 -0.000 0.000 -0.000 0.987 -0.000 -0.101 0.126 0.720 0.000 0.693 -0.051 0.706 0.000 -0.702 0.095 0.999 0.000 -0.009 0.036 0.760 -0.000 -0.642 0.103 0.995 0.000 0.044 0.085 
0.997 -0.045 -0.045 -0.051 0.728 0.000 -0.685 0.009 1.000 0.000 0.000 -0.000 0.987 0.000 -0.099 0.126 0.721 -0.000 0.691 -0.059 0.706 0.000 -0.702 0.095 0.999 0.000 -0.009 0.036 0.760 0.000 -0.642 0.103 0.995 0.000 0.044 0.085 
0.997 -0.045 -0.045 -0.051 0.728 -0.000 -0.686 0.009 1.000 0.000 -0.000 0.000 0.987 0.000 -0.097 0.126 0.722 0.000 0.689 -0.067 0.706 0.000 -0.702 0.095 0.999 0.000 -0.009 0.036 0.759 0.000 -0.642 0.104 0.995 0.000 0.045 0.084 
0.997 -0.045 -0.045 -0.051 0.728 0.000 -0.686 0.010 1.000 0.000 0.000 0.000 0.987 0.000 -0.095 0.127 0.722 0.000 0.687 -0.076 0.706 0.000 -0.702 0.095 0.999 0.000 -0.009 0.036 0.760 0.000 -0.642 0.103 0.995 0.000 0.044 0.085 
0.997 -0.045 -0.045 -0.051 0.728 0.000 -0.686 0.010 1.000 0.000 -0.000 0.000 0.988 0.000 -0.092 0.127 0.724 -0.000 0.685 -0.085 0.706 0.000 -0.702 0.095 0.999 0.000 -0.009 0.036 0.760 0.000 -0.642 0.103 0.995 0.000 0.044 0.085 
0.997 -0.045 -0.045 -0.051 0.728 0.000 -0.686 0.010 1.000 0.000 0.000 -0.000 0.988 0.000 -0.090 0.127 0.724 0.000 0.683 -0.095 0.706 0.000 -0.702 0.095 0.999 0.000 -0.009 0.036 0.760 0.000 -0.642 0.103 0.995 0.000 0.044 0.085 
0.997 -0.045 -0.045 -0.051 0.728 -0.000 -0.686 0.010 1.000 0.000 0.000 -0.000 0.988 -0.000 -0.087 0.128 0.725 -0.000 0.680 -0.106 0.706 0.000 -0.702 0.095 0.999 0.000 -0.009 0.036 0.760 0.000 -0.642 0.104 0.995 0.000 0.044 0.085 
0.997 -0.045 -0.045 -0.051 0.728 0.000 -0.686 0.011 1.000 0.000 0.000 -0.000 0.988 0.000 -0.084 0.128 0.726 0.000 0.678 -0.117 0.706 0.000 -0.702 0.095 0.999 -0.000 -0.009 0.036 0.760 0.000 -0.642 0.104 0.995 0.000 0.044 0.085 
0.997 -0.045 -0.045 -0.051 0.728 0.000 -0.686 0.011 1.000 0.000 -0.000 -0.000 0.988 -0.000 -0.081 0.128 0.726 -0.000 0.675 -0.128 0.706 0.000 -0.702 0.095 0.999 0.000 -0.009 0.037 0.760 0.000 -0.642 0.104 0.995 0.000 0.044 0.085 
0.997 -0.045 -0.045 -0.050 0.728 0.000 -0.686 0.011 1.000 0.000 0.000 -0.000 0.989 0.000 -0.078 0.129 0.727 0.000 0.672 -0.140 0.706 0.000 -0.702 0.095 0.999 -0.000 -0.009 0.037 0.760 -0.000 -0.642 0.104 0.995 0.000 0.044 0.085 
0.997 -0.045 -0.045 -0.050 0.728 0.000 -0.686 0.012 1.000 0.000 0.000 -0.000 0.989 0.000 -0.075 0.129 0.728 0.000 0.669 -0.153 0.706 0.000 -0.702 0.095 0.999 0.000 -0.009 0.037 0.760 0.000 -0.642 0.104 0.995 0.000 0.044 0.085 
0.997 -0.045 -0.045 -0.050 0.728 0.000 -0.686 0.012 1.000 0.000 0.000 0.000 0.989 0.000 -0.071 0.130 0.728 0.000 0.665 -0.166 0.706 0.000 -0.702 0.095 0.999 0.000 -0.009 0.037 0.760 0.000 -0.642 0.104 0.995 -0.000 0.044 0.085 
0.997 -0.045 -0.045 -0.050 0.728 0.000 -0.686 0.013 1.000 0.000 0.000 -0.000 0.989 0.000 -0.067 0.131 0.729 -0.000 0.660 -0.181 0.706 0.000 -0.702 0.095 0.999 0.000 -0.009 0.037 0.760 0.000 -0.642 0.104 0.995 0.000 0.044 0.085 
0.997 -0.045 -0.045 -0.050 0.728 0.000 -0.686 0.013 1.000 -0.000 0.000 -0.000 0.989 0.000 -0.063 0.132 0.730 -0.000 0.655 -0.195 0.706 0.000 -0.702 0.095 0.999 0.000 -0.009 0.037 0.760 0.000 -0.642 0.104 0.995 0.000 0.044 0.085 
0.997 -0.046 -0.045 -0.050 0.728 0.000 -0.685 0.013 1.000 0.000 -0.000 -0.000 0.989 0.000 -0.059 0.132 0.731 0.000 0.650 -0.210 0.706 0.000 -0.702 0.096 0.999 0.000 -0.009 0.037 0.760 -0.000 -0.642 0.104 0.995 0.000 0.044 0.085 
0.997 -0.046 -0.045 -0.049 0.728 0.000 -0.685 0.014 1.000 -0.000 -0.000 0.000 0.990 0.000 -0.054 0.133 0.731 0.000 0.644 -0.226 0.706 0.000 -0.702 0.096 0.999 -0.000 -0.009 0.037 0.760 0.000 -0.642 0.104 0.995 0.000 0.044 0.085 
0.997 -0.046 -0.045 -0.050 0.728 0.000 -0.685 0.014 1.000 0.000 0.000 0.000 0.990 0.000 -0.050 0.134 0.732 0.000 0.637 -0.241 0.706 -0.000 -0.702 0.096 0.999 0.000 -0.009 0.037 0.759 0.000 -0.642 0.104 0.995 0.000 0.044 0.085 
0.997 -0.046 -0.045 -0.049 0.728 0.000 -0.685 0.015 1.000 0.000 -0.000 -0.000 0.990 0.000 -0.046 0.133 0.732 0.000 0.631 -0.257 0.706 0.000 -0.702 0.097 0.999 -0.000 -0.008 0.037 0.759 -0.000 -0.642 0.105 0.995 0.000 0.044 0.085 
0.997 -0.046 -0.045 -0.049 0.728 -0.000 -0.685 0.016 1.000 0.000 -0.000 -0.000 0.990 0.000 -0.041 0.133 0.732 0.000 0.624 -0.273 0.706 0.000 -0.702 0.097 0.999 0.000 -0.008 0.038 0.760 0.000 -0.642 0.104 0.995 0.000 0.044 0.085 
0.997 -0.046 -0.045 -0.049 0.728 0.000 -0.685 0.016 1.000 -0.000 -0.000 0.000 0.990 0.000 -0.036 0.133 0.733 -0.000 0.616 -0.288 0.706 0.000 -0.702 0.097 0.999 -0.000 -0.008 0.038 0.760 0.000 -0.642 0.104 0.995 0.000 0.044 0.085 
0.997 -0.046 -0.045 -0.048 0.729 0.000 -0.685 0.017 1.000 0.000 -0.000 0.000 0.991 0.000 -0.031 0.133 0.733 0.000 0.608 -0.305 0.706 0.000 -0.702 0.097 0.999 0.000 -0.008 0.038 0.760 0.000 -0.642 0.104 0.995 0.000 0.044 0.085 
0.997 -0.046 -0.045 -0.048 0.729 0.000 -0.685 0.017 1.000 0.000 0.000 -0.000 0.991 0.000 -0.026 0.132 0.733 0.000 0.600 -0.321 0.706 0.000 -0.702 0.097 0.999 0.000 -0.008 0.038 0.760 0.000 -0.642 0.104 0.995 -0.000 0.044 0.085 
0.997 -0.047 -0.045 -0.047 0.729 0.000 -0.684 0.018 1.000 0.000 -0.000 0.000 0.991 0.000 -0.021 0.131 0.733 0.000 0.591 -0.337 0.706 -0.000 -0.702 0.097 0.999 -0.000 -0.008 0.038 0.760 0.000 -0.642 0.104 0.995 0.000 0.044 0.086 
0.997 -0.047 -0.045 -0.047 0.729 0.000 -0.684 0.018 1.000 0.000 0.000 0.000 0.991 0.000 -0.017 0.130 0.733 0.000 0.582 -0.352 0.706 0.000 -0.702 0.097 0.999 -0.000 -0.008 0.038 0.760 0.000 -0.642 0.104 0.995 0.000 0.044 0.086 
0.997 -0.047 -0.045 -0.047 0.729 0.000 -0.684 0.019 1.000 0.000 0.000 0.000 0.992 0.000 -0.012 0.129 0.732 0.000 0.572 -0.369 0.706 0.000 -0.702 0.097 0.999 0.000 -0.008 0.038 0.760 0.000 -0.642 0.104 0.995 0.000 0.044 0.086 
0.997 -0.047 -0.045 -0.046 0.729 0.000 -0.684 0.020 1.000 0.000 0.000 -0.000 0.992 0.000 -0.008 0.128 0.732 0.000 0.562 -0.385 0.706 0.000 -0.702 0.098 0.999 -0.000 -0.008 0.038 0.760 0.000 -0.642 0.103 0.995 0.000 0.044 0.086 
0.997 -0.047 -0.045 -0.046 0.729 0.000 -0.684 0.021 1.000 0.000 0.000 0.000 0.992 0.000 -0.004 0.125 0.732 0.000 0.551 -0.401 0.706 0.000 -0.701 0.098 0.999 0.000 -0.008 0.039 0.760 0.000 -0.642 0.103 0.995 0.000 0.044 0.086 
0.997 -0.047 -0.045 -0.046 0.729 0.000 -0.684 0.021 1.000 0.000 0.000 0.000 0.992 0.000 0.000 0.123 0.732 -0.000 0.540 -0.417 0.706 0.000 -0.701 0.098 0.999 0.000 -0.008 0.039 0.760 0.000 -0.642 0.103 0.995 -0.000 0.044 0.086 
0.997 -0.047 -0.045 -0.045 0.730 0.000 -0.684 0.022 1.000 -0.000 0.000 -0.000 0.993 0.000 0.004 0.120 0.732 -0.000 0.527 -0.432 0.706 0.000 -0.701 0.099 0.999 0.000 -0.008 0.039 0.760 0.000 -0.642 0.103 0.995 0.000 0.044 0.086 
0.997 -0.047 -0.045 -0.045 0.730 0.000 -0.683 0.023 1.000 0.000 0.000 -0.000 0.993 0.000 0.008 0.117 0.732 0.000 0.514 -0.447 0.706 0.000 -0.701 0.099 0.999 0.000 -0.008 0.039 0.760 -0.000 -0.642 0.103 0.995 0.000 0.044 0.086 
0.997 -0.048 -0.045 -0.044 0.730 0.000 -0.683 0.023 1.000 0.000 0.000 -0.000 0.993 -0.000 0.012 0.115 0.731 0.000 0.501 -0.463 0.706 0.000 -0.701 0.099 0.999 -0.000 -0.008 0.039 0.760 0.000 -0.642 0.103 0.995 -0.000 0.044 0.087 
0.997 -0.048 -0.045 -0.043 0.730 0.000 -0.683 0.024 1.000 0.000 0.000 -0.000 0.994 -0.000 0.016 0.112 0.731 0.000 0.487 -0.478 0.706 -0.000 -0.701 0.099 0.999 -0.000 -0.008 0.039 0.760 -0.000 -0.642 0.103 0.995 0.000 0.044 0.087 
0.997 -0.048 -0.045 -0.043 0.730 0.000 -0.683 0.025 1.000 0.000 0.000 0.000 0.994 -0.000 0.019 0.108 0.731 0.000 0.472 -0.494 0.706 -0.000 -0.701 0.100 0.999 0.000 -0.009 0.039 0.760 0.000 -0.642 0.102 0.995 0.000 0.045 0.087 
0.997 -0.048 -0.045 -0.042 0.730 -0.000 -0.683 0.025 1.000 0.000 0.000 -0.000 0.994 0.000 0.023 0.105 0.731 0.000 0.457 -0.507 0.706 0.000 -0.701 0.100 0.999 0.000 -0.009 0.040 0.760 0.000 -0.642 0.102 0.995 0.000 0.045 0.087 
0.997 -0.048 -0.045 -0.042 0.730 0.000 -0.683 0.026 1.000 -0.000 -0.000 0.000 0.995 0.000 0.027 0.101 0.730 0.000 0.440 -0.522 0.706 0.000 -0.701 0.100 0.999 0.000 -0.009 0.040 0.760 0.000 -0.642 0.102 0.995 0.000 0.045 0.087 
0.997 -0.048 -0.045 -0.041 0.730 0.000 -0.683 0.026 1.000 -0.000 0.000 0.000 0.995 0.000 0.030 0.096 0.730 0.000 0.423 -0.536 0.706 -0.000 -0.701 0.101 0.999 0.000 -0.009 0.040 0.760 0.000 -0.642 0.102 0.995 -0.000 0.045 0.087 
0.997 -0.049 -0.045 -0.040 0.730 0.000 -0.683 0.027 1.000 0.000 -0.000 0.000 0.995 0.000 0.034 0.092 0.730 0.000 0.406 -0.549 0.706 -0.000 -0.701 0.101 0.999 0.000 -0.009 0.040 0.760 0.000 -0.642 0.102 0.995 0.000 0.045 0.087 
0.997 -0.049 -0.045 -0.039 0.730 0.000 -0.683 0.027 1.000 0.000 -0.000 -0.000 0.996 -0.000 0.037 0.086 0.731 0.000 0.388 -0.562 0.706 -0.000 -0.701 0.102 0.999 0.000 -0.009 0.040 0.760 0.000 -0.642 0.101 0.995 0.000 0.045 0.088 
0.997 -0.049 -0.044 -0.038 0.730 0.000 -0.683 0.028 1.000 0.000 -0.000 -0.000 0.996 0.000 0.040 0.082 0.731 0.000 0.369 -0.574 0.706 0.000 -0.701 0.102 0.999 0.000 -0.008 0.040 0.760 0.000 -0.642 0.101 0.995 -0.000 0.044 0.088 
0.997 -0.049 -0.044 -0.037 0.730 -0.000 -0.683 0.028 1.000 0.000 -0.000 0.000 0.996 0.000 0.044 0.077 0.732 0.000 0.347 -0.586 0.706 0.000 -0.701 0.103 0.999 0.000 -0.008 0.040 0.760 0.000 -0.642 0.100 0.995 0.000 0.044 0.088 
0.997 -0.049 -0.044 -0.036 0.730 0.000 -0.683 0.028 1.000 -0.000 0.000 -0.000 0.996 0.000 0.047 0.072 0.733 0.000 0.326 -0.597 0.706 0.000 -0.701 0.103 0.999 0.000 -0.008 0.040 0.760 0.000 -0.642 0.100 0.995 0.000 0.044 0.088 
0.997 -0.049 -0.044 -0.035 0.730 0.000 -0.683 0.028 1.000 0.000 0.000 -0.000 0.996 0.000 0.052 0.067 0.734 0.000 0.302 -0.608 0.706 0.000 -0.701 0.104 0.999 0.000 -0.008 0.040 0.760 0.000 -0.642 0.100 0.995 0.000 0.044 0.089 
0.997 -0.050 -0.044 -0.034 0.730 0.000 -0.683 0.028 1.000 0.000 0.000 -0.000 0.997 0.000 0.054 0.061 0.736 0.000 0.280 -0.617 0.706 0.000 -0.701 0.104 0.999 0.000 -0.008 0.040 0.760 -0.000 -0.642 0.099 0.995 0.000 0.044 0.089 
0.997 -0.050 -0.044 -0.033 0.730 0.000 -0.683 0.028 1.000 0.000 -0.000 0.000 0.997 -0.000 0.056 0.056 0.737 0.000 0.259 -0.625 0.706 0.000 -0.701 0.104 0.999 0.000 -0.008 0.041 0.760 -0.000 -0.642 0.099 0.995 0.000 0.043 0.089 
0.997 -0.050 -0.044 -0.032 0.730 0.000 -0.683 0.028 1.000 0.000 -0.000 0.000 0.997 0.000 0.058 0.049 0.738 0.000 0.237 -0.632 0.706 0.000 -0.701 0.105 0.999 0.000 -0.007 0.041 0.760 0.000 -0.642 0.098 0.995 0.000 0.043 0.089 
0.997 -0.050 -0.044 -0.031 0.730 0.000 -0.683 0.028 1.000 0.000 -0.000 0.000 0.997 0.000 0.059 0.043 0.739 -0.000 0.214 -0.638 0.706 0.000 -0.701 0.105 0.999 0.000 -0.007 0.041 0.761 0.000 -0.642 0.098 0.995 0.000 0.043 0.090 
0.997 -0.050 -0.044 -0.029 0.730 0.000 -0.683 0.029 1.000 0.000 0.000 -0.000 0.997 0.000 0.061 0.036 0.741 0.000 0.191 -0.644 0.705 0.000 -0.701 0.106 0.999 0.000 -0.007 0.041 0.761 0.000 -0.642 0.097 0.995 0.000 0.043 0.090 
0.997 -0.050 -0.044 -0.028 0.730 0.000 -0.683 0.028 1.000 0.000 0.000 0.000 0.998 0.000 0.062 0.030 0.742 0.000 0.169 -0.648 0.705 0.000 -0.701 0.107 0.999 0.000 -0.006 0.041 0.761 0.000 -0.642 0.097 0.995 0.000 0.042 0.091 
0.997 -0.051 -0.043 -0.027 0.730 0.000 -0.683 0.028 1.000 0.000 0.000 0.000 0.998 -0.000 0.063 0.023 0.745 0.000 0.148 -0.650 0.705 -0.000 -0.701 0.107 0.999 -0.000 -0.006 0.041 0.761 0.000 -0.642 0.096 0.995 0.000 0.042 0.091 
0.997 -0.051 -0.043 -0.026 0.730 0.000 -0.683 0.027 1.000 0.000 0.000 -0.000 0.998 -0.000 0.064 0.016 0.746 0.000 0.124 -0.654 0.705 0.000 -0.701 0.107 0.999 0.000 -0.006 0.041 0.761 0.000 -0.642 0.096 0.995 0.000 0.042 0.091 
0.997 -0.051 -0.043 -0.025 0.730 0.000 -0.683 0.027 1.000 0.000 -0.000 0.000 0.998 -0.000 0.064 0.010 0.748 0.000 0.101 -0.656 0.705 0.000 -0.701 0.108 0.999 0.000 -0.005 0.041 0.761 0.000 -0.641 0.095 0.995 -0.000 0.041 0.092 
0.997 -0.051 -0.043 -0.024 0.730 0.000 -0.683 0.026 1.000 0.000 -0.000 0.000 0.998 0.000 0.064 0.003 0.750 0.000 0.078 -0.657 0.705 0.000 -0.701 0.108 0.999 0.000 -0.005 0.041 0.761 0.000 -0.642 0.094 0.995 0.000 0.041 0.092 
0.998 -0.051 -0.043 -0.024 0.730 0.000 -0.683 0.026 1.000 0.000 -0.000 0.000 0.998 0.000 0.063 -0.004 0.752 0.000 0.058 -0.656 0.705 0.000 -0.701 0.108 0.999 0.000 -0.005 0.041 0.761 0.000 -0.642 0.094 0.995 0.000 0.041 0.092 
0.998 -0.051 -0.043 -0.023 0.730 0.000 -0.683 0.025 1.000 0.000 0.000 -0.000 0.998 0.000 0.062 -0.010 0.754 0.000 0.037 -0.655 0.705 0.000 -0.701 0.108 0.999 -0.000 -0.004 0.041 0.761 0.000 -0.642 0.093 0.995 0.000 0.041 0.092 
0.998 -0.051 -0.043 -0.022 0.729 0.000 -0.684 0.025 1.000 0.000 0.000 -0.000 0.998 0.000 0.061 -0.016 0.756 0.000 0.017 -0.654 0.705 -0.000 -0.701 0.108 0.999 0.000 -0.004 0.041 0.761 0.000 -0.642 0.093 0.995 -0.000 0.040 0.093 
0.998 -0.050 -0.043 -0.022 0.729 -0.000 -0.684 0.023 1.000 0.000 -0.000 0.000 0.998 0.000 0.060 -0.020 0.756 0.000 -0.002 -0.654 0.705 -0.000 -0.701 0.108 0.999 0.000 -0.004 0.041 0.761 -0.000 -0.642 0.092 0.995 0.000 0.040 0.093 
0.998 -0.050 -0.043 -0.021 0.729 -0.000 -0.684 0.022 1.000 0.000 0.000 -0.000 0.998 -0.000 0.059 -0.025 0.758 0.000 -0.020 -0.652 0.705 0.000 -0.701 0.107 0.999 -0.000 -0.004 0.041 0.761 0.000 -0.642 0.091 0.995 0.000 0.040 0.093 
0.998 -0.050 -0.043 -0.021 0.729 0.000 -0.684 0.022 1.000 0.000 0.000 0.000 0.998 0.000 0.057 -0.030 0.759 -0.000 -0.037 -0.650 0.704 0.000 -0.702 0.107 0.999 0.000 -0.003 0.041 0.761 0.000 -0.642 0.091 0.995 0.000 0.040 0.093 
0.998 -0.050 -0.043 -0.021 0.729 0.000 -0.685 0.021 1.000 0.000 -0.000 0.000 0.998 0.000 0.055 -0.035 0.760 0.000 -0.054 -0.647 0.704 -0.000 -0.702 0.107 0.999 0.000 -0.003 0.041 0.761 -0.000 -0.642 0.090 0.995 0.000 0.040 0.093 
0.998 -0.050 -0.043 -0.020 0.728 0.000 -0.685 0.020 1.000 -0.000 0.000 0.000 0.998 0.000 0.052 -0.040 0.762 0.000 -0.070 -0.644 0.704 -0.000 -0.702 0.107 0.999 0.000 -0.003 0.041 0.761 0.000 -0.642 0.090 0.995 0.000 0.040 0.092 
0.998 -0.050 -0.043 -0.020 0.728 0.000 -0.685 0.019 1.000 0.000 0.000 0.000 0.998 -0.000 0.049 -0.044 0.763 0.000 -0.084 -0.641 0.704 0.000 -0.702 0.107 0.999 -0.000 -0.003 0.041 0.761 0.000 -0.642 0.090 0.995 0.000 0.040 0.092 
0.998 -0.050 -0.043 -0.020 0.728 0.000 -0.685 0.018 1.000 0.000 0.000 -0.000 0.998 -0.000 0.046 -0.049 0.764 0.000 -0.097 -0.638 0.704 0.000 -0.702 0.107 0.999 0.000 -0.003 0.041 0.761 0.000 -0.642 0.090 0.995 -0.000 0.040 0.092 
0.998 -0.049 -0.043 -0.020 0.728 0.000 -0.686 0.017 1.000 0.000 0.000 -0.000 0.998 0.000 0.042 -0.052 0.765 -0.000 -0.108 -0.634 0.704 0.000 -0.702 0.106 0.999 0.000 -0.002 0.040 0.761 -0.000 -0.642 0.090 0.995 0.000 0.040 0.092 
0.998 -0.049 -0.043 -0.020 0.728 0.000 -0.686 0.016 1.000 0.000 0.000 -0.000 0.998 0.000 0.039 -0.055 0.766 0.000 -0.119 -0.631 0.704 0.000 -0.702 0.106 0.999 0.000 -0.002 0.040 0.761 0.000 -0.642 0.089 0.995 0.000 0.040 0.092 
0.998 -0.049 -0.043 -0.020 0.727 0.000 -0.686 0.015 1.000 0.000 -0.000 0.000 0.998 -0.000 0.035 -0.059 0.767 0.000 -0.129 -0.628 0.704 -0.000 -0.702 0.106 0.999 0.000 -0.002 0.040 0.761 0.000 -0.642 0.088 0.995 0.000 0.039 0.093 
0.998 -0.049 -0.043 -0.020 0.727 -0.000 -0.686 0.014 1.000 0.000 0.000 0.000 0.998 0.000 0.030 -0.060 0.767 0.000 -0.138 -0.626 0.704 0.000 -0.702 0.105 0.999 -0.000 -0.001 0.040 0.761 0.000 -0.643 0.088 0.995 0.000 0.039 0.092 
0.998 -0.048 -0.043 -0.020 0.727 0.000 -0.686 0.014 1.000 0.000 -0.000 -0.000 0.998 0.000 0.026 -0.062 0.768 0.000 -0.144 -0.623 0.704 0.000 -0.702 0.104 0.999 0.000 -0.002 0.040 0.761 0.000 -0.643 0.088 0.995 0.000 0.039 0.093 
0.998 -0.048 -0.043 -0.021 0.727 0.000 -0.686 0.013 1.000 0.000 0.000 0.000 0.998 0.000 0.022 -0.065 0.769 -0.000 -0.151 -0.621 0.704 0.000 -0.702 0.104 0.999 0.000 -0.002 0.040 0.761 0.000 -0.643 0.087 0.995 -0.000 0.039 0.093 
0.998 -0.048 -0.043 -0.021 0.727 -0.000 -0.687 0.012 1.000 -0.000 0.000 0.000 0.998 0.000 0.018 -0.066 0.769 0.000 -0.158 -0.619 0.704 0.000 -0.702 0.104 0.999 0.000 -0.002 0.040 0.761 0.000 -0.643 0.087 0.995 0.000 0.039 0.092 
0.998 -0.047 -0.043 -0.021 0.727 0.000 -0.687 0.011 1.000 0.000 0.000 0.000 0.998 0.000 0.015 -0.067 0.770 0.000 -0.163 -0.617 0.704 0.000 -0.702 0.103 0.999 0.000 -0.002 0.040 0.761 0.000 -0.643 0.087 0.995 0.000 0.039 0.092 
0.998 -0.047 -0.043 -0.022 0.727 0.000 -0.687 0.011 1.000 0.000 0.000 -0.000 0.998 -0.000 0.011 -0.068 0.770 0.000 -0.168 -0.616 0.704 0.000 -0.703 0.102 0.999 0.000 -0.001 0.040 0.761 0.000 -0.643 0.087 0.995 0.000 0.039 0.092 
0.998 -0.047 -0.043 -0.022 0.727 0.000 -0.687 0.011 1.000 0.000 -0.000 0.000 0.998 0.000 0.007 -0.069 0.770 0.000 -0.172 -0.615 0.704 0.000 -0.702 0.102 0.999 0.000 -0.002 0.039 0.761 0.000 -0.643 0.086 0.995 0.000 0.039 0.092 
0.998 -0.047 -0.043 -0.022 0.727 0.000 -0.687 0.010 1.000 0.000 0.000 -0.000 0.998 0.000 0.004 -0.070 0.770 0.000 -0.175 -0.613 0.704 0.000 -0.703 0.101 0.999 0.000 -0.002 0.039 0.761 0.000 -0.643 0.086 0.995 0.000 0.039 0.092 
0.998 -0.046 -0.043 -0.023 0.727 0.000 -0.687 0.010 1.000 0.000 0.000 -0.000 0.998 -0.000 0.000 -0.070 0.770 0.000 -0.178 -0.613 0.705 0.000 -0.702 0.101 0.999 0.000 -0.001 0.039 0.761 0.000 -0.643 0.086 0.995 0.000 0.039 0.092 
0.998 -0.046 -0.043 -0.023 0.727 0.000 -0.687 0.010 1.000 0.000 -0.000 -0.000 0.997 0.000 -0.003 -0.071 0.770 0.000 -0.180 -0.612 0.705 0.000 -0.702 0.100 0.999 0.000 -0.002 0.039 0.761 0.000 -0.643 0.086 0.995 0.000 0.039 0.092 
0.998 -0.046 -0.043 -0.024 0.727 0.000 -0.687 0.010 1.000 0.000 0.000 -0.000 0.997 0.000 -0.006 -0.071 0.769 0.000 -0.182 -0.612 0.704 0.000 -0.703 0.100 0.999 0.000 -0.002 0.039 0.761 0.000 -0.643 0.086 0.995 0.000 0.038 0.092 
0.998 -0.046 -0.043 -0.024 0.727 0.000 -0.687 0.010 1.000 0.000 0.000 0.000 0.997 0.000 -0.009 -0.071 0.770 0.000 -0.184 -0.611 0.705 0.000 -0.703 0.100 0.999 0.000 -0.003 0.039 0.761 0.000 -0.643 0.086 0.995 0.000 0.039 0.092 
0.998 -0.045 -0.043 -0.025 0.727 -0.000 -0.687 0.010 1.000 0.000 0.000 -0.000 0.997 0.000 -0.012 -0.071 0.770 0.000 -0.186 -0.611 0.705 0.000 -0.703 0.099 0.999 -0.000 -0.003 0.039 0.761 0.000 -0.643 0.086 0.995 0.000 0.039 0.091 
0.998 -0.045 -0.043 -0.025 0.727 0.000 -0.686 0.010 1.000 0.000 -0.000 0.000 0.997 -0.000 -0.014 -0.070 0.769 0.000 -0.187 -0.611 0.705 0.000 -0.703 0.098 0.999 0.000 -0.003 0.039 0.761 0.000 -0.644 0.086 0.995 -0.000 0.039 0.091 
0.998 -0.045 -0.043 -0.026 0.727 0.000 -0.686 0.010 1.000 0.000 -0.000 0.000 0.997 0.000 -0.017 -0.070 0.769 -0.000 -0.188 -0.611 0.705 0.000 -0.703 0.098 0.999 -0.000 -0.003 0.039 0.761 -0.000 -0.644 0.086 0.995 0.000 0.039 0.091 
0.998 -0.045 -0.043 -0.026 0.727 0.000 -0.686 0.010 1.000 0.000 0.000 0.000 0.997 -0.000 -0.019 -0.070 0.769 0.000 -0.188 -0.611 0.705 0.000 -0.703 0.097 0.999 0.000 -0.003 0.039 0.761 0.000 -0.644 0.086 0.995 0.000 0.039 0.091 
0.998 -0.045 -0.043 -0.027 0.728 0.000 -0.686 0.010 1.000 0.000 0.000 -0.000 0.997 0.000 -0.021 -0.069 0.769 0.000 -0.189 -0.611 0.705 -0.000 -0.703 0.097 0.999 0.000 -0.003 0.039 0.760 0.000 -0.644 0.086 0.995 0.000 0.039 0.091 
0.998 -0.044 -0.043 -0.027 0.728 0.000 -0.686 0.010 1.000 0.000 -0.000 0.000 0.997 -0.000 -0.023 -0.069 0.768 0.000 -0.189 -0.611 0.705 0.000 -0.703 0.097 0.999 0.000 -0.004 0.039 0.760 0.000 -0.644 0.086 0.995 0.000 0.039 0.091 
0.998 -0.044 -0.043 -0.028 0.728 0.000 -0.685 0.011 1.000 -0.000 0.000 -0.000 0.997 0.000 -0.025 -0.069 0.768 0.000 -0.189 -0.612 0.705 0.000 -0.703 0.096 0.999 -0.000 -0.004 0.039 0.760 0.000 -0.644 0.086 0.995 0.000 0.039 0.091 
0.998 -0.044 -0.043 -0.028 0.728 0.000 -0.685 0.011 1.000 0.000 -0.000 0.000 0.997 0.000 -0.026 -0.068 0.768 0.000 -0.189 -0.612 0.705 -0.000 -0.702 0.096 0.999 -0.000 -0.004 0.039 0.760 0.000 -0.644 0.086 0.995 0.000 0.039 0.091 
0.998 -0.044 -0.044 -0.029 0.729 0.000 -0.685 0.012 1.000 0.000 0.000 0.000 0.997 0.000 -0.028 -0.068 0.768 -0.000 -0.188 -0.612 0.705 -0.000 -0.702 0.095 0.999 0.000 -0.004 0.039 0.760 0.000 -0.644 0.086 0.995 -0.000 0.039 0.091 
0.998 -0.044 -0.044 -0.029 0.729 0.000 -0.684 0.012 1.000 0.000 0.000 0.000 0.997 -0.000 -0.029 -0.068 0.768 0.000 -0.188 -0.612 0.706 0.000 -0.702 0.095 0.999 0.000 -0.004 0.039 0.760 0.000 -0.644 0.086 0.995 0.000 0.039 0.091 
0.998 -0.044 -0.044 -0.029 0.729 0.000 -0.684 0.013 1.000 0.000 0.000 -0.000 0.997 0.000 -0.030 -0.068 0.768 0.000 -0.188 -0.612 0.706 0.000 -0.702 0.095 0.999 0.000 -0.004 0.039 0.760 0.000 -0.644 0.086 0.995 0.000 0.039 0.091 
0.998 -0.044 -0.044 -0.030 0.730 0.000 -0.684 0.014 1.000 -0.000 -0.000 0.000 0.997 0.000 -0.031 -0.068 0.768 0.000 -0.188 -0.612 0.706 -0.000 -0.702 0.095 0.999 0.000 -0.004 0.039 0.760 0.000 -0.644 0.086 0.995 0.000 0.040 0.091 
0.998 -0.044 -0.044 -0.030 0.730 0.000 -0.683 0.014 1.000 0.000 -0.000 0.000 0.997 -0.000 -0.031 -0.068 0.769 0.000 -0.189 -0.611 0.706 0.000 -0.702 0.095 0.999 0.000 -0.006 0.039 0.760 0.000 -0.644 0.086 0.995 0.000 0.039 0.091 
0.998 -0.044 -0.044 -0.030 0.730 0.000 -0.683 0.015 1.000 0.000 0.000 -0.000 0.997 -0.000 -0.032 -0.068 0.769 -0.000 -0.189 -0.611 0.706 0.000 -0.702 0.095 0.999 0.000 -0.005 0.039 0.760 0.000 -0.644 0.086 0.995 0.000 0.039 0.091 
0.998 -0.044 -0.044 -0.030 0.730 0.000 -0.683 0.015 1.000 0.000 0.000 0.000 0.997 0.000 -0.032 -0.068 0.769 0.000 -0.189 -0.611 0.706 0.000 -0.702 0.095 0.999 0.000 -0.005 0.039 0.760 0.000 -0.644 0.087 0.995 0.000 0.040 0.091 
0.998 -0.044 -0.044 -0.031 0.731 0.000 -0.683 0.016 1.000 0.000 0.000 0.000 0.997 0.000 -0.032 -0.068 0.769 -0.000 -0.190 -0.611 0.706 0.000 -0.702 0.095 0.999 0.000 -0.005 0.039 0.760 -0.000 -0.644 0.087 0.995 0.000 0.040 0.091 
0.998 -0.044 -0.044 -0.031 0.731 0.000 -0.682 0.017 1.000 0.000 0.000 -0.000 0.997 0.000 -0.032 -0.068 0.769 -0.000 -0.190 -0.611 0.706 0.000 -0.702 0.095 0.999 0.000 -0.006 0.039 0.760 0.000 -0.644 0.087 0.995 0.000 0.039 0.091 
0.998 -0.044 -0.044 -0.031 0.731 0.000 -0.682 0.018 1.000 -0.000 0.000 -0.000 0.997 -0.000 -0.032 -0.068 0.769 0.000 -0.191 -0.610 0.706 -0.000 -0.702 0.095 0.999 0.000 -0.005 0.040 0.760 0.000 -0.644 0.087 0.995 0.000 0.039 0.091 
