# T   LUA LFA RUA RFA LT  LS  RT  RS  
0.997 -0.056 0.055 0.026 0.770 -0.000 -0.638 0.015 0.985 0.000 -0.067 -0.160 0.822 0.000 -0.365 -0.437 0.372 0.000 0.494 -0.786 0.698 -0.000 -0.701 0.146 0.997 0.000 0.074 0.033 0.625 0.000 -0.778 0.062 0.988 0.000 0.082 0.134 
0.997 -0.056 0.055 0.025 0.770 0.000 -0.637 0.015 0.984 0.000 -0.069 -0.162 0.823 0.000 -0.370 -0.430 0.370 0.000 0.501 -0.782 0.698 0.000 -0.701 0.146 0.997 0.000 0.074 0.034 0.625 0.000 -0.778 0.063 0.988 0.000 0.082 0.134 
0.997 -0.056 0.054 0.024 0.770 -0.000 -0.638 0.016 0.984 0.000 -0.069 -0.164 0.824 0.000 -0.374 -0.425 0.368 0.000 0.508 -0.779 0.698 -0.000 -0.701 0.146 0.997 0.000 0.074 0.034 0.625 -0.000 -0.778 0.063 0.988 0.000 0.082 0.134 
0.997 -0.057 0.054 0.023 0.770 0.000 -0.638 0.016 0.984 0.000 -0.071 -0.165 0.825 0.000 -0.378 -0.420 0.367 0.000 0.511 -0.777 0.698 -0.000 -0.701 0.146 0.997 -0.000 0.074 0.033 0.625 0.000 -0.778 0.063 0.988 0.000 0.082 0.134 
0.997 -0.057 0.054 0.022 0.771 0.000 -0.637 0.017 0.983 0.000 -0.073 -0.166 0.826 -0.000 -0.381 -0.415 0.366 -0.000 0.519 -0.773 0.698 0.000 -0.701 0.147 0.997 0.000 0.074 0.033 0.625 0.000 -0.778 0.064 0.988 -0.000 0.082 0.134 
0.997 -0.057 0.054 0.022 0.771 -0.000 -0.637 0.018 0.983 -0.000 -0.075 -0.168 0.826 0.000 -0.384 -0.412 0.364 0.000 0.524 -0.770 0.698 0.000 -0.701 0.147 0.997 0.000 0.074 0.033 0.625 0.000 -0.778 0.064 0.988 0.000 0.082 0.134 
0.997 -0.057 0.054 0.021 0.771 0.000 -0.636 0.018 0.983 0.000 -0.076 -0.170 0.827 0.000 -0.385 -0.410 0.363 0.000 0.531 -0.766 0.698 -0.000 -0.701 0.147 0.997 0.000 0.074 0.033 0.625 -0.000 -0.778 0.064 0.987 0.000 0.082 0.135 
0.997 -0.057 0.054 0.021 0.770 0.000 -0.637 0.020 0.982 0.000 -0.076 -0.172 0.827 0.000 -0.387 -0.408 0.362 0.000 0.536 -0.763 0.698 0.000 -0.701 0.146 0.997 0.000 0.074 0.033 0.625 -0.000 -0.778 0.064 0.988 0.000 0.082 0.135 
0.997 -0.057 0.054 0.021 0.771 -0.000 -0.636 0.020 0.982 0.000 -0.079 -0.172 0.827 0.000 -0.388 -0.408 0.361 -0.000 0.539 -0.761 0.698 0.000 -0.701 0.147 0.997 -0.000 0.074 0.033 0.625 -0.000 -0.778 0.064 0.987 -0.000 0.082 0.135 
0.997 -0.057 0.054 0.021 0.771 -0.000 -0.637 0.022 0.982 0.000 -0.079 -0.174 0.826 0.000 -0.389 -0.408 0.360 0.000 0.541 -0.760 0.698 -0.000 -0.701 0.146 0.997 0.000 0.074 0.033 0.625 -0.000 -0.778 0.064 0.987 0.000 0.082 0.135 
0.997 -0.058 0.054 0.021 0.772 0.000 -0.635 0.022 0.981 0.000 -0.082 -0.174 0.825 0.000 -0.389 -0.410 0.359 0.000 0.543 -0.760 0.698 0.000 -0.701 0.147 0.997 0.000 0.074 0.033 0.625 0.000 -0.778 0.064 0.988 0.000 0.082 0.135 
0.997 -0.057 0.054 0.022 0.772 0.000 -0.635 0.023 0.981 0.000 -0.083 -0.174 0.825 0.000 -0.388 -0.411 0.358 0.000 0.541 -0.761 0.698 0.000 -0.701 0.147 0.997 0.000 0.074 0.033 0.625 -0.000 -0.778 0.064 0.988 0.000 0.082 0.134 
0.997 -0.057 0.054 0.023 0.771 0.000 -0.636 0.025 0.981 0.000 -0.083 -0.175 0.823 0.000 -0.387 -0.415 0.358 0.000 0.542 -0.760 0.698 0.000 -0.701 0.147 0.997 0.000 0.074 0.033 0.625 -0.000 -0.778 0.064 0.988 0.000 0.082 0.134 
0.997 -0.057 0.054 0.023 0.771 0.000 -0.636 0.026 0.981 0.000 -0.083 -0.176 0.822 0.000 -0.386 -0.419 0.359 0.000 0.535 -0.765 0.698 0.000 -0.701 0.147 0.997 -0.000 0.074 0.033 0.625 0.000 -0.778 0.064 0.988 0.000 0.082 0.134 
0.997 -0.057 0.055 0.025 0.772 0.000 -0.636 0.026 0.981 0.000 -0.084 -0.175 0.821 0.000 -0.384 -0.423 0.360 -0.000 0.530 -0.767 0.698 -0.000 -0.701 0.147 0.997 0.000 0.074 0.033 0.625 0.000 -0.778 0.063 0.988 -0.000 0.082 0.134 
0.997 -0.057 0.055 0.026 0.773 -0.000 -0.634 0.026 0.981 0.000 -0.085 -0.174 0.820 0.000 -0.381 -0.428 0.361 0.000 0.524 -0.771 0.698 -0.000 -0.701 0.147 0.997 0.000 0.074 0.033 0.625 0.000 -0.778 0.063 0.987 -0.000 0.083 0.134 
0.996 -0.057 0.055 0.027 0.772 0.000 -0.635 0.027 0.981 0.000 -0.084 -0.174 0.818 0.000 -0.378 -0.433 0.363 0.000 0.517 -0.775 0.698 0.000 -0.701 0.148 0.997 0.000 0.074 0.033 0.625 0.000 -0.778 0.063 0.988 0.000 0.083 0.134 
0.996 -0.057 0.055 0.029 0.772 0.000 -0.635 0.027 0.981 0.000 -0.084 -0.173 0.816 -0.000 -0.376 -0.439 0.365 0.000 0.507 -0.781 0.697 0.000 -0.701 0.148 0.997 0.000 0.074 0.033 0.625 0.000 -0.778 0.062 0.988 0.000 0.083 0.134 
0.996 -0.057 0.055 0.030 0.772 0.000 -0.635 0.027 0.982 0.000 -0.084 -0.172 0.815 0.000 -0.372 -0.444 0.367 0.000 0.499 -0.785 0.697 0.000 -0.701 0.149 0.997 0.000 0.074 0.032 0.624 0.000 -0.779 0.062 0.988 -0.000 0.083 0.133 
0.996 -0.056 0.056 0.030 0.772 0.000 -0.635 0.025 0.982 0.000 -0.083 -0.169 0.815 0.000 -0.366 -0.449 0.368 0.000 0.495 -0.787 0.698 0.000 -0.701 0.145 0.997 0.000 0.074 0.035 0.624 -0.000 -0.779 0.060 0.988 0.000 0.083 0.134 
0.996 -0.057 0.056 0.033 0.772 0.000 -0.635 0.026 0.982 0.000 -0.082 -0.168 0.813 0.000 -0.363 -0.455 0.371 0.000 0.481 -0.794 0.697 0.000 -0.701 0.150 0.997 0.000 0.073 0.032 0.624 0.000 -0.779 0.062 0.988 0.000 0.084 0.133 
0.996 -0.057 0.056 0.035 0.772 -0.000 -0.635 0.026 0.983 0.000 -0.082 -0.166 0.812 0.000 -0.359 -0.461 0.373 0.000 0.470 -0.800 0.697 0.000 -0.701 0.150 0.997 0.000 0.073 0.033 0.624 0.000 -0.779 0.061 0.988 0.000 0.084 0.133 
0.996 -0.057 0.056 0.036 0.772 0.000 -0.635 0.025 0.983 0.000 -0.081 -0.164 0.810 0.000 -0.355 -0.466 0.377 0.000 0.458 -0.805 0.697 0.000 -0.701 0.150 0.997 -0.000 0.073 0.032 0.624 0.000 -0.779 0.061 0.988 0.000 0.084 0.133 
0.996 -0.056 0.056 0.037 0.772 0.000 -0.635 0.024 0.984 0.000 -0.079 -0.162 0.809 0.000 -0.351 -0.472 0.380 0.000 0.446 -0.810 0.697 0.000 -0.701 0.151 0.997 0.000 0.073 0.032 0.624 0.000 -0.779 0.061 0.988 -0.000 0.084 0.133 
0.996 -0.057 0.057 0.039 0.772 0.000 -0.635 0.024 0.984 0.000 -0.078 -0.160 0.807 -0.000 -0.347 -0.477 0.383 0.000 0.435 -0.815 0.697 0.000 -0.701 0.151 0.997 0.000 0.073 0.032 0.624 0.000 -0.779 0.061 0.988 0.000 0.085 0.132 
0.996 -0.056 0.056 0.039 0.772 0.000 -0.635 0.023 0.984 0.000 -0.077 -0.158 0.806 0.000 -0.343 -0.482 0.386 0.000 0.425 -0.819 0.697 0.000 -0.701 0.150 0.997 0.000 0.073 0.033 0.623 0.000 -0.780 0.060 0.988 0.000 0.086 0.132 
0.996 -0.057 0.057 0.041 0.772 0.000 -0.635 0.022 0.985 0.000 -0.077 -0.156 0.805 0.000 -0.339 -0.487 0.389 0.000 0.416 -0.822 0.698 -0.000 -0.700 0.151 0.997 0.000 0.073 0.032 0.624 0.000 -0.779 0.061 0.988 -0.000 0.085 0.132 
0.996 -0.057 0.057 0.042 0.772 -0.000 -0.635 0.022 0.985 0.000 -0.075 -0.154 0.804 0.000 -0.336 -0.491 0.391 0.000 0.409 -0.824 0.698 -0.000 -0.700 0.152 0.997 0.000 0.073 0.032 0.623 0.000 -0.779 0.061 0.988 0.000 0.085 0.132 
0.996 -0.056 0.057 0.041 0.772 0.000 -0.635 0.020 0.985 0.000 -0.074 -0.153 0.804 0.000 -0.332 -0.494 0.394 0.000 0.406 -0.825 0.698 0.000 -0.701 0.149 0.997 -0.000 0.073 0.034 0.623 0.000 -0.780 0.059 0.988 0.000 0.085 0.132 
0.996 -0.056 0.057 0.043 0.771 0.000 -0.636 0.021 0.986 0.000 -0.072 -0.152 0.802 0.000 -0.330 -0.498 0.396 0.000 0.401 -0.826 0.697 0.000 -0.701 0.152 0.997 -0.000 0.073 0.032 0.623 0.000 -0.780 0.060 0.988 0.000 0.086 0.132 
0.996 -0.056 0.057 0.044 0.771 -0.000 -0.636 0.020 0.986 0.000 -0.070 -0.150 0.801 0.000 -0.329 -0.500 0.398 -0.000 0.399 -0.826 0.697 0.000 -0.700 0.152 0.997 0.000 0.073 0.032 0.623 0.000 -0.780 0.059 0.988 -0.000 0.086 0.132 
0.996 -0.056 0.057 0.044 0.771 0.000 -0.636 0.020 0.986 0.000 -0.069 -0.149 0.801 0.000 -0.327 -0.502 0.399 -0.000 0.399 -0.826 0.697 0.000 -0.700 0.152 0.997 0.000 0.073 0.032 0.623 0.000 -0.780 0.059 0.988 -0.000 0.086 0.132 
0.996 -0.056 0.057 0.044 0.771 0.000 -0.637 0.019 0.987 -0.000 -0.067 -0.148 0.801 -0.000 -0.326 -0.503 0.400 0.000 0.401 -0.824 0.697 0.000 -0.700 0.152 0.997 0.000 0.073 0.032 0.623 0.000 -0.780 0.059 0.988 0.000 0.086 0.132 
0.996 -0.056 0.057 0.044 0.770 0.000 -0.637 0.019 0.987 0.000 -0.066 -0.147 0.801 0.000 -0.326 -0.503 0.401 0.000 0.403 -0.823 0.697 0.000 -0.700 0.152 0.997 -0.000 0.073 0.032 0.623 0.000 -0.780 0.059 0.987 0.000 0.086 0.132 
0.996 -0.056 0.057 0.044 0.770 0.000 -0.638 0.018 0.987 0.000 -0.065 -0.147 0.801 0.000 -0.326 -0.502 0.401 0.000 0.405 -0.821 0.697 0.000 -0.700 0.152 0.997 -0.000 0.073 0.032 0.623 0.000 -0.780 0.059 0.988 0.000 0.086 0.132 
0.996 -0.056 0.057 0.044 0.770 0.000 -0.638 0.018 0.987 0.000 -0.064 -0.146 0.802 0.000 -0.327 -0.500 0.401 0.000 0.409 -0.820 0.697 0.000 -0.700 0.152 0.997 -0.000 0.073 0.031 0.623 0.000 -0.780 0.059 0.987 0.000 0.086 0.132 
0.996 -0.056 0.057 0.043 0.769 0.000 -0.638 0.017 0.987 0.000 -0.063 -0.146 0.803 0.000 -0.328 -0.498 0.401 0.000 0.413 -0.817 0.698 0.000 -0.700 0.151 0.997 0.000 0.073 0.032 0.623 0.000 -0.780 0.059 0.987 0.000 0.086 0.132 
0.996 -0.056 0.057 0.042 0.769 -0.000 -0.639 0.016 0.987 0.000 -0.062 -0.145 0.804 0.000 -0.329 -0.495 0.401 -0.000 0.418 -0.816 0.697 0.000 -0.701 0.150 0.997 -0.000 0.073 0.032 0.623 -0.000 -0.780 0.058 0.987 0.000 0.086 0.132 
0.996 -0.056 0.057 0.042 0.769 -0.000 -0.639 0.016 0.988 0.000 -0.061 -0.145 0.805 0.000 -0.331 -0.492 0.400 0.000 0.422 -0.813 0.698 0.000 -0.700 0.152 0.997 0.000 0.073 0.031 0.623 0.000 -0.780 0.059 0.988 -0.000 0.086 0.132 
0.996 -0.056 0.057 0.041 0.768 -0.000 -0.640 0.015 0.987 0.000 -0.061 -0.146 0.807 0.000 -0.333 -0.488 0.399 0.000 0.428 -0.811 0.697 0.000 -0.701 0.150 0.997 0.000 0.074 0.032 0.623 0.000 -0.780 0.058 0.987 0.000 0.086 0.133 
0.996 -0.057 0.057 0.040 0.769 0.000 -0.639 0.015 0.987 0.000 -0.061 -0.146 0.808 0.000 -0.336 -0.484 0.398 -0.000 0.434 -0.808 0.698 0.000 -0.700 0.152 0.997 0.000 0.073 0.031 0.622 0.000 -0.780 0.060 0.988 0.000 0.086 0.132 
0.996 -0.056 0.057 0.039 0.769 0.000 -0.640 0.015 0.987 0.000 -0.061 -0.146 0.810 -0.000 -0.339 -0.479 0.397 0.000 0.440 -0.805 0.698 0.000 -0.700 0.151 0.997 0.000 0.073 0.031 0.622 0.000 -0.780 0.060 0.988 0.000 0.085 0.132 
0.996 -0.056 0.057 0.038 0.769 0.000 -0.640 0.015 0.987 -0.000 -0.061 -0.147 0.811 -0.000 -0.342 -0.474 0.396 0.000 0.447 -0.802 0.698 0.000 -0.700 0.150 0.997 0.000 0.073 0.032 0.622 0.000 -0.780 0.060 0.988 0.000 0.085 0.132 
0.996 -0.057 0.057 0.036 0.768 0.000 -0.640 0.015 0.987 0.000 -0.062 -0.148 0.813 0.000 -0.345 -0.469 0.394 0.000 0.454 -0.799 0.698 0.000 -0.700 0.150 0.997 0.000 0.073 0.031 0.622 0.000 -0.780 0.061 0.988 0.000 0.085 0.132 
0.996 -0.057 0.057 0.035 0.768 0.000 -0.640 0.015 0.987 0.000 -0.062 -0.149 0.815 0.000 -0.349 -0.463 0.393 0.000 0.460 -0.796 0.698 0.000 -0.700 0.150 0.997 -0.000 0.073 0.032 0.623 0.000 -0.780 0.061 0.988 0.000 0.085 0.132 
0.996 -0.057 0.057 0.034 0.768 0.000 -0.640 0.015 0.987 0.000 -0.063 -0.151 0.817 -0.000 -0.352 -0.457 0.391 0.000 0.467 -0.793 0.698 -0.000 -0.700 0.149 0.997 0.000 0.073 0.032 0.623 0.000 -0.780 0.061 0.988 0.000 0.085 0.132 
0.996 -0.057 0.057 0.033 0.768 0.000 -0.640 0.015 0.986 -0.000 -0.064 -0.152 0.819 0.000 -0.355 -0.451 0.390 0.000 0.474 -0.789 0.698 0.000 -0.700 0.148 0.997 -0.000 0.073 0.032 0.623 -0.000 -0.780 0.061 0.988 0.000 0.085 0.132 
0.996 -0.057 0.057 0.031 0.768 0.000 -0.640 0.015 0.986 0.000 -0.065 -0.154 0.821 0.000 -0.359 -0.445 0.388 0.000 0.481 -0.786 0.698 0.000 -0.700 0.148 0.997 -0.000 0.074 0.032 0.623 0.000 -0.780 0.062 0.988 0.000 0.084 0.132 
0.996 -0.057 0.056 0.030 0.768 -0.000 -0.640 0.016 0.986 0.000 -0.066 -0.155 0.822 0.000 -0.363 -0.439 0.387 0.000 0.488 -0.783 0.698 0.000 -0.700 0.148 0.997 0.000 0.074 0.032 0.623 0.000 -0.780 0.062 0.988 0.000 0.084 0.132 
0.996 -0.057 0.056 0.029 0.769 0.000 -0.639 0.016 0.985 0.000 -0.068 -0.156 0.824 0.000 -0.367 -0.433 0.386 0.000 0.494 -0.779 0.698 0.000 -0.700 0.148 0.997 0.000 0.074 0.032 0.623 0.000 -0.780 0.063 0.988 0.000 0.084 0.132 
0.996 -0.057 0.056 0.028 0.769 0.000 -0.639 0.016 0.985 0.000 -0.069 -0.157 0.825 0.000 -0.371 -0.427 0.384 0.000 0.499 -0.777 0.698 0.000 -0.700 0.148 0.997 0.000 0.074 0.031 0.623 0.000 -0.780 0.063 0.988 0.000 0.084 0.131 
0.996 -0.057 0.056 0.027 0.769 -0.000 -0.638 0.017 0.985 0.000 -0.070 -0.159 0.826 0.000 -0.375 -0.421 0.384 0.000 0.502 -0.775 0.698 -0.000 -0.700 0.148 0.997 -0.000 0.074 0.031 0.623 0.000 -0.780 0.063 0.988 0.000 0.084 0.131 
0.996 -0.057 0.056 0.026 0.770 0.000 -0.638 0.017 0.985 0.000 -0.071 -0.160 0.827 0.000 -0.378 -0.416 0.382 0.000 0.508 -0.772 0.698 0.000 -0.700 0.148 0.997 0.000 0.074 0.031 0.623 0.000 -0.780 0.064 0.988 0.000 0.084 0.131 
0.996 -0.057 0.056 0.025 0.770 0.000 -0.638 0.018 0.984 0.000 -0.072 -0.162 0.829 0.000 -0.379 -0.410 0.381 0.000 0.518 -0.766 0.698 0.000 -0.700 0.148 0.997 0.000 0.074 0.031 0.623 0.000 -0.780 0.065 0.988 0.000 0.085 0.130 
0.997 -0.057 0.056 0.025 0.769 -0.000 -0.639 0.020 0.984 0.000 -0.072 -0.164 0.831 0.000 -0.381 -0.406 0.381 0.000 0.523 -0.762 0.698 0.000 -0.701 0.147 0.997 0.000 0.074 0.031 0.623 0.000 -0.780 0.064 0.988 0.000 0.084 0.130 
0.997 -0.057 0.055 0.024 0.769 0.000 -0.639 0.020 0.984 0.000 -0.073 -0.165 0.832 -0.000 -0.384 -0.402 0.380 -0.000 0.528 -0.760 0.698 0.000 -0.701 0.147 0.997 0.000 0.074 0.031 0.623 0.000 -0.780 0.065 0.988 0.000 0.084 0.130 
0.997 -0.057 0.055 0.024 0.770 0.000 -0.638 0.020 0.983 0.000 -0.075 -0.165 0.832 0.000 -0.386 -0.398 0.378 0.000 0.532 -0.758 0.698 0.000 -0.701 0.147 0.997 0.000 0.074 0.031 0.623 0.000 -0.779 0.065 0.988 0.000 0.085 0.130 
0.997 -0.057 0.055 0.024 0.770 0.000 -0.638 0.021 0.983 0.000 -0.076 -0.166 0.833 0.000 -0.387 -0.394 0.378 -0.000 0.535 -0.756 0.698 0.000 -0.701 0.147 0.997 0.000 0.074 0.030 0.623 0.000 -0.779 0.066 0.988 0.000 0.085 0.129 
0.997 -0.057 0.055 0.024 0.770 0.000 -0.638 0.021 0.983 -0.000 -0.077 -0.167 0.834 0.000 -0.389 -0.392 0.377 0.000 0.539 -0.754 0.698 0.000 -0.701 0.147 0.997 0.000 0.073 0.030 0.624 0.000 -0.779 0.066 0.988 0.000 0.083 0.128 
0.997 -0.057 0.055 0.023 0.770 -0.000 -0.638 0.022 0.983 0.000 -0.077 -0.168 0.834 0.000 -0.390 -0.390 0.375 0.000 0.542 -0.752 0.698 0.000 -0.701 0.147 0.997 0.000 0.073 0.031 0.623 -0.000 -0.779 0.066 0.988 0.000 0.085 0.128 
0.997 -0.057 0.055 0.023 0.770 0.000 -0.637 0.022 0.983 0.000 -0.077 -0.168 0.835 0.000 -0.391 -0.388 0.374 0.000 0.545 -0.751 0.698 -0.000 -0.701 0.146 0.997 -0.000 0.073 0.031 0.623 0.000 -0.779 0.066 0.988 0.000 0.085 0.128 
0.997 -0.057 0.055 0.023 0.770 -0.000 -0.637 0.022 0.983 0.000 -0.077 -0.168 0.834 0.000 -0.392 -0.388 0.374 0.000 0.546 -0.750 0.698 0.000 -0.701 0.146 0.997 -0.000 0.073 0.031 0.623 0.000 -0.779 0.066 0.988 -0.000 0.085 0.127 
0.997 -0.056 0.055 0.023 0.770 -0.000 -0.637 0.022 0.983 0.000 -0.077 -0.168 0.835 0.000 -0.392 -0.386 0.372 0.000 0.549 -0.748 0.698 0.000 -0.701 0.145 0.997 0.000 0.073 0.031 0.623 0.000 -0.779 0.066 0.988 0.000 0.085 0.127 
0.997 -0.056 0.055 0.024 0.770 -0.000 -0.637 0.022 0.983 0.000 -0.077 -0.168 0.835 0.000 -0.393 -0.386 0.371 0.000 0.552 -0.747 0.698 0.000 -0.701 0.145 0.997 0.000 0.073 0.031 0.623 0.000 -0.779 0.065 0.988 0.000 0.085 0.126 
0.997 -0.055 0.055 0.024 0.770 0.000 -0.638 0.023 0.983 0.000 -0.076 -0.169 0.834 0.000 -0.393 -0.387 0.369 0.000 0.554 -0.746 0.698 0.000 -0.702 0.144 0.997 0.000 0.073 0.031 0.623 0.000 -0.779 0.065 0.988 0.000 0.085 0.126 
0.997 -0.055 0.055 0.025 0.770 0.000 -0.638 0.023 0.983 0.000 -0.075 -0.168 0.834 0.000 -0.393 -0.388 0.368 0.000 0.555 -0.746 0.698 0.000 -0.702 0.144 0.997 0.000 0.073 0.031 0.623 0.000 -0.779 0.064 0.988 0.000 0.085 0.126 
0.997 -0.055 0.055 0.025 0.771 -0.000 -0.637 0.021 0.983 0.000 -0.076 -0.166 0.833 0.000 -0.393 -0.389 0.367 0.000 0.556 -0.746 0.698 0.000 -0.702 0.144 0.997 0.000 0.073 0.031 0.623 -0.000 -0.779 0.064 0.988 -0.000 0.085 0.125 
0.997 -0.054 0.055 0.026 0.771 0.000 -0.637 0.021 0.983 -0.000 -0.075 -0.165 0.832 0.000 -0.393 -0.391 0.367 0.000 0.556 -0.746 0.698 0.000 -0.702 0.143 0.997 0.000 0.073 0.031 0.623 0.000 -0.779 0.064 0.989 0.000 0.085 0.125 
0.997 -0.054 0.055 0.026 0.771 0.000 -0.637 0.020 0.984 -0.000 -0.074 -0.163 0.831 0.000 -0.393 -0.393 0.366 0.000 0.555 -0.747 0.698 0.000 -0.702 0.143 0.997 0.000 0.073 0.031 0.623 0.000 -0.779 0.063 0.989 0.000 0.085 0.125 
0.997 -0.053 0.055 0.027 0.770 0.000 -0.638 0.020 0.984 0.000 -0.072 -0.162 0.830 0.000 -0.392 -0.396 0.367 0.000 0.554 -0.747 0.698 0.000 -0.702 0.143 0.997 0.000 0.073 0.030 0.624 0.000 -0.779 0.063 0.989 0.000 0.083 0.124 
0.997 -0.053 0.055 0.028 0.771 0.000 -0.636 0.019 0.984 -0.000 -0.072 -0.160 0.829 -0.000 -0.391 -0.399 0.367 0.000 0.552 -0.749 0.698 -0.000 -0.702 0.143 0.997 0.000 0.072 0.030 0.623 0.000 -0.780 0.062 0.989 0.000 0.085 0.125 
0.997 -0.053 0.056 0.029 0.771 0.000 -0.636 0.018 0.985 0.000 -0.071 -0.158 0.828 0.000 -0.390 -0.403 0.369 -0.000 0.548 -0.751 0.698 -0.000 -0.702 0.143 0.997 0.000 0.072 0.030 0.624 0.000 -0.779 0.061 0.989 0.000 0.083 0.124 
0.997 -0.053 0.056 0.030 0.771 0.000 -0.636 0.018 0.985 0.000 -0.070 -0.156 0.827 0.000 -0.388 -0.407 0.370 0.000 0.544 -0.753 0.698 0.000 -0.702 0.143 0.997 -0.000 0.073 0.030 0.624 0.000 -0.779 0.061 0.989 0.000 0.083 0.124 
0.997 -0.052 0.056 0.031 0.772 0.000 -0.636 0.017 0.986 0.000 -0.068 -0.154 0.825 -0.000 -0.387 -0.412 0.372 0.000 0.535 -0.758 0.698 0.000 -0.702 0.142 0.997 0.000 0.073 0.030 0.623 0.000 -0.780 0.060 0.989 0.000 0.083 0.124 
0.997 -0.052 0.056 0.032 0.772 0.000 -0.636 0.016 0.986 0.000 -0.067 -0.153 0.823 -0.000 -0.385 -0.417 0.374 0.000 0.529 -0.762 0.698 0.000 -0.702 0.142 0.997 0.000 0.072 0.030 0.623 0.000 -0.780 0.058 0.989 0.000 0.085 0.125 
0.997 -0.052 0.056 0.034 0.771 0.000 -0.636 0.015 0.986 0.000 -0.065 -0.151 0.822 0.000 -0.383 -0.422 0.377 0.000 0.521 -0.766 0.698 0.000 -0.702 0.142 0.997 0.000 0.072 0.029 0.623 0.000 -0.780 0.057 0.989 0.000 0.084 0.125 
0.996 -0.051 0.057 0.034 0.771 -0.000 -0.636 0.015 0.987 0.000 -0.064 -0.149 0.821 0.000 -0.379 -0.427 0.380 0.000 0.514 -0.769 0.698 -0.000 -0.702 0.142 0.997 0.000 0.072 0.029 0.623 0.000 -0.781 0.057 0.989 0.000 0.084 0.125 
0.996 -0.051 0.057 0.035 0.771 0.000 -0.636 0.014 0.987 0.000 -0.062 -0.147 0.820 0.000 -0.376 -0.432 0.383 0.000 0.506 -0.773 0.698 0.000 -0.702 0.142 0.997 0.000 0.072 0.029 0.622 0.000 -0.781 0.056 0.988 0.000 0.085 0.126 
0.996 -0.050 0.056 0.036 0.771 0.000 -0.637 0.015 0.987 0.000 -0.061 -0.147 0.819 0.000 -0.372 -0.437 0.386 0.000 0.498 -0.776 0.698 -0.000 -0.703 0.141 0.997 0.000 0.073 0.029 0.622 0.000 -0.781 0.054 0.988 0.000 0.084 0.126 
0.996 -0.050 0.057 0.037 0.771 0.000 -0.637 0.015 0.988 0.000 -0.060 -0.145 0.818 -0.000 -0.369 -0.442 0.389 0.000 0.489 -0.781 0.698 0.000 -0.702 0.142 0.997 0.000 0.072 0.029 0.622 0.000 -0.781 0.054 0.988 0.000 0.085 0.126 
0.996 -0.050 0.057 0.038 0.771 0.000 -0.637 0.014 0.988 0.000 -0.059 -0.144 0.816 0.000 -0.365 -0.447 0.392 0.000 0.480 -0.785 0.698 0.000 -0.702 0.142 0.997 0.000 0.072 0.029 0.622 0.000 -0.781 0.053 0.988 0.000 0.085 0.126 
0.996 -0.050 0.057 0.039 0.772 0.000 -0.636 0.013 0.988 0.000 -0.059 -0.142 0.815 0.000 -0.362 -0.452 0.395 0.000 0.472 -0.788 0.698 0.000 -0.702 0.142 0.997 0.000 0.072 0.028 0.621 0.000 -0.782 0.052 0.988 0.000 0.086 0.127 
0.996 -0.050 0.058 0.040 0.771 0.000 -0.637 0.014 0.988 0.000 -0.057 -0.142 0.814 0.000 -0.359 -0.457 0.397 0.000 0.465 -0.791 0.699 0.000 -0.701 0.143 0.997 0.000 0.071 0.028 0.621 0.000 -0.782 0.052 0.988 -0.000 0.085 0.126 
0.996 -0.049 0.058 0.041 0.771 0.000 -0.637 0.013 0.988 0.000 -0.056 -0.141 0.813 0.000 -0.356 -0.461 0.400 0.000 0.458 -0.794 0.699 -0.000 -0.701 0.142 0.997 0.000 0.071 0.028 0.621 0.000 -0.782 0.051 0.988 0.000 0.085 0.127 
0.996 -0.049 0.058 0.042 0.771 0.000 -0.636 0.013 0.988 -0.000 -0.055 -0.141 0.812 0.000 -0.353 -0.465 0.401 0.000 0.452 -0.796 0.699 0.000 -0.701 0.142 0.997 0.000 0.071 0.028 0.621 0.000 -0.782 0.050 0.988 0.000 0.085 0.127 
0.996 -0.049 0.058 0.043 0.771 0.000 -0.636 0.013 0.988 0.000 -0.057 -0.141 0.811 0.000 -0.351 -0.469 0.402 -0.000 0.449 -0.798 0.699 0.000 -0.701 0.142 0.997 0.000 0.071 0.027 0.621 0.000 -0.782 0.050 0.988 0.000 0.085 0.127 
0.996 -0.049 0.058 0.043 0.772 0.000 -0.636 0.013 0.988 0.000 -0.057 -0.140 0.810 0.000 -0.349 -0.471 0.402 0.000 0.446 -0.799 0.699 -0.000 -0.701 0.143 0.997 0.000 0.071 0.027 0.621 0.000 -0.782 0.050 0.988 0.000 0.085 0.127 
0.996 -0.048 0.059 0.042 0.772 0.000 -0.635 0.012 0.989 0.000 -0.055 -0.140 0.810 0.000 -0.347 -0.472 0.401 0.000 0.447 -0.799 0.700 0.000 -0.701 0.139 0.997 0.000 0.071 0.029 0.621 0.000 -0.782 0.048 0.988 -0.000 0.084 0.127 
0.996 -0.048 0.059 0.044 0.772 0.000 -0.635 0.013 0.989 -0.000 -0.055 -0.140 0.809 0.000 -0.347 -0.475 0.400 -0.000 0.445 -0.801 0.699 -0.000 -0.700 0.143 0.997 -0.000 0.071 0.026 0.621 0.000 -0.782 0.049 0.988 -0.000 0.085 0.127 
0.996 -0.048 0.059 0.045 0.772 0.000 -0.635 0.013 0.989 0.000 -0.054 -0.141 0.808 0.000 -0.347 -0.476 0.399 0.000 0.447 -0.801 0.699 0.000 -0.700 0.143 0.997 -0.000 0.071 0.026 0.621 0.000 -0.782 0.049 0.988 0.000 0.084 0.127 
0.996 -0.048 0.059 0.045 0.772 0.000 -0.635 0.012 0.989 0.000 -0.054 -0.141 0.808 0.000 -0.347 -0.476 0.396 0.000 0.449 -0.801 0.699 0.000 -0.700 0.143 0.997 0.000 0.071 0.026 0.621 0.000 -0.782 0.048 0.988 0.000 0.084 0.127 
0.996 -0.048 0.059 0.045 0.772 0.000 -0.635 0.012 0.988 0.000 -0.054 -0.142 0.808 0.000 -0.348 -0.475 0.394 -0.000 0.453 -0.800 0.699 -0.000 -0.700 0.143 0.997 -0.000 0.071 0.026 0.621 0.000 -0.782 0.048 0.988 0.000 0.084 0.127 
0.996 -0.047 0.059 0.043 0.772 0.000 -0.635 0.011 0.988 0.000 -0.054 -0.142 0.810 0.000 -0.348 -0.473 0.391 0.000 0.459 -0.798 0.700 0.000 -0.701 0.140 0.997 0.000 0.071 0.028 0.621 0.000 -0.783 0.047 0.988 0.000 0.083 0.128 
0.996 -0.048 0.059 0.045 0.772 0.000 -0.635 0.011 0.988 0.000 -0.054 -0.143 0.809 0.000 -0.350 -0.472 0.388 0.000 0.463 -0.797 0.699 0.000 -0.700 0.144 0.997 0.000 0.071 0.026 0.621 0.000 -0.782 0.049 0.988 0.000 0.084 0.127 
0.996 -0.048 0.059 0.044 0.772 0.000 -0.635 0.011 0.988 -0.000 -0.054 -0.144 0.810 0.000 -0.352 -0.469 0.385 0.000 0.468 -0.796 0.699 0.000 -0.700 0.144 0.997 0.000 0.071 0.026 0.621 0.000 -0.782 0.049 0.988 -0.000 0.084 0.127 
0.996 -0.048 0.059 0.044 0.772 0.000 -0.636 0.011 0.988 0.000 -0.054 -0.145 0.811 0.000 -0.353 -0.466 0.382 0.000 0.473 -0.794 0.699 0.000 -0.700 0.144 0.997 -0.000 0.071 0.026 0.621 0.000 -0.782 0.049 0.988 0.000 0.084 0.127 
0.996 -0.048 0.058 0.043 0.772 0.000 -0.636 0.010 0.988 -0.000 -0.055 -0.146 0.812 0.000 -0.356 -0.462 0.379 0.000 0.479 -0.792 0.699 0.000 -0.701 0.143 0.997 0.000 0.071 0.026 0.621 0.000 -0.782 0.049 0.988 0.000 0.084 0.127 
0.996 -0.048 0.058 0.042 0.772 0.000 -0.636 0.009 0.988 0.000 -0.055 -0.146 0.813 0.000 -0.358 -0.459 0.377 0.000 0.484 -0.790 0.699 0.000 -0.701 0.143 0.997 -0.000 0.071 0.026 0.621 0.000 -0.782 0.049 0.988 0.000 0.084 0.127 
0.996 -0.048 0.059 0.041 0.772 0.000 -0.636 0.009 0.987 0.000 -0.056 -0.148 0.815 0.000 -0.360 -0.453 0.373 0.000 0.492 -0.787 0.699 0.000 -0.700 0.142 0.997 0.000 0.072 0.027 0.621 0.000 -0.782 0.050 0.988 0.000 0.083 0.127 
0.996 -0.049 0.058 0.041 0.772 0.000 -0.636 0.008 0.987 0.000 -0.057 -0.148 0.817 0.000 -0.363 -0.448 0.371 0.000 0.498 -0.784 0.699 0.000 -0.700 0.142 0.997 0.000 0.072 0.027 0.621 0.000 -0.782 0.050 0.988 0.000 0.083 0.127 
0.996 -0.049 0.058 0.040 0.772 0.000 -0.636 0.007 0.987 0.000 -0.058 -0.149 0.818 0.000 -0.366 -0.443 0.368 0.000 0.503 -0.782 0.699 -0.000 -0.700 0.142 0.997 -0.000 0.072 0.027 0.621 0.000 -0.782 0.051 0.988 -0.000 0.083 0.127 
0.996 -0.049 0.058 0.039 0.773 0.000 -0.635 0.005 0.987 0.000 -0.060 -0.149 0.819 0.000 -0.370 -0.438 0.366 0.000 0.509 -0.779 0.699 -0.000 -0.700 0.143 0.997 0.000 0.072 0.027 0.621 0.000 -0.782 0.051 0.988 0.000 0.084 0.128 
0.996 -0.049 0.058 0.038 0.772 0.000 -0.636 0.005 0.987 -0.000 -0.059 -0.151 0.821 0.000 -0.374 -0.432 0.364 0.000 0.513 -0.777 0.700 0.000 -0.700 0.142 0.997 0.000 0.072 0.027 0.622 -0.000 -0.782 0.052 0.988 -0.000 0.083 0.128 
0.996 -0.050 0.058 0.037 0.773 0.000 -0.635 0.004 0.987 0.000 -0.062 -0.151 0.822 0.000 -0.378 -0.426 0.362 0.000 0.518 -0.775 0.700 0.000 -0.700 0.142 0.997 0.000 0.072 0.028 0.622 0.000 -0.782 0.053 0.988 -0.000 0.083 0.128 
0.996 -0.050 0.058 0.036 0.773 -0.000 -0.634 0.004 0.986 0.000 -0.063 -0.153 0.825 0.000 -0.380 -0.419 0.361 -0.000 0.528 -0.769 0.700 0.000 -0.700 0.143 0.997 -0.000 0.072 0.028 0.622 0.000 -0.781 0.053 0.988 0.000 0.082 0.128 
0.996 -0.050 0.058 0.035 0.772 0.000 -0.636 0.004 0.986 0.000 -0.063 -0.154 0.826 0.000 -0.383 -0.414 0.359 0.000 0.536 -0.764 0.700 0.000 -0.700 0.142 0.997 -0.000 0.072 0.028 0.622 0.000 -0.781 0.053 0.988 0.000 0.083 0.128 
0.996 -0.051 0.058 0.034 0.772 0.000 -0.636 0.003 0.986 0.000 -0.064 -0.155 0.828 0.000 -0.386 -0.407 0.357 0.000 0.543 -0.760 0.700 -0.000 -0.700 0.143 0.997 0.000 0.072 0.028 0.622 0.000 -0.781 0.055 0.988 0.000 0.082 0.128 
0.996 -0.051 0.058 0.033 0.773 0.000 -0.635 0.002 0.986 0.000 -0.066 -0.155 0.829 0.000 -0.389 -0.401 0.356 -0.000 0.549 -0.757 0.700 0.000 -0.700 0.143 0.997 -0.000 0.073 0.028 0.622 0.000 -0.781 0.055 0.988 0.000 0.082 0.128 
0.997 -0.051 0.058 0.032 0.773 0.000 -0.635 0.001 0.986 0.000 -0.067 -0.156 0.830 -0.000 -0.392 -0.396 0.354 0.000 0.556 -0.752 0.699 0.000 -0.700 0.143 0.997 0.000 0.073 0.029 0.622 -0.000 -0.781 0.056 0.988 0.000 0.082 0.129 
0.997 -0.052 0.058 0.031 0.773 -0.000 -0.635 0.001 0.985 -0.000 -0.068 -0.157 0.831 0.000 -0.395 -0.392 0.353 0.000 0.561 -0.749 0.699 0.000 -0.700 0.142 0.997 0.000 0.073 0.029 0.622 0.000 -0.781 0.056 0.988 0.000 0.082 0.129 
0.997 -0.052 0.057 0.030 0.773 -0.000 -0.634 0.001 0.985 0.000 -0.069 -0.158 0.832 0.000 -0.397 -0.388 0.352 0.000 0.567 -0.745 0.699 0.000 -0.700 0.142 0.997 0.000 0.073 0.030 0.622 0.000 -0.781 0.057 0.988 0.000 0.082 0.129 
0.997 -0.052 0.057 0.029 0.773 0.000 -0.634 0.001 0.985 0.000 -0.071 -0.159 0.832 0.000 -0.399 -0.385 0.351 0.000 0.571 -0.742 0.699 0.000 -0.700 0.142 0.997 0.000 0.073 0.030 0.623 -0.000 -0.780 0.058 0.988 0.000 0.082 0.129 
0.997 -0.052 0.057 0.029 0.773 0.000 -0.634 0.001 0.984 0.000 -0.072 -0.160 0.833 -0.000 -0.400 -0.383 0.352 -0.000 0.575 -0.739 0.699 0.000 -0.701 0.142 0.997 0.000 0.073 0.031 0.623 -0.000 -0.780 0.058 0.988 0.000 0.082 0.129 
0.997 -0.053 0.057 0.028 0.773 0.000 -0.634 0.001 0.984 0.000 -0.073 -0.161 0.833 0.000 -0.400 -0.383 0.352 -0.000 0.576 -0.738 0.699 0.000 -0.701 0.141 0.997 0.000 0.073 0.031 0.623 0.000 -0.780 0.058 0.988 0.000 0.082 0.129 
0.997 -0.053 0.057 0.028 0.773 0.000 -0.634 0.002 0.984 0.000 -0.074 -0.161 0.834 0.000 -0.399 -0.382 0.352 0.000 0.575 -0.738 0.699 0.000 -0.701 0.141 0.997 0.000 0.073 0.032 0.623 0.000 -0.780 0.058 0.988 -0.000 0.082 0.130 
0.997 -0.053 0.057 0.027 0.773 0.000 -0.634 0.002 0.984 0.000 -0.076 -0.162 0.833 0.000 -0.399 -0.383 0.354 0.000 0.573 -0.739 0.699 0.000 -0.701 0.141 0.997 -0.000 0.074 0.032 0.623 -0.000 -0.780 0.058 0.988 0.000 0.082 0.130 
0.997 -0.053 0.057 0.027 0.774 0.000 -0.634 0.002 0.984 -0.000 -0.077 -0.161 0.833 0.000 -0.397 -0.385 0.356 -0.000 0.569 -0.742 0.699 0.000 -0.701 0.141 0.997 0.000 0.073 0.032 0.623 0.000 -0.780 0.058 0.988 0.000 0.082 0.131 
0.997 -0.053 0.057 0.028 0.774 0.000 -0.634 0.003 0.984 0.000 -0.077 -0.161 0.833 0.000 -0.395 -0.388 0.357 0.000 0.564 -0.745 0.699 0.000 -0.701 0.142 0.997 0.000 0.073 0.032 0.623 0.000 -0.780 0.058 0.988 -0.000 0.082 0.131 
0.997 -0.053 0.057 0.028 0.774 0.000 -0.634 0.003 0.984 0.000 -0.078 -0.161 0.832 0.000 -0.392 -0.392 0.360 0.000 0.557 -0.748 0.699 0.000 -0.701 0.142 0.997 0.000 0.073 0.032 0.623 0.000 -0.780 0.058 0.988 0.000 0.082 0.131 
0.997 -0.053 0.057 0.029 0.774 0.000 -0.633 0.004 0.984 -0.000 -0.078 -0.161 0.831 0.000 -0.389 -0.397 0.361 0.000 0.551 -0.752 0.699 0.000 -0.701 0.143 0.997 -0.000 0.073 0.032 0.623 0.000 -0.780 0.058 0.988 0.000 0.082 0.131 
0.997 -0.053 0.057 0.030 0.774 0.000 -0.633 0.004 0.984 0.000 -0.079 -0.160 0.831 0.000 -0.385 -0.401 0.363 0.000 0.544 -0.757 0.699 0.000 -0.701 0.143 0.997 -0.000 0.073 0.032 0.623 0.000 -0.780 0.058 0.988 0.000 0.082 0.132 
0.996 -0.053 0.057 0.030 0.774 -0.000 -0.633 0.004 0.984 0.000 -0.079 -0.159 0.830 0.000 -0.382 -0.407 0.365 0.000 0.536 -0.761 0.699 0.000 -0.701 0.144 0.997 0.000 0.073 0.031 0.623 0.000 -0.780 0.057 0.988 0.000 0.082 0.132 
0.996 -0.053 0.057 0.032 0.773 0.000 -0.634 0.005 0.984 0.000 -0.078 -0.158 0.829 0.000 -0.377 -0.414 0.368 0.000 0.527 -0.766 0.699 0.000 -0.701 0.144 0.997 0.000 0.073 0.031 0.623 0.000 -0.780 0.057 0.988 0.000 0.082 0.132 
0.996 -0.053 0.057 0.033 0.774 0.000 -0.633 0.004 0.984 0.000 -0.079 -0.157 0.827 0.000 -0.374 -0.420 0.369 0.000 0.515 -0.773 0.699 -0.000 -0.701 0.145 0.997 -0.000 0.073 0.030 0.623 0.000 -0.780 0.057 0.988 0.000 0.082 0.132 
0.996 -0.053 0.057 0.034 0.774 0.000 -0.633 0.004 0.985 -0.000 -0.079 -0.155 0.826 0.000 -0.369 -0.427 0.372 0.000 0.505 -0.779 0.698 0.000 -0.701 0.146 0.997 0.000 0.073 0.030 0.623 0.000 -0.780 0.056 0.988 0.000 0.083 0.132 
0.996 -0.053 0.057 0.035 0.774 0.000 -0.633 0.004 0.985 0.000 -0.078 -0.154 0.825 0.000 -0.364 -0.433 0.374 0.000 0.499 -0.782 0.698 0.000 -0.701 0.147 0.997 0.000 0.073 0.030 0.623 0.000 -0.780 0.056 0.988 0.000 0.083 0.132 
0.996 -0.053 0.057 0.036 0.774 0.000 -0.633 0.003 0.985 -0.000 -0.078 -0.153 0.824 0.000 -0.358 -0.439 0.376 0.000 0.490 -0.786 0.698 0.000 -0.701 0.147 0.997 0.000 0.073 0.030 0.623 0.000 -0.780 0.056 0.988 0.000 0.083 0.132 
0.996 -0.053 0.058 0.037 0.775 0.000 -0.633 0.003 0.985 0.000 -0.077 -0.151 0.823 0.000 -0.352 -0.446 0.379 0.000 0.481 -0.791 0.698 -0.000 -0.700 0.148 0.997 0.000 0.072 0.029 0.623 -0.000 -0.780 0.056 0.988 0.000 0.083 0.132 
0.996 -0.053 0.058 0.039 0.774 0.000 -0.633 0.003 0.986 0.000 -0.076 -0.150 0.822 0.000 -0.347 -0.452 0.382 0.000 0.474 -0.794 0.698 0.000 -0.700 0.148 0.997 0.000 0.072 0.029 0.623 -0.000 -0.780 0.056 0.988 0.000 0.083 0.132 
0.996 -0.053 0.058 0.040 0.774 0.000 -0.633 0.002 0.986 0.000 -0.075 -0.149 0.821 0.000 -0.342 -0.458 0.384 -0.000 0.464 -0.798 0.698 0.000 -0.700 0.148 0.997 0.000 0.072 0.029 0.623 0.000 -0.780 0.056 0.988 0.000 0.083 0.131 
0.996 -0.053 0.058 0.040 0.774 0.000 -0.633 0.002 0.986 0.000 -0.074 -0.147 0.820 0.000 -0.336 -0.464 0.387 0.000 0.456 -0.801 0.698 0.000 -0.700 0.149 0.997 0.000 0.072 0.029 0.623 0.000 -0.780 0.056 0.988 -0.000 0.083 0.131 
0.996 -0.053 0.058 0.041 0.774 0.000 -0.633 0.001 0.986 0.000 -0.074 -0.146 0.819 0.000 -0.331 -0.469 0.390 0.000 0.449 -0.804 0.698 0.000 -0.700 0.150 0.997 0.000 0.072 0.028 0.623 0.000 -0.780 0.056 0.988 0.000 0.083 0.131 
0.996 -0.053 0.058 0.043 0.774 0.000 -0.633 0.001 0.987 0.000 -0.073 -0.145 0.817 0.000 -0.326 -0.475 0.392 0.000 0.442 -0.806 0.698 0.000 -0.700 0.150 0.997 0.000 0.072 0.028 0.623 0.000 -0.780 0.056 0.988 0.000 0.084 0.131 
0.996 -0.053 0.058 0.043 0.774 0.000 -0.633 0.000 0.987 -0.000 -0.072 -0.144 0.817 0.000 -0.321 -0.480 0.395 0.000 0.436 -0.809 0.698 0.000 -0.700 0.151 0.997 0.000 0.072 0.028 0.623 0.000 -0.780 0.056 0.988 0.000 0.084 0.131 
0.996 -0.053 0.058 0.044 0.774 0.000 -0.634 -0.000 0.987 0.000 -0.071 -0.144 0.816 0.000 -0.316 -0.483 0.396 0.000 0.431 -0.811 0.698 0.000 -0.700 0.151 0.997 -0.000 0.072 0.028 0.623 0.000 -0.780 0.056 0.988 0.000 0.084 0.130 
0.996 -0.053 0.058 0.045 0.774 0.000 -0.634 -0.000 0.987 0.000 -0.070 -0.143 0.816 0.000 -0.312 -0.486 0.398 0.000 0.426 -0.812 0.698 0.000 -0.700 0.152 0.997 0.000 0.072 0.027 0.623 0.000 -0.780 0.057 0.988 -0.000 0.084 0.130 
0.996 -0.053 0.058 0.045 0.774 0.000 -0.634 -0.000 0.987 -0.000 -0.070 -0.143 0.816 0.000 -0.308 -0.489 0.401 0.000 0.421 -0.814 0.698 0.000 -0.700 0.152 0.997 0.000 0.072 0.027 0.623 0.000 -0.780 0.057 0.988 0.000 0.084 0.130 
0.996 -0.053 0.059 0.046 0.773 0.000 -0.634 -0.001 0.987 0.000 -0.069 -0.142 0.816 0.000 -0.305 -0.491 0.402 0.000 0.417 -0.815 0.698 -0.000 -0.699 0.153 0.997 0.000 0.072 0.027 0.623 0.000 -0.780 0.058 0.988 0.000 0.085 0.129 
0.996 -0.054 0.059 0.046 0.773 -0.000 -0.634 -0.001 0.988 -0.000 -0.068 -0.142 0.817 0.000 -0.302 -0.491 0.403 0.000 0.413 -0.817 0.698 0.000 -0.699 0.153 0.997 0.000 0.072 0.026 0.623 0.000 -0.780 0.058 0.988 0.000 0.085 0.129 
0.996 -0.054 0.059 0.046 0.773 0.000 -0.635 -0.001 0.988 0.000 -0.068 -0.142 0.817 0.000 -0.300 -0.492 0.404 0.000 0.410 -0.818 0.698 0.000 -0.699 0.154 0.997 0.000 0.072 0.026 0.623 0.000 -0.780 0.058 0.988 0.000 0.085 0.129 
0.996 -0.054 0.059 0.046 0.773 0.000 -0.635 -0.001 0.988 -0.000 -0.067 -0.142 0.818 0.000 -0.298 -0.492 0.404 0.000 0.407 -0.820 0.698 -0.000 -0.699 0.154 0.997 0.000 0.071 0.026 0.624 0.000 -0.779 0.059 0.988 0.000 0.083 0.128 
0.996 -0.054 0.059 0.045 0.772 0.000 -0.635 -0.001 0.988 0.000 -0.067 -0.142 0.819 0.000 -0.298 -0.490 0.403 0.000 0.404 -0.821 0.698 -0.000 -0.699 0.155 0.997 -0.000 0.072 0.026 0.623 0.000 -0.780 0.060 0.988 0.000 0.085 0.128 
0.996 -0.054 0.059 0.045 0.772 0.000 -0.635 -0.002 0.988 0.000 -0.067 -0.142 0.821 0.000 -0.297 -0.488 0.402 0.000 0.404 -0.822 0.698 0.000 -0.699 0.155 0.997 -0.000 0.072 0.026 0.623 0.000 -0.780 0.060 0.988 0.000 0.085 0.128 
0.996 -0.055 0.058 0.045 0.772 0.000 -0.636 -0.002 0.988 -0.000 -0.067 -0.142 0.822 0.000 -0.297 -0.485 0.400 0.000 0.404 -0.823 0.698 -0.000 -0.699 0.155 0.997 0.000 0.072 0.026 0.623 0.000 -0.780 0.061 0.988 0.000 0.085 0.128 
0.996 -0.055 0.059 0.043 0.772 -0.000 -0.636 -0.002 0.988 0.000 -0.066 -0.143 0.825 0.000 -0.297 -0.482 0.399 0.000 0.404 -0.824 0.698 0.000 -0.699 0.155 0.997 0.000 0.072 0.026 0.623 0.000 -0.780 0.062 0.988 0.000 0.085 0.128 
0.996 -0.055 0.059 0.043 0.771 0.000 -0.637 -0.002 0.987 0.000 -0.066 -0.144 0.827 0.000 -0.297 -0.478 0.397 -0.000 0.406 -0.823 0.698 0.000 -0.699 0.156 0.997 -0.000 0.072 0.026 0.623 0.000 -0.780 0.063 0.988 0.000 0.085 0.127 
0.996 -0.055 0.058 0.042 0.771 -0.000 -0.637 -0.003 0.987 0.000 -0.066 -0.144 0.829 0.000 -0.298 -0.473 0.394 0.000 0.407 -0.824 0.698 0.000 -0.699 0.156 0.997 0.000 0.072 0.026 0.623 0.000 -0.780 0.063 0.988 0.000 0.085 0.128 
0.996 -0.056 0.058 0.040 0.770 -0.000 -0.638 -0.003 0.987 -0.000 -0.066 -0.145 0.832 0.000 -0.300 -0.467 0.391 -0.000 0.410 -0.824 0.698 0.000 -0.699 0.156 0.997 0.000 0.072 0.026 0.623 0.000 -0.780 0.064 0.988 0.000 0.085 0.127 
0.996 -0.056 0.058 0.039 0.770 -0.000 -0.638 -0.003 0.987 -0.000 -0.067 -0.146 0.835 0.000 -0.302 -0.460 0.389 0.000 0.414 -0.823 0.698 0.000 -0.699 0.155 0.997 0.000 0.072 0.026 0.623 0.000 -0.780 0.065 0.988 -0.000 0.085 0.127 
0.996 -0.056 0.058 0.037 0.770 0.000 -0.638 -0.003 0.987 0.000 -0.068 -0.147 0.838 0.000 -0.305 -0.453 0.386 0.000 0.417 -0.823 0.699 -0.000 -0.699 0.155 0.997 0.000 0.072 0.027 0.623 0.000 -0.779 0.067 0.988 0.000 0.085 0.127 
0.996 -0.057 0.058 0.036 0.770 0.000 -0.638 -0.003 0.987 0.000 -0.069 -0.148 0.841 -0.000 -0.307 -0.446 0.382 0.000 0.422 -0.822 0.699 0.000 -0.698 0.156 0.997 0.000 0.073 0.027 0.623 0.000 -0.779 0.068 0.988 0.000 0.085 0.126 
0.996 -0.057 0.058 0.034 0.769 0.000 -0.639 -0.003 0.986 0.000 -0.070 -0.149 0.844 -0.000 -0.311 -0.438 0.379 0.000 0.426 -0.821 0.698 -0.000 -0.699 0.156 0.997 0.000 0.073 0.027 0.623 -0.000 -0.779 0.069 0.988 -0.000 0.085 0.126 
0.996 -0.057 0.058 0.033 0.769 0.000 -0.639 -0.004 0.986 0.000 -0.072 -0.150 0.847 0.000 -0.314 -0.429 0.376 0.000 0.431 -0.821 0.699 -0.000 -0.699 0.155 0.997 -0.000 0.073 0.027 0.623 -0.000 -0.779 0.070 0.988 0.000 0.085 0.126 
0.996 -0.058 0.057 0.031 0.769 0.000 -0.639 -0.004 0.986 0.000 -0.073 -0.151 0.850 0.000 -0.318 -0.421 0.373 0.000 0.435 -0.819 0.699 0.000 -0.699 0.155 0.997 0.000 0.073 0.028 0.623 0.000 -0.779 0.071 0.988 0.000 0.084 0.126 
0.996 -0.058 0.057 0.029 0.770 0.000 -0.639 -0.005 0.986 0.000 -0.076 -0.151 0.852 0.000 -0.323 -0.412 0.369 -0.000 0.441 -0.818 0.699 0.000 -0.699 0.155 0.997 0.000 0.073 0.028 0.623 0.000 -0.779 0.072 0.988 0.000 0.084 0.126 
0.996 -0.058 0.057 0.027 0.769 0.000 -0.639 -0.004 0.985 0.000 -0.078 -0.154 0.856 0.000 -0.326 -0.402 0.365 0.000 0.450 -0.815 0.699 0.000 -0.698 0.155 0.997 0.000 0.074 0.028 0.624 0.000 -0.778 0.073 0.989 0.000 0.084 0.126 
0.996 -0.059 0.057 0.026 0.769 0.000 -0.639 -0.004 0.985 0.000 -0.080 -0.154 0.858 0.000 -0.330 -0.394 0.363 0.000 0.455 -0.813 0.699 0.000 -0.698 0.155 0.997 0.000 0.074 0.029 0.624 0.000 -0.778 0.074 0.989 0.000 0.084 0.126 
0.996 -0.059 0.057 0.024 0.769 0.000 -0.639 -0.004 0.985 0.000 -0.082 -0.155 0.861 0.000 -0.334 -0.385 0.360 -0.000 0.459 -0.812 0.699 0.000 -0.698 0.155 0.997 0.000 0.074 0.029 0.624 0.000 -0.778 0.076 0.988 -0.000 0.084 0.126 
0.996 -0.060 0.056 0.023 0.769 -0.000 -0.639 -0.004 0.984 0.000 -0.084 -0.156 0.863 0.000 -0.337 -0.377 0.358 0.000 0.466 -0.809 0.699 0.000 -0.699 0.155 0.997 0.000 0.074 0.029 0.624 -0.000 -0.778 0.077 0.989 0.000 0.084 0.126 
0.996 -0.060 0.056 0.021 0.769 0.000 -0.639 -0.003 0.984 0.000 -0.086 -0.157 0.865 0.000 -0.341 -0.369 0.355 0.000 0.472 -0.807 0.699 0.000 -0.699 0.155 0.997 0.000 0.074 0.029 0.624 -0.000 -0.777 0.077 0.988 -0.000 0.084 0.126 
0.996 -0.060 0.056 0.020 0.769 -0.000 -0.639 -0.002 0.984 0.000 -0.088 -0.158 0.866 0.000 -0.344 -0.362 0.353 0.000 0.479 -0.804 0.698 0.000 -0.699 0.155 0.997 0.000 0.074 0.029 0.624 -0.000 -0.777 0.078 0.988 0.000 0.084 0.126 
0.996 -0.061 0.055 0.019 0.769 0.000 -0.639 -0.001 0.983 0.000 -0.090 -0.159 0.868 0.000 -0.347 -0.356 0.350 0.000 0.485 -0.801 0.698 -0.000 -0.699 0.155 0.997 0.000 0.074 0.030 0.624 0.000 -0.777 0.079 0.988 0.000 0.084 0.126 
0.996 -0.061 0.055 0.018 0.769 0.000 -0.639 -0.001 0.983 0.000 -0.091 -0.159 0.869 0.000 -0.350 -0.351 0.348 0.000 0.492 -0.798 0.698 0.000 -0.699 0.155 0.997 0.000 0.074 0.030 0.624 0.000 -0.777 0.080 0.988 0.000 0.084 0.126 
0.996 -0.061 0.055 0.016 0.769 0.000 -0.639 0.000 0.983 0.000 -0.092 -0.160 0.870 0.000 -0.351 -0.345 0.346 0.000 0.502 -0.792 0.698 0.000 -0.699 0.155 0.997 0.000 0.074 0.030 0.625 0.000 -0.777 0.081 0.989 0.000 0.084 0.126 
0.996 -0.062 0.055 0.016 0.769 0.000 -0.639 0.001 0.983 0.000 -0.094 -0.160 0.871 0.000 -0.353 -0.342 0.345 0.000 0.509 -0.789 0.698 0.000 -0.699 0.156 0.997 0.000 0.074 0.030 0.625 0.000 -0.777 0.082 0.988 0.000 0.084 0.126 
0.996 -0.062 0.055 0.015 0.769 0.000 -0.639 0.002 0.983 0.000 -0.095 -0.160 0.872 0.000 -0.354 -0.339 0.344 0.000 0.515 -0.785 0.698 0.000 -0.699 0.156 0.997 -0.000 0.075 0.030 0.625 0.000 -0.777 0.082 0.988 0.000 0.084 0.126 
0.996 -0.062 0.054 0.015 0.769 0.000 -0.639 0.004 0.982 0.000 -0.096 -0.161 0.872 0.000 -0.354 -0.338 0.343 0.000 0.523 -0.781 0.698 0.000 -0.699 0.156 0.997 -0.000 0.075 0.030 0.626 0.000 -0.776 0.083 0.989 0.000 0.082 0.126 
0.996 -0.062 0.054 0.014 0.769 0.000 -0.639 0.006 0.982 0.000 -0.097 -0.161 0.872 0.000 -0.354 -0.337 0.342 0.000 0.528 -0.778 0.698 -0.000 -0.699 0.156 0.997 0.000 0.075 0.030 0.626 0.000 -0.776 0.083 0.989 -0.000 0.082 0.126 
0.996 -0.062 0.054 0.015 0.769 0.000 -0.639 0.007 0.982 -0.000 -0.098 -0.161 0.872 0.000 -0.354 -0.338 0.342 -0.000 0.532 -0.775 0.698 0.000 -0.699 0.157 0.997 0.000 0.075 0.030 0.625 -0.000 -0.776 0.083 0.988 0.000 0.084 0.126 
0.997 -0.061 0.054 0.013 0.770 0.000 -0.639 0.007 0.982 0.000 -0.098 -0.160 0.873 -0.000 -0.352 -0.338 0.341 0.000 0.537 -0.771 0.698 0.000 -0.699 0.153 0.997 0.000 0.075 0.032 0.625 0.000 -0.777 0.082 0.988 0.000 0.084 0.126 
0.997 -0.062 0.055 0.014 0.770 0.000 -0.638 0.009 0.982 0.000 -0.098 -0.159 0.872 0.000 -0.352 -0.341 0.341 0.000 0.539 -0.770 0.698 0.000 -0.699 0.154 0.997 0.000 0.075 0.032 0.625 0.000 -0.777 0.081 0.988 -0.000 0.083 0.127 
0.996 -0.062 0.054 0.016 0.770 0.000 -0.638 0.011 0.982 -0.000 -0.098 -0.159 0.871 0.000 -0.351 -0.344 0.342 0.000 0.538 -0.770 0.698 -0.000 -0.699 0.158 0.997 0.000 0.074 0.030 0.625 -0.000 -0.776 0.083 0.988 0.000 0.084 0.126 
0.996 -0.062 0.055 0.015 0.770 0.000 -0.638 0.011 0.983 -0.000 -0.098 -0.158 0.871 0.000 -0.349 -0.347 0.342 0.000 0.541 -0.768 0.698 0.000 -0.699 0.154 0.997 -0.000 0.074 0.032 0.626 -0.000 -0.776 0.082 0.989 0.000 0.082 0.126 
0.996 -0.062 0.054 0.018 0.770 0.000 -0.638 0.014 0.983 0.000 -0.098 -0.157 0.869 0.000 -0.347 -0.352 0.342 0.000 0.539 -0.770 0.698 0.000 -0.699 0.158 0.997 0.000 0.074 0.029 0.625 0.000 -0.776 0.083 0.988 0.000 0.085 0.126 
0.996 -0.062 0.055 0.019 0.770 0.000 -0.638 0.014 0.983 0.000 -0.097 -0.155 0.868 0.000 -0.345 -0.356 0.343 0.000 0.537 -0.771 0.698 0.000 -0.699 0.159 0.997 0.000 0.074 0.029 0.625 0.000 -0.776 0.083 0.988 0.000 0.085 0.126 
0.996 -0.062 0.055 0.020 0.770 0.000 -0.638 0.014 0.984 0.000 -0.096 -0.153 0.867 -0.000 -0.343 -0.361 0.343 0.000 0.536 -0.772 0.698 0.000 -0.699 0.159 0.997 0.000 0.074 0.029 0.625 0.000 -0.776 0.082 0.988 0.000 0.085 0.126 
0.996 -0.062 0.055 0.022 0.770 0.000 -0.638 0.015 0.984 0.000 -0.095 -0.151 0.866 -0.000 -0.341 -0.367 0.344 0.000 0.533 -0.773 0.697 0.000 -0.699 0.160 0.997 0.000 0.074 0.029 0.626 0.000 -0.776 0.082 0.989 -0.000 0.083 0.126 
0.996 -0.062 0.055 0.023 0.769 0.000 -0.639 0.015 0.984 -0.000 -0.093 -0.149 0.864 -0.000 -0.339 -0.372 0.345 0.000 0.529 -0.775 0.697 0.000 -0.698 0.160 0.997 0.000 0.074 0.029 0.625 0.000 -0.776 0.081 0.988 0.000 0.085 0.126 
0.996 -0.062 0.055 0.024 0.769 0.000 -0.639 0.016 0.985 0.000 -0.091 -0.147 0.862 -0.000 -0.338 -0.377 0.346 -0.000 0.523 -0.779 0.697 0.000 -0.698 0.160 0.997 0.000 0.074 0.029 0.625 -0.000 -0.777 0.081 0.988 0.000 0.086 0.125 
0.996 -0.062 0.055 0.026 0.769 0.000 -0.639 0.016 0.985 -0.000 -0.090 -0.145 0.861 0.000 -0.335 -0.384 0.347 0.000 0.519 -0.781 0.697 0.000 -0.698 0.161 0.997 -0.000 0.074 0.029 0.625 0.000 -0.777 0.081 0.988 0.000 0.086 0.125 
