# T   LUA LFA RUA RFA LT  LS  RT  RS  
0.998 -0.044 -0.025 -0.031 0.723 -0.000 -0.686 -0.083 0.983 0.000 -0.143 -0.116 0.768 -0.000 -0.640 -0.030 0.987 0.000 -0.090 -0.136 0.651 0.000 -0.759 0.019 0.985 0.000 0.049 0.165 0.685 0.000 -0.727 0.047 0.986 0.000 0.029 0.166 
0.998 -0.044 -0.025 -0.032 0.723 0.000 -0.686 -0.083 0.983 0.000 -0.143 -0.116 0.768 0.000 -0.640 -0.031 0.987 0.000 -0.089 -0.135 0.651 0.000 -0.759 0.019 0.985 0.000 0.049 0.165 0.685 0.000 -0.727 0.047 0.986 0.000 0.029 0.166 
0.998 -0.044 -0.025 -0.031 0.723 0.000 -0.686 -0.083 0.983 0.000 -0.143 -0.116 0.768 0.000 -0.640 -0.031 0.987 0.000 -0.089 -0.135 0.651 -0.000 -0.759 0.018 0.985 0.000 0.049 0.165 0.685 0.000 -0.727 0.047 0.986 0.000 0.029 0.166 
0.998 -0.044 -0.025 -0.032 0.723 0.000 -0.686 -0.083 0.983 0.000 -0.143 -0.116 0.768 0.000 -0.640 -0.031 0.987 -0.000 -0.089 -0.135 0.651 0.000 -0.759 0.018 0.985 0.000 0.049 0.165 0.685 -0.000 -0.727 0.047 0.986 0.000 0.029 0.166 
0.998 -0.044 -0.025 -0.031 0.723 0.000 -0.686 -0.083 0.983 0.000 -0.143 -0.116 0.768 0.000 -0.640 -0.030 0.987 0.000 -0.090 -0.135 0.651 0.000 -0.759 0.017 0.985 0.000 0.049 0.165 0.685 0.000 -0.727 0.046 0.986 0.000 0.029 0.166 
0.998 -0.044 -0.025 -0.031 0.723 -0.000 -0.686 -0.082 0.983 0.000 -0.143 -0.116 0.768 0.000 -0.640 -0.030 0.987 0.000 -0.090 -0.135 0.651 -0.000 -0.759 0.017 0.985 0.000 0.049 0.165 0.685 -0.000 -0.727 0.046 0.986 0.000 0.029 0.166 
0.998 -0.044 -0.025 -0.031 0.723 0.000 -0.686 -0.082 0.983 0.000 -0.143 -0.116 0.768 0.000 -0.640 -0.030 0.987 0.000 -0.090 -0.135 0.651 0.000 -0.759 0.017 0.985 0.000 0.049 0.165 0.685 0.000 -0.727 0.046 0.986 0.000 0.029 0.166 
0.998 -0.044 -0.025 -0.031 0.723 0.000 -0.686 -0.082 0.983 0.000 -0.143 -0.117 0.768 0.000 -0.640 -0.030 0.987 0.000 -0.090 -0.135 0.651 0.000 -0.759 0.017 0.985 -0.000 0.049 0.166 0.685 0.000 -0.727 0.045 0.986 0.000 0.029 0.166 
0.998 -0.044 -0.025 -0.031 0.723 0.000 -0.686 -0.082 0.983 0.000 -0.143 -0.117 0.768 0.000 -0.640 -0.031 0.987 0.000 -0.089 -0.134 0.651 0.000 -0.759 0.017 0.985 -0.000 0.049 0.166 0.685 0.000 -0.727 0.045 0.986 -0.000 0.029 0.166 
0.998 -0.044 -0.025 -0.031 0.723 0.000 -0.686 -0.081 0.983 0.000 -0.144 -0.117 0.768 -0.000 -0.640 -0.031 0.987 -0.000 -0.089 -0.134 0.651 0.000 -0.759 0.017 0.985 -0.000 0.049 0.166 0.685 0.000 -0.727 0.046 0.986 0.000 0.029 0.166 
0.998 -0.044 -0.025 -0.031 0.723 0.000 -0.686 -0.081 0.983 0.000 -0.144 -0.117 0.768 0.000 -0.640 -0.031 0.987 -0.000 -0.089 -0.134 0.651 0.000 -0.759 0.016 0.985 0.000 0.049 0.166 0.685 0.000 -0.727 0.045 0.986 0.000 0.029 0.166 
0.998 -0.044 -0.025 -0.031 0.723 0.000 -0.686 -0.081 0.983 -0.000 -0.144 -0.117 0.768 0.000 -0.640 -0.032 0.987 0.000 -0.090 -0.133 0.651 0.000 -0.759 0.016 0.985 0.000 0.049 0.166 0.685 0.000 -0.727 0.045 0.986 0.000 0.029 0.166 
0.998 -0.044 -0.025 -0.031 0.723 -0.000 -0.686 -0.081 0.983 0.000 -0.144 -0.117 0.768 0.000 -0.640 -0.031 0.987 0.000 -0.089 -0.134 0.651 0.000 -0.759 0.016 0.985 0.000 0.049 0.166 0.685 0.000 -0.727 0.045 0.986 0.000 0.029 0.166 
0.998 -0.044 -0.025 -0.031 0.723 0.000 -0.686 -0.081 0.983 0.000 -0.144 -0.117 0.768 0.000 -0.640 -0.031 0.987 0.000 -0.090 -0.134 0.651 0.000 -0.759 0.015 0.985 -0.000 0.048 0.166 0.685 0.000 -0.727 0.044 0.986 0.000 0.029 0.166 
0.998 -0.043 -0.025 -0.031 0.723 0.000 -0.686 -0.081 0.983 0.000 -0.144 -0.117 0.768 0.000 -0.640 -0.030 0.987 0.000 -0.090 -0.135 0.651 0.000 -0.759 0.015 0.985 0.000 0.048 0.166 0.685 0.000 -0.727 0.044 0.986 -0.000 0.029 0.166 
0.998 -0.043 -0.025 -0.031 0.723 0.000 -0.686 -0.081 0.983 0.000 -0.144 -0.117 0.768 -0.000 -0.640 -0.030 0.987 -0.000 -0.090 -0.135 0.651 0.000 -0.759 0.015 0.985 0.000 0.048 0.166 0.685 0.000 -0.727 0.044 0.986 0.000 0.029 0.166 
0.998 -0.043 -0.025 -0.031 0.723 0.000 -0.686 -0.081 0.983 0.000 -0.144 -0.117 0.768 0.000 -0.640 -0.030 0.987 0.000 -0.090 -0.135 0.651 0.000 -0.759 0.015 0.985 0.000 0.048 0.166 0.685 0.000 -0.727 0.044 0.986 0.000 0.029 0.166 
0.998 -0.043 -0.025 -0.031 0.723 0.000 -0.686 -0.081 0.983 0.000 -0.145 -0.117 0.768 0.000 -0.640 -0.031 0.987 0.000 -0.090 -0.134 0.651 -0.000 -0.759 0.015 0.985 0.000 0.048 0.167 0.685 0.000 -0.727 0.044 0.986 0.000 0.029 0.165 
0.998 -0.043 -0.025 -0.031 0.723 0.000 -0.686 -0.081 0.983 0.000 -0.145 -0.117 0.768 0.000 -0.640 -0.031 0.987 -0.000 -0.090 -0.134 0.651 -0.000 -0.759 0.014 0.985 0.000 0.049 0.166 0.685 -0.000 -0.727 0.044 0.986 0.000 0.028 0.165 
0.998 -0.043 -0.025 -0.031 0.723 0.000 -0.686 -0.081 0.983 0.000 -0.145 -0.116 0.768 -0.000 -0.640 -0.031 0.987 0.000 -0.090 -0.134 0.651 0.000 -0.759 0.014 0.985 0.000 0.048 0.166 0.685 0.000 -0.727 0.044 0.986 -0.000 0.029 0.165 
0.998 -0.043 -0.025 -0.031 0.723 0.000 -0.686 -0.081 0.983 0.000 -0.145 -0.116 0.767 0.000 -0.640 -0.030 0.987 0.000 -0.090 -0.135 0.651 0.000 -0.759 0.014 0.985 0.000 0.048 0.167 0.685 0.000 -0.727 0.044 0.986 0.000 0.029 0.165 
0.998 -0.043 -0.025 -0.030 0.723 0.000 -0.686 -0.081 0.983 0.000 -0.145 -0.117 0.768 0.000 -0.640 -0.031 0.987 -0.000 -0.090 -0.134 0.651 0.000 -0.759 0.014 0.985 -0.000 0.048 0.167 0.685 0.000 -0.727 0.043 0.986 0.000 0.029 0.165 
0.998 -0.043 -0.025 -0.030 0.723 0.000 -0.686 -0.081 0.983 0.000 -0.145 -0.117 0.768 0.000 -0.640 -0.030 0.987 -0.000 -0.091 -0.135 0.651 0.000 -0.759 0.013 0.985 0.000 0.047 0.166 0.685 -0.000 -0.727 0.043 0.986 0.000 0.029 0.165 
0.998 -0.043 -0.025 -0.031 0.723 0.000 -0.686 -0.082 0.983 0.000 -0.145 -0.116 0.767 -0.000 -0.640 -0.029 0.987 0.000 -0.090 -0.136 0.651 0.000 -0.759 0.013 0.985 0.000 0.048 0.167 0.685 0.000 -0.727 0.043 0.986 0.000 0.028 0.165 
0.998 -0.043 -0.025 -0.030 0.723 0.000 -0.686 -0.081 0.983 -0.000 -0.145 -0.116 0.768 0.000 -0.640 -0.030 0.987 -0.000 -0.091 -0.135 0.651 0.000 -0.759 0.013 0.985 0.000 0.048 0.167 0.685 0.000 -0.727 0.043 0.986 0.000 0.029 0.166 
0.998 -0.043 -0.025 -0.030 0.723 0.000 -0.686 -0.081 0.983 0.000 -0.145 -0.117 0.768 0.000 -0.640 -0.031 0.987 0.000 -0.090 -0.135 0.651 0.000 -0.759 0.013 0.985 -0.000 0.048 0.167 0.685 0.000 -0.727 0.043 0.986 -0.000 0.029 0.165 
0.998 -0.043 -0.025 -0.030 0.723 0.000 -0.686 -0.081 0.983 -0.000 -0.145 -0.116 0.768 0.000 -0.640 -0.030 0.987 0.000 -0.091 -0.135 0.651 0.000 -0.759 0.013 0.985 0.000 0.048 0.167 0.685 0.000 -0.727 0.042 0.986 0.000 0.029 0.165 
0.998 -0.043 -0.025 -0.030 0.723 0.000 -0.686 -0.082 0.983 0.000 -0.145 -0.116 0.767 0.000 -0.640 -0.030 0.987 0.000 -0.090 -0.135 0.651 -0.000 -0.759 0.012 0.985 0.000 0.048 0.167 0.685 0.000 -0.727 0.042 0.986 0.000 0.028 0.165 
0.998 -0.042 -0.025 -0.030 0.723 0.000 -0.686 -0.082 0.983 0.000 -0.145 -0.116 0.767 0.000 -0.640 -0.030 0.987 0.000 -0.090 -0.135 0.651 0.000 -0.759 0.012 0.985 0.000 0.047 0.167 0.685 0.000 -0.727 0.042 0.986 0.000 0.028 0.165 
0.998 -0.042 -0.025 -0.030 0.723 0.000 -0.686 -0.082 0.983 0.000 -0.145 -0.116 0.767 0.000 -0.640 -0.030 0.987 0.000 -0.090 -0.135 0.651 0.000 -0.759 0.012 0.985 -0.000 0.047 0.167 0.685 0.000 -0.727 0.042 0.986 0.000 0.029 0.165 
0.998 -0.042 -0.025 -0.030 0.723 0.000 -0.685 -0.082 0.983 0.000 -0.145 -0.116 0.768 0.000 -0.640 -0.029 0.987 0.000 -0.091 -0.135 0.651 0.000 -0.759 0.011 0.985 -0.000 0.047 0.167 0.685 0.000 -0.727 0.041 0.986 0.000 0.028 0.166 
0.998 -0.042 -0.025 -0.030 0.723 0.000 -0.685 -0.082 0.983 0.000 -0.145 -0.116 0.768 -0.000 -0.640 -0.030 0.987 0.000 -0.091 -0.135 0.651 0.000 -0.759 0.011 0.985 0.000 0.047 0.167 0.685 0.000 -0.727 0.041 0.986 0.000 0.028 0.166 
0.998 -0.042 -0.025 -0.030 0.723 0.000 -0.685 -0.082 0.983 -0.000 -0.145 -0.116 0.768 0.000 -0.640 -0.030 0.987 0.000 -0.091 -0.135 0.651 0.000 -0.759 0.011 0.985 0.000 0.047 0.167 0.685 0.000 -0.727 0.041 0.986 -0.000 0.028 0.166 
0.998 -0.042 -0.025 -0.030 0.723 0.000 -0.686 -0.082 0.983 0.000 -0.145 -0.116 0.768 0.000 -0.640 -0.030 0.987 0.000 -0.091 -0.135 0.651 0.000 -0.759 0.010 0.985 0.000 0.047 0.167 0.685 0.000 -0.727 0.040 0.986 0.000 0.028 0.166 
0.998 -0.042 -0.025 -0.031 0.723 -0.000 -0.685 -0.082 0.983 0.000 -0.145 -0.116 0.768 -0.000 -0.640 -0.030 0.987 0.000 -0.091 -0.135 0.651 0.000 -0.759 0.010 0.985 -0.000 0.047 0.168 0.685 0.000 -0.727 0.040 0.986 0.000 0.028 0.166 
0.998 -0.042 -0.025 -0.030 0.723 0.000 -0.685 -0.082 0.983 0.000 -0.145 -0.116 0.768 0.000 -0.640 -0.030 0.987 0.000 -0.091 -0.135 0.651 0.000 -0.759 0.010 0.985 0.000 0.047 0.168 0.685 0.000 -0.727 0.040 0.986 0.000 0.028 0.166 
0.998 -0.042 -0.025 -0.030 0.723 0.000 -0.685 -0.082 0.983 0.000 -0.145 -0.116 0.768 0.000 -0.640 -0.031 0.987 0.000 -0.091 -0.134 0.651 0.000 -0.759 0.009 0.985 0.000 0.047 0.168 0.685 0.000 -0.727 0.040 0.986 0.000 0.028 0.166 
0.998 -0.042 -0.025 -0.031 0.724 0.000 -0.685 -0.083 0.983 0.000 -0.146 -0.116 0.768 0.000 -0.640 -0.031 0.987 0.000 -0.091 -0.134 0.651 0.000 -0.759 0.009 0.985 -0.000 0.047 0.168 0.685 0.000 -0.727 0.040 0.986 0.000 0.028 0.166 
0.998 -0.042 -0.025 -0.031 0.723 0.000 -0.685 -0.083 0.983 0.000 -0.145 -0.116 0.768 0.000 -0.640 -0.031 0.987 0.000 -0.091 -0.134 0.651 0.000 -0.759 0.009 0.985 0.000 0.047 0.168 0.685 0.000 -0.727 0.039 0.986 0.000 0.028 0.166 
0.998 -0.041 -0.025 -0.030 0.724 0.000 -0.685 -0.083 0.983 0.000 -0.145 -0.116 0.768 0.000 -0.640 -0.029 0.987 0.000 -0.091 -0.135 0.651 0.000 -0.759 0.008 0.985 0.000 0.047 0.168 0.685 0.000 -0.727 0.039 0.986 0.000 0.028 0.166 
0.998 -0.041 -0.025 -0.030 0.724 0.000 -0.685 -0.083 0.983 0.000 -0.145 -0.116 0.768 0.000 -0.640 -0.030 0.987 -0.000 -0.091 -0.135 0.651 0.000 -0.759 0.008 0.985 0.000 0.047 0.168 0.685 -0.000 -0.727 0.039 0.986 0.000 0.028 0.166 
0.998 -0.041 -0.025 -0.031 0.723 0.000 -0.685 -0.083 0.983 0.000 -0.145 -0.116 0.768 0.000 -0.640 -0.030 0.987 0.000 -0.092 -0.135 0.651 0.000 -0.759 0.008 0.985 0.000 0.047 0.168 0.685 0.000 -0.727 0.039 0.986 -0.000 0.027 0.166 
0.998 -0.041 -0.025 -0.031 0.724 0.000 -0.685 -0.083 0.983 -0.000 -0.146 -0.116 0.768 0.000 -0.640 -0.030 0.987 0.000 -0.092 -0.135 0.651 0.000 -0.759 0.008 0.985 0.000 0.047 0.168 0.685 0.000 -0.727 0.038 0.986 -0.000 0.027 0.167 
0.998 -0.041 -0.025 -0.031 0.724 0.000 -0.685 -0.083 0.983 0.000 -0.145 -0.116 0.768 0.000 -0.640 -0.030 0.987 0.000 -0.091 -0.135 0.651 0.000 -0.759 0.008 0.985 0.000 0.047 0.168 0.685 0.000 -0.727 0.038 0.986 -0.000 0.028 0.167 
0.998 -0.041 -0.025 -0.031 0.724 0.000 -0.685 -0.083 0.983 0.000 -0.146 -0.116 0.768 0.000 -0.640 -0.030 0.987 0.000 -0.091 -0.134 0.651 0.000 -0.759 0.008 0.985 0.000 0.047 0.168 0.685 -0.000 -0.727 0.038 0.986 0.000 0.028 0.166 
0.998 -0.041 -0.025 -0.031 0.724 0.000 -0.685 -0.083 0.983 0.000 -0.146 -0.116 0.768 0.000 -0.640 -0.031 0.987 0.000 -0.091 -0.134 0.651 0.000 -0.759 0.008 0.985 0.000 0.047 0.168 0.685 0.000 -0.728 0.038 0.986 -0.000 0.028 0.166 
0.998 -0.041 -0.025 -0.031 0.724 0.000 -0.685 -0.083 0.983 0.000 -0.146 -0.115 0.768 -0.000 -0.640 -0.030 0.987 0.000 -0.091 -0.134 0.651 0.000 -0.759 0.007 0.985 0.000 0.047 0.168 0.685 0.000 -0.727 0.038 0.986 0.000 0.027 0.166 
0.998 -0.041 -0.025 -0.031 0.724 0.000 -0.685 -0.083 0.983 0.000 -0.146 -0.115 0.768 -0.000 -0.640 -0.031 0.987 0.000 -0.091 -0.134 0.651 0.000 -0.759 0.007 0.985 0.000 0.047 0.168 0.685 0.000 -0.727 0.038 0.986 0.000 0.027 0.167 
0.998 -0.041 -0.025 -0.031 0.724 0.000 -0.685 -0.083 0.983 0.000 -0.146 -0.116 0.768 -0.000 -0.640 -0.030 0.987 0.000 -0.092 -0.134 0.651 0.000 -0.759 0.007 0.985 0.000 0.047 0.168 0.685 -0.000 -0.728 0.038 0.986 -0.000 0.028 0.167 
0.998 -0.041 -0.025 -0.031 0.724 -0.000 -0.685 -0.083 0.983 -0.000 -0.146 -0.116 0.768 0.000 -0.639 -0.030 0.987 0.000 -0.092 -0.135 0.651 0.000 -0.759 0.007 0.985 0.000 0.047 0.168 0.685 0.000 -0.728 0.037 0.986 0.000 0.027 0.167 
0.998 -0.041 -0.025 -0.031 0.724 0.000 -0.685 -0.083 0.983 0.000 -0.146 -0.116 0.768 -0.000 -0.639 -0.030 0.987 -0.000 -0.092 -0.135 0.651 0.000 -0.759 0.007 0.985 0.000 0.047 0.168 0.685 0.000 -0.728 0.037 0.986 0.000 0.027 0.167 
0.998 -0.041 -0.025 -0.031 0.724 0.000 -0.685 -0.083 0.982 0.000 -0.146 -0.116 0.768 0.000 -0.639 -0.030 0.987 0.000 -0.092 -0.135 0.651 0.000 -0.759 0.007 0.985 0.000 0.047 0.168 0.685 -0.000 -0.728 0.037 0.986 0.000 0.027 0.167 
0.998 -0.041 -0.025 -0.031 0.724 0.000 -0.685 -0.083 0.983 0.000 -0.146 -0.115 0.768 0.000 -0.640 -0.030 0.987 0.000 -0.091 -0.134 0.651 0.000 -0.759 0.007 0.985 0.000 0.047 0.169 0.685 0.000 -0.728 0.037 0.986 0.000 0.027 0.167 
0.998 -0.041 -0.025 -0.031 0.724 0.000 -0.685 -0.083 0.983 0.000 -0.146 -0.115 0.768 0.000 -0.640 -0.030 0.987 0.000 -0.091 -0.134 0.651 0.000 -0.759 0.007 0.985 0.000 0.047 0.168 0.685 0.000 -0.728 0.037 0.986 0.000 0.027 0.166 
0.998 -0.041 -0.025 -0.031 0.724 0.000 -0.685 -0.083 0.983 0.000 -0.146 -0.115 0.768 0.000 -0.639 -0.030 0.987 0.000 -0.091 -0.134 0.651 -0.000 -0.759 0.006 0.985 0.000 0.047 0.168 0.685 0.000 -0.728 0.037 0.986 -0.000 0.027 0.166 
0.998 -0.041 -0.025 -0.031 0.724 0.000 -0.685 -0.083 0.982 0.000 -0.146 -0.116 0.768 0.000 -0.640 -0.030 0.987 -0.000 -0.092 -0.134 0.651 0.000 -0.759 0.006 0.985 0.000 0.047 0.169 0.685 -0.000 -0.728 0.037 0.986 -0.000 0.027 0.167 
0.998 -0.041 -0.025 -0.031 0.724 -0.000 -0.685 -0.083 0.983 0.000 -0.146 -0.116 0.768 0.000 -0.640 -0.030 0.987 0.000 -0.092 -0.134 0.651 -0.000 -0.759 0.006 0.985 0.000 0.046 0.169 0.685 0.000 -0.728 0.037 0.986 0.000 0.027 0.167 
0.998 -0.041 -0.025 -0.031 0.724 -0.000 -0.685 -0.083 0.983 0.000 -0.146 -0.116 0.768 0.000 -0.640 -0.030 0.987 -0.000 -0.091 -0.134 0.651 0.000 -0.759 0.006 0.985 -0.000 0.046 0.169 0.685 0.000 -0.728 0.037 0.986 0.000 0.027 0.167 
0.998 -0.040 -0.025 -0.031 0.724 0.000 -0.685 -0.083 0.982 0.000 -0.146 -0.116 0.768 0.000 -0.640 -0.029 0.987 0.000 -0.092 -0.135 0.651 0.000 -0.759 0.005 0.985 0.000 0.046 0.169 0.685 0.000 -0.728 0.036 0.986 0.000 0.027 0.167 
0.998 -0.040 -0.025 -0.031 0.724 0.000 -0.685 -0.083 0.982 -0.000 -0.146 -0.116 0.768 0.000 -0.639 -0.029 0.987 0.000 -0.092 -0.135 0.651 0.000 -0.759 0.006 0.985 0.000 0.046 0.169 0.685 -0.000 -0.728 0.036 0.986 -0.000 0.027 0.167 
0.998 -0.040 -0.025 -0.031 0.724 0.000 -0.685 -0.083 0.982 0.000 -0.146 -0.116 0.768 0.000 -0.640 -0.029 0.987 0.000 -0.092 -0.135 0.651 0.000 -0.759 0.005 0.985 -0.000 0.046 0.169 0.685 0.000 -0.728 0.036 0.986 0.000 0.027 0.167 
0.998 -0.040 -0.025 -0.031 0.724 -0.000 -0.685 -0.083 0.983 0.000 -0.146 -0.115 0.768 -0.000 -0.640 -0.030 0.987 0.000 -0.092 -0.134 0.651 0.000 -0.759 0.005 0.985 0.000 0.046 0.169 0.685 0.000 -0.728 0.036 0.986 0.000 0.027 0.167 
0.998 -0.040 -0.025 -0.031 0.724 0.000 -0.685 -0.083 0.982 0.000 -0.146 -0.115 0.768 0.000 -0.639 -0.030 0.987 0.000 -0.092 -0.134 0.651 0.000 -0.759 0.005 0.985 0.000 0.046 0.169 0.685 0.000 -0.728 0.036 0.986 0.000 0.027 0.167 
0.998 -0.040 -0.025 -0.031 0.724 0.000 -0.685 -0.083 0.982 0.000 -0.146 -0.115 0.768 0.000 -0.639 -0.030 0.987 -0.000 -0.091 -0.134 0.651 -0.000 -0.759 0.005 0.985 0.000 0.047 0.169 0.685 -0.000 -0.728 0.036 0.986 0.000 0.027 0.167 
0.998 -0.040 -0.025 -0.031 0.724 0.000 -0.685 -0.083 0.983 0.000 -0.146 -0.115 0.768 0.000 -0.639 -0.030 0.987 0.000 -0.092 -0.134 0.651 0.000 -0.759 0.005 0.985 0.000 0.046 0.169 0.685 0.000 -0.728 0.036 0.986 0.000 0.027 0.167 
0.998 -0.040 -0.025 -0.031 0.724 0.000 -0.685 -0.083 0.983 0.000 -0.146 -0.115 0.768 0.000 -0.639 -0.029 0.987 0.000 -0.092 -0.134 0.651 0.000 -0.759 0.005 0.985 0.000 0.046 0.169 0.685 0.000 -0.728 0.036 0.986 0.000 0.027 0.167 
0.998 -0.040 -0.025 -0.031 0.724 0.000 -0.685 -0.083 0.983 -0.000 -0.146 -0.115 0.768 0.000 -0.639 -0.030 0.987 0.000 -0.092 -0.134 0.651 0.000 -0.759 0.005 0.985 0.000 0.046 0.169 0.685 0.000 -0.728 0.036 0.986 0.000 0.027 0.167 
0.998 -0.040 -0.025 -0.031 0.724 -0.000 -0.685 -0.084 0.983 0.000 -0.146 -0.115 0.768 0.000 -0.639 -0.030 0.987 0.000 -0.093 -0.135 0.651 0.000 -0.759 0.005 0.985 0.000 0.046 0.169 0.685 0.000 -0.728 0.035 0.986 0.000 0.027 0.167 
0.998 -0.040 -0.025 -0.031 0.724 0.000 -0.685 -0.083 0.983 0.000 -0.146 -0.115 0.768 0.000 -0.639 -0.030 0.987 0.000 -0.092 -0.134 0.651 0.000 -0.759 0.005 0.985 0.000 0.046 0.169 0.685 0.000 -0.728 0.036 0.986 0.000 0.027 0.167 
0.998 -0.040 -0.025 -0.031 0.724 -0.000 -0.685 -0.084 0.983 0.000 -0.146 -0.115 0.768 0.000 -0.640 -0.030 0.987 0.000 -0.091 -0.134 0.651 -0.000 -0.759 0.005 0.985 0.000 0.046 0.169 0.685 0.000 -0.728 0.036 0.986 -0.000 0.027 0.167 
0.998 -0.040 -0.025 -0.031 0.724 -0.000 -0.685 -0.084 0.983 0.000 -0.146 -0.115 0.768 0.000 -0.640 -0.030 0.987 0.000 -0.092 -0.134 0.651 0.000 -0.759 0.005 0.985 0.000 0.046 0.169 0.685 0.000 -0.728 0.035 0.986 0.000 0.027 0.167 
0.998 -0.040 -0.025 -0.031 0.724 0.000 -0.685 -0.084 0.982 0.000 -0.147 -0.115 0.768 0.000 -0.639 -0.031 0.987 0.000 -0.091 -0.134 0.651 0.000 -0.759 0.005 0.985 -0.000 0.046 0.169 0.685 0.000 -0.728 0.036 0.986 0.000 0.027 0.167 
0.998 -0.040 -0.025 -0.031 0.724 0.000 -0.685 -0.084 0.983 0.000 -0.147 -0.115 0.768 0.000 -0.639 -0.031 0.987 0.000 -0.092 -0.134 0.651 -0.000 -0.759 0.005 0.985 0.000 0.046 0.169 0.685 0.000 -0.728 0.035 0.986 0.000 0.027 0.167 
0.998 -0.040 -0.025 -0.031 0.724 0.000 -0.685 -0.084 0.983 0.000 -0.147 -0.115 0.768 -0.000 -0.639 -0.031 0.987 0.000 -0.092 -0.134 0.651 0.000 -0.759 0.004 0.985 0.000 0.046 0.169 0.685 0.000 -0.728 0.035 0.986 0.000 0.027 0.167 
0.998 -0.040 -0.025 -0.031 0.724 0.000 -0.685 -0.084 0.982 -0.000 -0.147 -0.115 0.768 0.000 -0.639 -0.031 0.987 0.000 -0.092 -0.134 0.651 0.000 -0.759 0.004 0.985 0.000 0.046 0.169 0.685 0.000 -0.728 0.035 0.986 0.000 0.027 0.167 
0.998 -0.040 -0.025 -0.031 0.724 0.000 -0.685 -0.084 0.982 0.000 -0.147 -0.115 0.768 0.000 -0.639 -0.031 0.987 0.000 -0.092 -0.134 0.651 -0.000 -0.759 0.004 0.985 0.000 0.046 0.169 0.685 0.000 -0.728 0.035 0.986 0.000 0.027 0.167 
0.998 -0.040 -0.025 -0.031 0.724 0.000 -0.685 -0.084 0.982 0.000 -0.147 -0.115 0.768 0.000 -0.640 -0.031 0.987 0.000 -0.092 -0.134 0.651 0.000 -0.759 0.004 0.985 0.000 0.046 0.169 0.685 0.000 -0.728 0.035 0.986 0.000 0.026 0.167 
0.998 -0.040 -0.025 -0.031 0.724 0.000 -0.685 -0.084 0.983 0.000 -0.147 -0.114 0.768 0.000 -0.639 -0.031 0.987 0.000 -0.092 -0.134 0.651 -0.000 -0.759 0.004 0.985 0.000 0.046 0.169 0.685 0.000 -0.728 0.035 0.986 0.000 0.026 0.167 
0.998 -0.040 -0.025 -0.031 0.724 0.000 -0.685 -0.084 0.982 0.000 -0.147 -0.115 0.768 -0.000 -0.640 -0.031 0.987 0.000 -0.091 -0.134 0.651 0.000 -0.759 0.004 0.985 0.000 0.046 0.169 0.685 0.000 -0.728 0.035 0.986 0.000 0.026 0.167 
0.998 -0.040 -0.025 -0.031 0.724 0.000 -0.685 -0.084 0.982 0.000 -0.147 -0.114 0.768 0.000 -0.639 -0.031 0.987 0.000 -0.092 -0.134 0.651 0.000 -0.759 0.004 0.984 0.000 0.046 0.169 0.685 0.000 -0.728 0.035 0.986 -0.000 0.026 0.167 
0.998 -0.040 -0.025 -0.031 0.724 0.000 -0.685 -0.084 0.983 -0.000 -0.147 -0.114 0.768 0.000 -0.639 -0.032 0.987 0.000 -0.092 -0.134 0.651 0.000 -0.759 0.004 0.985 0.000 0.046 0.169 0.685 0.000 -0.728 0.035 0.986 -0.000 0.026 0.167 
0.998 -0.040 -0.025 -0.031 0.724 0.000 -0.685 -0.084 0.982 0.000 -0.147 -0.115 0.768 0.000 -0.639 -0.032 0.987 0.000 -0.092 -0.134 0.651 0.000 -0.759 0.004 0.985 0.000 0.046 0.169 0.685 -0.000 -0.728 0.035 0.986 0.000 0.026 0.167 
0.998 -0.039 -0.025 -0.031 0.724 0.000 -0.685 -0.084 0.983 0.000 -0.147 -0.114 0.768 0.000 -0.639 -0.032 0.987 0.000 -0.092 -0.134 0.651 0.000 -0.759 0.004 0.985 0.000 0.045 0.169 0.685 0.000 -0.728 0.034 0.986 0.000 0.026 0.167 
0.998 -0.039 -0.025 -0.031 0.724 0.000 -0.685 -0.084 0.983 0.000 -0.147 -0.114 0.768 0.000 -0.639 -0.032 0.987 -0.000 -0.092 -0.134 0.651 0.000 -0.759 0.003 0.985 0.000 0.046 0.169 0.685 0.000 -0.728 0.034 0.985 0.000 0.026 0.168 
0.998 -0.039 -0.025 -0.031 0.724 0.000 -0.685 -0.084 0.983 -0.000 -0.147 -0.114 0.768 0.000 -0.639 -0.032 0.987 -0.000 -0.092 -0.134 0.651 0.000 -0.759 0.003 0.985 0.000 0.046 0.169 0.685 -0.000 -0.728 0.034 0.985 0.000 0.026 0.168 
0.998 -0.039 -0.025 -0.031 0.724 0.000 -0.685 -0.084 0.982 0.000 -0.147 -0.114 0.768 -0.000 -0.639 -0.031 0.987 0.000 -0.092 -0.134 0.651 0.000 -0.759 0.003 0.985 -0.000 0.045 0.169 0.685 0.000 -0.728 0.034 0.985 0.000 0.026 0.168 
0.998 -0.039 -0.025 -0.031 0.724 0.000 -0.685 -0.084 0.982 0.000 -0.147 -0.114 0.768 0.000 -0.639 -0.031 0.987 -0.000 -0.092 -0.134 0.651 0.000 -0.759 0.003 0.985 0.000 0.045 0.169 0.685 0.000 -0.728 0.034 0.986 0.000 0.026 0.168 
0.998 -0.039 -0.025 -0.031 0.724 0.000 -0.685 -0.084 0.982 0.000 -0.147 -0.114 0.768 0.000 -0.639 -0.032 0.987 0.000 -0.091 -0.134 0.651 -0.000 -0.759 0.003 0.984 0.000 0.046 0.169 0.685 -0.000 -0.728 0.034 0.985 -0.000 0.026 0.168 
0.998 -0.039 -0.025 -0.031 0.724 0.000 -0.685 -0.084 0.982 0.000 -0.147 -0.114 0.768 0.000 -0.639 -0.032 0.987 0.000 -0.092 -0.134 0.651 0.000 -0.759 0.003 0.985 0.000 0.046 0.169 0.685 0.000 -0.728 0.034 0.985 0.000 0.026 0.168 
0.998 -0.039 -0.025 -0.031 0.724 0.000 -0.685 -0.084 0.982 0.000 -0.147 -0.114 0.768 0.000 -0.639 -0.032 0.987 0.000 -0.092 -0.134 0.651 0.000 -0.759 0.003 0.985 0.000 0.045 0.169 0.685 0.000 -0.728 0.033 0.986 0.000 0.026 0.168 
0.998 -0.039 -0.025 -0.031 0.724 0.000 -0.685 -0.085 0.983 0.000 -0.147 -0.114 0.768 -0.000 -0.639 -0.032 0.987 0.000 -0.092 -0.133 0.651 0.000 -0.759 0.003 0.985 0.000 0.045 0.169 0.685 -0.000 -0.728 0.033 0.985 0.000 0.026 0.168 
0.998 -0.039 -0.025 -0.031 0.724 0.000 -0.685 -0.085 0.983 0.000 -0.147 -0.114 0.768 0.000 -0.639 -0.032 0.987 0.000 -0.092 -0.134 0.651 0.000 -0.759 0.003 0.985 0.000 0.045 0.169 0.685 0.000 -0.728 0.033 0.985 0.000 0.026 0.168 
0.998 -0.039 -0.025 -0.031 0.724 -0.000 -0.685 -0.085 0.983 0.000 -0.147 -0.114 0.768 0.000 -0.639 -0.032 0.987 0.000 -0.092 -0.134 0.652 0.000 -0.759 0.003 0.985 0.000 0.045 0.169 0.685 -0.000 -0.728 0.033 0.985 0.000 0.026 0.168 
0.998 -0.039 -0.025 -0.031 0.724 -0.000 -0.685 -0.085 0.983 0.000 -0.148 -0.114 0.768 -0.000 -0.639 -0.032 0.987 0.000 -0.092 -0.134 0.651 0.000 -0.759 0.003 0.984 0.000 0.045 0.169 0.685 -0.000 -0.728 0.033 0.985 -0.000 0.026 0.168 
0.998 -0.039 -0.025 -0.031 0.724 0.000 -0.685 -0.085 0.983 0.000 -0.147 -0.113 0.768 -0.000 -0.639 -0.032 0.987 0.000 -0.092 -0.134 0.652 0.000 -0.759 0.002 0.985 -0.000 0.045 0.169 0.685 0.000 -0.728 0.033 0.985 0.000 0.026 0.168 
0.998 -0.039 -0.025 -0.031 0.724 -0.000 -0.685 -0.085 0.983 0.000 -0.148 -0.113 0.768 -0.000 -0.639 -0.032 0.987 0.000 -0.092 -0.134 0.651 -0.000 -0.759 0.002 0.984 0.000 0.045 0.170 0.685 0.000 -0.728 0.033 0.985 0.000 0.026 0.168 
0.998 -0.038 -0.025 -0.031 0.724 -0.000 -0.685 -0.085 0.983 0.000 -0.148 -0.113 0.768 0.000 -0.639 -0.032 0.987 0.000 -0.092 -0.134 0.652 -0.000 -0.759 0.002 0.984 0.000 0.045 0.170 0.685 0.000 -0.728 0.033 0.985 0.000 0.026 0.168 
0.998 -0.038 -0.025 -0.031 0.724 0.000 -0.685 -0.085 0.983 0.000 -0.148 -0.113 0.768 0.000 -0.639 -0.032 0.987 -0.000 -0.092 -0.134 0.652 0.000 -0.759 0.002 0.984 0.000 0.045 0.170 0.685 -0.000 -0.728 0.033 0.985 0.000 0.026 0.168 
0.998 -0.038 -0.025 -0.031 0.724 0.000 -0.685 -0.085 0.983 0.000 -0.148 -0.113 0.768 -0.000 -0.639 -0.032 0.987 -0.000 -0.092 -0.134 0.652 -0.000 -0.759 0.002 0.984 0.000 0.045 0.170 0.685 0.000 -0.728 0.033 0.985 0.000 0.026 0.168 
0.998 -0.038 -0.025 -0.031 0.724 0.000 -0.685 -0.085 0.983 -0.000 -0.148 -0.113 0.768 0.000 -0.639 -0.032 0.987 0.000 -0.092 -0.134 0.652 0.000 -0.759 0.002 0.984 0.000 0.045 0.170 0.685 -0.000 -0.728 0.032 0.985 -0.000 0.026 0.168 
0.998 -0.038 -0.025 -0.031 0.724 0.000 -0.685 -0.086 0.983 0.000 -0.148 -0.113 0.768 0.000 -0.639 -0.032 0.987 0.000 -0.092 -0.134 0.652 0.000 -0.759 0.002 0.984 0.000 0.045 0.170 0.685 0.000 -0.728 0.032 0.985 0.000 0.026 0.168 
0.998 -0.038 -0.025 -0.031 0.724 0.000 -0.685 -0.085 0.983 0.000 -0.148 -0.113 0.768 0.000 -0.639 -0.032 0.987 0.000 -0.092 -0.134 0.652 0.000 -0.759 0.002 0.984 0.000 0.045 0.170 0.685 0.000 -0.728 0.032 0.985 0.000 0.026 0.169 
0.998 -0.038 -0.025 -0.031 0.724 0.000 -0.685 -0.085 0.982 0.000 -0.148 -0.113 0.768 0.000 -0.639 -0.032 0.987 0.000 -0.092 -0.134 0.652 -0.000 -0.759 0.002 0.984 0.000 0.045 0.170 0.685 -0.000 -0.728 0.032 0.985 -0.000 0.026 0.169 
0.998 -0.038 -0.025 -0.031 0.724 -0.000 -0.685 -0.086 0.983 0.000 -0.148 -0.113 0.768 -0.000 -0.639 -0.033 0.987 0.000 -0.092 -0.134 0.652 0.000 -0.759 0.002 0.984 0.000 0.045 0.170 0.685 0.000 -0.728 0.032 0.985 0.000 0.026 0.169 
0.998 -0.038 -0.025 -0.031 0.724 0.000 -0.685 -0.085 0.983 -0.000 -0.148 -0.113 0.768 0.000 -0.639 -0.032 0.987 0.000 -0.092 -0.134 0.652 0.000 -0.759 0.002 0.984 0.000 0.045 0.170 0.685 0.000 -0.728 0.032 0.985 0.000 0.026 0.169 
0.998 -0.038 -0.025 -0.031 0.724 0.000 -0.685 -0.085 0.983 0.000 -0.148 -0.113 0.768 0.000 -0.639 -0.032 0.987 0.000 -0.092 -0.134 0.652 -0.000 -0.759 0.002 0.984 0.000 0.045 0.170 0.685 0.000 -0.728 0.032 0.985 0.000 0.026 0.169 
0.998 -0.038 -0.025 -0.031 0.724 0.000 -0.685 -0.086 0.983 0.000 -0.148 -0.113 0.768 0.000 -0.639 -0.032 0.987 -0.000 -0.092 -0.134 0.652 0.000 -0.759 0.002 0.984 0.000 0.045 0.170 0.685 0.000 -0.728 0.032 0.985 0.000 0.026 0.169 
0.998 -0.038 -0.025 -0.031 0.724 0.000 -0.685 -0.085 0.983 0.000 -0.148 -0.113 0.768 0.000 -0.639 -0.032 0.987 0.000 -0.092 -0.134 0.652 0.000 -0.759 0.002 0.985 -0.000 0.045 0.169 0.685 0.000 -0.728 0.032 0.985 0.000 0.025 0.169 
0.998 -0.038 -0.025 -0.031 0.724 -0.000 -0.685 -0.085 0.983 0.000 -0.148 -0.113 0.768 0.000 -0.639 -0.032 0.987 0.000 -0.093 -0.134 0.652 0.000 -0.759 0.002 0.985 -0.000 0.045 0.169 0.685 0.000 -0.728 0.032 0.985 0.000 0.025 0.169 
0.998 -0.038 -0.025 -0.031 0.724 -0.000 -0.685 -0.085 0.983 0.000 -0.148 -0.113 0.768 0.000 -0.639 -0.032 0.987 0.000 -0.092 -0.134 0.652 0.000 -0.759 0.002 0.985 0.000 0.045 0.169 0.685 -0.000 -0.728 0.032 0.985 0.000 0.025 0.169 
0.998 -0.038 -0.025 -0.031 0.724 0.000 -0.685 -0.085 0.983 0.000 -0.148 -0.113 0.768 0.000 -0.639 -0.032 0.987 0.000 -0.092 -0.134 0.652 0.000 -0.759 0.002 0.984 0.000 0.045 0.170 0.685 0.000 -0.728 0.032 0.985 0.000 0.026 0.169 
0.998 -0.038 -0.025 -0.031 0.724 -0.000 -0.685 -0.085 0.982 0.000 -0.148 -0.113 0.768 -0.000 -0.639 -0.032 0.987 0.000 -0.092 -0.134 0.652 0.000 -0.758 0.002 0.984 0.000 0.045 0.170 0.685 0.000 -0.728 0.032 0.985 0.000 0.025 0.170 
0.998 -0.038 -0.025 -0.031 0.724 0.000 -0.684 -0.085 0.983 -0.000 -0.148 -0.113 0.768 0.000 -0.639 -0.032 0.987 0.000 -0.092 -0.134 0.652 0.000 -0.759 0.002 0.984 0.000 0.045 0.170 0.685 0.000 -0.728 0.032 0.985 0.000 0.025 0.169 
0.998 -0.038 -0.025 -0.031 0.724 0.000 -0.685 -0.085 0.982 0.000 -0.148 -0.113 0.768 0.000 -0.639 -0.032 0.987 0.000 -0.092 -0.134 0.652 -0.000 -0.759 0.002 0.985 -0.000 0.045 0.169 0.685 -0.000 -0.728 0.032 0.985 0.000 0.025 0.169 
0.998 -0.038 -0.025 -0.031 0.724 0.000 -0.685 -0.085 0.983 0.000 -0.149 -0.112 0.768 0.000 -0.639 -0.033 0.987 -0.000 -0.092 -0.134 0.652 0.000 -0.759 0.002 0.984 0.000 0.045 0.170 0.685 0.000 -0.728 0.032 0.985 0.000 0.026 0.169 
0.998 -0.038 -0.025 -0.031 0.724 0.000 -0.685 -0.085 0.983 0.000 -0.149 -0.112 0.768 -0.000 -0.639 -0.032 0.987 -0.000 -0.092 -0.134 0.652 0.000 -0.759 0.002 0.984 0.000 0.045 0.170 0.685 0.000 -0.728 0.032 0.985 0.000 0.026 0.169 
0.999 -0.038 -0.025 -0.031 0.724 0.000 -0.685 -0.085 0.983 0.000 -0.148 -0.112 0.768 -0.000 -0.639 -0.032 0.987 0.000 -0.092 -0.134 0.652 0.000 -0.758 0.002 0.984 0.000 0.045 0.170 0.685 0.000 -0.728 0.032 0.985 0.000 0.026 0.170 
0.999 -0.038 -0.024 -0.030 0.724 0.000 -0.684 -0.085 0.982 0.000 -0.149 -0.113 0.768 0.000 -0.640 -0.032 0.987 -0.000 -0.092 -0.134 0.652 0.000 -0.758 0.003 0.985 0.000 0.044 0.169 0.685 0.000 -0.728 0.032 0.985 0.000 0.026 0.169 
0.999 -0.038 -0.024 -0.030 0.724 0.000 -0.684 -0.085 0.983 0.000 -0.149 -0.111 0.768 0.000 -0.640 -0.032 0.987 0.000 -0.092 -0.134 0.652 0.000 -0.758 0.003 0.985 0.000 0.044 0.169 0.685 0.000 -0.728 0.032 0.985 0.000 0.026 0.169 
0.999 -0.038 -0.025 -0.030 0.724 0.000 -0.684 -0.086 0.983 0.000 -0.149 -0.111 0.768 -0.000 -0.639 -0.032 0.987 0.000 -0.092 -0.134 0.652 0.000 -0.758 0.002 0.984 0.000 0.045 0.170 0.685 -0.000 -0.728 0.032 0.985 -0.000 0.026 0.169 
0.999 -0.038 -0.025 -0.031 0.724 0.000 -0.685 -0.086 0.983 -0.000 -0.149 -0.111 0.768 0.000 -0.639 -0.032 0.987 0.000 -0.092 -0.134 0.652 0.000 -0.759 0.002 0.984 -0.000 0.045 0.170 0.685 0.000 -0.728 0.032 0.985 0.000 0.025 0.169 
0.999 -0.038 -0.025 -0.030 0.724 -0.000 -0.685 -0.086 0.983 0.000 -0.149 -0.111 0.768 0.000 -0.639 -0.033 0.987 0.000 -0.092 -0.134 0.652 -0.000 -0.759 0.002 0.984 0.000 0.045 0.170 0.685 0.000 -0.728 0.032 0.985 0.000 0.025 0.169 
0.999 -0.038 -0.025 -0.030 0.724 -0.000 -0.685 -0.085 0.983 0.000 -0.149 -0.112 0.768 0.000 -0.639 -0.032 0.987 -0.000 -0.092 -0.134 0.652 0.000 -0.758 0.003 0.985 0.000 0.045 0.169 0.685 -0.000 -0.728 0.032 0.985 0.000 0.026 0.169 
0.999 -0.038 -0.025 -0.030 0.724 0.000 -0.684 -0.085 0.983 0.000 -0.149 -0.112 0.768 -0.000 -0.639 -0.032 0.987 0.000 -0.093 -0.134 0.652 -0.000 -0.758 0.003 0.985 0.000 0.044 0.169 0.685 0.000 -0.728 0.032 0.985 -0.000 0.026 0.169 
0.999 -0.038 -0.025 -0.030 0.724 0.000 -0.684 -0.085 0.983 0.000 -0.149 -0.111 0.768 0.000 -0.640 -0.032 0.987 -0.000 -0.093 -0.134 0.652 0.000 -0.758 0.003 0.985 0.000 0.044 0.169 0.685 0.000 -0.728 0.032 0.985 0.000 0.026 0.169 
0.999 -0.038 -0.025 -0.030 0.724 0.000 -0.684 -0.086 0.983 0.000 -0.149 -0.111 0.768 -0.000 -0.640 -0.032 0.987 0.000 -0.093 -0.134 0.652 -0.000 -0.758 0.003 0.985 0.000 0.044 0.169 0.685 0.000 -0.728 0.032 0.985 0.000 0.026 0.169 
0.999 -0.038 -0.025 -0.029 0.724 0.000 -0.684 -0.085 0.983 0.000 -0.149 -0.112 0.768 -0.000 -0.640 -0.032 0.987 0.000 -0.092 -0.134 0.652 0.000 -0.758 0.003 0.985 0.000 0.044 0.169 0.685 0.000 -0.728 0.032 0.985 0.000 0.025 0.169 
0.999 -0.038 -0.025 -0.030 0.724 0.000 -0.684 -0.085 0.982 0.000 -0.149 -0.112 0.768 -0.000 -0.640 -0.032 0.987 0.000 -0.092 -0.134 0.652 0.000 -0.758 0.003 0.985 -0.000 0.044 0.169 0.685 0.000 -0.728 0.032 0.985 0.000 0.026 0.169 
0.999 -0.038 -0.025 -0.030 0.724 0.000 -0.684 -0.086 0.982 0.000 -0.149 -0.112 0.768 0.000 -0.640 -0.032 0.987 0.000 -0.092 -0.134 0.652 0.000 -0.758 0.003 0.985 0.000 0.044 0.169 0.685 0.000 -0.728 0.032 0.985 -0.000 0.026 0.169 
0.999 -0.038 -0.025 -0.030 0.724 0.000 -0.684 -0.086 0.983 0.000 -0.149 -0.111 0.768 0.000 -0.640 -0.032 0.987 0.000 -0.092 -0.134 0.652 0.000 -0.758 0.003 0.985 0.000 0.045 0.169 0.685 0.000 -0.728 0.032 0.985 -0.000 0.026 0.169 
0.999 -0.038 -0.025 -0.030 0.724 -0.000 -0.684 -0.086 0.982 0.000 -0.149 -0.111 0.768 0.000 -0.640 -0.032 0.987 -0.000 -0.092 -0.134 0.652 0.000 -0.758 0.003 0.985 0.000 0.044 0.169 0.685 0.000 -0.728 0.031 0.985 0.000 0.025 0.170 
0.999 -0.038 -0.025 -0.030 0.724 0.000 -0.685 -0.086 0.983 0.000 -0.149 -0.111 0.768 -0.000 -0.640 -0.032 0.987 0.000 -0.092 -0.134 0.652 0.000 -0.758 0.003 0.985 0.000 0.044 0.169 0.685 0.000 -0.728 0.032 0.985 -0.000 0.025 0.169 
0.999 -0.038 -0.025 -0.030 0.724 0.000 -0.684 -0.086 0.983 0.000 -0.149 -0.111 0.768 0.000 -0.640 -0.032 0.987 0.000 -0.092 -0.134 0.652 0.000 -0.758 0.003 0.985 0.000 0.044 0.169 0.685 0.000 -0.728 0.032 0.985 0.000 0.025 0.169 
0.999 -0.037 -0.024 -0.030 0.724 0.000 -0.684 -0.086 0.983 0.000 -0.149 -0.111 0.768 0.000 -0.640 -0.031 0.987 -0.000 -0.093 -0.135 0.652 0.000 -0.758 0.002 0.985 0.000 0.044 0.169 0.685 0.000 -0.728 0.031 0.985 0.000 0.025 0.169 
0.999 -0.037 -0.024 -0.030 0.724 0.000 -0.684 -0.086 0.983 0.000 -0.149 -0.111 0.768 0.000 -0.640 -0.031 0.987 0.000 -0.092 -0.134 0.652 0.000 -0.758 0.003 0.985 0.000 0.044 0.169 0.685 0.000 -0.728 0.032 0.985 0.000 0.026 0.169 
0.999 -0.037 -0.025 -0.030 0.724 0.000 -0.684 -0.086 0.983 0.000 -0.149 -0.111 0.768 0.000 -0.640 -0.031 0.987 0.000 -0.092 -0.134 0.652 0.000 -0.758 0.002 0.985 0.000 0.044 0.169 0.685 0.000 -0.728 0.031 0.985 0.000 0.026 0.169 
0.999 -0.037 -0.025 -0.030 0.724 0.000 -0.684 -0.086 0.983 0.000 -0.149 -0.111 0.768 -0.000 -0.640 -0.031 0.987 0.000 -0.092 -0.134 0.652 0.000 -0.758 0.003 0.985 -0.000 0.044 0.169 0.685 0.000 -0.728 0.032 0.985 0.000 0.026 0.169 
0.999 -0.037 -0.025 -0.030 0.724 0.000 -0.684 -0.086 0.983 0.000 -0.149 -0.111 0.768 0.000 -0.640 -0.031 0.987 -0.000 -0.092 -0.134 0.652 0.000 -0.758 0.002 0.985 0.000 0.044 0.169 0.685 0.000 -0.728 0.031 0.985 0.000 0.026 0.169 
0.999 -0.037 -0.025 -0.030 0.724 0.000 -0.684 -0.086 0.983 0.000 -0.149 -0.111 0.768 0.000 -0.640 -0.031 0.987 -0.000 -0.092 -0.134 0.652 0.000 -0.758 0.003 0.985 0.000 0.044 0.169 0.685 0.000 -0.728 0.031 0.985 0.000 0.026 0.169 
0.999 -0.037 -0.025 -0.030 0.724 0.000 -0.684 -0.086 0.983 0.000 -0.149 -0.111 0.768 0.000 -0.640 -0.031 0.987 -0.000 -0.092 -0.134 0.652 0.000 -0.758 0.003 0.985 0.000 0.044 0.169 0.685 0.000 -0.728 0.031 0.985 0.000 0.025 0.169 
0.999 -0.037 -0.025 -0.030 0.724 0.000 -0.684 -0.086 0.983 0.000 -0.149 -0.112 0.768 0.000 -0.640 -0.031 0.987 0.000 -0.092 -0.134 0.652 0.000 -0.758 0.003 0.985 0.000 0.044 0.169 0.685 0.000 -0.728 0.031 0.985 -0.000 0.026 0.169 
0.999 -0.037 -0.025 -0.030 0.724 0.000 -0.685 -0.085 0.983 0.000 -0.149 -0.111 0.768 0.000 -0.640 -0.031 0.987 0.000 -0.092 -0.134 0.652 0.000 -0.758 0.003 0.985 -0.000 0.044 0.169 0.685 0.000 -0.728 0.032 0.985 0.000 0.026 0.169 
0.999 -0.037 -0.026 -0.029 0.723 -0.000 -0.685 -0.085 0.983 0.000 -0.149 -0.111 0.769 0.000 -0.639 -0.030 0.987 0.000 -0.092 -0.134 0.651 0.000 -0.759 0.003 0.985 0.000 0.044 0.168 0.686 0.000 -0.727 0.032 0.985 0.000 0.026 0.169 
0.999 -0.037 -0.025 -0.030 0.724 0.000 -0.684 -0.085 0.982 0.000 -0.149 -0.112 0.768 0.000 -0.640 -0.030 0.987 0.000 -0.092 -0.134 0.652 0.000 -0.758 0.003 0.985 0.000 0.044 0.168 0.685 0.000 -0.728 0.031 0.985 0.000 0.026 0.169 
0.999 -0.037 -0.025 -0.030 0.724 0.000 -0.684 -0.085 0.983 0.000 -0.149 -0.111 0.768 -0.000 -0.640 -0.030 0.987 0.000 -0.092 -0.135 0.652 0.000 -0.758 0.003 0.985 0.000 0.045 0.169 0.685 0.000 -0.728 0.031 0.985 0.000 0.026 0.169 
0.999 -0.037 -0.025 -0.030 0.724 0.000 -0.684 -0.085 0.982 -0.000 -0.149 -0.111 0.768 0.000 -0.640 -0.030 0.987 0.000 -0.092 -0.135 0.652 0.000 -0.758 0.002 0.985 0.000 0.044 0.169 0.685 0.000 -0.728 0.031 0.985 0.000 0.026 0.169 
0.999 -0.037 -0.025 -0.030 0.724 -0.000 -0.684 -0.085 0.982 0.000 -0.149 -0.112 0.768 -0.000 -0.640 -0.031 0.987 -0.000 -0.092 -0.134 0.652 0.000 -0.758 0.003 0.985 0.000 0.044 0.169 0.685 0.000 -0.728 0.031 0.985 0.000 0.026 0.169 
0.999 -0.037 -0.025 -0.030 0.724 0.000 -0.684 -0.085 0.982 0.000 -0.149 -0.111 0.768 0.000 -0.640 -0.030 0.987 -0.000 -0.092 -0.135 0.652 0.000 -0.758 0.003 0.985 0.000 0.045 0.169 0.685 0.000 -0.728 0.031 0.985 0.000 0.026 0.169 
0.999 -0.037 -0.025 -0.030 0.724 0.000 -0.684 -0.085 0.982 0.000 -0.149 -0.112 0.768 0.000 -0.640 -0.030 0.987 0.000 -0.092 -0.134 0.652 0.000 -0.758 0.003 0.985 -0.000 0.045 0.169 0.685 -0.000 -0.728 0.031 0.985 -0.000 0.026 0.169 
0.999 -0.037 -0.025 -0.030 0.724 -0.000 -0.684 -0.085 0.982 0.000 -0.149 -0.112 0.768 0.000 -0.640 -0.030 0.987 0.000 -0.092 -0.134 0.652 0.000 -0.758 0.003 0.985 0.000 0.045 0.169 0.685 -0.000 -0.728 0.031 0.985 0.000 0.026 0.169 
0.999 -0.037 -0.025 -0.030 0.724 0.000 -0.684 -0.085 0.982 0.000 -0.150 -0.111 0.768 0.000 -0.640 -0.029 0.987 0.000 -0.092 -0.135 0.652 0.000 -0.758 0.003 0.985 0.000 0.045 0.169 0.685 0.000 -0.728 0.031 0.985 0.000 0.026 0.169 
0.999 -0.037 -0.026 -0.029 0.723 0.000 -0.685 -0.085 0.982 0.000 -0.149 -0.112 0.768 0.000 -0.639 -0.030 0.987 0.000 -0.092 -0.135 0.651 0.000 -0.759 0.003 0.985 0.000 0.044 0.168 0.686 0.000 -0.727 0.032 0.985 0.000 0.026 0.169 
0.999 -0.037 -0.025 -0.030 0.724 0.000 -0.684 -0.085 0.982 0.000 -0.149 -0.112 0.767 0.000 -0.640 -0.029 0.987 0.000 -0.092 -0.135 0.652 0.000 -0.758 0.003 0.985 -0.000 0.044 0.168 0.685 0.000 -0.728 0.032 0.985 -0.000 0.026 0.169 
0.999 -0.037 -0.025 -0.030 0.724 0.000 -0.684 -0.085 0.982 0.000 -0.149 -0.112 0.767 0.000 -0.640 -0.029 0.987 -0.000 -0.092 -0.135 0.652 0.000 -0.758 0.003 0.985 0.000 0.045 0.169 0.685 0.000 -0.728 0.031 0.985 0.000 0.025 0.169 
0.999 -0.037 -0.025 -0.030 0.724 0.000 -0.685 -0.085 0.982 0.000 -0.149 -0.112 0.768 0.000 -0.640 -0.029 0.987 0.000 -0.092 -0.135 0.652 0.000 -0.758 0.003 0.985 0.000 0.045 0.168 0.685 -0.000 -0.728 0.032 0.985 0.000 0.026 0.169 
0.999 -0.037 -0.025 -0.030 0.724 -0.000 -0.685 -0.085 0.982 0.000 -0.149 -0.112 0.768 0.000 -0.640 -0.029 0.987 0.000 -0.092 -0.135 0.652 0.000 -0.758 0.003 0.985 -0.000 0.045 0.168 0.685 -0.000 -0.728 0.031 0.985 0.000 0.025 0.169 
0.999 -0.037 -0.025 -0.030 0.724 0.000 -0.685 -0.085 0.982 0.000 -0.149 -0.112 0.768 0.000 -0.640 -0.030 0.987 0.000 -0.092 -0.135 0.652 -0.000 -0.758 0.003 0.985 -0.000 0.045 0.168 0.685 -0.000 -0.728 0.032 0.985 0.000 0.026 0.169 
0.999 -0.037 -0.025 -0.030 0.724 0.000 -0.684 -0.085 0.982 0.000 -0.149 -0.112 0.768 0.000 -0.640 -0.029 0.987 0.000 -0.092 -0.135 0.652 -0.000 -0.758 0.003 0.985 0.000 0.045 0.169 0.685 0.000 -0.728 0.032 0.985 0.000 0.026 0.169 
0.999 -0.037 -0.025 -0.030 0.724 0.000 -0.685 -0.085 0.982 0.000 -0.149 -0.112 0.768 0.000 -0.640 -0.029 0.987 -0.000 -0.092 -0.135 0.652 0.000 -0.758 0.003 0.985 0.000 0.045 0.169 0.685 -0.000 -0.728 0.031 0.985 0.000 0.026 0.169 
0.999 -0.037 -0.025 -0.030 0.724 -0.000 -0.685 -0.085 0.982 0.000 -0.149 -0.112 0.768 -0.000 -0.640 -0.029 0.987 -0.000 -0.092 -0.135 0.652 0.000 -0.758 0.003 0.985 -0.000 0.045 0.169 0.685 0.000 -0.728 0.032 0.985 0.000 0.026 0.169 
0.999 -0.037 -0.025 -0.030 0.724 0.000 -0.685 -0.084 0.982 0.000 -0.149 -0.112 0.768 -0.000 -0.640 -0.029 0.987 -0.000 -0.092 -0.135 0.652 0.000 -0.758 0.003 0.985 0.000 0.045 0.169 0.685 0.000 -0.728 0.032 0.985 0.000 0.026 0.169 
0.999 -0.037 -0.025 -0.030 0.724 -0.000 -0.685 -0.084 0.982 0.000 -0.149 -0.112 0.768 0.000 -0.640 -0.029 0.987 0.000 -0.092 -0.135 0.652 0.000 -0.758 0.003 0.985 0.000 0.045 0.168 0.685 0.000 -0.728 0.032 0.985 -0.000 0.026 0.169 
0.999 -0.037 -0.025 -0.030 0.724 0.000 -0.685 -0.084 0.983 0.000 -0.149 -0.112 0.768 0.000 -0.640 -0.029 0.987 -0.000 -0.092 -0.135 0.652 0.000 -0.758 0.003 0.985 -0.000 0.045 0.169 0.685 -0.000 -0.728 0.032 0.985 0.000 0.026 0.169 
0.999 -0.037 -0.025 -0.030 0.724 0.000 -0.685 -0.084 0.982 0.000 -0.149 -0.112 0.768 -0.000 -0.640 -0.029 0.987 0.000 -0.092 -0.135 0.652 0.000 -0.758 0.003 0.985 0.000 0.045 0.169 0.685 -0.000 -0.728 0.032 0.985 0.000 0.025 0.169 
0.999 -0.037 -0.025 -0.031 0.724 0.000 -0.685 -0.085 0.982 0.000 -0.149 -0.112 0.768 0.000 -0.640 -0.029 0.987 0.000 -0.092 -0.135 0.651 0.000 -0.759 0.003 0.985 0.000 0.046 0.169 0.685 0.000 -0.728 0.032 0.985 0.000 0.025 0.169 
0.999 -0.037 -0.025 -0.031 0.724 0.000 -0.685 -0.085 0.982 0.000 -0.149 -0.112 0.768 0.000 -0.640 -0.029 0.987 0.000 -0.092 -0.135 0.651 0.000 -0.759 0.003 0.985 -0.000 0.046 0.169 0.685 -0.000 -0.728 0.032 0.985 -0.000 0.026 0.169 
0.999 -0.037 -0.026 -0.030 0.723 0.000 -0.686 -0.084 0.982 0.000 -0.149 -0.112 0.769 0.000 -0.639 -0.029 0.987 0.000 -0.092 -0.135 0.650 0.000 -0.760 0.003 0.985 -0.000 0.046 0.169 0.686 0.000 -0.727 0.032 0.985 -0.000 0.026 0.169 
0.999 -0.037 -0.025 -0.031 0.724 0.000 -0.685 -0.084 0.982 0.000 -0.149 -0.112 0.768 0.000 -0.640 -0.029 0.987 -0.000 -0.092 -0.135 0.651 0.000 -0.759 0.003 0.985 0.000 0.045 0.169 0.685 0.000 -0.728 0.032 0.985 0.000 0.026 0.169 
0.999 -0.036 -0.025 -0.031 0.724 0.000 -0.685 -0.085 0.982 0.000 -0.149 -0.112 0.768 0.000 -0.640 -0.029 0.986 0.000 -0.092 -0.135 0.651 0.000 -0.759 0.003 0.985 0.000 0.046 0.169 0.685 0.000 -0.728 0.032 0.985 0.000 0.025 0.169 
0.999 -0.037 -0.026 -0.030 0.723 -0.000 -0.685 -0.084 0.982 0.000 -0.149 -0.112 0.768 -0.000 -0.640 -0.029 0.987 0.000 -0.092 -0.135 0.651 0.000 -0.759 0.003 0.985 0.000 0.045 0.169 0.686 0.000 -0.727 0.032 0.985 0.000 0.026 0.169 
0.999 -0.036 -0.025 -0.030 0.724 0.000 -0.685 -0.084 0.982 -0.000 -0.149 -0.112 0.768 0.000 -0.640 -0.030 0.987 0.000 -0.093 -0.135 0.651 0.000 -0.759 0.003 0.985 0.000 0.045 0.169 0.685 -0.000 -0.728 0.032 0.985 0.000 0.026 0.169 
0.999 -0.036 -0.025 -0.031 0.724 0.000 -0.685 -0.084 0.982 0.000 -0.149 -0.112 0.768 -0.000 -0.640 -0.030 0.987 0.000 -0.093 -0.135 0.651 0.000 -0.759 0.003 0.985 0.000 0.046 0.169 0.685 -0.000 -0.728 0.032 0.985 0.000 0.026 0.169 
0.999 -0.036 -0.025 -0.030 0.724 -0.000 -0.685 -0.084 0.982 0.000 -0.149 -0.112 0.768 0.000 -0.640 -0.029 0.987 -0.000 -0.092 -0.135 0.651 0.000 -0.759 0.003 0.985 0.000 0.046 0.169 0.685 0.000 -0.728 0.032 0.985 0.000 0.026 0.169 
0.999 -0.036 -0.026 -0.030 0.723 0.000 -0.686 -0.084 0.982 0.000 -0.149 -0.112 0.769 0.000 -0.639 -0.029 0.987 0.000 -0.093 -0.134 0.650 0.000 -0.760 0.004 0.985 0.000 0.046 0.168 0.686 -0.000 -0.727 0.032 0.985 0.000 0.026 0.169 
0.999 -0.036 -0.025 -0.030 0.724 0.000 -0.685 -0.084 0.982 -0.000 -0.149 -0.112 0.768 -0.000 -0.640 -0.029 0.986 0.000 -0.092 -0.135 0.651 0.000 -0.759 0.003 0.985 -0.000 0.046 0.169 0.685 0.000 -0.728 0.032 0.985 -0.000 0.026 0.169 
0.999 -0.036 -0.025 -0.030 0.724 0.000 -0.685 -0.084 0.982 0.000 -0.149 -0.112 0.768 0.000 -0.640 -0.029 0.986 0.000 -0.092 -0.135 0.651 0.000 -0.759 0.003 0.985 0.000 0.046 0.169 0.685 -0.000 -0.728 0.032 0.985 0.000 0.026 0.169 
0.999 -0.036 -0.025 -0.030 0.724 0.000 -0.685 -0.084 0.982 0.000 -0.149 -0.112 0.768 0.000 -0.640 -0.029 0.987 0.000 -0.092 -0.135 0.651 0.000 -0.759 0.003 0.985 0.000 0.046 0.168 0.685 -0.000 -0.728 0.032 0.985 0.000 0.026 0.169 
0.999 -0.036 -0.025 -0.030 0.724 0.000 -0.685 -0.084 0.982 0.000 -0.149 -0.112 0.768 -0.000 -0.640 -0.029 0.987 0.000 -0.092 -0.135 0.651 0.000 -0.759 0.003 0.985 0.000 0.046 0.169 0.685 0.000 -0.728 0.032 0.985 0.000 0.026 0.169 
0.999 -0.036 -0.025 -0.030 0.724 -0.000 -0.685 -0.084 0.982 0.000 -0.149 -0.113 0.768 0.000 -0.640 -0.029 0.987 0.000 -0.092 -0.135 0.651 0.000 -0.759 0.003 0.985 0.000 0.046 0.169 0.685 -0.000 -0.728 0.032 0.985 0.000 0.026 0.169 
0.999 -0.036 -0.025 -0.030 0.724 0.000 -0.685 -0.084 0.982 0.000 -0.149 -0.113 0.768 -0.000 -0.640 -0.029 0.986 -0.000 -0.092 -0.135 0.651 0.000 -0.759 0.003 0.985 0.000 0.046 0.169 0.685 0.000 -0.728 0.032 0.985 0.000 0.026 0.169 
0.999 -0.036 -0.025 -0.030 0.724 0.000 -0.684 -0.084 0.982 -0.000 -0.149 -0.113 0.768 0.000 -0.640 -0.029 0.987 0.000 -0.092 -0.135 0.651 0.000 -0.759 0.003 0.985 0.000 0.046 0.168 0.685 -0.000 -0.728 0.032 0.985 0.000 0.026 0.169 
0.999 -0.036 -0.025 -0.030 0.724 -0.000 -0.685 -0.084 0.982 0.000 -0.149 -0.113 0.768 0.000 -0.640 -0.029 0.987 0.000 -0.092 -0.135 0.651 -0.000 -0.759 0.003 0.985 0.000 0.046 0.169 0.685 0.000 -0.728 0.032 0.985 0.000 0.026 0.169 
0.999 -0.036 -0.025 -0.030 0.724 0.000 -0.685 -0.084 0.982 0.000 -0.149 -0.113 0.768 0.000 -0.640 -0.029 0.987 0.000 -0.092 -0.135 0.651 0.000 -0.759 0.003 0.985 0.000 0.046 0.168 0.685 0.000 -0.728 0.032 0.985 0.000 0.026 0.169 
0.999 -0.036 -0.025 -0.030 0.724 0.000 -0.685 -0.084 0.982 0.000 -0.149 -0.113 0.768 -0.000 -0.640 -0.029 0.987 0.000 -0.092 -0.135 0.651 0.000 -0.759 0.003 0.985 0.000 0.046 0.168 0.685 0.000 -0.728 0.032 0.985 0.000 0.026 0.169 
0.999 -0.036 -0.025 -0.030 0.724 0.000 -0.685 -0.084 0.982 -0.000 -0.149 -0.113 0.768 0.000 -0.640 -0.029 0.987 0.000 -0.092 -0.135 0.651 0.000 -0.759 0.004 0.985 0.000 0.046 0.168 0.685 0.000 -0.728 0.032 0.985 0.000 0.026 0.169 
0.999 -0.036 -0.025 -0.030 0.724 0.000 -0.685 -0.084 0.982 0.000 -0.149 -0.113 0.768 0.000 -0.640 -0.029 0.987 -0.000 -0.092 -0.135 0.651 0.000 -0.759 0.004 0.985 -0.000 0.046 0.168 0.685 0.000 -0.728 0.033 0.985 0.000 0.026 0.168 
0.999 -0.036 -0.025 -0.030 0.724 0.000 -0.685 -0.084 0.982 -0.000 -0.149 -0.112 0.768 0.000 -0.640 -0.029 0.986 0.000 -0.092 -0.135 0.651 -0.000 -0.759 0.004 0.985 0.000 0.046 0.168 0.685 0.000 -0.728 0.033 0.985 0.000 0.026 0.169 
0.999 -0.036 -0.025 -0.030 0.724 0.000 -0.685 -0.084 0.982 0.000 -0.149 -0.113 0.768 0.000 -0.640 -0.029 0.987 -0.000 -0.092 -0.135 0.651 0.000 -0.759 0.004 0.985 0.000 0.046 0.168 0.685 0.000 -0.728 0.032 0.985 0.000 0.026 0.169 
0.999 -0.036 -0.025 -0.030 0.724 0.000 -0.685 -0.084 0.982 -0.000 -0.149 -0.113 0.768 0.000 -0.640 -0.029 0.987 -0.000 -0.092 -0.135 0.651 -0.000 -0.759 0.004 0.985 0.000 0.046 0.168 0.685 0.000 -0.728 0.033 0.985 0.000 0.026 0.169 
0.999 -0.036 -0.025 -0.030 0.724 0.000 -0.685 -0.083 0.982 0.000 -0.149 -0.113 0.768 0.000 -0.640 -0.029 0.987 0.000 -0.092 -0.135 0.651 0.000 -0.759 0.004 0.985 -0.000 0.046 0.168 0.685 0.000 -0.728 0.033 0.985 0.000 0.026 0.169 
0.999 -0.036 -0.025 -0.030 0.724 0.000 -0.685 -0.083 0.982 0.000 -0.149 -0.113 0.768 -0.000 -0.640 -0.029 0.987 0.000 -0.092 -0.135 0.651 0.000 -0.759 0.004 0.985 0.000 0.046 0.168 0.685 0.000 -0.728 0.033 0.985 0.000 0.026 0.169 
0.999 -0.036 -0.025 -0.030 0.724 0.000 -0.685 -0.083 0.982 0.000 -0.149 -0.113 0.768 0.000 -0.640 -0.028 0.987 0.000 -0.092 -0.135 0.651 -0.000 -0.759 0.004 0.985 0.000 0.046 0.168 0.685 -0.000 -0.728 0.033 0.985 -0.000 0.026 0.168 
0.999 -0.036 -0.025 -0.030 0.724 0.000 -0.685 -0.083 0.982 -0.000 -0.149 -0.113 0.768 0.000 -0.640 -0.028 0.987 0.000 -0.092 -0.135 0.651 0.000 -0.759 0.005 0.985 -0.000 0.046 0.168 0.685 0.000 -0.728 0.033 0.985 -0.000 0.026 0.168 
0.999 -0.036 -0.025 -0.030 0.724 0.000 -0.685 -0.083 0.982 0.000 -0.149 -0.113 0.768 0.000 -0.640 -0.028 0.987 0.000 -0.092 -0.135 0.651 0.000 -0.759 0.005 0.985 0.000 0.046 0.168 0.685 -0.000 -0.728 0.033 0.985 0.000 0.026 0.169 
0.999 -0.036 -0.025 -0.030 0.724 -0.000 -0.685 -0.084 0.982 0.000 -0.150 -0.113 0.768 0.000 -0.640 -0.028 0.987 0.000 -0.092 -0.135 0.651 -0.000 -0.759 0.005 0.985 0.000 0.046 0.168 0.685 0.000 -0.728 0.033 0.985 -0.000 0.026 0.169 
0.999 -0.036 -0.025 -0.030 0.724 -0.000 -0.684 -0.083 0.982 0.000 -0.149 -0.113 0.767 0.000 -0.641 -0.028 0.987 -0.000 -0.092 -0.135 0.651 -0.000 -0.759 0.005 0.985 -0.000 0.046 0.168 0.685 0.000 -0.728 0.033 0.985 0.000 0.026 0.169 
0.999 -0.036 -0.025 -0.030 0.724 0.000 -0.685 -0.084 0.982 0.000 -0.149 -0.112 0.768 0.000 -0.640 -0.028 0.987 -0.000 -0.092 -0.135 0.651 0.000 -0.759 0.005 0.985 0.000 0.046 0.168 0.685 0.000 -0.728 0.033 0.985 -0.000 0.026 0.169 
0.999 -0.036 -0.025 -0.030 0.724 0.000 -0.685 -0.084 0.982 0.000 -0.150 -0.112 0.768 0.000 -0.640 -0.028 0.986 0.000 -0.092 -0.135 0.651 0.000 -0.759 0.005 0.985 0.000 0.046 0.168 0.685 0.000 -0.728 0.033 0.985 -0.000 0.026 0.169 
0.999 -0.036 -0.025 -0.030 0.724 -0.000 -0.685 -0.083 0.982 0.000 -0.149 -0.113 0.767 0.000 -0.640 -0.028 0.987 0.000 -0.092 -0.135 0.651 0.000 -0.759 0.005 0.985 0.000 0.046 0.168 0.685 0.000 -0.728 0.033 0.985 0.000 0.026 0.169 
0.999 -0.036 -0.025 -0.030 0.724 0.000 -0.685 -0.083 0.982 0.000 -0.150 -0.112 0.767 0.000 -0.640 -0.028 0.986 -0.000 -0.092 -0.135 0.651 0.000 -0.759 0.005 0.985 0.000 0.046 0.168 0.685 0.000 -0.728 0.034 0.985 0.000 0.026 0.168 
0.999 -0.036 -0.025 -0.030 0.724 0.000 -0.685 -0.083 0.982 0.000 -0.150 -0.112 0.767 -0.000 -0.641 -0.028 0.987 0.000 -0.092 -0.135 0.651 0.000 -0.759 0.005 0.985 0.000 0.046 0.168 0.685 -0.000 -0.728 0.034 0.985 0.000 0.026 0.169 
0.999 -0.036 -0.025 -0.030 0.724 0.000 -0.685 -0.083 0.982 0.000 -0.150 -0.112 0.767 0.000 -0.640 -0.028 0.986 -0.000 -0.092 -0.135 0.651 0.000 -0.759 0.005 0.985 -0.000 0.046 0.168 0.685 0.000 -0.728 0.034 0.985 0.000 0.027 0.168 
0.999 -0.036 -0.025 -0.031 0.724 0.000 -0.685 -0.083 0.982 0.000 -0.150 -0.112 0.767 0.000 -0.640 -0.028 0.987 0.000 -0.092 -0.135 0.651 0.000 -0.759 0.005 0.985 0.000 0.047 0.168 0.685 0.000 -0.728 0.034 0.985 0.000 0.026 0.168 
0.999 -0.036 -0.025 -0.031 0.724 0.000 -0.685 -0.083 0.982 0.000 -0.150 -0.112 0.768 0.000 -0.640 -0.028 0.986 -0.000 -0.093 -0.135 0.651 0.000 -0.759 0.005 0.985 0.000 0.046 0.168 0.685 0.000 -0.728 0.034 0.985 0.000 0.026 0.168 
0.999 -0.036 -0.025 -0.030 0.724 0.000 -0.685 -0.083 0.982 0.000 -0.149 -0.113 0.767 0.000 -0.640 -0.028 0.987 0.000 -0.092 -0.135 0.651 0.000 -0.759 0.005 0.985 -0.000 0.047 0.168 0.685 -0.000 -0.728 0.034 0.985 0.000 0.026 0.168 
0.999 -0.036 -0.025 -0.030 0.724 0.000 -0.685 -0.083 0.982 -0.000 -0.150 -0.112 0.767 -0.000 -0.641 -0.028 0.986 0.000 -0.092 -0.136 0.651 -0.000 -0.759 0.005 0.985 0.000 0.047 0.168 0.685 0.000 -0.728 0.034 0.985 0.000 0.026 0.168 
0.999 -0.036 -0.025 -0.030 0.724 0.000 -0.685 -0.083 0.982 0.000 -0.150 -0.112 0.767 0.000 -0.641 -0.028 0.986 0.000 -0.092 -0.136 0.651 0.000 -0.759 0.005 0.985 0.000 0.046 0.168 0.685 -0.000 -0.728 0.034 0.985 0.000 0.026 0.168 
0.999 -0.036 -0.025 -0.030 0.724 0.000 -0.685 -0.083 0.982 0.000 -0.150 -0.112 0.767 -0.000 -0.640 -0.028 0.986 0.000 -0.092 -0.136 0.651 0.000 -0.759 0.005 0.985 0.000 0.047 0.168 0.685 0.000 -0.728 0.034 0.985 0.000 0.027 0.168 
0.999 -0.036 -0.025 -0.030 0.724 0.000 -0.685 -0.083 0.982 0.000 -0.150 -0.112 0.768 0.000 -0.640 -0.028 0.986 -0.000 -0.092 -0.136 0.651 -0.000 -0.759 0.005 0.985 0.000 0.047 0.168 0.685 0.000 -0.728 0.034 0.985 -0.000 0.027 0.168 
0.999 -0.036 -0.025 -0.030 0.724 0.000 -0.685 -0.083 0.982 -0.000 -0.150 -0.112 0.767 0.000 -0.641 -0.028 0.986 0.000 -0.092 -0.136 0.651 0.000 -0.759 0.005 0.985 0.000 0.047 0.168 0.685 0.000 -0.728 0.034 0.985 -0.000 0.027 0.168 
0.999 -0.036 -0.025 -0.030 0.724 0.000 -0.685 -0.083 0.982 0.000 -0.150 -0.112 0.767 0.000 -0.640 -0.028 0.986 0.000 -0.092 -0.136 0.651 0.000 -0.759 0.005 0.985 0.000 0.047 0.168 0.685 0.000 -0.728 0.034 0.985 0.000 0.027 0.168 
0.999 -0.035 -0.025 -0.030 0.724 -0.000 -0.685 -0.083 0.982 0.000 -0.150 -0.112 0.767 -0.000 -0.641 -0.027 0.986 0.000 -0.092 -0.136 0.651 0.000 -0.759 0.005 0.985 -0.000 0.047 0.168 0.685 -0.000 -0.728 0.034 0.985 -0.000 0.027 0.168 
0.999 -0.035 -0.024 -0.030 0.724 0.000 -0.685 -0.084 0.982 0.000 -0.149 -0.113 0.767 0.000 -0.641 -0.027 0.986 0.000 -0.092 -0.136 0.651 0.000 -0.759 0.005 0.985 0.000 0.047 0.168 0.684 0.000 -0.728 0.034 0.985 -0.000 0.027 0.168 
0.999 -0.035 -0.024 -0.030 0.724 -0.000 -0.685 -0.083 0.982 0.000 -0.149 -0.112 0.767 0.000 -0.641 -0.028 0.986 0.000 -0.092 -0.136 0.651 0.000 -0.759 0.006 0.985 0.000 0.047 0.168 0.684 -0.000 -0.728 0.035 0.985 -0.000 0.027 0.168 
0.999 -0.035 -0.024 -0.031 0.724 0.000 -0.684 -0.083 0.982 -0.000 -0.150 -0.112 0.767 0.000 -0.641 -0.028 0.986 0.000 -0.092 -0.136 0.651 0.000 -0.759 0.005 0.985 0.000 0.047 0.168 0.684 0.000 -0.728 0.034 0.986 0.000 0.027 0.167 
0.999 -0.035 -0.024 -0.030 0.724 -0.000 -0.685 -0.083 0.982 0.000 -0.150 -0.112 0.767 0.000 -0.641 -0.027 0.986 0.000 -0.092 -0.136 0.651 0.000 -0.759 0.006 0.985 0.000 0.047 0.168 0.684 -0.000 -0.728 0.035 0.986 0.000 0.027 0.167 
0.999 -0.035 -0.024 -0.031 0.724 0.000 -0.685 -0.083 0.982 -0.000 -0.150 -0.112 0.767 0.000 -0.641 -0.028 0.986 0.000 -0.092 -0.136 0.651 0.000 -0.759 0.005 0.985 0.000 0.047 0.167 0.684 -0.000 -0.728 0.035 0.986 0.000 0.027 0.167 
0.999 -0.035 -0.024 -0.030 0.724 0.000 -0.685 -0.084 0.982 0.000 -0.150 -0.111 0.767 0.000 -0.641 -0.028 0.986 0.000 -0.092 -0.136 0.651 -0.000 -0.759 0.005 0.985 0.000 0.047 0.167 0.684 0.000 -0.728 0.035 0.986 0.000 0.027 0.167 
0.999 -0.035 -0.024 -0.030 0.724 -0.000 -0.684 -0.083 0.982 0.000 -0.150 -0.112 0.767 -0.000 -0.641 -0.028 0.986 0.000 -0.092 -0.136 0.651 0.000 -0.759 0.006 0.985 -0.000 0.047 0.168 0.684 -0.000 -0.728 0.035 0.986 0.000 0.027 0.167 
0.999 -0.035 -0.024 -0.030 0.724 0.000 -0.685 -0.083 0.982 0.000 -0.149 -0.113 0.767 -0.000 -0.641 -0.028 0.986 0.000 -0.092 -0.136 0.651 0.000 -0.759 0.005 0.985 -0.000 0.047 0.167 0.684 0.000 -0.728 0.035 0.986 0.000 0.027 0.167 
0.999 -0.035 -0.024 -0.030 0.724 0.000 -0.684 -0.083 0.982 0.000 -0.150 -0.112 0.767 -0.000 -0.641 -0.028 0.986 0.000 -0.092 -0.136 0.651 0.000 -0.759 0.006 0.985 0.000 0.047 0.168 0.684 -0.000 -0.728 0.035 0.986 0.000 0.027 0.167 
0.999 -0.035 -0.024 -0.030 0.724 -0.000 -0.684 -0.083 0.982 0.000 -0.150 -0.112 0.767 0.000 -0.641 -0.028 0.987 0.000 -0.092 -0.136 0.651 0.000 -0.759 0.006 0.985 0.000 0.047 0.167 0.684 0.000 -0.728 0.035 0.986 0.000 0.027 0.167 
0.999 -0.035 -0.024 -0.030 0.724 0.000 -0.685 -0.083 0.982 0.000 -0.150 -0.112 0.767 0.000 -0.641 -0.028 0.987 -0.000 -0.092 -0.136 0.651 0.000 -0.759 0.006 0.985 0.000 0.047 0.168 0.684 0.000 -0.728 0.035 0.986 0.000 0.027 0.167 
0.999 -0.035 -0.024 -0.030 0.724 0.000 -0.685 -0.083 0.982 0.000 -0.150 -0.112 0.767 0.000 -0.641 -0.028 0.987 0.000 -0.092 -0.136 0.651 -0.000 -0.759 0.005 0.985 -0.000 0.048 0.168 0.684 0.000 -0.728 0.034 0.986 0.000 0.027 0.167 
0.999 -0.035 -0.024 -0.030 0.724 0.000 -0.685 -0.082 0.982 0.000 -0.150 -0.112 0.767 0.000 -0.641 -0.029 0.987 0.000 -0.092 -0.135 0.651 0.000 -0.759 0.006 0.985 0.000 0.048 0.168 0.684 -0.000 -0.728 0.035 0.986 0.000 0.027 0.167 
0.999 -0.035 -0.024 -0.030 0.724 0.000 -0.685 -0.082 0.982 0.000 -0.150 -0.112 0.767 0.000 -0.641 -0.029 0.987 0.000 -0.091 -0.135 0.651 0.000 -0.759 0.006 0.985 0.000 0.048 0.168 0.684 0.000 -0.728 0.035 0.986 0.000 0.027 0.167 
0.999 -0.035 -0.024 -0.030 0.724 0.000 -0.685 -0.083 0.982 0.000 -0.150 -0.112 0.767 0.000 -0.641 -0.028 0.987 0.000 -0.091 -0.135 0.651 0.000 -0.759 0.005 0.985 0.000 0.048 0.168 0.684 -0.000 -0.728 0.034 0.986 0.000 0.027 0.167 
0.999 -0.035 -0.024 -0.030 0.724 0.000 -0.685 -0.083 0.982 0.000 -0.150 -0.112 0.767 0.000 -0.641 -0.028 0.987 0.000 -0.091 -0.135 0.651 0.000 -0.759 0.005 0.985 0.000 0.048 0.168 0.684 0.000 -0.728 0.034 0.986 0.000 0.027 0.167 
0.999 -0.035 -0.024 -0.030 0.724 0.000 -0.685 -0.083 0.982 0.000 -0.150 -0.113 0.767 0.000 -0.641 -0.029 0.987 0.000 -0.092 -0.134 0.651 0.000 -0.759 0.006 0.985 0.000 0.048 0.168 0.684 -0.000 -0.728 0.034 0.986 0.000 0.027 0.167 
0.999 -0.035 -0.024 -0.030 0.724 0.000 -0.684 -0.083 0.982 0.000 -0.150 -0.113 0.767 -0.000 -0.641 -0.029 0.987 -0.000 -0.092 -0.134 0.651 -0.000 -0.759 0.006 0.985 -0.000 0.048 0.168 0.684 -0.000 -0.728 0.034 0.985 0.000 0.027 0.168 
0.999 -0.035 -0.024 -0.030 0.724 -0.000 -0.685 -0.083 0.982 0.000 -0.150 -0.112 0.767 0.000 -0.641 -0.029 0.987 0.000 -0.091 -0.135 0.651 0.000 -0.759 0.006 0.985 0.000 0.048 0.168 0.684 0.000 -0.728 0.034 0.985 0.000 0.026 0.168 
0.999 -0.034 -0.024 -0.030 0.724 0.000 -0.685 -0.083 0.982 0.000 -0.150 -0.112 0.767 0.000 -0.641 -0.028 0.987 0.000 -0.091 -0.135 0.651 0.000 -0.759 0.005 0.985 0.000 0.048 0.168 0.684 0.000 -0.728 0.034 0.985 -0.000 0.026 0.168 
0.999 -0.034 -0.024 -0.030 0.724 -0.000 -0.685 -0.083 0.982 0.000 -0.150 -0.113 0.767 0.000 -0.641 -0.028 0.987 0.000 -0.091 -0.136 0.651 0.000 -0.759 0.005 0.985 0.000 0.048 0.168 0.684 0.000 -0.728 0.034 0.985 0.000 0.027 0.168 
0.999 -0.034 -0.024 -0.029 0.724 0.000 -0.685 -0.083 0.982 0.000 -0.150 -0.112 0.767 0.000 -0.641 -0.028 0.987 0.000 -0.092 -0.136 0.652 0.000 -0.758 0.006 0.985 0.000 0.047 0.167 0.684 0.000 -0.728 0.034 0.985 0.000 0.027 0.168 
0.999 -0.034 -0.024 -0.030 0.724 0.000 -0.685 -0.083 0.982 0.000 -0.150 -0.112 0.767 0.000 -0.641 -0.028 0.987 0.000 -0.092 -0.135 0.651 0.000 -0.759 0.005 0.985 0.000 0.048 0.168 0.684 0.000 -0.728 0.034 0.985 0.000 0.026 0.168 
0.999 -0.034 -0.024 -0.030 0.724 0.000 -0.685 -0.083 0.982 0.000 -0.150 -0.112 0.767 0.000 -0.641 -0.028 0.986 0.000 -0.092 -0.136 0.651 0.000 -0.759 0.005 0.985 0.000 0.047 0.168 0.684 0.000 -0.728 0.033 0.985 0.000 0.026 0.168 
0.999 -0.034 -0.024 -0.030 0.724 0.000 -0.685 -0.083 0.982 0.000 -0.150 -0.113 0.767 0.000 -0.641 -0.028 0.986 0.000 -0.092 -0.136 0.651 0.000 -0.759 0.005 0.985 0.000 0.047 0.168 0.684 -0.000 -0.728 0.034 0.985 -0.000 0.027 0.168 
0.999 -0.034 -0.024 -0.029 0.724 0.000 -0.685 -0.083 0.982 0.000 -0.149 -0.113 0.767 0.000 -0.641 -0.027 0.986 -0.000 -0.092 -0.136 0.652 0.000 -0.758 0.006 0.985 0.000 0.047 0.167 0.684 0.000 -0.728 0.034 0.985 0.000 0.027 0.168 
0.999 -0.034 -0.024 -0.029 0.724 0.000 -0.685 -0.083 0.982 0.000 -0.149 -0.113 0.767 0.000 -0.641 -0.027 0.986 0.000 -0.092 -0.136 0.652 0.000 -0.758 0.006 0.985 0.000 0.047 0.168 0.684 0.000 -0.728 0.034 0.985 0.000 0.027 0.168 
0.999 -0.034 -0.024 -0.029 0.724 0.000 -0.685 -0.083 0.982 0.000 -0.150 -0.113 0.767 0.000 -0.641 -0.027 0.986 -0.000 -0.092 -0.136 0.652 0.000 -0.758 0.006 0.985 0.000 0.047 0.168 0.684 -0.000 -0.728 0.034 0.985 0.000 0.027 0.168 
0.999 -0.034 -0.024 -0.029 0.724 0.000 -0.685 -0.083 0.982 0.000 -0.149 -0.113 0.767 0.000 -0.641 -0.027 0.986 0.000 -0.092 -0.136 0.652 -0.000 -0.758 0.006 0.985 0.000 0.047 0.168 0.684 -0.000 -0.728 0.034 0.985 -0.000 0.026 0.168 
0.999 -0.034 -0.024 -0.029 0.724 0.000 -0.685 -0.083 0.982 -0.000 -0.150 -0.113 0.767 0.000 -0.641 -0.027 0.986 0.000 -0.092 -0.136 0.652 -0.000 -0.758 0.006 0.985 0.000 0.047 0.167 0.684 0.000 -0.729 0.034 0.985 0.000 0.027 0.168 
0.999 -0.034 -0.024 -0.029 0.724 0.000 -0.685 -0.082 0.982 -0.000 -0.150 -0.113 0.767 0.000 -0.641 -0.027 0.986 0.000 -0.092 -0.136 0.652 0.000 -0.758 0.006 0.985 0.000 0.047 0.167 0.684 -0.000 -0.729 0.034 0.985 0.000 0.027 0.168 
0.999 -0.034 -0.024 -0.029 0.724 0.000 -0.685 -0.082 0.982 0.000 -0.149 -0.113 0.767 -0.000 -0.641 -0.027 0.986 0.000 -0.092 -0.136 0.652 0.000 -0.758 0.006 0.985 0.000 0.047 0.167 0.684 -0.000 -0.729 0.034 0.985 0.000 0.027 0.168 
0.999 -0.034 -0.024 -0.030 0.724 0.000 -0.685 -0.082 0.982 0.000 -0.150 -0.113 0.767 0.000 -0.641 -0.027 0.986 0.000 -0.092 -0.136 0.652 0.000 -0.758 0.006 0.985 -0.000 0.047 0.167 0.684 0.000 -0.729 0.034 0.985 0.000 0.027 0.168 
0.999 -0.034 -0.024 -0.029 0.724 0.000 -0.685 -0.082 0.982 0.000 -0.150 -0.113 0.767 0.000 -0.641 -0.027 0.986 0.000 -0.092 -0.136 0.652 -0.000 -0.758 0.006 0.985 0.000 0.047 0.167 0.684 0.000 -0.729 0.034 0.985 0.000 0.027 0.168 
0.999 -0.033 -0.024 -0.030 0.724 -0.000 -0.685 -0.082 0.982 0.000 -0.150 -0.113 0.768 0.000 -0.640 -0.027 0.986 -0.000 -0.092 -0.136 0.651 0.000 -0.759 0.005 0.985 -0.000 0.048 0.167 0.684 0.000 -0.729 0.033 0.985 0.000 0.027 0.168 
0.999 -0.033 -0.024 -0.030 0.724 -0.000 -0.685 -0.082 0.982 0.000 -0.150 -0.112 0.767 0.000 -0.641 -0.027 0.986 0.000 -0.092 -0.136 0.651 0.000 -0.759 0.005 0.985 0.000 0.048 0.167 0.684 -0.000 -0.729 0.033 0.985 0.000 0.027 0.168 
0.999 -0.033 -0.024 -0.030 0.724 -0.000 -0.685 -0.082 0.982 0.000 -0.150 -0.112 0.768 -0.000 -0.640 -0.027 0.986 0.000 -0.092 -0.136 0.651 0.000 -0.759 0.005 0.985 -0.000 0.048 0.167 0.684 0.000 -0.729 0.033 0.985 0.000 0.027 0.168 
0.999 -0.033 -0.024 -0.030 0.724 0.000 -0.685 -0.083 0.982 0.000 -0.150 -0.113 0.768 0.000 -0.640 -0.027 0.986 0.000 -0.092 -0.136 0.651 0.000 -0.759 0.005 0.985 0.000 0.048 0.167 0.684 0.000 -0.729 0.033 0.986 -0.000 0.027 0.168 
0.999 -0.033 -0.024 -0.030 0.724 -0.000 -0.685 -0.083 0.982 -0.000 -0.150 -0.112 0.768 0.000 -0.640 -0.027 0.986 0.000 -0.092 -0.136 0.651 0.000 -0.759 0.005 0.985 0.000 0.048 0.167 0.684 0.000 -0.729 0.034 0.985 0.000 0.027 0.168 
0.999 -0.033 -0.024 -0.030 0.724 0.000 -0.685 -0.083 0.982 0.000 -0.150 -0.112 0.768 -0.000 -0.640 -0.027 0.986 -0.000 -0.092 -0.136 0.651 0.000 -0.759 0.005 0.985 0.000 0.048 0.167 0.684 0.000 -0.729 0.034 0.986 0.000 0.027 0.167 
0.999 -0.033 -0.024 -0.030 0.724 0.000 -0.685 -0.082 0.982 0.000 -0.150 -0.112 0.768 -0.000 -0.640 -0.027 0.986 0.000 -0.092 -0.136 0.651 0.000 -0.759 0.005 0.985 0.000 0.048 0.167 0.684 -0.000 -0.729 0.034 0.986 0.000 0.027 0.167 
0.999 -0.033 -0.024 -0.030 0.724 0.000 -0.685 -0.083 0.982 0.000 -0.150 -0.112 0.768 -0.000 -0.640 -0.027 0.986 0.000 -0.092 -0.136 0.651 0.000 -0.759 0.005 0.985 0.000 0.048 0.167 0.684 0.000 -0.729 0.034 0.986 0.000 0.027 0.167 
0.999 -0.033 -0.024 -0.030 0.724 0.000 -0.685 -0.083 0.982 0.000 -0.150 -0.112 0.768 -0.000 -0.640 -0.027 0.986 0.000 -0.092 -0.136 0.651 -0.000 -0.759 0.005 0.985 0.000 0.048 0.167 0.684 0.000 -0.729 0.034 0.986 0.000 0.027 0.167 
0.999 -0.033 -0.024 -0.030 0.724 0.000 -0.685 -0.083 0.982 0.000 -0.150 -0.112 0.768 0.000 -0.640 -0.027 0.986 0.000 -0.092 -0.136 0.651 0.000 -0.759 0.005 0.985 0.000 0.048 0.167 0.684 0.000 -0.729 0.034 0.986 0.000 0.027 0.167 
0.999 -0.033 -0.024 -0.030 0.724 -0.000 -0.685 -0.083 0.982 -0.000 -0.150 -0.111 0.768 0.000 -0.640 -0.027 0.986 0.000 -0.092 -0.137 0.651 0.000 -0.759 0.005 0.985 0.000 0.048 0.166 0.684 -0.000 -0.729 0.034 0.986 0.000 0.027 0.167 
0.999 -0.032 -0.024 -0.030 0.724 0.000 -0.685 -0.083 0.982 0.000 -0.150 -0.112 0.768 0.000 -0.640 -0.027 0.986 0.000 -0.092 -0.136 0.651 0.000 -0.759 0.005 0.985 0.000 0.048 0.166 0.684 0.000 -0.729 0.034 0.986 0.000 0.027 0.167 
0.999 -0.032 -0.024 -0.030 0.724 0.000 -0.685 -0.083 0.982 0.000 -0.150 -0.112 0.768 0.000 -0.640 -0.027 0.986 0.000 -0.092 -0.137 0.651 0.000 -0.759 0.006 0.985 0.000 0.048 0.166 0.684 0.000 -0.729 0.034 0.986 -0.000 0.027 0.166 
0.999 -0.032 -0.024 -0.030 0.724 0.000 -0.685 -0.083 0.982 0.000 -0.150 -0.111 0.768 -0.000 -0.640 -0.026 0.986 0.000 -0.092 -0.137 0.651 0.000 -0.759 0.006 0.985 0.000 0.047 0.166 0.684 0.000 -0.729 0.034 0.986 -0.000 0.027 0.166 
0.999 -0.032 -0.024 -0.030 0.724 0.000 -0.685 -0.083 0.982 0.000 -0.150 -0.112 0.768 -0.000 -0.640 -0.026 0.986 0.000 -0.092 -0.137 0.651 0.000 -0.759 0.006 0.985 0.000 0.048 0.166 0.684 0.000 -0.729 0.034 0.986 0.000 0.027 0.166 
0.999 -0.032 -0.024 -0.030 0.724 0.000 -0.685 -0.083 0.982 0.000 -0.150 -0.111 0.768 0.000 -0.640 -0.026 0.986 -0.000 -0.092 -0.137 0.651 0.000 -0.759 0.006 0.985 0.000 0.047 0.165 0.684 0.000 -0.729 0.034 0.986 0.000 0.027 0.166 
0.999 -0.032 -0.024 -0.030 0.724 -0.000 -0.685 -0.083 0.982 0.000 -0.150 -0.111 0.768 0.000 -0.640 -0.026 0.986 0.000 -0.092 -0.137 0.651 0.000 -0.759 0.006 0.985 0.000 0.047 0.165 0.684 0.000 -0.728 0.035 0.986 0.000 0.027 0.166 
0.999 -0.032 -0.024 -0.030 0.724 -0.000 -0.685 -0.083 0.982 0.000 -0.150 -0.111 0.768 0.000 -0.640 -0.026 0.986 -0.000 -0.092 -0.137 0.651 0.000 -0.759 0.006 0.985 0.000 0.048 0.165 0.684 0.000 -0.728 0.035 0.986 0.000 0.027 0.166 
0.999 -0.032 -0.024 -0.031 0.724 0.000 -0.685 -0.083 0.982 0.000 -0.150 -0.111 0.768 0.000 -0.640 -0.026 0.986 -0.000 -0.092 -0.137 0.651 -0.000 -0.759 0.006 0.985 -0.000 0.048 0.165 0.684 0.000 -0.728 0.035 0.986 0.000 0.027 0.165 
0.999 -0.032 -0.024 -0.031 0.724 -0.000 -0.685 -0.083 0.982 -0.000 -0.150 -0.112 0.768 0.000 -0.640 -0.026 0.986 0.000 -0.092 -0.137 0.651 0.000 -0.759 0.006 0.985 0.000 0.048 0.165 0.684 0.000 -0.728 0.035 0.986 -0.000 0.027 0.166 
0.999 -0.032 -0.024 -0.031 0.724 0.000 -0.685 -0.083 0.982 0.000 -0.150 -0.112 0.767 0.000 -0.641 -0.025 0.986 0.000 -0.092 -0.138 0.651 0.000 -0.759 0.006 0.985 0.000 0.047 0.165 0.684 0.000 -0.728 0.035 0.986 0.000 0.027 0.165 
0.999 -0.032 -0.024 -0.030 0.724 0.000 -0.685 -0.083 0.982 0.000 -0.150 -0.111 0.767 0.000 -0.641 -0.026 0.986 -0.000 -0.092 -0.137 0.651 0.000 -0.759 0.006 0.985 0.000 0.048 0.165 0.684 -0.000 -0.728 0.035 0.986 0.000 0.027 0.165 
0.999 -0.032 -0.024 -0.031 0.724 0.000 -0.685 -0.083 0.982 0.000 -0.150 -0.112 0.767 0.000 -0.641 -0.026 0.986 -0.000 -0.092 -0.137 0.651 0.000 -0.759 0.007 0.985 -0.000 0.048 0.165 0.684 0.000 -0.728 0.036 0.986 -0.000 0.027 0.165 
0.999 -0.032 -0.024 -0.031 0.724 0.000 -0.685 -0.083 0.982 0.000 -0.150 -0.112 0.767 0.000 -0.641 -0.026 0.986 -0.000 -0.091 -0.137 0.651 0.000 -0.759 0.007 0.985 0.000 0.047 0.165 0.684 0.000 -0.728 0.036 0.986 0.000 0.028 0.165 
0.999 -0.032 -0.024 -0.031 0.724 0.000 -0.685 -0.083 0.982 -0.000 -0.150 -0.111 0.767 0.000 -0.641 -0.026 0.986 0.000 -0.091 -0.137 0.651 0.000 -0.759 0.007 0.985 0.000 0.048 0.165 0.684 0.000 -0.728 0.036 0.986 0.000 0.028 0.165 
0.999 -0.032 -0.024 -0.031 0.724 0.000 -0.685 -0.083 0.982 0.000 -0.150 -0.112 0.767 0.000 -0.641 -0.025 0.986 0.000 -0.091 -0.138 0.651 0.000 -0.759 0.007 0.985 0.000 0.048 0.165 0.684 0.000 -0.728 0.036 0.986 -0.000 0.027 0.165 
0.999 -0.032 -0.024 -0.031 0.724 0.000 -0.685 -0.083 0.982 0.000 -0.150 -0.112 0.767 0.000 -0.641 -0.026 0.986 0.000 -0.091 -0.137 0.651 0.000 -0.759 0.007 0.985 0.000 0.048 0.165 0.684 -0.000 -0.728 0.036 0.986 0.000 0.028 0.165 
0.999 -0.032 -0.024 -0.031 0.724 0.000 -0.685 -0.083 0.982 0.000 -0.150 -0.112 0.767 -0.000 -0.641 -0.026 0.986 0.000 -0.091 -0.137 0.651 0.000 -0.759 0.007 0.985 0.000 0.048 0.165 0.684 0.000 -0.728 0.036 0.986 -0.000 0.028 0.164 
0.999 -0.032 -0.026 -0.030 0.723 0.000 -0.686 -0.083 0.982 -0.000 -0.150 -0.112 0.768 -0.000 -0.640 -0.026 0.986 0.000 -0.091 -0.137 0.650 0.000 -0.760 0.008 0.985 0.000 0.048 0.164 0.685 0.000 -0.727 0.037 0.986 0.000 0.028 0.164 
0.999 -0.032 -0.024 -0.031 0.724 -0.000 -0.685 -0.083 0.982 0.000 -0.150 -0.111 0.767 0.000 -0.641 -0.026 0.986 -0.000 -0.091 -0.137 0.651 0.000 -0.759 0.007 0.985 0.000 0.048 0.165 0.684 0.000 -0.728 0.036 0.986 0.000 0.028 0.164 
0.999 -0.032 -0.024 -0.031 0.724 0.000 -0.685 -0.083 0.982 -0.000 -0.150 -0.112 0.767 0.000 -0.641 -0.026 0.986 0.000 -0.091 -0.137 0.651 0.000 -0.759 0.008 0.985 -0.000 0.048 0.165 0.684 -0.000 -0.728 0.037 0.986 0.000 0.028 0.164 
0.999 -0.032 -0.025 -0.031 0.724 0.000 -0.685 -0.083 0.982 0.000 -0.150 -0.112 0.767 0.000 -0.641 -0.026 0.986 0.000 -0.091 -0.137 0.651 0.000 -0.759 0.008 0.985 0.000 0.047 0.164 0.684 -0.000 -0.728 0.037 0.986 0.000 0.028 0.164 
0.999 -0.032 -0.024 -0.030 0.724 0.000 -0.685 -0.083 0.982 0.000 -0.150 -0.112 0.767 0.000 -0.641 -0.026 0.986 0.000 -0.091 -0.137 0.651 0.000 -0.759 0.008 0.985 0.000 0.048 0.165 0.684 0.000 -0.728 0.037 0.986 -0.000 0.028 0.164 
0.999 -0.032 -0.024 -0.030 0.724 0.000 -0.685 -0.083 0.982 0.000 -0.150 -0.112 0.767 0.000 -0.641 -0.026 0.986 0.000 -0.091 -0.137 0.651 -0.000 -0.759 0.008 0.985 0.000 0.048 0.164 0.684 0.000 -0.728 0.037 0.986 0.000 0.028 0.164 
0.999 -0.032 -0.024 -0.030 0.724 0.000 -0.685 -0.083 0.982 0.000 -0.150 -0.112 0.767 -0.000 -0.641 -0.026 0.986 0.000 -0.091 -0.137 0.651 0.000 -0.759 0.008 0.985 0.000 0.048 0.164 0.684 0.000 -0.728 0.037 0.986 -0.000 0.028 0.164 
0.999 -0.032 -0.024 -0.030 0.724 0.000 -0.685 -0.083 0.982 0.000 -0.149 -0.112 0.768 0.000 -0.640 -0.025 0.986 0.000 -0.091 -0.137 0.651 0.000 -0.759 0.008 0.985 0.000 0.048 0.164 0.684 0.000 -0.728 0.037 0.986 0.000 0.028 0.164 
0.999 -0.032 -0.024 -0.030 0.724 0.000 -0.685 -0.083 0.982 0.000 -0.150 -0.112 0.768 -0.000 -0.640 -0.025 0.986 0.000 -0.091 -0.138 0.651 0.000 -0.759 0.008 0.985 0.000 0.048 0.165 0.684 0.000 -0.728 0.037 0.986 0.000 0.028 0.164 
0.999 -0.032 -0.024 -0.030 0.724 0.000 -0.685 -0.083 0.982 0.000 -0.150 -0.112 0.768 0.000 -0.640 -0.025 0.986 0.000 -0.091 -0.138 0.651 0.000 -0.759 0.008 0.985 -0.000 0.048 0.165 0.684 0.000 -0.728 0.037 0.986 0.000 0.028 0.164 
0.999 -0.032 -0.024 -0.030 0.724 -0.000 -0.685 -0.083 0.982 0.000 -0.150 -0.112 0.768 0.000 -0.640 -0.025 0.986 0.000 -0.092 -0.137 0.651 0.000 -0.759 0.008 0.985 0.000 0.048 0.165 0.684 0.000 -0.728 0.037 0.986 0.000 0.028 0.164 
0.999 -0.033 -0.024 -0.030 0.723 -0.000 -0.685 -0.083 0.982 0.000 -0.150 -0.112 0.768 0.000 -0.640 -0.025 0.986 0.000 -0.092 -0.138 0.651 0.000 -0.759 0.008 0.985 0.000 0.048 0.165 0.684 -0.000 -0.728 0.037 0.986 0.000 0.028 0.164 
0.999 -0.033 -0.024 -0.030 0.724 0.000 -0.685 -0.083 0.982 0.000 -0.150 -0.112 0.768 0.000 -0.640 -0.026 0.986 0.000 -0.092 -0.136 0.651 0.000 -0.759 0.009 0.985 0.000 0.048 0.164 0.684 0.000 -0.728 0.037 0.986 0.000 0.028 0.164 
0.999 -0.033 -0.024 -0.030 0.723 0.000 -0.685 -0.083 0.982 0.000 -0.149 -0.112 0.768 -0.000 -0.640 -0.025 0.986 0.000 -0.091 -0.137 0.651 0.000 -0.759 0.009 0.985 0.000 0.048 0.164 0.684 0.000 -0.728 0.038 0.986 0.000 0.028 0.164 
0.999 -0.033 -0.025 -0.030 0.723 0.000 -0.686 -0.082 0.982 0.000 -0.149 -0.112 0.769 -0.000 -0.639 -0.025 0.986 0.000 -0.092 -0.137 0.650 0.000 -0.760 0.009 0.985 0.000 0.048 0.164 0.685 0.000 -0.727 0.038 0.986 -0.000 0.028 0.165 
0.999 -0.033 -0.026 -0.030 0.722 0.000 -0.686 -0.082 0.982 0.000 -0.149 -0.113 0.769 0.000 -0.639 -0.025 0.986 0.000 -0.092 -0.137 0.650 0.000 -0.760 0.009 0.985 -0.000 0.048 0.164 0.685 0.000 -0.727 0.038 0.986 0.000 0.028 0.165 
0.999 -0.033 -0.024 -0.030 0.723 0.000 -0.685 -0.083 0.982 0.000 -0.149 -0.112 0.768 0.000 -0.640 -0.024 0.986 0.000 -0.092 -0.138 0.651 0.000 -0.759 0.009 0.985 0.000 0.048 0.165 0.684 0.000 -0.728 0.037 0.986 0.000 0.028 0.165 
0.999 -0.033 -0.025 -0.029 0.722 0.000 -0.686 -0.083 0.982 0.000 -0.149 -0.112 0.769 0.000 -0.639 -0.025 0.986 0.000 -0.092 -0.137 0.650 0.000 -0.760 0.009 0.985 -0.000 0.048 0.164 0.685 0.000 -0.727 0.037 0.986 0.000 0.028 0.165 
0.999 -0.033 -0.025 -0.029 0.723 0.000 -0.686 -0.083 0.982 0.000 -0.149 -0.112 0.769 0.000 -0.639 -0.025 0.986 0.000 -0.092 -0.137 0.650 0.000 -0.760 0.009 0.985 0.000 0.048 0.164 0.685 0.000 -0.727 0.037 0.986 0.000 0.028 0.165 
0.999 -0.033 -0.025 -0.029 0.722 0.000 -0.686 -0.083 0.982 0.000 -0.149 -0.113 0.769 0.000 -0.639 -0.024 0.986 0.000 -0.092 -0.137 0.650 0.000 -0.760 0.010 0.985 0.000 0.048 0.164 0.685 -0.000 -0.727 0.037 0.986 0.000 0.028 0.165 
0.999 -0.033 -0.025 -0.029 0.722 -0.000 -0.686 -0.083 0.982 0.000 -0.149 -0.112 0.769 0.000 -0.639 -0.025 0.986 0.000 -0.092 -0.136 0.650 0.000 -0.760 0.010 0.985 0.000 0.048 0.164 0.685 0.000 -0.727 0.037 0.986 0.000 0.028 0.165 
0.999 -0.033 -0.025 -0.029 0.722 0.000 -0.687 -0.083 0.982 0.000 -0.149 -0.113 0.769 0.000 -0.639 -0.025 0.986 -0.000 -0.091 -0.137 0.650 0.000 -0.760 0.010 0.985 0.000 0.048 0.165 0.685 0.000 -0.727 0.038 0.986 0.000 0.028 0.165 
0.999 -0.033 -0.025 -0.029 0.722 0.000 -0.687 -0.083 0.982 0.000 -0.149 -0.112 0.769 0.000 -0.639 -0.025 0.986 0.000 -0.092 -0.137 0.650 0.000 -0.760 0.010 0.985 0.000 0.048 0.164 0.685 -0.000 -0.727 0.037 0.986 0.000 0.028 0.165 
0.999 -0.033 -0.025 -0.029 0.722 0.000 -0.687 -0.083 0.982 -0.000 -0.149 -0.113 0.769 0.000 -0.639 -0.024 0.986 0.000 -0.092 -0.137 0.650 -0.000 -0.760 0.010 0.985 0.000 0.048 0.164 0.685 0.000 -0.727 0.037 0.986 -0.000 0.028 0.165 
0.999 -0.033 -0.025 -0.029 0.722 0.000 -0.687 -0.083 0.982 0.000 -0.149 -0.112 0.769 0.000 -0.639 -0.024 0.986 0.000 -0.092 -0.137 0.650 0.000 -0.760 0.010 0.985 -0.000 0.049 0.165 0.685 0.000 -0.727 0.037 0.986 0.000 0.028 0.165 
0.999 -0.033 -0.025 -0.029 0.722 0.000 -0.687 -0.083 0.982 0.000 -0.149 -0.113 0.769 -0.000 -0.639 -0.025 0.986 0.000 -0.092 -0.136 0.650 0.000 -0.760 0.010 0.985 -0.000 0.048 0.164 0.685 0.000 -0.727 0.037 0.986 -0.000 0.028 0.165 
0.999 -0.033 -0.025 -0.029 0.723 0.000 -0.686 -0.083 0.982 0.000 -0.149 -0.113 0.769 0.000 -0.639 -0.025 0.986 0.000 -0.092 -0.137 0.650 0.000 -0.760 0.009 0.985 0.000 0.048 0.164 0.685 0.000 -0.728 0.037 0.986 0.000 0.028 0.166 
0.999 -0.033 -0.025 -0.029 0.722 -0.000 -0.687 -0.083 0.982 0.000 -0.149 -0.113 0.769 0.000 -0.639 -0.024 0.986 0.000 -0.092 -0.137 0.650 0.000 -0.760 0.010 0.985 0.000 0.048 0.164 0.685 0.000 -0.727 0.037 0.986 -0.000 0.028 0.165 
0.999 -0.033 -0.025 -0.029 0.723 -0.000 -0.686 -0.083 0.982 0.000 -0.149 -0.113 0.769 0.000 -0.639 -0.024 0.986 0.000 -0.092 -0.137 0.650 -0.000 -0.759 0.009 0.985 0.000 0.048 0.164 0.685 0.000 -0.728 0.037 0.986 0.000 0.028 0.166 
0.999 -0.033 -0.024 -0.030 0.723 -0.000 -0.686 -0.083 0.982 0.000 -0.149 -0.112 0.769 0.000 -0.639 -0.025 0.986 -0.000 -0.092 -0.137 0.651 -0.000 -0.759 0.009 0.985 -0.000 0.048 0.164 0.685 0.000 -0.728 0.037 0.986 0.000 0.028 0.166 
0.999 -0.033 -0.025 -0.030 0.723 0.000 -0.686 -0.083 0.982 0.000 -0.150 -0.112 0.769 0.000 -0.639 -0.024 0.986 0.000 -0.092 -0.137 0.650 0.000 -0.760 0.009 0.985 0.000 0.048 0.165 0.685 0.000 -0.728 0.037 0.986 0.000 0.028 0.166 
0.999 -0.033 -0.025 -0.030 0.723 0.000 -0.686 -0.083 0.982 0.000 -0.149 -0.112 0.769 0.000 -0.639 -0.025 0.986 0.000 -0.091 -0.137 0.650 -0.000 -0.760 0.009 0.985 0.000 0.048 0.164 0.685 -0.000 -0.728 0.037 0.986 0.000 0.028 0.165 
0.999 -0.033 -0.024 -0.029 0.723 0.000 -0.686 -0.083 0.982 -0.000 -0.149 -0.113 0.769 0.000 -0.639 -0.024 0.986 0.000 -0.092 -0.137 0.650 0.000 -0.759 0.010 0.985 0.000 0.048 0.164 0.685 0.000 -0.728 0.037 0.986 0.000 0.028 0.165 
0.999 -0.033 -0.024 -0.029 0.722 0.000 -0.686 -0.083 0.982 0.000 -0.149 -0.113 0.769 -0.000 -0.639 -0.024 0.986 -0.000 -0.091 -0.137 0.650 0.000 -0.760 0.010 0.985 0.000 0.048 0.164 0.685 0.000 -0.728 0.037 0.986 0.000 0.028 0.166 
0.999 -0.033 -0.024 -0.029 0.723 0.000 -0.686 -0.083 0.982 0.000 -0.149 -0.113 0.768 -0.000 -0.640 -0.024 0.986 0.000 -0.091 -0.137 0.651 -0.000 -0.759 0.009 0.985 0.000 0.048 0.165 0.684 0.000 -0.728 0.037 0.986 0.000 0.028 0.166 
0.999 -0.033 -0.024 -0.029 0.723 0.000 -0.686 -0.083 0.982 0.000 -0.149 -0.112 0.769 0.000 -0.639 -0.024 0.986 0.000 -0.091 -0.137 0.650 0.000 -0.760 0.009 0.985 0.000 0.048 0.164 0.685 0.000 -0.728 0.037 0.986 0.000 0.028 0.166 
0.999 -0.033 -0.024 -0.029 0.723 0.000 -0.686 -0.083 0.982 0.000 -0.149 -0.112 0.768 0.000 -0.640 -0.025 0.986 0.000 -0.091 -0.137 0.651 0.000 -0.759 0.009 0.985 0.000 0.048 0.164 0.684 -0.000 -0.728 0.037 0.986 0.000 0.028 0.166 
0.999 -0.033 -0.024 -0.030 0.723 0.000 -0.686 -0.083 0.982 0.000 -0.149 -0.113 0.768 -0.000 -0.640 -0.024 0.986 0.000 -0.091 -0.138 0.651 0.000 -0.759 0.009 0.985 0.000 0.048 0.164 0.684 -0.000 -0.728 0.037 0.986 0.000 0.028 0.166 
0.999 -0.033 -0.024 -0.029 0.723 0.000 -0.686 -0.083 0.982 0.000 -0.149 -0.113 0.768 0.000 -0.640 -0.024 0.986 0.000 -0.091 -0.137 0.651 0.000 -0.759 0.009 0.985 0.000 0.048 0.164 0.684 0.000 -0.728 0.037 0.986 0.000 0.028 0.166 
0.999 -0.033 -0.024 -0.029 0.723 -0.000 -0.686 -0.083 0.982 0.000 -0.149 -0.113 0.768 0.000 -0.640 -0.024 0.986 -0.000 -0.091 -0.137 0.651 0.000 -0.759 0.009 0.985 0.000 0.048 0.164 0.684 0.000 -0.728 0.037 0.986 0.000 0.028 0.166 
0.999 -0.033 -0.024 -0.030 0.723 0.000 -0.686 -0.083 0.982 0.000 -0.149 -0.113 0.768 0.000 -0.640 -0.024 0.986 0.000 -0.091 -0.137 0.651 -0.000 -0.759 0.009 0.985 0.000 0.048 0.164 0.684 0.000 -0.728 0.037 0.986 0.000 0.028 0.166 
0.999 -0.033 -0.024 -0.030 0.723 0.000 -0.686 -0.083 0.982 0.000 -0.149 -0.113 0.768 0.000 -0.640 -0.024 0.986 0.000 -0.091 -0.137 0.651 -0.000 -0.759 0.009 0.985 0.000 0.048 0.164 0.685 0.000 -0.728 0.037 0.986 0.000 0.028 0.166 
0.999 -0.033 -0.024 -0.029 0.723 -0.000 -0.686 -0.083 0.982 0.000 -0.149 -0.113 0.768 0.000 -0.640 -0.024 0.986 0.000 -0.091 -0.137 0.651 0.000 -0.759 0.009 0.985 0.000 0.048 0.164 0.685 -0.000 -0.728 0.037 0.986 0.000 0.028 0.166 
0.999 -0.033 -0.024 -0.029 0.723 0.000 -0.686 -0.083 0.982 0.000 -0.149 -0.113 0.768 0.000 -0.640 -0.024 0.986 0.000 -0.091 -0.138 0.651 -0.000 -0.759 0.009 0.985 0.000 0.048 0.164 0.685 0.000 -0.728 0.036 0.986 -0.000 0.028 0.166 
0.999 -0.033 -0.023 -0.030 0.723 0.000 -0.686 -0.083 0.982 0.000 -0.149 -0.113 0.768 0.000 -0.640 -0.023 0.986 0.000 -0.091 -0.138 0.651 0.000 -0.759 0.009 0.985 0.000 0.048 0.164 0.684 0.000 -0.728 0.036 0.986 0.000 0.028 0.166 
0.999 -0.033 -0.024 -0.030 0.723 0.000 -0.686 -0.083 0.982 0.000 -0.149 -0.113 0.768 0.000 -0.640 -0.024 0.986 0.000 -0.091 -0.138 0.651 0.000 -0.759 0.010 0.985 0.000 0.048 0.164 0.685 0.000 -0.728 0.036 0.986 0.000 0.028 0.166 
0.999 -0.033 -0.023 -0.030 0.723 0.000 -0.686 -0.082 0.982 -0.000 -0.150 -0.113 0.768 0.000 -0.640 -0.024 0.986 0.000 -0.091 -0.137 0.651 0.000 -0.759 0.010 0.985 0.000 0.048 0.164 0.685 0.000 -0.728 0.037 0.986 -0.000 0.028 0.166 
0.999 -0.033 -0.023 -0.029 0.723 0.000 -0.686 -0.082 0.982 0.000 -0.150 -0.113 0.768 0.000 -0.640 -0.024 0.986 0.000 -0.091 -0.137 0.651 0.000 -0.759 0.010 0.985 0.000 0.048 0.164 0.685 0.000 -0.728 0.036 0.986 0.000 0.028 0.166 
0.999 -0.033 -0.023 -0.030 0.723 -0.000 -0.686 -0.082 0.982 0.000 -0.150 -0.113 0.768 0.000 -0.640 -0.024 0.986 0.000 -0.091 -0.137 0.651 0.000 -0.759 0.010 0.985 0.000 0.048 0.164 0.685 0.000 -0.728 0.037 0.986 0.000 0.028 0.166 
0.999 -0.033 -0.023 -0.029 0.723 0.000 -0.686 -0.083 0.982 0.000 -0.149 -0.113 0.768 -0.000 -0.640 -0.024 0.986 0.000 -0.091 -0.137 0.651 0.000 -0.759 0.010 0.985 -0.000 0.048 0.164 0.685 0.000 -0.728 0.037 0.986 0.000 0.028 0.166 
0.999 -0.033 -0.023 -0.029 0.723 0.000 -0.686 -0.083 0.982 0.000 -0.149 -0.113 0.768 0.000 -0.640 -0.024 0.986 0.000 -0.092 -0.138 0.651 0.000 -0.759 0.010 0.985 0.000 0.048 0.164 0.685 0.000 -0.728 0.036 0.986 0.000 0.028 0.166 
0.999 -0.033 -0.023 -0.029 0.723 0.000 -0.686 -0.083 0.982 0.000 -0.149 -0.113 0.768 0.000 -0.640 -0.024 0.986 0.000 -0.091 -0.137 0.651 0.000 -0.759 0.010 0.985 -0.000 0.048 0.164 0.685 0.000 -0.728 0.037 0.986 -0.000 0.028 0.166 
0.999 -0.033 -0.023 -0.029 0.723 0.000 -0.686 -0.083 0.982 0.000 -0.149 -0.113 0.768 0.000 -0.640 -0.024 0.986 -0.000 -0.092 -0.138 0.651 0.000 -0.759 0.010 0.985 0.000 0.048 0.164 0.685 0.000 -0.728 0.036 0.986 -0.000 0.028 0.167 
0.999 -0.033 -0.023 -0.030 0.723 0.000 -0.686 -0.083 0.982 0.000 -0.149 -0.113 0.768 0.000 -0.640 -0.024 0.986 0.000 -0.092 -0.138 0.651 0.000 -0.759 0.009 0.985 -0.000 0.048 0.164 0.685 0.000 -0.728 0.036 0.986 0.000 0.028 0.167 
0.999 -0.033 -0.023 -0.030 0.723 0.000 -0.686 -0.083 0.982 0.000 -0.149 -0.113 0.768 -0.000 -0.640 -0.024 0.986 0.000 -0.092 -0.137 0.651 0.000 -0.759 0.010 0.985 0.000 0.048 0.164 0.685 0.000 -0.728 0.036 0.986 0.000 0.028 0.167 
0.999 -0.033 -0.023 -0.030 0.723 0.000 -0.686 -0.083 0.982 0.000 -0.149 -0.113 0.768 -0.000 -0.640 -0.024 0.986 0.000 -0.091 -0.137 0.651 0.000 -0.759 0.010 0.985 0.000 0.048 0.164 0.685 -0.000 -0.728 0.036 0.986 0.000 0.028 0.167 
0.999 -0.033 -0.023 -0.030 0.723 0.000 -0.686 -0.083 0.982 0.000 -0.149 -0.113 0.768 0.000 -0.640 -0.025 0.986 -0.000 -0.092 -0.137 0.651 0.000 -0.759 0.010 0.985 0.000 0.048 0.164 0.685 -0.000 -0.728 0.036 0.986 0.000 0.028 0.167 
0.999 -0.033 -0.023 -0.030 0.723 0.000 -0.686 -0.083 0.982 0.000 -0.149 -0.113 0.768 0.000 -0.640 -0.025 0.986 0.000 -0.092 -0.137 0.651 0.000 -0.759 0.010 0.985 0.000 0.048 0.164 0.685 -0.000 -0.728 0.036 0.986 -0.000 0.028 0.167 
0.999 -0.033 -0.023 -0.030 0.723 0.000 -0.686 -0.083 0.982 0.000 -0.149 -0.113 0.768 0.000 -0.640 -0.025 0.986 0.000 -0.092 -0.137 0.651 0.000 -0.759 0.010 0.985 0.000 0.048 0.164 0.685 0.000 -0.728 0.036 0.985 0.000 0.027 0.168 
0.999 -0.034 -0.023 -0.030 0.723 0.000 -0.686 -0.083 0.982 -0.000 -0.149 -0.113 0.768 0.000 -0.640 -0.025 0.986 0.000 -0.091 -0.137 0.651 0.000 -0.759 0.010 0.985 0.000 0.048 0.164 0.685 -0.000 -0.728 0.036 0.986 0.000 0.027 0.167 
0.999 -0.034 -0.023 -0.030 0.723 0.000 -0.686 -0.083 0.982 -0.000 -0.149 -0.113 0.768 0.000 -0.640 -0.025 0.986 -0.000 -0.091 -0.136 0.651 0.000 -0.759 0.010 0.985 0.000 0.048 0.164 0.685 -0.000 -0.728 0.036 0.985 0.000 0.027 0.168 
0.999 -0.034 -0.023 -0.030 0.723 0.000 -0.686 -0.083 0.982 0.000 -0.149 -0.113 0.768 -0.000 -0.640 -0.025 0.986 0.000 -0.091 -0.137 0.651 0.000 -0.759 0.010 0.985 0.000 0.048 0.164 0.685 0.000 -0.728 0.036 0.985 0.000 0.027 0.168 
0.999 -0.034 -0.023 -0.030 0.723 0.000 -0.686 -0.083 0.982 0.000 -0.149 -0.113 0.768 0.000 -0.640 -0.025 0.986 0.000 -0.091 -0.137 0.651 0.000 -0.759 0.010 0.985 -0.000 0.048 0.164 0.685 -0.000 -0.728 0.036 0.985 0.000 0.027 0.168 
0.999 -0.034 -0.023 -0.030 0.723 0.000 -0.686 -0.083 0.982 0.000 -0.149 -0.113 0.768 -0.000 -0.640 -0.025 0.986 0.000 -0.091 -0.136 0.651 0.000 -0.759 0.010 0.985 0.000 0.048 0.165 0.685 0.000 -0.728 0.035 0.985 0.000 0.027 0.168 
0.999 -0.034 -0.023 -0.030 0.723 0.000 -0.686 -0.083 0.982 0.000 -0.149 -0.113 0.768 0.000 -0.640 -0.026 0.986 0.000 -0.092 -0.136 0.651 0.000 -0.759 0.010 0.985 -0.000 0.048 0.164 0.685 0.000 -0.728 0.035 0.985 0.000 0.027 0.168 
0.999 -0.034 -0.023 -0.030 0.723 0.000 -0.686 -0.083 0.982 -0.000 -0.149 -0.113 0.768 0.000 -0.640 -0.025 0.986 0.000 -0.092 -0.137 0.651 -0.000 -0.759 0.010 0.985 -0.000 0.048 0.164 0.685 0.000 -0.728 0.035 0.985 0.000 0.027 0.169 
0.999 -0.034 -0.023 -0.030 0.723 0.000 -0.686 -0.083 0.982 -0.000 -0.149 -0.113 0.768 0.000 -0.640 -0.026 0.986 0.000 -0.092 -0.136 0.651 0.000 -0.759 0.010 0.985 0.000 0.047 0.164 0.685 -0.000 -0.728 0.035 0.985 0.000 0.027 0.169 
0.999 -0.034 -0.023 -0.030 0.723 0.000 -0.686 -0.083 0.982 0.000 -0.149 -0.112 0.768 0.000 -0.640 -0.026 0.986 -0.000 -0.092 -0.136 0.651 -0.000 -0.759 0.009 0.985 0.000 0.047 0.164 0.685 0.000 -0.728 0.034 0.985 0.000 0.027 0.169 
0.999 -0.034 -0.023 -0.030 0.723 0.000 -0.686 -0.083 0.982 0.000 -0.149 -0.113 0.768 0.000 -0.640 -0.026 0.986 0.000 -0.092 -0.136 0.651 0.000 -0.759 0.009 0.985 0.000 0.048 0.165 0.685 0.000 -0.728 0.034 0.985 0.000 0.027 0.169 
0.999 -0.034 -0.023 -0.030 0.723 0.000 -0.686 -0.083 0.982 0.000 -0.149 -0.113 0.768 0.000 -0.640 -0.026 0.986 0.000 -0.092 -0.136 0.651 0.000 -0.759 0.009 0.985 0.000 0.048 0.165 0.685 0.000 -0.728 0.034 0.985 0.000 0.027 0.170 
0.999 -0.034 -0.023 -0.030 0.723 0.000 -0.686 -0.083 0.982 0.000 -0.149 -0.113 0.768 -0.000 -0.640 -0.026 0.986 0.000 -0.092 -0.136 0.651 0.000 -0.759 0.009 0.985 0.000 0.047 0.165 0.685 0.000 -0.728 0.034 0.985 0.000 0.027 0.170 
0.999 -0.033 -0.023 -0.030 0.723 0.000 -0.686 -0.083 0.982 0.000 -0.149 -0.113 0.768 0.000 -0.640 -0.026 0.986 0.000 -0.092 -0.136 0.651 0.000 -0.759 0.009 0.985 -0.000 0.047 0.165 0.685 -0.000 -0.728 0.034 0.985 0.000 0.027 0.170 
0.999 -0.033 -0.023 -0.030 0.723 0.000 -0.686 -0.083 0.982 0.000 -0.149 -0.113 0.768 0.000 -0.639 -0.026 0.986 0.000 -0.092 -0.136 0.650 0.000 -0.760 0.009 0.985 0.000 0.048 0.165 0.686 0.000 -0.727 0.033 0.985 0.000 0.026 0.170 
0.999 -0.034 -0.023 -0.029 0.723 0.000 -0.686 -0.083 0.982 0.000 -0.149 -0.113 0.769 0.000 -0.639 -0.027 0.987 0.000 -0.092 -0.135 0.650 0.000 -0.760 0.009 0.985 0.000 0.048 0.165 0.686 0.000 -0.727 0.033 0.985 0.000 0.027 0.170 
0.999 -0.034 -0.023 -0.029 0.723 0.000 -0.686 -0.083 0.982 0.000 -0.149 -0.113 0.769 -0.000 -0.639 -0.027 0.987 0.000 -0.092 -0.135 0.650 0.000 -0.760 0.009 0.985 0.000 0.048 0.165 0.686 0.000 -0.727 0.033 0.985 0.000 0.027 0.170 
0.999 -0.034 -0.023 -0.029 0.723 0.000 -0.686 -0.083 0.982 0.000 -0.149 -0.113 0.768 0.000 -0.639 -0.026 0.987 0.000 -0.091 -0.136 0.650 0.000 -0.760 0.009 0.985 0.000 0.047 0.165 0.686 -0.000 -0.727 0.033 0.985 0.000 0.027 0.170 
0.999 -0.034 -0.023 -0.029 0.723 0.000 -0.686 -0.083 0.982 -0.000 -0.149 -0.113 0.768 -0.000 -0.639 -0.027 0.987 -0.000 -0.091 -0.136 0.650 -0.000 -0.760 0.009 0.985 0.000 0.047 0.165 0.686 0.000 -0.727 0.033 0.985 0.000 0.027 0.171 
0.999 -0.034 -0.023 -0.029 0.723 0.000 -0.686 -0.083 0.982 0.000 -0.149 -0.113 0.768 -0.000 -0.639 -0.027 0.987 0.000 -0.091 -0.136 0.650 -0.000 -0.760 0.009 0.985 -0.000 0.047 0.165 0.686 0.000 -0.727 0.033 0.985 0.000 0.026 0.171 
0.999 -0.034 -0.023 -0.029 0.723 0.000 -0.686 -0.083 0.982 0.000 -0.150 -0.113 0.768 0.000 -0.639 -0.027 0.986 0.000 -0.091 -0.136 0.650 -0.000 -0.760 0.009 0.985 0.000 0.047 0.165 0.686 0.000 -0.727 0.033 0.985 0.000 0.027 0.171 
0.999 -0.034 -0.023 -0.029 0.723 0.000 -0.686 -0.083 0.982 0.000 -0.150 -0.113 0.768 -0.000 -0.639 -0.027 0.986 -0.000 -0.091 -0.136 0.650 0.000 -0.760 0.009 0.985 0.000 0.048 0.165 0.686 -0.000 -0.727 0.033 0.985 0.000 0.026 0.171 
0.999 -0.034 -0.023 -0.029 0.723 0.000 -0.686 -0.083 0.982 0.000 -0.150 -0.112 0.768 -0.000 -0.639 -0.027 0.986 -0.000 -0.091 -0.136 0.650 0.000 -0.760 0.009 0.985 0.000 0.048 0.165 0.686 0.000 -0.727 0.033 0.985 0.000 0.027 0.171 
0.999 -0.034 -0.024 -0.029 0.722 0.000 -0.687 -0.083 0.982 0.000 -0.149 -0.112 0.769 0.000 -0.639 -0.027 0.986 0.000 -0.091 -0.136 0.649 -0.000 -0.760 0.009 0.985 0.000 0.048 0.165 0.686 0.000 -0.727 0.033 0.985 0.000 0.027 0.171 
0.999 -0.034 -0.023 -0.030 0.723 -0.000 -0.686 -0.083 0.982 0.000 -0.150 -0.112 0.768 0.000 -0.639 -0.027 0.986 -0.000 -0.091 -0.136 0.650 0.000 -0.760 0.008 0.985 -0.000 0.048 0.165 0.686 -0.000 -0.727 0.032 0.985 0.000 0.026 0.171 
0.999 -0.034 -0.023 -0.030 0.723 0.000 -0.686 -0.083 0.982 0.000 -0.150 -0.112 0.768 0.000 -0.639 -0.027 0.986 0.000 -0.091 -0.136 0.650 0.000 -0.760 0.008 0.985 0.000 0.048 0.166 0.686 -0.000 -0.727 0.032 0.985 0.000 0.026 0.171 
0.999 -0.034 -0.023 -0.030 0.723 -0.000 -0.686 -0.083 0.982 0.000 -0.149 -0.112 0.768 0.000 -0.639 -0.027 0.986 0.000 -0.091 -0.136 0.650 0.000 -0.760 0.008 0.985 0.000 0.048 0.166 0.686 0.000 -0.727 0.033 0.985 0.000 0.026 0.171 
0.999 -0.034 -0.022 -0.030 0.723 -0.000 -0.686 -0.083 0.982 0.000 -0.150 -0.112 0.768 -0.000 -0.640 -0.027 0.987 -0.000 -0.091 -0.136 0.651 0.000 -0.759 0.008 0.985 0.000 0.048 0.166 0.685 -0.000 -0.728 0.033 0.985 0.000 0.026 0.171 
0.999 -0.034 -0.022 -0.030 0.723 0.000 -0.686 -0.083 0.982 0.000 -0.150 -0.112 0.768 0.000 -0.640 -0.026 0.986 0.000 -0.091 -0.137 0.650 0.000 -0.760 0.008 0.985 0.000 0.048 0.166 0.685 -0.000 -0.728 0.032 0.985 0.000 0.026 0.171 
0.999 -0.034 -0.022 -0.030 0.723 0.000 -0.686 -0.083 0.982 0.000 -0.150 -0.112 0.768 0.000 -0.640 -0.026 0.986 0.000 -0.091 -0.137 0.651 0.000 -0.759 0.007 0.985 0.000 0.048 0.166 0.685 0.000 -0.728 0.032 0.985 0.000 0.026 0.172 
0.999 -0.034 -0.022 -0.030 0.723 0.000 -0.686 -0.083 0.982 0.000 -0.150 -0.112 0.768 0.000 -0.640 -0.026 0.986 0.000 -0.091 -0.137 0.650 0.000 -0.760 0.007 0.985 0.000 0.048 0.166 0.685 -0.000 -0.728 0.032 0.985 0.000 0.026 0.171 
0.999 -0.034 -0.022 -0.030 0.723 0.000 -0.686 -0.083 0.982 0.000 -0.150 -0.112 0.768 -0.000 -0.640 -0.027 0.987 0.000 -0.091 -0.136 0.650 0.000 -0.759 0.007 0.985 0.000 0.048 0.167 0.685 0.000 -0.728 0.033 0.985 0.000 0.026 0.171 
0.999 -0.034 -0.022 -0.030 0.723 0.000 -0.686 -0.083 0.982 0.000 -0.150 -0.112 0.768 0.000 -0.640 -0.027 0.986 0.000 -0.091 -0.137 0.650 0.000 -0.760 0.007 0.985 0.000 0.048 0.167 0.685 -0.000 -0.728 0.033 0.985 0.000 0.026 0.171 
0.999 -0.034 -0.022 -0.031 0.723 0.000 -0.686 -0.083 0.982 0.000 -0.150 -0.111 0.768 -0.000 -0.640 -0.027 0.986 0.000 -0.091 -0.137 0.650 0.000 -0.760 0.007 0.985 -0.000 0.048 0.167 0.685 0.000 -0.728 0.033 0.985 0.000 0.026 0.171 
0.999 -0.034 -0.022 -0.030 0.723 0.000 -0.686 -0.083 0.982 0.000 -0.150 -0.111 0.768 0.000 -0.640 -0.027 0.986 0.000 -0.091 -0.137 0.650 0.000 -0.760 0.007 0.985 0.000 0.048 0.167 0.685 0.000 -0.728 0.033 0.985 -0.000 0.026 0.171 
0.999 -0.034 -0.022 -0.030 0.723 -0.000 -0.686 -0.083 0.982 0.000 -0.150 -0.111 0.768 0.000 -0.640 -0.026 0.986 0.000 -0.091 -0.137 0.650 0.000 -0.760 0.007 0.985 0.000 0.048 0.167 0.685 -0.000 -0.728 0.032 0.985 -0.000 0.026 0.171 
0.999 -0.034 -0.022 -0.030 0.723 0.000 -0.686 -0.083 0.982 0.000 -0.150 -0.111 0.768 0.000 -0.640 -0.026 0.986 0.000 -0.091 -0.137 0.651 -0.000 -0.759 0.007 0.985 -0.000 0.048 0.167 0.685 -0.000 -0.728 0.032 0.985 0.000 0.026 0.172 
