# T   LUA LFA RUA RFA LT  LS  RT  RS  
0.705 -0.115 0.157 0.682 0.812 -0.000 -0.563 0.152 0.719 0.000 -0.171 -0.673 0.768 0.000 -0.608 0.199 0.727 0.000 -0.118 -0.676 0.745 -0.000 -0.289 -0.601 0.691 0.000 -0.646 0.325 0.772 0.000 -0.332 -0.541 0.697 -0.000 -0.675 0.240 
0.705 -0.115 0.157 0.682 0.812 0.000 -0.563 0.152 0.719 0.000 -0.171 -0.673 0.768 0.000 -0.608 0.199 0.727 0.000 -0.118 -0.676 0.745 0.000 -0.289 -0.601 0.691 0.000 -0.646 0.325 0.772 0.000 -0.332 -0.541 0.698 -0.000 -0.675 0.240 
0.705 -0.115 0.157 0.682 0.812 0.000 -0.563 0.152 0.719 0.000 -0.171 -0.673 0.768 0.000 -0.608 0.199 0.727 0.000 -0.117 -0.676 0.745 0.000 -0.289 -0.601 0.691 0.000 -0.646 0.325 0.772 0.000 -0.332 -0.541 0.697 0.000 -0.675 0.240 
0.705 -0.115 0.157 0.682 0.812 0.000 -0.563 0.152 0.719 0.000 -0.171 -0.673 0.768 0.000 -0.608 0.199 0.727 0.000 -0.118 -0.676 0.745 0.000 -0.289 -0.601 0.691 0.000 -0.646 0.325 0.772 -0.000 -0.332 -0.541 0.697 0.000 -0.675 0.240 
0.705 -0.116 0.157 0.682 0.812 -0.000 -0.563 0.152 0.719 0.000 -0.171 -0.673 0.768 0.000 -0.608 0.199 0.727 0.000 -0.118 -0.676 0.745 0.000 -0.289 -0.601 0.691 0.000 -0.646 0.325 0.772 0.000 -0.332 -0.541 0.697 0.000 -0.675 0.240 
0.705 -0.115 0.157 0.682 0.812 0.000 -0.563 0.153 0.719 0.000 -0.171 -0.673 0.768 0.000 -0.608 0.199 0.727 0.000 -0.118 -0.676 0.745 0.000 -0.289 -0.601 0.691 0.000 -0.646 0.325 0.772 0.000 -0.332 -0.542 0.697 0.000 -0.675 0.240 
0.705 -0.115 0.157 0.682 0.812 0.000 -0.563 0.152 0.719 0.000 -0.171 -0.673 0.768 -0.000 -0.608 0.199 0.727 0.000 -0.118 -0.676 0.745 0.000 -0.289 -0.601 0.691 0.000 -0.646 0.325 0.772 0.000 -0.332 -0.541 0.697 -0.000 -0.675 0.240 
0.705 -0.115 0.157 0.682 0.812 0.000 -0.563 0.153 0.719 0.000 -0.171 -0.673 0.768 0.000 -0.608 0.199 0.727 0.000 -0.118 -0.676 0.745 0.000 -0.289 -0.601 0.691 0.000 -0.646 0.325 0.772 -0.000 -0.332 -0.542 0.697 0.000 -0.675 0.240 
0.705 -0.115 0.157 0.682 0.812 0.000 -0.563 0.153 0.719 0.000 -0.171 -0.673 0.768 0.000 -0.608 0.199 0.727 0.000 -0.118 -0.676 0.745 0.000 -0.289 -0.601 0.691 0.000 -0.646 0.325 0.772 0.000 -0.332 -0.542 0.697 0.000 -0.675 0.240 
0.705 -0.115 0.157 0.682 0.812 -0.000 -0.563 0.153 0.719 0.000 -0.171 -0.673 0.768 0.000 -0.608 0.199 0.727 0.000 -0.118 -0.676 0.745 0.000 -0.288 -0.601 0.691 -0.000 -0.646 0.325 0.772 0.000 -0.332 -0.542 0.698 0.000 -0.675 0.239 
0.705 -0.115 0.157 0.682 0.812 0.000 -0.563 0.153 0.719 0.000 -0.171 -0.673 0.769 0.000 -0.608 0.198 0.727 0.000 -0.118 -0.676 0.745 -0.000 -0.288 -0.601 0.691 -0.000 -0.646 0.324 0.772 0.000 -0.332 -0.542 0.697 0.000 -0.676 0.239 
0.705 -0.116 0.157 0.682 0.812 0.000 -0.563 0.153 0.719 -0.000 -0.171 -0.673 0.768 0.000 -0.609 0.197 0.728 0.000 -0.117 -0.676 0.745 0.000 -0.289 -0.601 0.691 0.000 -0.646 0.324 0.772 0.000 -0.332 -0.542 0.697 -0.000 -0.675 0.240 
0.705 -0.115 0.157 0.682 0.812 0.000 -0.563 0.153 0.719 0.000 -0.171 -0.673 0.768 -0.000 -0.608 0.199 0.727 0.000 -0.118 -0.676 0.745 0.000 -0.289 -0.601 0.691 0.000 -0.646 0.325 0.772 0.000 -0.332 -0.541 0.698 0.000 -0.675 0.240 
0.705 -0.115 0.157 0.682 0.812 0.000 -0.563 0.153 0.720 -0.000 -0.171 -0.673 0.768 0.000 -0.608 0.199 0.727 0.000 -0.118 -0.676 0.745 -0.000 -0.289 -0.601 0.691 -0.000 -0.646 0.325 0.772 0.000 -0.332 -0.541 0.697 0.000 -0.675 0.240 
0.705 -0.115 0.157 0.682 0.812 0.000 -0.563 0.153 0.719 0.000 -0.171 -0.673 0.768 -0.000 -0.608 0.198 0.727 0.000 -0.118 -0.676 0.745 -0.000 -0.289 -0.601 0.691 0.000 -0.646 0.325 0.772 0.000 -0.332 -0.542 0.697 0.000 -0.675 0.240 
0.705 -0.115 0.157 0.682 0.812 0.000 -0.563 0.153 0.719 0.000 -0.172 -0.673 0.768 0.000 -0.608 0.199 0.727 0.000 -0.118 -0.676 0.745 0.000 -0.289 -0.601 0.691 0.000 -0.646 0.325 0.772 0.000 -0.332 -0.541 0.698 -0.000 -0.675 0.239 
0.705 -0.115 0.157 0.682 0.812 0.000 -0.563 0.153 0.720 0.000 -0.171 -0.673 0.769 0.000 -0.608 0.198 0.727 0.000 -0.118 -0.676 0.745 0.000 -0.288 -0.601 0.691 0.000 -0.646 0.324 0.772 -0.000 -0.332 -0.542 0.697 -0.000 -0.676 0.239 
0.705 -0.115 0.157 0.682 0.812 0.000 -0.563 0.153 0.719 0.000 -0.171 -0.673 0.768 0.000 -0.609 0.198 0.727 0.000 -0.117 -0.676 0.745 0.000 -0.288 -0.601 0.691 0.000 -0.646 0.325 0.772 0.000 -0.332 -0.542 0.698 0.000 -0.676 0.239 
0.705 -0.115 0.157 0.682 0.813 0.000 -0.563 0.153 0.720 0.000 -0.171 -0.673 0.768 0.000 -0.608 0.198 0.727 0.000 -0.118 -0.676 0.745 -0.000 -0.288 -0.601 0.691 0.000 -0.646 0.325 0.772 0.000 -0.332 -0.542 0.697 0.000 -0.675 0.240 
0.705 -0.115 0.157 0.682 0.813 -0.000 -0.563 0.153 0.720 0.000 -0.171 -0.673 0.768 0.000 -0.608 0.198 0.727 0.000 -0.118 -0.676 0.745 0.000 -0.289 -0.601 0.691 0.000 -0.646 0.325 0.772 -0.000 -0.332 -0.542 0.698 0.000 -0.676 0.239 
0.705 -0.115 0.157 0.682 0.813 0.000 -0.563 0.153 0.719 0.000 -0.171 -0.673 0.768 0.000 -0.608 0.198 0.727 0.000 -0.117 -0.676 0.745 0.000 -0.289 -0.601 0.691 0.000 -0.646 0.325 0.772 0.000 -0.332 -0.541 0.697 0.000 -0.675 0.240 
0.705 -0.115 0.157 0.682 0.812 -0.000 -0.563 0.152 0.720 0.000 -0.171 -0.673 0.768 0.000 -0.608 0.198 0.727 0.000 -0.118 -0.676 0.745 0.000 -0.289 -0.601 0.691 0.000 -0.646 0.325 0.772 0.000 -0.332 -0.542 0.697 0.000 -0.675 0.240 
0.705 -0.115 0.157 0.682 0.812 0.000 -0.563 0.153 0.719 0.000 -0.171 -0.673 0.768 0.000 -0.608 0.198 0.727 0.000 -0.118 -0.676 0.745 0.000 -0.289 -0.601 0.691 0.000 -0.646 0.325 0.772 0.000 -0.332 -0.542 0.697 0.000 -0.675 0.240 
0.705 -0.115 0.157 0.682 0.812 0.000 -0.563 0.153 0.719 0.000 -0.171 -0.673 0.769 0.000 -0.608 0.198 0.727 0.000 -0.117 -0.676 0.745 -0.000 -0.289 -0.601 0.691 0.000 -0.646 0.325 0.772 0.000 -0.332 -0.542 0.697 0.000 -0.675 0.240 
0.705 -0.115 0.157 0.682 0.813 0.000 -0.563 0.152 0.719 0.000 -0.171 -0.673 0.768 0.000 -0.608 0.198 0.727 -0.000 -0.117 -0.676 0.745 0.000 -0.289 -0.601 0.691 -0.000 -0.646 0.325 0.772 0.000 -0.332 -0.541 0.698 0.000 -0.675 0.240 
0.705 -0.115 0.157 0.682 0.812 0.000 -0.563 0.153 0.719 0.000 -0.171 -0.673 0.769 0.000 -0.608 0.198 0.727 -0.000 -0.117 -0.676 0.745 -0.000 -0.289 -0.601 0.691 0.000 -0.646 0.325 0.772 0.000 -0.332 -0.542 0.697 0.000 -0.675 0.240 
0.705 -0.115 0.157 0.682 0.812 0.000 -0.563 0.152 0.719 0.000 -0.171 -0.673 0.769 0.000 -0.608 0.198 0.727 0.000 -0.117 -0.676 0.745 0.000 -0.289 -0.601 0.691 0.000 -0.646 0.325 0.772 0.000 -0.332 -0.542 0.697 0.000 -0.675 0.240 
0.705 -0.115 0.157 0.682 0.813 0.000 -0.563 0.153 0.719 0.000 -0.171 -0.673 0.769 0.000 -0.608 0.198 0.727 0.000 -0.117 -0.676 0.745 0.000 -0.289 -0.601 0.691 0.000 -0.646 0.325 0.772 0.000 -0.332 -0.541 0.698 0.000 -0.675 0.239 
0.705 -0.115 0.158 0.682 0.812 0.000 -0.563 0.153 0.719 -0.000 -0.171 -0.673 0.769 0.000 -0.608 0.198 0.727 0.000 -0.117 -0.676 0.745 0.000 -0.289 -0.601 0.691 0.000 -0.646 0.325 0.772 -0.000 -0.332 -0.541 0.698 0.000 -0.675 0.240 
0.705 -0.115 0.157 0.682 0.812 0.000 -0.563 0.153 0.719 0.000 -0.171 -0.673 0.769 0.000 -0.608 0.198 0.727 0.000 -0.117 -0.677 0.745 0.000 -0.289 -0.601 0.691 0.000 -0.646 0.325 0.772 -0.000 -0.332 -0.542 0.697 0.000 -0.675 0.240 
0.705 -0.115 0.157 0.682 0.812 0.000 -0.563 0.153 0.719 -0.000 -0.171 -0.673 0.769 0.000 -0.608 0.198 0.727 -0.000 -0.117 -0.677 0.745 0.000 -0.289 -0.601 0.691 0.000 -0.646 0.325 0.772 0.000 -0.332 -0.542 0.697 0.000 -0.675 0.240 
0.705 -0.115 0.157 0.682 0.812 0.000 -0.563 0.152 0.719 0.000 -0.171 -0.673 0.769 0.000 -0.608 0.198 0.727 0.000 -0.117 -0.677 0.745 0.000 -0.289 -0.601 0.691 -0.000 -0.646 0.325 0.772 -0.000 -0.332 -0.542 0.697 0.000 -0.675 0.240 
0.705 -0.115 0.157 0.682 0.812 0.000 -0.563 0.153 0.719 0.000 -0.171 -0.673 0.769 -0.000 -0.608 0.198 0.727 0.000 -0.117 -0.677 0.745 0.000 -0.289 -0.601 0.691 0.000 -0.646 0.325 0.772 0.000 -0.332 -0.542 0.697 0.000 -0.675 0.240 
0.705 -0.115 0.157 0.682 0.812 0.000 -0.563 0.152 0.719 0.000 -0.171 -0.673 0.768 0.000 -0.608 0.198 0.727 0.000 -0.117 -0.677 0.745 0.000 -0.289 -0.601 0.691 0.000 -0.646 0.325 0.772 0.000 -0.332 -0.541 0.697 0.000 -0.675 0.240 
0.705 -0.115 0.158 0.682 0.813 0.000 -0.563 0.153 0.719 0.000 -0.171 -0.673 0.768 0.000 -0.608 0.198 0.727 -0.000 -0.117 -0.677 0.745 0.000 -0.289 -0.601 0.691 0.000 -0.646 0.325 0.772 0.000 -0.332 -0.541 0.697 0.000 -0.675 0.240 
0.705 -0.116 0.157 0.682 0.812 -0.000 -0.563 0.153 0.719 0.000 -0.171 -0.673 0.769 0.000 -0.608 0.198 0.727 0.000 -0.117 -0.677 0.745 0.000 -0.289 -0.601 0.691 0.000 -0.646 0.325 0.772 -0.000 -0.332 -0.541 0.697 0.000 -0.675 0.240 
0.705 -0.115 0.157 0.682 0.812 0.000 -0.563 0.153 0.719 0.000 -0.171 -0.673 0.769 0.000 -0.608 0.198 0.727 0.000 -0.117 -0.677 0.745 0.000 -0.289 -0.601 0.691 0.000 -0.646 0.325 0.772 0.000 -0.332 -0.542 0.697 0.000 -0.675 0.240 
0.705 -0.115 0.157 0.682 0.812 0.000 -0.563 0.153 0.719 -0.000 -0.171 -0.673 0.769 0.000 -0.608 0.198 0.727 -0.000 -0.117 -0.677 0.745 0.000 -0.289 -0.601 0.691 0.000 -0.646 0.325 0.772 0.000 -0.332 -0.542 0.698 0.000 -0.675 0.239 
0.705 -0.115 0.158 0.682 0.812 -0.000 -0.563 0.153 0.719 0.000 -0.171 -0.673 0.768 0.000 -0.608 0.199 0.727 -0.000 -0.117 -0.677 0.745 0.000 -0.289 -0.601 0.691 -0.000 -0.646 0.325 0.772 0.000 -0.332 -0.542 0.697 0.000 -0.675 0.240 
0.705 -0.115 0.158 0.682 0.812 0.000 -0.563 0.153 0.719 -0.000 -0.171 -0.673 0.768 0.000 -0.608 0.198 0.727 -0.000 -0.116 -0.677 0.745 -0.000 -0.289 -0.601 0.691 0.000 -0.646 0.325 0.772 -0.000 -0.332 -0.541 0.698 0.000 -0.675 0.240 
0.705 -0.115 0.157 0.682 0.812 0.000 -0.563 0.153 0.719 0.000 -0.171 -0.673 0.768 0.000 -0.608 0.198 0.727 0.000 -0.117 -0.677 0.745 -0.000 -0.289 -0.601 0.691 0.000 -0.646 0.325 0.772 0.000 -0.332 -0.542 0.697 0.000 -0.675 0.240 
0.705 -0.115 0.157 0.682 0.812 0.000 -0.563 0.153 0.719 0.000 -0.172 -0.673 0.769 0.000 -0.608 0.198 0.727 0.000 -0.116 -0.677 0.745 0.000 -0.289 -0.601 0.691 0.000 -0.646 0.325 0.772 -0.000 -0.332 -0.542 0.697 0.000 -0.675 0.240 
0.705 -0.115 0.157 0.682 0.812 0.000 -0.563 0.153 0.719 -0.000 -0.172 -0.673 0.768 0.000 -0.608 0.199 0.727 0.000 -0.116 -0.677 0.745 0.000 -0.289 -0.601 0.691 0.000 -0.646 0.325 0.772 -0.000 -0.332 -0.541 0.698 0.000 -0.675 0.240 
0.705 -0.115 0.157 0.682 0.812 0.000 -0.563 0.153 0.719 0.000 -0.171 -0.673 0.769 0.000 -0.608 0.198 0.727 -0.000 -0.117 -0.677 0.745 0.000 -0.288 -0.601 0.691 0.000 -0.646 0.324 0.772 0.000 -0.332 -0.542 0.697 0.000 -0.676 0.240 
0.705 -0.116 0.157 0.682 0.812 0.000 -0.563 0.153 0.719 0.000 -0.172 -0.673 0.769 0.000 -0.608 0.198 0.727 0.000 -0.116 -0.677 0.745 -0.000 -0.288 -0.601 0.691 0.000 -0.646 0.324 0.772 0.000 -0.332 -0.542 0.697 0.000 -0.676 0.240 
0.705 -0.115 0.157 0.682 0.812 0.000 -0.563 0.153 0.719 0.000 -0.172 -0.673 0.768 0.000 -0.608 0.198 0.727 -0.000 -0.116 -0.677 0.745 0.000 -0.289 -0.601 0.691 0.000 -0.646 0.325 0.772 0.000 -0.332 -0.542 0.697 -0.000 -0.675 0.240 
0.705 -0.115 0.157 0.682 0.812 0.000 -0.563 0.153 0.719 0.000 -0.172 -0.673 0.768 0.000 -0.608 0.198 0.727 0.000 -0.116 -0.677 0.745 0.000 -0.289 -0.601 0.691 0.000 -0.646 0.325 0.772 -0.000 -0.332 -0.542 0.697 0.000 -0.675 0.240 
0.705 -0.115 0.157 0.682 0.812 0.000 -0.563 0.153 0.719 0.000 -0.172 -0.673 0.768 0.000 -0.608 0.198 0.727 -0.000 -0.116 -0.677 0.745 -0.000 -0.288 -0.601 0.691 0.000 -0.646 0.325 0.772 0.000 -0.332 -0.542 0.697 0.000 -0.675 0.240 
0.705 -0.115 0.157 0.682 0.812 0.000 -0.563 0.153 0.719 0.000 -0.173 -0.673 0.768 0.000 -0.608 0.198 0.727 0.000 -0.116 -0.677 0.745 0.000 -0.289 -0.601 0.691 0.000 -0.646 0.325 0.772 0.000 -0.332 -0.541 0.697 0.000 -0.675 0.240 
0.705 -0.115 0.157 0.682 0.812 0.000 -0.563 0.153 0.719 0.000 -0.174 -0.673 0.768 0.000 -0.608 0.198 0.727 -0.000 -0.116 -0.677 0.745 -0.000 -0.289 -0.601 0.691 0.000 -0.646 0.325 0.772 0.000 -0.332 -0.541 0.697 0.000 -0.675 0.240 
0.705 -0.115 0.157 0.682 0.812 0.000 -0.563 0.153 0.719 0.000 -0.173 -0.673 0.768 0.000 -0.608 0.198 0.727 -0.000 -0.116 -0.677 0.745 0.000 -0.289 -0.601 0.691 0.000 -0.646 0.325 0.772 0.000 -0.332 -0.542 0.698 0.000 -0.675 0.239 
0.705 -0.115 0.157 0.682 0.812 0.000 -0.563 0.153 0.719 0.000 -0.173 -0.673 0.768 0.000 -0.609 0.198 0.727 0.000 -0.116 -0.677 0.745 -0.000 -0.288 -0.601 0.691 0.000 -0.646 0.325 0.772 0.000 -0.332 -0.542 0.697 -0.000 -0.675 0.240 
0.705 -0.115 0.157 0.682 0.812 -0.000 -0.563 0.153 0.719 0.000 -0.173 -0.673 0.768 -0.000 -0.609 0.199 0.727 -0.000 -0.116 -0.677 0.745 0.000 -0.288 -0.601 0.691 0.000 -0.646 0.325 0.772 0.000 -0.332 -0.542 0.697 0.000 -0.675 0.240 
0.705 -0.115 0.157 0.682 0.812 0.000 -0.563 0.153 0.719 -0.000 -0.173 -0.673 0.768 0.000 -0.608 0.198 0.727 0.000 -0.116 -0.677 0.745 -0.000 -0.288 -0.601 0.691 0.000 -0.646 0.324 0.772 0.000 -0.332 -0.542 0.697 -0.000 -0.675 0.240 
0.705 -0.115 0.157 0.682 0.812 0.000 -0.563 0.153 0.719 0.000 -0.174 -0.673 0.768 0.000 -0.609 0.198 0.727 0.000 -0.116 -0.677 0.745 0.000 -0.288 -0.601 0.691 0.000 -0.646 0.325 0.772 -0.000 -0.332 -0.541 0.697 0.000 -0.675 0.240 
0.705 -0.115 0.157 0.682 0.812 0.000 -0.563 0.153 0.719 0.000 -0.174 -0.673 0.768 0.000 -0.609 0.198 0.727 0.000 -0.116 -0.677 0.745 0.000 -0.288 -0.601 0.691 0.000 -0.646 0.324 0.772 0.000 -0.332 -0.542 0.698 -0.000 -0.676 0.239 
0.705 -0.115 0.157 0.682 0.812 0.000 -0.563 0.153 0.719 0.000 -0.174 -0.673 0.768 0.000 -0.609 0.198 0.727 0.000 -0.116 -0.677 0.745 0.000 -0.289 -0.601 0.691 0.000 -0.646 0.325 0.772 0.000 -0.332 -0.542 0.697 -0.000 -0.675 0.240 
0.705 -0.115 0.157 0.682 0.812 0.000 -0.563 0.153 0.719 0.000 -0.174 -0.673 0.768 0.000 -0.609 0.198 0.727 0.000 -0.116 -0.677 0.745 -0.000 -0.288 -0.601 0.691 0.000 -0.646 0.324 0.772 0.000 -0.332 -0.542 0.697 -0.000 -0.675 0.239 
0.705 -0.115 0.157 0.682 0.812 0.000 -0.563 0.153 0.719 0.000 -0.174 -0.673 0.768 -0.000 -0.609 0.198 0.727 0.000 -0.116 -0.677 0.745 0.000 -0.288 -0.601 0.691 0.000 -0.646 0.324 0.772 -0.000 -0.332 -0.542 0.697 0.000 -0.675 0.240 
0.705 -0.115 0.157 0.682 0.812 -0.000 -0.563 0.153 0.719 0.000 -0.174 -0.673 0.768 0.000 -0.609 0.198 0.727 0.000 -0.116 -0.677 0.745 -0.000 -0.288 -0.601 0.691 -0.000 -0.646 0.324 0.772 0.000 -0.332 -0.542 0.697 0.000 -0.675 0.239 
0.705 -0.115 0.157 0.682 0.812 0.000 -0.563 0.153 0.719 0.000 -0.174 -0.673 0.768 0.000 -0.609 0.198 0.727 0.000 -0.116 -0.677 0.746 0.000 -0.288 -0.601 0.691 -0.000 -0.646 0.324 0.772 0.000 -0.332 -0.543 0.697 0.000 -0.676 0.239 
0.705 -0.115 0.157 0.682 0.812 0.000 -0.563 0.153 0.719 0.000 -0.174 -0.673 0.768 0.000 -0.609 0.198 0.727 0.000 -0.116 -0.677 0.745 0.000 -0.288 -0.601 0.691 -0.000 -0.646 0.324 0.772 -0.000 -0.332 -0.542 0.697 0.000 -0.675 0.239 
0.705 -0.115 0.157 0.682 0.812 0.000 -0.563 0.153 0.719 0.000 -0.174 -0.673 0.768 0.000 -0.609 0.198 0.727 0.000 -0.116 -0.677 0.745 0.000 -0.288 -0.601 0.691 0.000 -0.646 0.324 0.772 0.000 -0.332 -0.542 0.698 0.000 -0.676 0.239 
0.705 -0.115 0.157 0.682 0.812 -0.000 -0.563 0.153 0.719 0.000 -0.174 -0.673 0.768 -0.000 -0.609 0.198 0.727 0.000 -0.115 -0.677 0.745 -0.000 -0.288 -0.601 0.691 0.000 -0.646 0.324 0.772 0.000 -0.332 -0.542 0.697 -0.000 -0.675 0.239 
0.705 -0.115 0.157 0.682 0.812 0.000 -0.563 0.153 0.719 0.000 -0.175 -0.673 0.768 0.000 -0.609 0.198 0.727 0.000 -0.115 -0.677 0.745 -0.000 -0.288 -0.601 0.691 0.000 -0.646 0.324 0.772 0.000 -0.332 -0.542 0.697 0.000 -0.675 0.239 
0.705 -0.115 0.157 0.682 0.812 -0.000 -0.563 0.153 0.719 0.000 -0.174 -0.673 0.768 0.000 -0.609 0.198 0.727 0.000 -0.115 -0.677 0.745 0.000 -0.288 -0.601 0.691 0.000 -0.646 0.324 0.772 0.000 -0.332 -0.542 0.697 0.000 -0.675 0.239 
0.705 -0.115 0.157 0.682 0.812 0.000 -0.563 0.153 0.719 -0.000 -0.174 -0.673 0.768 0.000 -0.609 0.198 0.727 0.000 -0.115 -0.677 0.745 0.000 -0.288 -0.601 0.691 0.000 -0.646 0.324 0.772 0.000 -0.332 -0.542 0.698 0.000 -0.676 0.239 
0.705 -0.115 0.157 0.682 0.812 0.000 -0.563 0.153 0.719 0.000 -0.174 -0.673 0.768 0.000 -0.609 0.198 0.727 0.000 -0.115 -0.677 0.745 0.000 -0.288 -0.601 0.691 0.000 -0.646 0.324 0.772 0.000 -0.332 -0.542 0.697 0.000 -0.676 0.239 
0.705 -0.115 0.157 0.682 0.812 0.000 -0.563 0.153 0.719 -0.000 -0.174 -0.673 0.768 0.000 -0.609 0.198 0.727 0.000 -0.115 -0.677 0.745 0.000 -0.288 -0.601 0.691 0.000 -0.646 0.324 0.772 0.000 -0.332 -0.542 0.697 0.000 -0.675 0.239 
0.705 -0.115 0.157 0.682 0.812 0.000 -0.563 0.153 0.719 0.000 -0.174 -0.673 0.768 0.000 -0.609 0.198 0.727 0.000 -0.115 -0.677 0.745 -0.000 -0.288 -0.601 0.691 0.000 -0.646 0.324 0.772 0.000 -0.332 -0.542 0.698 0.000 -0.676 0.239 
0.705 -0.115 0.157 0.682 0.812 -0.000 -0.563 0.153 0.719 0.000 -0.174 -0.673 0.768 0.000 -0.609 0.198 0.727 0.000 -0.115 -0.677 0.745 0.000 -0.288 -0.601 0.691 0.000 -0.646 0.324 0.772 0.000 -0.332 -0.542 0.697 0.000 -0.675 0.239 
0.705 -0.115 0.157 0.682 0.812 0.000 -0.563 0.153 0.719 0.000 -0.173 -0.673 0.768 0.000 -0.609 0.198 0.727 0.000 -0.115 -0.677 0.745 0.000 -0.288 -0.601 0.691 -0.000 -0.646 0.324 0.772 -0.000 -0.332 -0.542 0.697 0.000 -0.676 0.239 
0.705 -0.115 0.157 0.682 0.812 0.000 -0.563 0.153 0.719 0.000 -0.174 -0.673 0.768 0.000 -0.609 0.198 0.727 0.000 -0.115 -0.677 0.745 -0.000 -0.288 -0.601 0.691 0.000 -0.646 0.324 0.772 0.000 -0.332 -0.542 0.697 0.000 -0.676 0.239 
0.705 -0.115 0.157 0.682 0.812 0.000 -0.563 0.153 0.719 -0.000 -0.174 -0.673 0.768 0.000 -0.609 0.198 0.727 0.000 -0.115 -0.677 0.745 -0.000 -0.288 -0.601 0.691 -0.000 -0.646 0.324 0.772 0.000 -0.332 -0.542 0.697 0.000 -0.675 0.239 
0.705 -0.115 0.157 0.682 0.812 0.000 -0.563 0.154 0.719 0.000 -0.174 -0.673 0.768 0.000 -0.609 0.198 0.727 0.000 -0.115 -0.677 0.745 0.000 -0.288 -0.601 0.691 0.000 -0.646 0.324 0.772 0.000 -0.332 -0.542 0.697 0.000 -0.676 0.239 
0.705 -0.115 0.157 0.682 0.812 0.000 -0.563 0.153 0.719 0.000 -0.174 -0.673 0.768 0.000 -0.609 0.198 0.727 0.000 -0.115 -0.677 0.745 -0.000 -0.288 -0.601 0.691 0.000 -0.646 0.324 0.772 0.000 -0.332 -0.542 0.697 0.000 -0.675 0.239 
0.705 -0.115 0.157 0.682 0.812 0.000 -0.563 0.153 0.719 -0.000 -0.174 -0.673 0.768 0.000 -0.609 0.198 0.727 0.000 -0.115 -0.677 0.745 0.000 -0.288 -0.601 0.691 0.000 -0.646 0.324 0.772 0.000 -0.332 -0.542 0.698 0.000 -0.676 0.238 
0.705 -0.115 0.157 0.682 0.812 0.000 -0.563 0.154 0.719 0.000 -0.175 -0.673 0.768 0.000 -0.609 0.198 0.727 -0.000 -0.115 -0.677 0.745 0.000 -0.288 -0.601 0.691 0.000 -0.646 0.324 0.772 0.000 -0.332 -0.542 0.697 -0.000 -0.675 0.239 
0.705 -0.115 0.157 0.682 0.812 0.000 -0.563 0.154 0.719 0.000 -0.175 -0.673 0.768 0.000 -0.609 0.198 0.727 0.000 -0.115 -0.677 0.745 -0.000 -0.288 -0.601 0.691 0.000 -0.646 0.325 0.772 0.000 -0.332 -0.542 0.697 -0.000 -0.675 0.239 
0.705 -0.115 0.157 0.682 0.812 0.000 -0.563 0.154 0.719 0.000 -0.175 -0.673 0.768 0.000 -0.609 0.198 0.727 0.000 -0.114 -0.677 0.745 0.000 -0.288 -0.601 0.691 0.000 -0.646 0.324 0.772 -0.000 -0.332 -0.542 0.697 0.000 -0.676 0.239 
0.705 -0.115 0.157 0.682 0.812 -0.000 -0.563 0.154 0.719 -0.000 -0.173 -0.673 0.768 0.000 -0.609 0.198 0.727 0.000 -0.114 -0.677 0.745 0.000 -0.288 -0.601 0.691 0.000 -0.646 0.324 0.772 0.000 -0.332 -0.542 0.697 -0.000 -0.675 0.239 
0.705 -0.115 0.157 0.682 0.812 0.000 -0.563 0.154 0.719 0.000 -0.174 -0.673 0.768 0.000 -0.609 0.198 0.727 0.000 -0.114 -0.677 0.745 0.000 -0.288 -0.601 0.691 -0.000 -0.646 0.325 0.772 -0.000 -0.332 -0.541 0.697 0.000 -0.675 0.240 
0.705 -0.115 0.157 0.682 0.812 -0.000 -0.563 0.154 0.719 0.000 -0.175 -0.673 0.768 0.000 -0.609 0.198 0.727 0.000 -0.114 -0.677 0.745 0.000 -0.288 -0.601 0.691 -0.000 -0.646 0.325 0.772 0.000 -0.332 -0.542 0.697 0.000 -0.675 0.239 
0.705 -0.115 0.157 0.682 0.812 -0.000 -0.563 0.154 0.719 0.000 -0.175 -0.673 0.768 0.000 -0.609 0.198 0.727 -0.000 -0.114 -0.677 0.745 -0.000 -0.288 -0.601 0.691 0.000 -0.646 0.325 0.772 0.000 -0.332 -0.542 0.697 0.000 -0.675 0.239 
0.705 -0.115 0.157 0.682 0.812 0.000 -0.563 0.154 0.719 0.000 -0.175 -0.673 0.768 0.000 -0.609 0.198 0.727 0.000 -0.114 -0.677 0.745 0.000 -0.288 -0.601 0.691 0.000 -0.646 0.325 0.772 0.000 -0.332 -0.542 0.698 0.000 -0.675 0.239 
0.705 -0.115 0.157 0.682 0.812 0.000 -0.563 0.154 0.719 0.000 -0.174 -0.673 0.768 0.000 -0.609 0.198 0.727 0.000 -0.114 -0.677 0.746 0.000 -0.288 -0.601 0.691 -0.000 -0.646 0.324 0.772 0.000 -0.332 -0.542 0.698 0.000 -0.676 0.239 
0.705 -0.115 0.157 0.682 0.812 -0.000 -0.563 0.154 0.719 0.000 -0.174 -0.673 0.768 -0.000 -0.609 0.198 0.727 0.000 -0.114 -0.677 0.745 0.000 -0.288 -0.601 0.691 0.000 -0.646 0.324 0.772 0.000 -0.332 -0.542 0.697 0.000 -0.676 0.240 
0.705 -0.115 0.157 0.682 0.812 0.000 -0.563 0.154 0.719 0.000 -0.175 -0.673 0.768 0.000 -0.609 0.198 0.727 -0.000 -0.114 -0.677 0.745 0.000 -0.288 -0.601 0.691 0.000 -0.646 0.325 0.772 0.000 -0.332 -0.542 0.698 -0.000 -0.676 0.239 
0.705 -0.115 0.157 0.682 0.812 -0.000 -0.563 0.154 0.719 0.000 -0.175 -0.673 0.768 0.000 -0.609 0.198 0.727 0.000 -0.114 -0.677 0.745 0.000 -0.288 -0.601 0.691 -0.000 -0.646 0.325 0.772 -0.000 -0.332 -0.542 0.697 -0.000 -0.676 0.239 
0.705 -0.115 0.157 0.682 0.812 -0.000 -0.563 0.154 0.719 0.000 -0.175 -0.673 0.768 0.000 -0.609 0.198 0.727 0.000 -0.115 -0.677 0.745 -0.000 -0.288 -0.601 0.691 0.000 -0.646 0.324 0.772 0.000 -0.332 -0.542 0.697 0.000 -0.676 0.239 
0.705 -0.115 0.157 0.682 0.812 0.000 -0.563 0.154 0.719 0.000 -0.175 -0.673 0.768 0.000 -0.609 0.198 0.727 0.000 -0.114 -0.677 0.745 0.000 -0.288 -0.601 0.691 0.000 -0.646 0.324 0.772 0.000 -0.332 -0.542 0.697 -0.000 -0.675 0.239 
0.705 -0.115 0.157 0.682 0.812 0.000 -0.563 0.154 0.719 0.000 -0.175 -0.673 0.768 0.000 -0.609 0.198 0.727 0.000 -0.115 -0.677 0.745 0.000 -0.288 -0.601 0.691 -0.000 -0.646 0.325 0.772 0.000 -0.332 -0.542 0.697 0.000 -0.675 0.239 
0.705 -0.115 0.157 0.682 0.812 0.000 -0.563 0.154 0.719 -0.000 -0.175 -0.673 0.768 0.000 -0.609 0.198 0.727 0.000 -0.114 -0.677 0.745 -0.000 -0.288 -0.601 0.691 0.000 -0.646 0.325 0.772 0.000 -0.332 -0.542 0.697 -0.000 -0.676 0.239 
0.705 -0.115 0.157 0.682 0.812 0.000 -0.563 0.154 0.719 0.000 -0.175 -0.673 0.768 0.000 -0.609 0.198 0.727 -0.000 -0.115 -0.677 0.746 0.000 -0.288 -0.601 0.691 0.000 -0.646 0.324 0.772 0.000 -0.332 -0.543 0.697 0.000 -0.676 0.239 
0.705 -0.115 0.157 0.682 0.812 0.000 -0.563 0.153 0.719 0.000 -0.176 -0.672 0.768 0.000 -0.609 0.198 0.727 0.000 -0.115 -0.677 0.745 0.000 -0.288 -0.601 0.691 0.000 -0.646 0.324 0.772 0.000 -0.332 -0.542 0.697 0.000 -0.676 0.239 
0.705 -0.115 0.157 0.682 0.812 0.000 -0.563 0.154 0.719 0.000 -0.176 -0.672 0.768 0.000 -0.609 0.198 0.727 0.000 -0.115 -0.677 0.745 0.000 -0.288 -0.601 0.691 0.000 -0.646 0.324 0.772 0.000 -0.332 -0.542 0.698 0.000 -0.676 0.239 
0.705 -0.115 0.157 0.682 0.812 -0.000 -0.563 0.154 0.719 0.000 -0.176 -0.672 0.768 0.000 -0.609 0.198 0.727 0.000 -0.115 -0.677 0.745 -0.000 -0.288 -0.601 0.691 0.000 -0.646 0.324 0.772 -0.000 -0.332 -0.542 0.697 0.000 -0.676 0.239 
0.705 -0.115 0.157 0.682 0.812 0.000 -0.563 0.153 0.719 0.000 -0.176 -0.672 0.768 -0.000 -0.610 0.198 0.727 0.000 -0.115 -0.677 0.745 0.000 -0.288 -0.601 0.691 0.000 -0.646 0.324 0.772 -0.000 -0.332 -0.542 0.697 0.000 -0.676 0.239 
0.705 -0.115 0.157 0.682 0.812 0.000 -0.563 0.154 0.719 0.000 -0.176 -0.672 0.768 0.000 -0.610 0.198 0.727 -0.000 -0.115 -0.677 0.745 -0.000 -0.288 -0.601 0.691 0.000 -0.646 0.324 0.772 -0.000 -0.332 -0.541 0.698 0.000 -0.675 0.239 
0.705 -0.115 0.157 0.682 0.812 0.000 -0.563 0.153 0.719 0.000 -0.177 -0.672 0.768 0.000 -0.610 0.198 0.727 0.000 -0.115 -0.677 0.745 0.000 -0.288 -0.601 0.691 0.000 -0.646 0.325 0.773 0.000 -0.332 -0.541 0.698 0.000 -0.675 0.239 
0.705 -0.115 0.157 0.682 0.812 0.000 -0.563 0.154 0.719 0.000 -0.177 -0.672 0.768 0.000 -0.610 0.198 0.727 0.000 -0.115 -0.677 0.745 0.000 -0.288 -0.601 0.691 0.000 -0.646 0.324 0.772 0.000 -0.332 -0.541 0.697 0.000 -0.675 0.239 
0.705 -0.115 0.157 0.682 0.812 0.000 -0.563 0.153 0.719 0.000 -0.175 -0.672 0.768 0.000 -0.610 0.197 0.727 0.000 -0.115 -0.677 0.746 0.000 -0.288 -0.601 0.691 0.000 -0.646 0.324 0.772 0.000 -0.332 -0.542 0.698 0.000 -0.676 0.238 
0.705 -0.115 0.157 0.682 0.812 0.000 -0.563 0.154 0.719 0.000 -0.176 -0.672 0.768 -0.000 -0.610 0.197 0.727 -0.000 -0.114 -0.677 0.745 0.000 -0.288 -0.601 0.691 0.000 -0.646 0.325 0.773 -0.000 -0.332 -0.541 0.697 -0.000 -0.675 0.239 
0.705 -0.115 0.157 0.682 0.812 0.000 -0.563 0.154 0.719 0.000 -0.176 -0.672 0.768 0.000 -0.610 0.197 0.727 -0.000 -0.115 -0.677 0.745 0.000 -0.288 -0.601 0.691 0.000 -0.646 0.324 0.773 0.000 -0.332 -0.541 0.697 0.000 -0.675 0.239 
0.705 -0.115 0.157 0.682 0.812 0.000 -0.563 0.154 0.719 0.000 -0.176 -0.672 0.768 0.000 -0.610 0.197 0.727 0.000 -0.115 -0.677 0.745 0.000 -0.288 -0.601 0.691 0.000 -0.646 0.324 0.773 0.000 -0.332 -0.541 0.697 0.000 -0.675 0.239 
0.705 -0.115 0.157 0.682 0.812 0.000 -0.563 0.153 0.719 0.000 -0.176 -0.672 0.768 0.000 -0.610 0.197 0.727 0.000 -0.115 -0.677 0.745 0.000 -0.288 -0.601 0.691 0.000 -0.646 0.324 0.773 0.000 -0.332 -0.541 0.697 0.000 -0.675 0.239 
0.705 -0.115 0.157 0.682 0.812 0.000 -0.563 0.154 0.719 0.000 -0.176 -0.672 0.767 0.000 -0.610 0.197 0.727 0.000 -0.115 -0.677 0.745 0.000 -0.288 -0.601 0.691 0.000 -0.646 0.325 0.772 0.000 -0.332 -0.541 0.698 0.000 -0.675 0.239 
0.705 -0.115 0.157 0.682 0.812 0.000 -0.563 0.154 0.719 0.000 -0.177 -0.672 0.768 0.000 -0.610 0.197 0.727 0.000 -0.114 -0.677 0.745 0.000 -0.288 -0.601 0.691 0.000 -0.646 0.325 0.773 -0.000 -0.332 -0.541 0.697 0.000 -0.675 0.240 
0.705 -0.115 0.157 0.682 0.812 0.000 -0.563 0.153 0.719 0.000 -0.176 -0.672 0.768 0.000 -0.610 0.197 0.727 0.000 -0.114 -0.677 0.745 -0.000 -0.288 -0.601 0.691 -0.000 -0.646 0.325 0.773 0.000 -0.332 -0.541 0.698 0.000 -0.675 0.240 
0.705 -0.115 0.157 0.682 0.812 0.000 -0.564 0.153 0.719 0.000 -0.176 -0.672 0.768 0.000 -0.610 0.196 0.727 0.000 -0.114 -0.677 0.746 0.000 -0.288 -0.601 0.691 0.000 -0.646 0.324 0.772 0.000 -0.332 -0.542 0.697 0.000 -0.676 0.239 
0.705 -0.115 0.157 0.682 0.812 0.000 -0.563 0.154 0.719 0.000 -0.177 -0.672 0.768 0.000 -0.610 0.196 0.727 0.000 -0.114 -0.677 0.745 0.000 -0.288 -0.601 0.691 0.000 -0.646 0.325 0.773 0.000 -0.332 -0.541 0.697 0.000 -0.676 0.239 
0.705 -0.115 0.157 0.682 0.812 0.000 -0.563 0.154 0.719 0.000 -0.177 -0.672 0.768 0.000 -0.610 0.196 0.727 0.000 -0.114 -0.677 0.745 0.000 -0.288 -0.601 0.691 0.000 -0.646 0.325 0.772 0.000 -0.332 -0.541 0.698 0.000 -0.675 0.240 
0.705 -0.115 0.157 0.682 0.812 0.000 -0.564 0.154 0.719 -0.000 -0.176 -0.672 0.767 0.000 -0.611 0.195 0.727 0.000 -0.113 -0.677 0.746 0.000 -0.288 -0.601 0.691 0.000 -0.646 0.324 0.772 -0.000 -0.332 -0.542 0.697 -0.000 -0.675 0.240 
0.705 -0.115 0.158 0.681 0.812 0.000 -0.563 0.154 0.719 0.000 -0.177 -0.672 0.767 0.000 -0.611 0.195 0.727 0.000 -0.112 -0.677 0.745 0.000 -0.289 -0.601 0.691 0.000 -0.646 0.325 0.773 0.000 -0.332 -0.541 0.697 0.000 -0.675 0.240 
0.705 -0.115 0.157 0.682 0.812 0.000 -0.564 0.153 0.719 -0.000 -0.177 -0.672 0.768 0.000 -0.610 0.196 0.727 0.000 -0.113 -0.677 0.745 0.000 -0.288 -0.601 0.691 -0.000 -0.646 0.325 0.773 0.000 -0.332 -0.541 0.697 0.000 -0.675 0.240 
0.705 -0.115 0.157 0.682 0.812 -0.000 -0.564 0.153 0.719 0.000 -0.177 -0.672 0.768 0.000 -0.610 0.196 0.727 0.000 -0.113 -0.677 0.745 0.000 -0.288 -0.601 0.691 0.000 -0.646 0.325 0.772 0.000 -0.332 -0.541 0.697 0.000 -0.675 0.240 
0.705 -0.115 0.157 0.682 0.812 -0.000 -0.564 0.153 0.719 -0.000 -0.176 -0.672 0.768 0.000 -0.610 0.195 0.727 0.000 -0.113 -0.677 0.746 0.000 -0.288 -0.601 0.691 0.000 -0.646 0.324 0.772 0.000 -0.332 -0.542 0.697 0.000 -0.675 0.240 
0.705 -0.115 0.157 0.682 0.812 -0.000 -0.564 0.153 0.719 0.000 -0.176 -0.672 0.768 0.000 -0.610 0.195 0.727 0.000 -0.113 -0.677 0.746 -0.000 -0.288 -0.601 0.691 0.000 -0.646 0.324 0.772 0.000 -0.332 -0.542 0.697 0.000 -0.676 0.239 
0.705 -0.115 0.157 0.682 0.812 -0.000 -0.564 0.153 0.719 -0.000 -0.176 -0.672 0.768 -0.000 -0.610 0.195 0.727 0.000 -0.113 -0.677 0.746 0.000 -0.288 -0.601 0.691 -0.000 -0.646 0.324 0.772 -0.000 -0.332 -0.542 0.697 -0.000 -0.676 0.240 
0.705 -0.115 0.157 0.682 0.812 0.000 -0.564 0.153 0.719 0.000 -0.176 -0.672 0.768 0.000 -0.610 0.195 0.727 0.000 -0.112 -0.677 0.746 0.000 -0.288 -0.601 0.691 0.000 -0.646 0.324 0.772 -0.000 -0.332 -0.542 0.697 0.000 -0.675 0.240 
0.705 -0.115 0.157 0.682 0.812 0.000 -0.564 0.153 0.719 0.000 -0.177 -0.672 0.768 -0.000 -0.610 0.196 0.727 -0.000 -0.112 -0.677 0.745 0.000 -0.288 -0.601 0.691 0.000 -0.646 0.325 0.773 0.000 -0.332 -0.541 0.697 0.000 -0.675 0.240 
0.705 -0.115 0.157 0.682 0.812 0.000 -0.564 0.153 0.719 0.000 -0.176 -0.672 0.768 0.000 -0.610 0.195 0.727 0.000 -0.112 -0.677 0.746 0.000 -0.288 -0.601 0.691 0.000 -0.646 0.324 0.772 -0.000 -0.332 -0.542 0.697 0.000 -0.675 0.240 
0.705 -0.115 0.157 0.682 0.812 -0.000 -0.563 0.153 0.719 0.000 -0.177 -0.672 0.768 0.000 -0.610 0.196 0.727 0.000 -0.112 -0.677 0.745 -0.000 -0.289 -0.601 0.691 0.000 -0.646 0.325 0.772 -0.000 -0.332 -0.541 0.697 0.000 -0.675 0.240 
0.705 -0.115 0.157 0.682 0.812 -0.000 -0.563 0.154 0.719 0.000 -0.177 -0.672 0.768 0.000 -0.610 0.196 0.727 0.000 -0.112 -0.677 0.746 0.000 -0.289 -0.601 0.691 0.000 -0.646 0.325 0.772 0.000 -0.332 -0.541 0.697 0.000 -0.675 0.240 
0.705 -0.115 0.157 0.682 0.812 0.000 -0.564 0.153 0.719 -0.000 -0.177 -0.672 0.768 0.000 -0.610 0.195 0.727 0.000 -0.111 -0.678 0.745 -0.000 -0.289 -0.601 0.691 0.000 -0.646 0.325 0.773 0.000 -0.332 -0.541 0.698 0.000 -0.675 0.239 
0.705 -0.115 0.157 0.682 0.812 0.000 -0.563 0.154 0.719 0.000 -0.177 -0.672 0.768 -0.000 -0.610 0.195 0.727 0.000 -0.111 -0.678 0.746 0.000 -0.289 -0.601 0.691 0.000 -0.646 0.325 0.773 0.000 -0.332 -0.541 0.697 0.000 -0.675 0.240 
0.705 -0.115 0.157 0.682 0.812 0.000 -0.564 0.154 0.719 0.000 -0.176 -0.672 0.768 0.000 -0.610 0.195 0.727 0.000 -0.111 -0.678 0.746 -0.000 -0.288 -0.601 0.691 -0.000 -0.646 0.324 0.772 -0.000 -0.332 -0.542 0.697 0.000 -0.675 0.240 
0.705 -0.115 0.158 0.682 0.812 0.000 -0.563 0.154 0.719 0.000 -0.177 -0.672 0.768 0.000 -0.610 0.196 0.727 0.000 -0.111 -0.678 0.745 0.000 -0.289 -0.601 0.691 -0.000 -0.646 0.325 0.773 0.000 -0.332 -0.541 0.697 0.000 -0.675 0.240 
0.705 -0.115 0.158 0.682 0.812 0.000 -0.563 0.154 0.719 0.000 -0.177 -0.672 0.768 0.000 -0.610 0.196 0.727 0.000 -0.111 -0.678 0.746 -0.000 -0.289 -0.601 0.691 0.000 -0.646 0.325 0.773 0.000 -0.332 -0.541 0.697 0.000 -0.675 0.240 
0.705 -0.115 0.158 0.682 0.812 0.000 -0.563 0.154 0.719 0.000 -0.177 -0.672 0.768 0.000 -0.610 0.196 0.727 -0.000 -0.111 -0.678 0.745 0.000 -0.289 -0.601 0.691 0.000 -0.646 0.325 0.773 -0.000 -0.332 -0.541 0.698 -0.000 -0.675 0.239 
0.705 -0.116 0.157 0.682 0.812 0.000 -0.564 0.154 0.719 0.000 -0.176 -0.672 0.768 0.000 -0.609 0.195 0.727 -0.000 -0.111 -0.678 0.746 0.000 -0.288 -0.601 0.691 -0.000 -0.646 0.324 0.772 0.000 -0.332 -0.542 0.697 0.000 -0.675 0.240 
0.705 -0.115 0.158 0.682 0.812 0.000 -0.563 0.154 0.719 0.000 -0.177 -0.672 0.768 0.000 -0.610 0.196 0.727 0.000 -0.110 -0.678 0.745 -0.000 -0.289 -0.601 0.691 -0.000 -0.646 0.325 0.773 0.000 -0.332 -0.541 0.697 0.000 -0.675 0.240 
0.705 -0.116 0.157 0.682 0.812 0.000 -0.564 0.154 0.719 0.000 -0.176 -0.672 0.768 0.000 -0.609 0.195 0.727 0.000 -0.110 -0.678 0.746 0.000 -0.288 -0.601 0.691 0.000 -0.646 0.324 0.772 0.000 -0.332 -0.542 0.697 0.000 -0.675 0.240 
0.705 -0.116 0.158 0.682 0.812 0.000 -0.563 0.154 0.719 0.000 -0.177 -0.672 0.768 -0.000 -0.609 0.196 0.727 0.000 -0.110 -0.678 0.745 0.000 -0.289 -0.601 0.691 0.000 -0.646 0.325 0.773 0.000 -0.332 -0.541 0.698 -0.000 -0.675 0.239 
0.705 -0.116 0.157 0.682 0.812 0.000 -0.563 0.154 0.719 0.000 -0.177 -0.672 0.768 0.000 -0.609 0.196 0.727 0.000 -0.110 -0.678 0.745 0.000 -0.289 -0.601 0.691 0.000 -0.646 0.325 0.773 0.000 -0.332 -0.541 0.697 0.000 -0.675 0.240 
0.705 -0.116 0.158 0.682 0.812 0.000 -0.563 0.154 0.719 0.000 -0.177 -0.672 0.768 0.000 -0.609 0.196 0.727 0.000 -0.110 -0.678 0.745 -0.000 -0.289 -0.601 0.691 0.000 -0.646 0.325 0.773 -0.000 -0.332 -0.541 0.697 -0.000 -0.675 0.240 
0.705 -0.116 0.157 0.682 0.812 0.000 -0.564 0.154 0.719 0.000 -0.176 -0.672 0.768 -0.000 -0.609 0.196 0.727 0.000 -0.110 -0.678 0.746 0.000 -0.289 -0.601 0.691 0.000 -0.646 0.325 0.772 0.000 -0.332 -0.542 0.697 0.000 -0.675 0.240 
0.705 -0.116 0.157 0.682 0.812 0.000 -0.564 0.154 0.719 0.000 -0.176 -0.672 0.768 0.000 -0.609 0.196 0.727 0.000 -0.110 -0.678 0.746 0.000 -0.288 -0.601 0.691 0.000 -0.646 0.325 0.772 0.000 -0.332 -0.542 0.697 0.000 -0.675 0.240 
0.705 -0.116 0.157 0.682 0.812 0.000 -0.564 0.154 0.719 -0.000 -0.176 -0.672 0.768 0.000 -0.609 0.196 0.727 -0.000 -0.111 -0.678 0.746 0.000 -0.289 -0.601 0.691 0.000 -0.646 0.325 0.772 0.000 -0.332 -0.542 0.697 0.000 -0.675 0.240 
0.705 -0.116 0.158 0.682 0.812 0.000 -0.563 0.154 0.719 0.000 -0.177 -0.672 0.768 0.000 -0.609 0.197 0.727 0.000 -0.111 -0.678 0.745 0.000 -0.289 -0.601 0.691 0.000 -0.646 0.325 0.773 0.000 -0.332 -0.541 0.698 0.000 -0.675 0.240 
0.705 -0.116 0.158 0.682 0.812 0.000 -0.563 0.154 0.719 0.000 -0.177 -0.672 0.767 0.000 -0.611 0.196 0.727 -0.000 -0.110 -0.677 0.746 0.000 -0.289 -0.601 0.691 0.000 -0.646 0.325 0.773 -0.000 -0.332 -0.541 0.697 0.000 -0.675 0.240 
0.705 -0.116 0.157 0.682 0.812 0.000 -0.564 0.154 0.719 0.000 -0.177 -0.672 0.768 0.000 -0.609 0.196 0.727 0.000 -0.111 -0.678 0.746 0.000 -0.289 -0.601 0.691 0.000 -0.646 0.325 0.772 0.000 -0.332 -0.542 0.697 0.000 -0.675 0.240 
0.705 -0.116 0.158 0.682 0.812 0.000 -0.563 0.154 0.719 0.000 -0.177 -0.672 0.768 0.000 -0.609 0.197 0.727 0.000 -0.111 -0.678 0.745 0.000 -0.289 -0.601 0.691 0.000 -0.645 0.325 0.773 -0.000 -0.332 -0.541 0.697 0.000 -0.675 0.240 
0.705 -0.116 0.158 0.682 0.812 0.000 -0.563 0.154 0.719 0.000 -0.177 -0.672 0.768 0.000 -0.610 0.196 0.727 0.000 -0.111 -0.678 0.745 -0.000 -0.289 -0.601 0.691 0.000 -0.646 0.325 0.773 0.000 -0.332 -0.541 0.698 0.000 -0.675 0.240 
0.705 -0.116 0.158 0.682 0.812 0.000 -0.564 0.154 0.719 -0.000 -0.177 -0.672 0.768 0.000 -0.609 0.197 0.727 0.000 -0.111 -0.678 0.745 0.000 -0.289 -0.601 0.691 0.000 -0.646 0.325 0.773 -0.000 -0.332 -0.541 0.697 0.000 -0.675 0.240 
0.705 -0.116 0.157 0.682 0.812 0.000 -0.564 0.154 0.719 0.000 -0.177 -0.672 0.768 0.000 -0.609 0.196 0.727 0.000 -0.111 -0.678 0.746 0.000 -0.289 -0.601 0.691 0.000 -0.646 0.325 0.772 -0.000 -0.332 -0.542 0.697 0.000 -0.675 0.240 
0.705 -0.116 0.158 0.682 0.812 0.000 -0.563 0.154 0.719 0.000 -0.177 -0.672 0.768 0.000 -0.610 0.197 0.727 0.000 -0.111 -0.678 0.746 0.000 -0.289 -0.601 0.691 0.000 -0.646 0.325 0.773 0.000 -0.332 -0.541 0.697 0.000 -0.675 0.240 
0.705 -0.116 0.158 0.682 0.812 0.000 -0.563 0.154 0.719 0.000 -0.177 -0.672 0.768 0.000 -0.610 0.197 0.727 0.000 -0.111 -0.678 0.745 0.000 -0.289 -0.601 0.691 0.000 -0.646 0.325 0.773 0.000 -0.332 -0.541 0.697 0.000 -0.675 0.240 
0.705 -0.115 0.157 0.682 0.812 0.000 -0.564 0.154 0.719 0.000 -0.176 -0.672 0.768 0.000 -0.610 0.196 0.727 -0.000 -0.111 -0.678 0.746 -0.000 -0.288 -0.601 0.691 0.000 -0.646 0.325 0.772 0.000 -0.332 -0.542 0.697 0.000 -0.675 0.240 
0.705 -0.116 0.158 0.682 0.812 0.000 -0.564 0.154 0.719 0.000 -0.177 -0.672 0.768 0.000 -0.610 0.197 0.727 0.000 -0.111 -0.678 0.746 0.000 -0.289 -0.601 0.691 0.000 -0.646 0.325 0.773 0.000 -0.332 -0.541 0.697 0.000 -0.675 0.240 
0.705 -0.116 0.158 0.681 0.812 0.000 -0.563 0.154 0.719 0.000 -0.177 -0.672 0.767 0.000 -0.611 0.196 0.728 0.000 -0.110 -0.677 0.746 0.000 -0.289 -0.601 0.691 0.000 -0.645 0.326 0.773 0.000 -0.332 -0.541 0.697 0.000 -0.675 0.240 
0.705 -0.115 0.158 0.682 0.812 0.000 -0.564 0.154 0.719 0.000 -0.177 -0.672 0.768 0.000 -0.610 0.196 0.727 0.000 -0.111 -0.678 0.746 0.000 -0.289 -0.601 0.691 0.000 -0.646 0.325 0.773 0.000 -0.332 -0.541 0.698 -0.000 -0.675 0.239 
0.705 -0.115 0.157 0.682 0.812 0.000 -0.564 0.154 0.719 0.000 -0.177 -0.672 0.768 0.000 -0.610 0.196 0.727 0.000 -0.111 -0.677 0.745 -0.000 -0.289 -0.601 0.691 0.000 -0.646 0.325 0.773 0.000 -0.332 -0.541 0.697 0.000 -0.675 0.240 
0.705 -0.115 0.157 0.682 0.812 0.000 -0.564 0.154 0.719 0.000 -0.177 -0.672 0.768 0.000 -0.610 0.196 0.727 0.000 -0.111 -0.677 0.745 -0.000 -0.289 -0.601 0.691 -0.000 -0.646 0.325 0.773 0.000 -0.332 -0.541 0.697 0.000 -0.675 0.240 
0.705 -0.115 0.158 0.682 0.812 -0.000 -0.564 0.154 0.719 0.000 -0.177 -0.672 0.768 0.000 -0.610 0.196 0.727 -0.000 -0.112 -0.677 0.746 -0.000 -0.289 -0.601 0.691 0.000 -0.646 0.325 0.773 0.000 -0.332 -0.541 0.697 0.000 -0.675 0.240 
0.705 -0.116 0.157 0.682 0.812 0.000 -0.564 0.154 0.719 -0.000 -0.177 -0.672 0.767 0.000 -0.611 0.195 0.728 0.000 -0.111 -0.677 0.746 -0.000 -0.289 -0.601 0.691 0.000 -0.646 0.325 0.772 0.000 -0.332 -0.542 0.697 0.000 -0.675 0.240 
0.705 -0.115 0.157 0.682 0.811 0.000 -0.564 0.154 0.719 0.000 -0.177 -0.672 0.768 0.000 -0.610 0.196 0.727 0.000 -0.111 -0.677 0.746 0.000 -0.288 -0.601 0.691 0.000 -0.646 0.324 0.772 0.000 -0.332 -0.542 0.697 -0.000 -0.675 0.240 
0.705 -0.115 0.157 0.682 0.812 0.000 -0.564 0.154 0.719 0.000 -0.177 -0.672 0.768 0.000 -0.610 0.196 0.727 0.000 -0.112 -0.677 0.746 0.000 -0.289 -0.601 0.691 -0.000 -0.646 0.325 0.773 0.000 -0.332 -0.541 0.697 0.000 -0.675 0.240 
0.705 -0.115 0.157 0.682 0.812 0.000 -0.564 0.154 0.719 0.000 -0.177 -0.672 0.768 0.000 -0.610 0.196 0.727 0.000 -0.112 -0.677 0.746 0.000 -0.289 -0.601 0.691 0.000 -0.646 0.325 0.773 0.000 -0.332 -0.541 0.697 0.000 -0.675 0.240 
0.705 -0.115 0.157 0.682 0.812 0.000 -0.564 0.154 0.719 0.000 -0.177 -0.672 0.768 -0.000 -0.610 0.195 0.727 0.000 -0.112 -0.677 0.746 0.000 -0.288 -0.601 0.691 0.000 -0.646 0.324 0.772 -0.000 -0.332 -0.542 0.697 0.000 -0.675 0.240 
0.705 -0.115 0.157 0.682 0.812 0.000 -0.564 0.154 0.719 0.000 -0.177 -0.672 0.768 0.000 -0.610 0.195 0.727 -0.000 -0.112 -0.677 0.746 0.000 -0.288 -0.601 0.691 0.000 -0.646 0.324 0.772 0.000 -0.332 -0.542 0.698 0.000 -0.675 0.239 
0.705 -0.115 0.157 0.681 0.812 0.000 -0.564 0.154 0.719 0.000 -0.177 -0.672 0.768 0.000 -0.610 0.196 0.727 0.000 -0.112 -0.677 0.745 -0.000 -0.289 -0.601 0.691 0.000 -0.646 0.325 0.773 0.000 -0.332 -0.541 0.697 0.000 -0.675 0.240 
0.705 -0.115 0.157 0.682 0.812 0.000 -0.564 0.154 0.719 0.000 -0.177 -0.672 0.768 0.000 -0.610 0.196 0.727 0.000 -0.112 -0.677 0.745 -0.000 -0.289 -0.601 0.691 0.000 -0.646 0.325 0.773 0.000 -0.332 -0.541 0.697 0.000 -0.675 0.240 
0.705 -0.115 0.157 0.682 0.812 0.000 -0.564 0.154 0.719 0.000 -0.176 -0.672 0.768 0.000 -0.610 0.195 0.727 0.000 -0.112 -0.677 0.746 0.000 -0.288 -0.601 0.691 0.000 -0.646 0.325 0.772 0.000 -0.332 -0.542 0.697 0.000 -0.676 0.240 
0.705 -0.115 0.157 0.682 0.812 0.000 -0.563 0.154 0.719 -0.000 -0.177 -0.672 0.768 0.000 -0.610 0.196 0.727 0.000 -0.112 -0.677 0.746 0.000 -0.289 -0.601 0.691 0.000 -0.646 0.325 0.773 0.000 -0.332 -0.541 0.697 -0.000 -0.675 0.240 
0.705 -0.115 0.157 0.682 0.812 0.000 -0.564 0.154 0.719 0.000 -0.176 -0.672 0.768 0.000 -0.610 0.195 0.727 0.000 -0.112 -0.677 0.746 -0.000 -0.288 -0.601 0.691 0.000 -0.646 0.324 0.772 0.000 -0.332 -0.542 0.697 -0.000 -0.675 0.240 
0.705 -0.115 0.157 0.682 0.812 0.000 -0.564 0.154 0.719 0.000 -0.177 -0.672 0.768 -0.000 -0.610 0.195 0.727 -0.000 -0.112 -0.677 0.745 0.000 -0.289 -0.601 0.691 -0.000 -0.646 0.325 0.773 0.000 -0.332 -0.541 0.697 -0.000 -0.675 0.240 
0.705 -0.115 0.157 0.682 0.812 0.000 -0.564 0.154 0.719 0.000 -0.176 -0.672 0.768 0.000 -0.610 0.195 0.727 0.000 -0.112 -0.677 0.746 0.000 -0.288 -0.601 0.691 0.000 -0.646 0.324 0.772 0.000 -0.332 -0.542 0.697 0.000 -0.676 0.240 
0.705 -0.115 0.157 0.682 0.812 0.000 -0.564 0.154 0.719 0.000 -0.176 -0.672 0.768 0.000 -0.610 0.195 0.727 -0.000 -0.112 -0.677 0.746 0.000 -0.288 -0.601 0.691 0.000 -0.646 0.324 0.772 0.000 -0.332 -0.542 0.697 0.000 -0.675 0.240 
0.705 -0.115 0.157 0.682 0.812 0.000 -0.563 0.154 0.719 -0.000 -0.177 -0.672 0.768 0.000 -0.610 0.195 0.727 0.000 -0.112 -0.677 0.746 0.000 -0.289 -0.601 0.691 0.000 -0.646 0.325 0.773 -0.000 -0.332 -0.541 0.698 0.000 -0.675 0.239 
0.705 -0.115 0.157 0.682 0.812 0.000 -0.563 0.154 0.719 0.000 -0.177 -0.672 0.768 0.000 -0.610 0.195 0.727 0.000 -0.112 -0.677 0.745 -0.000 -0.288 -0.601 0.691 0.000 -0.646 0.325 0.773 0.000 -0.332 -0.541 0.697 0.000 -0.675 0.240 
0.705 -0.115 0.157 0.682 0.812 0.000 -0.564 0.154 0.719 -0.000 -0.177 -0.672 0.768 0.000 -0.610 0.195 0.727 -0.000 -0.112 -0.677 0.746 -0.000 -0.288 -0.601 0.691 0.000 -0.646 0.324 0.772 0.000 -0.332 -0.542 0.697 0.000 -0.675 0.240 
0.705 -0.115 0.157 0.682 0.812 -0.000 -0.564 0.154 0.719 0.000 -0.177 -0.672 0.768 0.000 -0.610 0.195 0.727 0.000 -0.112 -0.677 0.746 -0.000 -0.288 -0.601 0.691 -0.000 -0.646 0.325 0.772 0.000 -0.332 -0.542 0.697 0.000 -0.675 0.240 
0.705 -0.115 0.157 0.682 0.812 0.000 -0.564 0.154 0.719 0.000 -0.176 -0.672 0.768 0.000 -0.610 0.194 0.727 0.000 -0.112 -0.677 0.746 0.000 -0.288 -0.601 0.691 0.000 -0.646 0.324 0.772 0.000 -0.332 -0.542 0.697 0.000 -0.675 0.240 
0.705 -0.115 0.157 0.682 0.812 0.000 -0.563 0.154 0.719 0.000 -0.177 -0.672 0.768 0.000 -0.610 0.195 0.727 0.000 -0.112 -0.677 0.746 0.000 -0.289 -0.601 0.691 0.000 -0.646 0.325 0.773 0.000 -0.332 -0.541 0.697 -0.000 -0.675 0.240 
0.705 -0.115 0.157 0.681 0.812 0.000 -0.563 0.154 0.719 0.000 -0.177 -0.672 0.768 0.000 -0.610 0.195 0.727 0.000 -0.112 -0.677 0.746 -0.000 -0.289 -0.601 0.691 0.000 -0.646 0.325 0.773 -0.000 -0.332 -0.541 0.698 0.000 -0.675 0.239 
0.705 -0.115 0.157 0.682 0.812 0.000 -0.564 0.154 0.719 0.000 -0.177 -0.672 0.768 -0.000 -0.610 0.195 0.727 -0.000 -0.111 -0.678 0.746 -0.000 -0.288 -0.601 0.691 0.000 -0.646 0.324 0.772 0.000 -0.332 -0.542 0.697 0.000 -0.676 0.240 
0.705 -0.115 0.157 0.682 0.812 0.000 -0.564 0.154 0.719 -0.000 -0.177 -0.672 0.768 0.000 -0.610 0.194 0.727 -0.000 -0.111 -0.677 0.746 0.000 -0.288 -0.601 0.691 0.000 -0.646 0.325 0.772 0.000 -0.332 -0.542 0.697 0.000 -0.675 0.240 
0.705 -0.115 0.157 0.682 0.812 0.000 -0.564 0.154 0.719 -0.000 -0.177 -0.672 0.768 0.000 -0.610 0.194 0.727 -0.000 -0.111 -0.677 0.746 -0.000 -0.288 -0.601 0.691 0.000 -0.646 0.324 0.772 -0.000 -0.332 -0.542 0.697 0.000 -0.675 0.240 
0.705 -0.115 0.157 0.681 0.812 0.000 -0.563 0.154 0.719 0.000 -0.178 -0.672 0.768 0.000 -0.610 0.195 0.727 0.000 -0.111 -0.678 0.746 0.000 -0.289 -0.601 0.691 0.000 -0.646 0.325 0.773 0.000 -0.332 -0.541 0.697 -0.000 -0.675 0.240 
0.705 -0.115 0.157 0.682 0.812 0.000 -0.563 0.154 0.719 0.000 -0.177 -0.672 0.768 0.000 -0.610 0.195 0.727 0.000 -0.111 -0.678 0.746 0.000 -0.289 -0.601 0.691 0.000 -0.646 0.325 0.773 0.000 -0.332 -0.541 0.697 0.000 -0.675 0.240 
0.705 -0.116 0.157 0.682 0.812 0.000 -0.564 0.154 0.719 0.000 -0.177 -0.672 0.768 0.000 -0.610 0.194 0.727 0.000 -0.111 -0.677 0.746 0.000 -0.289 -0.601 0.691 0.000 -0.646 0.325 0.772 0.000 -0.332 -0.542 0.697 0.000 -0.675 0.240 
0.705 -0.115 0.157 0.682 0.811 0.000 -0.564 0.154 0.719 0.000 -0.177 -0.672 0.768 0.000 -0.610 0.194 0.727 0.000 -0.111 -0.678 0.746 0.000 -0.288 -0.601 0.691 0.000 -0.646 0.325 0.772 0.000 -0.332 -0.542 0.697 0.000 -0.675 0.240 
0.705 -0.115 0.157 0.682 0.812 0.000 -0.564 0.154 0.719 -0.000 -0.177 -0.672 0.768 0.000 -0.610 0.195 0.727 0.000 -0.111 -0.678 0.746 -0.000 -0.288 -0.601 0.691 0.000 -0.646 0.325 0.772 -0.000 -0.332 -0.542 0.697 -0.000 -0.675 0.240 
0.705 -0.115 0.157 0.682 0.812 -0.000 -0.564 0.154 0.719 0.000 -0.177 -0.672 0.768 0.000 -0.610 0.195 0.727 0.000 -0.111 -0.678 0.746 0.000 -0.288 -0.601 0.691 0.000 -0.646 0.324 0.772 0.000 -0.332 -0.542 0.697 0.000 -0.676 0.239 
0.705 -0.115 0.158 0.681 0.812 0.000 -0.563 0.154 0.719 0.000 -0.178 -0.672 0.768 0.000 -0.610 0.195 0.727 0.000 -0.111 -0.678 0.746 0.000 -0.289 -0.601 0.691 0.000 -0.646 0.325 0.773 0.000 -0.332 -0.541 0.697 0.000 -0.675 0.240 
0.705 -0.115 0.157 0.682 0.811 0.000 -0.564 0.154 0.719 0.000 -0.177 -0.672 0.768 0.000 -0.610 0.195 0.727 0.000 -0.111 -0.678 0.746 0.000 -0.288 -0.601 0.691 0.000 -0.646 0.325 0.772 0.000 -0.332 -0.542 0.697 -0.000 -0.675 0.240 
0.705 -0.115 0.157 0.682 0.812 0.000 -0.564 0.154 0.719 -0.000 -0.177 -0.672 0.768 0.000 -0.610 0.195 0.727 0.000 -0.111 -0.678 0.746 0.000 -0.288 -0.601 0.691 0.000 -0.646 0.324 0.772 0.000 -0.332 -0.542 0.697 0.000 -0.676 0.239 
0.705 -0.115 0.157 0.682 0.811 -0.000 -0.564 0.154 0.719 -0.000 -0.178 -0.672 0.768 -0.000 -0.610 0.195 0.727 -0.000 -0.111 -0.678 0.746 0.000 -0.288 -0.601 0.691 -0.000 -0.646 0.324 0.772 -0.000 -0.332 -0.542 0.697 0.000 -0.676 0.240 
0.705 -0.116 0.157 0.682 0.811 0.000 -0.564 0.155 0.719 -0.000 -0.178 -0.672 0.768 0.000 -0.611 0.194 0.727 0.000 -0.110 -0.677 0.746 0.000 -0.289 -0.601 0.691 0.000 -0.646 0.325 0.772 -0.000 -0.332 -0.542 0.697 0.000 -0.675 0.240 
0.705 -0.115 0.157 0.681 0.812 0.000 -0.564 0.155 0.719 0.000 -0.178 -0.672 0.768 0.000 -0.610 0.195 0.727 0.000 -0.111 -0.678 0.746 0.000 -0.288 -0.601 0.691 0.000 -0.646 0.325 0.773 0.000 -0.332 -0.541 0.697 0.000 -0.675 0.240 
0.705 -0.115 0.157 0.682 0.811 -0.000 -0.564 0.154 0.719 0.000 -0.178 -0.672 0.768 -0.000 -0.610 0.195 0.727 0.000 -0.111 -0.678 0.746 -0.000 -0.288 -0.601 0.691 0.000 -0.646 0.324 0.772 0.000 -0.332 -0.542 0.697 -0.000 -0.675 0.240 
0.705 -0.115 0.157 0.682 0.811 0.000 -0.564 0.154 0.719 0.000 -0.178 -0.672 0.768 -0.000 -0.610 0.195 0.727 -0.000 -0.110 -0.678 0.746 0.000 -0.288 -0.601 0.691 -0.000 -0.646 0.324 0.772 -0.000 -0.332 -0.542 0.697 0.000 -0.675 0.240 
0.705 -0.115 0.157 0.682 0.811 0.000 -0.564 0.154 0.719 0.000 -0.178 -0.672 0.768 0.000 -0.610 0.195 0.727 -0.000 -0.111 -0.678 0.746 0.000 -0.288 -0.601 0.691 0.000 -0.646 0.324 0.772 0.000 -0.332 -0.542 0.697 0.000 -0.676 0.240 
0.705 -0.115 0.157 0.682 0.811 0.000 -0.564 0.155 0.719 -0.000 -0.178 -0.672 0.768 0.000 -0.610 0.195 0.727 0.000 -0.110 -0.678 0.746 0.000 -0.288 -0.601 0.691 0.000 -0.646 0.324 0.772 0.000 -0.332 -0.542 0.697 0.000 -0.675 0.240 
0.705 -0.115 0.157 0.682 0.811 -0.000 -0.564 0.154 0.719 0.000 -0.178 -0.672 0.768 0.000 -0.610 0.195 0.727 0.000 -0.110 -0.678 0.746 -0.000 -0.288 -0.601 0.691 0.000 -0.646 0.324 0.772 0.000 -0.332 -0.542 0.697 0.000 -0.675 0.240 
0.705 -0.115 0.157 0.682 0.811 0.000 -0.564 0.155 0.719 -0.000 -0.178 -0.672 0.768 -0.000 -0.610 0.195 0.727 0.000 -0.110 -0.678 0.746 0.000 -0.288 -0.601 0.691 0.000 -0.646 0.324 0.772 0.000 -0.332 -0.542 0.698 0.000 -0.676 0.239 
0.705 -0.115 0.157 0.681 0.811 0.000 -0.564 0.154 0.719 0.000 -0.179 -0.671 0.768 0.000 -0.610 0.195 0.727 -0.000 -0.110 -0.678 0.745 0.000 -0.289 -0.601 0.691 0.000 -0.646 0.325 0.773 0.000 -0.332 -0.541 0.697 0.000 -0.675 0.240 
0.705 -0.115 0.157 0.682 0.811 -0.000 -0.564 0.154 0.719 -0.000 -0.178 -0.672 0.768 0.000 -0.610 0.195 0.727 0.000 -0.110 -0.678 0.746 0.000 -0.288 -0.601 0.691 0.000 -0.646 0.325 0.772 0.000 -0.332 -0.542 0.697 0.000 -0.675 0.240 
0.705 -0.115 0.157 0.682 0.811 0.000 -0.564 0.154 0.719 0.000 -0.178 -0.672 0.768 0.000 -0.610 0.195 0.727 0.000 -0.110 -0.678 0.746 -0.000 -0.288 -0.601 0.691 0.000 -0.646 0.325 0.772 0.000 -0.332 -0.542 0.697 0.000 -0.675 0.240 
0.705 -0.116 0.157 0.682 0.811 0.000 -0.564 0.154 0.719 -0.000 -0.178 -0.672 0.768 0.000 -0.610 0.195 0.727 0.000 -0.110 -0.678 0.746 -0.000 -0.289 -0.600 0.691 0.000 -0.646 0.325 0.772 0.000 -0.332 -0.542 0.697 0.000 -0.675 0.240 
0.705 -0.115 0.157 0.682 0.811 0.000 -0.564 0.154 0.719 0.000 -0.178 -0.672 0.768 0.000 -0.610 0.195 0.727 0.000 -0.110 -0.678 0.746 0.000 -0.288 -0.601 0.691 0.000 -0.646 0.325 0.772 0.000 -0.332 -0.542 0.697 0.000 -0.675 0.240 
0.705 -0.115 0.157 0.682 0.811 0.000 -0.564 0.154 0.719 0.000 -0.179 -0.672 0.768 0.000 -0.610 0.195 0.727 0.000 -0.110 -0.678 0.746 0.000 -0.289 -0.601 0.691 0.000 -0.646 0.325 0.773 0.000 -0.332 -0.541 0.697 0.000 -0.675 0.240 
0.705 -0.116 0.157 0.682 0.811 0.000 -0.564 0.154 0.719 0.000 -0.179 -0.672 0.768 0.000 -0.610 0.195 0.727 0.000 -0.110 -0.678 0.746 0.000 -0.289 -0.601 0.691 -0.000 -0.646 0.325 0.772 -0.000 -0.332 -0.542 0.698 0.000 -0.675 0.239 
0.705 -0.115 0.157 0.682 0.811 0.000 -0.564 0.154 0.719 -0.000 -0.179 -0.672 0.768 0.000 -0.610 0.195 0.727 0.000 -0.110 -0.678 0.746 0.000 -0.289 -0.601 0.691 0.000 -0.646 0.325 0.772 0.000 -0.332 -0.542 0.698 0.000 -0.675 0.239 
0.705 -0.115 0.157 0.682 0.811 0.000 -0.564 0.154 0.719 0.000 -0.179 -0.672 0.768 0.000 -0.610 0.195 0.727 0.000 -0.110 -0.678 0.746 0.000 -0.288 -0.600 0.691 0.000 -0.646 0.325 0.772 0.000 -0.332 -0.542 0.697 0.000 -0.675 0.240 
0.705 -0.116 0.157 0.682 0.811 0.000 -0.564 0.154 0.719 0.000 -0.178 -0.672 0.768 0.000 -0.610 0.194 0.727 0.000 -0.110 -0.678 0.746 0.000 -0.289 -0.600 0.691 0.000 -0.646 0.325 0.772 0.000 -0.332 -0.542 0.697 -0.000 -0.675 0.240 
0.705 -0.116 0.157 0.682 0.811 0.000 -0.564 0.154 0.719 -0.000 -0.178 -0.672 0.768 0.000 -0.610 0.195 0.727 0.000 -0.110 -0.678 0.746 0.000 -0.288 -0.601 0.691 0.000 -0.646 0.325 0.772 0.000 -0.332 -0.542 0.697 0.000 -0.675 0.240 
0.705 -0.115 0.158 0.681 0.811 0.000 -0.564 0.154 0.719 0.000 -0.179 -0.671 0.768 0.000 -0.610 0.195 0.727 0.000 -0.110 -0.678 0.746 0.000 -0.289 -0.601 0.691 0.000 -0.645 0.325 0.773 0.000 -0.332 -0.541 0.697 0.000 -0.675 0.240 
0.705 -0.115 0.157 0.682 0.811 0.000 -0.564 0.154 0.719 0.000 -0.178 -0.672 0.768 -0.000 -0.610 0.194 0.727 -0.000 -0.110 -0.678 0.746 0.000 -0.288 -0.601 0.691 0.000 -0.646 0.325 0.772 0.000 -0.332 -0.542 0.698 0.000 -0.675 0.239 
0.705 -0.116 0.157 0.682 0.811 0.000 -0.564 0.154 0.719 0.000 -0.179 -0.672 0.768 -0.000 -0.610 0.194 0.727 0.000 -0.110 -0.678 0.746 -0.000 -0.289 -0.600 0.691 -0.000 -0.646 0.325 0.772 -0.000 -0.332 -0.542 0.697 -0.000 -0.675 0.240 
0.705 -0.116 0.157 0.682 0.811 0.000 -0.564 0.154 0.719 0.000 -0.179 -0.672 0.768 0.000 -0.611 0.194 0.728 -0.000 -0.109 -0.677 0.746 0.000 -0.289 -0.600 0.691 0.000 -0.646 0.325 0.772 0.000 -0.332 -0.542 0.697 0.000 -0.675 0.240 
0.705 -0.115 0.157 0.682 0.811 0.000 -0.564 0.154 0.719 0.000 -0.179 -0.672 0.768 0.000 -0.610 0.195 0.727 0.000 -0.110 -0.678 0.746 -0.000 -0.289 -0.601 0.691 0.000 -0.646 0.325 0.773 0.000 -0.332 -0.541 0.697 -0.000 -0.675 0.240 
0.705 -0.116 0.157 0.682 0.811 0.000 -0.564 0.154 0.719 0.000 -0.178 -0.672 0.768 0.000 -0.610 0.194 0.727 0.000 -0.110 -0.678 0.746 0.000 -0.289 -0.601 0.691 0.000 -0.646 0.325 0.772 -0.000 -0.332 -0.542 0.697 0.000 -0.675 0.240 
0.705 -0.115 0.157 0.682 0.811 0.000 -0.564 0.154 0.719 0.000 -0.178 -0.672 0.768 0.000 -0.610 0.194 0.727 0.000 -0.109 -0.678 0.746 -0.000 -0.288 -0.601 0.691 0.000 -0.646 0.325 0.772 0.000 -0.332 -0.542 0.698 -0.000 -0.675 0.239 
0.705 -0.115 0.157 0.682 0.811 0.000 -0.564 0.154 0.719 0.000 -0.179 -0.672 0.768 0.000 -0.610 0.195 0.727 0.000 -0.110 -0.678 0.746 -0.000 -0.289 -0.601 0.691 0.000 -0.646 0.325 0.773 0.000 -0.332 -0.541 0.697 0.000 -0.675 0.240 
0.705 -0.115 0.157 0.682 0.812 0.000 -0.564 0.154 0.719 0.000 -0.179 -0.672 0.768 0.000 -0.610 0.195 0.727 0.000 -0.110 -0.678 0.745 0.000 -0.289 -0.601 0.691 0.000 -0.646 0.325 0.773 0.000 -0.332 -0.541 0.697 0.000 -0.675 0.240 
0.705 -0.115 0.157 0.682 0.811 0.000 -0.564 0.154 0.719 0.000 -0.178 -0.672 0.768 0.000 -0.610 0.194 0.727 0.000 -0.110 -0.678 0.746 0.000 -0.288 -0.601 0.691 0.000 -0.646 0.324 0.772 0.000 -0.332 -0.542 0.697 0.000 -0.675 0.240 
0.705 -0.115 0.157 0.682 0.811 0.000 -0.564 0.154 0.719 0.000 -0.178 -0.672 0.768 0.000 -0.610 0.194 0.727 -0.000 -0.109 -0.678 0.746 0.000 -0.288 -0.601 0.691 0.000 -0.646 0.325 0.772 0.000 -0.332 -0.542 0.698 0.000 -0.675 0.239 
0.705 -0.115 0.157 0.682 0.811 0.000 -0.564 0.154 0.719 -0.000 -0.178 -0.672 0.768 0.000 -0.610 0.194 0.727 -0.000 -0.110 -0.678 0.746 0.000 -0.288 -0.601 0.691 -0.000 -0.646 0.324 0.772 0.000 -0.332 -0.542 0.697 0.000 -0.675 0.240 
0.705 -0.115 0.157 0.682 0.811 0.000 -0.564 0.154 0.719 0.000 -0.179 -0.672 0.768 0.000 -0.610 0.194 0.727 0.000 -0.109 -0.678 0.746 -0.000 -0.288 -0.601 0.691 0.000 -0.646 0.324 0.772 -0.000 -0.332 -0.542 0.697 0.000 -0.675 0.240 
0.705 -0.115 0.157 0.682 0.812 0.000 -0.564 0.154 0.719 0.000 -0.179 -0.672 0.768 0.000 -0.610 0.195 0.727 0.000 -0.109 -0.678 0.746 0.000 -0.289 -0.601 0.691 0.000 -0.646 0.325 0.773 -0.000 -0.332 -0.541 0.697 0.000 -0.675 0.240 
0.705 -0.115 0.157 0.682 0.812 -0.000 -0.564 0.154 0.719 0.000 -0.179 -0.672 0.768 0.000 -0.610 0.194 0.727 0.000 -0.109 -0.678 0.746 0.000 -0.288 -0.601 0.691 0.000 -0.646 0.324 0.772 0.000 -0.332 -0.542 0.697 0.000 -0.675 0.240 
0.705 -0.115 0.157 0.682 0.811 0.000 -0.564 0.154 0.719 0.000 -0.178 -0.672 0.768 0.000 -0.610 0.195 0.726 0.000 -0.110 -0.678 0.746 -0.000 -0.288 -0.601 0.691 0.000 -0.646 0.324 0.772 0.000 -0.332 -0.542 0.698 -0.000 -0.675 0.239 
0.705 -0.115 0.157 0.682 0.811 0.000 -0.564 0.154 0.719 -0.000 -0.178 -0.672 0.768 0.000 -0.610 0.194 0.727 0.000 -0.109 -0.678 0.746 0.000 -0.288 -0.601 0.691 0.000 -0.646 0.324 0.772 0.000 -0.332 -0.542 0.698 0.000 -0.676 0.239 
0.705 -0.115 0.157 0.682 0.812 -0.000 -0.563 0.154 0.719 0.000 -0.179 -0.672 0.768 0.000 -0.610 0.195 0.727 0.000 -0.109 -0.678 0.746 0.000 -0.288 -0.601 0.691 -0.000 -0.646 0.325 0.773 0.000 -0.332 -0.541 0.697 -0.000 -0.675 0.240 
0.705 -0.115 0.157 0.682 0.811 0.000 -0.564 0.154 0.719 0.000 -0.178 -0.672 0.768 0.000 -0.610 0.194 0.727 0.000 -0.109 -0.678 0.746 0.000 -0.288 -0.601 0.691 0.000 -0.646 0.324 0.772 0.000 -0.332 -0.542 0.697 0.000 -0.675 0.239 
0.705 -0.115 0.157 0.682 0.812 0.000 -0.563 0.154 0.719 0.000 -0.179 -0.672 0.768 0.000 -0.610 0.195 0.727 0.000 -0.109 -0.678 0.746 0.000 -0.288 -0.601 0.691 -0.000 -0.646 0.325 0.773 0.000 -0.332 -0.541 0.697 0.000 -0.675 0.240 
0.705 -0.116 0.157 0.682 0.811 0.000 -0.564 0.155 0.719 0.000 -0.179 -0.672 0.768 0.000 -0.611 0.194 0.727 0.000 -0.108 -0.678 0.746 0.000 -0.289 -0.601 0.691 0.000 -0.646 0.324 0.772 -0.000 -0.332 -0.542 0.697 -0.000 -0.675 0.240 
0.705 -0.115 0.157 0.682 0.812 -0.000 -0.563 0.154 0.719 -0.000 -0.179 -0.672 0.768 0.000 -0.610 0.195 0.727 -0.000 -0.109 -0.678 0.746 -0.000 -0.288 -0.601 0.691 0.000 -0.646 0.325 0.773 -0.000 -0.332 -0.541 0.697 0.000 -0.675 0.240 
0.705 -0.115 0.157 0.682 0.812 0.000 -0.563 0.155 0.719 0.000 -0.179 -0.672 0.768 0.000 -0.610 0.195 0.727 0.000 -0.109 -0.678 0.746 0.000 -0.288 -0.601 0.691 0.000 -0.646 0.324 0.772 0.000 -0.332 -0.542 0.697 0.000 -0.676 0.240 
0.705 -0.116 0.157 0.682 0.812 0.000 -0.563 0.155 0.719 0.000 -0.179 -0.672 0.767 0.000 -0.611 0.194 0.727 0.000 -0.108 -0.678 0.746 0.000 -0.289 -0.601 0.691 0.000 -0.646 0.325 0.772 0.000 -0.332 -0.542 0.697 0.000 -0.675 0.240 
0.705 -0.115 0.157 0.682 0.812 0.000 -0.563 0.154 0.719 0.000 -0.179 -0.672 0.768 0.000 -0.610 0.195 0.727 0.000 -0.110 -0.678 0.746 0.000 -0.288 -0.601 0.691 0.000 -0.646 0.324 0.772 0.000 -0.332 -0.542 0.697 0.000 -0.676 0.240 
0.705 -0.115 0.157 0.682 0.812 0.000 -0.563 0.155 0.719 -0.000 -0.179 -0.672 0.768 -0.000 -0.610 0.195 0.727 0.000 -0.109 -0.678 0.746 0.000 -0.288 -0.601 0.691 0.000 -0.646 0.324 0.772 0.000 -0.332 -0.542 0.697 0.000 -0.675 0.240 
0.705 -0.115 0.157 0.682 0.812 0.000 -0.563 0.155 0.719 0.000 -0.179 -0.672 0.768 -0.000 -0.610 0.195 0.727 0.000 -0.109 -0.678 0.745 0.000 -0.288 -0.601 0.691 0.000 -0.646 0.325 0.773 0.000 -0.332 -0.541 0.697 0.000 -0.675 0.240 
0.705 -0.115 0.157 0.682 0.812 -0.000 -0.563 0.155 0.719 0.000 -0.180 -0.672 0.768 0.000 -0.610 0.195 0.727 0.000 -0.109 -0.678 0.745 0.000 -0.288 -0.601 0.691 0.000 -0.646 0.325 0.773 0.000 -0.332 -0.541 0.697 0.000 -0.675 0.240 
0.705 -0.115 0.157 0.682 0.812 -0.000 -0.563 0.155 0.719 0.000 -0.180 -0.672 0.768 0.000 -0.610 0.195 0.726 0.000 -0.109 -0.678 0.745 0.000 -0.288 -0.601 0.691 0.000 -0.646 0.325 0.773 0.000 -0.332 -0.541 0.697 0.000 -0.675 0.240 
0.705 -0.115 0.157 0.682 0.812 0.000 -0.563 0.155 0.719 0.000 -0.180 -0.672 0.768 -0.000 -0.610 0.195 0.726 0.000 -0.109 -0.679 0.745 0.000 -0.288 -0.601 0.691 0.000 -0.646 0.325 0.773 -0.000 -0.332 -0.541 0.697 0.000 -0.675 0.240 
0.705 -0.115 0.157 0.682 0.812 0.000 -0.563 0.155 0.719 0.000 -0.180 -0.672 0.768 0.000 -0.610 0.196 0.726 -0.000 -0.109 -0.679 0.746 -0.000 -0.288 -0.601 0.691 0.000 -0.646 0.325 0.773 0.000 -0.332 -0.541 0.697 0.000 -0.675 0.240 
0.705 -0.115 0.157 0.681 0.812 0.000 -0.563 0.155 0.719 0.000 -0.180 -0.672 0.768 -0.000 -0.610 0.196 0.727 -0.000 -0.109 -0.678 0.745 0.000 -0.288 -0.601 0.691 0.000 -0.646 0.325 0.773 0.000 -0.332 -0.541 0.697 -0.000 -0.675 0.240 
0.705 -0.115 0.157 0.682 0.812 -0.000 -0.563 0.155 0.719 -0.000 -0.179 -0.672 0.768 0.000 -0.610 0.195 0.726 0.000 -0.109 -0.679 0.746 -0.000 -0.288 -0.601 0.691 -0.000 -0.646 0.324 0.772 0.000 -0.332 -0.542 0.697 0.000 -0.675 0.240 
0.705 -0.115 0.157 0.682 0.812 0.000 -0.562 0.155 0.719 0.000 -0.180 -0.672 0.768 0.000 -0.610 0.196 0.726 -0.000 -0.109 -0.679 0.745 0.000 -0.288 -0.601 0.691 -0.000 -0.646 0.325 0.773 -0.000 -0.332 -0.541 0.697 -0.000 -0.675 0.239 
0.705 -0.115 0.157 0.682 0.812 0.000 -0.563 0.155 0.719 0.000 -0.179 -0.672 0.768 0.000 -0.610 0.196 0.726 0.000 -0.110 -0.679 0.746 0.000 -0.288 -0.601 0.691 0.000 -0.646 0.324 0.772 0.000 -0.331 -0.542 0.698 0.000 -0.676 0.239 
0.705 -0.115 0.157 0.682 0.812 0.000 -0.562 0.155 0.719 0.000 -0.179 -0.672 0.768 0.000 -0.610 0.196 0.726 0.000 -0.109 -0.679 0.746 0.000 -0.288 -0.601 0.691 0.000 -0.646 0.324 0.772 0.000 -0.331 -0.542 0.697 0.000 -0.676 0.239 
0.705 -0.115 0.157 0.682 0.812 0.000 -0.562 0.155 0.719 -0.000 -0.179 -0.672 0.768 -0.000 -0.610 0.195 0.726 0.000 -0.109 -0.678 0.746 0.000 -0.288 -0.601 0.691 0.000 -0.646 0.324 0.772 -0.000 -0.331 -0.542 0.697 0.000 -0.676 0.239 
0.705 -0.115 0.157 0.682 0.812 0.000 -0.562 0.155 0.719 0.000 -0.180 -0.672 0.768 0.000 -0.610 0.196 0.726 0.000 -0.109 -0.679 0.745 -0.000 -0.288 -0.601 0.691 0.000 -0.646 0.325 0.773 0.000 -0.332 -0.541 0.698 0.000 -0.675 0.239 
0.705 -0.115 0.157 0.682 0.812 0.000 -0.562 0.155 0.719 0.000 -0.180 -0.672 0.768 0.000 -0.610 0.196 0.726 0.000 -0.109 -0.679 0.745 0.000 -0.288 -0.601 0.691 0.000 -0.646 0.325 0.773 -0.000 -0.332 -0.541 0.698 0.000 -0.675 0.239 
0.705 -0.115 0.157 0.682 0.812 0.000 -0.562 0.155 0.719 0.000 -0.180 -0.672 0.768 0.000 -0.610 0.196 0.726 0.000 -0.110 -0.679 0.745 0.000 -0.288 -0.601 0.691 0.000 -0.646 0.324 0.773 -0.000 -0.332 -0.541 0.698 0.000 -0.675 0.239 
0.705 -0.115 0.157 0.682 0.812 0.000 -0.562 0.155 0.718 0.000 -0.179 -0.672 0.768 0.000 -0.610 0.196 0.726 0.000 -0.110 -0.679 0.746 0.000 -0.288 -0.601 0.691 0.000 -0.646 0.324 0.772 0.000 -0.331 -0.542 0.698 0.000 -0.675 0.239 
0.705 -0.115 0.157 0.682 0.812 0.000 -0.562 0.155 0.718 -0.000 -0.179 -0.672 0.768 0.000 -0.610 0.196 0.726 -0.000 -0.110 -0.679 0.746 0.000 -0.288 -0.601 0.691 0.000 -0.646 0.324 0.772 0.000 -0.331 -0.542 0.698 0.000 -0.675 0.239 
0.705 -0.115 0.157 0.682 0.812 0.000 -0.562 0.156 0.718 0.000 -0.179 -0.672 0.768 0.000 -0.610 0.196 0.726 0.000 -0.110 -0.679 0.745 0.000 -0.288 -0.601 0.691 0.000 -0.646 0.324 0.773 0.000 -0.332 -0.541 0.698 0.000 -0.675 0.239 
0.705 -0.115 0.157 0.682 0.812 0.000 -0.562 0.155 0.719 -0.000 -0.179 -0.672 0.768 0.000 -0.610 0.196 0.726 -0.000 -0.110 -0.679 0.745 0.000 -0.288 -0.601 0.691 -0.000 -0.646 0.324 0.773 0.000 -0.332 -0.541 0.698 0.000 -0.675 0.239 
0.705 -0.115 0.157 0.682 0.812 0.000 -0.562 0.155 0.718 0.000 -0.179 -0.672 0.768 0.000 -0.610 0.196 0.726 0.000 -0.110 -0.679 0.746 0.000 -0.288 -0.601 0.691 -0.000 -0.646 0.324 0.772 0.000 -0.331 -0.542 0.698 0.000 -0.675 0.238 
0.705 -0.115 0.157 0.682 0.812 0.000 -0.562 0.155 0.718 0.000 -0.179 -0.672 0.768 0.000 -0.610 0.196 0.726 0.000 -0.111 -0.679 0.746 0.000 -0.288 -0.601 0.691 0.000 -0.646 0.324 0.772 0.000 -0.331 -0.542 0.698 0.000 -0.675 0.239 
0.705 -0.115 0.157 0.682 0.812 -0.000 -0.562 0.155 0.718 0.000 -0.179 -0.672 0.768 0.000 -0.610 0.196 0.726 -0.000 -0.111 -0.679 0.746 0.000 -0.288 -0.601 0.691 0.000 -0.646 0.324 0.773 0.000 -0.332 -0.541 0.698 0.000 -0.675 0.239 
0.705 -0.115 0.157 0.682 0.812 0.000 -0.562 0.155 0.718 0.000 -0.179 -0.672 0.768 0.000 -0.610 0.196 0.726 0.000 -0.111 -0.679 0.745 0.000 -0.288 -0.601 0.691 0.000 -0.646 0.324 0.773 0.000 -0.332 -0.541 0.698 0.000 -0.675 0.239 
0.705 -0.115 0.157 0.682 0.812 0.000 -0.562 0.155 0.718 0.000 -0.179 -0.672 0.768 0.000 -0.610 0.196 0.726 -0.000 -0.111 -0.679 0.745 0.000 -0.288 -0.601 0.691 -0.000 -0.646 0.324 0.773 0.000 -0.332 -0.541 0.698 -0.000 -0.675 0.239 
0.705 -0.115 0.157 0.682 0.812 0.000 -0.562 0.155 0.718 0.000 -0.179 -0.672 0.768 0.000 -0.610 0.196 0.726 0.000 -0.111 -0.679 0.746 -0.000 -0.288 -0.601 0.691 0.000 -0.646 0.324 0.772 0.000 -0.331 -0.542 0.698 0.000 -0.675 0.239 
0.705 -0.115 0.157 0.682 0.812 -0.000 -0.562 0.155 0.718 -0.000 -0.179 -0.672 0.768 0.000 -0.610 0.196 0.725 0.000 -0.111 -0.679 0.745 0.000 -0.288 -0.601 0.691 0.000 -0.646 0.324 0.773 -0.000 -0.332 -0.541 0.698 0.000 -0.675 0.239 
0.705 -0.115 0.157 0.682 0.812 0.000 -0.562 0.155 0.718 0.000 -0.179 -0.673 0.768 0.000 -0.610 0.196 0.725 -0.000 -0.111 -0.679 0.746 0.000 -0.288 -0.601 0.691 0.000 -0.646 0.324 0.772 0.000 -0.331 -0.542 0.698 0.000 -0.676 0.238 
0.705 -0.115 0.157 0.682 0.812 0.000 -0.562 0.156 0.718 -0.000 -0.179 -0.672 0.767 0.000 -0.611 0.196 0.726 0.000 -0.110 -0.679 0.745 0.000 -0.288 -0.601 0.691 0.000 -0.646 0.325 0.773 0.000 -0.332 -0.541 0.698 0.000 -0.675 0.239 
0.705 -0.115 0.157 0.682 0.812 0.000 -0.562 0.155 0.718 0.000 -0.179 -0.672 0.768 0.000 -0.610 0.196 0.725 0.000 -0.111 -0.679 0.745 -0.000 -0.288 -0.601 0.691 -0.000 -0.646 0.324 0.773 0.000 -0.332 -0.541 0.698 0.000 -0.675 0.239 
0.705 -0.115 0.157 0.682 0.812 0.000 -0.562 0.155 0.718 0.000 -0.178 -0.673 0.768 0.000 -0.610 0.196 0.725 0.000 -0.111 -0.679 0.746 -0.000 -0.288 -0.601 0.691 0.000 -0.646 0.324 0.772 0.000 -0.331 -0.542 0.698 0.000 -0.675 0.239 
0.705 -0.115 0.157 0.682 0.812 0.000 -0.562 0.155 0.718 0.000 -0.179 -0.672 0.768 0.000 -0.610 0.196 0.725 0.000 -0.111 -0.680 0.745 0.000 -0.288 -0.601 0.691 0.000 -0.646 0.324 0.773 -0.000 -0.331 -0.541 0.698 0.000 -0.675 0.239 
0.705 -0.115 0.157 0.682 0.812 0.000 -0.562 0.155 0.718 0.000 -0.179 -0.673 0.768 0.000 -0.610 0.196 0.725 -0.000 -0.111 -0.679 0.745 0.000 -0.288 -0.601 0.691 0.000 -0.646 0.324 0.773 0.000 -0.331 -0.541 0.698 -0.000 -0.675 0.238 
0.705 -0.115 0.157 0.682 0.812 -0.000 -0.562 0.155 0.718 0.000 -0.179 -0.672 0.768 0.000 -0.610 0.196 0.725 0.000 -0.111 -0.679 0.745 0.000 -0.288 -0.601 0.691 0.000 -0.646 0.324 0.773 0.000 -0.332 -0.541 0.698 0.000 -0.675 0.239 
0.705 -0.115 0.157 0.682 0.812 -0.000 -0.562 0.155 0.718 0.000 -0.178 -0.673 0.768 0.000 -0.610 0.196 0.725 0.000 -0.111 -0.679 0.746 0.000 -0.288 -0.601 0.691 0.000 -0.646 0.324 0.772 0.000 -0.331 -0.542 0.698 0.000 -0.675 0.238 
0.705 -0.115 0.157 0.682 0.812 0.000 -0.562 0.155 0.718 -0.000 -0.179 -0.672 0.767 0.000 -0.610 0.196 0.725 0.000 -0.111 -0.679 0.745 0.000 -0.288 -0.601 0.691 0.000 -0.646 0.324 0.773 0.000 -0.332 -0.541 0.698 0.000 -0.675 0.239 
0.705 -0.115 0.157 0.682 0.812 0.000 -0.562 0.155 0.718 0.000 -0.178 -0.672 0.768 0.000 -0.610 0.196 0.725 -0.000 -0.111 -0.679 0.746 0.000 -0.288 -0.601 0.691 0.000 -0.646 0.324 0.772 0.000 -0.331 -0.542 0.698 0.000 -0.676 0.238 
0.705 -0.115 0.157 0.682 0.812 0.000 -0.562 0.155 0.718 0.000 -0.179 -0.672 0.768 0.000 -0.610 0.196 0.725 -0.000 -0.111 -0.680 0.745 -0.000 -0.288 -0.601 0.691 0.000 -0.646 0.324 0.773 -0.000 -0.331 -0.541 0.698 -0.000 -0.675 0.238 
0.705 -0.115 0.157 0.682 0.812 0.000 -0.562 0.155 0.718 0.000 -0.179 -0.672 0.768 0.000 -0.610 0.196 0.726 0.000 -0.110 -0.679 0.745 0.000 -0.288 -0.601 0.691 0.000 -0.646 0.324 0.773 0.000 -0.331 -0.541 0.698 0.000 -0.675 0.238 
0.705 -0.115 0.157 0.682 0.812 0.000 -0.562 0.155 0.718 0.000 -0.179 -0.672 0.767 0.000 -0.610 0.196 0.726 0.000 -0.111 -0.679 0.745 0.000 -0.288 -0.601 0.691 0.000 -0.646 0.324 0.773 0.000 -0.331 -0.541 0.698 0.000 -0.675 0.238 
0.705 -0.115 0.157 0.682 0.812 0.000 -0.562 0.155 0.718 0.000 -0.178 -0.672 0.768 0.000 -0.610 0.196 0.726 -0.000 -0.111 -0.679 0.746 0.000 -0.287 -0.601 0.691 0.000 -0.646 0.324 0.772 0.000 -0.331 -0.542 0.698 0.000 -0.676 0.238 
0.705 -0.115 0.157 0.682 0.812 0.000 -0.562 0.155 0.718 0.000 -0.179 -0.672 0.767 0.000 -0.610 0.196 0.725 -0.000 -0.111 -0.679 0.745 0.000 -0.288 -0.601 0.691 0.000 -0.646 0.324 0.773 0.000 -0.331 -0.541 0.698 0.000 -0.675 0.238 
0.705 -0.115 0.157 0.682 0.812 0.000 -0.562 0.155 0.718 0.000 -0.179 -0.672 0.767 0.000 -0.611 0.196 0.726 0.000 -0.111 -0.679 0.745 0.000 -0.288 -0.601 0.691 0.000 -0.646 0.324 0.773 0.000 -0.331 -0.541 0.698 0.000 -0.676 0.238 
0.705 -0.115 0.157 0.682 0.812 0.000 -0.562 0.155 0.718 -0.000 -0.178 -0.673 0.768 0.000 -0.610 0.196 0.725 0.000 -0.111 -0.679 0.746 0.000 -0.287 -0.601 0.691 0.000 -0.647 0.323 0.772 0.000 -0.331 -0.542 0.698 0.000 -0.676 0.238 
0.705 -0.115 0.157 0.682 0.812 0.000 -0.562 0.155 0.718 0.000 -0.179 -0.672 0.767 0.000 -0.610 0.196 0.726 0.000 -0.111 -0.679 0.745 0.000 -0.288 -0.601 0.691 -0.000 -0.646 0.324 0.773 -0.000 -0.331 -0.541 0.698 -0.000 -0.675 0.238 
0.705 -0.115 0.157 0.682 0.812 0.000 -0.562 0.155 0.718 0.000 -0.178 -0.673 0.768 0.000 -0.610 0.196 0.726 0.000 -0.111 -0.679 0.746 0.000 -0.287 -0.601 0.691 0.000 -0.647 0.323 0.772 0.000 -0.331 -0.542 0.698 -0.000 -0.676 0.238 
0.705 -0.115 0.157 0.682 0.812 0.000 -0.562 0.155 0.718 0.000 -0.179 -0.672 0.767 0.000 -0.610 0.196 0.726 0.000 -0.111 -0.679 0.745 0.000 -0.288 -0.601 0.691 0.000 -0.646 0.324 0.773 0.000 -0.331 -0.541 0.698 0.000 -0.675 0.238 
0.705 -0.115 0.157 0.682 0.812 0.000 -0.562 0.155 0.718 0.000 -0.179 -0.672 0.768 0.000 -0.610 0.195 0.726 -0.000 -0.111 -0.679 0.746 -0.000 -0.287 -0.601 0.691 -0.000 -0.647 0.323 0.772 0.000 -0.331 -0.542 0.698 0.000 -0.676 0.238 
0.705 -0.115 0.157 0.682 0.812 -0.000 -0.562 0.155 0.718 -0.000 -0.178 -0.672 0.768 0.000 -0.610 0.196 0.725 -0.000 -0.111 -0.679 0.746 0.000 -0.287 -0.601 0.691 0.000 -0.647 0.323 0.772 0.000 -0.331 -0.543 0.698 0.000 -0.676 0.238 
0.705 -0.115 0.157 0.682 0.812 0.000 -0.562 0.155 0.718 0.000 -0.178 -0.673 0.767 0.000 -0.611 0.195 0.726 0.000 -0.111 -0.679 0.746 0.000 -0.287 -0.601 0.691 0.000 -0.647 0.323 0.772 0.000 -0.331 -0.543 0.698 0.000 -0.676 0.238 
0.705 -0.115 0.156 0.683 0.812 -0.000 -0.563 0.155 0.718 0.000 -0.177 -0.673 0.768 -0.000 -0.610 0.195 0.726 0.000 -0.111 -0.679 0.746 0.000 -0.287 -0.601 0.691 0.000 -0.647 0.323 0.771 0.000 -0.331 -0.544 0.698 -0.000 -0.676 0.237 
0.704 -0.115 0.156 0.683 0.812 0.000 -0.563 0.155 0.718 0.000 -0.177 -0.673 0.768 0.000 -0.610 0.195 0.726 -0.000 -0.112 -0.679 0.746 0.000 -0.286 -0.601 0.691 -0.000 -0.647 0.322 0.771 0.000 -0.331 -0.544 0.698 0.000 -0.676 0.238 
0.704 -0.115 0.156 0.683 0.812 0.000 -0.563 0.155 0.718 0.000 -0.177 -0.673 0.768 0.000 -0.611 0.195 0.726 0.000 -0.112 -0.679 0.746 0.000 -0.287 -0.601 0.691 0.000 -0.647 0.322 0.771 0.000 -0.331 -0.544 0.698 0.000 -0.676 0.237 
0.704 -0.115 0.156 0.683 0.812 0.000 -0.563 0.155 0.718 0.000 -0.177 -0.673 0.768 0.000 -0.610 0.195 0.726 0.000 -0.112 -0.679 0.746 0.000 -0.286 -0.601 0.691 0.000 -0.647 0.322 0.771 0.000 -0.331 -0.544 0.698 0.000 -0.676 0.238 
0.704 -0.115 0.156 0.683 0.812 -0.000 -0.563 0.155 0.718 0.000 -0.177 -0.673 0.768 0.000 -0.611 0.195 0.726 -0.000 -0.112 -0.679 0.746 0.000 -0.287 -0.601 0.691 0.000 -0.647 0.322 0.771 0.000 -0.331 -0.544 0.698 0.000 -0.676 0.237 
0.704 -0.115 0.156 0.683 0.812 0.000 -0.562 0.155 0.718 0.000 -0.177 -0.673 0.768 0.000 -0.610 0.195 0.726 0.000 -0.112 -0.679 0.746 -0.000 -0.287 -0.601 0.691 0.000 -0.647 0.322 0.771 -0.000 -0.331 -0.544 0.698 0.000 -0.676 0.238 
0.705 -0.115 0.156 0.683 0.812 -0.000 -0.563 0.155 0.718 0.000 -0.177 -0.673 0.768 0.000 -0.610 0.195 0.725 0.000 -0.111 -0.679 0.746 0.000 -0.287 -0.601 0.691 0.000 -0.647 0.322 0.771 -0.000 -0.331 -0.544 0.698 -0.000 -0.676 0.238 
0.704 -0.115 0.156 0.683 0.812 0.000 -0.562 0.155 0.719 0.000 -0.177 -0.673 0.768 0.000 -0.610 0.195 0.726 0.000 -0.112 -0.679 0.746 0.000 -0.287 -0.601 0.691 0.000 -0.647 0.322 0.771 0.000 -0.331 -0.544 0.698 0.000 -0.676 0.237 
0.704 -0.115 0.156 0.683 0.812 0.000 -0.562 0.155 0.718 0.000 -0.177 -0.673 0.768 0.000 -0.610 0.195 0.726 -0.000 -0.111 -0.679 0.746 0.000 -0.287 -0.601 0.691 0.000 -0.647 0.323 0.771 -0.000 -0.331 -0.544 0.698 0.000 -0.676 0.238 
0.704 -0.115 0.157 0.683 0.812 0.000 -0.562 0.155 0.719 0.000 -0.177 -0.673 0.768 0.000 -0.610 0.195 0.725 0.000 -0.112 -0.679 0.746 0.000 -0.287 -0.601 0.691 0.000 -0.647 0.323 0.771 0.000 -0.331 -0.544 0.698 0.000 -0.676 0.237 
0.704 -0.115 0.156 0.683 0.812 0.000 -0.562 0.155 0.718 0.000 -0.177 -0.673 0.768 0.000 -0.610 0.196 0.725 0.000 -0.113 -0.680 0.746 0.000 -0.287 -0.601 0.691 0.000 -0.647 0.323 0.771 0.000 -0.331 -0.544 0.698 0.000 -0.676 0.237 
0.704 -0.115 0.157 0.683 0.812 0.000 -0.562 0.155 0.719 0.000 -0.177 -0.673 0.768 0.000 -0.610 0.196 0.724 0.000 -0.114 -0.680 0.746 0.000 -0.287 -0.601 0.691 -0.000 -0.647 0.323 0.771 0.000 -0.331 -0.544 0.698 -0.000 -0.676 0.238 
0.704 -0.115 0.156 0.683 0.812 0.000 -0.562 0.155 0.718 -0.000 -0.177 -0.673 0.768 0.000 -0.610 0.197 0.724 0.000 -0.114 -0.680 0.746 0.000 -0.287 -0.601 0.691 -0.000 -0.647 0.323 0.771 -0.000 -0.331 -0.544 0.698 0.000 -0.676 0.238 
0.704 -0.115 0.157 0.683 0.812 0.000 -0.562 0.155 0.718 0.000 -0.177 -0.673 0.768 0.000 -0.610 0.197 0.724 0.000 -0.114 -0.680 0.746 0.000 -0.287 -0.601 0.691 0.000 -0.647 0.323 0.771 -0.000 -0.331 -0.544 0.698 0.000 -0.676 0.238 
0.704 -0.115 0.157 0.683 0.812 0.000 -0.562 0.155 0.718 0.000 -0.178 -0.673 0.768 0.000 -0.610 0.197 0.724 0.000 -0.114 -0.681 0.746 0.000 -0.287 -0.601 0.691 0.000 -0.647 0.323 0.771 0.000 -0.331 -0.544 0.698 -0.000 -0.676 0.238 
0.704 -0.115 0.157 0.683 0.812 -0.000 -0.562 0.155 0.718 0.000 -0.178 -0.673 0.768 0.000 -0.610 0.197 0.724 0.000 -0.114 -0.681 0.746 0.000 -0.287 -0.601 0.691 0.000 -0.647 0.323 0.771 0.000 -0.331 -0.544 0.698 0.000 -0.676 0.238 
0.704 -0.115 0.157 0.683 0.813 0.000 -0.562 0.155 0.718 0.000 -0.178 -0.672 0.768 0.000 -0.610 0.197 0.724 0.000 -0.113 -0.680 0.746 -0.000 -0.287 -0.601 0.691 -0.000 -0.647 0.323 0.771 0.000 -0.331 -0.544 0.698 0.000 -0.676 0.238 
0.704 -0.115 0.157 0.683 0.813 0.000 -0.562 0.155 0.718 -0.000 -0.178 -0.672 0.768 0.000 -0.610 0.197 0.724 0.000 -0.113 -0.680 0.746 0.000 -0.287 -0.601 0.691 0.000 -0.647 0.323 0.771 0.000 -0.331 -0.544 0.698 0.000 -0.676 0.238 
0.704 -0.115 0.157 0.683 0.813 0.000 -0.562 0.155 0.718 -0.000 -0.178 -0.672 0.768 -0.000 -0.610 0.197 0.724 0.000 -0.113 -0.680 0.746 0.000 -0.287 -0.601 0.691 0.000 -0.647 0.323 0.771 -0.000 -0.331 -0.544 0.698 0.000 -0.676 0.238 
0.704 -0.115 0.157 0.683 0.813 0.000 -0.562 0.155 0.718 -0.000 -0.178 -0.672 0.768 -0.000 -0.610 0.197 0.724 0.000 -0.113 -0.680 0.746 0.000 -0.287 -0.601 0.691 0.000 -0.647 0.323 0.771 0.000 -0.331 -0.544 0.698 -0.000 -0.676 0.238 
0.704 -0.115 0.157 0.683 0.813 0.000 -0.562 0.155 0.719 -0.000 -0.178 -0.672 0.768 -0.000 -0.610 0.197 0.724 0.000 -0.113 -0.680 0.746 -0.000 -0.287 -0.601 0.691 0.000 -0.647 0.322 0.771 0.000 -0.331 -0.544 0.698 0.000 -0.676 0.238 
0.704 -0.115 0.157 0.683 0.813 0.000 -0.562 0.155 0.719 0.000 -0.178 -0.672 0.768 -0.000 -0.610 0.197 0.724 0.000 -0.113 -0.680 0.746 0.000 -0.287 -0.601 0.691 0.000 -0.647 0.323 0.771 -0.000 -0.331 -0.544 0.697 -0.000 -0.676 0.238 
0.704 -0.115 0.157 0.683 0.813 0.000 -0.562 0.155 0.719 0.000 -0.178 -0.672 0.768 0.000 -0.610 0.197 0.724 0.000 -0.113 -0.680 0.746 0.000 -0.287 -0.601 0.691 0.000 -0.647 0.323 0.771 -0.000 -0.331 -0.544 0.697 0.000 -0.676 0.238 
0.704 -0.115 0.157 0.683 0.813 0.000 -0.562 0.155 0.719 0.000 -0.178 -0.672 0.768 0.000 -0.609 0.197 0.724 -0.000 -0.113 -0.680 0.746 0.000 -0.287 -0.601 0.691 0.000 -0.647 0.323 0.771 0.000 -0.331 -0.544 0.697 0.000 -0.676 0.238 
0.704 -0.115 0.157 0.683 0.813 0.000 -0.562 0.155 0.719 0.000 -0.178 -0.672 0.768 0.000 -0.609 0.197 0.724 -0.000 -0.113 -0.680 0.746 0.000 -0.287 -0.601 0.691 0.000 -0.647 0.323 0.771 -0.000 -0.331 -0.544 0.697 0.000 -0.676 0.238 
0.704 -0.115 0.157 0.683 0.813 -0.000 -0.562 0.155 0.718 0.000 -0.178 -0.672 0.768 0.000 -0.609 0.197 0.724 0.000 -0.113 -0.680 0.746 0.000 -0.287 -0.601 0.691 0.000 -0.647 0.323 0.771 0.000 -0.331 -0.544 0.697 0.000 -0.676 0.238 
0.704 -0.115 0.156 0.683 0.813 0.000 -0.562 0.155 0.719 0.000 -0.178 -0.672 0.768 0.000 -0.609 0.197 0.724 0.000 -0.113 -0.680 0.746 -0.000 -0.287 -0.601 0.691 0.000 -0.647 0.322 0.771 0.000 -0.331 -0.544 0.697 0.000 -0.676 0.238 
0.704 -0.115 0.157 0.683 0.813 0.000 -0.562 0.155 0.719 0.000 -0.178 -0.672 0.768 0.000 -0.609 0.197 0.724 -0.000 -0.113 -0.680 0.746 0.000 -0.287 -0.601 0.691 0.000 -0.647 0.323 0.771 0.000 -0.331 -0.544 0.697 0.000 -0.676 0.238 
0.704 -0.115 0.157 0.683 0.813 0.000 -0.562 0.155 0.718 0.000 -0.178 -0.673 0.768 0.000 -0.609 0.197 0.724 0.000 -0.113 -0.680 0.746 0.000 -0.287 -0.601 0.691 0.000 -0.647 0.322 0.771 0.000 -0.331 -0.544 0.697 -0.000 -0.676 0.238 
0.704 -0.115 0.157 0.683 0.813 0.000 -0.562 0.155 0.718 0.000 -0.177 -0.673 0.768 0.000 -0.610 0.197 0.724 0.000 -0.113 -0.680 0.746 0.000 -0.287 -0.601 0.691 0.000 -0.647 0.323 0.771 -0.000 -0.331 -0.544 0.697 -0.000 -0.676 0.238 
0.704 -0.115 0.157 0.683 0.813 0.000 -0.562 0.155 0.719 0.000 -0.177 -0.673 0.768 0.000 -0.609 0.197 0.724 0.000 -0.113 -0.680 0.746 0.000 -0.287 -0.601 0.691 0.000 -0.647 0.322 0.771 0.000 -0.331 -0.544 0.697 0.000 -0.676 0.238 
0.704 -0.115 0.156 0.683 0.812 0.000 -0.562 0.155 0.719 0.000 -0.177 -0.673 0.768 0.000 -0.610 0.197 0.724 0.000 -0.113 -0.680 0.746 0.000 -0.287 -0.601 0.691 0.000 -0.647 0.322 0.771 0.000 -0.331 -0.544 0.697 0.000 -0.676 0.238 
0.704 -0.115 0.157 0.683 0.813 0.000 -0.562 0.155 0.718 0.000 -0.178 -0.673 0.768 0.000 -0.610 0.197 0.724 0.000 -0.112 -0.680 0.746 -0.000 -0.287 -0.601 0.691 0.000 -0.647 0.323 0.771 0.000 -0.331 -0.544 0.697 -0.000 -0.676 0.238 
0.704 -0.115 0.157 0.683 0.812 0.000 -0.562 0.155 0.718 -0.000 -0.177 -0.673 0.768 0.000 -0.609 0.197 0.724 0.000 -0.112 -0.680 0.746 -0.000 -0.287 -0.601 0.691 0.000 -0.647 0.323 0.771 -0.000 -0.331 -0.544 0.697 0.000 -0.676 0.238 
0.704 -0.115 0.157 0.683 0.812 0.000 -0.562 0.155 0.718 0.000 -0.177 -0.673 0.768 0.000 -0.610 0.197 0.724 0.000 -0.113 -0.680 0.746 0.000 -0.287 -0.601 0.691 0.000 -0.647 0.323 0.771 -0.000 -0.331 -0.544 0.697 0.000 -0.676 0.238 
0.704 -0.115 0.157 0.683 0.812 0.000 -0.562 0.155 0.718 0.000 -0.177 -0.673 0.768 0.000 -0.610 0.197 0.724 0.000 -0.113 -0.680 0.746 0.000 -0.287 -0.601 0.691 0.000 -0.647 0.323 0.771 -0.000 -0.331 -0.544 0.697 -0.000 -0.676 0.238 
0.704 -0.115 0.157 0.683 0.812 0.000 -0.562 0.155 0.718 0.000 -0.177 -0.673 0.768 0.000 -0.610 0.197 0.724 0.000 -0.113 -0.680 0.746 0.000 -0.287 -0.601 0.691 0.000 -0.647 0.323 0.771 0.000 -0.331 -0.544 0.697 0.000 -0.676 0.238 
0.704 -0.115 0.157 0.683 0.812 -0.000 -0.562 0.155 0.718 0.000 -0.177 -0.673 0.768 0.000 -0.610 0.197 0.724 -0.000 -0.112 -0.680 0.746 0.000 -0.287 -0.601 0.691 0.000 -0.647 0.323 0.771 0.000 -0.331 -0.544 0.697 0.000 -0.676 0.238 
0.704 -0.115 0.157 0.683 0.812 -0.000 -0.562 0.155 0.718 0.000 -0.177 -0.673 0.768 0.000 -0.610 0.197 0.724 0.000 -0.112 -0.680 0.746 0.000 -0.287 -0.601 0.691 0.000 -0.647 0.323 0.771 0.000 -0.331 -0.544 0.697 -0.000 -0.676 0.238 
0.704 -0.115 0.157 0.683 0.812 -0.000 -0.562 0.155 0.718 0.000 -0.177 -0.673 0.768 0.000 -0.610 0.197 0.724 0.000 -0.112 -0.680 0.746 -0.000 -0.287 -0.601 0.691 0.000 -0.647 0.323 0.771 0.000 -0.331 -0.544 0.697 0.000 -0.676 0.238 
0.704 -0.115 0.157 0.683 0.812 0.000 -0.562 0.156 0.718 0.000 -0.177 -0.673 0.767 0.000 -0.611 0.196 0.725 0.000 -0.110 -0.679 0.746 0.000 -0.288 -0.600 0.691 0.000 -0.647 0.323 0.771 0.000 -0.332 -0.544 0.697 0.000 -0.676 0.239 
0.704 -0.115 0.157 0.683 0.812 0.000 -0.562 0.156 0.718 0.000 -0.178 -0.673 0.767 0.000 -0.612 0.195 0.726 0.000 -0.110 -0.679 0.746 -0.000 -0.288 -0.600 0.691 0.000 -0.646 0.324 0.771 -0.000 -0.332 -0.544 0.697 -0.000 -0.676 0.239 
0.704 -0.115 0.157 0.683 0.812 0.000 -0.562 0.156 0.718 0.000 -0.177 -0.673 0.767 0.000 -0.612 0.195 0.726 0.000 -0.110 -0.679 0.746 -0.000 -0.288 -0.600 0.691 0.000 -0.647 0.323 0.771 -0.000 -0.332 -0.544 0.697 0.000 -0.676 0.239 
0.704 -0.115 0.157 0.683 0.812 0.000 -0.562 0.156 0.718 0.000 -0.178 -0.672 0.767 0.000 -0.612 0.195 0.726 0.000 -0.110 -0.679 0.746 0.000 -0.288 -0.600 0.691 -0.000 -0.646 0.324 0.771 -0.000 -0.332 -0.544 0.697 -0.000 -0.676 0.239 
0.704 -0.115 0.157 0.683 0.812 0.000 -0.562 0.156 0.719 0.000 -0.177 -0.673 0.767 -0.000 -0.612 0.195 0.726 0.000 -0.110 -0.679 0.746 0.000 -0.288 -0.600 0.691 0.000 -0.646 0.324 0.771 0.000 -0.332 -0.544 0.697 -0.000 -0.676 0.239 
0.704 -0.115 0.157 0.683 0.812 -0.000 -0.562 0.156 0.718 0.000 -0.178 -0.673 0.767 0.000 -0.612 0.195 0.726 0.000 -0.110 -0.679 0.746 0.000 -0.288 -0.600 0.691 0.000 -0.646 0.324 0.771 0.000 -0.332 -0.544 0.697 0.000 -0.676 0.239 
0.704 -0.115 0.157 0.683 0.812 0.000 -0.562 0.156 0.719 -0.000 -0.178 -0.672 0.767 0.000 -0.612 0.195 0.726 0.000 -0.110 -0.679 0.746 0.000 -0.288 -0.600 0.691 0.000 -0.647 0.324 0.771 -0.000 -0.332 -0.544 0.697 0.000 -0.676 0.239 
0.704 -0.115 0.157 0.683 0.812 0.000 -0.562 0.155 0.719 0.000 -0.178 -0.672 0.767 0.000 -0.612 0.195 0.726 0.000 -0.110 -0.679 0.746 0.000 -0.288 -0.601 0.691 0.000 -0.647 0.324 0.771 0.000 -0.332 -0.544 0.697 0.000 -0.676 0.239 
0.704 -0.115 0.157 0.683 0.812 0.000 -0.562 0.155 0.719 -0.000 -0.177 -0.673 0.767 0.000 -0.610 0.197 0.724 0.000 -0.112 -0.680 0.746 0.000 -0.287 -0.601 0.691 0.000 -0.647 0.323 0.771 0.000 -0.331 -0.544 0.697 0.000 -0.676 0.238 
0.704 -0.115 0.157 0.683 0.812 0.000 -0.562 0.155 0.719 0.000 -0.176 -0.673 0.768 0.000 -0.610 0.197 0.724 0.000 -0.113 -0.680 0.746 0.000 -0.287 -0.601 0.691 -0.000 -0.647 0.323 0.771 -0.000 -0.331 -0.544 0.697 0.000 -0.676 0.238 
0.704 -0.115 0.157 0.683 0.812 0.000 -0.562 0.155 0.719 0.000 -0.177 -0.673 0.767 -0.000 -0.610 0.197 0.724 0.000 -0.112 -0.680 0.746 0.000 -0.287 -0.601 0.691 0.000 -0.647 0.323 0.771 -0.000 -0.331 -0.544 0.697 -0.000 -0.676 0.238 
0.704 -0.115 0.157 0.683 0.812 0.000 -0.562 0.154 0.719 -0.000 -0.176 -0.673 0.767 0.000 -0.610 0.197 0.724 -0.000 -0.113 -0.680 0.746 0.000 -0.287 -0.601 0.691 0.000 -0.647 0.323 0.771 -0.000 -0.331 -0.544 0.697 0.000 -0.676 0.239 
0.704 -0.115 0.157 0.683 0.812 0.000 -0.562 0.155 0.719 0.000 -0.176 -0.673 0.767 0.000 -0.610 0.197 0.724 -0.000 -0.113 -0.680 0.746 0.000 -0.287 -0.601 0.691 0.000 -0.647 0.323 0.771 0.000 -0.331 -0.544 0.697 0.000 -0.676 0.238 
0.704 -0.115 0.157 0.683 0.812 0.000 -0.562 0.155 0.719 0.000 -0.177 -0.673 0.767 0.000 -0.611 0.196 0.725 0.000 -0.111 -0.680 0.746 -0.000 -0.287 -0.601 0.691 0.000 -0.647 0.323 0.771 0.000 -0.331 -0.544 0.697 0.000 -0.676 0.239 
0.704 -0.115 0.157 0.683 0.812 0.000 -0.562 0.155 0.719 0.000 -0.177 -0.673 0.766 -0.000 -0.612 0.195 0.726 0.000 -0.111 -0.679 0.746 0.000 -0.288 -0.601 0.691 0.000 -0.647 0.324 0.771 0.000 -0.332 -0.544 0.697 -0.000 -0.676 0.239 
0.704 -0.115 0.157 0.683 0.812 0.000 -0.562 0.155 0.719 0.000 -0.177 -0.673 0.766 -0.000 -0.612 0.195 0.726 0.000 -0.111 -0.679 0.746 -0.000 -0.288 -0.600 0.691 0.000 -0.646 0.324 0.771 0.000 -0.332 -0.544 0.697 0.000 -0.676 0.239 
0.704 -0.115 0.157 0.683 0.812 0.000 -0.562 0.155 0.719 0.000 -0.177 -0.673 0.766 0.000 -0.612 0.195 0.726 -0.000 -0.111 -0.679 0.746 0.000 -0.288 -0.601 0.691 0.000 -0.646 0.324 0.771 0.000 -0.332 -0.544 0.697 0.000 -0.676 0.239 
0.704 -0.115 0.157 0.683 0.812 0.000 -0.562 0.155 0.719 0.000 -0.176 -0.673 0.766 0.000 -0.612 0.195 0.726 -0.000 -0.111 -0.679 0.746 0.000 -0.288 -0.600 0.691 0.000 -0.646 0.324 0.771 0.000 -0.332 -0.544 0.697 0.000 -0.676 0.239 
0.704 -0.115 0.157 0.683 0.812 0.000 -0.562 0.155 0.719 0.000 -0.176 -0.673 0.767 0.000 -0.612 0.195 0.726 0.000 -0.111 -0.679 0.746 0.000 -0.288 -0.600 0.691 0.000 -0.646 0.324 0.771 -0.000 -0.332 -0.544 0.697 0.000 -0.676 0.239 
0.704 -0.115 0.157 0.683 0.812 -0.000 -0.562 0.155 0.719 0.000 -0.176 -0.673 0.766 0.000 -0.612 0.195 0.726 0.000 -0.111 -0.679 0.746 -0.000 -0.288 -0.600 0.691 0.000 -0.646 0.324 0.771 0.000 -0.332 -0.544 0.697 0.000 -0.676 0.239 
0.704 -0.115 0.157 0.683 0.813 0.000 -0.562 0.155 0.719 0.000 -0.176 -0.673 0.766 -0.000 -0.612 0.195 0.726 0.000 -0.111 -0.679 0.746 0.000 -0.288 -0.601 0.691 0.000 -0.647 0.324 0.771 0.000 -0.332 -0.544 0.697 0.000 -0.676 0.239 
0.704 -0.115 0.157 0.683 0.813 0.000 -0.562 0.155 0.719 0.000 -0.176 -0.673 0.766 -0.000 -0.612 0.195 0.726 0.000 -0.112 -0.679 0.746 0.000 -0.288 -0.600 0.691 0.000 -0.646 0.324 0.771 0.000 -0.332 -0.544 0.697 0.000 -0.676 0.239 
0.704 -0.115 0.157 0.683 0.813 0.000 -0.562 0.155 0.719 0.000 -0.176 -0.673 0.766 0.000 -0.612 0.195 0.726 0.000 -0.112 -0.679 0.746 -0.000 -0.288 -0.601 0.691 0.000 -0.646 0.324 0.771 -0.000 -0.332 -0.544 0.697 0.000 -0.676 0.239 
0.704 -0.115 0.157 0.683 0.813 -0.000 -0.562 0.155 0.719 -0.000 -0.175 -0.673 0.766 0.000 -0.612 0.195 0.726 0.000 -0.112 -0.679 0.746 -0.000 -0.288 -0.600 0.691 0.000 -0.646 0.324 0.771 0.000 -0.332 -0.544 0.697 0.000 -0.676 0.239 
0.704 -0.115 0.157 0.683 0.812 0.000 -0.562 0.155 0.719 0.000 -0.175 -0.673 0.766 0.000 -0.612 0.195 0.726 -0.000 -0.111 -0.679 0.746 0.000 -0.288 -0.600 0.691 0.000 -0.647 0.324 0.771 0.000 -0.332 -0.544 0.697 0.000 -0.676 0.239 
0.704 -0.115 0.157 0.683 0.813 -0.000 -0.562 0.155 0.719 0.000 -0.175 -0.673 0.766 0.000 -0.612 0.195 0.726 0.000 -0.112 -0.679 0.746 0.000 -0.288 -0.600 0.691 0.000 -0.647 0.324 0.771 0.000 -0.332 -0.544 0.697 -0.000 -0.676 0.239 
0.704 -0.115 0.157 0.683 0.813 0.000 -0.562 0.155 0.719 0.000 -0.175 -0.673 0.766 0.000 -0.612 0.195 0.726 0.000 -0.112 -0.679 0.746 -0.000 -0.288 -0.601 0.691 0.000 -0.646 0.324 0.771 0.000 -0.332 -0.544 0.697 0.000 -0.676 0.239 
0.704 -0.115 0.157 0.683 0.813 0.000 -0.562 0.155 0.718 0.000 -0.176 -0.673 0.766 0.000 -0.612 0.195 0.726 0.000 -0.112 -0.679 0.746 0.000 -0.288 -0.600 0.691 0.000 -0.646 0.324 0.771 -0.000 -0.332 -0.544 0.697 0.000 -0.676 0.239 
0.704 -0.115 0.157 0.683 0.813 0.000 -0.562 0.155 0.719 0.000 -0.176 -0.673 0.766 0.000 -0.612 0.195 0.726 0.000 -0.112 -0.679 0.746 0.000 -0.288 -0.600 0.691 0.000 -0.647 0.324 0.771 0.000 -0.332 -0.544 0.697 0.000 -0.676 0.239 
0.704 -0.115 0.157 0.683 0.813 -0.000 -0.562 0.155 0.719 0.000 -0.176 -0.673 0.766 -0.000 -0.612 0.195 0.726 0.000 -0.112 -0.679 0.746 0.000 -0.288 -0.600 0.691 0.000 -0.647 0.324 0.771 -0.000 -0.332 -0.544 0.697 -0.000 -0.676 0.239 
0.704 -0.115 0.157 0.683 0.813 0.000 -0.562 0.155 0.718 0.000 -0.176 -0.673 0.766 0.000 -0.612 0.195 0.725 0.000 -0.112 -0.679 0.746 0.000 -0.288 -0.600 0.691 0.000 -0.647 0.324 0.771 0.000 -0.332 -0.544 0.697 0.000 -0.676 0.239 
0.704 -0.115 0.157 0.683 0.813 0.000 -0.562 0.155 0.718 0.000 -0.176 -0.673 0.766 0.000 -0.612 0.195 0.726 0.000 -0.112 -0.679 0.746 0.000 -0.288 -0.601 0.691 0.000 -0.647 0.324 0.771 -0.000 -0.332 -0.544 0.697 0.000 -0.676 0.239 
0.704 -0.115 0.157 0.682 0.813 -0.000 -0.562 0.155 0.718 0.000 -0.176 -0.673 0.766 -0.000 -0.612 0.195 0.725 0.000 -0.112 -0.679 0.746 -0.000 -0.288 -0.601 0.691 0.000 -0.646 0.324 0.771 -0.000 -0.332 -0.543 0.697 0.000 -0.676 0.239 
0.705 -0.115 0.158 0.682 0.813 -0.000 -0.562 0.155 0.718 0.000 -0.177 -0.673 0.766 0.000 -0.612 0.196 0.725 0.000 -0.113 -0.679 0.746 0.000 -0.288 -0.601 0.691 0.000 -0.646 0.325 0.772 0.000 -0.332 -0.542 0.697 0.000 -0.676 0.240 
0.705 -0.116 0.158 0.682 0.813 0.000 -0.562 0.155 0.718 0.000 -0.177 -0.673 0.766 0.000 -0.612 0.196 0.725 -0.000 -0.112 -0.679 0.746 -0.000 -0.288 -0.601 0.691 0.000 -0.646 0.325 0.772 0.000 -0.332 -0.542 0.697 0.000 -0.675 0.240 
0.705 -0.116 0.158 0.682 0.813 0.000 -0.561 0.155 0.718 0.000 -0.178 -0.672 0.766 0.000 -0.612 0.196 0.725 0.000 -0.112 -0.679 0.745 -0.000 -0.289 -0.601 0.691 0.000 -0.646 0.325 0.772 -0.000 -0.332 -0.541 0.698 0.000 -0.675 0.239 
0.705 -0.116 0.158 0.681 0.813 0.000 -0.561 0.155 0.718 0.000 -0.178 -0.673 0.766 0.000 -0.612 0.196 0.725 0.000 -0.112 -0.679 0.745 0.000 -0.289 -0.601 0.691 -0.000 -0.646 0.325 0.772 0.000 -0.332 -0.541 0.697 -0.000 -0.675 0.240 
0.705 -0.115 0.157 0.682 0.813 -0.000 -0.562 0.155 0.718 0.000 -0.177 -0.673 0.767 0.000 -0.611 0.197 0.725 0.000 -0.114 -0.680 0.745 0.000 -0.288 -0.601 0.691 0.000 -0.646 0.324 0.772 0.000 -0.332 -0.542 0.697 0.000 -0.676 0.240 
