# T   LUA LFA RUA RFA LT  LS  RT  RS  
0.999 -0.023 0.037 -0.017 0.773 0.000 -0.632 0.056 0.989 0.000 -0.038 -0.144 0.735 0.000 -0.670 -0.100 0.797 0.000 -0.429 -0.425 0.720 0.000 -0.694 0.019 0.993 0.000 0.058 0.104 0.682 0.000 -0.730 0.029 0.994 0.000 0.025 0.110 
0.999 -0.023 0.037 -0.017 0.773 0.000 -0.632 0.056 0.989 0.000 -0.038 -0.144 0.735 -0.000 -0.670 -0.100 0.797 0.000 -0.428 -0.425 0.720 0.000 -0.694 0.019 0.993 0.000 0.058 0.104 0.682 0.000 -0.730 0.028 0.994 0.000 0.025 0.110 
0.999 -0.023 0.037 -0.017 0.773 0.000 -0.632 0.056 0.989 0.000 -0.038 -0.144 0.735 -0.000 -0.671 -0.099 0.797 0.000 -0.428 -0.426 0.720 0.000 -0.694 0.019 0.993 0.000 0.058 0.104 0.682 0.000 -0.730 0.029 0.994 0.000 0.025 0.109 
0.999 -0.023 0.037 -0.017 0.773 0.000 -0.632 0.056 0.989 0.000 -0.038 -0.144 0.735 0.000 -0.671 -0.099 0.797 0.000 -0.427 -0.427 0.720 0.000 -0.694 0.018 0.993 0.000 0.058 0.104 0.682 0.000 -0.731 0.028 0.994 0.000 0.025 0.110 
0.999 -0.023 0.037 -0.017 0.773 -0.000 -0.632 0.056 0.989 0.000 -0.038 -0.144 0.735 0.000 -0.671 -0.098 0.797 0.000 -0.427 -0.428 0.720 0.000 -0.694 0.018 0.993 0.000 0.058 0.104 0.682 0.000 -0.731 0.028 0.994 0.000 0.025 0.109 
0.999 -0.023 0.037 -0.017 0.773 -0.000 -0.632 0.056 0.989 0.000 -0.038 -0.144 0.734 0.000 -0.671 -0.099 0.797 -0.000 -0.427 -0.428 0.720 0.000 -0.694 0.018 0.993 0.000 0.058 0.104 0.682 0.000 -0.731 0.028 0.994 0.000 0.025 0.109 
0.999 -0.023 0.037 -0.016 0.773 0.000 -0.632 0.057 0.989 0.000 -0.038 -0.144 0.734 0.000 -0.672 -0.098 0.796 0.000 -0.426 -0.430 0.720 0.000 -0.694 0.018 0.993 0.000 0.058 0.104 0.682 -0.000 -0.731 0.028 0.994 0.000 0.025 0.109 
0.999 -0.023 0.037 -0.016 0.773 0.000 -0.632 0.056 0.989 0.000 -0.038 -0.144 0.734 0.000 -0.672 -0.098 0.797 0.000 -0.426 -0.429 0.720 -0.000 -0.694 0.018 0.993 0.000 0.058 0.104 0.682 -0.000 -0.731 0.027 0.994 0.000 0.025 0.110 
0.999 -0.023 0.037 -0.016 0.773 -0.000 -0.632 0.056 0.989 0.000 -0.038 -0.143 0.734 0.000 -0.672 -0.098 0.797 0.000 -0.425 -0.429 0.720 0.000 -0.694 0.018 0.993 0.000 0.058 0.104 0.682 0.000 -0.731 0.027 0.994 0.000 0.025 0.110 
0.999 -0.023 0.037 -0.016 0.773 -0.000 -0.632 0.056 0.989 0.000 -0.038 -0.144 0.734 0.000 -0.672 -0.098 0.797 0.000 -0.424 -0.430 0.720 0.000 -0.694 0.018 0.993 0.000 0.058 0.104 0.682 -0.000 -0.731 0.027 0.994 0.000 0.025 0.110 
0.999 -0.023 0.037 -0.016 0.773 0.000 -0.632 0.056 0.989 0.000 -0.038 -0.143 0.734 -0.000 -0.672 -0.098 0.797 -0.000 -0.424 -0.430 0.720 0.000 -0.694 0.018 0.993 -0.000 0.058 0.104 0.682 0.000 -0.731 0.027 0.994 0.000 0.025 0.110 
0.999 -0.023 0.037 -0.016 0.773 -0.000 -0.632 0.056 0.989 0.000 -0.038 -0.143 0.734 0.000 -0.672 -0.098 0.797 0.000 -0.424 -0.430 0.720 0.000 -0.694 0.018 0.993 0.000 0.058 0.104 0.682 0.000 -0.731 0.027 0.994 0.000 0.025 0.110 
0.999 -0.022 0.037 -0.015 0.773 0.000 -0.632 0.056 0.989 0.000 -0.038 -0.143 0.734 0.000 -0.672 -0.098 0.797 0.000 -0.424 -0.431 0.720 0.000 -0.694 0.018 0.993 0.000 0.058 0.104 0.682 -0.000 -0.731 0.027 0.994 0.000 0.025 0.110 
0.999 -0.023 0.037 -0.015 0.773 0.000 -0.632 0.056 0.989 0.000 -0.039 -0.143 0.734 0.000 -0.672 -0.098 0.796 0.000 -0.424 -0.432 0.720 0.000 -0.694 0.019 0.993 0.000 0.058 0.104 0.682 0.000 -0.731 0.027 0.994 0.000 0.025 0.110 
0.999 -0.022 0.037 -0.015 0.773 0.000 -0.632 0.056 0.989 0.000 -0.038 -0.143 0.734 0.000 -0.672 -0.098 0.797 0.000 -0.424 -0.431 0.720 0.000 -0.694 0.018 0.993 0.000 0.058 0.104 0.682 -0.000 -0.731 0.026 0.994 0.000 0.025 0.110 
0.999 -0.022 0.037 -0.015 0.773 0.000 -0.632 0.056 0.989 0.000 -0.038 -0.143 0.734 0.000 -0.672 -0.098 0.797 0.000 -0.424 -0.431 0.720 -0.000 -0.694 0.018 0.993 0.000 0.058 0.104 0.682 0.000 -0.731 0.026 0.994 0.000 0.025 0.110 
0.999 -0.022 0.037 -0.014 0.773 0.000 -0.632 0.056 0.989 0.000 -0.039 -0.143 0.734 0.000 -0.672 -0.098 0.796 0.000 -0.424 -0.431 0.720 0.000 -0.694 0.018 0.993 0.000 0.058 0.104 0.682 0.000 -0.731 0.026 0.994 0.000 0.025 0.110 
0.999 -0.022 0.037 -0.014 0.773 0.000 -0.632 0.056 0.989 0.000 -0.039 -0.143 0.734 0.000 -0.672 -0.098 0.796 0.000 -0.424 -0.432 0.720 0.000 -0.694 0.019 0.993 0.000 0.058 0.104 0.682 0.000 -0.731 0.026 0.994 0.000 0.026 0.110 
0.999 -0.022 0.037 -0.014 0.772 -0.000 -0.633 0.056 0.989 0.000 -0.039 -0.144 0.735 0.000 -0.671 -0.098 0.796 0.000 -0.424 -0.432 0.720 0.000 -0.694 0.018 0.993 -0.000 0.058 0.104 0.682 0.000 -0.731 0.026 0.994 0.000 0.025 0.110 
0.999 -0.022 0.037 -0.014 0.772 0.000 -0.633 0.056 0.989 -0.000 -0.039 -0.144 0.735 -0.000 -0.671 -0.098 0.796 0.000 -0.424 -0.432 0.720 -0.000 -0.694 0.018 0.993 0.000 0.058 0.104 0.682 0.000 -0.731 0.026 0.994 0.000 0.025 0.110 
0.999 -0.022 0.037 -0.014 0.772 0.000 -0.633 0.056 0.989 0.000 -0.039 -0.144 0.735 0.000 -0.671 -0.097 0.796 0.000 -0.424 -0.432 0.720 0.000 -0.694 0.019 0.993 0.000 0.058 0.104 0.682 0.000 -0.731 0.026 0.994 0.000 0.026 0.109 
0.999 -0.022 0.037 -0.013 0.772 0.000 -0.633 0.056 0.989 -0.000 -0.039 -0.144 0.735 0.000 -0.671 -0.097 0.796 0.000 -0.423 -0.432 0.720 0.000 -0.694 0.018 0.993 0.000 0.058 0.104 0.682 0.000 -0.731 0.026 0.994 0.000 0.026 0.110 
0.999 -0.022 0.037 -0.013 0.772 -0.000 -0.633 0.056 0.989 0.000 -0.039 -0.144 0.735 0.000 -0.672 -0.097 0.796 0.000 -0.423 -0.433 0.720 0.000 -0.694 0.018 0.993 0.000 0.058 0.104 0.682 0.000 -0.731 0.025 0.994 -0.000 0.025 0.110 
0.999 -0.022 0.037 -0.013 0.772 0.000 -0.633 0.056 0.989 0.000 -0.039 -0.144 0.735 0.000 -0.672 -0.096 0.796 0.000 -0.423 -0.433 0.720 0.000 -0.694 0.019 0.993 0.000 0.058 0.104 0.682 0.000 -0.731 0.024 0.993 0.000 0.026 0.112 
0.999 -0.022 0.037 -0.013 0.772 0.000 -0.633 0.056 0.989 0.000 -0.039 -0.144 0.735 0.000 -0.672 -0.096 0.796 -0.000 -0.423 -0.433 0.720 0.000 -0.694 0.018 0.993 0.000 0.058 0.104 0.682 0.000 -0.731 0.025 0.994 0.000 0.026 0.110 
0.999 -0.022 0.037 -0.013 0.772 0.000 -0.633 0.056 0.989 0.000 -0.039 -0.144 0.735 0.000 -0.672 -0.096 0.796 0.000 -0.422 -0.434 0.720 0.000 -0.694 0.019 0.993 0.000 0.058 0.104 0.682 0.000 -0.731 0.025 0.994 0.000 0.026 0.110 
0.999 -0.022 0.037 -0.013 0.772 0.000 -0.633 0.056 0.989 0.000 -0.039 -0.144 0.735 0.000 -0.672 -0.096 0.796 0.000 -0.421 -0.434 0.720 -0.000 -0.694 0.019 0.993 0.000 0.058 0.104 0.682 0.000 -0.731 0.025 0.994 0.000 0.026 0.110 
0.999 -0.022 0.037 -0.013 0.772 -0.000 -0.633 0.056 0.989 0.000 -0.039 -0.145 0.735 -0.000 -0.672 -0.095 0.796 0.000 -0.421 -0.435 0.720 0.000 -0.694 0.019 0.993 0.000 0.058 0.104 0.682 0.000 -0.731 0.026 0.994 0.000 0.026 0.109 
0.999 -0.022 0.037 -0.013 0.772 0.000 -0.633 0.056 0.989 0.000 -0.039 -0.145 0.735 0.000 -0.671 -0.095 0.796 0.000 -0.421 -0.435 0.719 0.000 -0.694 0.019 0.993 0.000 0.058 0.104 0.682 0.000 -0.731 0.026 0.994 0.000 0.026 0.110 
0.999 -0.022 0.037 -0.013 0.772 -0.000 -0.634 0.055 0.989 0.000 -0.039 -0.145 0.735 0.000 -0.671 -0.095 0.796 0.000 -0.420 -0.436 0.720 0.000 -0.694 0.019 0.993 0.000 0.058 0.104 0.682 0.000 -0.731 0.026 0.994 0.000 0.026 0.110 
0.999 -0.022 0.037 -0.013 0.772 -0.000 -0.634 0.055 0.989 0.000 -0.039 -0.145 0.735 0.000 -0.671 -0.095 0.796 0.000 -0.419 -0.436 0.720 0.000 -0.694 0.019 0.993 -0.000 0.058 0.104 0.682 0.000 -0.731 0.026 0.994 0.000 0.026 0.110 
0.999 -0.022 0.037 -0.013 0.772 -0.000 -0.633 0.055 0.989 0.000 -0.039 -0.145 0.735 0.000 -0.671 -0.094 0.796 0.000 -0.419 -0.437 0.720 0.000 -0.694 0.019 0.993 0.000 0.058 0.104 0.682 0.000 -0.731 0.025 0.994 0.000 0.026 0.110 
0.999 -0.022 0.037 -0.013 0.771 -0.000 -0.634 0.055 0.989 0.000 -0.039 -0.146 0.735 -0.000 -0.671 -0.094 0.795 0.000 -0.419 -0.438 0.720 -0.000 -0.694 0.019 0.993 0.000 0.058 0.104 0.682 -0.000 -0.731 0.025 0.994 -0.000 0.026 0.110 
0.999 -0.022 0.037 -0.013 0.771 0.000 -0.634 0.055 0.989 0.000 -0.039 -0.146 0.735 0.000 -0.671 -0.094 0.795 0.000 -0.418 -0.438 0.720 0.000 -0.694 0.019 0.993 0.000 0.058 0.104 0.682 0.000 -0.731 0.026 0.994 0.000 0.026 0.110 
0.999 -0.022 0.037 -0.013 0.771 0.000 -0.634 0.055 0.988 0.000 -0.039 -0.146 0.735 0.000 -0.671 -0.094 0.795 0.000 -0.418 -0.439 0.720 0.000 -0.694 0.019 0.993 0.000 0.058 0.104 0.682 0.000 -0.731 0.025 0.994 -0.000 0.026 0.110 
0.999 -0.022 0.037 -0.013 0.771 0.000 -0.634 0.055 0.988 -0.000 -0.039 -0.146 0.736 0.000 -0.671 -0.094 0.796 0.000 -0.417 -0.440 0.720 -0.000 -0.694 0.019 0.993 0.000 0.059 0.103 0.682 0.000 -0.731 0.025 0.994 0.000 0.025 0.110 
0.999 -0.022 0.037 -0.013 0.771 -0.000 -0.634 0.056 0.988 0.000 -0.040 -0.146 0.736 0.000 -0.671 -0.094 0.796 0.000 -0.416 -0.440 0.720 0.000 -0.694 0.019 0.993 0.000 0.058 0.104 0.682 0.000 -0.731 0.025 0.994 0.000 0.025 0.110 
0.999 -0.022 0.037 -0.013 0.771 0.000 -0.635 0.056 0.988 0.000 -0.040 -0.147 0.736 0.000 -0.671 -0.094 0.796 0.000 -0.415 -0.441 0.720 -0.000 -0.694 0.019 0.993 0.000 0.058 0.104 0.682 0.000 -0.731 0.025 0.994 0.000 0.025 0.110 
0.999 -0.022 0.037 -0.013 0.771 0.000 -0.635 0.056 0.988 0.000 -0.040 -0.147 0.736 0.000 -0.670 -0.094 0.795 0.000 -0.415 -0.442 0.720 0.000 -0.694 0.019 0.993 0.000 0.058 0.104 0.682 0.000 -0.731 0.026 0.994 0.000 0.025 0.110 
0.999 -0.022 0.037 -0.013 0.771 0.000 -0.635 0.056 0.988 0.000 -0.040 -0.147 0.736 0.000 -0.670 -0.094 0.795 0.000 -0.413 -0.443 0.720 -0.000 -0.694 0.019 0.993 0.000 0.058 0.103 0.682 0.000 -0.731 0.026 0.994 0.000 0.026 0.110 
0.999 -0.022 0.037 -0.013 0.771 0.000 -0.635 0.056 0.988 0.000 -0.040 -0.147 0.736 0.000 -0.670 -0.094 0.795 0.000 -0.413 -0.444 0.720 0.000 -0.694 0.019 0.993 0.000 0.058 0.103 0.682 0.000 -0.731 0.026 0.994 0.000 0.025 0.109 
0.999 -0.022 0.037 -0.013 0.770 0.000 -0.635 0.056 0.988 -0.000 -0.040 -0.147 0.737 -0.000 -0.670 -0.094 0.795 0.000 -0.412 -0.445 0.720 0.000 -0.694 0.020 0.993 0.000 0.059 0.103 0.682 0.000 -0.731 0.025 0.994 0.000 0.025 0.110 
0.999 -0.022 0.037 -0.013 0.770 0.000 -0.635 0.057 0.988 0.000 -0.040 -0.147 0.737 0.000 -0.670 -0.093 0.796 0.000 -0.411 -0.445 0.720 -0.000 -0.694 0.019 0.993 0.000 0.058 0.103 0.682 -0.000 -0.731 0.026 0.994 -0.000 0.025 0.110 
0.999 -0.022 0.037 -0.013 0.770 0.000 -0.635 0.057 0.988 0.000 -0.040 -0.147 0.737 0.000 -0.669 -0.093 0.796 0.000 -0.409 -0.447 0.720 0.000 -0.694 0.020 0.993 0.000 0.058 0.103 0.682 -0.000 -0.731 0.026 0.994 0.000 0.025 0.109 
0.999 -0.022 0.037 -0.013 0.770 -0.000 -0.635 0.057 0.988 0.000 -0.040 -0.147 0.737 -0.000 -0.669 -0.093 0.795 0.000 -0.408 -0.448 0.720 0.000 -0.694 0.020 0.993 0.000 0.058 0.103 0.682 0.000 -0.731 0.026 0.994 0.000 0.025 0.109 
0.999 -0.022 0.037 -0.013 0.770 0.000 -0.635 0.057 0.988 0.000 -0.040 -0.147 0.737 0.000 -0.669 -0.093 0.796 0.000 -0.406 -0.449 0.720 0.000 -0.694 0.020 0.993 0.000 0.058 0.103 0.682 0.000 -0.731 0.026 0.994 0.000 0.026 0.109 
0.999 -0.022 0.037 -0.013 0.770 0.000 -0.636 0.058 0.988 -0.000 -0.041 -0.147 0.737 0.000 -0.669 -0.092 0.796 0.000 -0.405 -0.451 0.720 0.000 -0.694 0.020 0.993 0.000 0.058 0.103 0.682 0.000 -0.731 0.026 0.994 0.000 0.026 0.110 
0.999 -0.022 0.037 -0.013 0.770 0.000 -0.635 0.058 0.988 0.000 -0.041 -0.147 0.737 0.000 -0.669 -0.092 0.796 0.000 -0.402 -0.452 0.720 0.000 -0.694 0.020 0.993 0.000 0.058 0.103 0.682 0.000 -0.731 0.026 0.994 0.000 0.026 0.109 
0.999 -0.022 0.037 -0.012 0.770 0.000 -0.636 0.058 0.988 -0.000 -0.041 -0.147 0.738 -0.000 -0.669 -0.092 0.795 0.000 -0.401 -0.455 0.720 0.000 -0.694 0.021 0.993 0.000 0.059 0.103 0.682 0.000 -0.731 0.027 0.994 0.000 0.026 0.109 
0.999 -0.022 0.037 -0.012 0.770 0.000 -0.636 0.058 0.988 0.000 -0.041 -0.146 0.737 0.000 -0.669 -0.091 0.796 0.000 -0.398 -0.456 0.720 0.000 -0.694 0.021 0.993 0.000 0.058 0.103 0.682 -0.000 -0.731 0.027 0.994 0.000 0.026 0.109 
0.999 -0.022 0.037 -0.012 0.770 -0.000 -0.636 0.059 0.988 -0.000 -0.041 -0.146 0.738 0.000 -0.669 -0.090 0.796 0.000 -0.396 -0.458 0.720 -0.000 -0.694 0.021 0.993 -0.000 0.058 0.103 0.682 0.000 -0.731 0.027 0.994 0.000 0.026 0.109 
0.999 -0.022 0.037 -0.012 0.770 0.000 -0.636 0.059 0.988 0.000 -0.041 -0.146 0.738 0.000 -0.669 -0.089 0.795 0.000 -0.394 -0.461 0.720 -0.000 -0.694 0.021 0.993 0.000 0.059 0.103 0.682 0.000 -0.731 0.027 0.994 0.000 0.026 0.109 
0.999 -0.022 0.037 -0.012 0.770 -0.000 -0.636 0.059 0.989 0.000 -0.041 -0.145 0.738 -0.000 -0.670 -0.087 0.795 0.000 -0.391 -0.464 0.720 0.000 -0.694 0.022 0.993 0.000 0.059 0.103 0.682 -0.000 -0.731 0.028 0.994 0.000 0.026 0.109 
0.999 -0.023 0.037 -0.011 0.770 0.000 -0.636 0.059 0.989 0.000 -0.041 -0.145 0.737 0.000 -0.670 -0.086 0.795 0.000 -0.388 -0.467 0.720 0.000 -0.694 0.022 0.993 0.000 0.058 0.103 0.682 0.000 -0.731 0.028 0.994 0.000 0.026 0.109 
0.999 -0.023 0.037 -0.011 0.770 0.000 -0.635 0.060 0.989 -0.000 -0.041 -0.144 0.737 0.000 -0.670 -0.085 0.794 0.000 -0.384 -0.470 0.720 0.000 -0.694 0.022 0.993 0.000 0.059 0.103 0.682 0.000 -0.731 0.028 0.994 0.000 0.026 0.109 
0.999 -0.023 0.037 -0.011 0.769 0.000 -0.636 0.060 0.989 0.000 -0.041 -0.144 0.737 0.000 -0.671 -0.083 0.794 0.000 -0.381 -0.474 0.720 0.000 -0.694 0.023 0.993 0.000 0.059 0.103 0.682 -0.000 -0.731 0.028 0.994 -0.000 0.026 0.109 
0.999 -0.023 0.037 -0.011 0.769 0.000 -0.636 0.060 0.989 0.000 -0.040 -0.144 0.737 0.000 -0.671 -0.082 0.795 -0.000 -0.378 -0.475 0.720 -0.000 -0.694 0.023 0.993 0.000 0.059 0.103 0.682 0.000 -0.731 0.028 0.994 0.000 0.027 0.109 
0.999 -0.023 0.037 -0.011 0.770 0.000 -0.635 0.060 0.989 0.000 -0.041 -0.143 0.737 -0.000 -0.671 -0.080 0.795 0.000 -0.374 -0.478 0.720 0.000 -0.694 0.023 0.993 0.000 0.060 0.103 0.682 0.000 -0.731 0.029 0.994 0.000 0.027 0.109 
0.999 -0.024 0.037 -0.011 0.769 -0.000 -0.636 0.062 0.989 0.000 -0.041 -0.143 0.736 0.000 -0.672 -0.080 0.796 0.000 -0.368 -0.481 0.720 0.000 -0.694 0.024 0.993 0.000 0.060 0.103 0.682 0.000 -0.731 0.030 0.994 0.000 0.027 0.109 
0.999 -0.024 0.037 -0.011 0.769 0.000 -0.636 0.062 0.989 -0.000 -0.041 -0.144 0.736 0.000 -0.673 -0.078 0.796 0.000 -0.363 -0.485 0.720 0.000 -0.694 0.025 0.993 0.000 0.060 0.103 0.682 0.000 -0.731 0.030 0.994 0.000 0.027 0.109 
0.999 -0.024 0.037 -0.010 0.769 0.000 -0.636 0.063 0.989 0.000 -0.041 -0.144 0.736 0.000 -0.673 -0.077 0.796 -0.000 -0.359 -0.488 0.720 0.000 -0.694 0.026 0.993 0.000 0.060 0.103 0.682 0.000 -0.731 0.031 0.994 0.000 0.027 0.109 
0.999 -0.025 0.037 -0.010 0.769 -0.000 -0.636 0.063 0.989 0.000 -0.041 -0.144 0.736 0.000 -0.673 -0.075 0.795 0.000 -0.354 -0.492 0.720 0.000 -0.694 0.026 0.993 -0.000 0.060 0.103 0.682 -0.000 -0.731 0.031 0.994 0.000 0.027 0.109 
0.999 -0.025 0.037 -0.010 0.769 0.000 -0.636 0.064 0.989 0.000 -0.041 -0.144 0.736 -0.000 -0.673 -0.073 0.795 -0.000 -0.349 -0.497 0.720 0.000 -0.694 0.027 0.993 0.000 0.060 0.103 0.682 0.000 -0.731 0.032 0.994 0.000 0.027 0.109 
0.999 -0.025 0.037 -0.010 0.770 0.000 -0.635 0.065 0.989 0.000 -0.041 -0.144 0.735 0.000 -0.674 -0.071 0.794 0.000 -0.343 -0.501 0.720 0.000 -0.694 0.027 0.993 0.000 0.060 0.103 0.682 -0.000 -0.731 0.032 0.994 0.000 0.027 0.109 
0.999 -0.026 0.037 -0.010 0.769 0.000 -0.635 0.065 0.989 0.000 -0.042 -0.144 0.735 0.000 -0.674 -0.070 0.794 0.000 -0.337 -0.505 0.719 0.000 -0.694 0.028 0.993 0.000 0.060 0.103 0.682 0.000 -0.731 0.033 0.994 0.000 0.027 0.109 
0.999 -0.026 0.037 -0.010 0.770 0.000 -0.635 0.066 0.989 0.000 -0.042 -0.144 0.735 0.000 -0.675 -0.067 0.794 -0.000 -0.332 -0.510 0.719 0.000 -0.694 0.028 0.993 0.000 0.060 0.103 0.682 0.000 -0.731 0.033 0.994 0.000 0.028 0.109 
0.999 -0.026 0.037 -0.010 0.770 0.000 -0.635 0.066 0.989 0.000 -0.042 -0.144 0.735 -0.000 -0.675 -0.064 0.793 -0.000 -0.326 -0.514 0.720 0.000 -0.694 0.029 0.993 0.000 0.060 0.103 0.682 0.000 -0.731 0.034 0.994 -0.000 0.028 0.109 
0.999 -0.027 0.037 -0.010 0.770 0.000 -0.635 0.066 0.989 -0.000 -0.042 -0.144 0.735 -0.000 -0.676 -0.062 0.793 0.000 -0.319 -0.519 0.719 0.000 -0.694 0.029 0.993 0.000 0.060 0.103 0.682 0.000 -0.731 0.034 0.994 0.000 0.028 0.109 
0.999 -0.027 0.037 -0.010 0.770 0.000 -0.635 0.066 0.989 -0.000 -0.043 -0.143 0.735 0.000 -0.676 -0.057 0.792 -0.000 -0.315 -0.523 0.719 -0.000 -0.694 0.030 0.993 0.000 0.061 0.103 0.681 0.000 -0.731 0.036 0.994 0.000 0.028 0.108 
0.999 -0.027 0.037 -0.009 0.770 0.000 -0.635 0.067 0.989 0.000 -0.042 -0.143 0.734 -0.000 -0.676 -0.057 0.793 0.000 -0.308 -0.526 0.719 0.000 -0.694 0.030 0.993 0.000 0.061 0.103 0.682 0.000 -0.731 0.035 0.994 0.000 0.028 0.109 
0.999 -0.027 0.037 -0.010 0.770 0.000 -0.635 0.066 0.989 0.000 -0.042 -0.143 0.734 0.000 -0.677 -0.053 0.792 0.000 -0.303 -0.531 0.719 0.000 -0.694 0.030 0.993 0.000 0.061 0.103 0.682 0.000 -0.731 0.035 0.994 -0.000 0.028 0.109 
0.999 -0.027 0.037 -0.008 0.770 0.000 -0.635 0.067 0.989 0.000 -0.042 -0.143 0.734 0.000 -0.677 -0.054 0.792 -0.000 -0.297 -0.533 0.719 0.000 -0.694 0.030 0.993 0.000 0.060 0.103 0.682 0.000 -0.731 0.032 0.993 0.000 0.028 0.111 
0.999 -0.027 0.037 -0.008 0.769 0.000 -0.635 0.067 0.989 0.000 -0.042 -0.143 0.734 -0.000 -0.677 -0.052 0.792 0.000 -0.291 -0.536 0.719 0.000 -0.694 0.030 0.993 0.000 0.060 0.103 0.682 0.000 -0.731 0.033 0.993 0.000 0.028 0.111 
0.999 -0.028 0.037 -0.009 0.770 0.000 -0.634 0.068 0.989 0.000 -0.043 -0.143 0.734 -0.000 -0.677 -0.048 0.791 -0.000 -0.285 -0.541 0.719 0.000 -0.694 0.031 0.993 0.000 0.061 0.103 0.682 -0.000 -0.730 0.036 0.994 0.000 0.028 0.109 
0.999 -0.028 0.037 -0.009 0.770 0.000 -0.634 0.068 0.989 0.000 -0.043 -0.142 0.734 0.000 -0.677 -0.046 0.791 0.000 -0.280 -0.544 0.719 0.000 -0.694 0.031 0.993 0.000 0.061 0.103 0.682 0.000 -0.731 0.036 0.994 0.000 0.028 0.109 
0.999 -0.028 0.037 -0.009 0.770 0.000 -0.634 0.068 0.989 0.000 -0.043 -0.142 0.734 0.000 -0.677 -0.044 0.791 -0.000 -0.273 -0.548 0.719 -0.000 -0.694 0.032 0.993 0.000 0.061 0.103 0.682 0.000 -0.730 0.037 0.994 0.000 0.028 0.109 
0.999 -0.028 0.037 -0.009 0.770 0.000 -0.634 0.068 0.989 0.000 -0.043 -0.143 0.734 0.000 -0.678 -0.040 0.789 0.000 -0.269 -0.552 0.719 -0.000 -0.694 0.032 0.993 0.000 0.061 0.103 0.682 -0.000 -0.730 0.036 0.994 0.000 0.027 0.109 
0.999 -0.028 0.037 -0.009 0.770 0.000 -0.634 0.068 0.989 0.000 -0.043 -0.144 0.733 0.000 -0.679 -0.037 0.789 0.000 -0.262 -0.556 0.719 -0.000 -0.694 0.032 0.993 0.000 0.061 0.103 0.682 -0.000 -0.730 0.037 0.994 0.000 0.028 0.109 
0.999 -0.028 0.037 -0.009 0.770 0.000 -0.634 0.069 0.989 0.000 -0.043 -0.144 0.733 0.000 -0.679 -0.035 0.788 0.000 -0.257 -0.560 0.719 0.000 -0.694 0.032 0.993 0.000 0.061 0.103 0.682 0.000 -0.730 0.037 0.994 0.000 0.028 0.109 
0.999 -0.029 0.037 -0.009 0.770 0.000 -0.634 0.069 0.989 -0.000 -0.043 -0.143 0.735 0.000 -0.678 -0.033 0.788 0.000 -0.253 -0.562 0.719 0.000 -0.694 0.033 0.993 0.000 0.061 0.103 0.682 0.000 -0.730 0.037 0.994 0.000 0.027 0.109 
0.999 -0.029 0.037 -0.009 0.770 -0.000 -0.634 0.069 0.989 0.000 -0.043 -0.143 0.735 0.000 -0.678 -0.031 0.787 0.000 -0.248 -0.565 0.719 0.000 -0.694 0.034 0.993 0.000 0.061 0.103 0.682 -0.000 -0.730 0.038 0.994 0.000 0.027 0.109 
0.999 -0.029 0.037 -0.009 0.770 0.000 -0.634 0.069 0.989 0.000 -0.043 -0.143 0.735 0.000 -0.678 -0.029 0.787 -0.000 -0.242 -0.567 0.719 0.000 -0.694 0.034 0.993 0.000 0.061 0.103 0.682 0.000 -0.730 0.038 0.994 0.000 0.028 0.109 
0.999 -0.029 0.037 -0.009 0.770 0.000 -0.634 0.069 0.989 0.000 -0.044 -0.143 0.735 0.000 -0.678 -0.026 0.787 0.000 -0.237 -0.570 0.719 0.000 -0.694 0.034 0.993 0.000 0.061 0.103 0.682 0.000 -0.730 0.038 0.994 0.000 0.029 0.109 
0.999 -0.030 0.037 -0.008 0.770 -0.000 -0.634 0.069 0.989 0.000 -0.044 -0.143 0.734 0.000 -0.678 -0.023 0.787 0.000 -0.232 -0.572 0.719 0.000 -0.694 0.035 0.993 -0.000 0.061 0.103 0.682 0.000 -0.730 0.038 0.994 0.000 0.028 0.109 
0.999 -0.030 0.037 -0.008 0.771 0.000 -0.633 0.069 0.989 0.000 -0.044 -0.143 0.734 0.000 -0.679 -0.021 0.786 0.000 -0.225 -0.576 0.719 0.000 -0.694 0.035 0.993 0.000 0.061 0.103 0.682 0.000 -0.730 0.039 0.994 0.000 0.029 0.109 
0.999 -0.030 0.037 -0.008 0.770 0.000 -0.634 0.069 0.989 0.000 -0.044 -0.143 0.734 0.000 -0.679 -0.019 0.785 -0.000 -0.219 -0.579 0.719 0.000 -0.694 0.036 0.993 0.000 0.061 0.103 0.683 0.000 -0.730 0.039 0.994 0.000 0.027 0.109 
0.999 -0.031 0.038 -0.008 0.771 0.000 -0.634 0.069 0.989 0.000 -0.044 -0.143 0.734 -0.000 -0.679 -0.017 0.785 -0.000 -0.211 -0.582 0.719 0.000 -0.694 0.036 0.993 0.000 0.061 0.103 0.683 0.000 -0.729 0.039 0.994 0.000 0.025 0.110 
0.999 -0.031 0.038 -0.008 0.771 0.000 -0.634 0.070 0.989 0.000 -0.044 -0.142 0.733 0.000 -0.680 -0.015 0.785 -0.000 -0.204 -0.585 0.719 0.000 -0.694 0.037 0.993 0.000 0.061 0.103 0.682 0.000 -0.730 0.040 0.994 0.000 0.028 0.109 
0.999 -0.031 0.038 -0.008 0.771 0.000 -0.634 0.070 0.989 -0.000 -0.044 -0.143 0.733 0.000 -0.680 -0.012 0.785 0.000 -0.199 -0.587 0.719 0.000 -0.694 0.037 0.993 0.000 0.062 0.102 0.682 0.000 -0.730 0.041 0.994 0.000 0.028 0.109 
0.999 -0.031 0.038 -0.008 0.771 0.000 -0.633 0.070 0.989 0.000 -0.044 -0.143 0.733 0.000 -0.681 -0.009 0.784 0.000 -0.191 -0.591 0.719 0.000 -0.694 0.038 0.993 0.000 0.062 0.102 0.682 -0.000 -0.730 0.041 0.994 0.000 0.028 0.109 
0.999 -0.031 0.038 -0.007 0.771 0.000 -0.633 0.070 0.989 0.000 -0.044 -0.143 0.732 -0.000 -0.682 -0.002 0.782 0.000 -0.187 -0.595 0.719 0.000 -0.694 0.038 0.993 0.000 0.062 0.102 0.683 0.000 -0.729 0.040 0.994 0.000 0.026 0.110 
0.999 -0.032 0.038 -0.007 0.771 0.000 -0.633 0.070 0.989 -0.000 -0.044 -0.144 0.732 0.000 -0.681 -0.002 0.782 0.000 -0.177 -0.597 0.719 -0.000 -0.694 0.038 0.993 0.000 0.062 0.102 0.682 0.000 -0.730 0.041 0.994 -0.000 0.028 0.109 
0.999 -0.032 0.038 -0.007 0.771 0.000 -0.633 0.070 0.989 -0.000 -0.044 -0.144 0.732 -0.000 -0.681 0.000 0.782 0.000 -0.169 -0.600 0.719 0.000 -0.694 0.039 0.993 0.000 0.062 0.103 0.683 0.000 -0.729 0.041 0.994 0.000 0.026 0.110 
0.999 -0.032 0.038 -0.007 0.771 0.000 -0.633 0.070 0.989 0.000 -0.044 -0.144 0.733 0.000 -0.680 0.006 0.780 0.000 -0.167 -0.604 0.719 0.000 -0.694 0.039 0.993 -0.000 0.062 0.102 0.682 0.000 -0.730 0.042 0.994 0.000 0.028 0.109 
0.999 -0.033 0.038 -0.007 0.771 -0.000 -0.633 0.071 0.989 0.000 -0.044 -0.144 0.732 0.000 -0.681 0.004 0.782 -0.000 -0.155 -0.604 0.719 0.000 -0.694 0.040 0.993 -0.000 0.062 0.102 0.683 0.000 -0.729 0.042 0.994 0.000 0.026 0.110 
0.999 -0.033 0.038 -0.007 0.771 0.000 -0.633 0.071 0.989 0.000 -0.045 -0.144 0.732 0.000 -0.681 0.006 0.781 0.000 -0.146 -0.607 0.719 -0.000 -0.694 0.040 0.993 0.000 0.062 0.102 0.683 0.000 -0.729 0.042 0.994 0.000 0.026 0.110 
0.999 -0.033 0.038 -0.007 0.771 -0.000 -0.633 0.071 0.989 0.000 -0.045 -0.144 0.731 0.000 -0.682 0.009 0.781 0.000 -0.138 -0.609 0.719 0.000 -0.694 0.040 0.993 0.000 0.062 0.103 0.683 0.000 -0.729 0.042 0.994 0.000 0.026 0.111 
0.999 -0.033 0.038 -0.006 0.771 0.000 -0.633 0.071 0.989 0.000 -0.045 -0.144 0.731 -0.000 -0.682 0.011 0.781 0.000 -0.130 -0.611 0.719 -0.000 -0.694 0.040 0.993 0.000 0.062 0.102 0.683 -0.000 -0.729 0.042 0.993 0.000 0.026 0.111 
0.999 -0.033 0.038 -0.006 0.771 0.000 -0.633 0.071 0.988 0.000 -0.045 -0.145 0.731 0.000 -0.682 0.013 0.781 0.000 -0.122 -0.613 0.719 0.000 -0.694 0.041 0.993 0.000 0.062 0.103 0.683 0.000 -0.729 0.042 0.994 0.000 0.026 0.110 
0.999 -0.033 0.038 -0.006 0.771 0.000 -0.632 0.071 0.988 0.000 -0.045 -0.145 0.731 0.000 -0.682 0.013 0.781 0.000 -0.112 -0.614 0.719 0.000 -0.694 0.041 0.993 0.000 0.062 0.103 0.682 0.000 -0.730 0.043 0.994 0.000 0.029 0.110 
0.999 -0.033 0.038 -0.006 0.771 0.000 -0.632 0.071 0.988 0.000 -0.045 -0.145 0.731 -0.000 -0.682 0.015 0.781 0.000 -0.104 -0.616 0.719 0.000 -0.694 0.041 0.993 0.000 0.062 0.103 0.683 0.000 -0.729 0.042 0.993 0.000 0.026 0.111 
0.999 -0.034 0.038 -0.006 0.771 -0.000 -0.632 0.071 0.988 0.000 -0.046 -0.145 0.731 0.000 -0.682 0.017 0.780 0.000 -0.096 -0.618 0.719 0.000 -0.694 0.041 0.993 0.000 0.062 0.102 0.682 0.000 -0.730 0.043 0.994 0.000 0.029 0.110 
0.999 -0.034 0.038 -0.006 0.772 0.000 -0.632 0.071 0.988 0.000 -0.046 -0.145 0.731 -0.000 -0.682 0.016 0.781 0.000 -0.086 -0.618 0.719 0.000 -0.693 0.042 0.993 0.000 0.061 0.102 0.682 0.000 -0.730 0.043 0.994 0.000 0.029 0.110 
0.999 -0.034 0.038 -0.005 0.772 0.000 -0.632 0.071 0.988 0.000 -0.046 -0.145 0.732 0.000 -0.681 0.019 0.780 0.000 -0.079 -0.621 0.719 0.000 -0.694 0.042 0.993 0.000 0.062 0.103 0.683 0.000 -0.729 0.042 0.993 0.000 0.026 0.111 
0.999 -0.034 0.038 -0.005 0.772 0.000 -0.632 0.071 0.988 0.000 -0.046 -0.145 0.732 0.000 -0.681 0.020 0.780 0.000 -0.071 -0.622 0.719 0.000 -0.694 0.042 0.993 0.000 0.062 0.103 0.683 0.000 -0.729 0.043 0.994 0.000 0.027 0.111 
0.999 -0.034 0.038 -0.005 0.772 0.000 -0.632 0.071 0.988 0.000 -0.046 -0.144 0.732 0.000 -0.681 0.021 0.780 0.000 -0.063 -0.623 0.719 0.000 -0.694 0.042 0.993 0.000 0.062 0.103 0.683 0.000 -0.729 0.042 0.993 0.000 0.027 0.111 
0.999 -0.033 0.037 -0.004 0.771 -0.000 -0.633 0.071 0.988 -0.000 -0.046 -0.144 0.733 0.000 -0.680 0.022 0.779 0.000 -0.056 -0.624 0.719 -0.000 -0.694 0.041 0.993 0.000 0.061 0.103 0.682 -0.000 -0.730 0.041 0.993 0.000 0.030 0.111 
0.999 -0.034 0.038 -0.005 0.772 0.000 -0.632 0.071 0.989 0.000 -0.046 -0.144 0.733 0.000 -0.680 0.025 0.779 0.000 -0.048 -0.626 0.719 0.000 -0.694 0.042 0.993 0.000 0.062 0.103 0.683 0.000 -0.729 0.043 0.994 0.000 0.028 0.110 
0.999 -0.034 0.038 -0.005 0.772 0.000 -0.632 0.071 0.989 -0.000 -0.047 -0.144 0.732 -0.000 -0.681 0.025 0.778 0.000 -0.036 -0.628 0.719 -0.000 -0.694 0.042 0.993 -0.000 0.062 0.103 0.683 -0.000 -0.729 0.043 0.994 0.000 0.028 0.110 
0.999 -0.034 0.038 -0.005 0.772 0.000 -0.632 0.071 0.988 0.000 -0.046 -0.145 0.733 0.000 -0.680 0.027 0.777 0.000 -0.029 -0.629 0.719 0.000 -0.694 0.042 0.993 0.000 0.061 0.103 0.684 0.000 -0.729 0.042 0.993 -0.000 0.026 0.111 
0.999 -0.034 0.038 -0.004 0.772 -0.000 -0.631 0.071 0.988 0.000 -0.047 -0.144 0.733 0.000 -0.680 0.028 0.777 0.000 -0.020 -0.629 0.719 0.000 -0.694 0.042 0.993 0.000 0.061 0.103 0.683 0.000 -0.729 0.043 0.994 0.000 0.029 0.110 
0.999 -0.034 0.038 -0.004 0.772 0.000 -0.632 0.071 0.988 0.000 -0.046 -0.145 0.733 0.000 -0.679 0.031 0.775 0.000 -0.014 -0.632 0.719 0.000 -0.694 0.042 0.993 0.000 0.061 0.103 0.682 0.000 -0.730 0.042 0.994 0.000 0.029 0.110 
0.999 -0.034 0.038 -0.003 0.772 0.000 -0.632 0.071 0.988 0.000 -0.046 -0.144 0.735 0.000 -0.677 0.035 0.774 0.000 -0.011 -0.633 0.719 0.000 -0.694 0.042 0.993 0.000 0.061 0.103 0.683 0.000 -0.729 0.041 0.993 -0.000 0.027 0.111 
0.999 -0.034 0.038 -0.003 0.772 0.000 -0.632 0.070 0.988 0.000 -0.046 -0.144 0.735 0.000 -0.677 0.035 0.774 0.000 -0.001 -0.633 0.719 0.000 -0.694 0.042 0.993 0.000 0.061 0.103 0.683 0.000 -0.729 0.041 0.993 0.000 0.027 0.111 
0.999 -0.034 0.038 -0.003 0.772 0.000 -0.632 0.071 0.988 -0.000 -0.047 -0.144 0.735 0.000 -0.677 0.034 0.775 0.000 0.012 -0.632 0.719 0.000 -0.694 0.042 0.993 0.000 0.061 0.103 0.683 0.000 -0.729 0.042 0.993 0.000 0.027 0.111 
0.999 -0.034 0.038 -0.004 0.772 0.000 -0.631 0.071 0.989 0.000 -0.047 -0.144 0.735 -0.000 -0.677 0.037 0.774 0.000 0.023 -0.633 0.719 0.000 -0.694 0.042 0.993 0.000 0.061 0.103 0.683 0.000 -0.729 0.043 0.994 0.000 0.027 0.111 
0.999 -0.034 0.038 -0.004 0.772 0.000 -0.632 0.071 0.988 0.000 -0.047 -0.144 0.735 0.000 -0.677 0.040 0.772 0.000 0.034 -0.635 0.719 -0.000 -0.694 0.042 0.993 0.000 0.061 0.103 0.682 -0.000 -0.730 0.043 0.994 0.000 0.031 0.109 
0.999 -0.034 0.038 -0.003 0.772 0.000 -0.631 0.071 0.988 0.000 -0.047 -0.144 0.735 0.000 -0.677 0.038 0.772 -0.000 0.047 -0.633 0.719 0.000 -0.694 0.042 0.993 0.000 0.061 0.103 0.683 0.000 -0.729 0.042 0.993 0.000 0.027 0.111 
0.999 -0.034 0.038 -0.003 0.772 0.000 -0.631 0.071 0.988 0.000 -0.047 -0.144 0.734 0.000 -0.678 0.040 0.774 0.000 0.051 -0.631 0.719 0.000 -0.694 0.042 0.993 0.000 0.061 0.104 0.683 -0.000 -0.729 0.042 0.993 0.000 0.028 0.111 
0.999 -0.034 0.038 -0.003 0.772 0.000 -0.631 0.070 0.989 -0.000 -0.048 -0.143 0.734 0.000 -0.678 0.041 0.773 0.000 0.061 -0.631 0.719 0.000 -0.694 0.042 0.993 0.000 0.061 0.104 0.683 0.000 -0.729 0.043 0.994 0.000 0.029 0.109 
0.999 -0.034 0.038 -0.003 0.772 0.000 -0.631 0.070 0.989 -0.000 -0.047 -0.143 0.734 0.000 -0.678 0.042 0.773 0.000 0.069 -0.631 0.719 0.000 -0.694 0.042 0.993 0.000 0.061 0.104 0.683 0.000 -0.730 0.042 0.994 -0.000 0.030 0.110 
0.999 -0.034 0.038 -0.002 0.773 0.000 -0.631 0.070 0.989 0.000 -0.048 -0.143 0.734 0.000 -0.678 0.043 0.772 -0.000 0.078 -0.630 0.719 0.000 -0.694 0.042 0.993 0.000 0.060 0.104 0.682 0.000 -0.730 0.042 0.994 0.000 0.030 0.110 
0.999 -0.034 0.038 -0.002 0.773 0.000 -0.631 0.070 0.989 -0.000 -0.047 -0.143 0.734 0.000 -0.678 0.043 0.773 0.000 0.087 -0.629 0.719 0.000 -0.694 0.042 0.993 0.000 0.061 0.104 0.683 0.000 -0.729 0.041 0.993 0.000 0.028 0.111 
0.999 -0.034 0.038 -0.002 0.773 0.000 -0.631 0.070 0.989 -0.000 -0.047 -0.143 0.733 0.000 -0.678 0.045 0.773 -0.000 0.097 -0.628 0.719 0.000 -0.694 0.042 0.993 0.000 0.060 0.104 0.682 0.000 -0.730 0.042 0.993 0.000 0.030 0.110 
0.999 -0.034 0.038 -0.002 0.773 0.000 -0.630 0.069 0.989 0.000 -0.048 -0.143 0.733 0.000 -0.678 0.044 0.773 -0.000 0.107 -0.626 0.719 -0.000 -0.694 0.042 0.993 0.000 0.060 0.104 0.682 0.000 -0.730 0.042 0.993 -0.000 0.030 0.110 
0.999 -0.034 0.038 -0.002 0.773 0.000 -0.631 0.070 0.989 0.000 -0.047 -0.143 0.733 -0.000 -0.679 0.046 0.772 0.000 0.117 -0.625 0.719 -0.000 -0.694 0.042 0.993 0.000 0.060 0.104 0.683 0.000 -0.730 0.042 0.993 -0.000 0.030 0.110 
0.999 -0.034 0.038 -0.002 0.773 0.000 -0.631 0.070 0.989 -0.000 -0.048 -0.143 0.732 0.000 -0.679 0.048 0.772 0.000 0.126 -0.624 0.719 0.000 -0.694 0.042 0.993 -0.000 0.060 0.104 0.682 0.000 -0.730 0.042 0.994 0.000 0.030 0.109 
0.999 -0.034 0.038 -0.002 0.773 0.000 -0.631 0.070 0.988 -0.000 -0.048 -0.144 0.732 0.000 -0.679 0.048 0.771 0.000 0.137 -0.622 0.719 0.000 -0.694 0.042 0.993 0.000 0.060 0.104 0.683 0.000 -0.730 0.042 0.994 0.000 0.030 0.109 
0.999 -0.034 0.038 -0.002 0.773 0.000 -0.631 0.069 0.988 0.000 -0.047 -0.144 0.732 0.000 -0.680 0.049 0.770 0.000 0.144 -0.621 0.719 0.000 -0.694 0.042 0.993 0.000 0.060 0.104 0.683 -0.000 -0.730 0.041 0.994 0.000 0.030 0.110 
0.999 -0.034 0.038 -0.002 0.773 0.000 -0.631 0.069 0.988 0.000 -0.048 -0.144 0.731 0.000 -0.680 0.049 0.771 0.000 0.153 -0.619 0.719 0.000 -0.694 0.042 0.993 0.000 0.060 0.104 0.682 0.000 -0.730 0.042 0.994 0.000 0.030 0.110 
0.999 -0.034 0.038 -0.001 0.773 0.000 -0.631 0.069 0.988 -0.000 -0.048 -0.144 0.731 0.000 -0.680 0.050 0.770 0.000 0.162 -0.617 0.719 0.000 -0.694 0.042 0.993 0.000 0.060 0.104 0.683 0.000 -0.730 0.041 0.994 0.000 0.030 0.109 
0.999 -0.034 0.038 -0.001 0.773 0.000 -0.630 0.069 0.988 0.000 -0.048 -0.144 0.730 0.000 -0.681 0.052 0.770 0.000 0.171 -0.615 0.719 0.000 -0.694 0.042 0.993 0.000 0.060 0.104 0.683 0.000 -0.730 0.041 0.994 0.000 0.030 0.110 
0.999 -0.034 0.038 -0.001 0.773 0.000 -0.630 0.069 0.989 -0.000 -0.048 -0.143 0.730 0.000 -0.682 0.052 0.769 0.000 0.180 -0.613 0.719 0.000 -0.694 0.042 0.993 0.000 0.060 0.104 0.683 -0.000 -0.730 0.041 0.994 0.000 0.030 0.110 
0.999 -0.034 0.038 -0.001 0.773 0.000 -0.630 0.069 0.989 -0.000 -0.048 -0.143 0.729 0.000 -0.682 0.053 0.769 0.000 0.190 -0.610 0.719 0.000 -0.694 0.042 0.993 -0.000 0.060 0.104 0.683 0.000 -0.730 0.041 0.994 0.000 0.030 0.109 
0.999 -0.034 0.038 -0.001 0.773 0.000 -0.630 0.069 0.989 0.000 -0.048 -0.143 0.729 0.000 -0.682 0.054 0.769 0.000 0.200 -0.608 0.719 0.000 -0.694 0.042 0.993 0.000 0.060 0.104 0.683 -0.000 -0.730 0.041 0.994 0.000 0.030 0.110 
0.999 -0.034 0.038 -0.001 0.773 -0.000 -0.630 0.068 0.989 0.000 -0.048 -0.143 0.728 0.000 -0.683 0.054 0.768 0.000 0.210 -0.605 0.719 -0.000 -0.694 0.041 0.993 -0.000 0.060 0.104 0.683 0.000 -0.730 0.040 0.994 -0.000 0.030 0.110 
0.999 -0.034 0.038 -0.001 0.773 0.000 -0.630 0.068 0.989 0.000 -0.048 -0.143 0.728 0.000 -0.683 0.054 0.768 0.000 0.222 -0.600 0.719 0.000 -0.694 0.041 0.993 -0.000 0.060 0.104 0.683 0.000 -0.730 0.041 0.994 0.000 0.030 0.110 
0.999 -0.034 0.038 -0.001 0.773 0.000 -0.630 0.068 0.989 0.000 -0.048 -0.143 0.727 0.000 -0.684 0.053 0.768 0.000 0.235 -0.596 0.719 -0.000 -0.694 0.041 0.993 0.000 0.059 0.104 0.683 0.000 -0.730 0.041 0.994 0.000 0.030 0.109 
0.999 -0.034 0.038 -0.001 0.773 0.000 -0.630 0.068 0.989 -0.000 -0.048 -0.143 0.726 -0.000 -0.685 0.054 0.766 -0.000 0.246 -0.594 0.719 0.000 -0.694 0.041 0.993 -0.000 0.059 0.104 0.683 0.000 -0.730 0.040 0.994 0.000 0.030 0.109 
0.999 -0.034 0.038 -0.001 0.773 0.000 -0.630 0.068 0.989 -0.000 -0.048 -0.143 0.727 0.000 -0.684 0.054 0.766 0.000 0.257 -0.589 0.719 -0.000 -0.694 0.041 0.993 0.000 0.059 0.104 0.683 -0.000 -0.730 0.040 0.994 0.000 0.030 0.109 
0.999 -0.033 0.038 -0.001 0.773 0.000 -0.630 0.068 0.989 0.000 -0.048 -0.143 0.726 0.000 -0.685 0.056 0.765 0.000 0.268 -0.586 0.719 0.000 -0.694 0.041 0.993 0.000 0.059 0.104 0.683 0.000 -0.730 0.040 0.994 -0.000 0.030 0.109 
0.999 -0.034 0.038 -0.001 0.773 0.000 -0.630 0.068 0.989 0.000 -0.048 -0.143 0.725 0.000 -0.686 0.056 0.764 0.000 0.281 -0.581 0.719 0.000 -0.694 0.041 0.993 0.000 0.059 0.104 0.683 0.000 -0.730 0.040 0.994 0.000 0.030 0.109 
0.999 -0.033 0.038 -0.001 0.773 0.000 -0.630 0.068 0.988 0.000 -0.048 -0.144 0.724 0.000 -0.687 0.057 0.762 0.000 0.293 -0.577 0.719 0.000 -0.694 0.041 0.993 0.000 0.059 0.104 0.683 0.000 -0.730 0.040 0.994 0.000 0.030 0.109 
0.999 -0.033 0.038 -0.000 0.774 0.000 -0.630 0.067 0.989 0.000 -0.048 -0.143 0.723 0.000 -0.688 0.057 0.761 0.000 0.306 -0.572 0.719 0.000 -0.694 0.041 0.993 0.000 0.059 0.104 0.683 0.000 -0.730 0.040 0.994 0.000 0.030 0.109 
0.999 -0.033 0.038 -0.001 0.774 0.000 -0.630 0.067 0.988 0.000 -0.048 -0.144 0.722 0.000 -0.689 0.058 0.760 0.000 0.318 -0.567 0.719 -0.000 -0.694 0.041 0.993 0.000 0.059 0.104 0.684 0.000 -0.729 0.039 0.994 0.000 0.028 0.110 
0.999 -0.033 0.039 -0.000 0.774 0.000 -0.630 0.066 0.988 0.000 -0.048 -0.144 0.722 0.000 -0.690 0.059 0.759 -0.000 0.331 -0.561 0.719 0.000 -0.694 0.040 0.993 0.000 0.059 0.104 0.684 0.000 -0.729 0.038 0.993 0.000 0.028 0.111 
0.999 -0.033 0.038 -0.000 0.774 0.000 -0.630 0.066 0.989 0.000 -0.048 -0.143 0.721 0.000 -0.690 0.060 0.758 -0.000 0.344 -0.555 0.719 0.000 -0.694 0.040 0.993 0.000 0.059 0.104 0.683 0.000 -0.730 0.039 0.994 0.000 0.030 0.109 
0.999 -0.033 0.038 -0.000 0.774 0.000 -0.630 0.066 0.988 0.000 -0.048 -0.144 0.720 0.000 -0.691 0.061 0.757 0.000 0.355 -0.549 0.719 0.000 -0.694 0.040 0.993 0.000 0.059 0.104 0.683 0.000 -0.730 0.039 0.994 0.000 0.030 0.109 
0.999 -0.032 0.038 -0.000 0.774 0.000 -0.630 0.065 0.989 0.000 -0.047 -0.143 0.719 -0.000 -0.692 0.062 0.756 0.000 0.368 -0.542 0.719 0.000 -0.694 0.040 0.993 0.000 0.059 0.104 0.684 -0.000 -0.729 0.038 0.994 0.000 0.028 0.110 
0.999 -0.032 0.038 -0.000 0.774 0.000 -0.630 0.065 0.988 -0.000 -0.047 -0.144 0.719 0.000 -0.692 0.063 0.755 0.000 0.379 -0.535 0.719 0.000 -0.694 0.040 0.993 -0.000 0.059 0.104 0.683 0.000 -0.730 0.039 0.994 0.000 0.030 0.109 
0.999 -0.032 0.038 -0.000 0.774 0.000 -0.630 0.065 0.989 0.000 -0.048 -0.143 0.718 -0.000 -0.693 0.065 0.753 0.000 0.391 -0.529 0.719 0.000 -0.694 0.039 0.993 0.000 0.059 0.104 0.683 0.000 -0.730 0.038 0.994 0.000 0.030 0.109 
0.999 -0.032 0.038 -0.000 0.774 0.000 -0.630 0.064 0.988 0.000 -0.047 -0.144 0.718 0.000 -0.692 0.069 0.752 0.000 0.398 -0.526 0.719 -0.000 -0.694 0.039 0.993 0.000 0.059 0.104 0.683 0.000 -0.730 0.038 0.994 0.000 0.030 0.109 
0.999 -0.032 0.039 -0.000 0.774 -0.000 -0.630 0.064 0.989 0.000 -0.047 -0.143 0.718 0.000 -0.692 0.070 0.751 0.000 0.407 -0.519 0.719 -0.000 -0.694 0.039 0.993 0.000 0.059 0.104 0.683 0.000 -0.730 0.038 0.994 0.000 0.030 0.109 
0.999 -0.032 0.039 -0.000 0.774 0.000 -0.630 0.064 0.988 -0.000 -0.047 -0.144 0.718 0.000 -0.692 0.071 0.751 0.000 0.416 -0.512 0.719 0.000 -0.694 0.040 0.993 0.000 0.059 0.103 0.684 -0.000 -0.729 0.037 0.994 -0.000 0.028 0.110 
0.999 -0.032 0.038 -0.001 0.774 0.000 -0.630 0.064 0.989 0.000 -0.048 -0.143 0.719 0.000 -0.692 0.070 0.752 0.000 0.425 -0.503 0.718 0.000 -0.694 0.040 0.993 0.000 0.059 0.103 0.684 0.000 -0.729 0.038 0.994 0.000 0.028 0.110 
0.999 -0.032 0.039 -0.001 0.774 0.000 -0.630 0.064 0.988 -0.000 -0.047 -0.145 0.719 0.000 -0.691 0.073 0.752 0.000 0.429 -0.501 0.719 0.000 -0.694 0.040 0.993 0.000 0.059 0.103 0.684 0.000 -0.729 0.038 0.994 -0.000 0.028 0.110 
0.999 -0.032 0.038 -0.001 0.774 -0.000 -0.629 0.064 0.988 0.000 -0.048 -0.144 0.720 0.000 -0.690 0.074 0.752 0.000 0.437 -0.494 0.718 0.000 -0.694 0.040 0.993 0.000 0.059 0.103 0.683 -0.000 -0.729 0.039 0.994 0.000 0.030 0.109 
0.999 -0.033 0.038 -0.002 0.774 0.000 -0.629 0.064 0.988 0.000 -0.048 -0.144 0.720 0.000 -0.690 0.074 0.752 0.000 0.444 -0.487 0.718 0.000 -0.694 0.040 0.993 0.000 0.059 0.103 0.684 0.000 -0.729 0.039 0.994 0.000 0.028 0.109 
0.999 -0.033 0.038 -0.002 0.774 -0.000 -0.630 0.064 0.988 0.000 -0.046 -0.144 0.721 0.000 -0.689 0.076 0.752 0.000 0.450 -0.481 0.718 -0.000 -0.694 0.040 0.993 0.000 0.059 0.103 0.684 0.000 -0.729 0.039 0.994 0.000 0.028 0.110 
0.999 -0.033 0.038 -0.002 0.774 0.000 -0.630 0.065 0.988 0.000 -0.047 -0.145 0.721 0.000 -0.688 0.077 0.752 0.000 0.457 -0.475 0.718 0.000 -0.694 0.041 0.993 0.000 0.059 0.103 0.684 0.000 -0.728 0.040 0.994 0.000 0.028 0.109 
0.999 -0.033 0.038 -0.002 0.775 0.000 -0.629 0.065 0.988 0.000 -0.048 -0.144 0.722 0.000 -0.688 0.078 0.752 -0.000 0.463 -0.470 0.718 0.000 -0.694 0.041 0.993 -0.000 0.059 0.103 0.684 0.000 -0.728 0.040 0.994 0.000 0.028 0.110 
0.999 -0.033 0.038 -0.003 0.774 0.000 -0.629 0.065 0.988 0.000 -0.047 -0.145 0.722 0.000 -0.687 0.080 0.751 0.000 0.469 -0.464 0.718 0.000 -0.694 0.041 0.993 0.000 0.059 0.102 0.684 0.000 -0.728 0.041 0.994 0.000 0.028 0.110 
0.999 -0.034 0.038 -0.004 0.775 0.000 -0.629 0.066 0.988 -0.000 -0.048 -0.145 0.722 0.000 -0.687 0.080 0.751 0.000 0.476 -0.457 0.718 0.000 -0.694 0.042 0.993 0.000 0.059 0.102 0.684 0.000 -0.728 0.042 0.994 0.000 0.028 0.109 
0.999 -0.034 0.038 -0.004 0.775 0.000 -0.629 0.066 0.988 -0.000 -0.048 -0.145 0.722 -0.000 -0.687 0.080 0.751 0.000 0.484 -0.449 0.718 -0.000 -0.694 0.042 0.993 0.000 0.059 0.102 0.684 0.000 -0.728 0.042 0.994 0.000 0.028 0.109 
0.999 -0.034 0.038 -0.004 0.775 0.000 -0.629 0.066 0.988 0.000 -0.048 -0.145 0.723 0.000 -0.687 0.081 0.751 0.000 0.490 -0.444 0.718 -0.000 -0.694 0.042 0.993 0.000 0.059 0.102 0.684 -0.000 -0.728 0.042 0.994 0.000 0.028 0.110 
0.999 -0.034 0.038 -0.004 0.775 0.000 -0.629 0.067 0.988 0.000 -0.048 -0.145 0.723 -0.000 -0.686 0.082 0.750 0.000 0.495 -0.439 0.718 0.000 -0.694 0.042 0.993 0.000 0.059 0.102 0.683 0.000 -0.729 0.043 0.994 0.000 0.031 0.109 
0.999 -0.034 0.038 -0.005 0.775 0.000 -0.629 0.067 0.988 0.000 -0.048 -0.146 0.723 0.000 -0.686 0.083 0.750 0.000 0.500 -0.434 0.718 0.000 -0.695 0.042 0.993 0.000 0.060 0.102 0.684 0.000 -0.728 0.043 0.994 0.000 0.028 0.110 
0.999 -0.034 0.038 -0.005 0.775 0.000 -0.628 0.067 0.988 0.000 -0.048 -0.145 0.723 0.000 -0.686 0.084 0.750 0.000 0.504 -0.428 0.718 0.000 -0.695 0.043 0.993 -0.000 0.060 0.102 0.684 0.000 -0.728 0.043 0.994 0.000 0.028 0.110 
0.999 -0.035 0.038 -0.005 0.775 -0.000 -0.628 0.067 0.988 0.000 -0.048 -0.144 0.723 0.000 -0.685 0.084 0.750 -0.000 0.509 -0.423 0.718 0.000 -0.695 0.043 0.993 0.000 0.060 0.102 0.684 -0.000 -0.728 0.043 0.994 0.000 0.028 0.110 
0.999 -0.035 0.038 -0.005 0.775 -0.000 -0.628 0.067 0.988 0.000 -0.048 -0.144 0.723 0.000 -0.685 0.084 0.750 0.000 0.513 -0.417 0.718 0.000 -0.694 0.043 0.993 0.000 0.060 0.102 0.684 -0.000 -0.729 0.045 0.994 -0.000 0.030 0.109 
0.999 -0.035 0.038 -0.005 0.776 0.000 -0.628 0.068 0.989 0.000 -0.048 -0.143 0.724 -0.000 -0.685 0.086 0.750 0.000 0.515 -0.415 0.718 0.000 -0.694 0.044 0.993 0.000 0.060 0.101 0.684 0.000 -0.728 0.044 0.994 0.000 0.028 0.110 
0.999 -0.035 0.038 -0.006 0.776 0.000 -0.627 0.068 0.989 0.000 -0.048 -0.142 0.724 0.000 -0.685 0.084 0.752 0.000 0.522 -0.403 0.718 0.000 -0.694 0.044 0.993 0.000 0.060 0.101 0.684 0.000 -0.728 0.045 0.994 0.000 0.028 0.110 
0.999 -0.036 0.038 -0.006 0.776 0.000 -0.627 0.068 0.989 0.000 -0.048 -0.142 0.724 0.000 -0.685 0.086 0.752 0.000 0.523 -0.400 0.718 0.000 -0.694 0.045 0.993 0.000 0.060 0.101 0.684 0.000 -0.728 0.045 0.994 0.000 0.028 0.110 
0.999 -0.036 0.038 -0.006 0.776 0.000 -0.627 0.069 0.989 -0.000 -0.048 -0.142 0.724 0.000 -0.684 0.086 0.752 0.000 0.527 -0.396 0.718 -0.000 -0.694 0.045 0.993 0.000 0.060 0.101 0.684 0.000 -0.728 0.045 0.994 0.000 0.028 0.110 
0.999 -0.036 0.038 -0.006 0.776 0.000 -0.627 0.069 0.989 0.000 -0.049 -0.141 0.725 0.000 -0.684 0.087 0.753 0.000 0.529 -0.391 0.718 -0.000 -0.694 0.045 0.993 0.000 0.060 0.101 0.684 0.000 -0.728 0.046 0.994 0.000 0.030 0.109 
0.999 -0.036 0.038 -0.006 0.776 0.000 -0.627 0.069 0.989 0.000 -0.049 -0.141 0.725 -0.000 -0.683 0.088 0.752 0.000 0.532 -0.388 0.718 0.000 -0.694 0.045 0.993 -0.000 0.061 0.101 0.684 0.000 -0.728 0.046 0.994 0.000 0.030 0.109 
0.999 -0.036 0.038 -0.006 0.776 0.000 -0.626 0.069 0.989 -0.000 -0.049 -0.141 0.725 0.000 -0.683 0.089 0.752 0.000 0.534 -0.386 0.718 0.000 -0.694 0.046 0.993 -0.000 0.061 0.101 0.684 0.000 -0.728 0.046 0.994 0.000 0.028 0.110 
0.999 -0.036 0.038 -0.006 0.777 0.000 -0.626 0.069 0.989 -0.000 -0.049 -0.140 0.725 0.000 -0.683 0.087 0.754 0.000 0.538 -0.377 0.718 0.000 -0.694 0.046 0.993 0.000 0.061 0.101 0.684 -0.000 -0.728 0.046 0.994 -0.000 0.028 0.110 
0.999 -0.036 0.038 -0.006 0.777 0.000 -0.626 0.069 0.989 0.000 -0.048 -0.140 0.726 0.000 -0.682 0.090 0.753 0.000 0.538 -0.379 0.718 0.000 -0.694 0.046 0.993 0.000 0.061 0.101 0.684 0.000 -0.728 0.047 0.994 0.000 0.030 0.109 
0.999 -0.036 0.038 -0.006 0.777 -0.000 -0.626 0.069 0.989 0.000 -0.049 -0.139 0.726 0.000 -0.682 0.089 0.754 0.000 0.541 -0.371 0.718 0.000 -0.694 0.046 0.993 0.000 0.061 0.100 0.684 0.000 -0.728 0.047 0.994 0.000 0.030 0.109 
0.999 -0.036 0.038 -0.006 0.777 0.000 -0.626 0.069 0.989 0.000 -0.049 -0.139 0.725 0.000 -0.683 0.089 0.755 0.000 0.543 -0.368 0.718 0.000 -0.694 0.047 0.993 0.000 0.061 0.101 0.684 0.000 -0.728 0.047 0.994 0.000 0.028 0.110 
0.999 -0.037 0.038 -0.005 0.777 0.000 -0.626 0.070 0.989 0.000 -0.049 -0.139 0.726 0.000 -0.682 0.088 0.757 0.000 0.544 -0.362 0.718 -0.000 -0.694 0.047 0.993 0.000 0.061 0.100 0.684 0.000 -0.728 0.047 0.994 0.000 0.030 0.109 
0.999 -0.037 0.038 -0.005 0.777 0.000 -0.626 0.070 0.989 0.000 -0.049 -0.139 0.726 0.000 -0.682 0.087 0.758 -0.000 0.546 -0.357 0.718 0.000 -0.694 0.047 0.993 0.000 0.061 0.101 0.684 0.000 -0.728 0.047 0.994 0.000 0.028 0.110 
0.999 -0.037 0.038 -0.005 0.777 0.000 -0.626 0.070 0.989 0.000 -0.049 -0.139 0.727 0.000 -0.682 0.087 0.759 0.000 0.548 -0.353 0.718 0.000 -0.694 0.047 0.993 0.000 0.061 0.101 0.684 0.000 -0.728 0.047 0.994 0.000 0.028 0.110 
0.999 -0.037 0.038 -0.005 0.777 -0.000 -0.626 0.070 0.989 -0.000 -0.049 -0.139 0.727 0.000 -0.681 0.087 0.760 0.000 0.549 -0.348 0.718 0.000 -0.694 0.048 0.993 0.000 0.061 0.101 0.684 0.000 -0.728 0.047 0.994 0.000 0.028 0.110 
0.999 -0.037 0.038 -0.005 0.777 0.000 -0.625 0.070 0.989 -0.000 -0.048 -0.139 0.727 -0.000 -0.681 0.086 0.760 0.000 0.551 -0.344 0.718 -0.000 -0.694 0.048 0.993 0.000 0.061 0.101 0.684 0.000 -0.728 0.048 0.994 0.000 0.028 0.110 
0.999 -0.037 0.038 -0.005 0.777 0.000 -0.625 0.071 0.989 -0.000 -0.048 -0.138 0.727 0.000 -0.681 0.086 0.760 0.000 0.552 -0.342 0.718 0.000 -0.694 0.048 0.993 0.000 0.061 0.100 0.684 0.000 -0.728 0.048 0.994 0.000 0.028 0.110 
0.999 -0.037 0.038 -0.004 0.777 0.000 -0.625 0.071 0.989 0.000 -0.049 -0.138 0.727 0.000 -0.681 0.086 0.761 0.000 0.553 -0.339 0.718 -0.000 -0.694 0.048 0.993 0.000 0.061 0.101 0.683 0.000 -0.728 0.049 0.994 0.000 0.030 0.109 
0.999 -0.037 0.038 -0.004 0.777 -0.000 -0.625 0.071 0.989 0.000 -0.049 -0.139 0.727 0.000 -0.681 0.086 0.761 0.000 0.554 -0.337 0.718 0.000 -0.694 0.048 0.993 0.000 0.061 0.101 0.684 0.000 -0.728 0.048 0.994 0.000 0.028 0.110 
0.999 -0.037 0.038 -0.004 0.777 0.000 -0.625 0.071 0.989 0.000 -0.049 -0.139 0.727 0.000 -0.681 0.086 0.762 0.000 0.553 -0.336 0.718 0.000 -0.694 0.048 0.993 0.000 0.061 0.101 0.683 0.000 -0.729 0.048 0.994 0.000 0.030 0.109 
0.999 -0.037 0.038 -0.003 0.777 -0.000 -0.625 0.071 0.989 0.000 -0.049 -0.139 0.728 0.000 -0.680 0.086 0.763 0.000 0.552 -0.335 0.718 0.000 -0.694 0.048 0.993 0.000 0.061 0.101 0.684 0.000 -0.728 0.047 0.993 -0.000 0.028 0.110 
0.999 -0.037 0.038 -0.003 0.777 0.000 -0.625 0.070 0.989 0.000 -0.049 -0.138 0.728 0.000 -0.680 0.086 0.764 -0.000 0.552 -0.334 0.718 0.000 -0.694 0.048 0.993 0.000 0.061 0.101 0.683 0.000 -0.729 0.047 0.994 0.000 0.031 0.109 
0.999 -0.037 0.038 -0.003 0.777 -0.000 -0.625 0.070 0.989 0.000 -0.049 -0.138 0.728 0.000 -0.680 0.086 0.765 0.000 0.552 -0.332 0.719 0.000 -0.694 0.048 0.993 0.000 0.061 0.101 0.684 0.000 -0.728 0.046 0.993 -0.000 0.029 0.110 
0.999 -0.037 0.038 -0.002 0.777 0.000 -0.625 0.070 0.989 -0.000 -0.049 -0.138 0.728 0.000 -0.680 0.086 0.766 0.000 0.553 -0.329 0.718 0.000 -0.694 0.048 0.993 0.000 0.061 0.101 0.684 0.000 -0.728 0.046 0.994 0.000 0.029 0.110 
0.999 -0.037 0.038 -0.002 0.778 0.000 -0.625 0.070 0.989 0.000 -0.049 -0.138 0.728 0.000 -0.680 0.085 0.766 0.000 0.554 -0.327 0.719 0.000 -0.694 0.048 0.993 0.000 0.061 0.101 0.684 0.000 -0.728 0.046 0.993 0.000 0.029 0.110 
0.999 -0.037 0.038 -0.002 0.778 0.000 -0.625 0.069 0.989 0.000 -0.049 -0.138 0.728 0.000 -0.681 0.085 0.766 -0.000 0.554 -0.327 0.718 0.000 -0.694 0.048 0.993 0.000 0.061 0.101 0.683 0.000 -0.729 0.047 0.994 0.000 0.031 0.109 
0.999 -0.037 0.038 -0.002 0.777 0.000 -0.625 0.069 0.989 0.000 -0.048 -0.137 0.728 0.000 -0.681 0.085 0.766 0.000 0.555 -0.324 0.719 0.000 -0.694 0.048 0.993 0.000 0.061 0.101 0.683 0.000 -0.729 0.047 0.994 0.000 0.031 0.109 
0.999 -0.037 0.038 -0.001 0.777 0.000 -0.625 0.068 0.989 0.000 -0.048 -0.137 0.727 0.000 -0.681 0.085 0.766 0.000 0.555 -0.323 0.719 0.000 -0.694 0.048 0.993 -0.000 0.061 0.101 0.684 0.000 -0.729 0.046 0.994 0.000 0.029 0.110 
0.999 -0.037 0.038 -0.001 0.777 0.000 -0.625 0.068 0.989 0.000 -0.048 -0.137 0.727 -0.000 -0.681 0.086 0.766 0.000 0.555 -0.323 0.719 0.000 -0.694 0.048 0.993 0.000 0.061 0.101 0.683 0.000 -0.729 0.047 0.994 0.000 0.031 0.109 
0.999 -0.037 0.038 -0.001 0.777 0.000 -0.625 0.067 0.989 0.000 -0.048 -0.137 0.727 0.000 -0.681 0.086 0.767 0.000 0.555 -0.324 0.719 0.000 -0.694 0.048 0.993 0.000 0.061 0.101 0.683 0.000 -0.729 0.047 0.994 0.000 0.031 0.109 
0.999 -0.037 0.038 -0.001 0.777 0.000 -0.625 0.067 0.989 -0.000 -0.048 -0.137 0.727 0.000 -0.681 0.086 0.767 -0.000 0.554 -0.324 0.719 0.000 -0.694 0.048 0.993 0.000 0.061 0.101 0.683 0.000 -0.729 0.047 0.994 0.000 0.031 0.108 
0.999 -0.037 0.038 -0.001 0.778 0.000 -0.625 0.066 0.989 0.000 -0.049 -0.138 0.727 0.000 -0.681 0.086 0.767 -0.000 0.554 -0.323 0.719 0.000 -0.694 0.049 0.993 0.000 0.061 0.101 0.683 0.000 -0.729 0.046 0.994 0.000 0.029 0.110 
0.999 -0.037 0.038 -0.000 0.777 0.000 -0.626 0.067 0.989 0.000 -0.048 -0.139 0.727 0.000 -0.681 0.086 0.768 0.000 0.553 -0.323 0.719 0.000 -0.694 0.048 0.993 0.000 0.061 0.101 0.683 0.000 -0.729 0.047 0.994 -0.000 0.031 0.108 
0.999 -0.037 0.038 -0.000 0.777 0.000 -0.626 0.066 0.989 0.000 -0.048 -0.138 0.727 0.000 -0.681 0.087 0.767 0.000 0.553 -0.324 0.719 -0.000 -0.694 0.048 0.993 0.000 0.061 0.101 0.683 0.000 -0.729 0.046 0.994 0.000 0.029 0.110 
0.999 -0.037 0.038 -0.000 0.777 0.000 -0.626 0.066 0.989 -0.000 -0.048 -0.139 0.727 0.000 -0.681 0.087 0.768 0.000 0.553 -0.324 0.719 0.000 -0.694 0.048 0.993 0.000 0.061 0.102 0.683 0.000 -0.729 0.045 0.994 0.000 0.029 0.110 
0.999 -0.037 0.038 -0.000 0.778 -0.000 -0.625 0.066 0.989 0.000 -0.049 -0.139 0.727 0.000 -0.681 0.087 0.767 0.000 0.553 -0.324 0.719 0.000 -0.694 0.048 0.993 0.000 0.061 0.102 0.683 0.000 -0.729 0.045 0.994 0.000 0.029 0.109 
0.999 -0.037 0.038 -0.000 0.777 0.000 -0.626 0.066 0.989 0.000 -0.049 -0.141 0.727 0.000 -0.681 0.087 0.768 0.000 0.553 -0.324 0.719 0.000 -0.694 0.048 0.993 0.000 0.061 0.102 0.683 0.000 -0.729 0.046 0.994 0.000 0.031 0.108 
0.999 -0.037 0.038 0.000 0.777 -0.000 -0.626 0.065 0.989 0.000 -0.049 -0.141 0.727 0.000 -0.681 0.087 0.768 -0.000 0.553 -0.324 0.719 0.000 -0.694 0.048 0.993 0.000 0.060 0.102 0.683 0.000 -0.729 0.045 0.994 0.000 0.029 0.110 
0.999 -0.037 0.038 0.000 0.777 0.000 -0.626 0.065 0.989 0.000 -0.049 -0.141 0.727 0.000 -0.681 0.087 0.768 0.000 0.553 -0.324 0.719 0.000 -0.694 0.048 0.993 0.000 0.061 0.102 0.683 0.000 -0.729 0.046 0.994 0.000 0.031 0.108 
0.999 -0.037 0.038 0.000 0.777 0.000 -0.626 0.065 0.989 0.000 -0.049 -0.141 0.727 0.000 -0.681 0.088 0.767 0.000 0.552 -0.326 0.719 0.000 -0.694 0.047 0.993 0.000 0.060 0.102 0.683 0.000 -0.729 0.046 0.994 0.000 0.031 0.108 
0.999 -0.037 0.038 0.000 0.777 0.000 -0.626 0.064 0.989 -0.000 -0.049 -0.142 0.727 0.000 -0.681 0.089 0.768 -0.000 0.551 -0.327 0.719 -0.000 -0.694 0.047 0.993 0.000 0.060 0.102 0.683 -0.000 -0.729 0.046 0.994 0.000 0.031 0.108 
0.999 -0.037 0.038 0.000 0.777 -0.000 -0.626 0.064 0.989 0.000 -0.049 -0.142 0.727 0.000 -0.681 0.089 0.768 0.000 0.551 -0.328 0.719 0.000 -0.693 0.048 0.993 -0.000 0.060 0.102 0.683 0.000 -0.729 0.046 0.994 -0.000 0.031 0.108 
0.999 -0.037 0.039 0.000 0.777 0.000 -0.626 0.063 0.989 0.000 -0.050 -0.142 0.727 0.000 -0.681 0.090 0.767 0.000 0.549 -0.331 0.719 0.000 -0.693 0.047 0.993 0.000 0.060 0.102 0.683 -0.000 -0.729 0.045 0.994 0.000 0.031 0.108 
0.999 -0.037 0.039 0.001 0.777 0.000 -0.626 0.063 0.988 0.000 -0.050 -0.143 0.727 0.000 -0.681 0.091 0.767 -0.000 0.549 -0.332 0.719 0.000 -0.694 0.047 0.993 0.000 0.060 0.102 0.683 0.000 -0.729 0.044 0.994 0.000 0.029 0.110 
0.999 -0.036 0.039 0.001 0.777 0.000 -0.626 0.062 0.988 -0.000 -0.050 -0.143 0.727 0.000 -0.681 0.091 0.767 0.000 0.548 -0.333 0.719 0.000 -0.693 0.047 0.993 0.000 0.060 0.102 0.683 0.000 -0.729 0.045 0.994 0.000 0.031 0.109 
0.999 -0.036 0.039 0.001 0.777 0.000 -0.627 0.062 0.988 -0.000 -0.050 -0.144 0.726 0.000 -0.681 0.092 0.767 -0.000 0.548 -0.334 0.719 0.000 -0.693 0.047 0.993 0.000 0.060 0.102 0.683 0.000 -0.729 0.045 0.994 0.000 0.030 0.109 
0.999 -0.036 0.039 0.001 0.777 0.000 -0.627 0.062 0.988 0.000 -0.050 -0.144 0.726 0.000 -0.681 0.091 0.767 0.000 0.548 -0.333 0.719 0.000 -0.693 0.047 0.993 0.000 0.060 0.102 0.683 0.000 -0.729 0.044 0.994 0.000 0.028 0.110 
0.999 -0.036 0.039 0.001 0.777 0.000 -0.627 0.062 0.988 0.000 -0.050 -0.145 0.726 0.000 -0.681 0.091 0.768 0.000 0.547 -0.334 0.719 0.000 -0.693 0.047 0.993 0.000 0.060 0.102 0.683 0.000 -0.729 0.044 0.994 0.000 0.028 0.110 
0.999 -0.036 0.039 0.001 0.777 -0.000 -0.627 0.061 0.988 0.000 -0.050 -0.146 0.726 0.000 -0.681 0.092 0.767 0.000 0.547 -0.335 0.719 0.000 -0.693 0.047 0.993 0.000 0.060 0.102 0.683 0.000 -0.729 0.045 0.994 0.000 0.030 0.109 
0.999 -0.037 0.039 0.001 0.777 0.000 -0.627 0.061 0.988 -0.000 -0.051 -0.145 0.726 -0.000 -0.681 0.092 0.768 0.000 0.546 -0.335 0.719 0.000 -0.693 0.047 0.993 -0.000 0.060 0.103 0.684 0.000 -0.729 0.044 0.994 0.000 0.028 0.110 
0.999 -0.036 0.039 0.001 0.777 0.000 -0.627 0.061 0.988 0.000 -0.050 -0.146 0.726 0.000 -0.681 0.092 0.768 0.000 0.546 -0.335 0.719 0.000 -0.693 0.047 0.993 0.000 0.060 0.103 0.683 0.000 -0.729 0.045 0.994 0.000 0.030 0.109 
0.999 -0.036 0.039 0.001 0.776 0.000 -0.627 0.061 0.988 -0.000 -0.050 -0.148 0.726 0.000 -0.681 0.092 0.768 0.000 0.545 -0.336 0.719 0.000 -0.693 0.047 0.993 0.000 0.060 0.103 0.684 0.000 -0.729 0.044 0.994 0.000 0.028 0.110 
0.999 -0.036 0.039 0.001 0.776 0.000 -0.627 0.061 0.988 -0.000 -0.050 -0.147 0.726 0.000 -0.681 0.092 0.768 -0.000 0.545 -0.337 0.719 0.000 -0.693 0.046 0.993 0.000 0.060 0.103 0.683 0.000 -0.729 0.043 0.994 0.000 0.028 0.110 
0.999 -0.036 0.039 0.001 0.777 0.000 -0.627 0.061 0.988 -0.000 -0.051 -0.147 0.726 0.000 -0.681 0.092 0.768 0.000 0.545 -0.337 0.719 0.000 -0.693 0.046 0.993 0.000 0.060 0.103 0.684 0.000 -0.729 0.043 0.994 0.000 0.028 0.110 
0.999 -0.036 0.039 0.002 0.777 0.000 -0.627 0.061 0.988 0.000 -0.051 -0.148 0.726 0.000 -0.682 0.092 0.767 0.000 0.545 -0.338 0.719 0.000 -0.693 0.046 0.993 0.000 0.059 0.103 0.684 0.000 -0.729 0.043 0.994 0.000 0.028 0.110 
0.999 -0.036 0.039 0.002 0.777 0.000 -0.627 0.061 0.988 -0.000 -0.051 -0.148 0.726 0.000 -0.682 0.092 0.768 -0.000 0.544 -0.339 0.719 0.000 -0.693 0.046 0.993 0.000 0.059 0.103 0.683 0.000 -0.729 0.043 0.994 0.000 0.028 0.110 
0.999 -0.036 0.039 0.002 0.777 0.000 -0.627 0.061 0.988 0.000 -0.051 -0.148 0.726 0.000 -0.682 0.093 0.767 0.000 0.544 -0.340 0.719 0.000 -0.693 0.046 0.993 0.000 0.059 0.103 0.683 0.000 -0.729 0.044 0.994 0.000 0.030 0.109 
0.999 -0.036 0.039 0.002 0.777 0.000 -0.627 0.061 0.988 0.000 -0.051 -0.148 0.726 0.000 -0.682 0.092 0.767 0.000 0.544 -0.339 0.719 -0.000 -0.693 0.046 0.993 0.000 0.059 0.103 0.684 0.000 -0.729 0.043 0.994 0.000 0.028 0.110 
0.999 -0.036 0.039 0.002 0.776 -0.000 -0.627 0.061 0.988 0.000 -0.051 -0.148 0.726 0.000 -0.682 0.092 0.767 0.000 0.544 -0.341 0.719 0.000 -0.693 0.046 0.993 0.000 0.059 0.103 0.683 0.000 -0.729 0.044 0.994 0.000 0.031 0.108 
0.999 -0.036 0.039 0.002 0.776 0.000 -0.627 0.061 0.988 0.000 -0.051 -0.149 0.726 0.000 -0.682 0.091 0.767 -0.000 0.544 -0.340 0.719 0.000 -0.694 0.046 0.993 0.000 0.059 0.103 0.683 0.000 -0.729 0.044 0.994 0.000 0.031 0.108 
0.999 -0.036 0.039 0.002 0.776 -0.000 -0.627 0.061 0.988 0.000 -0.051 -0.149 0.726 0.000 -0.682 0.092 0.767 0.000 0.543 -0.343 0.719 0.000 -0.693 0.047 0.993 0.000 0.059 0.103 0.683 0.000 -0.729 0.043 0.994 0.000 0.028 0.109 
0.999 -0.036 0.039 0.002 0.776 -0.000 -0.627 0.061 0.988 0.000 -0.051 -0.149 0.726 0.000 -0.682 0.092 0.766 0.000 0.543 -0.344 0.719 0.000 -0.693 0.046 0.993 0.000 0.059 0.103 0.683 0.000 -0.729 0.043 0.994 0.000 0.028 0.110 
0.999 -0.036 0.039 0.002 0.776 0.000 -0.627 0.061 0.988 -0.000 -0.051 -0.148 0.725 0.000 -0.682 0.091 0.767 0.000 0.543 -0.343 0.719 0.000 -0.694 0.047 0.993 0.000 0.059 0.103 0.683 0.000 -0.729 0.044 0.994 0.000 0.031 0.108 
0.999 -0.036 0.039 0.002 0.776 0.000 -0.627 0.061 0.988 -0.000 -0.051 -0.148 0.725 0.000 -0.682 0.092 0.766 0.000 0.543 -0.345 0.719 0.000 -0.693 0.046 0.993 0.000 0.059 0.103 0.684 0.000 -0.729 0.043 0.994 0.000 0.028 0.110 
0.999 -0.036 0.039 0.002 0.777 0.000 -0.627 0.061 0.988 0.000 -0.051 -0.148 0.725 0.000 -0.683 0.092 0.767 0.000 0.542 -0.344 0.719 0.000 -0.693 0.047 0.993 0.000 0.059 0.103 0.683 0.000 -0.729 0.044 0.994 -0.000 0.031 0.109 
0.999 -0.036 0.039 0.002 0.776 0.000 -0.627 0.062 0.988 0.000 -0.050 -0.148 0.725 0.000 -0.682 0.092 0.766 0.000 0.541 -0.347 0.719 0.000 -0.693 0.046 0.993 0.000 0.059 0.103 0.683 0.000 -0.729 0.044 0.994 0.000 0.031 0.109 
0.999 -0.036 0.039 0.002 0.777 0.000 -0.627 0.061 0.988 0.000 -0.051 -0.147 0.725 -0.000 -0.682 0.092 0.767 0.000 0.541 -0.346 0.719 0.000 -0.693 0.047 0.993 0.000 0.059 0.103 0.683 0.000 -0.729 0.044 0.994 0.000 0.031 0.108 
0.999 -0.036 0.039 0.002 0.776 0.000 -0.627 0.062 0.988 0.000 -0.050 -0.148 0.725 0.000 -0.682 0.091 0.766 0.000 0.540 -0.348 0.719 0.000 -0.694 0.046 0.993 0.000 0.059 0.103 0.683 0.000 -0.729 0.043 0.994 0.000 0.029 0.109 
0.999 -0.036 0.039 0.002 0.776 0.000 -0.628 0.062 0.988 -0.000 -0.050 -0.147 0.725 0.000 -0.682 0.091 0.766 0.000 0.539 -0.349 0.719 -0.000 -0.693 0.047 0.993 0.000 0.059 0.103 0.683 0.000 -0.729 0.044 0.994 0.000 0.031 0.109 
0.999 -0.036 0.039 0.002 0.776 -0.000 -0.628 0.062 0.988 0.000 -0.050 -0.147 0.725 0.000 -0.683 0.091 0.766 0.000 0.539 -0.349 0.719 0.000 -0.694 0.047 0.993 0.000 0.059 0.103 0.684 0.000 -0.729 0.043 0.994 0.000 0.029 0.110 
0.999 -0.036 0.039 0.002 0.776 0.000 -0.628 0.063 0.988 0.000 -0.050 -0.147 0.725 0.000 -0.683 0.089 0.766 0.000 0.539 -0.350 0.719 0.000 -0.694 0.047 0.993 0.000 0.059 0.103 0.684 0.000 -0.729 0.044 0.994 0.000 0.029 0.109 
0.999 -0.036 0.039 0.002 0.776 0.000 -0.628 0.063 0.988 0.000 -0.050 -0.146 0.724 0.000 -0.684 0.088 0.766 0.000 0.540 -0.349 0.719 0.000 -0.694 0.047 0.993 0.000 0.059 0.103 0.684 0.000 -0.729 0.043 0.994 0.000 0.029 0.109 
0.999 -0.036 0.039 0.002 0.776 0.000 -0.627 0.064 0.988 0.000 -0.049 -0.146 0.724 -0.000 -0.684 0.087 0.766 0.000 0.540 -0.349 0.719 0.000 -0.694 0.047 0.993 -0.000 0.059 0.103 0.683 0.000 -0.729 0.044 0.994 0.000 0.031 0.108 
0.999 -0.036 0.039 0.002 0.776 0.000 -0.627 0.064 0.988 0.000 -0.050 -0.146 0.723 0.000 -0.685 0.086 0.765 0.000 0.540 -0.351 0.719 0.000 -0.694 0.047 0.993 0.000 0.059 0.103 0.683 0.000 -0.729 0.044 0.994 -0.000 0.031 0.108 
0.999 -0.036 0.039 0.003 0.776 0.000 -0.627 0.064 0.988 -0.000 -0.049 -0.146 0.723 0.000 -0.686 0.084 0.766 0.000 0.539 -0.351 0.719 0.000 -0.694 0.047 0.993 0.000 0.059 0.103 0.684 0.000 -0.729 0.043 0.994 0.000 0.029 0.110 
0.999 -0.036 0.039 0.003 0.776 -0.000 -0.627 0.064 0.988 0.000 -0.048 -0.145 0.722 -0.000 -0.686 0.084 0.766 0.000 0.538 -0.352 0.719 0.000 -0.694 0.047 0.993 0.000 0.059 0.103 0.684 0.000 -0.729 0.043 0.994 0.000 0.029 0.110 
0.999 -0.036 0.039 0.003 0.776 0.000 -0.627 0.065 0.988 0.000 -0.048 -0.144 0.722 0.000 -0.687 0.081 0.767 0.000 0.537 -0.352 0.719 0.000 -0.694 0.047 0.993 0.000 0.059 0.103 0.683 0.000 -0.729 0.043 0.994 0.000 0.031 0.109 
0.999 -0.036 0.039 0.003 0.776 0.000 -0.627 0.065 0.988 0.000 -0.048 -0.144 0.722 0.000 -0.688 0.081 0.767 0.000 0.535 -0.355 0.719 0.000 -0.694 0.047 0.993 0.000 0.059 0.103 0.684 0.000 -0.729 0.042 0.994 0.000 0.029 0.110 
0.999 -0.036 0.039 0.003 0.776 0.000 -0.628 0.065 0.989 0.000 -0.047 -0.143 0.721 0.000 -0.688 0.079 0.767 0.000 0.535 -0.356 0.719 0.000 -0.694 0.047 0.993 0.000 0.059 0.103 0.684 -0.000 -0.728 0.043 0.994 0.000 0.029 0.110 
0.999 -0.036 0.039 0.004 0.776 -0.000 -0.628 0.065 0.989 0.000 -0.046 -0.142 0.721 0.000 -0.688 0.078 0.768 0.000 0.531 -0.359 0.719 -0.000 -0.694 0.047 0.993 0.000 0.059 0.103 0.683 0.000 -0.729 0.043 0.994 0.000 0.031 0.109 
0.999 -0.036 0.039 0.004 0.776 0.000 -0.628 0.065 0.989 0.000 -0.046 -0.141 0.721 0.000 -0.689 0.076 0.768 0.000 0.529 -0.361 0.719 0.000 -0.694 0.047 0.993 0.000 0.059 0.103 0.684 -0.000 -0.729 0.042 0.994 0.000 0.029 0.110 
0.999 -0.036 0.039 0.004 0.776 -0.000 -0.628 0.065 0.989 0.000 -0.045 -0.141 0.721 0.000 -0.689 0.076 0.768 0.000 0.526 -0.366 0.719 0.000 -0.694 0.047 0.993 0.000 0.059 0.103 0.684 0.000 -0.729 0.042 0.994 0.000 0.029 0.110 
0.999 -0.036 0.039 0.005 0.775 0.000 -0.628 0.065 0.989 -0.000 -0.045 -0.140 0.721 0.000 -0.689 0.076 0.768 0.000 0.523 -0.370 0.719 0.000 -0.694 0.047 0.993 0.000 0.059 0.103 0.684 0.000 -0.729 0.041 0.993 0.000 0.029 0.110 
0.999 -0.035 0.039 0.005 0.775 0.000 -0.628 0.065 0.989 0.000 -0.045 -0.139 0.721 0.000 -0.689 0.076 0.767 0.000 0.520 -0.375 0.719 0.000 -0.694 0.046 0.993 0.000 0.059 0.103 0.684 -0.000 -0.729 0.041 0.993 0.000 0.029 0.110 
0.999 -0.035 0.039 0.005 0.775 0.000 -0.628 0.064 0.989 0.000 -0.044 -0.138 0.721 0.000 -0.689 0.075 0.767 0.000 0.518 -0.377 0.719 -0.000 -0.694 0.046 0.993 0.000 0.059 0.103 0.684 0.000 -0.729 0.040 0.994 0.000 0.029 0.110 
0.999 -0.035 0.039 0.005 0.775 0.000 -0.628 0.064 0.989 0.000 -0.044 -0.138 0.721 0.000 -0.689 0.076 0.767 0.000 0.514 -0.385 0.719 0.000 -0.694 0.046 0.993 0.000 0.059 0.103 0.684 -0.000 -0.729 0.040 0.993 0.000 0.029 0.110 
0.999 -0.035 0.039 0.006 0.775 0.000 -0.628 0.064 0.990 0.000 -0.044 -0.137 0.720 0.000 -0.689 0.075 0.767 0.000 0.511 -0.388 0.719 0.000 -0.694 0.046 0.993 0.000 0.059 0.103 0.684 0.000 -0.729 0.040 0.994 0.000 0.029 0.110 
0.999 -0.035 0.039 0.006 0.775 0.000 -0.628 0.064 0.990 0.000 -0.044 -0.136 0.720 0.000 -0.690 0.073 0.768 0.000 0.509 -0.390 0.719 0.000 -0.694 0.046 0.993 0.000 0.059 0.103 0.684 0.000 -0.729 0.039 0.993 0.000 0.029 0.110 
0.999 -0.035 0.039 0.006 0.775 -0.000 -0.629 0.064 0.990 0.000 -0.044 -0.136 0.720 0.000 -0.690 0.072 0.768 0.000 0.505 -0.394 0.719 0.000 -0.694 0.046 0.993 0.000 0.059 0.103 0.684 0.000 -0.729 0.039 0.994 0.000 0.029 0.110 
0.999 -0.034 0.039 0.006 0.775 0.000 -0.629 0.064 0.990 -0.000 -0.044 -0.136 0.720 0.000 -0.690 0.072 0.768 0.000 0.502 -0.398 0.719 0.000 -0.694 0.045 0.993 -0.000 0.059 0.103 0.684 0.000 -0.729 0.039 0.993 0.000 0.029 0.110 
0.999 -0.034 0.039 0.006 0.775 0.000 -0.629 0.064 0.990 0.000 -0.043 -0.136 0.720 0.000 -0.691 0.071 0.768 0.000 0.499 -0.401 0.719 0.000 -0.694 0.045 0.993 0.000 0.059 0.103 0.684 0.000 -0.729 0.038 0.993 0.000 0.029 0.110 
0.999 -0.034 0.039 0.006 0.775 0.000 -0.629 0.063 0.990 0.000 -0.043 -0.136 0.719 -0.000 -0.692 0.069 0.768 -0.000 0.497 -0.403 0.719 0.000 -0.694 0.045 0.993 0.000 0.059 0.103 0.683 0.000 -0.730 0.040 0.994 0.000 0.031 0.109 
0.999 -0.034 0.039 0.007 0.775 0.000 -0.629 0.063 0.990 0.000 -0.042 -0.136 0.718 0.000 -0.692 0.068 0.768 0.000 0.497 -0.404 0.719 0.000 -0.694 0.045 0.993 0.000 0.059 0.103 0.684 -0.000 -0.729 0.038 0.994 0.000 0.029 0.110 
0.999 -0.034 0.039 0.007 0.775 -0.000 -0.629 0.063 0.990 0.000 -0.042 -0.137 0.718 0.000 -0.693 0.069 0.767 0.000 0.492 -0.412 0.719 0.000 -0.694 0.045 0.993 0.000 0.058 0.103 0.684 0.000 -0.729 0.038 0.994 0.000 0.029 0.110 
0.999 -0.034 0.039 0.007 0.774 0.000 -0.629 0.063 0.989 -0.000 -0.043 -0.138 0.718 -0.000 -0.693 0.068 0.767 0.000 0.489 -0.416 0.719 0.000 -0.694 0.044 0.993 0.000 0.059 0.103 0.684 0.000 -0.729 0.038 0.994 0.000 0.029 0.110 
0.999 -0.033 0.039 0.006 0.775 0.000 -0.629 0.063 0.989 0.000 -0.043 -0.139 0.717 -0.000 -0.693 0.071 0.765 0.000 0.484 -0.425 0.719 0.000 -0.694 0.044 0.993 0.000 0.058 0.103 0.684 0.000 -0.729 0.037 0.993 0.000 0.029 0.110 
0.999 -0.034 0.039 0.006 0.775 0.000 -0.629 0.063 0.989 -0.000 -0.043 -0.139 0.717 -0.000 -0.694 0.067 0.767 0.000 0.481 -0.425 0.719 0.000 -0.694 0.044 0.993 0.000 0.059 0.103 0.684 -0.000 -0.729 0.037 0.994 0.000 0.029 0.110 
0.999 -0.033 0.039 0.006 0.774 0.000 -0.629 0.063 0.989 0.000 -0.043 -0.140 0.717 0.000 -0.694 0.067 0.767 0.000 0.476 -0.430 0.719 0.000 -0.694 0.044 0.993 0.000 0.058 0.103 0.684 0.000 -0.729 0.037 0.994 0.000 0.029 0.110 
0.999 -0.033 0.039 0.006 0.775 0.000 -0.629 0.063 0.989 0.000 -0.044 -0.140 0.717 0.000 -0.694 0.067 0.767 0.000 0.470 -0.436 0.719 0.000 -0.694 0.044 0.993 0.000 0.059 0.103 0.684 0.000 -0.729 0.037 0.994 0.000 0.029 0.110 
0.999 -0.033 0.039 0.006 0.774 0.000 -0.630 0.063 0.989 0.000 -0.044 -0.141 0.717 0.000 -0.694 0.067 0.767 0.000 0.465 -0.441 0.719 0.000 -0.694 0.044 0.993 0.000 0.058 0.103 0.684 -0.000 -0.729 0.037 0.993 0.000 0.029 0.110 
0.999 -0.033 0.039 0.006 0.774 0.000 -0.630 0.063 0.989 0.000 -0.044 -0.142 0.717 0.000 -0.694 0.066 0.767 0.000 0.462 -0.445 0.719 -0.000 -0.694 0.043 0.993 0.000 0.058 0.103 0.684 0.000 -0.729 0.037 0.993 0.000 0.029 0.110 
0.999 -0.033 0.039 0.005 0.774 0.000 -0.630 0.063 0.989 0.000 -0.044 -0.142 0.716 0.000 -0.695 0.066 0.767 -0.000 0.458 -0.450 0.718 0.000 -0.694 0.043 0.993 0.000 0.059 0.103 0.684 0.000 -0.729 0.037 0.994 0.000 0.029 0.110 
0.999 -0.033 0.039 0.005 0.774 0.000 -0.630 0.063 0.989 0.000 -0.044 -0.142 0.716 -0.000 -0.695 0.066 0.766 0.000 0.453 -0.456 0.718 0.000 -0.694 0.043 0.993 0.000 0.059 0.103 0.684 0.000 -0.729 0.037 0.993 0.000 0.028 0.110 
0.999 -0.033 0.039 0.005 0.774 0.000 -0.630 0.062 0.989 0.000 -0.043 -0.143 0.716 0.000 -0.695 0.066 0.765 0.000 0.450 -0.460 0.718 -0.000 -0.694 0.043 0.993 0.000 0.059 0.103 0.684 -0.000 -0.729 0.037 0.993 0.000 0.029 0.111 
0.999 -0.033 0.039 0.005 0.774 0.000 -0.630 0.062 0.989 0.000 -0.044 -0.143 0.715 0.000 -0.696 0.063 0.766 0.000 0.446 -0.464 0.718 0.000 -0.694 0.043 0.993 0.000 0.059 0.103 0.684 0.000 -0.729 0.036 0.993 0.000 0.028 0.110 
0.999 -0.033 0.039 0.005 0.774 0.000 -0.630 0.062 0.989 -0.000 -0.044 -0.143 0.715 0.000 -0.696 0.063 0.765 0.000 0.440 -0.470 0.718 0.000 -0.694 0.042 0.993 0.000 0.058 0.103 0.684 0.000 -0.729 0.036 0.993 0.000 0.028 0.111 
0.999 -0.032 0.039 0.004 0.774 0.000 -0.630 0.061 0.989 0.000 -0.043 -0.143 0.715 -0.000 -0.696 0.065 0.764 0.000 0.430 -0.480 0.718 0.000 -0.694 0.042 0.993 0.000 0.059 0.103 0.684 0.000 -0.729 0.036 0.993 0.000 0.028 0.111 
0.999 -0.032 0.039 0.004 0.774 0.000 -0.630 0.061 0.989 -0.000 -0.043 -0.145 0.716 0.000 -0.696 0.064 0.765 0.000 0.423 -0.486 0.718 -0.000 -0.694 0.042 0.993 0.000 0.059 0.103 0.684 0.000 -0.729 0.036 0.993 0.000 0.028 0.111 
0.999 -0.032 0.039 0.004 0.774 0.000 -0.630 0.061 0.989 -0.000 -0.043 -0.144 0.716 0.000 -0.696 0.061 0.766 -0.000 0.418 -0.488 0.718 0.000 -0.694 0.041 0.993 0.000 0.059 0.103 0.684 0.000 -0.729 0.035 0.993 0.000 0.028 0.111 
0.999 -0.032 0.039 0.004 0.774 0.000 -0.630 0.061 0.988 0.000 -0.043 -0.145 0.716 0.000 -0.696 0.059 0.767 0.000 0.411 -0.493 0.718 0.000 -0.694 0.041 0.993 0.000 0.059 0.103 0.684 0.000 -0.729 0.035 0.993 0.000 0.028 0.111 
0.999 -0.032 0.039 0.004 0.774 0.000 -0.630 0.061 0.988 0.000 -0.043 -0.145 0.715 0.000 -0.696 0.058 0.767 0.000 0.404 -0.498 0.718 0.000 -0.694 0.041 0.993 0.000 0.059 0.103 0.684 0.000 -0.729 0.035 0.993 0.000 0.028 0.111 
0.999 -0.032 0.038 0.003 0.774 0.000 -0.630 0.061 0.988 0.000 -0.044 -0.145 0.715 0.000 -0.697 0.057 0.767 0.000 0.398 -0.503 0.718 0.000 -0.694 0.041 0.993 0.000 0.058 0.103 0.684 0.000 -0.729 0.035 0.993 0.000 0.028 0.111 
0.999 -0.031 0.038 0.003 0.774 0.000 -0.630 0.060 0.989 0.000 -0.043 -0.145 0.715 0.000 -0.697 0.057 0.766 0.000 0.390 -0.511 0.718 0.000 -0.694 0.040 0.993 -0.000 0.059 0.103 0.684 0.000 -0.729 0.034 0.993 0.000 0.028 0.111 
0.999 -0.031 0.038 0.003 0.774 0.000 -0.631 0.060 0.989 0.000 -0.043 -0.145 0.715 0.000 -0.697 0.055 0.766 0.000 0.383 -0.516 0.718 0.000 -0.694 0.040 0.993 0.000 0.059 0.103 0.684 0.000 -0.729 0.034 0.993 0.000 0.028 0.111 
0.999 -0.031 0.038 0.003 0.774 0.000 -0.630 0.060 0.989 -0.000 -0.043 -0.145 0.714 0.000 -0.699 0.051 0.767 -0.000 0.378 -0.518 0.718 0.000 -0.694 0.040 0.993 0.000 0.058 0.103 0.683 0.000 -0.730 0.035 0.993 0.000 0.030 0.110 
0.999 -0.031 0.038 0.003 0.774 0.000 -0.631 0.059 0.989 0.000 -0.043 -0.145 0.714 0.000 -0.699 0.050 0.767 -0.000 0.369 -0.525 0.718 0.000 -0.694 0.039 0.993 0.000 0.058 0.103 0.684 0.000 -0.729 0.033 0.993 0.000 0.027 0.112 
0.999 -0.031 0.038 0.003 0.774 0.000 -0.631 0.059 0.989 0.000 -0.043 -0.144 0.714 0.000 -0.699 0.048 0.768 0.000 0.360 -0.530 0.718 0.000 -0.695 0.039 0.993 0.000 0.059 0.103 0.683 0.000 -0.730 0.034 0.993 0.000 0.029 0.110 
0.999 -0.031 0.038 0.003 0.774 0.000 -0.631 0.059 0.989 0.000 -0.042 -0.144 0.714 0.000 -0.698 0.046 0.768 0.000 0.353 -0.534 0.718 0.000 -0.695 0.039 0.993 -0.000 0.059 0.103 0.683 0.000 -0.730 0.034 0.993 0.000 0.030 0.110 
0.999 -0.030 0.038 0.003 0.774 -0.000 -0.631 0.058 0.989 0.000 -0.042 -0.144 0.715 0.000 -0.698 0.044 0.768 0.000 0.343 -0.540 0.718 0.000 -0.695 0.038 0.993 0.000 0.059 0.103 0.684 0.000 -0.729 0.033 0.993 -0.000 0.027 0.112 
0.999 -0.030 0.038 0.003 0.774 0.000 -0.631 0.058 0.989 -0.000 -0.042 -0.144 0.715 0.000 -0.698 0.042 0.769 -0.000 0.334 -0.545 0.718 0.000 -0.695 0.038 0.993 -0.000 0.058 0.103 0.684 0.000 -0.729 0.033 0.993 0.000 0.027 0.111 
0.999 -0.030 0.038 0.003 0.774 -0.000 -0.631 0.057 0.989 -0.000 -0.041 -0.144 0.715 0.000 -0.698 0.042 0.768 0.000 0.325 -0.551 0.718 0.000 -0.695 0.038 0.993 0.000 0.059 0.103 0.684 0.000 -0.729 0.032 0.993 0.000 0.027 0.112 
0.999 -0.030 0.038 0.003 0.774 0.000 -0.631 0.057 0.989 0.000 -0.042 -0.144 0.714 0.000 -0.699 0.039 0.769 0.000 0.318 -0.555 0.718 0.000 -0.695 0.038 0.993 0.000 0.058 0.103 0.684 0.000 -0.729 0.032 0.993 0.000 0.027 0.112 
0.999 -0.030 0.038 0.003 0.774 0.000 -0.631 0.057 0.989 0.000 -0.041 -0.144 0.714 0.000 -0.699 0.036 0.769 -0.000 0.310 -0.559 0.718 0.000 -0.695 0.037 0.993 0.000 0.058 0.103 0.683 0.000 -0.730 0.033 0.993 0.000 0.029 0.110 
0.999 -0.029 0.038 0.003 0.774 0.000 -0.631 0.057 0.989 -0.000 -0.041 -0.145 0.714 0.000 -0.699 0.034 0.769 -0.000 0.301 -0.564 0.718 -0.000 -0.695 0.037 0.993 0.000 0.058 0.104 0.683 0.000 -0.730 0.033 0.994 0.000 0.029 0.110 
0.999 -0.029 0.038 0.003 0.774 0.000 -0.631 0.057 0.989 0.000 -0.041 -0.145 0.713 0.000 -0.700 0.034 0.769 0.000 0.291 -0.569 0.718 0.000 -0.695 0.037 0.993 -0.000 0.058 0.104 0.684 0.000 -0.729 0.031 0.993 0.000 0.027 0.112 
0.999 -0.029 0.038 0.003 0.774 0.000 -0.631 0.056 0.989 -0.000 -0.041 -0.145 0.713 -0.000 -0.700 0.032 0.769 0.000 0.282 -0.573 0.718 0.000 -0.695 0.036 0.993 0.000 0.059 0.104 0.684 0.000 -0.729 0.031 0.993 -0.000 0.027 0.112 
0.999 -0.029 0.038 0.003 0.773 0.000 -0.631 0.056 0.989 0.000 -0.040 -0.145 0.713 0.000 -0.700 0.030 0.770 -0.000 0.272 -0.578 0.718 0.000 -0.695 0.035 0.993 0.000 0.059 0.104 0.684 0.000 -0.729 0.030 0.993 0.000 0.026 0.112 
0.999 -0.028 0.038 0.002 0.773 0.000 -0.631 0.055 0.989 0.000 -0.040 -0.144 0.712 0.000 -0.702 0.030 0.769 0.000 0.261 -0.583 0.719 -0.000 -0.695 0.035 0.993 0.000 0.059 0.104 0.684 0.000 -0.729 0.030 0.993 0.000 0.026 0.111 
0.999 -0.028 0.038 0.002 0.773 0.000 -0.632 0.055 0.989 0.000 -0.040 -0.144 0.712 0.000 -0.702 0.026 0.770 0.000 0.252 -0.586 0.719 -0.000 -0.695 0.035 0.993 0.000 0.059 0.104 0.684 0.000 -0.729 0.030 0.993 0.000 0.026 0.111 
0.999 -0.028 0.038 0.002 0.773 0.000 -0.632 0.054 0.989 0.000 -0.040 -0.146 0.712 -0.000 -0.701 0.025 0.770 -0.000 0.241 -0.591 0.719 -0.000 -0.695 0.034 0.993 -0.000 0.058 0.104 0.684 0.000 -0.729 0.029 0.993 0.000 0.026 0.112 
0.999 -0.027 0.038 0.002 0.773 0.000 -0.632 0.054 0.989 0.000 -0.040 -0.146 0.713 0.000 -0.701 0.025 0.771 0.000 0.229 -0.595 0.719 -0.000 -0.695 0.033 0.993 0.000 0.058 0.104 0.684 -0.000 -0.729 0.029 0.993 0.000 0.026 0.111 
0.999 -0.027 0.038 0.002 0.773 0.000 -0.632 0.054 0.989 -0.000 -0.040 -0.145 0.713 0.000 -0.701 0.023 0.771 0.000 0.219 -0.598 0.719 0.000 -0.695 0.033 0.993 0.000 0.059 0.105 0.684 0.000 -0.729 0.029 0.993 0.000 0.026 0.111 
0.999 -0.027 0.038 0.002 0.773 0.000 -0.632 0.054 0.988 0.000 -0.040 -0.147 0.713 0.000 -0.701 0.022 0.771 0.000 0.209 -0.602 0.719 0.000 -0.694 0.033 0.993 0.000 0.058 0.105 0.684 0.000 -0.729 0.029 0.993 0.000 0.026 0.112 
0.999 -0.027 0.038 0.002 0.773 0.000 -0.632 0.054 0.988 0.000 -0.040 -0.147 0.713 0.000 -0.701 0.021 0.770 0.000 0.198 -0.606 0.719 0.000 -0.694 0.032 0.993 0.000 0.058 0.105 0.683 -0.000 -0.729 0.028 0.993 0.000 0.026 0.112 
0.999 -0.026 0.038 0.002 0.773 0.000 -0.632 0.053 0.988 0.000 -0.040 -0.147 0.713 0.000 -0.701 0.021 0.770 0.000 0.186 -0.611 0.719 0.000 -0.695 0.031 0.993 0.000 0.058 0.105 0.684 -0.000 -0.729 0.027 0.993 0.000 0.026 0.112 
0.999 -0.026 0.038 0.001 0.773 0.000 -0.632 0.053 0.988 0.000 -0.040 -0.147 0.713 0.000 -0.701 0.020 0.770 0.000 0.176 -0.614 0.719 0.000 -0.695 0.031 0.993 -0.000 0.058 0.104 0.683 0.000 -0.730 0.028 0.994 -0.000 0.028 0.110 
0.999 -0.026 0.038 0.001 0.773 0.000 -0.632 0.052 0.988 -0.000 -0.039 -0.147 0.714 -0.000 -0.700 0.018 0.771 0.000 0.164 -0.616 0.719 0.000 -0.695 0.031 0.993 0.000 0.058 0.104 0.683 0.000 -0.730 0.027 0.993 0.000 0.026 0.111 
0.999 -0.025 0.038 0.001 0.773 0.000 -0.632 0.052 0.988 0.000 -0.039 -0.147 0.714 -0.000 -0.700 0.017 0.771 0.000 0.153 -0.619 0.719 0.000 -0.694 0.030 0.993 0.000 0.058 0.105 0.683 0.000 -0.730 0.026 0.993 0.000 0.025 0.111 
0.999 -0.025 0.038 0.001 0.773 0.000 -0.633 0.052 0.988 0.000 -0.039 -0.147 0.715 0.000 -0.699 0.015 0.771 0.000 0.142 -0.621 0.719 0.000 -0.695 0.030 0.993 0.000 0.058 0.105 0.683 0.000 -0.730 0.026 0.993 0.000 0.026 0.111 
0.999 -0.025 0.038 0.001 0.773 -0.000 -0.632 0.051 0.988 0.000 -0.039 -0.147 0.714 0.000 -0.700 0.015 0.770 -0.000 0.130 -0.625 0.719 -0.000 -0.695 0.029 0.993 0.000 0.058 0.105 0.683 0.000 -0.730 0.026 0.993 0.000 0.025 0.112 
0.999 -0.025 0.038 0.000 0.773 0.000 -0.633 0.051 0.988 0.000 -0.038 -0.147 0.715 0.000 -0.699 0.014 0.769 0.000 0.119 -0.628 0.719 -0.000 -0.695 0.029 0.993 0.000 0.058 0.105 0.683 0.000 -0.730 0.026 0.993 0.000 0.025 0.111 
0.999 -0.024 0.038 -0.000 0.773 0.000 -0.633 0.050 0.988 0.000 -0.038 -0.146 0.715 0.000 -0.699 0.014 0.769 0.000 0.108 -0.630 0.719 0.000 -0.695 0.028 0.993 0.000 0.058 0.104 0.683 0.000 -0.730 0.026 0.993 -0.000 0.025 0.111 
0.999 -0.024 0.038 -0.001 0.773 0.000 -0.633 0.050 0.988 0.000 -0.038 -0.147 0.716 0.000 -0.698 0.014 0.769 -0.000 0.096 -0.632 0.719 0.000 -0.695 0.028 0.993 0.000 0.058 0.105 0.684 0.000 -0.729 0.026 0.994 0.000 0.025 0.111 
0.999 -0.024 0.038 -0.001 0.772 0.000 -0.633 0.050 0.989 0.000 -0.038 -0.146 0.716 0.000 -0.698 0.013 0.769 0.000 0.084 -0.634 0.719 -0.000 -0.695 0.027 0.993 0.000 0.058 0.104 0.683 0.000 -0.730 0.025 0.994 0.000 0.025 0.111 
0.999 -0.023 0.038 -0.001 0.772 0.000 -0.633 0.050 0.988 0.000 -0.037 -0.148 0.717 -0.000 -0.697 0.013 0.768 0.000 0.071 -0.636 0.719 0.000 -0.695 0.027 0.993 0.000 0.058 0.104 0.684 0.000 -0.729 0.025 0.993 0.000 0.025 0.111 
0.999 -0.023 0.038 -0.001 0.772 0.000 -0.634 0.049 0.988 -0.000 -0.037 -0.147 0.717 0.000 -0.697 0.011 0.769 0.000 0.059 -0.637 0.719 0.000 -0.695 0.026 0.993 -0.000 0.058 0.105 0.684 0.000 -0.729 0.025 0.994 0.000 0.025 0.111 
0.999 -0.023 0.038 -0.002 0.772 0.000 -0.634 0.049 0.989 0.000 -0.036 -0.147 0.718 0.000 -0.696 0.011 0.769 0.000 0.046 -0.638 0.719 0.000 -0.695 0.026 0.993 0.000 0.058 0.105 0.683 0.000 -0.730 0.025 0.994 0.000 0.025 0.111 
0.999 -0.023 0.038 -0.002 0.772 0.000 -0.633 0.049 0.989 -0.000 -0.037 -0.147 0.718 -0.000 -0.696 0.009 0.769 0.000 0.035 -0.638 0.719 0.000 -0.695 0.026 0.993 0.000 0.058 0.105 0.683 -0.000 -0.730 0.025 0.994 0.000 0.025 0.111 
0.999 -0.023 0.038 -0.002 0.772 0.000 -0.634 0.049 0.989 0.000 -0.036 -0.147 0.719 0.000 -0.695 0.010 0.767 0.000 0.022 -0.641 0.719 0.000 -0.695 0.026 0.993 0.000 0.058 0.105 0.683 0.000 -0.730 0.025 0.993 0.000 0.025 0.111 
0.999 -0.023 0.038 -0.003 0.772 0.000 -0.634 0.049 0.988 0.000 -0.036 -0.148 0.718 0.000 -0.696 0.005 0.769 0.000 0.020 -0.639 0.719 0.000 -0.695 0.026 0.993 0.000 0.058 0.105 0.683 0.000 -0.730 0.025 0.994 0.000 0.025 0.111 
0.999 -0.023 0.038 -0.003 0.772 0.000 -0.634 0.050 0.988 0.000 -0.036 -0.147 0.718 -0.000 -0.696 0.003 0.769 0.000 0.011 -0.639 0.719 0.000 -0.695 0.025 0.993 0.000 0.058 0.105 0.684 0.000 -0.730 0.025 0.994 0.000 0.024 0.111 
0.999 -0.023 0.038 -0.004 0.771 0.000 -0.634 0.049 0.988 -0.000 -0.035 -0.147 0.718 -0.000 -0.696 0.003 0.768 0.000 0.001 -0.640 0.719 0.000 -0.695 0.025 0.993 0.000 0.058 0.105 0.684 0.000 -0.729 0.025 0.994 0.000 0.025 0.111 
0.999 -0.023 0.038 -0.004 0.771 0.000 -0.634 0.050 0.988 0.000 -0.035 -0.149 0.718 -0.000 -0.696 0.001 0.768 -0.000 -0.004 -0.641 0.719 0.000 -0.695 0.025 0.993 0.000 0.058 0.105 0.684 0.000 -0.729 0.026 0.994 0.000 0.025 0.111 
0.999 -0.022 0.038 -0.005 0.771 -0.000 -0.635 0.050 0.988 0.000 -0.035 -0.148 0.718 0.000 -0.696 0.002 0.768 0.000 -0.020 -0.641 0.719 0.000 -0.695 0.024 0.993 -0.000 0.058 0.105 0.684 0.000 -0.729 0.025 0.994 0.000 0.024 0.110 
0.999 -0.022 0.037 -0.005 0.771 0.000 -0.635 0.050 0.988 0.000 -0.035 -0.148 0.720 -0.000 -0.694 0.001 0.769 0.000 -0.035 -0.639 0.719 -0.000 -0.695 0.024 0.993 0.000 0.058 0.105 0.683 0.000 -0.730 0.025 0.994 -0.000 0.025 0.111 
0.999 -0.022 0.038 -0.005 0.771 0.000 -0.635 0.050 0.988 0.000 -0.035 -0.149 0.720 0.000 -0.694 0.001 0.769 0.000 -0.046 -0.638 0.719 0.000 -0.695 0.024 0.993 0.000 0.058 0.105 0.682 -0.000 -0.731 0.026 0.994 0.000 0.028 0.110 
0.999 -0.022 0.038 -0.006 0.772 -0.000 -0.634 0.050 0.988 0.000 -0.035 -0.148 0.720 0.000 -0.694 0.001 0.769 0.000 -0.056 -0.637 0.719 0.000 -0.695 0.024 0.993 0.000 0.058 0.104 0.682 -0.000 -0.730 0.026 0.994 0.000 0.028 0.109 
0.999 -0.022 0.038 -0.006 0.771 0.000 -0.634 0.050 0.988 0.000 -0.035 -0.149 0.721 0.000 -0.693 -0.001 0.770 -0.000 -0.065 -0.635 0.719 0.000 -0.695 0.024 0.993 0.000 0.058 0.104 0.682 -0.000 -0.731 0.027 0.994 0.000 0.028 0.109 
0.999 -0.022 0.038 -0.006 0.771 0.000 -0.634 0.050 0.988 -0.000 -0.035 -0.148 0.721 0.000 -0.693 -0.003 0.770 0.000 -0.075 -0.633 0.719 0.000 -0.695 0.023 0.993 0.000 0.058 0.104 0.682 -0.000 -0.731 0.025 0.994 0.000 0.027 0.110 
0.999 -0.022 0.038 -0.006 0.771 -0.000 -0.634 0.051 0.988 0.000 -0.034 -0.149 0.721 0.000 -0.693 -0.004 0.771 0.000 -0.084 -0.631 0.719 0.000 -0.695 0.023 0.993 0.000 0.058 0.104 0.682 -0.000 -0.730 0.025 0.994 0.000 0.027 0.110 
0.999 -0.022 0.038 -0.007 0.771 0.000 -0.634 0.052 0.988 0.000 -0.035 -0.149 0.721 0.000 -0.693 -0.006 0.771 0.000 -0.093 -0.629 0.719 0.000 -0.695 0.023 0.993 0.000 0.058 0.104 0.682 0.000 -0.730 0.025 0.994 0.000 0.028 0.110 
0.999 -0.022 0.038 -0.007 0.771 0.000 -0.634 0.052 0.988 0.000 -0.034 -0.149 0.722 0.000 -0.692 -0.007 0.772 0.000 -0.103 -0.628 0.719 0.000 -0.695 0.023 0.993 0.000 0.058 0.104 0.683 0.000 -0.730 0.026 0.994 0.000 0.027 0.110 
0.999 -0.022 0.038 -0.008 0.771 0.000 -0.634 0.052 0.988 0.000 -0.034 -0.149 0.723 0.000 -0.691 -0.008 0.772 0.000 -0.112 -0.626 0.719 0.000 -0.695 0.023 0.993 0.000 0.058 0.104 0.683 0.000 -0.730 0.026 0.994 -0.000 0.027 0.110 
0.999 -0.022 0.038 -0.008 0.771 -0.000 -0.634 0.052 0.988 0.000 -0.034 -0.149 0.723 0.000 -0.690 -0.009 0.771 0.000 -0.121 -0.625 0.719 0.000 -0.695 0.023 0.993 0.000 0.058 0.104 0.682 0.000 -0.730 0.026 0.994 0.000 0.027 0.110 
0.999 -0.022 0.038 -0.009 0.771 0.000 -0.634 0.053 0.988 0.000 -0.034 -0.149 0.724 0.000 -0.690 -0.010 0.772 -0.000 -0.131 -0.622 0.719 0.000 -0.695 0.022 0.993 0.000 0.058 0.104 0.682 0.000 -0.730 0.026 0.994 0.000 0.027 0.110 
0.999 -0.022 0.037 -0.009 0.771 0.000 -0.634 0.053 0.988 0.000 -0.034 -0.148 0.723 0.000 -0.691 -0.011 0.772 0.000 -0.137 -0.620 0.719 0.000 -0.695 0.022 0.993 0.000 0.058 0.104 0.682 0.000 -0.730 0.026 0.994 0.000 0.027 0.110 
0.999 -0.021 0.037 -0.009 0.771 0.000 -0.634 0.053 0.988 -0.000 -0.034 -0.148 0.723 0.000 -0.691 -0.012 0.772 0.000 -0.145 -0.618 0.719 0.000 -0.695 0.022 0.993 0.000 0.058 0.104 0.683 0.000 -0.730 0.026 0.994 0.000 0.027 0.110 
0.999 -0.022 0.037 -0.009 0.771 0.000 -0.634 0.053 0.989 0.000 -0.034 -0.147 0.723 0.000 -0.691 -0.014 0.773 0.000 -0.153 -0.615 0.719 -0.000 -0.695 0.022 0.993 0.000 0.058 0.103 0.683 0.000 -0.730 0.026 0.994 0.000 0.027 0.110 
0.999 -0.022 0.037 -0.010 0.771 0.000 -0.634 0.053 0.989 0.000 -0.034 -0.146 0.722 0.000 -0.691 -0.014 0.774 0.000 -0.163 -0.612 0.719 0.000 -0.695 0.022 0.993 0.000 0.058 0.103 0.683 0.000 -0.730 0.026 0.994 0.000 0.027 0.110 
0.999 -0.021 0.037 -0.010 0.771 -0.000 -0.634 0.054 0.989 0.000 -0.034 -0.147 0.722 -0.000 -0.691 -0.015 0.774 0.000 -0.171 -0.609 0.719 0.000 -0.695 0.022 0.993 0.000 0.058 0.103 0.683 0.000 -0.730 0.026 0.994 0.000 0.027 0.110 
0.999 -0.021 0.037 -0.010 0.771 0.000 -0.634 0.054 0.989 0.000 -0.033 -0.146 0.723 0.000 -0.691 -0.016 0.775 0.000 -0.180 -0.606 0.719 -0.000 -0.695 0.022 0.993 0.000 0.058 0.104 0.683 0.000 -0.730 0.026 0.994 0.000 0.027 0.110 
0.999 -0.021 0.037 -0.011 0.771 0.000 -0.634 0.054 0.989 0.000 -0.033 -0.146 0.722 0.000 -0.691 -0.018 0.776 0.000 -0.187 -0.602 0.719 0.000 -0.695 0.022 0.993 0.000 0.058 0.104 0.683 0.000 -0.730 0.026 0.994 0.000 0.027 0.111 
0.999 -0.021 0.037 -0.011 0.771 -0.000 -0.634 0.054 0.989 0.000 -0.033 -0.145 0.722 -0.000 -0.691 -0.019 0.777 0.000 -0.197 -0.598 0.719 -0.000 -0.695 0.021 0.993 0.000 0.058 0.103 0.683 0.000 -0.730 0.026 0.994 0.000 0.027 0.110 
0.999 -0.021 0.037 -0.011 0.772 0.000 -0.634 0.054 0.989 0.000 -0.033 -0.144 0.722 0.000 -0.691 -0.020 0.777 0.000 -0.204 -0.595 0.719 0.000 -0.695 0.021 0.993 0.000 0.058 0.104 0.683 -0.000 -0.730 0.026 0.994 0.000 0.026 0.110 
0.999 -0.021 0.037 -0.011 0.772 0.000 -0.634 0.054 0.989 0.000 -0.033 -0.144 0.723 0.000 -0.691 -0.022 0.778 0.000 -0.212 -0.592 0.719 0.000 -0.695 0.021 0.993 0.000 0.058 0.104 0.683 0.000 -0.730 0.026 0.994 0.000 0.027 0.110 
0.999 -0.021 0.037 -0.011 0.772 0.000 -0.634 0.055 0.989 -0.000 -0.033 -0.144 0.723 0.000 -0.690 -0.025 0.779 0.000 -0.221 -0.587 0.719 0.000 -0.695 0.021 0.993 0.000 0.058 0.104 0.683 0.000 -0.730 0.026 0.994 0.000 0.027 0.110 
0.999 -0.021 0.037 -0.011 0.772 0.000 -0.633 0.054 0.989 0.000 -0.033 -0.143 0.723 0.000 -0.690 -0.027 0.779 0.000 -0.228 -0.584 0.719 0.000 -0.695 0.021 0.993 0.000 0.058 0.104 0.683 0.000 -0.730 0.026 0.994 0.000 0.026 0.111 
0.999 -0.021 0.037 -0.011 0.772 -0.000 -0.634 0.055 0.989 -0.000 -0.033 -0.143 0.724 0.000 -0.690 -0.029 0.780 -0.000 -0.237 -0.580 0.719 0.000 -0.695 0.021 0.993 0.000 0.058 0.104 0.683 0.000 -0.730 0.026 0.994 0.000 0.026 0.111 
0.999 -0.021 0.037 -0.011 0.771 0.000 -0.634 0.055 0.989 0.000 -0.032 -0.142 0.723 0.000 -0.690 -0.031 0.780 0.000 -0.242 -0.577 0.719 0.000 -0.695 0.021 0.993 0.000 0.058 0.104 0.683 0.000 -0.730 0.026 0.994 0.000 0.026 0.111 
0.999 -0.021 0.037 -0.011 0.772 0.000 -0.633 0.055 0.989 0.000 -0.032 -0.142 0.723 0.000 -0.690 -0.035 0.781 0.000 -0.250 -0.573 0.719 -0.000 -0.695 0.021 0.993 0.000 0.058 0.104 0.683 0.000 -0.730 0.025 0.993 0.000 0.026 0.111 
0.999 -0.021 0.037 -0.011 0.771 0.000 -0.634 0.055 0.989 -0.000 -0.032 -0.142 0.723 0.000 -0.689 -0.037 0.781 0.000 -0.259 -0.568 0.719 -0.000 -0.695 0.020 0.993 0.000 0.058 0.104 0.683 -0.000 -0.730 0.025 0.994 0.000 0.026 0.111 
0.999 -0.021 0.037 -0.011 0.771 0.000 -0.634 0.056 0.989 0.000 -0.032 -0.142 0.724 0.000 -0.689 -0.040 0.781 0.000 -0.268 -0.564 0.719 0.000 -0.695 0.020 0.993 0.000 0.058 0.104 0.683 0.000 -0.730 0.025 0.994 -0.000 0.026 0.111 
0.999 -0.021 0.037 -0.011 0.771 0.000 -0.634 0.056 0.989 -0.000 -0.032 -0.141 0.725 0.000 -0.687 -0.044 0.782 0.000 -0.278 -0.558 0.719 0.000 -0.695 0.020 0.993 0.000 0.058 0.104 0.683 -0.000 -0.730 0.025 0.994 0.000 0.026 0.111 
0.999 -0.021 0.037 -0.011 0.771 0.000 -0.634 0.056 0.989 0.000 -0.031 -0.141 0.726 0.000 -0.686 -0.047 0.782 0.000 -0.287 -0.553 0.719 0.000 -0.695 0.021 0.993 0.000 0.058 0.104 0.683 0.000 -0.730 0.025 0.994 0.000 0.026 0.111 
0.999 -0.020 0.036 -0.010 0.772 0.000 -0.634 0.056 0.989 -0.000 -0.032 -0.141 0.726 -0.000 -0.686 -0.050 0.782 0.000 -0.297 -0.548 0.719 0.000 -0.695 0.020 0.993 0.000 0.058 0.104 0.683 -0.000 -0.730 0.024 0.994 0.000 0.026 0.111 
0.999 -0.020 0.036 -0.010 0.771 0.000 -0.634 0.057 0.989 0.000 -0.031 -0.142 0.727 0.000 -0.685 -0.053 0.782 -0.000 -0.305 -0.543 0.719 0.000 -0.695 0.020 0.993 0.000 0.058 0.104 0.683 0.000 -0.730 0.024 0.993 0.000 0.026 0.111 
0.999 -0.020 0.037 -0.010 0.772 0.000 -0.634 0.056 0.989 0.000 -0.032 -0.141 0.727 0.000 -0.684 -0.057 0.783 -0.000 -0.314 -0.537 0.719 0.000 -0.695 0.020 0.993 0.000 0.058 0.104 0.683 0.000 -0.730 0.024 0.993 0.000 0.026 0.111 
0.999 -0.020 0.036 -0.010 0.772 0.000 -0.634 0.057 0.989 0.000 -0.032 -0.141 0.727 0.000 -0.684 -0.060 0.783 0.000 -0.323 -0.532 0.718 0.000 -0.695 0.020 0.993 0.000 0.058 0.104 0.683 0.000 -0.730 0.024 0.994 0.000 0.026 0.111 
0.999 -0.020 0.036 -0.011 0.771 0.000 -0.634 0.057 0.989 0.000 -0.031 -0.141 0.728 0.000 -0.683 -0.063 0.783 -0.000 -0.329 -0.527 0.718 0.000 -0.695 0.020 0.993 0.000 0.059 0.104 0.683 0.000 -0.730 0.026 0.994 0.000 0.027 0.110 
0.999 -0.020 0.037 -0.010 0.771 0.000 -0.634 0.057 0.989 -0.000 -0.031 -0.142 0.728 0.000 -0.682 -0.068 0.784 0.000 -0.337 -0.522 0.719 0.000 -0.695 0.020 0.993 0.000 0.058 0.104 0.683 0.000 -0.730 0.024 0.994 0.000 0.026 0.111 
0.999 -0.020 0.037 -0.010 0.771 -0.000 -0.634 0.057 0.989 0.000 -0.031 -0.142 0.729 0.000 -0.681 -0.072 0.784 0.000 -0.345 -0.517 0.719 0.000 -0.695 0.019 0.993 0.000 0.058 0.104 0.683 0.000 -0.730 0.023 0.994 0.000 0.026 0.111 
0.999 -0.020 0.037 -0.010 0.772 0.000 -0.633 0.056 0.989 -0.000 -0.032 -0.141 0.729 0.000 -0.680 -0.076 0.784 0.000 -0.354 -0.511 0.719 0.000 -0.695 0.019 0.993 0.000 0.058 0.104 0.683 -0.000 -0.730 0.023 0.993 0.000 0.026 0.111 
0.999 -0.019 0.037 -0.010 0.772 0.000 -0.634 0.056 0.990 0.000 -0.031 -0.141 0.729 0.000 -0.679 -0.079 0.784 0.000 -0.361 -0.505 0.719 0.000 -0.695 0.019 0.993 0.000 0.058 0.104 0.683 0.000 -0.730 0.022 0.994 0.000 0.026 0.111 
0.999 -0.019 0.037 -0.009 0.771 0.000 -0.634 0.056 0.989 -0.000 -0.031 -0.142 0.730 -0.000 -0.679 -0.084 0.784 0.000 -0.368 -0.500 0.719 -0.000 -0.695 0.018 0.993 -0.000 0.058 0.104 0.683 0.000 -0.730 0.022 0.993 0.000 0.026 0.111 
0.999 -0.018 0.037 -0.009 0.771 0.000 -0.634 0.055 0.990 0.000 -0.031 -0.141 0.730 0.000 -0.678 -0.086 0.784 0.000 -0.376 -0.494 0.719 0.000 -0.695 0.018 0.993 0.000 0.058 0.104 0.683 0.000 -0.730 0.021 0.993 -0.000 0.026 0.111 
0.999 -0.018 0.037 -0.009 0.771 0.000 -0.634 0.055 0.989 0.000 -0.030 -0.142 0.730 0.000 -0.677 -0.091 0.784 -0.000 -0.383 -0.488 0.719 0.000 -0.695 0.017 0.993 0.000 0.058 0.104 0.683 0.000 -0.730 0.020 0.993 0.000 0.026 0.111 
0.999 -0.018 0.037 -0.009 0.771 0.000 -0.634 0.054 0.989 0.000 -0.030 -0.141 0.730 0.000 -0.677 -0.094 0.784 0.000 -0.390 -0.483 0.719 0.000 -0.695 0.017 0.993 0.000 0.058 0.104 0.683 -0.000 -0.730 0.020 0.993 -0.000 0.026 0.111 
0.999 -0.018 0.037 -0.009 0.771 0.000 -0.634 0.054 0.989 0.000 -0.030 -0.141 0.731 0.000 -0.676 -0.098 0.784 0.000 -0.396 -0.477 0.719 0.000 -0.695 0.017 0.993 0.000 0.058 0.104 0.683 0.000 -0.730 0.020 0.993 0.000 0.026 0.111 
0.999 -0.017 0.037 -0.009 0.771 0.000 -0.635 0.053 0.989 0.000 -0.030 -0.142 0.731 0.000 -0.675 -0.101 0.785 0.000 -0.402 -0.472 0.719 0.000 -0.695 0.016 0.993 0.000 0.058 0.104 0.683 0.000 -0.731 0.019 0.993 0.000 0.026 0.111 
0.999 -0.017 0.037 -0.009 0.771 0.000 -0.635 0.053 0.989 -0.000 -0.030 -0.142 0.731 -0.000 -0.675 -0.104 0.785 0.000 -0.408 -0.467 0.719 0.000 -0.695 0.016 0.993 0.000 0.058 0.104 0.683 0.000 -0.731 0.019 0.993 0.000 0.026 0.111 
0.999 -0.016 0.036 -0.007 0.771 0.000 -0.635 0.052 0.989 0.000 -0.030 -0.142 0.731 0.000 -0.674 -0.108 0.785 0.000 -0.414 -0.461 0.718 0.000 -0.695 0.015 0.993 0.000 0.057 0.105 0.683 0.000 -0.730 0.016 0.993 0.000 0.026 0.112 
0.999 -0.017 0.037 -0.009 0.771 0.000 -0.634 0.051 0.989 0.000 -0.030 -0.142 0.730 0.000 -0.675 -0.109 0.785 0.000 -0.419 -0.456 0.719 -0.000 -0.695 0.015 0.993 0.000 0.058 0.104 0.683 0.000 -0.730 0.018 0.993 0.000 0.025 0.111 
0.999 -0.016 0.037 -0.009 0.771 0.000 -0.635 0.051 0.989 0.000 -0.030 -0.142 0.730 -0.000 -0.674 -0.112 0.785 -0.000 -0.424 -0.451 0.719 0.000 -0.695 0.014 0.993 0.000 0.058 0.104 0.683 0.000 -0.731 0.017 0.993 0.000 0.025 0.111 
0.999 -0.015 0.037 -0.008 0.771 0.000 -0.635 0.049 0.989 0.000 -0.029 -0.142 0.730 0.000 -0.674 -0.115 0.786 0.000 -0.430 -0.445 0.718 0.000 -0.696 0.013 0.993 0.000 0.057 0.105 0.683 0.000 -0.730 0.014 0.993 0.000 0.025 0.112 
0.999 -0.015 0.037 -0.008 0.770 0.000 -0.636 0.049 0.989 0.000 -0.029 -0.143 0.730 0.000 -0.673 -0.117 0.785 -0.000 -0.435 -0.441 0.718 0.000 -0.695 0.013 0.993 0.000 0.057 0.105 0.683 0.000 -0.731 0.014 0.993 0.000 0.026 0.112 
0.999 -0.015 0.037 -0.008 0.771 0.000 -0.636 0.048 0.989 0.000 -0.029 -0.143 0.730 -0.000 -0.673 -0.120 0.785 0.000 -0.439 -0.436 0.719 0.000 -0.695 0.012 0.993 0.000 0.057 0.105 0.682 0.000 -0.731 0.013 0.993 0.000 0.025 0.113 
0.999 -0.015 0.037 -0.009 0.771 0.000 -0.635 0.048 0.989 0.000 -0.029 -0.143 0.730 0.000 -0.672 -0.121 0.785 -0.000 -0.443 -0.432 0.719 0.000 -0.695 0.012 0.993 0.000 0.057 0.105 0.683 0.000 -0.731 0.015 0.993 0.000 0.025 0.111 
0.999 -0.015 0.037 -0.009 0.771 0.000 -0.635 0.047 0.989 0.000 -0.029 -0.144 0.730 0.000 -0.673 -0.123 0.786 0.000 -0.446 -0.428 0.719 0.000 -0.695 0.012 0.993 0.000 0.057 0.105 0.682 0.000 -0.731 0.015 0.993 0.000 0.025 0.111 
0.999 -0.015 0.037 -0.009 0.771 0.000 -0.635 0.046 0.989 0.000 -0.029 -0.144 0.730 -0.000 -0.672 -0.125 0.786 0.000 -0.451 -0.424 0.719 0.000 -0.695 0.012 0.993 0.000 0.057 0.105 0.682 0.000 -0.731 0.014 0.993 0.000 0.025 0.112 
0.999 -0.014 0.038 -0.010 0.771 0.000 -0.635 0.045 0.989 0.000 -0.029 -0.145 0.730 0.000 -0.672 -0.127 0.786 0.000 -0.453 -0.421 0.719 -0.000 -0.695 0.011 0.993 0.000 0.057 0.105 0.682 0.000 -0.731 0.014 0.993 0.000 0.025 0.111 
0.999 -0.014 0.037 -0.008 0.771 0.000 -0.636 0.044 0.989 0.000 -0.029 -0.145 0.730 0.000 -0.671 -0.129 0.786 0.000 -0.457 -0.416 0.719 0.000 -0.695 0.010 0.993 0.000 0.057 0.105 0.682 0.000 -0.731 0.011 0.993 0.000 0.025 0.113 
0.999 -0.013 0.037 -0.008 0.770 0.000 -0.636 0.044 0.989 0.000 -0.029 -0.146 0.730 -0.000 -0.671 -0.129 0.787 0.000 -0.458 -0.413 0.719 0.000 -0.695 0.010 0.993 0.000 0.057 0.105 0.682 0.000 -0.731 0.011 0.993 0.000 0.025 0.113 
0.999 -0.013 0.037 -0.008 0.770 0.000 -0.636 0.044 0.989 0.000 -0.029 -0.146 0.730 0.000 -0.671 -0.130 0.788 -0.000 -0.459 -0.410 0.719 -0.000 -0.695 0.010 0.993 0.000 0.057 0.105 0.682 0.000 -0.731 0.011 0.993 0.000 0.025 0.113 
0.999 -0.013 0.037 -0.008 0.771 0.000 -0.636 0.043 0.989 0.000 -0.029 -0.146 0.730 0.000 -0.671 -0.131 0.789 0.000 -0.459 -0.408 0.719 0.000 -0.695 0.010 0.993 0.000 0.057 0.105 0.682 0.000 -0.731 0.011 0.993 0.000 0.025 0.113 
0.999 -0.013 0.037 -0.008 0.771 0.000 -0.636 0.042 0.989 0.000 -0.030 -0.147 0.730 0.000 -0.671 -0.132 0.789 0.000 -0.459 -0.408 0.719 0.000 -0.695 0.010 0.993 0.000 0.057 0.105 0.682 0.000 -0.731 0.011 0.993 0.000 0.025 0.113 
0.999 -0.013 0.037 -0.009 0.770 -0.000 -0.636 0.042 0.989 0.000 -0.029 -0.148 0.730 -0.000 -0.670 -0.133 0.789 -0.000 -0.460 -0.407 0.719 0.000 -0.695 0.010 0.993 0.000 0.057 0.104 0.682 0.000 -0.731 0.010 0.993 0.000 0.025 0.113 
0.999 -0.013 0.037 -0.008 0.770 0.000 -0.636 0.041 0.989 0.000 -0.029 -0.148 0.730 0.000 -0.671 -0.131 0.789 -0.000 -0.460 -0.407 0.719 -0.000 -0.695 0.010 0.993 0.000 0.057 0.104 0.683 0.000 -0.731 0.010 0.993 0.000 0.025 0.113 
0.999 -0.014 0.037 -0.010 0.770 0.000 -0.636 0.042 0.988 0.000 -0.030 -0.149 0.731 0.000 -0.670 -0.131 0.789 0.000 -0.459 -0.408 0.719 -0.000 -0.695 0.010 0.993 0.000 0.057 0.104 0.682 0.000 -0.731 0.013 0.993 0.000 0.025 0.112 
0.999 -0.014 0.037 -0.010 0.770 0.000 -0.636 0.041 0.988 0.000 -0.030 -0.149 0.731 0.000 -0.670 -0.132 0.789 -0.000 -0.460 -0.408 0.719 0.000 -0.695 0.010 0.993 0.000 0.057 0.104 0.682 0.000 -0.731 0.013 0.993 0.000 0.024 0.112 
0.999 -0.014 0.037 -0.010 0.770 0.000 -0.637 0.041 0.988 0.000 -0.030 -0.150 0.731 0.000 -0.669 -0.132 0.788 0.000 -0.460 -0.409 0.719 0.000 -0.695 0.010 0.993 0.000 0.057 0.104 0.683 0.000 -0.731 0.013 0.993 0.000 0.024 0.112 
0.999 -0.014 0.037 -0.010 0.770 0.000 -0.637 0.042 0.988 0.000 -0.030 -0.151 0.731 -0.000 -0.669 -0.132 0.788 0.000 -0.459 -0.409 0.719 -0.000 -0.695 0.010 0.993 0.000 0.057 0.104 0.683 0.000 -0.731 0.013 0.993 0.000 0.025 0.112 
0.999 -0.014 0.037 -0.010 0.770 -0.000 -0.637 0.042 0.988 0.000 -0.031 -0.151 0.732 0.000 -0.668 -0.133 0.788 0.000 -0.459 -0.410 0.719 0.000 -0.695 0.011 0.993 0.000 0.057 0.104 0.683 0.000 -0.731 0.013 0.993 0.000 0.025 0.112 
0.999 -0.014 0.037 -0.010 0.770 0.000 -0.637 0.042 0.988 0.000 -0.031 -0.151 0.732 0.000 -0.668 -0.134 0.788 0.000 -0.458 -0.410 0.719 -0.000 -0.695 0.011 0.993 0.000 0.057 0.104 0.683 0.000 -0.731 0.013 0.993 0.000 0.025 0.112 
0.999 -0.014 0.037 -0.011 0.770 0.000 -0.637 0.042 0.988 0.000 -0.031 -0.152 0.732 0.000 -0.668 -0.134 0.788 -0.000 -0.458 -0.411 0.719 0.000 -0.695 0.011 0.993 0.000 0.057 0.104 0.683 0.000 -0.731 0.014 0.993 0.000 0.025 0.112 
0.999 -0.014 0.037 -0.011 0.770 0.000 -0.637 0.042 0.988 0.000 -0.031 -0.152 0.732 0.000 -0.668 -0.134 0.788 0.000 -0.458 -0.411 0.719 0.000 -0.695 0.011 0.993 0.000 0.057 0.104 0.683 0.000 -0.731 0.014 0.993 0.000 0.025 0.111 
0.999 -0.015 0.037 -0.011 0.770 0.000 -0.636 0.042 0.988 0.000 -0.032 -0.152 0.732 0.000 -0.668 -0.134 0.788 0.000 -0.458 -0.411 0.719 0.000 -0.695 0.012 0.993 0.000 0.057 0.103 0.683 -0.000 -0.731 0.014 0.993 0.000 0.025 0.111 
0.999 -0.015 0.037 -0.011 0.770 0.000 -0.637 0.042 0.988 -0.000 -0.031 -0.153 0.732 -0.000 -0.668 -0.135 0.789 0.000 -0.457 -0.411 0.719 0.000 -0.695 0.012 0.993 0.000 0.057 0.103 0.683 0.000 -0.731 0.014 0.993 0.000 0.025 0.111 
0.999 -0.015 0.037 -0.011 0.770 0.000 -0.637 0.041 0.988 0.000 -0.031 -0.153 0.732 0.000 -0.668 -0.134 0.789 0.000 -0.457 -0.411 0.719 0.000 -0.695 0.012 0.993 0.000 0.057 0.103 0.683 0.000 -0.731 0.015 0.993 0.000 0.025 0.111 
0.999 -0.015 0.037 -0.011 0.770 0.000 -0.636 0.041 0.988 -0.000 -0.032 -0.153 0.731 0.000 -0.669 -0.134 0.788 0.000 -0.457 -0.411 0.719 0.000 -0.695 0.012 0.993 0.000 0.057 0.103 0.683 0.000 -0.731 0.015 0.993 0.000 0.025 0.111 
0.999 -0.015 0.037 -0.011 0.770 0.000 -0.637 0.041 0.988 0.000 -0.031 -0.153 0.731 0.000 -0.669 -0.133 0.789 0.000 -0.456 -0.412 0.719 0.000 -0.695 0.012 0.993 0.000 0.057 0.103 0.683 0.000 -0.731 0.015 0.993 0.000 0.025 0.111 
0.999 -0.015 0.037 -0.011 0.770 0.000 -0.637 0.041 0.988 -0.000 -0.031 -0.152 0.731 0.000 -0.669 -0.133 0.789 0.000 -0.456 -0.412 0.719 0.000 -0.695 0.012 0.993 0.000 0.057 0.103 0.683 0.000 -0.731 0.015 0.993 0.000 0.025 0.111 
